116.303 39.937
116.303 39.937
116.303 39.937
116.304 39.932
116.304 39.932
116.304 39.9161
116.304 39.9149
116.304 39.9081
116.304 39.9081
116.304 39.8945
116.304 39.8934
116.29 39.879
116.29 39.8783
116.308 39.8849
116.309 39.8851
116.309 39.8851
116.309 39.8851
116.309 39.8852
116.309 39.8852
116.305 39.8808
116.305 39.8808
116.305 39.881
116.305 39.881
116.305 39.8825
116.305 39.8826
116.306 39.8833
116.306 39.8837
116.306 39.8685
116.304 39.8671
116.288 39.8564
116.288 39.8564
116.283 39.8477
116.282 39.8473
116.277 39.8594
116.276 39.8691
116.276 39.8691
116.275 39.8691
116.289 39.8772
116.305 39.8872
116.305 39.9085
116.316 39.9222
116.316 39.9222
116.336 39.9219
116.336 39.9219
116.338 39.922
116.338 39.922
116.338 39.9295
116.338 39.9298
116.32 39.9312
116.32 39.9312
116.296 39.9311
116.296 39.9311
116.299 39.9393
116.32 39.9373
116.344 39.9384
116.345 39.9386
116.338 39.9456
116.338 39.9462
116.345 39.939
116.344 39.9389
116.345 39.9422
116.345 39.9427
116.344 39.9431
116.344 39.9431
116.328 39.937
116.282 39.9414
116.282 39.941
116.292 39.9449
116.299 39.9426
116.299 39.9426
116.299 39.9425
116.304 39.9331
116.306 39.9287
116.313 39.9268
116.313 39.9268
116.304 39.9361
116.312 39.938
116.345 39.9386
116.348 39.9389
116.35 39.9387
116.35 39.9387
116.35 39.9445
116.316 39.9911
116.31 39.9859
116.31 39.9851
116.31 39.9833
116.311 39.9762
116.311 39.975
116.323 39.9659
116.323 39.9659
116.322 39.9661
116.316 39.966
116.312 39.9743
116.306 39.9746
116.3 39.9808
116.302 39.9799
116.311 39.9746
116.316 39.9748
116.319 39.9749
116.327 39.9752
116.327 39.9819
116.348 39.9854
116.358 39.9857
116.398 39.9869
116.429 39.9877
116.44 39.9905
116.453 40.007
116.453 40.007
116.46 40.0102
116.461 40.0057
116.462 40.0003
116.476 40.0005
116.473 40.0008
116.462 39.9971
116.462 39.9893
116.452 39.9834
116.449 39.9802
116.449 39.9802
116.446 39.9768
116.435 39.966
116.428 39.9685
116.417 39.9681
116.415 39.9681
116.412 39.9711
116.411 39.9806
116.411 39.991
116.417 39.9922
116.417 39.9923
116.406 39.9937
116.401 39.9922
116.401 39.9916
116.392 39.9869
116.382 39.9867
116.351 39.9858
116.328 39.9851
116.331 39.9913
116.331 39.9981
116.325 40.0102
116.325 40.0102
116.322 40.0108
116.331 40.0055
116.329 39.9956
116.32 39.9913
116.31 39.9909
116.304 39.9841
116.28 39.9746
116.269 39.9502
116.263 39.9458
116.242 39.9462
116.227 39.9537
116.208 39.9548
116.199 39.906
116.208 39.9025
116.215 39.9026
116.232 39.9026
116.247 39.9027
116.258 39.9062
116.265 39.9062
116.269 39.9219
116.268 39.9394
116.272 39.9601
116.278 39.9602
116.282 39.9584
116.282 39.9567
116.291 39.9574
116.301 39.9606
116.308 39.963
116.328 39.9664
116.329 39.9751
116.343 39.975
116.345 39.972
116.342 39.9751
116.353 39.9752
116.374 39.9753
116.374 39.9754
116.382 39.9717
116.382 39.9685
116.354 39.9665
116.347 39.9616
116.347 39.9616
116.339 39.9547
116.34 39.9557
116.34 39.956
116.346 39.9413
116.34 39.9372
116.345 39.9385
116.349 39.9328
116.35 39.9277
116.35 39.9111
116.35 39.9074
116.355 39.8979
116.357 39.893
116.357 39.8854
116.357 39.8894
116.353 39.8882
116.339 39.8884
116.339 39.8884
116.335 39.8936
116.336 39.894
116.319 39.896
116.315 39.8961
116.315 39.9014
116.315 39.9057
116.315 39.9057
116.327 39.906
116.335 39.9127
116.344 39.9126
116.35 39.9126
116.351 39.9087
116.35 39.9169
116.35 39.9422
116.371 39.9473
116.374 39.9677
116.373 39.9836
116.374 39.9952
116.378 39.9964
116.381 39.9829
116.381 39.9829
116.381 39.9829
116.381 39.9829
116.381 39.9829
116.381 39.9829
116.381 39.9813
116.378 39.9755
116.375 39.9716
116.356 39.9664
116.317 39.9659
116.303 39.9501
116.296 39.9317
116.306 39.9398
116.324 39.937
116.349 39.939
116.359 39.9448
116.393 39.9475
116.402 39.9561
116.408 39.948
116.388 39.9476
116.388 39.941
116.394 39.9475
116.397 39.9475
116.409 39.9625
116.409 39.9625
116.401 39.9932
116.406 40.0056
116.406 40.0062
116.353 39.9355
116.353 39.9355
116.353 39.9355
116.353 39.9355
116.353 39.9352
116.35 39.8993
116.35 39.8993
116.33 39.8873
116.328 39.8869
116.351 39.888
116.357 39.9005
116.357 39.9005
116.357 39.9044
116.37 39.9076
116.368 39.9083
116.367 39.9325
116.374 39.9605
116.374 39.9658
116.412 39.968
116.411 39.9934
116.411 39.9968
116.411 39.9944
116.401 39.9742
116.394 39.9477
116.366 39.9393
116.365 39.954
116.355 39.9509
116.352 39.95
116.353 39.9391
116.352 39.9392
116.352 39.9392
116.351 39.939
116.355 39.9354
116.355 39.9354
116.355 39.9354
116.355 39.9354
116.355 39.9354
116.355 39.9354
116.355 39.9354
116.355 39.9354
116.355 39.9354
116.355 39.9354
116.355 39.9354
116.355 39.9354
116.355 39.9354
116.355 39.9354
116.355 39.9354
116.355 39.9354
116.355 39.9354
116.355 39.9354
116.355 39.9354
116.355 39.9354
116.355 39.9354
116.355 39.9354
116.355 39.9354
116.355 39.9354
116.355 39.9354
116.355 39.9354
116.355 39.9354
116.355 39.9353
116.355 39.9353
116.355 39.9353
116.355 39.9353
116.355 39.9354
116.355 39.9354
116.355 39.9354
116.355 39.9354
116.355 39.9354
116.355 39.9354
116.355 39.9354
116.355 39.9354
116.355 39.9354
116.355 39.9354
116.355 39.9354
116.355 39.9354
116.355 39.9354
116.355 39.9354
116.355 39.9354
116.355 39.9354
116.355 39.9354
116.355 39.9354
116.355 39.9354
116.355 39.9354
116.355 39.9354
116.355 39.9354
116.355 39.9354
116.355 39.9354
116.355 39.9354
116.355 39.9354
116.355 39.9354
116.355 39.9354
116.355 39.9354
116.355 39.9354
116.355 39.9354
116.355 39.9354
116.355 39.9354
116.355 39.9354
116.355 39.9354
116.355 39.9354
116.355 39.9354
116.355 39.9354
116.355 39.9354
116.355 39.9354
116.355 39.9354
116.355 39.9354
116.355 39.9354
116.355 39.9354
116.358 39.9353
116.358 39.9353
116.353 39.935
116.345 39.9412
116.338 39.9332
116.32 39.9364
116.323 39.9368
116.323 39.9368
116.335 39.9368
116.347 39.9387
116.353 39.9343
116.35 39.9399
116.346 39.9393
116.346 39.9405
116.336 39.9455
116.33 39.9509
116.322 39.9505
116.317 39.9553
116.315 39.9652
116.316 39.9612
116.31 39.9503
116.309 39.9466
116.312 39.9742
116.309 39.9747
116.301 39.9657
116.301 39.965
116.301 39.965
116.303 39.9553
116.303 39.947
116.304 39.9267
116.304 39.9215
116.304 39.9162
116.306 39.9269
116.314 39.9268
116.324 39.9268
116.328 39.9269
116.328 39.922
116.332 39.9127
116.333 39.9128
116.336 39.9127
116.329 39.9127
116.334 39.9061
116.341 39.9059
116.35 39.9011
116.351 39.9006
116.351 39.9063
116.351 39.9121
116.347 39.9225
116.334 39.9221
116.328 39.9292
116.32 39.9312
116.315 39.9311
116.314 39.937
116.304 39.9342
116.3 39.9312
116.298 39.9358
116.304 39.9396
116.304 39.9318
116.304 39.9238
116.304 39.9142
116.304 39.9029
116.304 39.8826
116.304 39.8832
116.316 39.8882
116.334 39.8885
116.342 39.888
116.347 39.888
116.347 39.888
116.344 39.8885
116.322 39.8959
116.309 39.8958
116.211 39.8428
116.205 39.8155
116.189 39.7864
116.161 39.7772
116.139 39.7563
116.136 39.7446
116.12 39.7326
116.117 39.7302
116.078 39.7165
116.04 39.7113
116.016 39.7058
115.99 39.698
115.983 39.6951
115.974 39.6843
115.943 39.679
115.941 39.6779
115.931 39.6562
115.919 39.6339
115.903 39.6148
115.903 39.6148
115.904 39.6076
115.913 39.6094
115.913 39.6094
115.913 39.6094
115.915 39.6092
115.915 39.6067
115.957 39.6017
115.973 39.5999
116.022 39.6003
116.022 39.6003
116.053 39.628
116.064 39.6354
116.077 39.6671
116.085 39.6808
116.113 39.7376
116.129 39.7483
116.185 39.7841
116.195 39.7979
116.206 39.8396
116.204 39.8427
116.225 39.8475
116.228 39.8489
116.242 39.858
116.242 39.858
116.242 39.858
116.242 39.858
116.242 39.858
116.242 39.858
116.248 39.8584
116.252 39.8595
116.259 39.8663
116.259 39.8663
116.259 39.8663
116.259 39.8663
116.261 39.8645
116.272 39.8715
116.275 39.8724
116.29 39.8775
116.295 39.879
116.305 39.8778
116.317 39.8504
116.32 39.8467
116.31 39.8468
116.31 39.8468
116.312 39.8469
116.322 39.8477
116.334 39.8476
116.369 39.8556
116.37 39.8556
116.371 39.8492
116.373 39.8456
116.372 39.8409
116.372 39.8409
116.372 39.8409
116.372 39.8409
116.372 39.8396
116.372 39.8396
116.372 39.8396
116.372 39.8396
116.374 39.8388
116.374 39.8388
116.374 39.8388
116.374 39.8388
116.374 39.8388
116.374 39.8388
116.375 39.8381
116.379 39.837
116.379 39.8361
116.379 39.8361
116.379 39.8361
116.379 39.8361
116.379 39.8361
116.379 39.8361
116.379 39.8361
116.379 39.8361
116.379 39.8361
116.379 39.8361
116.379 39.8361
116.379 39.8361
116.379 39.8361
116.379 39.8361
116.379 39.8361
116.379 39.8361
116.379 39.8361
116.379 39.8361
116.379 39.8361
116.379 39.8361
116.379 39.8372
116.375 39.8383
116.378 39.8484
116.38 39.8479
116.381 39.8536
116.381 39.8539
116.368 39.8558
116.358 39.8535
116.34 39.8923
116.342 39.89
116.332 39.8886
116.318 39.8888
116.315 39.8913
116.315 39.8913
116.315 39.8897
116.314 39.8876
116.312 39.8867
116.305 39.8837
116.29 39.8781
116.3 39.8811
116.302 39.8774
116.306 39.8691
116.316 39.8666
116.334 39.8666
116.341 39.8571
116.344 39.8565
116.343 39.8577
116.348 39.8666
116.355 39.8652
116.367 39.8686
116.368 39.8764
116.365 39.8778
116.365 39.8803
116.367 39.877
116.365 39.8687
116.342 39.864
116.342 39.864
116.34 39.8505
116.327 39.8472
116.322 39.8464
116.313 39.8504
116.312 39.8517
116.315 39.85
116.315 39.85
116.315 39.85
116.315 39.85
116.315 39.85
116.315 39.85
116.315 39.85
116.315 39.85
116.315 39.85
116.315 39.847
116.324 39.8471
116.346 39.85
116.353 39.8502
116.359 39.8558
116.359 39.8596
116.367 39.8686
116.368 39.8686
116.359 39.8691
116.348 39.8695
116.348 39.8734
116.344 39.875
116.341 39.8811
116.341 39.888
116.339 39.8911
116.339 39.8911
116.337 39.8922
116.336 39.8993
116.336 39.9012
116.329 39.9027
116.329 39.9047
116.329 39.9056
116.333 39.9059
116.341 39.9059
116.349 39.9059
116.351 39.9058
116.353 39.9058
116.351 39.9075
116.351 39.9137
116.35 39.9234
116.35 39.9284
116.35 39.9446
116.349 39.96
116.385 39.967
116.4 39.9675
116.418 39.9679
116.438 39.9878
116.448 40.0082
116.485 40.0073
116.495 39.9976
116.532 40.0218
116.56 40.0322
116.581 40.0484
116.582 40.0705
116.582 40.0793
116.581 40.0765
116.581 40.0765
116.581 40.0624
116.569 40.0635
116.563 40.0701
116.567 40.0714
116.567 40.072
116.567 40.072
116.567 40.072
116.567 40.072
116.567 40.072
116.567 40.072
116.567 40.072
116.567 40.072
116.567 40.072
116.567 40.072
116.567 40.072
116.567 40.072
116.567 40.072
116.567 40.072
116.339 39.8883
116.567 40.072
116.567 40.072
116.567 40.072
116.567 40.072
116.567 40.072
116.567 40.072
116.567 40.072
116.567 40.072
116.567 40.072
116.567 40.072
116.567 40.072
116.567 40.072
116.567 40.072
116.567 40.072
116.567 40.072
116.567 40.072
116.567 40.072
116.567 40.072
116.567 40.072
116.567 40.072
116.567 40.072
116.567 40.072
116.567 40.072
116.567 40.072
116.567 40.072
116.567 40.072
116.567 40.072
116.567 40.072
116.567 40.072
116.567 40.072
116.567 40.072
116.567 40.072
116.567 40.072
116.567 40.072
116.567 40.072
116.567 40.072
116.567 40.072
116.567 40.072
116.567 40.072
116.567 40.072
116.567 40.072
116.567 40.072
116.567 40.072
116.567 40.072
116.564 40.0711
116.563 40.0701
116.564 40.0615
116.548 40.0631
116.533 40.0514
116.521 40.0297
116.521 40.0297
116.507 40.0112
116.492 39.9978
116.482 39.988
116.474 39.981
116.461 39.9691
116.443 39.954
116.442 39.9475
116.455 39.9479
116.455 39.9515
116.455 39.9515
116.468 39.966
116.474 39.9705
116.459 39.9577
116.455 39.9497
116.455 39.9346
116.455 39.932
116.456 39.9063
116.455 39.8837
116.45 39.8766
116.451 39.8831
116.455 39.8854
116.455 39.8977
116.455 39.8674
116.429 39.8575
116.396 39.8558
116.394 39.8533
116.391 39.844
116.39 39.8387
116.391 39.8391
116.394 39.8356
116.394 39.8524
116.405 39.8555
116.417 39.8536
116.416 39.8484
116.417 39.8483
116.418 39.8552
116.424 39.8646
116.416 39.8643
116.415 39.8816
116.413 39.8913
116.415 39.8957
116.415 39.8956
116.411 39.8999
116.411 39.9142
116.421 39.9117
116.42 39.9203
116.42 39.9347
116.427 39.9327
116.444 39.9323
116.45 39.9269
116.456 39.9264
116.46 39.928
116.455 39.9274
116.45 39.9221
116.432 39.923
116.42 39.923
116.397 39.9222
116.397 39.9222
116.378 39.9212
116.365 39.9225
116.368 39.9227
116.347 39.9222
116.339 39.922
116.32 39.9222
116.314 39.9225
116.283 39.926
116.281 39.9263
116.307 39.9226
116.315 39.9223
116.341 39.922
116.347 39.9221
116.363 39.9243
116.363 39.9243
116.363 39.9243
116.363 39.9243
116.363 39.9243
116.363 39.9243
116.363 39.9243
116.363 39.9243
116.363 39.9243
116.363 39.9243
116.363 39.9243
116.363 39.9243
116.363 39.9243
116.363 39.9243
116.363 39.9243
116.363 39.9243
116.363 39.9243
116.363 39.9243
116.363 39.9243
116.363 39.9243
116.363 39.9243
116.363 39.9243
116.363 39.9243
116.363 39.9243
116.363 39.9243
116.363 39.9243
116.363 39.9243
116.363 39.9243
116.363 39.9243
116.363 39.9243
116.363 39.9243
116.363 39.9243
116.363 39.9243
116.363 39.9243
116.363 39.9243
116.363 39.9243
116.363 39.9243
116.363 39.9243
116.363 39.9243
116.363 39.9243
116.363 39.9243
116.363 39.9243
116.363 39.9243
116.363 39.9243
116.363 39.9243
116.363 39.9243
116.363 39.9243
116.363 39.9243
116.363 39.9243
116.363 39.9243
116.363 39.9243
116.363 39.9243
116.363 39.9243
116.363 39.9243
116.363 39.9243
116.363 39.9243
116.363 39.9243
116.363 39.9243
116.363 39.9243
116.363 39.9243
116.363 39.9243
116.363 39.9243
116.363 39.9243
116.363 39.9243
116.363 39.9243
116.363 39.9243
116.363 39.9243
116.363 39.9243
116.363 39.9243
116.363 39.9243
116.363 39.9243
116.363 39.9243
116.363 39.9243
116.363 39.9243
116.363 39.9243
116.363 39.9243
116.363 39.9243
116.363 39.9243
116.363 39.9243
116.363 39.9243
116.363 39.9243
116.363 39.9243
116.363 39.9243
116.363 39.9243
116.363 39.9243
116.363 39.9243
116.363 39.9243
116.363 39.9243
116.363 39.9243
116.363 39.9243
116.363 39.9243
116.363 39.9243
116.363 39.9243
116.363 39.9243
116.363 39.9243
116.363 39.9243
116.363 39.9243
116.363 39.9243
116.363 39.9243
116.363 39.9243
116.363 39.9243
116.363 39.9243
116.363 39.9243
116.363 39.9243
116.363 39.9243
116.363 39.9243
116.363 39.9243
116.363 39.9243
116.363 39.9243
116.363 39.9243
116.363 39.9243
116.363 39.9243
116.363 39.9243
116.363 39.9243
116.363 39.9243
116.363 39.9243
116.363 39.9243
116.363 39.9243
116.363 39.9243
116.363 39.9243
116.363 39.9243
116.363 39.9243
116.363 39.9243
116.363 39.9243
116.363 39.9243
116.363 39.9243
116.363 39.9243
116.363 39.9243
116.363 39.9243
116.363 39.9226
116.363 39.9226
116.363 39.9226
116.342 39.9221
116.338 39.9264
116.338 39.9224
116.348 39.9174
116.342 39.9171
116.328 39.9102
116.324 39.9096
116.315 39.8992
116.311 39.896
116.306 39.8952
116.306 39.8951
116.306 39.895
116.306 39.8951
116.326 39.8956
116.335 39.8962
116.344 39.8956
116.344 39.8964
116.35 39.9049
116.35 39.9131
116.347 39.9312
116.347 39.9358
116.342 39.9437
116.336 39.9457
116.328 39.9509
116.32 39.9505
116.32 39.9505
116.323 39.9456
116.323 39.9457
116.319 39.9382
116.319 39.9351
116.319 39.9273
116.324 39.9268
116.327 39.9269
116.332 39.9268
116.339 39.9219
116.34 39.918
116.343 39.9173
116.343 39.9173
116.34 39.9174
116.331 39.9229
116.331 39.9248
116.338 39.9298
116.338 39.9341
116.351 39.9423
116.361 39.9457
116.39 39.9475
116.393 39.9475
116.411 39.9497
116.413 39.9551
116.367 39.9475
116.359 39.9451
116.349 39.9407
116.338 39.9375
116.324 39.9373
116.328 39.93
116.322 39.9269
116.321 39.9269
116.321 39.9269
116.317 39.9269
116.32 39.9257
116.304 39.9234
116.304 39.8981
116.29 39.896
116.289 39.8873
116.289 39.8774
116.297 39.8797
116.297 39.8797
116.297 39.8796
116.297 39.8796
116.297 39.8799
116.297 39.88
116.297 39.8799
116.297 39.8799
116.296 39.8789
116.304 39.882
116.332 39.8476
116.365 39.8553
116.385 39.8556
116.4 39.8554
116.403 39.8554
116.406 39.8555
116.403 39.8559
116.396 39.8558
116.382 39.8559
116.382 39.8559
116.379 39.8481
116.374 39.8472
116.374 39.8451
116.374 39.8485
116.377 39.8559
116.36 39.8541
116.331 39.8477
116.314 39.8534
116.299 39.8657
116.285 39.865
116.281 39.8748
116.281 39.8748
116.282 39.8749
116.282 39.8749
116.282 39.875
116.282 39.875
116.291 39.8779
116.308 39.8851
116.308 39.8851
116.309 39.8852
116.309 39.8854
116.317 39.8884
116.332 39.8885
116.344 39.8882
116.357 39.8879
116.365 39.8879
116.367 39.8879
116.368 39.889
116.368 39.8979
116.368 39.9026
116.368 39.9076
116.367 39.9086
116.37 39.9093
116.371 39.9089
116.369 39.906
116.361 39.9077
116.357 39.9062
116.357 39.9008
116.357 39.899
116.357 39.8988
116.357 39.8905
116.357 39.8888
116.358 39.8879
116.368 39.883
116.368 39.8787
116.368 39.8801
116.368 39.8874
116.36 39.888
116.357 39.897
116.357 39.8976
116.357 39.8976
116.351 39.9049
116.346 39.9084
116.348 39.9125
116.35 39.9081
116.34 39.9063
116.34 39.9063
116.318 39.9062
116.305 39.9063
116.302 39.8959
116.289 39.896
116.277 39.8944
116.277 39.896
116.268 39.9043
116.269 39.9154
116.269 39.942
116.269 39.9452
116.257 39.9457
116.255 39.9548
116.255 39.9548
116.255 39.9548
116.255 39.955
116.256 39.9523
116.255 39.9456
116.259 39.9456
116.261 39.9457
116.261 39.9457
116.264 39.9456
116.265 39.9439
116.266 39.9417
116.265 39.9439
116.265 39.9444
116.264 39.9454
116.267 39.9456
116.267 39.9456
116.267 39.9456
116.268 39.9687
116.257 39.9719
116.257 39.9719
116.224 39.9719
116.213 39.9719
116.201 39.9749
116.201 39.9749
116.201 39.9732
116.246 39.9719
116.26 39.9686
116.268 39.9666
116.274 39.961
116.278 39.9601
116.282 39.9565
116.282 39.9565
116.282 39.9565
116.282 39.9565
116.282 39.956
116.288 39.957
116.291 39.9575
116.3 39.9602
116.305 39.9619
116.328 39.9629
116.329 39.9569
116.329 39.9573
116.329 39.9596
116.318 39.9556
116.317 39.9539
116.319 39.9404
116.319 39.9379
116.329 39.9368
116.34 39.9375
116.346 39.9387
116.345 39.9424
116.34 39.9517
116.34 39.9516
116.345 39.9423
116.346 39.9406
116.346 39.9397
116.346 39.9394
116.354 39.951
116.355 39.9512
116.356 39.9443
116.354 39.9437
116.346 39.9392
116.337 39.9372
116.315 39.9379
116.305 39.9413
116.301 39.9524
116.298 39.954
116.29 39.9592
116.289 39.9609
116.292 39.9629
116.293 39.9612
116.286 39.957
116.289 39.956
116.289 39.9318
116.295 39.931
116.303 39.931
116.306 39.931
116.319 39.9311
116.319 39.9311
116.32 39.9365
116.323 39.9369
116.327 39.9329
116.327 39.9329
116.324 39.9014
116.324 39.9014
116.324 39.9014
116.323 39.8931
116.325 39.8897
116.325 39.8876
116.34 39.8883
116.352 39.888
116.358 39.883
116.36 39.8851
116.359 39.8821
116.357 39.8873
116.357 39.8876
116.357 39.8973
116.357 39.8974
116.354 39.8984
116.353 39.9072
116.351 39.9082
116.347 39.9126
116.337 39.9128
116.329 39.9127
116.329 39.9076
116.307 39.9062
116.292 39.9064
116.278 39.9063
116.269 39.9063
116.254 39.9063
116.247 39.9063
116.23 39.9062
116.228 39.9027
116.213 39.9027
116.209 39.9061
116.222 39.9061
116.234 39.9061
116.259 39.9062
116.268 39.9061
116.288 39.9062
116.294 39.9062
116.304 39.9102
116.304 39.922
116.304 39.9375
116.321 39.9372
116.323 39.937
116.332 39.9369
116.349 39.9391
116.349 39.9391
116.382 39.95
116.387 39.9512
116.38 39.9501
116.37 39.9497
116.361 39.9462
116.346 39.9401
116.346 39.9392
116.341 39.9382
116.328 39.9371
116.326 39.9369
116.342 39.9379
116.35 39.94
116.363 39.9464
116.373 39.9837
116.359 40.0074
116.35 40.0189
116.339 40.0331
116.339 40.0331
116.322 40.0345
116.317 40.0387
116.316 40.0377
116.303 40.0389
116.303 40.0399
116.304 40.0351
116.304 40.0348
116.308 40.0214
116.311 40.0155
116.309 39.9988
116.31 39.9859
116.314 39.9689
116.317 39.956
116.322 39.937
116.334 39.9369
116.349 39.9383
116.35 39.9229
116.326 39.8959
116.304 39.8958
116.289 39.8884
116.293 39.8882
116.304 39.8867
116.304 39.8867
116.304 39.8867
116.304 39.8867
116.304 39.8867
116.304 39.8867
116.304 39.8867
116.304 39.8867
116.304 39.8867
116.304 39.8867
116.304 39.8867
116.304 39.8867
116.304 39.8867
116.304 39.8867
116.304 39.8924
116.308 39.906
116.315 39.8992
116.357 39.8956
116.35 39.9094
116.35 39.928
116.358 39.9392
116.352 39.9392
116.334 39.9473
116.327 39.9509
116.318 39.9452
116.332 39.9367
116.339 39.9359
116.353 39.937
116.358 39.9385
116.371 39.9132
116.375 39.9109
116.378 39.899
116.385 39.8989
116.367 39.9188
116.367 39.9307
116.36 39.9393
116.358 39.9357
116.353 39.9354
116.353 39.9354
116.353 39.9354
116.353 39.935
116.353 39.9348
116.353 39.9348
116.353 39.9348
116.353 39.9348
116.353 39.9348
116.353 39.9348
116.353 39.9348
116.353 39.9348
116.356 39.9354
116.356 39.9354
116.356 39.9354
116.356 39.9354
116.356 39.9354
116.356 39.9354
116.356 39.9354
116.356 39.9354
116.356 39.9354
116.356 39.9354
116.356 39.9354
116.356 39.9354
116.356 39.9354
116.356 39.9354
116.356 39.9354
116.356 39.9354
116.356 39.9354
116.356 39.9354
116.356 39.9354
116.356 39.9354
116.356 39.9354
116.356 39.9354
116.356 39.9354
116.356 39.9354
116.356 39.9354
116.356 39.9354
116.356 39.9354
116.356 39.9354
116.356 39.9354
116.356 39.9354
116.356 39.9354
116.356 39.9354
116.356 39.9354
116.356 39.9354
116.356 39.9354
116.356 39.9354
116.356 39.9354
116.356 39.9354
116.356 39.9354
116.356 39.9354
116.356 39.9354
116.356 39.9354
116.356 39.9354
116.356 39.9354
116.356 39.9354
116.356 39.9354
116.356 39.9354
116.356 39.9354
116.356 39.9354
116.356 39.9354
116.356 39.9354
116.356 39.9354
116.356 39.9354
116.356 39.9354
116.356 39.9354
116.356 39.9354
116.356 39.9354
116.356 39.9354
116.356 39.9354
116.356 39.9354
116.356 39.9354
116.356 39.9354
116.356 39.9354
116.356 39.9354
116.356 39.9354
116.356 39.9354
116.356 39.9354
116.356 39.9354
116.356 39.9354
116.356 39.9354
116.356 39.9354
116.356 39.9354
116.356 39.9354
116.356 39.9354
116.356 39.9354
116.401 39.9354
116.356 39.9354
116.356 39.9354
116.356 39.9354
116.356 39.9354
116.356 39.9354
116.356 39.9354
116.356 39.9354
116.356 39.9354
116.356 39.9354
116.356 39.9354
116.356 39.9354
116.356 39.9354
116.356 39.9354
116.356 39.9354
116.356 39.9354
116.356 39.9354
116.356 39.9354
116.356 39.9354
116.356 39.9354
116.356 39.9354
116.356 39.9354
116.356 39.9354
116.358 39.9353
116.358 39.9353
116.358 39.9353
116.353 39.9352
116.351 39.9312
116.346 39.9392
116.346 39.9391
116.346 39.9391
116.346 39.9391
116.325 39.9371
116.306 39.9404
116.304 39.9203
116.303 39.905
116.315 39.9007
116.315 39.8961
116.315 39.8967
116.315 39.8967
116.315 39.9059
116.306 39.9075
116.304 39.9269
116.315 39.931
116.32 39.9345
116.329 39.9368
116.354 39.9436
116.376 39.9475
116.417 39.9481
116.427 39.9407
116.436 39.9323
116.444 39.9323
116.448 39.9323
116.447 39.9256
116.44 39.922
116.435 39.9228
116.428 39.9384
116.42 39.9397
116.411 39.9409
116.411 39.9345
116.42 39.931
116.42 39.9234
116.421 39.907
116.421 39.9039
116.418 39.9068
116.418 39.9068
116.421 39.9069
116.421 39.9138
116.411 39.931
116.394 39.9321
116.382 39.9319
116.362 39.9311
116.36 39.9252
116.347 39.9229
116.347 39.9265
116.349 39.9381
116.349 39.953
116.358 39.9661
116.364 39.9661
116.356 39.9566
116.355 39.9509
116.356 39.9443
116.356 39.9443
116.349 39.9397
116.342 39.9385
116.346 39.9385
116.353 39.9354
116.351 39.9311
116.35 39.9129
116.351 39.9004
116.343 39.8784
116.343 39.8755
116.333 39.867
116.326 39.8675
116.322 39.8703
116.32 39.887
116.32 39.8879
116.322 39.8909
116.322 39.8909
116.322 39.8909
116.343 39.8963
116.343 39.8963
116.344 39.8959
116.347 39.906
116.346 39.9068
116.343 39.9127
116.341 39.9127
116.334 39.9106
116.334 39.9113
116.32 39.9312
116.32 39.9324
116.305 39.9414
116.302 39.9606
116.302 39.9608
116.286 39.9569
116.287 39.957
116.29 39.9313
116.29 39.9295
116.289 39.9094
116.289 39.9091
116.289 39.9071
116.289 39.9071
116.289 39.8939
116.289 39.892
116.281 39.8749
116.281 39.8747
116.282 39.8748
116.282 39.8748
116.282 39.8749
116.282 39.8749
116.282 39.8749
116.282 39.8749
116.282 39.8749
116.282 39.875
116.282 39.875
116.282 39.875
116.282 39.8751
116.283 39.8755
116.305 39.8851
116.305 39.886
116.305 39.886
116.31 39.8875
116.31 39.8875
116.31 39.8875
116.31 39.8877
116.31 39.8877
116.31 39.8877
116.31 39.8877
116.315 39.8885
116.315 39.8903
116.337 39.8963
116.344 39.8966
116.356 39.9058
116.36 39.9058
116.395 39.9063
116.397 39.9064
116.416 39.9068
116.421 39.9055
116.418 39.9065
116.419 39.907
116.438 39.9022
116.454 39.903
116.484 39.9182
116.484 39.9295
116.486 39.9379
116.484 39.9398
116.483 39.9477
116.483 39.9398
116.469 39.9325
116.467 39.9325
116.467 39.9299
116.463 39.9286
116.455 39.9308
116.452 39.9272
116.452 39.9272
116.44 39.923
116.435 39.9228
116.428 39.9234
116.428 39.9216
116.429 39.909
116.43 39.9017
116.427 39.8924
116.418 39.892
116.412 39.8955
116.412 39.8992
116.401 39.9006
116.401 39.9006
116.401 39.9057
116.401 39.9136
116.397 39.9159
116.39 39.9311
116.39 39.9317
116.38 39.9343
116.374 39.934
116.373 39.9426
116.374 39.9455
116.374 39.9661
116.373 39.9669
116.369 39.9726
116.369 39.9721
116.373 39.9675
116.373 39.9675
116.365 39.9669
116.364 39.9701
116.361 39.9754
116.361 39.9754
116.357 39.9754
116.353 39.9753
116.347 39.9641
116.349 39.9524
116.35 39.9432
116.349 39.9382
116.35 39.9271
116.35 39.9236
116.35 39.9096
116.342 39.8932
116.338 39.8884
116.328 39.8943
116.328 39.8943
116.321 39.8888
116.313 39.8873
116.312 39.8869
116.305 39.8804
116.302 39.8788
116.302 39.8788
116.305 39.8846
116.305 39.8904
116.304 39.901
116.305 39.9044
116.338 39.9214
116.328 39.9247
116.326 39.9254
116.328 39.9248
116.341 39.917
116.342 39.9166
116.347 39.9142
116.347 39.9131
116.35 39.9125
116.379 39.9636
116.379 39.9636
116.375 39.9614
116.369 39.9669
116.356 39.9666
116.334 39.9665
116.333 39.9695
116.332 39.9694
116.325 39.9663
116.315 39.966
116.313 39.9701
116.306 39.9647
116.301 39.9656
116.3 39.9742
116.304 39.9838
116.31 39.983
116.311 39.9762
116.314 39.9713
116.319 39.9697
116.319 39.9662
116.319 39.9662
116.319 39.9662
116.327 39.9661
116.356 39.9663
116.356 39.9663
116.402 39.9885
116.402 39.9936
116.399 39.9888
116.398 39.9887
116.398 39.9887
116.398 39.9888
116.399 39.9885
116.399 39.9885
116.399 39.9885
116.399 39.9885
116.399 39.9885
116.399 39.9885
116.399 39.9885
116.399 39.9896
116.401 39.9909
116.401 39.9909
116.401 39.9909
116.401 39.9909
116.392 39.987
116.364 39.9862
116.355 39.986
116.347 39.9717
116.349 39.9542
116.349 39.95
116.349 39.95
116.349 39.95
116.349 39.95
116.35 39.928
116.35 39.9108
116.341 39.8967
116.297 39.8796
116.297 39.8798
116.289 39.8742
116.289 39.8767
116.289 39.8767
116.289 39.8767
116.289 39.8767
116.289 39.8767
116.289 39.8767
116.289 39.8767
116.289 39.8767
116.289 39.8767
116.289 39.8767
116.289 39.8767
116.289 39.8767
116.289 39.8767
116.29 39.8775
116.308 39.8849
116.314 39.8877
116.315 39.8909
116.323 39.8923
116.343 39.8963
116.351 39.9017
116.352 39.908
116.353 39.9067
116.348 39.9126
116.348 39.9126
116.355 39.9125
116.368 39.9123
116.353 39.9172
116.35 39.9278
116.349 39.9586
116.348 39.9761
116.351 39.9921
116.348 39.9921
116.342 39.9919
116.348 39.992
116.361 39.9924
116.371 39.9897
116.399 39.9868
116.4 39.9872
116.397 39.9971
116.396 40.0003
116.398 39.999
116.399 40.0038
116.401 39.9936
116.402 39.9869
116.418 39.9873
116.418 39.9818
116.418 39.9738
116.42 39.9678
116.45 39.9548
116.449 39.949
116.444 39.9443
116.461 39.9323
116.47 39.9324
116.487 39.9325
116.503 39.9368
116.503 39.9368
116.506 39.9387
116.506 39.9392
116.491 39.9337
116.481 39.9325
116.467 39.9325
116.445 39.9399
116.441 39.9398
116.429 39.9325
116.408 39.9321
116.397 39.9321
116.383 39.9321
116.368 39.9314
116.367 39.9217
116.368 39.9139
116.368 39.8985
116.368 39.8985
116.368 39.8883
116.368 39.873
116.373 39.8692
116.413 39.8697
116.432 39.8646
116.433 39.8697
116.42 39.8827
116.413 39.8893
116.405 39.8915
116.392 39.8899
116.379 39.891
116.378 39.8983
116.347 39.9126
116.343 39.9148
116.351 39.922
116.362 39.9243
116.363 39.9243
116.363 39.9243
116.363 39.9243
116.363 39.9243
116.363 39.9243
116.363 39.9243
116.368 39.8989
116.368 39.8919
116.335 39.8885
116.31 39.886
116.304 39.8808
116.304 39.8808
116.29 39.8652
116.289 39.8767
116.272 39.8758
116.268 39.8722
116.232 39.853
116.218 39.8448
116.206 39.834
116.2 39.8112
116.172 39.7818
116.149 39.764
116.109 39.733
116.102 39.7104
116.079 39.6712
116.071 39.656
116.061 39.6338
116.045 39.6228
116.022 39.6006
116.003 39.6009
115.973 39.5995
115.973 39.5995
115.972 39.6001
115.955 39.602
115.949 39.6024
115.934 39.6037
115.914 39.6093
115.913 39.6094
115.913 39.6094
115.915 39.6082
115.918 39.6072
115.919 39.6071
115.919 39.6071
115.919 39.6071
115.919 39.6062
115.919 39.6052
115.952 39.602
115.953 39.6022
115.953 39.6022
115.953 39.6022
115.953 39.6022
115.953 39.6022
115.953 39.6022
115.953 39.6022
115.953 39.6022
115.953 39.6022
115.953 39.6022
115.953 39.6022
115.953 39.6022
115.953 39.6022
115.953 39.6022
115.953 39.6022
115.953 39.6022
115.953 39.6022
115.953 39.6022
115.953 39.6022
115.953 39.6022
115.953 39.6022
115.953 39.6022
115.953 39.6022
115.953 39.6022
115.953 39.6022
115.953 39.6022
115.953 39.6022
115.953 39.6022
115.953 39.6022
115.953 39.6022
115.953 39.6022
115.953 39.6022
115.953 39.6022
115.949 39.6024
115.919 39.6071
115.915 39.6081
115.915 39.6081
115.913 39.6094
115.91 39.6077
115.907 39.6076
115.918 39.6311
115.919 39.633
115.941 39.676
115.941 39.6781
115.974 39.6836
115.974 39.6836
115.974 39.6836
115.974 39.6836
115.983 39.6947
115.983 39.6947
115.987 39.6984
115.987 39.6984
115.983 39.6951
115.975 39.685
115.949 39.6773
115.94 39.6694
115.925 39.6473
115.915 39.6273
115.902 39.6081
115.915 39.6073
115.914 39.6093
