116.452 39.9096
116.452 39.9109
116.463 39.9123
116.462 39.9122
116.471 39.9142
116.472 39.9274
116.479 39.9267
116.484 39.932
116.472 39.9218
116.461 39.9253
116.461 39.9254
116.457 39.9327
116.442 39.9325
116.446 39.9519
116.446 39.9519
116.446 39.9515
116.446 39.9514
116.446 39.9514
116.446 39.9514
116.446 39.9514
116.447 39.9507
116.437 39.9459
116.433 39.9543
116.433 39.9593
116.445 39.9587
116.446 39.959
116.441 39.9613
116.433 39.9808
116.395 39.987
116.37 39.9971
116.379 40.0084
116.411 40.0026
116.411 39.9986
116.411 39.9986
116.393 39.9871
116.381 39.9808
116.385 39.9754
116.389 39.9629
116.41 39.9475
116.419 39.9405
116.42 39.9307
116.426 39.9276
116.422 39.9261
116.428 39.919
116.429 39.9068
116.47 39.904
116.457 39.9057
116.473 39.9067
116.499 39.9304
116.5 39.9329
116.501 39.9304
116.501 39.9302
116.501 39.9302
116.501 39.9302
116.501 39.93
116.494 39.9218
116.472 39.9217
116.456 39.9221
116.446 39.9218
116.436 39.9227
116.428 39.9236
116.416 39.923
116.409 39.9229
116.405 39.9241
116.403 39.9368
116.402 39.9535
116.412 39.9606
116.412 39.9605
116.406 39.9587
116.404 39.9577
116.393 39.9557
116.39 39.9638
116.39 39.9638
116.39 39.9658
116.395 39.9652
116.398 39.9671
116.429 39.9679
116.446 39.9579
116.448 39.9509
116.445 39.9507
116.448 39.9556
116.445 39.959
116.426 39.9682
116.408 39.9678
116.396 39.9676
116.394 39.9675
116.388 39.9636
116.387 39.9526
116.387 39.9526
116.386 39.9526
116.373 39.9584
116.379 39.9631
116.401 39.9674
116.409 39.9675
116.427 39.968
116.43 39.9642
116.417 39.956
116.415 39.956
116.412 39.9653
116.412 39.9666
116.388 39.9703
116.382 39.9848
116.38 39.9672
116.379 39.9672
116.385 39.9716
116.396 39.9648
116.397 39.9668
116.397 39.9671
116.397 39.9671
116.398 39.9671
116.408 39.9579
116.429 39.9578
116.429 39.9506
116.433 39.9603
116.436 39.964
116.432 39.9534
116.448 39.9567
116.45 39.9497
116.449 39.9489
116.455 39.9536
116.462 39.9606
116.462 39.978
116.462 39.978
116.462 39.9968
116.46 39.9966
116.472 40.0007
116.467 40.0121
116.467 40.0122
116.467 40.0122
116.463 40.0103
116.457 39.9979
116.458 39.9999
116.444 39.9742
116.446 39.9701
116.442 39.972
116.443 39.9731
116.477 39.9606
116.486 39.9324
116.499 39.9295
116.498 39.9297
116.485 39.9326
116.457 39.9325
116.439 39.9324
116.438 39.929
116.438 39.9303
116.435 39.9228
116.435 39.9083
116.435 39.9083
116.435 39.9214
116.483 39.905
116.487 39.8696
116.497 39.8578
116.496 39.8568
116.494 39.8612
116.485 39.8742
116.472 39.8914
116.466 39.9073
116.437 39.921
116.437 39.9265
116.438 39.9292
116.413 39.948
116.348 39.9851
116.346 40.0063
116.341 40.0071
116.354 39.9998
116.359 39.992
116.359 39.9929
116.358 39.9967
116.359 39.9925
116.359 39.9924
116.36 39.9924
116.36 39.9924
116.36 39.9923
116.364 39.9755
116.354 39.9567
116.329 39.958
116.329 39.9581
116.343 39.9661
116.351 39.9566
116.365 39.9497
116.373 39.9383
116.402 39.9319
116.42 39.9399
116.424 39.9395
116.424 39.9395
116.424 39.9394
116.426 39.926
116.42 39.9393
116.419 39.9395
116.424 39.9401
116.424 39.9402
116.424 39.9401
116.424 39.9394
116.424 39.9396
116.424 39.9395
116.424 39.9397
116.424 39.9397
116.424 39.9395
116.424 39.9395
116.424 39.9395
116.424 39.9395
116.424 39.9395
116.424 39.9395
116.424 39.9395
116.424 39.9395
116.424 39.94
116.424 39.9396
116.424 39.9395
116.425 39.9396
116.433 39.9256
116.443 39.9324
116.456 39.9413
116.46 39.9494
116.492 39.9629
116.511 39.976
116.514 39.9739
116.493 39.9721
116.484 39.9864
116.489 39.9938
116.503 40.0074
116.506 40.0104
116.507 40.011
116.507 40.011
116.507 40.011
116.507 40.011
116.507 40.011
116.507 40.011
116.507 40.011
116.507 40.011
116.507 40.011
116.507 40.011
116.507 40.0113
116.481 39.9952
116.481 39.9937
116.482 39.9936
116.482 39.9938
116.481 39.9944
116.48 39.9944
116.478 40.012
116.527 40.02
116.579 40.0465
116.58 40.0478
116.58 40.0478
116.584 40.057
116.583 40.0614
116.582 40.0702
116.587 40.0769
116.587 40.0776
116.581 40.0772
116.582 40.0685
116.561 40.0614
116.547 40.0617
116.53 40.0452
116.444 39.9399
116.482 39.9882
116.48 39.995
116.481 39.9942
116.481 39.9944
116.48 39.9947
116.478 39.9943
116.478 39.9943
116.476 39.9813
116.443 39.947
116.443 39.947
116.438 39.9357
116.441 39.9257
116.454 39.9274
116.455 39.923
116.451 39.9333
116.451 39.9347
116.444 39.94
116.43 39.94
116.426 39.9581
116.434 39.9535
116.448 39.956
116.462 39.9504
116.457 39.9325
116.451 39.9072
116.438 39.9072
116.418 39.9071
116.41 39.9083
116.412 39.9139
116.412 39.9156
116.411 39.9298
116.411 39.9357
116.41 39.9464
116.385 39.9477
116.375 39.9694
116.368 39.9754
116.364 39.9755
116.359 39.9913
116.375 39.9859
116.44 39.9843
116.462 39.9601
116.462 39.9505
116.469 39.9374
116.467 39.9294
116.467 39.926
116.467 39.9239
116.467 39.9238
116.467 39.9236
116.467 39.924
116.467 39.9241
116.467 39.9239
116.467 39.9239
116.467 39.9239
116.467 39.9239
116.467 39.9239
116.467 39.9239
116.467 39.9243
116.467 39.9243
116.467 39.9239
116.467 39.924
116.467 39.9239
116.467 39.9239
116.467 39.9239
116.467 39.9239
116.467 39.9238
116.467 39.9238
116.467 39.9238
116.467 39.9239
116.467 39.9287
116.456 39.9288
116.456 39.9299
116.456 39.9146
116.468 39.907
116.457 39.907
116.444 39.9078
116.444 39.9336
116.44 39.9488
116.438 39.959
116.439 39.9545
116.437 39.9461
116.443 39.9398
116.433 39.9325
116.434 39.9351
116.437 39.9256
116.432 39.9215
116.435 39.9233
116.435 39.9233
116.428 39.936
116.41 39.9495
116.412 39.9648
116.412 39.966
116.407 39.9678
116.393 39.9672
116.393 39.967
116.401 39.9739
116.407 39.9637
116.411 39.9578
116.416 39.9579
116.426 39.9554
116.438 39.9535
116.437 39.9537
116.427 39.9582
116.412 39.9654
116.412 39.9675
116.419 39.9514
116.419 39.9483
116.428 39.9291
116.428 39.9248
116.429 39.9155
116.436 39.8975
116.433 39.869
116.428 39.867
116.425 39.8672
116.424 39.8687
116.434 39.8688
116.434 39.8688
116.439 39.8886
116.439 39.8902
116.43 39.9069
116.425 39.9077
116.421 39.9094
116.412 39.9143
116.412 39.9103
116.412 39.9022
116.412 39.9006
116.412 39.8986
116.412 39.893
116.406 39.8886
116.398 39.8866
116.394 39.8855
116.392 39.8759
116.395 39.8642
116.396 39.865
116.387 39.8702
116.381 39.8764
116.389 39.8805
116.389 39.8805
116.381 39.8747
116.381 39.8595
116.384 39.8526
116.385 39.8526
116.394 39.8555
116.419 39.8564
116.453 39.8651
116.455 39.8817
116.455 39.8826
116.455 39.8848
116.456 39.9172
116.451 39.94
116.441 39.9399
116.444 39.9427
116.449 39.9343
116.455 39.9323
116.466 39.9243
116.466 39.9245
116.466 39.9245
116.466 39.9245
116.466 39.9245
116.466 39.9244
116.466 39.9245
116.458 39.9275
116.449 39.9257
116.44 39.9249
116.425 39.932
116.395 39.9321
116.374 39.9316
116.374 39.9316
116.374 39.9309
116.39 39.932
116.417 39.9322
116.428 39.9388
116.456 39.9408
116.46 39.9465
116.459 39.946
116.457 39.9459
116.456 39.9536
116.457 39.9534
116.447 39.9466
116.447 39.9466
116.436 39.9351
116.429 39.9327
116.43 39.9335
116.429 39.9086
116.435 39.9057
116.435 39.9123
116.443 39.9214
116.445 39.9211
116.456 39.9303
116.468 39.9414
116.472 39.9212
116.472 39.9212
116.47 39.9165
116.468 39.9147
116.456 39.9309
116.448 39.928
116.44 39.9226
116.432 39.9228
116.432 39.9228
116.44 39.9215
116.42 39.9218
116.42 39.9157
116.42 39.9162
116.436 39.9209
116.435 39.9138
116.435 39.9138
116.435 39.9138
116.435 39.9138
116.435 39.9138
116.435 39.9138
116.435 39.9138
116.434 39.9139
116.435 39.9138
116.435 39.9138
116.435 39.9137
116.435 39.9137
116.435 39.9138
116.435 39.9138
116.435 39.9138
116.435 39.9138
116.435 39.9138
116.435 39.9138
116.435 39.9138
116.435 39.9138
116.435 39.9138
116.435 39.9138
116.435 39.9138
116.435 39.9138
116.435 39.9138
116.435 39.9138
116.435 39.9138
116.435 39.9138
116.435 39.9138
116.435 39.9138
116.435 39.9136
116.435 39.9138
116.435 39.9138
116.435 39.9138
116.435 39.9138
116.435 39.9138
116.435 39.9138
116.435 39.9138
116.435 39.9138
116.435 39.9138
116.435 39.9138
116.435 39.9138
116.435 39.9139
116.438 39.9281
116.452 39.9317
116.449 39.938
116.468 39.9364
116.469 39.9363
116.469 39.9363
116.469 39.9363
116.469 39.9365
116.469 39.9379
116.453 39.9535
116.428 39.9879
116.408 40.005
116.408 40.0051
116.409 40.005
116.408 40.0049
116.409 40.005
116.411 39.9857
116.414 39.9831
116.413 39.9861
116.419 39.9678
116.429 39.9582
116.457 39.956
116.473 39.9782
116.483 39.9886
116.483 39.9885
116.483 39.9885
116.483 39.9885
116.483 39.9887
116.483 39.9885
116.483 39.9885
116.483 39.9887
116.506 40.0105
116.506 40.0105
116.506 40.0105
116.496 40.0022
116.474 40.0006
116.472 39.9994
116.473 39.999
116.473 39.999
116.472 39.9993
116.475 39.9977
116.472 39.9991
116.472 39.999
116.472 39.9991
116.472 39.9991
116.472 39.9991
116.473 39.9989
116.473 39.9994
116.489 40.0022
116.535 40.0228
116.579 40.0462
116.584 40.0546
116.583 40.0623
116.582 40.0755
116.588 40.0773
116.588 40.0773
116.581 40.0792
116.583 40.0624
116.566 40.0704
116.566 40.0709
116.573 40.0632
116.573 40.0632
116.573 40.0631
116.527 40.0391
116.573 40.063
116.573 40.0631
116.583 40.063
116.582 40.0655
116.582 40.0655
116.582 40.0655
116.582 40.0655
116.582 40.0655
116.582 40.0655
116.582 40.0655
116.582 40.0655
116.582 40.0656
116.582 40.0656
116.582 40.0649
116.582 40.0647
116.582 40.0646
116.582 40.0646
116.582 40.0657
116.582 40.0656
116.582 40.0656
116.582 40.066
116.582 40.066
116.582 40.066
116.582 40.066
116.582 40.0671
116.582 40.0671
116.582 40.067
116.582 40.0682
116.582 40.0682
116.582 40.0682
116.582 40.0763
116.583 40.0752
116.584 40.0763
116.588 40.0773
116.588 40.0773
116.588 40.0773
116.588 40.0773
116.588 40.0773
116.588 40.0773
116.588 40.0773
116.572 40.0396
116.496 40.0001
116.478 39.9599
116.484 39.9071
116.48 39.8523
116.422 39.8309
116.395 39.8189
116.389 39.8011
116.391 39.7895
116.391 39.7895
116.389 39.7979
116.391 39.8015
116.396 39.8119
116.395 39.8376
116.394 39.8689
116.437 39.8696
116.43 39.9062
116.422 39.9048
116.422 39.9048
116.42 39.914
116.42 39.9172
116.433 39.9223
116.433 39.9228
116.44 39.9209
116.454 39.9178
116.466 39.9143
116.472 39.9081
116.437 39.9011
116.433 39.8694
116.393 39.8692
116.397 39.8555
116.445 39.8589
116.455 39.8815
116.455 39.8844
116.468 39.8994
116.459 39.8994
116.459 39.8991
116.459 39.8993
116.459 39.8993
116.459 39.8994
116.459 39.8994
116.459 39.8994
116.459 39.8994
116.459 39.8995
116.457 39.9057
116.465 39.9071
116.472 39.9098
116.463 39.9114
116.469 39.9127
116.456 39.9223
116.451 39.9324
116.451 39.9324
116.438 39.9323
116.427 39.9348
116.452 39.9594
116.495 39.9981
116.495 39.9981
116.554 40.0293
116.559 40.0506
116.547 40.0649
116.532 40.0656
116.529 40.0677
116.548 40.0646
116.562 40.0698
116.565 40.0717
116.565 40.0717
116.565 40.0717
116.565 40.0717
116.565 40.0717
116.565 40.0717
116.565 40.0717
116.565 40.0717
116.565 40.0717
116.565 40.0717
116.565 40.0717
116.565 40.0717
116.565 40.0717
116.565 40.0717
116.565 40.0717
116.565 40.0717
116.565 40.0717
116.565 40.0717
116.565 40.0717
116.565 40.0717
116.565 40.0717
116.565 40.0717
116.565 40.0717
116.565 40.0717
116.565 40.0717
116.565 40.0717
116.562 40.0701
116.582 40.0622
116.582 40.0623
116.582 40.0622
116.583 40.0606
116.583 40.0606
116.583 40.0606
116.583 40.0632
116.582 40.0641
116.582 40.0641
116.582 40.0641
116.582 40.066
116.581 40.0697
116.581 40.0697
116.581 40.0723
116.582 40.075
116.587 40.0772
116.587 40.0772
116.578 40.046
116.578 40.046
116.507 40.01
116.452 39.9603
116.406 39.9479
116.355 39.9442
116.35 39.9469
116.349 39.9528
116.325 39.9662
116.305 39.9661
116.32 39.9667
116.325 39.9665
116.324 39.9661
116.329 39.96
116.329 39.9625
116.328 39.9632
116.316 39.9626
116.32 39.9624
116.319 39.9626
116.299 39.9846
116.295 39.9913
116.3 39.9844
116.311 39.975
116.364 39.9663
116.364 39.9663
116.364 39.9698
116.374 39.9754
116.356 40.0111
116.319 40.0586
116.327 40.0779
116.326 40.0858
116.315 40.0746
116.322 40.0539
116.342 40.0285
116.343 40.0274
116.351 40.0166
116.351 40.0166
116.355 40.0112
116.358 40.0067
116.371 39.9873
116.384 39.9667
116.412 39.959
116.428 39.9479
116.444 39.9454
116.424 39.9399
116.423 39.9398
116.411 39.9324
116.403 39.933
116.403 39.933
116.424 39.94
116.424 39.9401
116.425 39.9397
116.422 39.9397
116.424 39.94
116.425 39.9398
116.424 39.9397
116.419 39.9558
116.434 39.9658
116.434 39.9597
116.433 39.9573
116.436 39.955
116.436 39.955
116.433 39.9463
116.425 39.9485
116.425 39.9485
116.456 39.9074
116.443 39.8582
116.428 39.8575
116.437 39.8697
116.451 39.883
116.456 39.9039
116.47 39.9124
116.464 39.9159
116.456 39.9256
116.458 39.9363
116.461 39.929
116.472 39.9268
116.472 39.9268
116.481 39.9324
116.484 39.9532
116.487 39.963
116.477 39.9743
116.482 39.9784
116.493 39.9984
116.506 40.0104
116.507 40.0111
116.507 40.0111
116.507 40.0111
116.507 40.0111
116.507 40.0111
116.507 40.011
116.507 40.011
116.496 40.0016
116.483 39.9831
116.483 39.9572
116.48 39.9584
116.498 40.0015
116.554 40.0294
116.582 40.0497
116.582 40.067
116.582 40.0794
116.581 40.071
116.564 40.0614
116.52 40.0288
116.502 40.0063
116.477 39.9912
116.481 39.9943
116.481 39.9943
116.48 39.9945
116.481 39.9944
116.481 39.9944
116.481 39.9944
116.481 39.9943
116.48 39.9944
116.48 39.9943
116.48 39.9943
116.48 39.9943
116.478 39.9973
116.461 39.9782
116.396 39.9697
116.573 40.0631
116.388 39.9638
116.396 39.9723
116.396 39.9715
116.388 39.9621
116.373 39.9475
116.35 39.9209
116.342 39.8887
116.317 39.8921
116.317 39.8884
116.326 39.8886
116.357 39.888
116.357 39.8972
116.357 39.9075
116.359 39.918
116.359 39.9223
116.349 39.9312
116.345 39.9312
116.346 39.9391
116.341 39.9547
116.367 39.9564
116.381 39.9615
116.388 39.9458
116.388 39.943
116.402 39.9394
116.426 39.9394
116.438 39.9336
116.443 39.9255
116.451 39.9269
116.466 39.9242
116.466 39.9242
116.466 39.9242
116.466 39.9243
116.465 39.9242
116.466 39.9242
116.466 39.9243
116.466 39.9236
116.467 39.9288
116.467 39.9288
116.464 39.9291
116.461 39.9283
116.472 39.9181
116.472 39.9073
116.472 39.9073
116.47 39.8993
116.456 39.9091
116.455 39.9178
116.456 39.9216
116.445 39.9213
116.442 39.9164
116.434 39.9226
116.438 39.9293
116.438 39.9294
116.438 39.9295
116.438 39.9296
116.438 39.9294
116.438 39.9297
116.437 39.9277
116.438 39.9297
116.438 39.9294
116.438 39.9296
116.438 39.9297
116.438 39.9297
116.438 39.9294
116.435 39.9253
116.431 39.9234
116.431 39.9234
116.433 39.9225
116.455 39.8923
116.472 39.8879
116.472 39.8879
116.472 39.8892
116.484 39.8991
116.494 39.9066
116.515 39.9154
116.491 39.9146
116.488 39.9145
116.488 39.9145
116.483 39.8954
116.483 39.8954
116.483 39.8904
116.483 39.8869
116.479 39.8486
116.414 39.8309
116.381 39.8377
116.375 39.8443
116.374 39.8484
116.365 39.8539
116.365 39.8647
116.368 39.8726
116.368 39.8842
116.378 39.888
116.397 39.891
116.399 39.8912
116.405 39.8917
116.405 39.8917
116.397 39.891
116.397 39.891
116.409 39.8957
116.411 39.8959
116.412 39.8986
116.425 39.9071
116.435 39.9056
116.435 39.9064
116.437 39.8915
116.453 39.8925
116.455 39.8918
116.461 39.8918
116.469 39.8917
116.47 39.9048
116.466 39.9123
116.465 39.9125
116.445 39.9121
116.445 39.9203
116.444 39.9202
116.447 39.9256
116.451 39.9322
116.453 39.9321
116.467 39.9324
116.483 39.9323
116.493 39.9303
116.479 39.9218
116.479 39.9248
116.461 39.9326
116.456 39.9477
116.449 39.9497
116.448 39.9551
116.468 39.966
116.484 39.9776
116.484 39.9776
116.484 39.9776
116.483 39.9759
116.475 39.9659
116.47 39.9528
116.469 39.9377
116.456 39.9331
116.455 39.9115
116.454 39.9091
116.444 39.9158
116.445 39.9147
116.444 39.9152
116.442 39.9072
116.431 39.9074
116.431 39.9046
116.449 39.9068
116.456 39.9092
116.456 39.9469
116.456 39.9469
116.455 39.943
116.44 39.9324
116.43 39.9327
116.435 39.9351
116.445 39.9323
116.461 39.9289
116.466 39.9243
116.466 39.9243
116.466 39.9243
116.466 39.9243
116.466 39.9245
116.467 39.9289
116.467 39.9289
116.462 39.9282
116.456 39.9321
116.435 39.9324
116.43 39.9088
116.432 39.8693
116.381 39.8704
116.382 39.8688
116.382 39.8695
116.389 39.8822
116.412 39.8865
116.413 39.8994
116.412 39.9171
116.412 39.9187
116.428 39.9279
116.439 39.9502
116.444 39.9471
116.444 39.9415
116.445 39.9325
116.428 39.9317
116.422 39.8993
116.39 39.8988
116.365 39.8984
116.365 39.8984
116.315 39.8964
116.328 39.906
116.339 39.9126
116.357 39.9124
116.387 39.9252
116.369 39.9314
116.368 39.9337
116.374 39.9465
116.388 39.9618
116.395 39.9621
116.396 39.9625
116.402 39.9787
116.402 39.9787
116.427 39.9875
116.411 39.9848
116.418 39.9794
116.418 39.9776
116.419 39.954
116.427 39.9344
116.438 39.9273
116.437 39.9288
116.437 39.9283
116.442 39.9256
116.483 39.9142
116.483 39.9142
116.496 39.9124
116.493 39.9147
116.476 39.9143
116.456 39.9177
116.453 39.8922
116.422 39.8917
116.421 39.8862
116.412 39.8975
116.401 39.9067
116.366 39.9133
116.36 39.9126
116.367 39.9211
116.388 39.932
116.411 39.9394
116.447 39.9254
116.454 39.9269
116.473 39.9323
116.49 39.9416
116.49 39.9419
116.476 39.9325
116.475 39.9325
116.477 39.9326
116.455 39.9287
116.455 39.8739
116.463 39.8588
116.464 39.8593
116.462 39.8746
116.46 39.8918
116.472 39.9053
116.472 39.9172
116.472 39.9172
116.469 39.936
116.469 39.9361
116.469 39.9361
116.469 39.9361
116.449 39.9324
116.431 39.9346
116.427 39.9323
116.421 39.8963
116.423 39.895
116.417 39.9024
116.431 39.9229
116.437 39.9254
116.437 39.9265
116.437 39.9282
116.438 39.9283
116.43 39.9017
116.431 39.8672
116.431 39.8671
116.445 39.8809
116.456 39.891
116.452 39.9124
116.455 39.9179
116.458 39.9271
116.458 39.9272
116.453 39.9286
116.457 39.9274
116.457 39.9272
116.457 39.9273
116.457 39.9273
116.455 39.9269
116.455 39.9269
116.457 39.9271
116.458 39.9274
116.457 39.9274
116.457 39.9274
116.457 39.9275
116.457 39.9275
116.457 39.9275
116.457 39.9275
116.457 39.9274
116.457 39.9278
116.457 39.9274
116.457 39.9275
116.457 39.9275
116.464 39.9325
116.484 39.9507
116.477 39.9838
116.507 40.0111
116.506 40.0104
116.507 40.0111
116.507 40.011
116.507 40.011
116.507 40.011
116.507 40.011
116.507 40.011
116.504 40.0087
116.481 40.0011
116.481 40.0011
116.473 39.999
116.473 40.0003
116.473 40.0012
116.491 39.9996
116.544 40.0258
116.579 40.0464
116.582 40.0499
116.584 40.0568
116.583 40.0666
116.583 40.0756
116.587 40.0781
116.581 40.0766
116.573 40.0633
116.55 40.0642
116.528 40.0419
116.487 40.0017
116.466 40.0103
116.462 40.0101
116.467 40.0027
116.472 40.0003
116.472 39.9989
116.449 39.9798
116.386 39.9867
116.347 39.992
116.348 39.9982
116.335 39.9994
116.359 39.9924
116.394 39.9678
116.353 39.9806
116.353 39.9804
116.353 39.9803
116.374 39.9805
116.372 39.9488
116.422 39.9484
116.43 39.904
116.42 39.9037
116.42 39.9037
116.421 39.9121
116.42 39.9221
116.433 39.9391
116.433 39.9384
116.429 39.9324
116.43 39.9035
116.401 39.8994
116.401 39.8992
116.406 39.9077
116.42 39.9196
116.43 39.9322
116.431 39.9323
116.432 39.9323
116.427 39.9478
116.46 39.9726
116.447 39.9952
116.447 39.9945
116.46 39.9959
116.481 39.9883
116.496 39.9869
116.485 39.9751
116.485 39.9751
116.471 39.9954
116.459 40.0104
116.457 40.0119
116.457 40.0119
116.467 40.0037
116.467 40.002
116.468 39.9966
116.467 39.9942
116.467 39.9942
116.467 39.9948
116.467 39.9947
116.467 39.9949
116.473 39.9988
116.473 39.9988
116.473 39.9988
116.457 39.9851
116.433 39.9821
116.378 39.9669
116.317 39.9658
116.304 39.9268
116.315 39.9056
116.304 39.9165
116.319 39.9268
116.319 39.9426
116.316 39.9638
116.33 39.9674
116.33 39.9674
116.33 39.9674
116.33 39.9674
116.369 39.9665
116.373 39.9538
116.415 39.9675
116.427 39.954
116.426 39.9531
116.428 39.9582
116.433 39.965
116.433 39.965
116.43 39.9631
116.413 39.948
116.351 39.9429
116.35 39.9017
116.348 39.9018
116.347 39.9151
116.338 39.9294
116.338 39.9302
116.35 39.9412
116.414 39.948
116.469 39.975
116.564 40.0702
116.567 40.0716
116.565 40.0717
116.565 40.0717
116.564 40.0714
116.565 40.0715
116.565 40.0715
116.565 40.0715
116.565 40.0715
116.565 40.0715
116.565 40.0715
116.455 39.9462
116.456 39.9132
116.458 39.8945
116.456 39.8964
116.455 39.8963
116.484 39.8964
116.497 39.8695
116.567 39.8661
116.567 39.8661
116.575 39.8623
116.568 39.8651
116.541 39.8965
116.603 39.9071
116.644 39.921
116.652 39.9358
116.634 39.9258
116.585 39.9244
116.57 39.9232
116.523 39.9226
116.496 39.9219
116.483 39.954
116.435 39.9875
116.418 39.972
116.418 39.972
116.418 39.972
116.418 39.972
116.418 39.9725
116.431 39.9752
116.445 39.9758
116.453 39.9677
116.442 39.9475
116.429 39.9397
116.427 39.9347
116.432 39.9396
116.449 39.9353
116.457 39.9483
116.46 39.9491
116.484 39.9256
116.529 39.908
116.607 39.9111
116.585 39.9133
116.576 39.9389
116.531 39.9403
116.512 39.9775
116.508 40.0111
116.508 40.0111
116.518 40.0252
116.544 40.0587
116.555 40.099
116.576 40.1166
116.623 40.1163
116.665 40.1148
116.701 40.1243
116.78 40.1445
116.844 40.1514
116.917 40.152
116.981 40.1433
117.047 40.1454
117.09 40.1382
117.089 40.1334
117.088 40.124
117.088 40.124
117.088 40.124
117.088 40.124
117.088 40.124
117.088 40.124
117.088 40.124
117.088 40.124
117.088 40.124
117.088 40.124
117.088 40.124
117.088 40.124
117.088 40.124
117.088 40.1231
117.088 40.1231
117.088 40.1232
117.083 40.1273
117.084 40.1372
117.084 40.1373
117.084 40.1373
117.084 40.1373
117.086 40.1385
117.087 40.1232
117.088 40.1232
117.088 40.1232
117.088 40.1232
117.088 40.1232
117.088 40.1232
117.088 40.1232
117.088 40.1232
117.088 40.1232
117.088 40.1232
117.088 40.1232
117.088 40.1232
117.088 40.1232
117.088 40.1232
117.088 40.1232
117.088 40.1232
117.088 40.1232
117.088 40.1232
117.088 40.1232
117.088 40.1232
117.088 40.1232
117.088 40.1232
117.088 40.1232
117.088 40.1232
117.088 40.1232
117.088 40.1232
117.088 40.1232
117.088 40.1232
117.088 40.1232
117.088 40.1232
117.088 40.1232
117.088 40.1232
117.088 40.1232
117.088 40.1232
117.088 40.1232
117.088 40.1232
117.088 40.1232
117.088 40.1232
117.088 40.1232
117.088 40.1232
117.088 40.1232
117.088 40.1232
117.088 40.1232
117.088 40.1232
117.088 40.1232
117.088 40.1232
117.088 40.1232
117.088 40.1232
117.088 40.1232
117.088 40.1232
117.088 40.1232
117.088 40.1232
117.088 40.1232
117.088 40.1232
117.088 40.1233
117.088 40.1233
117.088 40.1233
117.088 40.1233
117.088 40.1233
117.088 40.1233
117.088 40.1233
117.088 40.1232
117.088 40.1232
117.088 40.1232
117.088 40.1232
117.088 40.1232
117.088 40.1232
117.088 40.1232
117.088 40.1232
117.088 40.1232
117.088 40.1232
117.088 40.1232
117.088 40.1232
117.088 40.1232
117.088 40.1232
117.088 40.1232
117.088 40.1232
117.088 40.1232
117.088 40.1232
117.088 40.1232
117.088 40.1232
117.088 40.1232
117.088 40.1232
117.088 40.1232
117.088 40.1232
117.088 40.1232
117.088 40.1232
117.088 40.1232
117.088 40.1232
117.089 40.1276
117.078 40.1441
116.998 40.1393
116.905 40.1526
116.819 40.1487
116.73 40.1222
116.663 40.115
116.606 40.1166
116.556 40.1065
116.541 40.0571
116.541 40.0571
116.517 40.0235
116.501 40.0055
116.489 39.9945
116.477 39.9832
116.418 39.9877
116.413 39.9788
116.412 39.9787
116.396 39.9704
116.404 39.9637
116.425 39.9579
116.419 39.9443
116.407 39.932
116.507 40.0109
116.37 39.9314
116.365 39.9225
116.374 39.9324
116.374 39.9465
116.389 39.9476
116.388 39.9625
116.395 39.9682
116.409 39.9477
116.414 39.9477
116.419 39.948
116.425 39.9811
116.425 39.9808
116.458 39.9781
116.464 39.984
116.484 39.9648
116.463 39.9472
116.469 39.9359
116.457 39.933
116.449 39.95
116.421 39.9685
116.418 39.9812
116.428 39.9823
116.428 39.9825
116.451 39.9826
116.462 39.9984
116.461 40.0004
116.459 39.9872
116.457 39.9649
116.44 39.949
116.43 39.9397
116.428 39.9203
116.415 39.8806
116.407 39.8717
116.407 39.8717
116.407 39.8717
116.415 39.8831
116.413 39.8929
116.419 39.9033
116.419 39.9033
116.42 39.9134
116.435 39.9199
116.436 39.9316
116.436 39.9316
116.455 39.9342
116.463 39.9322
116.476 39.9227
116.466 39.9293
116.466 39.9242
116.466 39.9242
116.466 39.924
116.466 39.924
116.466 39.9243
116.466 39.9244
116.434 39.9265
116.434 39.9265
116.43 39.9234
116.411 39.9479
116.383 39.9498
116.381 39.9614
116.398 39.9672
116.421 39.9608
116.43 39.9655
116.43 39.9648
116.421 39.9484
116.42 39.9368
116.42 39.9368
116.397 39.9323
116.367 39.9314
116.359 39.9224
116.35 39.9249
116.35 39.9249
116.357 39.931
116.379 39.9317
116.423 39.9322
116.427 39.9281
116.426 39.932
116.433 39.9255
116.42 39.9482
116.403 39.9479
116.403 39.9479
116.403 39.9488
116.402 39.9543
116.402 39.9558
116.411 39.968
116.41 39.9703
116.401 39.969
116.402 39.971
116.409 39.9762
116.401 39.9781
116.412 39.9661
116.42 39.9574
116.419 39.9547
116.419 39.9508
116.417 39.9486
116.421 39.935
116.412 39.9235
116.412 39.9235
116.412 39.9235
116.418 39.9319
116.451 39.9399
116.464 39.9624
116.475 39.9788
116.403 39.932
116.478 39.9753
116.516 40.016
116.516 40.016
116.58 40.0476
116.587 40.079
116.58 40.0625
116.567 40.0708
116.583 40.0614
116.583 40.0614
116.582 40.069
116.581 40.0708
116.581 40.0708
116.581 40.0708
116.581 40.0746
116.582 40.0746
116.583 40.0758
116.583 40.0759
116.583 40.0758
116.585 40.0768
116.585 40.0768
116.585 40.0767
116.587 40.0772
116.587 40.0772
116.587 40.0793
116.567 40.0352
116.498 39.9935
116.526 39.9404
116.52 39.9413
116.512 39.9153
116.499 39.915
116.476 39.9143
116.464 39.9216
116.456 39.9386
116.444 39.9468
116.44 39.9442
116.44 39.9442
116.429 39.9534
116.429 39.9535
116.429 39.9537
116.446 39.9575
116.445 39.9468
116.43 39.9399
116.411 39.9323
116.411 39.9292
116.428 39.9232
116.443 39.9215
116.463 39.9152
116.47 39.9198
116.464 39.92
116.456 39.9438
116.419 39.97
116.424 39.9689
116.42 39.9703
116.419 39.9492
116.356 39.9441
116.351 39.9003
116.315 39.8963
116.315 39.8975
116.323 39.8961
116.316 39.8961
116.329 39.9062
116.349 39.9127
116.359 39.913
116.367 39.9248
116.387 39.932
116.388 39.9473
116.389 39.9584
116.411 39.9606
116.411 39.9607
116.437 39.9637
116.449 39.979
116.457 39.9931
116.457 39.9931
116.457 39.9977
116.461 39.9891
116.451 39.987
116.449 39.9798
116.484 39.9353
116.484 39.8782
116.481 39.8593
116.471 39.8669
116.471 39.8909
116.472 39.9139
116.472 39.9139
116.46 39.9215
116.461 39.927
116.456 39.9286
116.456 39.9318
116.456 39.922
116.447 39.9131
116.447 39.9131
116.47 39.9123
116.467 39.9278
116.467 39.9262
116.445 39.9215
116.421 39.9231
116.42 39.9258
116.427 39.9322
116.427 39.9322
116.448 39.9357
116.449 39.9328
116.456 39.9371
116.481 39.9564
116.483 39.972
116.484 39.9692
116.466 39.9514
116.449 39.9351
116.449 39.9327
116.455 39.8927
116.454 39.8665
116.455 39.869
116.456 39.9064
116.435 39.9119
116.438 39.9321
116.428 39.9364
116.432 39.9395
116.465 39.9507
116.484 39.958
116.463 39.9502
116.462 39.9489
116.462 39.9488
116.463 39.9486
116.462 39.9484
116.462 39.9482
116.462 39.9483
116.462 39.9483
116.462 39.9482
116.468 39.944
116.467 39.9341
116.489 39.9377
116.489 39.9379
116.484 39.9325
116.455 39.9306
116.453 39.9272
116.459 39.9219
116.459 39.9219
116.459 39.9306
116.449 39.9311
116.45 39.931
116.438 39.9164
116.438 39.9059
116.438 39.9051
116.435 39.918
116.439 39.9217
116.43 39.9034
116.435 39.885
116.454 39.8948
116.456 39.9183
116.456 39.9479
116.479 39.9552
116.484 39.9787
116.501 40.0056
116.517 40.0237
116.545 40.06
116.555 40.1009
116.606 40.1166
116.647 40.1162
116.705 40.1236
116.766 40.1408
116.837 40.1511
116.924 40.1516
117.013 40.1409
117.09 40.142
117.089 40.1341
117.088 40.1232
117.088 40.1232
117.088 40.1232
117.088 40.1232
117.088 40.1232
117.088 40.1234
117.088 40.1233
117.088 40.1232
117.088 40.1232
117.088 40.1232
117.088 40.1232
117.088 40.1232
117.088 40.1232
117.088 40.1232
117.088 40.1232
117.088 40.1232
117.088 40.1232
117.088 40.1232
117.088 40.1232
117.088 40.1232
117.088 40.1232
117.088 40.1232
117.088 40.1232
117.088 40.1232
117.088 40.1232
117.088 40.1232
117.088 40.1232
117.088 40.1232
117.092 40.1238
117.088 40.1232
117.088 40.1232
117.088 40.1232
117.088 40.1232
117.088 40.1232
117.088 40.1232
117.088 40.1232
117.088 40.1232
117.088 40.1232
117.088 40.1232
117.088 40.1232
117.087 40.124
117.087 40.124
117.088 40.1272
117.105 40.1354
117.077 40.1441
117.02 40.1417
116.97 40.1461
116.915 40.1521
116.838 40.151
116.788 40.1459
116.852 40.1519
116.899 40.1523
116.826 40.1494
116.758 40.1384
116.69 40.1223
116.639 40.1163
116.582 40.1155
116.582 40.0911
116.582 40.064
116.575 40.0522
117.042 40.1446
116.581 40.0593
116.567 40.0706
116.573 40.0631
116.582 40.0683
116.582 40.0682
116.582 40.068
116.582 40.0682
116.582 40.0683
116.581 40.0674
116.581 40.0674
116.582 40.0683
116.582 40.0683
116.582 40.0683
116.582 40.0685
116.582 40.0686
116.582 40.0685
116.582 40.0685
116.581 40.0701
116.581 40.0701
116.581 40.0701
116.581 40.0701
116.583 40.06
116.55 40.0642
116.534 40.0537
116.517 40.0239
116.494 40.0016
116.494 40.0016
116.472 40.0051
116.471 40.0005
116.471 40.0005
116.488 40.0085
116.501 40.0212
116.502 40.0202
116.489 40.013
116.473 40.0046
116.472 40.0016
116.472 40.0016
116.483 39.9882
116.48 39.958
116.484 39.9011
116.484 39.9011
116.486 39.8742
116.494 39.8731
116.493 39.8735
116.474 39.883
116.455 39.8831
116.44 39.8833
116.436 39.8832
116.447 39.8921
116.455 39.8952
116.455 39.8952
116.455 39.8958
116.455 39.896
116.455 39.8958
116.466 39.9056
116.472 39.9066
116.472 39.9088
116.456 39.9122
116.445 39.9026
116.453 39.9069
116.455 39.9106
116.467 39.9102
116.456 39.9454
116.44 39.9557
116.436 39.9582
116.44 39.961
116.45 39.9531
116.453 39.953
116.456 39.9138
116.473 39.9066
116.472 39.9085
116.48 39.9138
116.479 39.9143
116.474 39.9144
116.456 39.9255
116.445 39.9325
116.428 39.9421
116.402 39.9479
116.402 39.9481
116.402 39.9492
116.389 39.9496
116.414 39.9477
116.414 39.9395
116.411 39.9261
116.412 39.9131
116.412 39.9069
116.414 39.9144
116.427 39.9227
116.434 39.9251
116.423 39.9071
116.394 39.9064
116.37 39.906
116.37 39.9095
116.37 39.9098
116.369 39.9096
116.357 39.9121
116.35 39.9237
116.369 39.9474
116.387 39.951
116.387 39.9511
116.374 39.9537
116.373 39.9682
116.373 39.9678
116.373 39.9678
116.376 39.9667
