116.319 39.9654
116.328 39.9743
116.328 39.9743
116.327 39.9832
116.307 39.9844
116.3 39.9841
116.301 39.9748
116.301 39.97
116.302 39.9614
116.298 39.9574
116.3 39.9522
116.304 39.9365
116.296 39.9308
116.298 39.9308
116.304 39.9202
116.304 39.9202
116.299 39.9063
116.299 39.9117
116.302 39.9116
116.311 39.91
116.315 39.9078
116.338 39.9058
116.367 39.9056
116.421 39.9073
116.418 39.9228
116.418 39.9222
116.42 39.9149
116.421 39.9044
116.421 39.9045
116.419 39.9036
116.414 39.9003
116.406 39.8914
116.393 39.8852
116.387 39.8843
116.385 39.8822
116.387 39.8793
116.387 39.8806
116.387 39.8806
116.387 39.8808
116.387 39.8807
116.387 39.8809
116.38 39.8818
116.379 39.8915
116.379 39.8984
116.385 39.8886
116.38 39.8883
116.373 39.8881
116.365 39.8881
116.351 39.889
116.32 39.8887
116.317 39.8898
116.31 39.8858
116.248 39.863
116.204 39.8417
116.181 39.8391
116.131 39.8485
116.115 39.8379
116.115 39.8379
116.122 39.8375
116.122 39.8375
116.115 39.8379
116.115 39.8379
116.115 39.8379
116.115 39.8379
116.115 39.8379
116.116 39.837
116.141 39.8461
116.184 39.8367
116.206 39.843
116.21 39.8436
116.225 39.8471
116.228 39.8485
116.228 39.8485
116.233 39.8543
116.224 39.8736
116.221 39.8734
116.226 39.8834
116.224 39.8953
116.218 39.8922
116.224 39.8952
116.237 39.9026
116.23 39.9025
116.236 39.9025
116.258 39.9026
116.268 39.9036
116.269 39.9111
116.27 39.9522
116.282 39.9514
116.271 39.9523
116.272 39.9516
116.282 39.9464
116.328 39.9367
116.35 39.9389
116.346 39.9404
116.353 39.9345
116.35 39.9338
116.351 39.9314
116.35 39.9231
116.35 39.9095
116.365 39.9057
116.368 39.9055
116.385 39.9059
116.403 39.9064
116.405 39.9063
116.405 39.9077
116.405 39.9077
116.397 39.9139
116.388 39.9419
116.389 39.9609
116.401 39.9867
116.394 39.9917
116.395 39.9939
116.395 39.9956
116.401 39.9904
116.401 39.9895
116.405 39.9672
116.413 39.9676
116.413 39.9676
116.419 39.9616
116.419 39.9616
116.419 39.9497
116.42 39.9356
116.42 39.9232
116.434 39.9213
116.434 39.9214
116.429 39.9126
116.401 39.9071
116.381 39.9061
116.364 39.9062
116.354 39.9142
116.354 39.9158
116.353 39.9141
116.35 39.9271
116.378 39.9474
116.427 39.94
116.411 39.937
116.401 39.9479
116.349 39.94
116.314 39.9323
116.325 39.9369
116.338 39.9271
116.35 39.9107
116.35 39.9037
116.331 39.8886
116.321 39.8887
116.319 39.883
116.319 39.883
116.319 39.883
116.319 39.883
116.305 39.9013
116.305 39.9042
116.332 39.9126
116.355 39.92
116.362 39.9308
116.383 39.9318
116.385 39.9321
116.35 39.9374
116.361 39.9664
116.43 39.955
116.433 39.9564
116.364 39.9395
116.354 39.9393
116.339 39.9223
116.338 39.9253
116.306 39.9269
116.304 39.9249
116.289 39.8796
116.262 39.8649
116.232 39.8554
116.198 39.8399
116.196 39.8376
116.138 39.8468
116.116 39.8379
116.115 39.8378
116.115 39.8378
116.115 39.8378
116.115 39.8379
116.115 39.8379
116.115 39.8379
116.115 39.8379
116.115 39.8379
116.115 39.8379
116.115 39.8379
116.115 39.8379
116.115 39.8379
116.115 39.8379
116.115 39.8379
116.115 39.8379
116.115 39.8379
116.115 39.8379
116.115 39.8379
116.115 39.8379
116.115 39.8379
116.115 39.838
116.115 39.8379
116.115 39.8379
116.115 39.8379
116.115 39.8379
116.115 39.8379
116.115 39.8379
116.115 39.8379
116.115 39.838
116.115 39.838
116.115 39.8379
116.115 39.8379
116.115 39.8379
116.115 39.8379
116.115 39.8379
116.115 39.8379
116.115 39.8379
116.115 39.8379
116.115 39.8379
116.115 39.8379
116.115 39.8379
116.115 39.8379
116.115 39.8379
116.115 39.8377
116.115 39.8378
116.115 39.8378
116.115 39.8378
116.115 39.8378
116.115 39.8378
116.115 39.8378
116.115 39.8378
116.115 39.8378
116.115 39.8378
116.115 39.8378
116.115 39.8379
116.115 39.8379
116.115 39.8379
116.115 39.8379
116.115 39.8379
116.115 39.8379
116.115 39.8379
116.115 39.8379
116.115 39.8379
116.115 39.8379
116.115 39.8379
116.115 39.8379
116.115 39.8379
116.115 39.8378
116.115 39.8378
116.115 39.8379
116.115 39.8379
116.115 39.8381
116.115 39.8379
116.115 39.838
116.117 39.831
116.116 39.8313
116.13 39.8081
116.157 39.809
116.157 39.8088
116.158 39.8093
116.158 39.8093
116.157 39.8088
116.157 39.8089
116.157 39.8089
116.157 39.8089
116.157 39.8089
116.157 39.8089
116.157 39.8089
116.153 39.8091
116.152 39.8091
116.148 39.8071
116.148 39.807
116.148 39.8068
116.148 39.8069
116.148 39.807
116.148 39.8069
116.148 39.8058
116.148 39.8061
116.149 39.8056
116.149 39.8071
116.123 39.8094
116.116 39.8361
116.115 39.8379
116.115 39.8379
116.115 39.8379
116.115 39.8379
116.115 39.8374
116.115 39.8378
116.115 39.8378
116.115 39.8378
116.115 39.8381
116.115 39.838
116.115 39.838
116.115 39.838
116.115 39.838
116.115 39.838
116.115 39.8376
116.115 39.8381
116.115 39.838
116.115 39.838
116.115 39.8379
116.115 39.8379
116.115 39.8379
116.115 39.8379
116.115 39.838
116.115 39.8379
116.115 39.838
116.115 39.8379
116.13 39.8457
116.196 39.8382
116.205 39.8434
116.205 39.8434
116.205 39.8434
116.205 39.844
116.205 39.8436
116.205 39.8436
116.205 39.843
116.205 39.8431
116.205 39.8439
116.205 39.8438
116.205 39.8437
116.205 39.8436
116.205 39.8436
116.205 39.8436
116.205 39.8436
116.205 39.8436
116.205 39.8453
116.205 39.8453
116.205 39.8453
116.205 39.8453
116.204 39.843
116.204 39.843
116.204 39.843
116.187 39.8346
116.168 39.8336
116.168 39.8184
116.15 39.8085
116.149 39.806
116.149 39.8059
116.149 39.8059
116.149 39.8059
116.15 39.8059
116.15 39.806
116.146 39.8082
116.122 39.8267
116.122 39.8267
116.115 39.8379
116.115 39.838
116.115 39.8379
116.115 39.8379
116.115 39.8379
116.115 39.8379
116.115 39.8379
116.115 39.8379
116.12 39.8306
116.149 39.8082
116.148 39.8082
116.148 39.8082
116.148 39.8081
116.148 39.8081
116.147 39.8082
116.123 39.8094
116.117 39.8363
116.11 39.8517
116.11 39.8517
116.11 39.8517
116.11 39.8518
116.111 39.8518
116.11 39.8518
116.11 39.8518
116.111 39.8463
116.115 39.8379
116.115 39.8379
116.115 39.8379
116.115 39.8379
116.115 39.8379
116.115 39.8379
116.115 39.8379
116.115 39.8379
116.115 39.8379
116.115 39.8379
116.115 39.8379
116.115 39.8379
116.115 39.8379
116.115 39.8379
116.115 39.8379
116.115 39.8379
116.115 39.8379
116.115 39.8379
116.115 39.8379
116.115 39.8379
116.115 39.8379
116.115 39.8379
116.115 39.8379
116.115 39.8379
116.115 39.8379
116.115 39.8379
116.115 39.8379
116.115 39.8379
116.115 39.8379
116.115 39.8379
116.115 39.8379
116.115 39.8379
116.115 39.8379
116.115 39.8379
116.115 39.8379
116.115 39.8379
116.115 39.8379
116.115 39.8379
116.115 39.8379
116.115 39.8379
116.115 39.8379
116.115 39.8379
116.115 39.8379
116.115 39.8379
116.115 39.8379
116.115 39.8379
116.115 39.8379
116.115 39.8379
116.115 39.8379
116.115 39.8379
116.115 39.8379
116.115 39.8379
116.115 39.8379
116.115 39.8379
116.115 39.8379
116.115 39.8379
116.115 39.8379
116.115 39.8379
116.115 39.8379
116.115 39.8379
116.115 39.8379
116.115 39.8379
116.115 39.8379
116.115 39.8379
116.115 39.8379
116.115 39.8379
116.115 39.8379
116.115 39.8379
116.115 39.8379
116.115 39.8379
116.115 39.8379
116.115 39.8379
116.115 39.8379
116.116 39.838
116.115 39.838
116.115 39.838
116.115 39.8379
116.115 39.8379
116.115 39.8379
116.115 39.8379
116.115 39.8379
116.115 39.8379
116.115 39.8379
116.115 39.8379
116.115 39.8379
116.115 39.8379
116.115 39.8379
116.115 39.8379
116.115 39.8379
116.115 39.8379
116.115 39.8379
116.115 39.8379
116.115 39.8379
116.115 39.8379
116.115 39.8379
116.115 39.8379
116.115 39.8379
116.115 39.8379
116.115 39.8379
116.115 39.8379
116.115 39.8379
116.115 39.8379
116.115 39.8379
116.115 39.8379
116.115 39.8379
116.115 39.8379
116.115 39.8379
116.115 39.8379
116.115 39.8379
116.115 39.8376
116.115 39.838
116.115 39.838
116.115 39.838
116.115 39.838
116.115 39.838
116.115 39.838
116.115 39.838
116.115 39.838
116.115 39.838
116.115 39.838
116.115 39.838
116.115 39.838
116.115 39.838
116.115 39.838
116.115 39.838
116.115 39.838
116.115 39.8379
116.115 39.8379
116.115 39.8379
116.115 39.8379
116.115 39.8379
116.115 39.838
116.115 39.8379
116.115 39.8376
116.115 39.8379
116.115 39.8379
116.115 39.8379
116.115 39.8379
116.115 39.8379
116.115 39.8379
116.115 39.8379
116.115 39.8379
116.115 39.8379
116.115 39.8379
116.115 39.8379
116.115 39.8379
116.115 39.8379
116.115 39.8379
116.115 39.8379
116.115 39.8379
116.115 39.8379
116.115 39.8379
116.123 39.8137
116.15 39.8085
116.183 39.8068
116.203 39.8204
116.21 39.8435
116.227 39.8483
116.251 39.8593
116.253 39.8603
116.272 39.8745
116.288 39.8882
116.305 39.8948
116.313 39.8954
116.313 39.8954
116.316 39.8948
116.319 39.8955
116.315 39.8894
116.306 39.8867
116.305 39.8861
116.305 39.898
116.317 39.906
116.329 39.9068
116.338 39.9129
116.348 39.9127
116.349 39.9127
116.351 39.9083
116.352 39.908
116.351 39.9082
116.351 39.9078
116.351 39.9078
116.352 39.9077
116.351 39.9075
116.35 39.9219
116.329 39.9368
116.313 39.938
116.303 39.9599
116.307 39.9615
116.308 39.9612
116.318 39.9505
116.319 39.9378
116.319 39.9378
116.347 39.9373
116.348 39.9363
116.349 39.9349
116.349 39.9341
116.347 39.9268
116.347 39.9229
116.347 39.9179
116.345 39.9122
116.341 39.9128
116.34 39.9128
116.337 39.9027
116.336 39.9021
116.363 39.9057
116.384 39.9059
116.392 39.9061
116.392 39.9061
116.398 39.9063
116.42 39.9049
116.42 39.9041
116.42 39.9052
116.42 39.9052
116.421 39.9043
116.421 39.9043
116.42 39.9041
116.42 39.9037
116.42 39.9038
116.413 39.9002
116.413 39.9002
116.406 39.899
116.412 39.8859
116.428 39.88
116.428 39.8789
116.432 39.8617
116.416 39.8565
116.414 39.8561
116.408 39.856
116.394 39.854
116.397 39.8508
116.407 39.8557
116.382 39.8561
116.351 39.8516
116.314 39.8529
116.293 39.8566
116.278 39.8456
116.251 39.8495
116.227 39.8489
116.169 39.8413
116.139 39.8464
116.117 39.8373
116.115 39.8378
116.115 39.8376
116.115 39.8377
116.115 39.8378
116.115 39.8378
116.115 39.8379
116.115 39.8379
116.115 39.8379
116.115 39.8379
116.115 39.8379
116.115 39.8379
116.115 39.8379
116.115 39.8379
116.115 39.8379
116.115 39.8379
116.115 39.8379
116.115 39.8379
116.115 39.8377
116.115 39.8377
116.115 39.8379
116.115 39.8379
116.115 39.8379
116.115 39.8379
116.115 39.8379
116.115 39.8379
116.115 39.8379
116.115 39.8379
116.115 39.8379
116.115 39.8379
116.115 39.8379
116.115 39.8379
116.115 39.8379
116.115 39.8379
116.115 39.8379
116.115 39.8379
116.115 39.8379
116.115 39.8379
116.115 39.8379
116.115 39.8379
116.115 39.8379
116.115 39.8371
116.116 39.8359
116.116 39.8359
116.115 39.8379
116.115 39.8379
116.115 39.8381
116.13 39.8468
116.171 39.841
116.199 39.8398
116.226 39.8477
116.247 39.858
116.251 39.8592
116.277 39.8516
116.327 39.8292
116.336 39.8063
116.322 39.7972
116.324 39.7898
116.333 39.8044
116.347 39.8448
116.352 39.8447
116.365 39.8451
116.38 39.8491
116.393 39.8592
116.413 39.8918
116.421 39.8923
116.419 39.9038
116.42 39.9037
116.421 39.9037
116.421 39.9039
116.422 39.9037
116.431 39.9028
116.463 39.9083
116.466 39.9091
116.463 39.912
116.471 39.9035
116.484 39.8997
116.487 39.8995
116.458 39.8995
116.441 39.9051
116.436 39.9044
116.435 39.9068
116.421 39.9083
116.39 39.9063
116.369 39.8985
116.369 39.8981
116.368 39.9102
116.371 39.9154
116.371 39.9153
116.372 39.912
116.37 39.908
116.368 39.9024
116.368 39.8961
116.368 39.8881
116.365 39.888
116.369 39.9076
116.35 39.902
116.347 39.8881
116.347 39.8893
116.366 39.8982
116.369 39.906
116.32 39.9062
116.305 39.8963
116.305 39.8569
116.305 39.8569
116.298 39.8564
116.288 39.8645
116.282 39.8751
116.306 39.8951
116.308 39.8954
116.308 39.8954
116.308 39.8954
116.308 39.8954
116.308 39.8954
116.308 39.8954
116.308 39.8954
116.308 39.8954
116.308 39.8954
116.308 39.8954
116.308 39.8954
116.308 39.8954
116.308 39.8954
116.308 39.8954
116.308 39.8954
116.308 39.8954
116.279 39.896
116.198 39.8399
116.167 39.8417
116.115 39.838
116.115 39.8379
116.115 39.8379
116.115 39.8379
116.115 39.8379
116.115 39.8379
116.115 39.8379
116.115 39.8379
116.115 39.8379
116.115 39.8379
116.115 39.8379
116.115 39.8379
116.115 39.8379
116.115 39.8379
116.115 39.8379
116.115 39.8379
116.115 39.8379
116.115 39.8379
116.115 39.8379
116.115 39.8379
116.115 39.8379
116.115 39.8379
116.115 39.8379
116.115 39.8379
116.115 39.8379
116.115 39.8379
116.115 39.8379
116.115 39.8379
116.115 39.8379
116.115 39.8379
116.115 39.8379
116.115 39.8379
116.115 39.8379
116.115 39.8379
116.115 39.8379
116.115 39.8379
116.115 39.8379
116.115 39.8379
116.115 39.8379
116.115 39.8379
116.115 39.8379
116.115 39.8379
116.115 39.8379
116.115 39.838
116.115 39.838
116.115 39.838
116.115 39.838
116.115 39.838
116.115 39.838
116.115 39.838
116.115 39.838
116.115 39.838
116.115 39.838
116.115 39.838
116.115 39.838
116.115 39.838
116.115 39.8373
116.115 39.8374
116.115 39.8375
116.115 39.8376
116.115 39.8376
116.115 39.8376
116.115 39.8377
116.115 39.8377
116.115 39.8377
116.115 39.8377
116.115 39.8378
116.115 39.8378
116.115 39.8379
116.115 39.8379
116.115 39.8379
116.115 39.8379
116.115 39.8379
116.115 39.838
116.115 39.8379
116.115 39.8379
116.115 39.8379
116.115 39.8379
116.115 39.8379
116.115 39.8379
116.115 39.8379
116.115 39.8379
116.115 39.8379
116.115 39.8379
116.115 39.8379
116.115 39.8379
116.115 39.838
116.115 39.838
116.115 39.838
116.115 39.838
116.115 39.838
116.115 39.838
116.115 39.838
116.115 39.838
116.115 39.838
116.115 39.838
116.115 39.838
116.115 39.838
116.115 39.838
116.115 39.838
116.115 39.838
116.115 39.838
116.115 39.838
116.115 39.838
116.115 39.838
116.115 39.838
116.115 39.838
116.115 39.8379
116.115 39.8379
116.115 39.8379
116.115 39.838
116.115 39.838
116.115 39.8379
116.115 39.8379
116.115 39.8379
116.115 39.8379
116.115 39.8379
116.115 39.838
116.115 39.838
116.115 39.838
116.115 39.8379
116.115 39.8379
116.115 39.8379
116.115 39.8379
116.115 39.8379
116.115 39.8379
116.115 39.8379
116.115 39.8379
116.115 39.8379
116.115 39.8379
116.115 39.8379
116.115 39.8379
116.115 39.8379
116.145 39.808
116.148 39.8063
116.148 39.8063
116.148 39.8063
116.149 39.8073
116.149 39.8073
116.15 39.8076
116.149 39.8073
116.149 39.8073
116.149 39.8073
116.149 39.8072
116.149 39.8072
116.149 39.8072
116.149 39.8072
116.149 39.8072
116.135 39.8073
116.117 39.8371
116.115 39.8378
116.115 39.8378
116.115 39.8379
116.115 39.8379
116.115 39.8379
116.115 39.8379
116.115 39.8379
116.115 39.8379
116.115 39.8379
116.115 39.8379
116.115 39.8379
116.115 39.8379
116.115 39.8379
116.115 39.8379
116.115 39.8379
116.115 39.8379
116.115 39.8379
116.115 39.8379
116.115 39.8383
116.115 39.8381
116.115 39.8381
116.115 39.838
116.115 39.838
116.115 39.838
116.122 39.8375
116.115 39.838
116.115 39.838
116.115 39.8379
116.115 39.8379
116.115 39.8379
116.115 39.8379
116.115 39.8379
116.115 39.8379
116.115 39.8379
116.115 39.8379
116.115 39.8379
116.115 39.8379
116.115 39.8378
116.115 39.8378
116.115 39.8379
116.115 39.8379
116.115 39.8379
116.115 39.8379
116.115 39.8379
116.115 39.8379
116.115 39.8379
116.115 39.8376
115.962 39.7589
116.115 39.8383
116.115 39.8379
116.115 39.8379
116.115 39.8379
116.115 39.8379
116.115 39.8379
116.115 39.8379
116.115 39.8379
116.115 39.8379
116.115 39.8379
116.115 39.8379
116.115 39.8379
116.115 39.8379
116.115 39.8379
116.115 39.8379
116.115 39.8379
116.115 39.8379
116.115 39.8379
116.115 39.8379
116.115 39.8379
116.115 39.8379
116.115 39.8379
116.115 39.8379
116.115 39.8379
116.115 39.8379
116.115 39.8379
116.115 39.8379
116.115 39.8379
116.115 39.8379
116.115 39.8379
116.115 39.8379
116.115 39.8379
116.115 39.8379
116.115 39.8379
116.115 39.8379
116.115 39.8379
116.115 39.8379
116.115 39.8379
116.115 39.8379
116.115 39.8379
116.115 39.8379
116.115 39.8379
116.115 39.8379
116.115 39.8379
116.115 39.8379
116.115 39.8379
116.115 39.8379
116.115 39.8379
116.115 39.8379
116.115 39.8379
116.115 39.8379
116.115 39.8379
116.115 39.8379
116.115 39.8379
116.115 39.8379
116.115 39.8379
116.115 39.8379
116.115 39.8379
116.115 39.8379
116.115 39.8379
116.115 39.8379
116.115 39.8379
116.115 39.8379
116.115 39.8379
116.115 39.8379
116.115 39.8379
116.115 39.8379
116.115 39.8379
116.115 39.8379
116.115 39.8379
116.115 39.8379
116.115 39.8379
116.115 39.8379
116.115 39.8379
116.115 39.8379
116.115 39.8379
116.115 39.8379
116.115 39.8379
116.115 39.8379
116.115 39.8378
116.115 39.8378
116.115 39.8379
116.115 39.8379
116.115 39.8379
116.115 39.8379
116.115 39.8379
116.115 39.8379
116.115 39.8379
116.115 39.8379
116.115 39.8379
116.115 39.8379
116.115 39.8379
116.115 39.8379
116.115 39.8379
116.115 39.8379
116.115 39.8379
116.115 39.8379
116.115 39.8379
116.115 39.8379
116.115 39.8379
116.115 39.8379
116.115 39.8379
116.115 39.8379
116.115 39.8379
116.115 39.8379
116.115 39.8379
116.115 39.8379
116.115 39.8379
116.115 39.8379
116.115 39.8379
116.115 39.8379
116.115 39.8379
116.115 39.8379
116.115 39.8379
116.115 39.8379
116.115 39.8379
116.115 39.8379
116.115 39.8379
116.115 39.8379
116.115 39.8379
116.115 39.8379
116.115 39.8379
116.115 39.8379
116.115 39.8379
116.115 39.8379
116.115 39.8381
116.115 39.8379
116.115 39.8379
116.115 39.8379
116.115 39.8379
116.115 39.8379
116.115 39.8379
116.115 39.8379
116.115 39.8379
116.115 39.8379
116.115 39.8379
116.115 39.8379
116.115 39.8379
116.115 39.8379
116.115 39.8379
116.115 39.8379
116.115 39.8379
116.115 39.8385
116.115 39.8383
116.115 39.8383
116.115 39.8379
116.115 39.838
116.115 39.838
116.115 39.838
116.115 39.838
116.115 39.838
116.115 39.838
116.115 39.838
116.115 39.838
116.115 39.838
116.115 39.838
116.115 39.8379
116.115 39.8379
116.115 39.8379
116.115 39.8379
116.115 39.8379
116.115 39.8379
116.115 39.8379
116.115 39.8379
116.115 39.8379
116.115 39.8379
116.115 39.8379
116.115 39.8379
116.115 39.8379
116.115 39.8378
116.115 39.8378
116.115 39.8381
116.115 39.8379
116.115 39.838
116.115 39.838
116.115 39.838
116.115 39.838
116.115 39.8379
116.115 39.8379
116.115 39.8379
116.115 39.8379
116.115 39.8379
116.115 39.8379
116.115 39.8379
116.115 39.8379
116.115 39.8379
116.115 39.8379
116.115 39.8379
116.115 39.8379
116.123 39.8119
116.147 39.8083
116.154 39.8086
116.18 39.8067
116.201 39.8138
116.201 39.8131
116.212 39.8087
116.212 39.8087
116.211 39.7932
116.203 39.8149
116.206 39.843
116.215 39.8442
116.239 39.8547
116.261 39.8639
116.271 39.8706
116.271 39.8706
116.35 39.9338
116.363 39.9391
116.367 39.9235
116.371 39.9201
116.371 39.9201
116.371 39.9201
116.368 39.9122
116.37 39.909
116.366 39.9117
116.366 39.9076
116.305 39.8713
116.288 39.8678
116.289 39.8742
116.289 39.8739
116.289 39.8733
116.288 39.8731
116.288 39.8731
116.288 39.8731
116.289 39.873
116.296 39.8794
116.296 39.8794
116.305 39.8884
116.302 39.9072
116.289 39.911
116.315 39.9078
116.329 39.9107
116.353 39.9119
116.367 39.9102
116.368 39.9101
116.368 39.8989
116.368 39.8865
116.36 39.8771
116.367 39.8879
116.368 39.8979
116.368 39.9086
116.335 39.9216
116.315 39.9267
116.31 39.9311
116.338 39.9269
116.361 39.9224
116.367 39.9224
116.383 39.9208
116.406 39.923
116.412 39.9111
116.418 39.9072
116.412 39.9139
116.407 39.9144
116.412 39.8931
116.413 39.8857
116.419 39.883
116.438 39.8905
116.456 39.9064
116.461 39.946
116.45 39.9349
116.449 39.9344
116.427 39.9313
116.409 39.9074
116.409 39.9074
116.417 39.9142
116.434 39.9227
116.455 39.9221
116.464 39.9506
116.492 39.9592
116.492 39.9593
116.477 39.955
116.437 39.9641
116.362 39.9665
116.34 39.9569
116.339 39.9558
116.367 39.9261
116.378 39.9032
116.378 39.892
116.367 39.88
116.368 39.8775
116.368 39.8911
116.368 39.8917
116.347 39.8882
116.341 39.8808
116.341 39.8811
116.343 39.8767
116.351 39.8764
116.371 39.8772
116.395 39.8775
116.4 39.8867
116.415 39.8916
116.417 39.8917
116.412 39.8975
116.422 39.9069
116.432 39.9044
116.435 39.9067
116.422 39.9324
116.403 39.9322
116.384 39.9321
116.397 39.9178
116.412 39.9042
116.412 39.9006
116.405 39.908
116.405 39.905
116.418 39.9031
116.413 39.9
116.385 39.8982
116.38 39.8975
116.356 39.8978
116.353 39.8984
116.335 39.8832
116.335 39.8833
116.311 39.8867
116.292 39.879
116.231 39.8511
116.204 39.843
116.195 39.8373
116.187 39.8309
116.187 39.8309
116.183 39.8375
116.129 39.8563
116.115 39.8379
116.115 39.8378
116.115 39.8378
116.115 39.8378
116.115 39.8378
116.115 39.8378
116.115 39.8378
116.115 39.8379
116.115 39.8379
116.115 39.8379
116.115 39.8379
116.115 39.8379
116.115 39.8379
116.115 39.8379
116.115 39.8379
116.115 39.8379
116.115 39.8379
116.115 39.8379
116.115 39.8379
116.115 39.8379
116.115 39.8379
116.115 39.8379
116.115 39.8379
116.115 39.8379
116.115 39.8379
116.115 39.8379
116.115 39.8379
116.115 39.8379
116.115 39.8379
116.115 39.8379
116.115 39.8379
116.115 39.8379
116.115 39.8379
116.115 39.8379
116.115 39.8379
116.115 39.8379
116.115 39.8379
116.115 39.8379
116.115 39.8379
116.115 39.8379
116.115 39.8379
116.115 39.8379
116.115 39.8379
116.115 39.8379
116.115 39.8379
116.115 39.8379
116.115 39.8379
116.115 39.8379
116.115 39.8379
116.115 39.8379
116.115 39.8379
116.115 39.8379
116.115 39.8379
116.115 39.8379
116.115 39.8379
116.115 39.8379
116.115 39.8379
116.115 39.8379
116.115 39.8379
116.115 39.8379
116.115 39.8379
116.115 39.8379
116.115 39.8379
116.115 39.8379
116.115 39.8379
116.115 39.8379
116.115 39.8379
116.115 39.8379
116.115 39.8379
116.115 39.8379
116.115 39.8379
116.115 39.8379
116.115 39.8379
116.115 39.8379
116.115 39.8379
116.115 39.8381
116.115 39.8381
116.115 39.8381
116.115 39.838
116.115 39.838
116.115 39.838
116.115 39.838
116.115 39.838
116.115 39.838
116.115 39.838
116.115 39.838
116.115 39.838
116.115 39.8378
116.115 39.838
116.115 39.838
116.115 39.838
116.115 39.8379
116.115 39.8379
116.115 39.8379
116.115 39.8379
116.115 39.8379
116.115 39.8379
116.115 39.8379
116.115 39.8379
116.115 39.8379
116.115 39.8379
116.115 39.8379
116.115 39.8379
116.115 39.8379
116.115 39.8379
116.115 39.8379
116.115 39.8379
116.115 39.8379
116.115 39.8379
116.115 39.8379
116.115 39.8379
116.115 39.8379
116.115 39.8379
116.115 39.8379
116.115 39.8379
116.115 39.8379
116.115 39.8379
116.115 39.8379
116.115 39.8379
116.115 39.8379
116.115 39.8379
116.115 39.8379
116.115 39.8379
116.115 39.8379
116.115 39.8379
116.115 39.8379
116.115 39.8379
116.115 39.8378
116.115 39.8378
116.115 39.8378
116.115 39.8378
116.115 39.8378
116.115 39.8378
116.116 39.8377
116.115 39.8376
116.115 39.8377
116.115 39.8378
116.115 39.8377
116.115 39.8377
116.115 39.8378
116.115 39.8378
116.115 39.8381
116.115 39.8381
116.115 39.838
116.115 39.838
116.115 39.8379
116.115 39.8379
116.115 39.8379
116.115 39.8379
116.115 39.838
116.115 39.838
116.115 39.8379
116.115 39.8379
116.115 39.8379
116.115 39.838
116.115 39.838
116.115 39.838
116.115 39.838
116.115 39.838
116.115 39.838
116.115 39.838
116.115 39.838
116.115 39.838
116.115 39.838
116.115 39.838
116.115 39.838
116.115 39.838
116.115 39.838
116.115 39.838
116.115 39.838
116.115 39.838
116.115 39.8379
116.115 39.8379
116.115 39.8379
116.115 39.8379
116.115 39.8379
116.115 39.8379
116.115 39.8379
116.115 39.8379
116.115 39.8379
116.115 39.8379
116.115 39.8379
116.115 39.8379
116.115 39.8379
116.115 39.8379
116.115 39.8379
116.115 39.8379
116.115 39.8379
116.115 39.8379
116.115 39.8379
116.115 39.8379
116.115 39.8379
116.115 39.8379
116.115 39.8379
116.115 39.8379
116.115 39.8379
116.115 39.8379
116.115 39.8379
116.115 39.8379
116.115 39.8379
116.115 39.838
116.115 39.8379
116.115 39.8379
116.115 39.8379
116.115 39.8377
116.115 39.8377
116.115 39.837
116.115 39.8375
116.115 39.8376
116.115 39.8377
116.115 39.8378
116.115 39.8381
116.115 39.838
116.115 39.838
116.115 39.838
116.115 39.838
116.115 39.838
116.115 39.8379
116.115 39.8379
116.115 39.8379
116.115 39.8379
116.115 39.838
116.115 39.8379
116.115 39.8379
116.115 39.8379
116.115 39.8379
116.115 39.8379
116.115 39.8379
116.115 39.838
116.115 39.8379
116.115 39.8379
116.115 39.8379
116.115 39.8379
116.115 39.8379
116.115 39.8379
116.115 39.8379
116.115 39.8379
116.115 39.8379
116.115 39.8379
116.115 39.8379
116.115 39.8379
116.115 39.8379
116.115 39.8379
116.115 39.8379
116.115 39.8379
116.115 39.8379
116.115 39.8379
116.115 39.8379
116.115 39.8377
116.115 39.8377
116.115 39.8377
116.115 39.8377
116.115 39.8377
116.115 39.8377
116.115 39.8377
116.115 39.8379
116.115 39.8379
116.115 39.838
116.115 39.838
116.115 39.838
116.115 39.8378
116.115 39.838
116.115 39.838
116.115 39.838
116.115 39.838
116.115 39.8379
116.115 39.8379
116.115 39.8379
116.115 39.838
116.115 39.838
116.115 39.8379
116.115 39.8379
116.115 39.8379
116.115 39.8379
116.115 39.8379
116.115 39.8379
116.115 39.8379
116.115 39.8379
116.115 39.8379
116.115 39.8379
116.115 39.8379
116.115 39.8379
116.115 39.8379
116.115 39.8379
116.115 39.8379
116.115 39.8379
116.115 39.8379
116.115 39.8379
116.115 39.8379
116.115 39.8379
116.115 39.8379
116.115 39.8379
116.115 39.8379
116.115 39.8379
116.115 39.8379
116.115 39.8379
116.115 39.8379
116.115 39.8379
116.115 39.8378
116.115 39.8378
116.115 39.8379
116.115 39.8379
116.115 39.8379
116.115 39.8379
116.115 39.8379
116.115 39.8379
116.115 39.8379
116.115 39.8379
116.115 39.8379
116.115 39.8379
116.115 39.8379
116.115 39.8379
116.115 39.8379
116.115 39.8379
116.115 39.8379
116.115 39.8379
116.115 39.8379
116.115 39.8379
116.115 39.8379
116.115 39.8379
116.115 39.8379
116.115 39.8379
116.115 39.8379
116.115 39.8379
116.115 39.8379
116.115 39.8379
116.115 39.8379
116.115 39.8379
116.115 39.8379
116.115 39.8381
116.115 39.838
116.115 39.838
116.115 39.838
116.115 39.838
116.115 39.838
116.115 39.838
116.115 39.838
116.115 39.838
116.115 39.838
116.115 39.838
116.115 39.838
116.115 39.838
116.115 39.8379
116.115 39.8379
116.115 39.8379
116.115 39.8379
116.115 39.8379
116.115 39.8379
116.115 39.8379
116.115 39.8379
116.115 39.8379
116.115 39.8379
116.115 39.8379
116.115 39.8379
116.115 39.8379
116.115 39.8379
116.115 39.8379
116.115 39.8379
116.115 39.8379
116.115 39.8381
116.115 39.838
116.115 39.838
116.115 39.838
116.115 39.838
116.115 39.838
116.115 39.838
116.115 39.838
116.115 39.838
116.115 39.838
116.115 39.838
116.115 39.838
116.115 39.838
116.115 39.838
116.115 39.8379
116.115 39.8379
116.115 39.8379
116.115 39.8379
116.115 39.8379
116.115 39.8379
116.115 39.8379
116.115 39.8379
116.115 39.8379
116.115 39.8379
116.115 39.8379
116.115 39.8379
116.115 39.8379
116.115 39.8379
116.115 39.8379
116.115 39.8379
116.115 39.8379
116.115 39.8379
116.115 39.8379
116.115 39.8379
116.115 39.8379
116.115 39.8379
116.115 39.8379
116.115 39.8379
116.115 39.8379
116.115 39.8379
116.115 39.8379
116.115 39.8379
116.115 39.8379
116.115 39.8379
116.115 39.8379
116.115 39.8379
116.115 39.8379
116.115 39.8379
116.115 39.8379
116.115 39.8379
116.115 39.838
116.115 39.838
116.115 39.8379
116.115 39.838
116.115 39.8379
116.115 39.8378
116.115 39.8378
116.115 39.8378
116.115 39.8378
116.115 39.8378
116.115 39.8378
116.115 39.8377
116.116 39.8378
116.115 39.8378
116.115 39.8378
116.115 39.8378
116.115 39.8378
116.115 39.8378
116.115 39.8378
116.115 39.838
116.115 39.8377
116.115 39.8378
116.115 39.8378
116.115 39.8379
116.115 39.8381
116.115 39.8381
116.115 39.8381
116.115 39.838
116.115 39.838
116.115 39.838
116.115 39.838
116.115 39.838
116.115 39.838
116.123 39.8089
116.149 39.8073
116.149 39.8073
116.149 39.8073
116.149 39.8073
116.149 39.8073
116.149 39.8073
116.149 39.8073
116.141 39.8074
116.119 39.8324
116.115 39.838
116.115 39.851
116.152 39.8617
116.21 39.8952
116.21 39.8952
116.28 39.8956
116.338 39.8963
116.351 39.9012
116.351 39.9216
116.36 39.9455
116.39 39.9475
116.417 39.9476
116.419 39.947
116.426 39.9574
116.435 39.955
116.435 39.9548
116.435 39.9548
116.436 39.9553
116.435 39.9551
116.436 39.955
116.435 39.955
116.435 39.955
116.436 39.9568
116.435 39.9548
116.435 39.9548
116.435 39.9558
116.435 39.9549
116.435 39.956
116.435 39.9553
116.435 39.9551
116.435 39.9551
116.435 39.9553
116.435 39.9549
116.436 39.9554
116.436 39.9554
116.436 39.9552
116.436 39.9556
116.436 39.9556
116.435 39.9553
116.435 39.9552
116.435 39.9553
116.435 39.9554
116.435 39.9554
116.435 39.9554
116.435 39.9554
116.435 39.9554
116.435 39.9554
116.436 39.9549
116.436 39.9549
116.435 39.9547
116.436 39.955
116.436 39.9561
116.436 39.9546
116.435 39.9558
116.436 39.9548
116.436 39.9547
116.425 39.9578
116.41 39.9558
116.402 39.9561
116.402 39.9559
116.402 39.9559
116.402 39.9559
116.402 39.9559
116.402 39.956
116.402 39.9562
116.402 39.9562
116.402 39.9559
