116.293 39.9837
116.278 39.9738
116.269 39.9494
116.278 39.9553
116.278 39.9553
116.272 39.9556
116.289 39.9483
116.294 39.9442
116.319 39.9374
116.318 39.9482
116.329 39.9551
116.329 39.966
116.348 39.9662
116.373 39.9665
116.389 39.967
116.397 39.9672
116.424 39.9681
116.439 39.9623
116.455 39.944
116.456 39.9324
116.457 39.9275
116.456 39.9316
116.455 39.9224
116.455 39.9129
116.463 39.9102
116.464 39.9075
116.46 39.9073
116.459 39.9073
116.457 39.9073
116.438 39.9059
116.438 39.9068
116.429 39.9224
116.426 39.9316
116.431 39.9278
116.43 39.9327
116.433 39.9454
116.444 39.9405
116.444 39.9178
116.432 39.9106
116.444 39.9158
116.44 39.922
116.428 39.9436
116.425 39.9545
116.435 39.9584
116.435 39.9584
116.469 39.9324
116.484 39.9217
116.515 39.9219
116.515 39.9216
116.496 39.922
116.466 39.9219
116.455 39.9637
116.483 39.9885
116.5 40.0062
116.498 40.0099
116.498 40.0099
116.498 40.0099
116.498 40.0099
116.498 40.0098
116.498 40.0098
116.498 40.0098
116.498 40.0098
116.498 40.0098
116.498 40.0098
116.498 40.0099
116.498 40.0098
116.498 40.0099
116.498 40.0098
116.498 40.0099
116.498 40.0099
116.498 40.0098
116.498 40.0098
116.498 40.0099
116.498 40.0099
116.498 40.0098
116.498 40.0099
116.498 40.0099
116.498 40.0099
116.498 40.0099
116.498 40.0099
116.498 40.0099
116.498 40.0099
116.498 40.0099
116.498 40.0099
116.498 40.0099
116.498 40.0099
116.498 40.0099
116.498 40.0099
116.498 40.0099
116.498 40.0099
116.498 40.0099
116.498 40.0099
116.498 40.0099
116.498 40.0099
116.498 40.0098
116.498 40.0098
116.498 40.0099
116.498 40.0098
116.498 40.0099
116.498 40.0098
116.498 40.0099
116.498 40.0099
116.498 40.0098
116.498 40.0099
116.498 40.0098
116.498 40.0098
116.498 40.0098
116.498 40.0098
116.498 40.0098
116.498 40.0099
116.498 40.0099
116.498 40.0098
116.498 40.0099
116.498 40.0099
116.498 40.0098
116.498 40.0099
116.498 40.0098
116.498 40.0099
116.498 40.0098
116.498 40.0099
116.498 40.0098
116.498 40.0098
116.498 40.0098
116.498 40.0098
116.498 40.0099
116.498 40.0098
116.498 40.0098
116.498 40.0098
116.498 40.0098
116.498 40.0098
116.498 40.0098
116.498 40.0098
116.498 40.0098
116.498 40.0099
116.498 40.0098
116.498 40.0098
116.498 40.0098
116.498 40.0099
116.498 40.0098
116.498 40.0098
116.498 40.0098
116.498 40.0099
116.498 40.0099
116.498 40.0098
116.498 40.0098
116.498 40.0098
116.498 40.0098
116.498 40.0098
116.498 40.0098
116.498 40.0099
116.498 40.0098
116.498 40.0098
116.498 40.0098
116.498 40.0099
116.498 40.0098
116.498 40.0099
116.5 40.0059
116.487 40.0065
116.487 40.0065
116.487 40.0063
116.472 40.0123
116.457 40.013
116.456 40.0127
116.456 40.0119
116.457 40.0117
116.461 40.004
116.461 40.004
116.457 39.9887
116.436 39.9863
116.401 39.9676
116.314 39.9693
116.306 39.9627
116.307 40.027
116.305 40.0412
116.296 40.0542
116.3 40.051
116.303 40.0409
116.303 40.0407
116.303 40.0405
116.303 40.0405
116.305 40.0346
116.31 40.0283
116.308 40.0222
116.328 40.0092
116.327 39.9917
116.341 39.9851
116.349 39.9801
116.349 39.9801
116.349 39.98
116.349 39.9801
116.35 39.9801
116.359 39.9804
116.389 39.9631
116.389 39.9618
116.39 39.9523
116.395 39.9693
116.395 39.9692
116.396 39.9687
116.372 39.9809
116.349 39.9801
116.349 39.9801
116.35 39.9801
116.35 39.9801
116.362 39.9805
116.386 39.9755
116.401 39.9756
116.404 39.9813
116.404 39.9813
116.415 39.9862
116.415 39.9867
116.415 39.987
116.428 39.9874
116.447 39.9805
116.456 39.9845
116.46 39.977
116.459 39.9766
116.459 39.9769
116.459 39.9765
116.458 39.9762
116.446 39.9815
116.399 39.9675
116.389 39.9592
116.389 39.9482
116.376 39.9477
116.371 39.9476
116.367 39.9475
116.366 39.9404
116.354 39.9392
116.354 39.9427
116.355 39.9353
116.353 39.9345
116.35 39.9299
116.35 39.9125
116.342 39.8948
116.342 39.8948
116.343 39.8705
116.368 39.8695
116.358 39.8744
116.362 39.8768
116.377 39.8774
116.387 39.8846
116.386 39.8821
116.38 39.882
116.379 39.8869
116.418 39.8918
116.439 39.8932
116.435 39.9047
116.451 39.905
116.451 39.9072
116.444 39.9212
116.445 39.9144
116.451 39.919
116.47 39.9143
116.477 39.9141
116.479 39.9193
116.472 39.9293
116.456 39.9389
116.457 39.9442
116.457 39.9442
116.457 39.9442
116.457 39.9441
116.457 39.9445
116.463 39.9503
116.47 39.9508
116.481 39.9562
116.484 39.9577
116.484 39.9707
116.484 39.9774
116.484 39.9774
116.484 39.9774
116.484 39.9774
116.482 39.979
116.476 39.9675
116.465 39.9744
116.457 39.9851
116.462 39.9896
116.462 39.9894
116.462 39.9894
116.481 39.9873
116.507 40.0109
116.528 40.0416
116.533 40.0637
116.533 40.0637
116.53 40.0674
116.535 40.0709
116.564 40.0629
116.549 40.0643
116.528 40.0413
116.504 40.0081
116.498 40.0074
116.498 40.0099
116.498 40.0099
116.498 40.0099
116.498 40.0099
116.498 40.01
116.498 40.0099
116.498 40.01
116.498 40.0099
116.498 40.01
116.498 40.0099
116.498 40.0099
116.498 40.0099
116.498 40.0099
116.498 40.0099
116.498 40.0099
116.498 40.0099
116.498 40.0099
116.498 40.0099
116.498 40.0099
116.498 40.0099
116.498 40.0099
116.498 40.0099
116.498 40.0099
116.498 40.0099
116.498 40.0099
116.498 40.0099
116.498 40.0099
116.498 40.0099
116.498 40.0099
116.498 40.0099
116.498 40.0099
116.498 40.0099
116.498 40.0099
116.498 40.0099
116.498 40.0099
116.498 40.0099
116.498 40.0099
116.498 40.0099
116.498 40.0099
116.498 40.0099
116.498 40.0099
116.498 40.0099
116.498 40.0099
116.498 40.0099
116.498 40.0099
116.498 40.0099
116.498 40.0099
116.498 40.0099
116.498 40.01
116.498 40.01
116.498 40.0099
116.498 40.0099
116.498 40.01
116.498 40.01
116.498 40.0099
116.498 40.0099
116.498 40.01
116.498 40.0099
116.498 40.01
116.498 40.0099
116.498 40.0099
116.498 40.0099
116.498 40.0099
116.498 40.0099
116.498 40.0099
116.498 40.01
116.498 40.0099
116.498 40.01
116.498 40.0099
116.498 40.0099
116.498 40.0099
116.498 40.0099
116.498 40.0098
116.498 40.0099
116.498 40.0099
116.498 40.01
116.498 40.0099
116.498 40.0099
116.498 40.0099
116.498 40.0099
116.498 40.01
116.498 40.01
116.498 40.0099
116.498 40.01
116.498 40.0099
116.498 40.0099
116.498 40.0099
116.498 40.0099
116.498 40.0099
116.498 40.01
116.498 40.0098
116.498 40.01
116.498 40.0099
116.498 40.01
116.498 40.0099
116.498 40.0099
116.498 40.0099
116.498 40.0099
116.498 40.0099
116.498 40.0099
116.498 40.0099
116.498 40.01
116.498 40.01
116.498 40.0099
116.498 40.0099
116.498 40.0099
116.498 40.0099
116.498 40.0098
116.498 40.0097
116.498 40.0098
116.498 40.0098
116.498 40.0098
116.498 40.0097
116.498 40.0098
116.498 40.0098
116.498 40.0098
116.498 40.0098
116.498 40.0098
116.498 40.0099
116.498 40.0098
116.498 40.0098
116.498 40.0099
116.498 40.0099
116.498 40.0099
116.498 40.0099
116.498 40.0098
116.498 40.0099
116.498 40.0099
116.498 40.0099
116.498 40.0099
116.498 40.0099
116.498 40.0099
116.498 40.0099
116.498 40.01
116.498 40.01
116.498 40.0099
116.498 40.0099
116.498 40.0099
116.498 40.01
116.498 40.0099
116.498 40.0099
116.498 40.0099
116.498 40.01
116.496 40.0085
116.491 40.0001
116.478 39.9928
116.481 39.9943
116.481 39.9942
116.481 39.9947
116.48 39.9943
116.448 39.9957
116.442 39.9939
116.419 39.9871
116.418 39.9729
116.425 39.9623
116.437 39.9642
116.437 39.9638
116.447 39.9571
116.483 39.9866
116.497 39.9792
116.484 39.9709
116.469 39.9664
116.469 39.9664
116.45 39.9791
116.443 39.9854
116.445 39.9836
116.446 39.9845
116.446 39.9835
116.444 39.9832
116.442 39.9937
116.451 39.9897
116.46 39.9817
116.451 39.9781
116.441 39.9713
116.442 39.9625
116.432 39.9622
116.437 39.9637
116.437 39.9636
116.437 39.9634
116.437 39.9635
116.437 39.9633
116.44 39.9613
116.445 39.9585
116.445 39.9582
116.445 39.9581
116.445 39.9583
116.445 39.9582
116.445 39.9582
116.445 39.9582
116.445 39.9582
116.445 39.9581
116.445 39.9581
116.445 39.958
116.445 39.9581
116.445 39.9581
116.454 39.949
116.463 39.9489
116.475 39.9542
116.477 39.9697
116.477 39.9736
116.472 39.9646
116.479 39.9323
116.463 39.916
116.483 39.9103
116.321 39.8721
116.321 39.8721
116.457 39.9024
116.454 39.8658
116.418 39.8566
116.394 39.8558
116.376 39.8442
116.381 39.8378
116.381 39.8276
116.381 39.8276
116.366 39.8135
116.38 39.8219
116.395 39.8153
116.395 39.8278
116.404 39.856
116.406 39.8637
116.412 39.8639
116.414 39.864
116.422 39.8643
116.424 39.866
116.429 39.8691
116.416 39.87
116.394 39.8756
116.389 39.8828
116.389 39.889
116.411 39.8915
116.433 39.8922
116.431 39.9046
116.441 39.9061
116.441 39.9061
116.441 39.9063
116.441 39.9066
116.441 39.9066
116.456 39.9124
116.455 39.9307
116.455 39.9264
116.454 39.9133
116.444 39.9147
116.445 39.9148
116.444 39.911
116.43 39.9072
116.439 39.8845
116.423 39.8644
116.42 39.8668
116.431 39.8769
116.434 39.8839
116.418 39.8921
116.413 39.8919
116.401 39.8995
116.393 39.905
116.391 39.9063
116.38 39.906
116.364 39.9059
116.32 39.9061
116.305 39.9079
116.305 39.9079
116.301 39.9066
116.3 39.9066
116.296 39.9066
116.298 39.9118
116.323 39.9097
116.336 39.9127
116.352 39.9071
116.351 39.9075
116.35 39.9279
116.372 39.9475
116.402 39.9567
116.411 39.9625
116.404 39.9637
116.396 39.9677
116.401 39.9814
116.399 39.9885
116.408 39.987
116.401 39.9896
116.409 39.9937
116.41 39.9935
116.405 39.9878
116.411 39.9841
116.418 39.9881
116.418 39.9881
116.448 39.9799
116.46 39.9769
116.459 39.9767
116.459 39.9767
116.459 39.9767
116.459 39.9769
116.459 39.9769
116.458 39.9764
116.461 39.9774
116.472 39.9943
116.467 40.0093
116.473 40.0125
116.475 40.0126
116.494 40.0066
116.498 40.0099
116.498 40.0099
116.498 40.0098
116.498 40.0099
116.498 40.0098
116.498 40.0099
116.498 40.0099
116.498 40.0099
116.498 40.0099
116.498 40.0099
116.498 40.0099
116.498 40.0098
116.498 40.0099
116.498 40.0099
116.498 40.0099
116.498 40.0099
116.498 40.0098
116.498 40.0099
116.498 40.0098
116.498 40.0099
116.498 40.0099
116.498 40.0099
116.498 40.0099
116.498 40.0099
116.498 40.0098
116.498 40.0099
116.498 40.0099
116.498 40.0099
116.498 40.0099
116.498 40.0099
116.498 40.0099
116.498 40.0099
116.498 40.0099
116.498 40.0099
116.498 40.0099
116.498 40.0099
116.498 40.0099
116.498 40.0099
116.498 40.0099
116.498 40.0099
116.498 40.0099
116.498 40.01
116.498 40.0099
116.498 40.0099
116.498 40.0099
116.498 40.0099
116.498 40.0099
116.498 40.0099
116.498 40.01
116.498 40.0099
116.498 40.0099
116.498 40.0099
116.498 40.0099
116.498 40.0099
116.498 40.0099
116.498 40.0099
116.498 40.0099
116.498 40.0099
116.498 40.0099
116.498 40.0099
116.498 40.0099
116.498 40.0099
116.498 40.0099
116.498 40.0099
116.498 40.0099
116.498 40.0098
116.498 40.0098
116.498 40.0099
116.498 40.0099
116.498 40.0098
116.498 40.0099
116.498 40.0098
116.498 40.0099
116.498 40.0099
116.498 40.0099
116.498 40.0099
116.498 40.0099
116.498 40.0099
116.498 40.0099
116.498 40.0099
116.498 40.0099
116.498 40.0099
116.498 40.0099
116.498 40.0099
116.498 40.0098
116.498 40.0098
116.498 40.0099
116.498 40.0098
116.498 40.0099
116.498 40.0099
116.498 40.0098
116.498 40.0098
116.498 40.0098
116.498 40.0099
116.498 40.0098
116.498 40.0099
116.498 40.0099
116.498 40.0099
116.498 40.0099
116.498 40.0099
116.498 40.0099
116.498 40.0099
116.498 40.0099
116.498 40.0099
116.498 40.0099
116.498 40.0098
116.498 40.0099
116.498 40.0099
116.498 40.0099
116.498 40.0099
116.498 40.0098
116.498 40.0099
116.498 40.0099
116.498 40.0099
116.498 40.0099
116.496 40.0094
116.5 40.0071
116.5 40.0061
116.482 40.0042
116.473 40.0023
116.473 40.0023
116.473 40.0023
116.472 40.0022
116.461 39.9889
116.439 39.9854
116.418 39.9801
116.419 39.9698
116.395 39.9691
116.396 39.9689
116.396 39.9689
116.383 39.9715
116.389 39.9507
116.412 39.948
116.429 39.9175
116.425 39.8995
116.406 39.8997
116.394 39.8989
116.386 39.9025
116.365 39.907
116.35 39.9265
116.372 39.9315
116.39 39.9319
116.403 39.934
116.403 39.934
116.41 39.9394
116.421 39.9351
116.421 39.9352
116.428 39.9396
116.444 39.9444
116.45 39.9502
116.455 39.9238
116.452 39.9078
116.444 39.9123
116.444 39.9143
116.444 39.9144
116.444 39.9144
116.445 39.9147
116.445 39.915
116.434 39.9207
116.434 39.9227
116.426 39.9348
116.421 39.935
116.421 39.9352
116.428 39.9198
116.426 39.9038
116.435 39.9065
116.44 39.9059
116.441 39.9064
116.441 39.9064
116.441 39.9066
116.454 39.9067
116.484 39.9069
116.517 39.9078
116.484 39.9096
116.485 39.9097
116.485 39.9104
116.485 39.9109
116.487 39.9111
116.484 39.928
116.467 39.9727
116.511 40.0131
116.577 40.0454
116.586 40.0769
116.58 40.0757
116.582 40.0642
116.563 40.0701
116.567 40.0716
116.567 40.0716
116.567 40.0715
116.567 40.0715
116.567 40.0716
116.567 40.0716
116.567 40.0716
116.567 40.0715
116.567 40.0715
116.567 40.0715
116.567 40.0715
116.567 40.0715
116.567 40.0715
116.567 40.0715
116.567 40.0715
116.567 40.0715
116.567 40.0715
116.567 40.0715
116.567 40.0715
116.567 40.0715
116.567 40.0715
116.567 40.0715
116.567 40.0715
116.567 40.0715
116.567 40.0715
116.567 40.0715
116.567 40.0715
116.567 40.0715
116.567 40.0715
116.567 40.0715
116.567 40.0715
116.567 40.0715
116.567 40.0715
116.567 40.0715
116.567 40.0715
116.567 40.0715
116.567 40.0715
116.564 40.0711
116.563 40.0657
116.572 40.0632
116.572 40.0632
116.572 40.0633
116.577 40.0627
116.577 40.0627
116.583 40.061
116.583 40.061
116.582 40.067
116.582 40.0669
116.582 40.0669
116.582 40.067
116.582 40.0695
116.581 40.0694
116.581 40.0694
116.581 40.0725
116.581 40.0732
116.581 40.0732
116.581 40.0732
116.583 40.0752
116.584 40.0766
116.576 40.0879
116.587 40.0776
116.577 40.0453
116.511 40.0133
116.444 39.9081
116.444 39.9117
116.473 40.0102
116.498 40.0099
116.498 40.0098
116.498 40.0099
116.498 40.0099
116.498 40.0099
116.498 40.0099
116.498 40.0098
116.498 40.0099
116.498 40.0098
116.498 40.0099
116.498 40.0099
116.498 40.0098
116.498 40.0099
116.498 40.0099
116.498 40.0099
116.498 40.0099
116.498 40.0099
116.498 40.0099
116.498 40.0098
116.498 40.0099
116.498 40.0099
116.498 40.0099
116.498 40.0099
116.498 40.0099
116.498 40.0098
116.498 40.0098
116.498 40.0097
116.498 40.0099
116.498 40.0098
116.498 40.0099
116.498 40.0099
116.498 40.0099
116.498 40.0098
116.498 40.0098
116.498 40.0099
116.498 40.0098
116.498 40.0098
116.498 40.0099
116.498 40.0099
116.498 40.0099
116.498 40.0099
116.498 40.0099
116.498 40.0098
116.498 40.0099
116.498 40.0099
116.498 40.0099
116.498 40.0098
116.498 40.0099
116.498 40.0098
116.498 40.0099
116.462 39.9897
116.462 39.9897
116.462 39.9898
116.462 39.9898
116.462 39.9897
116.462 39.9894
116.462 39.9894
116.457 39.9852
116.439 39.9504
116.466 39.9149
116.484 39.9488
116.491 39.9607
116.496 39.9649
116.497 39.9653
116.581 40.0594
116.543 40.0582
116.524 40.0336
116.502 40.0063
116.5 40.006
116.5 40.0071
116.5 40.007
116.498 40.0099
116.498 40.0099
116.498 40.0099
116.498 40.0099
116.498 40.0099
116.498 40.0099
116.517 40.0237
116.541 40.057
116.554 40.0959
116.574 40.1271
116.626 40.1612
116.636 40.2103
116.638 40.2432
116.661 40.3229
116.722 40.3274
116.824 40.3669
116.85 40.3705
116.89 40.3809
116.956 40.3661
117.015 40.3612
117.015 40.3613
117.015 40.3613
117.015 40.3613
117.015 40.3613
117.015 40.3613
117.015 40.3614
117.015 40.3612
116.306 40.3613
117.015 40.3613
117.015 40.3612
117.015 40.3612
117.015 40.3612
117.015 40.3612
117.015 40.3612
117.015 40.3612
117.015 40.3612
117.015 40.3612
117.015 40.3612
117.015 40.3612
117.015 40.3612
117.015 40.3612
117.015 40.3612
117.015 40.3612
117.015 40.3612
117.015 40.3612
117.015 40.3612
117.015 40.3612
117.015 40.3612
117.015 40.3612
117.015 40.3612
117.015 40.3612
117.015 40.3612
117.015 40.3612
117.015 40.3612
117.015 40.3612
117.015 40.3612
117.015 40.3612
117.015 40.3612
117.015 40.3612
117.015 40.3612
117.015 40.3612
117.015 40.3612
117.015 40.3612
117.015 40.3612
117.015 40.3612
117.015 40.3612
117.015 40.3612
117.015 40.3612
117.015 40.3612
117.015 40.3612
117.015 40.3612
117.015 40.3612
117.015 40.3612
117.015 40.3612
117.015 40.3612
117.015 40.3612
117.015 40.3612
117.015 40.3612
117.015 40.3612
117.015 40.3612
117.015 40.3612
117.015 40.3612
117.015 40.3612
117.015 40.3612
117.015 40.3612
117.015 40.3612
117.015 40.3612
117.015 40.3612
117.015 40.3612
117.015 40.3612
117.015 40.3613
117.015 40.3612
117.015 40.3612
117.015 40.3612
117.015 40.3612
117.015 40.3612
117.015 40.3612
117.015 40.3612
117.015 40.3611
117.015 40.3612
117.015 40.3612
117.015 40.3612
117.015 40.3612
117.015 40.3612
117.015 40.3612
117.015 40.3612
117.015 40.3612
117.015 40.3612
117.015 40.3612
117.015 40.3612
117.015 40.3612
117.015 40.3612
117.015 40.3612
117.015 40.3612
117.015 40.3612
117.015 40.3612
117.015 40.3612
117.015 40.3612
117.015 40.3612
117.015 40.3611
117.015 40.3611
117.015 40.3612
117.015 40.3612
117.015 40.3612
117.015 40.3612
117.015 40.3612
117.015 40.3612
117.015 40.3612
117.015 40.3611
117.015 40.3611
117.015 40.3612
117.015 40.3612
117.015 40.3612
117.015 40.3612
117.015 40.3612
117.015 40.3612
117.015 40.3612
117.015 40.3612
117.015 40.3613
117.015 40.3613
117.015 40.3612
117.015 40.3613
117.015 40.3613
117.015 40.3613
117.015 40.3613
117.015 40.3613
117.015 40.3613
117.015 40.3612
117.015 40.3613
117.015 40.3613
117.015 40.3613
117.015 40.3613
117.015 40.3613
117.015 40.3613
117.015 40.3612
117.015 40.3613
117.015 40.3612
117.015 40.3612
117.015 40.3612
117.015 40.3613
117.015 40.3612
117.015 40.3612
117.015 40.3612
117.015 40.3612
117.015 40.3612
117.015 40.3613
117.015 40.3613
117.015 40.3612
117.015 40.3612
117.015 40.3612
117.015 40.3612
117.015 40.3612
117.015 40.3612
117.015 40.3612
117.015 40.3612
117.015 40.3612
117.015 40.3613
117.015 40.3614
117.015 40.3614
117.016 40.3614
117.015 40.3612
117.015 40.3612
117.015 40.3613
117.015 40.3612
117.015 40.3612
117.015 40.3612
117.015 40.3612
117.015 40.3612
117.015 40.3612
117.015 40.3612
117.015 40.3612
117.015 40.3612
117.015 40.3612
117.015 40.3612
117.015 40.3612
117.015 40.3612
117.015 40.3612
117.015 40.3612
117.015 40.3612
117.015 40.3612
117.015 40.3612
117.015 40.3612
117.015 40.3612
117.015 40.3612
117.015 40.3611
117.015 40.3611
117.015 40.3612
117.015 40.3612
117.015 40.3612
117.015 40.3611
117.015 40.3612
117.015 40.3611
117.015 40.3612
117.015 40.3611
117.015 40.361
117.015 40.3611
117.015 40.3611
117.015 40.3612
117.016 40.3611
117.015 40.3611
117.016 40.3611
117.015 40.3611
117.016 40.3611
117.016 40.361
117.015 40.3612
117.015 40.3611
117.015 40.3612
117.015 40.3613
117.015 40.3613
117.015 40.3614
117.015 40.3612
117.015 40.3612
117.015 40.3612
117.015 40.3612
117.015 40.3612
117.015 40.3613
117.015 40.3613
117.015 40.3612
117.015 40.3612
117.015 40.3612
117.015 40.3612
117.015 40.3612
117.015 40.3612
117.015 40.3612
117.015 40.3612
117.015 40.3612
117.015 40.3612
117.015 40.3612
117.015 40.3612
117.015 40.3612
117.015 40.3612
117.015 40.3612
117.015 40.3612
117.015 40.3612
117.015 40.3613
117.015 40.3612
117.015 40.3612
117.015 40.3612
117.015 40.3612
117.003 40.3593
116.953 40.3677
116.892 40.3789
116.856 40.3751
116.829 40.3765
116.803 40.3601
116.744 40.3322
116.687 40.3268
116.644 40.3069
116.632 40.2704
116.642 40.2248
116.636 40.1792
116.594 40.1437
116.558 40.1107
116.549 40.0665
116.499 40.0039
116.475 39.982
116.443 39.954
116.424 39.9485
116.39 39.9477
116.35 39.9292
116.34 39.8966
116.312 39.8956
116.316 39.8952
116.316 39.8952
116.345 39.8968
116.349 39.9224
116.349 39.9309
116.351 39.9334
116.387 39.9475
116.42 39.9481
116.471 39.9766
116.533 40.0221
116.584 40.0553
116.585 40.0799
116.579 40.0626
116.567 40.0709
116.581 40.0701
116.581 40.072
116.581 40.072
116.581 40.072
116.581 40.0742
116.581 40.0743
116.58 40.0761
116.582 40.0761
116.583 40.0641
116.535 40.023
116.474 39.9795
116.427 39.9449
116.425 39.9037
116.421 39.904
116.431 39.9071
116.485 39.9056
116.496 39.9219
116.499 39.922
116.476 39.9269
116.457 39.9327
116.431 39.9325
116.43 39.9365
116.456 39.9404
116.466 39.9436
116.468 39.9451
116.478 39.9551
116.492 39.9596
116.495 39.9523
116.504 39.9548
116.49 39.962
116.484 39.9226
116.483 39.8727
116.508 39.8632
116.508 39.865
116.508 39.865
116.508 39.865
116.511 39.855
116.504 39.8661
116.496 39.8611
116.489 39.8792
116.481 39.8832
116.461 39.887
116.471 39.892
116.472 39.9036
116.43 39.9072
116.429 39.9393
116.441 39.945
116.437 39.9463
116.449 39.9347
116.427 39.9322
116.418 39.9071
116.383 39.9061
116.368 39.9041
116.368 39.8918
116.368 39.8741
116.365 39.8483
116.358 39.8678
116.343 39.8895
116.322 39.9371
116.356 39.9391
116.366 39.9468
116.398 39.9672
116.436 39.964
116.457 39.9656
116.488 39.9937
116.496 40.0079
116.496 40.0079
116.496 40.0079
116.496 40.0079
116.496 40.0079
116.496 40.0079
116.496 40.0079
116.496 40.0079
116.496 40.0079
116.496 40.0079
116.496 40.0079
116.498 40.0098
116.498 40.0098
116.498 40.0098
116.498 40.0098
116.498 40.0098
116.498 40.0098
116.498 40.0099
116.498 40.0098
116.498 40.0099
116.498 40.0098
116.498 40.0099
116.498 40.0099
116.498 40.0099
116.498 40.0098
116.498 40.0099
116.498 40.0099
116.498 40.0099
116.498 40.0099
116.498 40.0099
116.498 40.0098
116.498 40.0099
116.498 40.0098
116.498 40.0098
116.498 40.0098
116.498 40.0099
116.498 40.0099
116.498 40.0099
116.498 40.0099
116.498 40.0099
116.498 40.0099
116.498 40.0099
116.498 40.0099
116.498 40.0099
116.498 40.0099
116.498 40.0099
116.498 40.0099
116.498 40.0099
116.498 40.0098
116.498 40.0099
116.498 40.0099
116.498 40.0099
116.498 40.0099
116.498 40.0099
116.498 40.0098
116.498 40.0098
116.498 40.0098
116.498 40.0099
116.498 40.0099
116.498 40.0099
116.498 40.0099
116.498 40.0099
116.498 40.0099
116.498 40.0099
116.498 40.0099
116.498 40.0098
116.498 40.0099
116.498 40.0099
116.498 40.0098
116.498 40.0098
116.498 40.0099
116.498 40.0099
116.498 40.0099
116.498 40.0099
116.498 40.0099
116.498 40.0098
116.498 40.0098
116.498 40.0098
116.498 40.0098
116.498 40.0099
116.498 40.0098
116.498 40.0099
116.498 40.0098
116.498 40.0099
116.498 40.0099
116.498 40.0098
116.498 40.0098
116.498 40.0098
116.498 40.0098
116.498 40.0098
116.498 40.0098
116.498 40.0098
116.498 40.0098
116.498 40.0098
116.498 40.0098
116.498 40.0098
116.498 40.0098
116.498 40.0098
116.498 40.0099
116.498 40.0098
116.498 40.0099
116.498 40.0098
116.498 40.0098
116.498 40.0099
116.498 40.0098
116.498 40.0098
116.498 40.0099
116.498 40.0099
116.498 40.0099
116.498 40.0098
116.498 40.0098
116.498 40.0099
116.498 40.0098
116.498 40.0098
116.498 40.0098
116.498 40.0098
116.498 40.0099
116.498 40.0099
116.498 40.0098
116.498 40.0098
116.498 40.0099
116.498 40.0099
116.498 40.0099
116.498 40.0035
116.476 39.9828
116.451 39.9546
116.456 39.9511
116.445 39.9486
116.439 39.9399
116.428 39.9198
116.403 39.9067
116.371 39.906
116.371 39.9131
116.398 39.9064
116.439 39.9071
116.447 39.9075
116.451 39.9166
116.452 39.9171
116.452 39.9161
116.428 39.9228
116.414 39.9481
116.419 39.9578
116.422 39.9609
116.422 39.961
116.422 39.961
116.412 39.9682
116.388 39.9751
116.363 39.986
116.301 39.9842
116.306 39.9791
116.311 39.9757
116.329 39.9662
116.392 39.9672
116.452 39.9536
116.447 39.922
116.44 39.9211
116.452 39.916
116.456 39.9281
116.388 39.987
116.388 39.9871
116.388 39.9871
116.388 39.9871
116.388 39.9871
116.389 39.9598
116.408 39.9477
116.408 39.9394
116.425 39.9359
116.433 39.9379
116.444 39.9266
116.448 39.9178
116.444 39.9149
116.444 39.915
116.444 39.9078
116.472 39.9085
116.472 39.9269
116.484 39.9489
116.487 39.963
116.493 39.9787
116.493 39.9787
116.495 39.9599
116.484 39.9669
116.484 39.9898
116.517 40.0234
116.535 40.0535
116.554 40.0952
116.582 40.1336
116.625 40.1605
116.636 40.2144
116.632 40.2671
116.646 40.3095
116.705 40.327
116.775 40.3465
116.821 40.3666
116.841 40.3689
116.841 40.369
116.841 40.3691
116.841 40.3691
116.85 40.3702
116.891 40.3794
116.962 40.3645
117.004 40.3582
117.015 40.3612
117.015 40.3612
117.015 40.3612
117.015 40.3612
