116.5 40.0061
116.499 40.0071
116.488 39.9937
116.488 39.9937
116.482 39.9881
116.484 39.9785
116.488 39.9706
116.49 39.9706
116.493 39.9791
116.484 39.9861
116.483 39.987
116.483 39.987
116.478 39.9904
116.467 40.0012
116.448 39.9956
116.422 39.9878
116.433 39.9855
116.431 39.9831
116.436 39.9752
116.444 39.9707
116.449 39.9655
116.449 39.9655
116.449 39.9585
116.455 39.9413
116.455 39.9273
116.455 39.9119
116.469 39.9067
116.472 39.9015
116.482 39.8918
116.514 39.8899
116.486 39.892
116.468 39.8922
116.456 39.9171
116.444 39.9227
116.444 39.9227
116.432 39.9239
116.444 39.9137
116.435 39.9073
116.423 39.9041
116.428 39.907
116.443 39.9069
116.464 39.9068
116.472 39.9095
116.475 39.9215
116.477 39.9216
116.465 39.9243
116.459 39.9277
116.453 39.9323
116.444 39.9315
116.459 39.9323
116.467 39.9251
116.457 39.9177
116.455 39.9119
116.455 39.9119
116.468 39.9068
116.484 39.9171
116.47 39.9656
116.507 40.0099
116.572 40.0395
116.584 40.0586
116.588 40.0786
116.584 40.0527
116.544 40.0263
116.488 39.9923
116.479 39.9587
116.46 39.9495
116.457 39.9482
116.438 39.9398
116.42 39.9397
116.42 39.9247
116.421 39.9094
116.421 39.9051
116.415 39.9008
116.413 39.8999
116.408 39.8998
116.406 39.8997
116.41 39.9052
116.416 39.9069
116.426 39.9041
116.439 39.8864
116.445 39.8819
116.445 39.8803
116.455 39.8958
116.455 39.9293
116.465 39.9324
116.473 39.9314
116.472 39.9226
116.472 39.9126
116.472 39.9008
116.471 39.8877
116.463 39.8749
116.448 39.877
116.442 39.8804
116.448 39.8832
116.449 39.8832
116.443 39.8853
116.428 39.8815
116.454 39.883
116.469 39.883
116.472 39.8909
116.468 39.9038
116.485 39.9085
116.485 39.9085
116.511 39.9228
116.51 39.9294
116.511 39.9222
116.507 39.915
116.516 39.9157
116.515 39.9154
116.524 39.9157
116.548 39.9147
116.557 39.9147
116.557 39.9147
116.569 39.9139
116.563 39.9146
116.588 39.9079
116.617 39.9052
116.633 39.9014
116.657 39.8991
116.664 39.8946
116.657 39.8991
116.655 39.9072
116.66 39.925
116.715 39.94
116.674 39.9285
116.65 39.9215
116.624 39.926
116.58 39.9273
116.57 39.9139
116.561 39.9147
116.578 39.9188
116.558 39.9149
116.557 39.9149
116.557 39.9149
116.542 39.9149
116.513 39.9155
116.492 39.9146
116.441 39.9844
116.378 39.9866
116.369 40.0096
116.381 39.9853
116.374 39.9701
116.376 39.9481
116.385 39.9483
116.387 39.9483
116.366 39.945
116.364 39.9222
116.366 39.9194
116.367 39.9207
116.367 39.9378
116.364 39.9623
116.402 39.9674
116.434 39.9656
116.455 39.9455
116.455 39.9308
116.456 39.9181
116.472 39.9074
116.48 39.8993
116.47 39.8992
116.456 39.9123
116.454 39.9531
116.433 39.9604
116.432 39.9611
116.43 39.9622
116.425 39.9582
116.412 39.9684
116.411 39.9741
116.422 39.9677
116.455 39.9516
116.455 39.9516
116.455 39.926
116.463 39.9156
116.472 39.9073
116.471 39.9055
116.471 39.9058
116.471 39.9055
116.471 39.9057
116.455 39.9004
116.456 39.8931
116.451 39.9118
116.449 39.9196
116.456 39.8994
116.469 39.9066
116.456 39.9212
116.437 39.9639
116.411 39.9676
116.416 39.958
116.435 39.9536
116.462 39.9496
116.472 39.927
116.472 39.9085
116.471 39.9057
116.471 39.9059
116.471 39.9059
116.47 39.9059
116.449 39.9071
116.425 39.9037
116.426 39.9037
116.43 39.8997
116.451 39.9028
116.471 39.9058
116.441 39.9072
116.401 39.9066
116.381 39.8989
116.303 39.8969
116.314 39.895
116.317 39.8991
116.351 39.8977
116.38 39.8987
116.412 39.8997
116.438 39.8923
116.471 39.9057
116.471 39.8936
116.471 39.8813
116.466 39.8706
116.465 39.8581
116.469 39.8391
116.446 39.8314
116.444 39.8256
116.444 39.8256
116.444 39.8259
116.448 39.8229
116.476 39.8433
116.484 39.8906
116.484 39.9423
116.471 39.9776
116.48 39.9858
116.481 39.987
116.507 40.0108
116.502 40.0067
116.501 40.0064
116.501 40.0064
116.501 40.0063
116.501 40.0064
116.498 40.0031
116.482 39.988
116.46 39.9684
116.447 39.9564
116.431 39.9675
116.388 39.9672
116.348 39.9664
116.302 39.9593
116.304 39.9325
116.304 39.91
116.304 39.8927
116.305 39.8775
116.301 39.8798
116.301 39.8802
116.301 39.8803
116.301 39.8803
116.304 39.8865
116.304 39.9004
116.302 39.8786
116.301 39.8793
116.305 39.8794
116.308 39.8656
116.316 39.8625
116.308 39.8646
116.308 39.8646
116.308 39.8673
116.306 39.8724
116.309 39.8759
116.31 39.8857
116.313 39.8956
116.316 39.8956
116.378 39.8986
116.395 39.9063
116.419 39.9068
116.421 39.904
116.415 39.9007
116.413 39.8999
116.407 39.8996
116.406 39.8994
116.421 39.8961
116.415 39.9008
116.433 39.8982
116.433 39.8694
116.432 39.8621
116.428 39.8575
116.418 39.8566
116.408 39.8557
116.408 39.8452
116.409 39.8431
116.409 39.8431
116.409 39.8409
116.409 39.8365
116.409 39.8426
116.408 39.8536
116.408 39.8551
116.379 39.8557
116.342 39.8584
116.343 39.8935
116.351 39.9012
116.351 39.9127
116.35 39.9272
116.36 39.9451
116.364 39.9464
116.355 39.9441
116.35 39.9491
116.35 39.9427
116.337 39.9374
116.323 39.9374
116.338 39.9324
116.342 39.9311
116.357 39.931
116.374 39.9315
116.382 39.9343
116.382 39.9343
116.373 39.9411
116.373 39.9506
116.377 39.9616
116.375 39.9674
116.362 39.9667
116.359 39.9667
116.344 39.9665
116.339 39.9665
116.329 39.9665
116.303 39.9505
116.287 39.9466
116.269 39.9625
116.248 39.9823
116.251 40.0033
116.252 40.0047
116.274 40.0008
116.281 40.0128
116.278 40.0189
116.288 40.0228
116.299 40.0242
116.312 40.0118
116.312 40.0118
116.31 39.9917
116.31 39.983
116.315 39.9659
116.328 39.9682
116.328 39.9681
116.387 39.9809
116.388 39.962
116.389 39.949
116.372 39.9668
116.372 39.9668
116.325 39.9678
116.318 39.9657
116.331 39.9661
116.346 39.9662
116.36 39.9666
116.303 39.9532
116.304 39.9245
116.304 39.9093
116.304 39.9094
116.304 39.8979
116.303 39.884
116.31 39.8956
116.313 39.8955
116.315 39.8956
116.328 39.8958
116.372 39.8985
116.399 39.8993
116.422 39.8993
116.456 39.941
116.468 39.9747
116.468 39.9747
116.466 39.9903
116.465 39.9943
116.464 39.9919
116.461 40.0141
116.436 40.0206
116.435 40.0249
116.403 39.9873
116.388 39.9757
116.389 39.952
116.402 39.9435
116.403 39.9281
116.405 39.9172
116.415 39.9068
116.422 39.9037
116.429 39.9037
116.449 39.8921
116.455 39.8961
116.464 39.9215
116.463 39.9221
116.445 39.9216
116.428 39.9168
116.413 39.8657
116.427 39.8694
116.402 39.8716
116.41 39.8719
116.414 39.8852
116.419 39.9034
116.42 39.9034
116.423 39.9035
116.423 39.9035
116.455 39.8921
116.455 39.8974
116.456 39.9105
116.455 39.9098
116.455 39.9097
116.455 39.9095
116.455 39.9093
116.455 39.9093
116.455 39.9092
116.437 39.8951
116.406 39.8915
116.389 39.884
116.395 39.8903
116.412 39.8997
116.429 39.9037
116.456 39.8975
116.455 39.9097
116.455 39.9094
116.455 39.9093
116.455 39.9092
116.455 39.9092
116.455 39.9092
116.455 39.9092
116.455 39.9093
116.455 39.9093
116.455 39.9093
116.455 39.9216
116.432 39.967
116.412 39.9875
116.402 39.9859
116.401 39.9916
116.401 39.9749
116.428 39.9681
116.451 39.9547
116.455 39.9453
116.455 39.9451
116.455 39.9317
116.455 39.9278
116.445 39.9212
116.445 39.9212
116.455 39.9181
116.474 39.9068
116.491 39.907
116.493 39.9066
116.514 39.9069
116.483 39.9084
116.471 39.9072
116.435 39.913
116.429 39.9232
116.42 39.9142
116.421 39.9037
116.415 39.9007
116.407 39.8995
116.407 39.8995
116.421 39.899
116.42 39.9036
116.424 39.9036
116.43 39.9034
116.453 39.8921
116.455 39.8921
116.456 39.9038
116.456 39.9111
116.456 39.9318
116.455 39.9523
116.473 39.98
116.469 39.9916
116.482 39.9879
116.502 40.0066
116.502 40.0065
116.502 40.0065
116.499 40.007
116.498 40.0032
116.498 40.0032
116.498 40.0028
116.466 39.9987
116.467 40.0024
116.467 40.0023
116.467 40.0024
116.467 40.0024
116.46 40.0001
116.459 40.0009
116.465 40.0074
116.467 40.0024
116.467 40.0023
116.457 40
116.467 40.0024
116.467 40.0023
116.466 39.9993
116.452 39.9883
116.457 39.995
116.467 40.0022
116.462 40.0012
116.475 40.0045
116.467 40.0007
116.464 39.9937
116.464 39.9936
116.466 39.9934
116.479 39.9812
116.482 39.972
116.497 39.9638
116.498 39.9635
116.497 39.9704
116.485 39.9618
116.471 39.9529
116.456 39.9481
116.455 39.933
116.456 39.9191
116.46 39.9122
116.448 39.9072
116.461 39.9121
116.461 39.9121
116.469 39.9101
116.47 39.9089
116.472 39.9067
116.468 39.9039
116.465 39.9068
116.471 39.8954
116.471 39.8832
116.488 39.8753
116.484 39.8767
116.468 39.892
116.464 39.8921
116.458 39.8994
116.468 39.8993
116.47 39.9068
116.478 39.9141
116.492 39.9143
116.5 39.9146
116.512 39.9154
116.511 39.9333
116.511 39.9333
116.511 39.9333
116.501 39.9219
116.498 39.9271
116.496 39.9339
116.492 39.9424
116.495 39.9391
116.503 39.9473
116.501 39.94
116.496 39.9351
116.511 39.9462
116.514 39.9487
116.514 39.9487
116.499 39.9358
116.483 39.9528
116.474 39.981
116.494 39.9991
116.498 40.0071
116.498 40.0071
116.498 40.0071
116.498 40.007
116.5 40.0062
116.506 40.0105
116.506 40.0105
116.506 40.0105
116.506 40.0105
116.506 40.0105
116.506 40.0105
116.506 40.0105
116.506 40.0105
116.506 40.0105
116.506 40.0105
116.506 40.0105
116.506 40.0105
116.506 40.0105
116.506 40.0105
116.506 40.0105
116.506 40.0105
116.506 40.0105
116.506 40.0105
116.506 40.0105
116.506 40.0105
116.506 40.0105
116.506 40.0105
116.506 40.0105
116.506 40.0105
116.506 40.0105
109.534 19.5365
109.534 19.5365
109.534 19.5365
116.482 39.9882
116.473 39.9801
116.446 39.9565
116.45 39.94
116.43 39.9397
116.409 39.9395
116.399 39.9395
116.403 39.9394
116.422 39.9396
116.444 39.9278
116.44 39.9211
116.436 39.9211
116.435 39.9142
116.429 39.9038
116.429 39.9038
116.413 39.8998
116.398 39.8995
116.4 39.8993
116.417 39.8991
116.431 39.9069
116.445 39.907
116.456 39.9214
116.456 39.932
116.452 39.9539
116.427 39.9683
116.419 39.9679
116.45 39.9589
116.476 39.9828
116.485 39.9907
116.538 40.0557
116.551 40.074
116.565 40.1196
116.605 40.1508
116.636 40.1826
116.637 40.2166
116.632 40.2573
116.642 40.3037
116.686 40.3267
116.746 40.3327
116.8 40.3583
116.84 40.3715
116.835 40.375
116.826 40.3767
116.805 40.3849
116.805 40.3849
116.748 40.3923
116.734 40.3905
116.752 40.3868
116.82 40.3737
116.819 40.3629
116.819 40.363
116.819 40.363
116.839 40.3683
116.85 40.375
116.809 40.3823
116.797 40.3891
116.797 40.3891
116.796 40.3891
116.797 40.3892
116.797 40.3892
116.797 40.3892
116.797 40.3892
116.797 40.3892
116.797 40.3892
116.797 40.3892
116.797 40.3892
116.797 40.3892
116.797 40.3892
116.797 40.3892
116.797 40.3892
116.797 40.3892
116.797 40.3892
116.797 40.3892
116.796 40.3892
116.796 40.3892
116.796 40.3892
116.796 40.3892
116.796 40.3892
116.796 40.3892
116.796 40.3892
116.796 40.3892
116.796 40.3892
116.796 40.3892
116.796 40.3892
116.796 40.3892
116.796 40.3892
116.796 40.3892
116.796 40.3892
116.796 40.3892
116.796 40.3892
116.796 40.3892
116.796 40.3892
116.796 40.3892
116.796 40.3892
116.796 40.3892
116.796 40.3892
116.819 40.3629
116.819 40.363
116.819 40.363
116.819 40.363
116.819 40.363
116.819 40.363
116.819 40.363
116.819 40.363
116.819 40.363
116.819 40.363
116.819 40.363
116.819 40.363
116.819 40.363
116.819 40.363
116.819 40.363
116.819 40.363
116.819 40.363
116.819 40.363
116.819 40.363
116.819 40.363
116.819 40.363
116.819 40.363
116.819 40.363
116.819 40.363
116.83 40.3618
116.862 40.3726
116.862 40.3726
116.858 40.3795
116.853 40.3803
116.856 40.3773
116.856 40.3773
116.856 40.3773
116.856 40.3773
116.856 40.3773
116.856 40.3773
116.856 40.3773
116.856 40.3773
116.856 40.3773
116.856 40.3773
116.856 40.3773
116.856 40.3773
116.856 40.3773
116.856 40.3773
116.856 40.3773
116.856 40.3773
116.856 40.3773
116.856 40.3773
116.856 40.3773
116.856 40.3773
116.856 40.3773
116.856 40.3773
116.856 40.3773
116.856 40.3773
116.856 40.3773
116.851 40.3751
116.851 40.3751
116.84 40.3747
116.833 40.368
116.819 40.3629
116.819 40.363
116.819 40.363
116.819 40.363
116.819 40.363
116.819 40.363
116.819 40.363
116.819 40.363
116.819 40.363
116.819 40.363
116.819 40.363
