116.24 40.1452
116.25 40.1448
116.252 40.1449
116.262 40.1292
116.262 40.1268
116.266 40.1251
116.265 40.1265
116.265 40.1271
116.264 40.1306
116.258 40.1414
116.274 40.1459
116.278 40.1535
116.279 40.1561
116.278 40.1549
116.275 40.1529
116.277 40.1544
116.256 40.1411
116.254 40.1439
116.249 40.1476
116.243 40.144
116.24 40.1452
116.241 40.1454
116.253 40.1427
116.253 40.1427
116.256 40.1409
116.281 40.148
116.279 40.153
116.279 40.1559
116.279 40.1561
116.279 40.1561
116.279 40.1561
116.278 40.1554
116.266 40.1678
116.266 40.1678
116.252 40.1713
116.242 40.1702
116.23 40.1856
116.224 40.1992
116.215 40.2154
116.208 40.2338
116.209 40.2243
116.216 40.2201
116.216 40.2201
116.221 40.219
116.221 40.2191
116.207 40.2333
116.212 40.2377
116.21 40.2377
116.209 40.2259
116.214 40.2225
116.237 40.2214
116.237 40.2199
116.234 40.2196
116.234 40.2149
116.235 40.2034
116.234 40.1905
116.233 40.1777
116.238 40.1632
116.238 40.1632
116.24 40.1635
116.243 40.1647
116.239 40.1632
116.24 40.161
116.247 40.1508
116.266 40.1321
116.266 40.1319
116.268 40.1322
116.268 40.1322
116.269 40.1312
116.269 40.1308
116.257 40.1395
116.271 40.1452
116.281 40.1477
116.277 40.153
116.273 40.1459
116.26 40.1422
116.248 40.1479
116.243 40.144
116.24 40.1452
116.241 40.1454
116.241 40.1439
116.253 40.1428
116.256 40.139
116.262 40.1233
116.263 40.0751
116.267 40.0686
116.3 40.0508
116.3 40.0508
116.292 40.051
116.292 40.051
116.279 40.0705
116.278 40.07
116.264 40.0756
116.263 40.0751
116.263 40.0755
116.266 40.0855
116.363 40.0007
116.364 40.0001
116.373 40.0004
116.373 39.9929
116.373 39.9929
116.371 39.9959
116.368 39.9956
116.369 39.9956
116.381 39.9961
116.382 39.976
116.382 39.9754
116.388 39.9676
116.398 39.9475
116.42 39.9372
116.425 39.9352
116.425 39.9352
116.42 39.9352
116.419 39.9453
116.419 39.9458
116.419 39.9488
116.419 39.9523
116.419 39.9523
116.414 39.9526
116.41 39.948
116.408 39.948
116.385 39.9476
116.362 39.9461
116.36 39.9455
116.36 39.9455
116.35 39.9428
116.349 39.9359
116.349 39.9351
116.35 39.9239
116.35 39.9186
116.35 39.9178
116.352 39.9156
116.354 39.9224
116.354 39.9224
116.347 39.9224
116.338 39.927
116.338 39.9277
116.338 39.9303
116.338 39.936
116.338 39.936
116.35 39.9394
116.36 39.9455
116.363 39.9465
116.381 39.9473
116.389 39.9474
116.389 39.9501
116.389 39.9619
116.389 39.9633
116.388 39.9749
116.388 39.9813
116.381 39.9887
116.374 39.9967
116.374 39.9968
116.369 40.0045
116.363 40.0154
116.363 40.0164
116.359 40.0162
116.348 40.0235
116.339 40.0334
116.337 40.0362
116.335 40.0374
116.33 40.0417
116.328 40.0422
116.328 40.0422
116.3 40.0517
116.3 40.0506
116.3 40.0508
116.3 40.0508
116.299 40.0521
116.293 40.0463
116.29 40.0442
116.295 40.0427
116.29 40.0422
116.281 40.0393
116.276 40.0343
116.267 40.0314
116.273 40.0239
116.27 40.0226
116.273 40.0239
116.271 40.0283
116.31 40.0362
116.316 40.035
116.321 40.0345
116.323 40.0392
116.325 40.0391
116.321 40.047
116.322 40.0531
116.322 40.0532
116.321 40.0572
116.3 40.0401
116.3 40.0401
116.301 40.0448
116.3 40.0507
116.3 40.0491
116.319 40.0493
116.319 40.0493
116.319 40.0485
116.32 40.0488
116.318 40.0499
116.307 40.0522
116.303 40.0504
116.3 40.0517
116.3 40.0509
116.3 40.051
116.3 40.0508
116.27 40.0271
116.271 40.0258
116.276 40.0197
116.289 39.9944
116.291 39.9913
116.291 39.9913
116.296 39.9715
116.303 39.9513
116.304 39.9473
116.304 39.9258
116.303 39.9051
116.303 39.9061
116.315 39.9033
116.317 39.897
116.316 39.8972
116.315 39.9055
116.319 39.9097
116.323 39.9097
116.337 39.913
116.339 39.9147
116.339 39.9158
116.339 39.9209
116.338 39.9266
116.338 39.9277
116.338 39.9295
116.338 39.9307
116.338 39.9307
116.34 39.9368
116.352 39.9428
116.353 39.9433
116.375 39.9475
116.405 39.9476
116.408 39.9477
116.411 39.9498
116.418 39.9559
116.419 39.9572
116.419 39.9612
116.413 39.9608
116.413 39.9608
116.412 39.967
116.409 39.9678
116.408 39.9678
116.389 39.9673
116.388 39.9751
116.388 39.9813
116.382 39.9845
116.381 39.9915
116.374 39.9999
116.369 40.0086
116.338 40.0294
116.337 40.0294
116.331 40.0297
116.328 40.038
116.325 40.0417
116.32 40.0477
116.309 40.0527
116.306 40.0518
116.287 40.0521
116.252 40.0463
116.318 40.0497
116.34 40.0387
116.348 40.0352
116.313 40.0484
116.297 40.0517
116.3 40.0509
116.3 40.0508
116.3 40.0508
116.3 40.0508
116.3 40.0508
116.3 40.0516
116.308 40.0525
116.302 40.0563
116.295 40.0544
116.3 40.0505
116.3 40.0508
116.3 40.051
116.3 40.051
116.293 40.0477
116.288 40.0419
116.281 40.0408
116.269 40.0316
116.269 40.0282
116.273 40.0224
116.273 40.0223
116.273 40.0223
116.274 40.0223
116.271 40.0261
116.269 40.0284
116.268 40.0298
116.268 40.0298
116.281 40.0804
116.276 40.089
116.275 40.1127
116.263 40.1261
116.263 40.1304
116.25 40.1489
116.239 40.1649
116.238 40.1708
116.226 40.1938
116.217 40.1985
116.21 40.1989
116.206 40.2004
116.206 40.2004
116.205 40.2021
116.24 40.1451
116.251 40.1452
116.255 40.1427
116.264 40.1219
116.27 40.0868
116.273 40.0855
116.3 40.0516
116.298 40.0557
116.245 40.0744
116.256 40.078
116.264 40.0755
116.269 40.0674
116.285 40.0673
116.29 40.0668
116.299 40.0512
116.303 40.0408
116.3 40.0514
116.3 40.0508
116.298 40.0496
116.306 40.0514
116.307 40.0559
116.308 40.0524
116.298 40.049
116.3 40.0515
116.3 40.0508
116.303 40.0438
116.306 40.0568
116.314 40.0644
116.316 40.0623
116.309 40.0533
116.3 40.0511
116.3 40.051
116.3 40.0509
116.3 40.0509
116.299 40.05
116.299 40.0439
116.299 40.0505
116.3 40.0505
116.3 40.051
116.299 40.0521
116.296 40.0431
116.298 40.0519
116.3 40.0492
116.305 40.0497
116.308 40.0507
116.309 40.052
116.306 40.0513
116.298 40.0519
116.3 40.0514
116.298 40.0557
116.216 40.0944
116.215 40.0955
116.228 40.0915
116.244 40.0834
116.263 40.0754
116.267 40.0677
116.291 40.0659
116.298 40.0552
116.303 40.0447
116.32 40.0343
116.33 40.0351
116.332 40.0362
116.335 40.0372
116.334 40.0399
116.33 40.0459
116.323 40.0537
116.318 40.05
116.313 40.0473
116.314 40.0459
116.289 39.9945
116.291 39.9915
116.295 39.9744
116.295 39.9829
116.295 39.9834
116.298 39.9895
116.309 39.9986
116.309 39.9955
116.314 39.991
116.326 39.9914
116.33 39.9915
116.331 39.9972
116.327 40.0104
116.323 40.0128
116.311 40.0181
116.311 40.0181
116.307 40.0262
116.307 40.0296
116.302 40.0457
116.3 40.0508
116.291 40.0652
116.273 40.0857
116.272 40.0863
116.307 40.0741
116.308 40.0729
116.321 40.0555
116.305 40.078
116.291 40.0957
116.283 40.1063
116.253 40.1442
116.252 40.1452
116.241 40.1453
116.241 40.1453
116.255 40.1407
116.261 40.1424
116.262 40.1413
116.263 40.141
116.262 40.1413
116.261 40.1424
116.273 40.1437
116.26 40.1424
116.249 40.1476
116.25 40.1472
116.248 40.1446
116.239 40.1438
116.24 40.1453
116.24 40.145
116.241 40.1439
116.254 40.1419
116.255 40.1407
116.273 40.1437
116.275 40.1439
116.273 40.1432
116.273 40.1432
116.256 40.1414
116.252 40.1488
116.24 40.1453
116.24 40.1453
116.241 40.1452
116.241 40.1452
116.241 40.1452
116.24 40.1451
116.248 40.1446
116.255 40.1409
116.26 40.142
116.256 40.1411
116.25 40.1488
116.213 40.2375
116.209 40.2371
116.207 40.2336
116.21 40.2238
116.22 40.2228
116.207 40.2308
116.213 40.2373
116.208 40.2368
116.209 40.2223
116.21 40.2204
116.219 40.2065
116.24 40.1455
116.24 40.1457
116.241 40.1456
116.241 40.1456
116.241 40.1456
116.241 40.1456
116.241 40.1456
116.24 40.1452
116.251 40.145
116.251 40.145
116.251 40.145
116.253 40.1433
116.255 40.1408
116.249 40.1495
116.335 40.0062
116.242 40.1642
116.237 40.163
116.228 40.141
116.244 40.1604
116.243 40.1608
116.243 40.1609
116.24 40.1627
116.24 40.1635
116.255 40.1713
116.272 40.1688
116.271 40.1695
116.268 40.184
116.268 40.184
116.28 40.191
116.28 40.1919
116.284 40.1921
116.284 40.192
116.285 40.1919
116.281 40.1926
116.277 40.1836
116.272 40.1841
116.266 40.168
116.242 40.1703
116.242 40.17
116.243 40.1615
116.243 40.1608
116.243 40.1608
116.241 40.1613
116.238 40.1631
116.24 40.1622
116.25 40.1467
