116.323 39.8997
116.323 39.8997
116.323 39.9062
116.316 39.9097
116.311 39.907
116.304 39.9204
116.328 39.9217
116.36 39.9224
116.365 39.9225
116.366 39.9225
116.378 39.9212
116.399 39.9229
116.434 39.9219
116.412 39.923
116.386 39.9218
116.355 39.9127
116.338 39.9126
116.32 39.9096
116.303 39.911
116.327 39.9078
116.317 39.9065
116.304 39.8985
116.304 39.8862
116.304 39.8862
116.3 39.8687
116.289 39.8829
116.278 39.8961
116.288 39.8991
116.31 39.9062
116.32 39.8984
116.323 39.8967
116.333 39.8959
116.333 39.8957
116.333 39.8958
116.333 39.8958
116.333 39.8958
116.333 39.8958
116.333 39.8957
116.333 39.8958
116.333 39.896
116.333 39.896
116.333 39.8959
116.332 39.8957
116.333 39.8959
116.333 39.8958
116.333 39.8958
116.333 39.8956
116.333 39.8956
116.332 39.8963
116.319 39.896
116.268 39.9034
116.268 39.906
116.27 39.9229
116.295 39.931
116.326 39.9311
116.331 39.9311
116.326 39.9216
116.328 39.9107
116.329 39.9068
116.329 39.9021
116.325 39.8959
116.331 39.8958
116.336 39.8961
116.273 39.8958
116.259 39.8921
116.269 39.8822
116.269 39.8822
116.276 39.8662
116.312 39.8555
116.32 39.8496
116.309 39.8588
116.305 39.887
116.304 39.9077
116.291 39.92
116.284 39.9658
116.293 39.9611
116.301 39.9524
116.304 39.9453
116.304 39.9345
116.304 39.9136
116.304 39.9061
116.323 39.9006
116.331 39.8958
116.333 39.8959
116.333 39.8958
116.333 39.8959
116.323 39.896
116.315 39.8886
116.305 39.8893
116.303 39.9054
116.305 39.8776
116.317 39.8666
116.35 39.8669
116.416 39.8643
116.41 39.8868
116.37 39.888
116.368 39.8969
116.36 39.8983
116.315 39.9059
116.303 39.895
116.294 39.8884
116.289 39.8904
116.3 39.9061
116.305 39.9398
116.346 39.9393
116.346 39.9414
116.339 39.9311
116.339 39.9177
116.337 39.9047
116.337 39.9023
116.342 39.895
116.336 39.8958
116.321 39.8991
116.31 39.9065
116.304 39.8952
116.318 39.8492
116.314 39.8504
116.31 39.858
116.305 39.8946
116.307 39.9072
116.304 39.9386
116.304 39.9414
116.304 39.9156
116.304 39.8921
116.318 39.8495
116.318 39.8495
116.28 39.8644
116.217 39.8438
116.193 39.7944
116.139 39.7562
116.136 39.7225
116.146 39.7199
116.145 39.7205
116.145 39.7205
116.145 39.7205
116.145 39.7205
116.145 39.7205
116.145 39.7206
116.145 39.7205
116.145 39.7204
116.145 39.7205
116.145 39.7205
116.145 39.7204
116.145 39.7204
116.145 39.7205
116.145 39.7205
116.145 39.7205
116.145 39.7204
116.145 39.7204
116.145 39.7205
116.145 39.7204
116.145 39.7204
116.145 39.7205
116.145 39.7205
116.145 39.7205
116.145 39.7205
116.145 39.7206
116.145 39.7206
116.145 39.7207
116.145 39.7207
116.145 39.7206
116.145 39.7205
116.145 39.7204
116.145 39.7203
116.145 39.7206
116.145 39.7205
116.145 39.7206
116.145 39.7205
116.145 39.7204
116.145 39.7204
116.145 39.7205
116.145 39.7204
116.145 39.7204
116.145 39.7204
116.145 39.7204
116.145 39.7204
116.145 39.7204
116.145 39.7204
116.145 39.7204
116.145 39.7204
116.145 39.7203
116.145 39.7204
116.145 39.7204
116.145 39.7204
116.145 39.7205
116.145 39.7205
116.145 39.7205
116.145 39.7205
116.145 39.7205
116.145 39.7204
116.145 39.7204
116.145 39.7204
116.145 39.7204
116.145 39.7204
116.145 39.7204
116.145 39.7205
116.145 39.7205
116.145 39.7204
116.145 39.7205
116.145 39.7205
116.145 39.7205
116.145 39.7205
116.145 39.7206
116.145 39.7206
116.145 39.7204
116.145 39.7205
116.145 39.7204
116.145 39.7204
116.15 39.7219
116.193 39.75
116.226 39.7673
116.273 39.7704
116.309 39.7888
116.334 39.8044
116.357 39.8105
116.404 39.8037
116.413 39.803
116.413 39.803
116.413 39.8029
116.413 39.803
116.413 39.8031
116.413 39.8031
116.413 39.8031
116.413 39.8029
116.413 39.8029
116.413 39.8031
116.413 39.8032
116.413 39.8031
116.413 39.8029
116.413 39.803
116.413 39.8031
116.413 39.803
116.413 39.8031
116.413 39.803
116.413 39.8031
116.413 39.8031
116.413 39.8031
116.413 39.8032
116.413 39.803
116.413 39.8031
116.41 39.8041
116.395 39.8349
116.394 39.8634
116.392 39.8822
116.392 39.8822
116.37 39.8881
116.36 39.888
116.343 39.893
116.324 39.8956
116.332 39.8958
116.333 39.8964
116.323 39.8994
116.304 39.9023
116.304 39.8902
116.304 39.8823
116.311 39.8839
116.315 39.8871
116.325 39.8956
116.311 39.8959
116.304 39.8857
116.298 39.8807
116.289 39.8913
116.289 39.9046
116.304 39.8982
116.302 39.8785
116.296 39.8656
116.277 39.8766
116.269 39.8853
116.269 39.8853
116.306 39.8957
116.305 39.9074
116.304 39.9047
116.302 39.8826
116.297 39.8839
116.297 39.8839
116.297 39.8838
116.297 39.8839
116.292 39.8899
116.315 39.8956
116.332 39.8959
116.333 39.8955
116.333 39.8956
116.333 39.8957
116.333 39.8956
116.333 39.8956
116.333 39.8956
116.333 39.8955
116.333 39.8956
116.333 39.8956
116.333 39.8955
116.333 39.8956
116.333 39.8956
116.333 39.8956
116.333 39.8957
116.333 39.8957
116.333 39.8956
116.333 39.8959
116.323 39.8991
116.327 39.9078
116.316 39.9098
116.306 39.9075
116.304 39.9088
116.305 39.922
116.328 39.9215
116.328 39.9139
116.336 39.9018
116.336 39.8978
116.323 39.8991
116.316 39.9064
116.314 39.9098
116.318 39.9097
116.329 39.9074
116.34 39.9051
116.339 39.9108
116.333 39.9127
116.329 39.9127
116.322 39.9097
116.322 39.9097
116.315 39.9076
116.295 39.8959
116.277 39.899
116.273 39.899
116.273 39.8724
116.274 39.8711
116.269 39.8851
116.28 39.8884
116.298 39.8808
116.304 39.8875
116.304 39.8932
116.304 39.8894
116.311 39.8835
116.314 39.8768
116.315 39.8841
116.33 39.8958
116.333 39.8959
116.333 39.896
116.333 39.8961
116.333 39.896
116.333 39.8959
116.333 39.8959
116.333 39.8959
116.333 39.8959
116.333 39.896
116.317 39.892
116.307 39.8848
116.307 39.9056
116.323 39.8994
116.326 39.8982
116.326 39.8982
116.326 39.8982
116.326 39.8987
116.315 39.9036
116.304 39.9047
116.304 39.9263
116.325 39.9269
116.343 39.9268
116.343 39.9286
116.349 39.9222
116.35 39.9149
116.329 39.9127
116.311 39.9089
116.307 39.9072
116.307 39.9071
116.307 39.9071
116.307 39.9072
116.307 39.9072
116.304 39.9255
116.289 39.9312
116.285 39.9323
116.282 39.9233
116.298 39.9117
116.307 39.9072
116.307 39.9071
116.303 39.9076
116.309 39.9099
116.307 39.9072
116.307 39.9072
116.296 39.9119
116.3 39.9063
116.289 39.9161
116.31 39.9098
116.307 39.9071
116.306 39.9071
116.304 39.943
116.301 39.9679
116.304 39.9341
116.304 39.9341
116.307 39.906
116.307 39.907
116.303 39.9075
116.289 39.8892
116.278 39.8882
116.263 39.8695
116.205 39.841
116.19 39.7872
116.139 39.7562
116.136 39.7324
116.145 39.7214
116.145 39.7214
116.145 39.7215
116.145 39.7215
116.145 39.7215
116.145 39.7215
116.145 39.7215
116.145 39.7215
116.145 39.7215
116.145 39.7214
116.145 39.7216
116.145 39.7216
116.145 39.7216
116.145 39.7216
116.145 39.7216
116.145 39.7216
116.145 39.7216
116.145 39.7216
116.145 39.7216
116.145 39.7215
116.145 39.7215
116.145 39.7216
116.145 39.7216
116.145 39.7216
116.145 39.7216
116.145 39.7216
116.145 39.7216
116.145 39.7215
116.145 39.7216
116.145 39.7216
116.145 39.7215
116.145 39.7214
116.145 39.7214
116.145 39.7215
116.145 39.7214
116.145 39.7215
116.145 39.7215
116.145 39.7215
116.145 39.7215
116.145 39.7216
116.145 39.7215
116.145 39.7215
116.145 39.7216
116.145 39.7216
116.145 39.7216
116.145 39.7216
116.145 39.7216
116.145 39.7216
116.145 39.7216
116.145 39.7216
116.145 39.7216
116.145 39.7216
116.145 39.7215
116.145 39.7215
116.145 39.7215
116.145 39.7216
116.145 39.7216
116.145 39.7216
116.145 39.7216
116.145 39.7216
116.145 39.7215
116.145 39.7215
116.145 39.7215
116.145 39.7214
116.145 39.7215
116.145 39.7215
116.145 39.7215
116.145 39.7215
116.145 39.7215
116.145 39.7214
116.145 39.7214
116.145 39.7214
116.145 39.7215
116.145 39.7215
116.145 39.7215
116.145 39.7216
116.145 39.7216
116.145 39.7216
116.145 39.7216
116.145 39.7216
116.145 39.7216
116.145 39.7215
116.145 39.7215
116.145 39.7215
116.145 39.7215
116.145 39.7215
116.145 39.7216
116.145 39.7216
116.145 39.7216
116.145 39.7216
116.145 39.7216
116.145 39.7216
116.145 39.7216
116.145 39.7216
116.145 39.7216
116.145 39.7216
116.145 39.7216
116.145 39.7216
116.145 39.7216
116.145 39.7216
116.145 39.7216
116.145 39.7216
116.145 39.7216
116.145 39.7219
116.145 39.7219
116.145 39.7217
116.145 39.7216
116.145 39.7216
116.145 39.7216
116.145 39.7204
116.146 39.7201
116.161 39.7276
116.178 39.7403
116.178 39.7484
116.209 39.7552
116.23 39.7681
116.264 39.7686
116.326 39.799
116.339 39.8063
116.347 39.7903
116.371 39.7953
116.376 39.8007
116.376 39.8007
116.385 39.8018
116.411 39.8034
116.413 39.8031
116.409 39.804
116.396 39.8144
116.395 39.8296
116.394 39.8476
116.396 39.8706
116.36 39.8683
116.343 39.8896
116.324 39.896
116.324 39.896
116.331 39.8958
116.335 39.896
116.356 39.898
116.368 39.9051
116.368 39.9131
116.35 39.9124
116.339 39.9167
116.333 39.9219
116.324 39.9096
116.305 39.9076
116.304 39.8963
116.305 39.8679
116.289 39.878
116.302 39.895
116.301 39.906
116.304 39.8932
116.305 39.8896
116.305 39.8897
116.304 39.8991
116.305 39.8995
116.305 39.8994
116.305 39.8994
116.305 39.8994
116.305 39.8994
116.305 39.8995
116.305 39.9076
116.304 39.8987
116.309 39.8581
116.29 39.8564
116.273 39.8722
116.267 39.8752
116.284 39.8775
116.318 39.8886
116.323 39.8936
116.333 39.8958
116.333 39.8958
116.333 39.8958
116.333 39.8957
116.333 39.8958
116.333 39.8957
116.333 39.8957
116.333 39.8958
116.333 39.8958
116.333 39.8959
116.333 39.8958
116.333 39.8958
116.333 39.8958
116.332 39.8956
116.333 39.8957
116.332 39.8956
116.333 39.8956
116.332 39.8956
116.333 39.8956
116.333 39.8954
116.318 39.9064
116.313 39.9098
116.329 39.9089
116.337 39.9126
116.346 39.9126
116.35 39.9108
116.36 39.9058
116.376 39.9058
116.389 39.9061
116.4 39.9043
116.401 39.9116
116.397 39.9138
116.39 39.9305
116.389 39.9321
116.374 39.9316
116.364 39.9312
116.35 39.9312
116.349 39.9394
116.309 39.9389
116.299 39.9699
116.299 39.9699
116.282 40.0102
116.283 40.0278
116.271 40.0264
116.304 39.938
116.314 39.9294
116.317 39.9222
116.328 39.9216
116.316 39.9065
116.303 39.9054
116.304 39.9018
116.305 39.8799
116.33 39.8958
116.333 39.896
116.333 39.896
116.333 39.8959
116.333 39.8959
116.333 39.8959
116.333 39.8959
116.333 39.8959
116.333 39.896
116.333 39.896
116.333 39.896
116.327 39.896
116.31 39.8862
116.307 39.9072
116.304 39.915
116.296 39.9388
116.295 39.9272
116.291 39.9168
116.298 39.9121
116.311 39.9079
116.307 39.9071
116.307 39.9072
116.299 39.915
116.296 39.9066
116.278 39.9062
116.277 39.8991
116.269 39.899
116.269 39.8836
116.307 39.9072
116.306 39.8723
116.307 39.8635
116.307 39.9072
116.304 39.8902
116.293 39.8956
116.31 39.9062
116.307 39.9071
116.306 39.9071
116.286 39.9063
116.277 39.9201
116.277 39.9185
116.268 39.903
116.271 39.876
116.234 39.8567
116.207 39.8222
116.161 39.7766
116.136 39.7437
116.148 39.7217
116.145 39.7205
116.145 39.7205
116.145 39.7205
116.145 39.7204
116.145 39.7204
116.145 39.7205
116.145 39.7204
116.145 39.7205
116.145 39.7206
116.145 39.7205
116.145 39.7205
116.145 39.7205
116.145 39.7205
116.145 39.7205
116.145 39.7205
116.145 39.7205
116.145 39.7204
116.145 39.7205
116.145 39.7207
116.145 39.7205
116.145 39.7205
116.145 39.7206
116.145 39.7206
116.145 39.7205
116.145 39.7205
116.145 39.7206
116.145 39.7205
116.145 39.7204
116.145 39.7205
116.145 39.7206
116.145 39.7207
116.145 39.7206
116.145 39.7206
116.145 39.7206
116.145 39.7206
116.145 39.7205
116.145 39.7205
116.145 39.7206
116.145 39.7206
116.145 39.7205
116.145 39.7205
116.145 39.7206
116.145 39.7204
116.145 39.7204
116.145 39.7204
116.145 39.7204
116.145 39.7204
116.145 39.7204
116.145 39.7204
116.145 39.7204
116.145 39.7203
116.145 39.7205
116.145 39.7205
116.145 39.7204
116.145 39.7204
116.145 39.7204
116.145 39.7204
116.145 39.7205
116.145 39.7204
116.145 39.7205
116.145 39.7204
116.145 39.7206
116.145 39.7205
116.145 39.7204
116.145 39.7204
116.145 39.7204
116.145 39.7205
116.145 39.7206
116.145 39.7206
116.145 39.7205
116.145 39.7206
116.145 39.7207
116.145 39.7206
116.145 39.7206
116.145 39.7205
116.145 39.7204
116.145 39.7206
116.145 39.7204
116.145 39.7204
116.145 39.7205
116.145 39.7204
116.145 39.7205
116.145 39.7204
116.145 39.7204
116.145 39.7204
116.145 39.7204
116.145 39.7205
116.145 39.7204
116.145 39.7204
116.145 39.7205
116.145 39.7204
116.145 39.7206
116.145 39.7205
116.145 39.7205
116.145 39.7205
116.145 39.7204
116.145 39.7205
116.145 39.7206
116.145 39.7206
116.145 39.7206
116.145 39.7205
116.145 39.7207
116.145 39.7205
116.145 39.7207
116.145 39.7206
116.145 39.7204
116.145 39.7206
116.145 39.7206
116.145 39.7205
116.145 39.7205
116.145 39.7206
116.145 39.7205
116.145 39.7205
116.145 39.7205
116.145 39.7205
116.145 39.7205
116.145 39.7205
116.145 39.7205
116.145 39.7205
116.145 39.7206
116.145 39.7205
116.145 39.7206
116.145 39.7205
116.145 39.7204
116.145 39.7204
116.145 39.7203
116.145 39.7202
116.145 39.7204
116.145 39.7202
116.146 39.7202
116.145 39.7204
116.145 39.7203
116.155 39.7219
116.162 39.7379
116.184 39.7494
116.215 39.7635
116.265 39.7686
116.296 39.7808
116.322 39.7903
116.342 39.7888
116.361 39.7932
116.385 39.8018
116.413 39.8029
116.413 39.8029
116.413 39.8029
116.413 39.803
116.413 39.8029
116.413 39.8028
116.413 39.8028
116.413 39.8029
116.413 39.8029
116.413 39.8028
116.413 39.8029
116.413 39.803
116.413 39.8029
116.413 39.803
116.413 39.8029
116.413 39.8029
116.413 39.8028
116.413 39.8028
116.413 39.8029
116.413 39.803
116.413 39.803
116.413 39.8029
116.413 39.8029
116.413 39.8029
116.413 39.8029
116.413 39.8029
116.413 39.8029
116.413 39.8029
116.413 39.8029
116.413 39.8029
116.413 39.8029
116.413 39.8029
116.413 39.8029
116.413 39.8029
116.413 39.8029
116.413 39.8029
116.413 39.8029
116.413 39.8029
116.412 39.8028
116.397 39.8036
116.356 39.7923
116.338 39.7891
116.322 39.795
116.298 39.7816
116.298 39.7816
116.268 39.7691
116.224 39.7666
116.2 39.7508
116.177 39.7358
116.152 39.7219
116.145 39.7205
116.145 39.7205
116.145 39.7206
116.145 39.7205
116.145 39.7204
116.145 39.7204
116.145 39.7204
116.145 39.7204
116.143 39.7228
116.141 39.7226
116.141 39.7226
116.141 39.7226
116.141 39.7226
116.141 39.7226
116.141 39.7226
116.141 39.7226
116.141 39.7226
116.141 39.7226
116.141 39.7227
116.142 39.7228
116.13 39.7278
116.132 39.7346
116.132 39.7347
116.131 39.7347
116.13 39.73
116.138 39.7251
116.138 39.7251
116.138 39.7251
116.138 39.7251
116.149 39.7215
116.145 39.7203
116.145 39.7205
116.145 39.7205
116.145 39.7205
116.145 39.7205
116.145 39.7205
116.145 39.7205
116.145 39.7206
116.145 39.7205
116.145 39.7205
116.145 39.7205
116.145 39.7205
116.145 39.7205
116.145 39.7205
116.145 39.7205
116.145 39.7206
116.145 39.7205
116.145 39.7205
116.145 39.7204
116.145 39.7205
116.145 39.7205
116.145 39.7205
116.145 39.7205
116.145 39.7205
116.145 39.7206
116.145 39.7205
116.145 39.7205
116.145 39.7206
116.145 39.7205
116.145 39.7205
116.145 39.7205
116.145 39.7206
116.145 39.7206
116.145 39.7206
116.145 39.7206
116.145 39.7206
116.145 39.7205
116.145 39.7205
116.145 39.7205
116.145 39.7205
116.145 39.7205
116.145 39.7205
116.145 39.7205
116.145 39.7205
116.145 39.7204
116.145 39.7204
116.145 39.7205
116.145 39.7205
116.145 39.7205
116.145 39.7205
116.145 39.7205
116.145 39.7205
116.145 39.7204
116.145 39.7205
116.145 39.7205
116.145 39.7205
116.145 39.7204
116.145 39.7205
116.145 39.7204
116.145 39.7204
116.145 39.7205
116.145 39.7204
116.145 39.7204
116.145 39.7207
116.145 39.7206
116.145 39.7206
116.145 39.7206
116.145 39.7205
116.145 39.7205
116.145 39.7204
116.145 39.7204
116.145 39.7204
116.145 39.7205
116.145 39.7204
116.145 39.7204
116.145 39.7204
116.145 39.7204
116.145 39.7204
116.145 39.7204
116.145 39.7204
116.145 39.7204
116.145 39.7204
116.145 39.7205
116.145 39.7204
116.145 39.7205
116.145 39.7204
116.145 39.7205
116.145 39.7205
116.145 39.7204
116.145 39.7204
116.145 39.7205
116.145 39.7205
116.145 39.7205
116.145 39.7205
116.145 39.7205
116.145 39.7205
116.145 39.7205
116.145 39.7204
116.145 39.7204
116.145 39.7204
116.145 39.7205
116.145 39.7204
116.145 39.7204
116.145 39.7203
116.145 39.7205
116.145 39.7206
116.145 39.7205
116.145 39.7205
116.145 39.7205
116.145 39.7204
116.145 39.7204
116.145 39.7205
116.145 39.7205
116.145 39.7205
116.145 39.7205
116.145 39.7205
116.145 39.7205
116.145 39.7205
116.145 39.7204
116.145 39.7204
116.145 39.7205
116.145 39.7204
116.145 39.7205
116.145 39.7204
116.145 39.7205
116.145 39.7205
116.145 39.7204
116.145 39.7204
116.145 39.7204
116.145 39.7204
116.145 39.7203
116.145 39.7205
116.145 39.7204
116.145 39.7204
116.145 39.7203
116.145 39.7205
116.145 39.7205
116.145 39.7205
116.145 39.7205
116.145 39.7205
116.145 39.7205
116.145 39.7204
116.145 39.7205
116.145 39.7204
116.145 39.7205
116.145 39.7205
116.145 39.7205
116.145 39.7205
116.145 39.7205
116.145 39.7205
116.145 39.7205
116.145 39.7205
116.145 39.7205
116.145 39.7204
116.145 39.7205
116.145 39.7205
116.145 39.7204
116.145 39.7204
116.145 39.7206
116.145 39.7205
116.145 39.7205
116.145 39.7205
116.145 39.7205
116.145 39.7205
116.145 39.7205
116.145 39.7206
116.145 39.7206
116.145 39.7206
116.145 39.7206
116.145 39.7207
116.145 39.7207
116.145 39.7206
116.145 39.7206
116.145 39.7206
116.145 39.7205
116.145 39.7204
116.145 39.7205
116.145 39.7205
116.145 39.7205
116.145 39.7206
116.145 39.7206
116.145 39.7205
116.145 39.7205
116.145 39.7205
116.145 39.7205
116.145 39.7205
116.145 39.7205
116.145 39.7205
116.145 39.7205
116.145 39.7206
116.145 39.7205
116.145 39.7204
116.145 39.7206
116.145 39.7208
116.145 39.7209
116.145 39.7209
116.145 39.7208
116.145 39.7207
116.145 39.7206
116.145 39.7208
116.145 39.7206
116.145 39.7205
116.145 39.7204
116.145 39.7204
116.145 39.7204
116.145 39.7204
116.145 39.7204
116.145 39.7205
116.145 39.7205
116.145 39.7205
116.145 39.7205
116.145 39.7205
116.145 39.7205
116.145 39.7205
116.145 39.7205
116.145 39.7205
116.145 39.7205
116.145 39.7205
116.145 39.7205
116.145 39.7205
116.145 39.7205
116.145 39.7205
116.145 39.7205
116.145 39.7205
116.145 39.7204
116.145 39.7204
116.145 39.7205
116.145 39.7204
116.145 39.7203
116.145 39.7205
116.145 39.7203
116.145 39.7203
116.145 39.7203
116.145 39.7203
116.145 39.7204
116.145 39.7204
116.145 39.7205
116.145 39.7203
116.145 39.7205
116.145 39.7204
116.145 39.7204
116.145 39.7205
116.145 39.7206
116.145 39.7205
116.145 39.7204
116.145 39.7205
116.145 39.7205
116.145 39.7205
116.145 39.7205
116.145 39.7205
116.145 39.7205
116.145 39.7205
116.145 39.7205
116.145 39.7205
116.145 39.7205
116.145 39.7205
116.145 39.7205
116.145 39.7204
116.145 39.7205
116.145 39.7205
116.145 39.7204
116.145 39.7204
116.145 39.7205
116.145 39.7205
116.145 39.7205
116.145 39.7205
116.145 39.7204
116.145 39.7205
116.145 39.7205
116.145 39.7205
116.145 39.7206
116.145 39.7206
116.145 39.7205
116.145 39.7206
116.145 39.7206
116.145 39.7206
116.145 39.7205
116.145 39.7205
116.145 39.7205
116.145 39.7205
116.145 39.7205
116.145 39.7205
116.145 39.7205
116.145 39.7206
116.145 39.7205
116.145 39.7205
116.145 39.7204
116.145 39.7205
116.145 39.7205
116.145 39.7205
116.145 39.7205
116.145 39.7205
116.145 39.7206
116.145 39.7206
116.145 39.7204
116.145 39.7205
116.145 39.7205
116.145 39.7205
116.145 39.7205
116.145 39.7205
116.145 39.7205
116.145 39.7206
116.145 39.7205
116.145 39.7205
116.145 39.7205
116.145 39.7205
116.145 39.7206
116.145 39.7206
116.145 39.7206
116.145 39.7206
116.145 39.7206
116.145 39.7205
116.145 39.7205
116.145 39.7205
116.145 39.7204
116.145 39.7204
116.145 39.7205
116.145 39.7205
116.145 39.7204
116.145 39.7204
116.145 39.7205
116.145 39.7205
116.145 39.7204
116.145 39.7205
116.145 39.7205
116.145 39.7204
116.145 39.7205
116.145 39.7205
116.145 39.7205
116.145 39.7204
116.145 39.7205
116.145 39.7205
116.145 39.7205
116.145 39.7205
116.145 39.7204
116.145 39.7204
116.145 39.7204
116.145 39.7204
116.145 39.7205
116.145 39.7205
116.145 39.7206
116.145 39.7206
116.145 39.7205
116.145 39.7203
116.145 39.7204
116.145 39.7205
116.145 39.7205
116.145 39.7204
116.145 39.7205
116.145 39.7204
116.145 39.7204
116.145 39.7206
116.145 39.7205
116.145 39.7205
116.145 39.7205
116.145 39.7206
116.145 39.7205
116.145 39.7205
116.145 39.7205
116.145 39.7204
116.145 39.7205
116.145 39.7205
116.145 39.7204
116.145 39.7205
116.145 39.7205
116.145 39.7204
116.145 39.7204
116.145 39.7205
116.145 39.7205
116.145 39.7206
116.145 39.7203
116.145 39.7204
116.145 39.7205
116.145 39.7205
116.145 39.7204
116.145 39.7205
116.145 39.7205
116.145 39.7205
116.145 39.7205
116.145 39.7206
116.145 39.7205
116.145 39.7205
116.145 39.7205
116.145 39.7204
116.145 39.7205
116.145 39.7204
116.145 39.7205
116.145 39.7205
116.145 39.7205
116.145 39.7205
116.145 39.7205
116.145 39.7205
116.145 39.7205
116.145 39.7205
116.145 39.7204
116.145 39.7204
116.145 39.7204
116.145 39.7205
116.145 39.7206
116.145 39.7206
116.145 39.7205
116.145 39.7205
116.145 39.7205
116.145 39.7205
116.145 39.7205
116.145 39.7205
116.145 39.7204
116.145 39.7204
116.145 39.7204
116.145 39.7204
116.145 39.7204
116.145 39.7202
116.145 39.7204
116.145 39.7205
116.145 39.7205
116.145 39.7204
116.145 39.7204
116.145 39.7205
116.145 39.7206
116.145 39.7205
116.145 39.7205
116.145 39.7204
116.145 39.7205
116.145 39.7205
116.145 39.7205
116.145 39.7205
116.145 39.7204
116.145 39.7204
116.145 39.7204
116.145 39.7205
116.145 39.7205
116.145 39.7205
116.145 39.7205
116.145 39.7205
116.145 39.7204
116.145 39.7204
116.145 39.7205
116.145 39.7206
116.145 39.7205
116.145 39.7205
116.145 39.7206
116.145 39.7205
116.145 39.7205
116.145 39.7205
116.145 39.7206
116.145 39.7206
116.145 39.7206
116.145 39.7206
116.145 39.7206
116.145 39.7206
116.145 39.7205
116.145 39.7205
116.145 39.7205
116.145 39.7205
116.145 39.7205
116.145 39.7205
116.145 39.7205
116.145 39.7205
116.145 39.7205
116.145 39.7205
116.145 39.7205
116.145 39.7205
116.145 39.7206
116.145 39.7205
116.148 39.7212
116.164 39.738
116.191 39.7497
116.226 39.7674
116.244 39.8232
116.232 39.8536
116.311 39.8833
116.315 39.8859
116.334 39.8961
116.368 39.8984
116.389 39.8987
116.406 39.9066
116.423 39.9115
116.423 39.9115
116.423 39.9115
116.423 39.9116
116.417 39.923
116.385 39.9211
116.361 39.9225
116.349 39.9377
116.355 39.9589
116.349 39.9371
116.339 39.9173
116.318 39.9098
116.303 39.9046
116.304 39.9047
116.293 39.8794
116.303 39.8826
116.345 39.8497
116.391 39.8498
116.394 39.8638
116.381 39.882
116.368 39.8831
116.33 39.8886
116.331 39.8959
116.304 39.9047
116.304 39.895
116.305 39.8897
116.297 39.8961
116.298 39.906
116.298 39.906
116.298 39.906
116.298 39.906
116.317 39.8883
116.313 39.887
116.304 39.8956
116.304 39.9103
116.305 39.8793
116.269 39.8852
116.305 39.8995
116.304 39.9026
116.304 39.9046
116.304 39.9046
116.304 39.9046
116.304 39.8899
116.305 39.8907
116.315 39.9062
116.356 39.9058
116.358 39.8982
116.327 39.8961
116.322 39.9097
116.298 39.9121
116.311 39.9069
116.304 39.9047
116.304 39.8675
116.289 39.8651
116.271 39.8784
116.289 39.8879
116.269 39.8844
116.274 39.8882
116.303 39.895
116.305 39.8863
116.305 39.8944
116.304 39.9267
116.289 39.9417
116.29 39.9375
116.295 39.9244
116.296 39.9129
116.296 39.9129
116.304 39.9047
116.301 39.8885
116.301 39.8885
116.301 39.8886
116.291 39.8883
116.279 39.8742
116.274 39.8715
116.269 39.8852
116.272 39.8883
116.294 39.8883
116.315 39.8516
116.386 39.8556
116.452 39.8641
116.458 39.8701
116.437 39.8832
116.408 39.8871
116.378 39.8877
116.353 39.8881
116.332 39.8963
116.315 39.9059
116.303 39.9048
116.329 39.9059
116.336 39.897
116.352 39.888
116.352 39.888
116.375 39.8879
116.388 39.885
116.369 39.8881
116.343 39.8975
116.304 39.8903
116.289 39.89
116.305 39.9048
116.307 39.9072
116.307 39.9072
116.307 39.9072
116.28 39.9064
116.256 39.9064
116.219 39.9073
116.215 39.9061
116.246 39.9062
116.277 39.9061
116.307 39.9072
116.307 39.9072
116.304 39.9307
116.304 39.9265
116.326 39.9218
116.353 39.9126
116.365 39.913
116.354 39.9126
116.354 39.9126
116.328 39.9106
116.307 39.9072
116.307 39.9072
116.304 39.8881
116.331 39.896
116.357 39.8977
116.336 39.8965
116.267 39.8958
116.232 39.8884
116.247 39.8795
116.233 39.8561
116.212 39.8439
116.2 39.8128
116.17 39.777
116.154 39.7566
116.136 39.7416
116.148 39.721
116.145 39.7205
116.145 39.7205
116.145 39.7205
116.145 39.7205
116.145 39.7205
116.145 39.7204
116.145 39.7205
116.145 39.7205
116.145 39.7205
116.145 39.7206
116.145 39.7206
116.145 39.7206
116.145 39.7206
116.145 39.7206
116.145 39.7205
116.145 39.7204
116.145 39.7205
116.145 39.7205
116.145 39.7204
116.145 39.7205
116.145 39.7204
116.145 39.7205
116.145 39.7204
116.145 39.7204
116.145 39.7205
116.145 39.7205
116.145 39.7205
116.145 39.7204
116.145 39.7204
116.145 39.7205
116.145 39.7205
116.145 39.7205
116.145 39.7205
116.145 39.7205
116.145 39.7205
116.145 39.7206
116.145 39.7206
116.145 39.7206
116.145 39.7206
116.145 39.7207
116.145 39.7206
116.145 39.7204
116.145 39.7204
116.145 39.7204
116.145 39.7204
116.145 39.7205
116.145 39.7205
116.145 39.7205
116.145 39.7205
116.145 39.7205
116.145 39.7205
116.145 39.7205
116.145 39.7205
116.145 39.7204
116.145 39.7205
116.145 39.7205
116.145 39.7205
116.145 39.7205
116.145 39.7205
116.145 39.7205
116.145 39.7205
116.145 39.7204
116.145 39.7205
116.145 39.7206
116.145 39.7206
116.145 39.7206
116.145 39.7205
116.145 39.7205
116.145 39.7205
116.145 39.7205
116.145 39.7205
116.145 39.7205
116.145 39.7205
116.145 39.7205
116.145 39.7204
116.145 39.7205
116.145 39.7205
116.145 39.7205
116.145 39.7205
116.145 39.7204
116.145 39.7205
116.145 39.7205
116.145 39.7205
116.145 39.7204
116.145 39.7204
116.145 39.7204
116.145 39.7205
116.145 39.7205
116.145 39.7205
116.145 39.7205
116.145 39.7205
116.145 39.7205
116.145 39.7205
116.145 39.7204
116.145 39.7204
116.145 39.7205
116.145 39.7204
116.145 39.7204
116.145 39.7204
116.145 39.7204
116.145 39.7206
116.145 39.7205
116.145 39.7205
116.145 39.7204
116.145 39.7205
116.145 39.7205
116.145 39.7205
116.145 39.7204
116.145 39.7205
116.145 39.7205
116.145 39.7206
116.145 39.7205
116.145 39.7205
116.145 39.7205
116.145 39.7204
116.145 39.7205
116.145 39.7205
116.145 39.7204
116.145 39.7206
116.145 39.7205
116.145 39.7206
116.145 39.7205
116.145 39.7206
116.145 39.7206
116.145 39.7205
116.145 39.7205
116.145 39.7204
116.145 39.7205
116.145 39.7205
116.145 39.7205
116.145 39.7206
116.145 39.7205
116.145 39.7206
116.145 39.7205
116.145 39.7205
116.145 39.7205
116.145 39.7205
116.145 39.7204
116.145 39.7205
116.145 39.7205
116.145 39.7205
116.148 39.7218
116.161 39.737
116.179 39.7428
116.19 39.7496
116.233 39.7685
116.259 39.7978
116.228 39.8355
116.233 39.8548
116.233 39.8548
116.26 39.8636
116.28 39.8747
116.296 39.8792
116.296 39.8791
116.296 39.8791
116.296 39.8792
116.306 39.8839
116.305 39.8882
116.305 39.8883
116.305 39.8882
116.304 39.9014
116.303 39.9047
116.303 39.9047
116.303 39.9047
116.303 39.9047
116.304 39.8902
116.288 39.8884
116.297 39.8852
116.305 39.8792
116.288 39.8606
116.271 39.8776
116.289 39.8898
116.288 39.8914
116.289 39.8953
116.289 39.8953
116.296 39.9
116.303 39.9047
116.318 39.9062
116.366 39.9058
116.366 39.9058
116.368 39.9089
116.351 39.9126
116.337 39.9061
116.321 39.9097
116.304 39.9047
116.305 39.8812
116.315 39.847
116.308 39.8503
116.327 39.8475
116.305 39.8766
116.304 39.895
116.297 39.8852
116.301 39.8886
116.304 39.9061
116.303 39.9559
116.365 39.9665
116.37 39.9722
116.364 39.9663
116.362 39.9464
116.338 39.931
