116.365 39.8799
116.365 39.8811
116.365 39.8811
116.362 39.882
116.362 39.8875
116.362 39.8879
116.36 39.8929
116.36 39.8928
116.36 39.8923
116.359 39.892
116.353 39.8882
116.347 39.8904
116.347 39.8944
116.35 39.8999
116.35 39.8999
116.351 39.9045
116.351 39.9046
116.351 39.9085
116.352 39.9078
116.351 39.9111
116.35 39.9171
116.35 39.9204
116.35 39.9221
116.349 39.9386
116.374 39.9636
116.377 39.9963
116.347 39.9988
116.351 39.9997
116.359 39.9952
116.345 39.9665
116.337 39.9665
116.335 39.9665
116.334 39.9662
116.335 39.966
116.347 39.9615
116.347 39.9603
116.35 39.9479
116.35 39.9473
116.35 39.9469
116.349 39.9405
116.349 39.9394
116.349 39.9325
116.349 39.9315
116.349 39.9302
116.349 39.9291
116.347 39.9269
116.338 39.927
116.338 39.9273
116.338 39.9284
116.338 39.9285
116.338 39.9288
116.338 39.9292
116.338 39.9295
116.338 39.93
116.338 39.9306
116.34 39.9308
116.341 39.9309
116.348 39.9309
116.349 39.9309
116.349 39.9309
116.35 39.921
116.351 39.9179
116.35 39.9127
116.351 39.9109
116.351 39.91
116.35 39.9097
116.348 39.9059
116.34 39.9062
116.34 39.9071
116.34 39.9076
116.34 39.9076
116.34 39.9085
116.347 39.9126
116.347 39.9164
116.347 39.9179
116.347 39.9216
116.349 39.922
116.35 39.9195
116.35 39.9192
116.35 39.9109
116.35 39.9073
116.35 39.9071
116.337 39.887
116.336 39.886
116.319 39.8747
116.32 39.8739
116.322 39.8715
116.325 39.8716
116.326 39.8673
116.328 39.8666
116.328 39.8666
116.341 39.8603
116.341 39.8569
116.34 39.8339
116.339 39.8113
116.339 39.8054
116.342 39.7886
116.342 39.7886
116.336 39.7647
116.339 39.7412
116.34 39.7412
116.34 39.7412
116.339 39.7356
116.336 39.7234
116.336 39.7234
116.335 39.7235
116.334 39.7236
116.334 39.7236
116.334 39.7238
116.334 39.7251
116.327 39.7315
116.326 39.7443
116.326 39.7443
116.326 39.7614
116.325 39.7755
116.322 39.7963
116.32 39.7953
116.318 39.7944
116.308 39.7881
116.297 39.7816
116.3 39.7831
116.308 39.7877
116.308 39.7924
116.307 39.8083
116.307 39.818
116.307 39.8232
116.307 39.8288
116.307 39.833
116.307 39.8317
116.307 39.8317
116.307 39.8312
116.307 39.8305
116.307 39.8293
116.34 39.8398
116.395 39.8554
116.395 39.8554
116.395 39.8554
116.395 39.8554
116.394 39.86
116.394 39.8633
116.394 39.8637
116.408 39.8708
116.415 39.869
116.415 39.8787
116.414 39.8841
116.413 39.8907
116.412 39.8956
116.412 39.8958
116.411 39.8958
116.406 39.8992
116.403 39.8995
116.401 39.8994
116.396 39.8992
116.394 39.8989
116.386 39.899
116.378 39.8996
116.378 39.8991
116.378 39.8991
116.378 39.8946
116.378 39.8897
116.378 39.8897
116.378 39.8895
116.378 39.889
116.378 39.8889
116.379 39.882
116.382 39.882
116.383 39.882
116.387 39.9446
116.389 39.8822
116.392 39.8796
116.391 39.8795
116.385 39.8793
116.385 39.8793
116.381 39.8793
116.381 39.8811
116.379 39.882
116.377 39.8819
116.376 39.8819
116.376 39.8819
116.373 39.8818
116.373 39.8818
116.37 39.8819
116.37 39.8819
116.368 39.8875
116.365 39.888
116.365 39.8879
116.363 39.8879
116.36 39.8881
116.358 39.8881
116.358 39.8882
116.358 39.8882
116.357 39.8892
116.357 39.892
116.357 39.8938
116.357 39.8959
116.357 39.8959
116.357 39.8961
116.357 39.8976
116.357 39.8977
116.357 39.9015
116.357 39.9034
116.357 39.9034
116.357 39.9036
116.357 39.9048
116.357 39.9048
116.357 39.9078
116.357 39.9114
116.351 39.9164
116.351 39.918
116.35 39.9186
116.35 39.9193
116.35 39.9194
116.35 39.9256
116.35 39.9286
116.348 39.965
116.347 39.9848
116.351 39.992
116.358 39.9923
116.358 39.9923
116.359 39.9935
116.359 39.9949
116.359 39.9946
116.359 39.9945
116.359 39.9945
116.347 39.9977
116.347 39.9977
116.347 39.9978
116.347 39.9985
116.359 39.9958
116.359 39.9945
116.359 39.9927
116.359 39.9927
116.359 39.9862
116.349 39.9858
116.344 39.9665
116.333 39.9663
116.333 39.9663
116.331 39.9663
116.33 39.9663
116.329 39.9663
116.328 39.9662
116.321 39.966
116.317 39.9659
116.316 39.9657
116.315 39.9657
116.315 39.9656
116.313 39.9648
116.312 39.9646
116.311 39.9643
116.309 39.9633
116.308 39.963
116.306 39.9626
116.306 39.9623
116.305 39.962
116.304 39.9618
116.303 39.9615
116.303 39.9614
116.302 39.9607
116.302 39.9592
116.302 39.9586
116.302 39.9585
116.302 39.9583
116.303 39.9575
116.303 39.9563
116.303 39.9556
116.303 39.9549
116.303 39.9537
116.303 39.9532
116.303 39.9523
116.303 39.9519
116.303 39.9506
116.304 39.9463
116.303 39.9426
116.304 39.9442
116.304 39.9439
116.304 39.9428
116.304 39.9425
116.304 39.9418
116.314 39.9343
116.32 39.927
116.32 39.9269
116.324 39.9268
116.325 39.9268
116.327 39.9268
116.327 39.9268
116.328 39.9257
116.328 39.9256
116.328 39.9232
116.323 39.922
116.317 39.9224
116.317 39.9224
116.304 39.9441
116.297 39.9962
116.302 39.9976
116.302 39.9976
116.304 39.9982
116.309 39.9968
116.31 39.9913
116.31 39.9816
116.31 39.9798
116.311 39.9772
116.311 39.9761
116.315 39.9666
116.315 39.9666
116.317 39.9564
116.318 39.9511
116.319 39.9382
116.327 39.9352
116.327 39.9346
116.327 39.9336
116.327 39.9314
116.328 39.9272
116.328 39.9224
116.328 39.9137
116.329 39.9072
116.329 39.9053
116.329 39.9021
116.329 39.9018
116.324 39.9014
116.323 39.9007
116.32 39.8909
116.32 39.8895
116.32 39.8893
116.32 39.8888
116.321 39.8848
116.321 39.8837
116.326 39.8831
116.328 39.8832
116.33 39.8833
116.33 39.8876
116.33 39.8883
116.347 39.888
116.347 39.888
116.355 39.8977
116.355 39.898
116.35 39.8948
116.35 39.8948
116.357 39.8888
116.357 39.8885
116.378 39.8855
116.378 39.8854
116.352 39.8949
116.37 39.8819
116.358 39.8733
116.358 39.8728
116.358 39.8719
116.358 39.8698
116.441 39.9218
116.431 39.9232
116.43 39.9233
116.429 39.9233
116.428 39.9278
116.428 39.9334
116.428 39.9338
116.402 39.9507
116.402 39.9519
116.402 39.9519
116.402 39.9533
116.402 39.9537
116.402 39.9537
116.402 39.9542
116.402 39.9542
116.402 39.9572
116.401 39.968
116.401 39.993
116.402 39.9971
116.406 40.0056
116.401 39.9942
116.401 39.9922
116.401 39.9905
116.401 39.9901
116.35 39.9198
116.343 39.9126
116.341 39.9084
116.342 39.9081
116.346 39.9066
116.346 39.9063
116.346 39.9062
116.338 39.906
116.304 39.9012
116.281 39.8396
116.282 39.8399
116.282 39.8403
116.282 39.8404
116.281 39.8395
116.307 39.829
116.339 39.8218
116.342 39.7902
116.341 39.7851
116.335 39.7751
116.336 39.7621
116.339 39.7316
116.339 39.732
116.339 39.732
116.337 39.7251
116.336 39.7252
116.334 39.7236
116.334 39.7237
116.335 39.7238
116.335 39.7239
116.334 39.7236
116.334 39.7236
116.333 39.741
116.336 39.7617
116.342 39.7976
116.341 39.7986
116.307 39.8622
116.304 39.8834
116.303 39.8773
116.301 39.8797
116.301 39.8797
116.3 39.8811
116.304 39.8827
116.305 39.8858
116.304 39.8934
116.304 39.8942
116.305 39.895
116.306 39.895
116.31 39.8956
116.311 39.8956
116.313 39.8955
116.314 39.8951
116.314 39.8951
116.338 39.8963
116.343 39.8967
116.345 39.8967
116.345 39.8967
116.35 39.9316
116.349 39.9312
116.367 39.923
116.355 39.9225
116.347 39.9252
116.347 39.9267
116.348 39.931
116.362 39.9391
116.362 39.9389
116.362 39.9384
116.362 39.938
116.358 39.9353
116.355 39.9392
116.355 39.9392
116.322 39.9362
116.322 39.9359
116.321 39.9367
116.327 39.9314
116.327 39.9314
116.33 39.931
116.332 39.931
116.338 39.931
116.343 39.9311
116.352 39.9391
116.357 39.9391
116.357 39.9391
116.357 39.9391
116.36 39.9393
116.36 39.9394
116.361 39.9396
116.362 39.9399
116.362 39.9401
116.361 39.9397
116.36 39.9395
116.355 39.9393
116.305 39.9407
116.304 39.9095
116.304 39.8807
116.302 39.8806
116.3 39.8809
116.303 39.8828
116.313 39.8956
116.323 39.8956
116.333 39.896
116.334 39.8959
116.329 39.8962
116.323 39.8991
116.323 39.9003
116.323 39.9007
116.323 39.9009
116.328 39.9059
116.328 39.9059
116.329 39.9059
116.329 39.9062
116.329 39.9201
116.329 39.9213
116.328 39.9299
116.33 39.9311
116.33 39.9311
116.33 39.9311
116.328 39.9312
116.328 39.9312
116.318 39.9495
116.329 39.9509
116.329 39.9509
116.329 39.9555
116.328 39.9659
116.328 39.9681
116.328 39.9682
116.329 39.9681
116.33 39.9676
116.33 39.9682
116.339 39.9749
116.342 39.9719
116.347 39.9601
116.347 39.9601
116.347 39.9583
116.352 39.9636
116.355 39.9609
116.355 39.9568
116.365 39.9547
116.365 39.9507
116.365 39.9498
116.365 39.949
116.365 39.9488
116.365 39.9485
116.365 39.9484
116.365 39.9482
116.364 39.9472
116.363 39.9468
116.363 39.9468
116.355 39.944
116.353 39.9436
116.355 39.9511
116.355 39.9545
116.355 39.9554
116.355 39.9558
116.36 39.9566
116.364 39.957
116.364 39.957
116.364 39.9659
116.374 39.9641
116.374 39.9627
116.374 39.9614
116.373 39.96
116.373 39.958
116.373 39.9574
116.366 39.9566
116.365 39.955
116.365 39.9498
116.365 39.9474
116.365 39.9474
116.357 39.9447
116.357 39.9446
116.356 39.9444
116.354 39.9438
116.352 39.9432
116.352 39.9432
116.349 39.9408
116.349 39.9328
116.342 39.9311
116.34 39.9312
116.334 39.9312
116.338 39.9308
116.338 39.9306
116.338 39.9291
116.338 39.9282
116.338 39.9279
116.338 39.9259
116.338 39.9223
116.345 39.9219
116.346 39.922
116.358 39.9224
116.363 39.9225
116.363 39.9225
116.364 39.9225
116.367 39.9225
116.37 39.9226
116.371 39.9216
116.378 39.9211
116.384 39.9209
116.393 39.922
116.4 39.9217
116.4 39.9208
116.4 39.9188
116.4 39.9173
116.404 39.9171
116.404 39.9171
116.404 39.9171
116.404 39.9171
116.404 39.9171
116.404 39.9171
116.412 39.903
116.412 39.901
116.412 39.9008
116.412 39.9001
116.412 39.9002
116.412 39.8918
116.413 39.8864
116.414 39.8831
116.415 39.8798
116.416 39.8576
116.367 39.8556
116.335 39.8478
116.333 39.8479
116.333 39.8479
116.328 39.8478
116.353 39.8499
116.403 39.8557
116.416 39.864
116.44 39.8771
116.443 39.8806
116.443 39.8805
116.45 39.8802
116.448 39.8614
116.442 39.8311
116.441 39.8311
116.445 39.8249
116.445 39.8249
116.445 39.8247
116.444 39.8247
116.444 39.8252
116.449 39.8122
116.439 39.804
116.436 39.8034
116.437 39.8034
116.437 39.8034
116.437 39.8035
116.437 39.8035
116.448 39.8056
116.449 39.8167
116.449 39.8167
116.465 39.8083
116.489 39.8025
116.492 39.7995
116.494 39.8
116.48 39.7999
116.474 39.8006
116.397 39.7647
116.382 39.7632
116.375 39.7609
116.375 39.7608
116.362 39.739
116.352 39.7364
116.351 39.7363
116.348 39.7356
116.347 39.7354
116.346 39.7354
116.34 39.7347
116.335 39.7236
116.333 39.7253
116.333 39.7255
116.328 39.7267
116.326 39.7298
116.326 39.7355
116.326 39.7439
116.326 39.744
116.326 39.7477
116.326 39.7479
116.326 39.7518
116.326 39.7562
116.326 39.7618
116.322 39.7944
116.307 39.8081
116.307 39.8178
116.307 39.8346
116.318 39.8465
116.317 39.8466
116.318 39.8465
116.319 39.8465
116.32 39.8464
116.342 39.8596
116.387 39.8701
116.411 39.8697
116.415 39.8698
116.415 39.8698
116.415 39.879
116.413 39.8913
116.413 39.8913
116.421 39.8921
116.421 39.8923
116.421 39.892
116.421 39.8957
116.421 39.8985
116.418 39.9031
116.42 39.9036
116.421 39.9076
116.421 39.9079
116.421 39.9097
116.42 39.9135
116.42 39.9228
116.427 39.9229
116.432 39.9228
116.433 39.9211
116.433 39.9211
116.433 39.9211
116.433 39.9209
116.431 39.9227
116.433 39.9227
116.439 39.9218
116.44 39.9229
116.43 39.9324
116.429 39.9324
116.429 39.9324
116.422 39.9323
116.421 39.9323
116.42 39.9256
116.42 39.9243
116.412 39.923
116.405 39.9229
116.405 39.9229
116.401 39.9126
116.401 39.9126
116.401 39.9123
116.397 39.9065
116.391 39.9062
116.39 39.9062
116.39 39.8992
116.388 39.8948
116.388 39.8947
116.389 39.8894
116.385 39.8886
116.384 39.8884
116.38 39.8883
116.358 39.8681
116.358 39.8643
116.358 39.8643
116.362 39.864
116.362 39.8636
116.362 39.8635
116.363 39.864
116.365 39.864
116.367 39.8642
116.368 39.8678
116.368 39.8761
116.368 39.8809
116.368 39.8871
116.368 39.893
116.368 39.8971
116.368 39.8973
116.368 39.904
116.368 39.9067
116.368 39.9072
116.368 39.9073
116.367 39.9096
116.368 39.9097
116.368 39.9098
116.367 39.9164
116.367 39.9174
116.367 39.9205
116.367 39.9261
116.367 39.9308
116.367 39.9365
116.367 39.9377
116.367 39.9397
116.366 39.9397
116.366 39.9445
116.366 39.9449
116.366 39.9449
116.366 39.9466
116.401 39.9476
116.427 39.9408
116.427 39.9401
116.427 39.9399
116.427 39.9397
116.437 39.9398
116.435 39.9409
116.434 39.9409
116.433 39.942
116.433 39.9419
116.433 39.9419
116.433 39.9401
116.428 39.946
116.406 39.9452
116.406 39.9478
116.401 39.9576
116.402 39.9517
116.402 39.9505
116.402 39.9502
116.402 39.9499
116.402 39.9566
116.411 39.9578
116.412 39.9579
116.412 39.9605
116.412 39.9624
116.412 39.9635
116.412 39.9615
116.402 39.9577
116.402 39.95
116.397 39.9499
116.392 39.9502
116.391 39.9502
116.391 39.9502
116.39 39.9502
116.389 39.9502
116.378 39.95
116.369 39.9497
116.365 39.9493
116.365 39.949
116.366 39.9481
116.366 39.9468
116.366 39.9464
116.366 39.9462
116.367 39.9388
116.367 39.9318
116.367 39.9261
116.367 39.9253
116.367 39.9234
116.367 39.921
116.367 39.9205
116.367 39.9201
116.367 39.9192
116.359 39.9179
116.359 39.919
116.351 39.9171
116.347 39.9171
116.343 39.9157
116.343 39.9129
116.343 39.9108
116.346 39.9098
116.346 39.9066
116.346 39.9055
116.346 39.9055
116.346 39.9041
116.346 39.904
116.346 39.9051
116.357 39.9059
116.376 39.9058
116.391 39.9061
116.394 39.9062
116.397 39.9063
116.411 39.9068
116.443 39.9071
116.445 39.9054
116.444 39.9057
116.444 39.9054
116.445 39.9054
116.453 39.9067
116.454 39.9068
116.452 39.9081
116.445 39.9072
116.431 39.9073
116.421 39.9104
116.42 39.9138
116.42 39.9138
116.415 39.9142
116.412 39.9143
116.412 39.9143
116.41 39.9143
116.408 39.9147
116.405 39.9072
116.405 39.908
116.405 39.9078
116.405 39.907
116.405 39.9002
116.412 39.8969
116.411 39.8912
116.421 39.8921
116.432 39.8923
116.432 39.8923
116.449 39.8902
116.45 39.8919
116.44 39.8924
116.439 39.8925
116.45 39.892
116.45 39.8889
116.451 39.8846
116.452 39.8846
116.452 39.8847
116.45 39.8833
116.433 39.8915
116.433 39.8919
116.422 39.8961
116.42 39.8961
116.419 39.8961
116.413 39.8957
116.412 39.8977
116.412 39.8976
116.412 39.8975
116.412 39.8963
116.412 39.8935
116.412 39.8922
116.392 39.8842
116.393 39.88
116.394 39.8536
116.394 39.8533
116.394 39.848
116.394 39.8441
116.394 39.8411
116.395 39.825
116.396 39.8063
116.411 39.8019
116.422 39.8039
116.422 39.8034
116.421 39.8034
116.421 39.8035
116.421 39.8038
116.418 39.8022
116.411 39.804
116.411 39.804
116.41 39.8041
116.408 39.804
116.406 39.8039
116.372 39.796
116.351 39.7972
116.348 39.7994
116.345 39.7996
116.345 39.7989
116.343 39.7889
116.336 39.7621
116.338 39.7524
116.338 39.7484
116.339 39.7369
116.334 39.7237
116.334 39.7237
116.335 39.7238
116.334 39.7236
116.334 39.7237
116.333 39.7361
116.334 39.7576
116.336 39.7617
116.336 39.7745
116.342 39.7885
116.34 39.821
116.34 39.8324
116.34 39.8336
116.372 39.8557
116.373 39.8557
116.373 39.8557
116.375 39.8556
116.401 39.8556
116.41 39.8557
116.452 39.8638
116.452 39.8638
116.452 39.8644
116.439 39.8577
116.437 39.8577
116.418 39.8567
116.417 39.8565
116.416 39.8564
116.416 39.8564
116.415 39.8563
116.41 39.8559
116.408 39.8606
116.408 39.8606
116.408 39.8629
116.405 39.8638
116.404 39.8638
116.394 39.8652
116.394 39.8691
116.393 39.8784
116.393 39.8803
116.391 39.8822
116.39 39.8823
116.387 39.8822
116.387 39.8842
116.387 39.8842
116.384 39.8849
116.384 39.8866
116.384 39.8866
116.384 39.8865
116.384 39.8865
116.384 39.8852
116.38 39.8849
116.379 39.8848
116.379 39.8848
116.379 39.8813
116.379 39.8797
116.377 39.882
116.376 39.8819
116.372 39.8818
116.372 39.8818
116.369 39.8819
116.365 39.8794
116.365 39.879
116.365 39.8772
116.363 39.8771
116.362 39.877
116.362 39.877
116.361 39.877
116.357 39.8862
116.357 39.8936
116.357 39.8968
116.357 39.8978
116.358 39.8976
116.365 39.8978
116.365 39.8978
116.365 39.8977
116.365 39.8976
116.367 39.8979
116.385 39.8989
116.389 39.8988
116.4 39.8993
116.405 39.8994
116.412 39.898
116.412 39.8964
116.412 39.8962
116.412 39.8959
116.412 39.8917
116.413 39.8921
116.421 39.8919
116.443 39.8832
116.444 39.8831
116.445 39.8813
116.445 39.8805
116.445 39.8805
116.445 39.8751
116.441 39.875
116.441 39.875
116.44 39.875
116.419 39.8993
116.414 39.8994
116.412 39.8998
116.412 39.8998
116.41 39.8999
116.405 39.9004
116.408 39.9008
116.411 39.9006
116.412 39.9004
116.412 39.8981
116.412 39.8967
116.412 39.8963
116.412 39.896
116.411 39.8953
116.41 39.8951
116.406 39.8988
116.401 39.8995
116.394 39.899
116.376 39.8987
116.37 39.8985
116.359 39.8982
116.341 39.8968
116.341 39.8969
116.339 39.8967
116.338 39.8966
116.337 39.8965
116.337 39.8965
116.355 39.8979
116.353 39.8882
116.353 39.8882
116.352 39.8883
116.321 39.8888
116.321 39.8888
116.29 39.8791
116.29 39.879
116.282 39.8755
116.279 39.8712
116.279 39.8712
116.279 39.8713
116.281 39.8646
116.282 39.8752
116.284 39.876
116.286 39.8764
116.289 39.8786
116.288 39.8788
116.288 39.8788
116.277 39.8586
116.277 39.8532
116.279 39.8414
116.28 39.8401
116.28 39.8353
116.285 39.8353
116.286 39.8342
116.287 39.833
116.287 39.8329
116.287 39.8327
116.285 39.8308
116.274 39.823
116.274 39.8238
116.282 39.8215
116.325 39.7624
116.326 39.7491
116.328 39.7488
116.328 39.7501
116.328 39.75
116.328 39.7498
116.327 39.7489
116.326 39.7451
116.326 39.7325
116.326 39.7306
116.326 39.7236
116.326 39.7234
116.332 39.7236
116.332 39.7236
116.334 39.7237
116.335 39.7238
116.335 39.7239
116.335 39.724
116.334 39.7238
116.333 39.7252
116.333 39.7252
116.328 39.7267
116.328 39.7266
116.327 39.7285
116.327 39.7285
116.326 39.7302
116.338 39.7207
116.34 39.7206
116.34 39.7206
116.353 39.7204
116.392 39.7189
116.378 39.7203
116.373 39.7205
116.354 39.7206
116.34 39.7244
116.34 39.7301
116.34 39.731
116.34 39.731
116.34 39.731
116.34 39.7324
116.354 39.7612
116.359 39.7619
116.438 39.8006
116.444 39.8048
116.45 39.8099
116.449 39.8164
116.448 39.8224
116.441 39.8302
116.44 39.8442
116.433 39.8562
116.433 39.8567
116.428 39.8576
116.428 39.8576
116.427 39.8575
116.427 39.8575
116.426 39.8586
116.426 39.8592
116.426 39.8592
116.426 39.8593
116.426 39.8593
116.426 39.8587
116.381 39.8593
116.381 39.8594
116.381 39.8602
116.381 39.8602
116.381 39.8622
116.381 39.8631
116.356 39.8676
116.343 39.8976
116.324 39.8959
116.323 39.8958
116.323 39.8958
116.3 39.8959
116.289 39.8978
116.287 39.9064
116.286 39.9064
116.286 39.9063
116.284 39.9062
116.284 39.9062
116.26 39.9062
116.247 39.9063
116.247 39.9072
116.247 39.9195
116.233 39.9192
116.231 39.9184
116.231 39.9183
116.232 39.9186
116.233 39.922
116.232 39.9195
116.245 39.9202
116.247 39.9169
116.247 39.9143
116.239 39.9151
116.239 39.9151
116.246 39.9142
116.247 39.9143
116.247 39.9071
116.254 39.9062
116.256 39.9061
116.261 39.9062
116.267 39.9062
116.288 39.9062
116.304 39.9047
116.304 39.9047
116.31 39.9062
116.328 39.9046
116.329 39.9025
116.334 39.9012
116.335 39.9005
116.335 39.8997
116.335 39.8992
116.336 39.8974
116.336 39.8972
116.336 39.8963
116.336 39.8963
116.342 39.8938
116.342 39.8897
116.342 39.8898
116.342 39.8898
116.342 39.889
116.342 39.8887
116.365 39.8686
116.4 39.8706
116.415 39.8686
116.415 39.8681
116.415 39.8678
116.415 39.867
116.415 39.8668
116.416 39.8597
116.422 39.8509
116.422 39.8439
116.426 39.8445
116.422 39.8448
116.422 39.8503
116.422 39.8512
116.423 39.8529
116.423 39.8541
116.455 39.8697
116.455 39.8717
116.456 39.8717
116.455 39.8828
116.451 39.8832
116.434 39.8875
116.424 39.896
116.424 39.896
116.423 39.896
116.422 39.896
116.42 39.8959
116.419 39.8959
116.418 39.8959
116.418 39.8959
116.413 39.8958
116.413 39.8959
116.413 39.8959
116.413 39.8959
116.401 39.8995
116.394 39.8989
116.386 39.8991
116.359 39.8982
116.323 39.8961
116.323 39.9007
116.323 39.9049
116.328 39.9059
116.333 39.9126
116.333 39.9126
116.338 39.9126
116.346 39.9126
116.351 39.9092
116.354 39.91
116.357 39.9124
116.366 39.9087
116.368 39.9082
116.368 39.9082
116.368 39.9078
116.385 39.8989
116.39 39.8988
116.398 39.8993
116.4 39.8993
116.405 39.8995
116.412 39.8997
116.421 39.8992
116.443 39.8922
116.454 39.8708
116.454 39.8703
116.454 39.8702
116.461 39.869
116.461 39.8648
116.455 39.8698
116.451 39.87
116.451 39.87
116.44 39.8826
116.434 39.8884
116.434 39.8884
116.434 39.8882
116.434 39.888
116.434 39.888
116.432 39.883
116.432 39.883
116.415 39.8825
116.415 39.8798
116.415 39.8729
116.415 39.8729
116.415 39.8729
116.415 39.8729
116.415 39.8721
116.415 39.8721
116.407 39.8718
116.403 39.8717
116.404 39.8717
116.439 39.8739
116.443 39.8748
116.444 39.8748
116.445 39.8703
116.446 39.8702
116.451 39.8701
116.454 39.8699
116.459 39.868
116.455 39.8701
116.452 39.8701
116.45 39.8734
116.45 39.8742
116.45 39.8746
116.437 39.8969
116.422 39.8993
116.413 39.8998
116.406 39.8996
116.404 39.8995
116.401 39.8995
116.399 39.8994
116.395 39.9014
116.4 39.8996
116.391 39.8988
116.386 39.8991
116.381 39.899
116.376 39.8987
116.369 39.8985
116.365 39.8984
116.32 39.8954
116.32 39.8955
116.331 39.8958
116.336 39.8961
116.343 39.8953
116.343 39.8953
116.35 39.9004
116.35 39.9004
116.35 39.9002
116.351 39.9124
116.351 39.9186
116.351 39.918
116.353 39.9157
116.354 39.9142
116.354 39.913
116.368 39.9088
116.367 39.9087
116.36 39.9124
116.358 39.9166
116.354 39.9171
116.351 39.917
116.349 39.9171
116.349 39.917
116.35 39.9127
116.354 39.9126
116.367 39.9134
116.367 39.9209
116.367 39.9224
116.367 39.9389
116.366 39.9468
116.387 39.9474
116.389 39.9477
116.39 39.9523
116.39 39.9525
116.39 39.9501
116.374 39.95
116.366 39.9496
116.366 39.9476
116.367 39.9179
116.367 39.9165
116.368 39.9137
116.368 39.8941
116.368 39.8884
116.366 39.8745
116.366 39.873
116.359 39.869
116.34 39.8502
116.335 39.7752
116.336 39.7623
116.338 39.7414
116.339 39.74
116.339 39.7349
116.364 39.7413
116.34 39.7348
116.339 39.732
116.339 39.7318
116.334 39.7236
116.333 39.736
116.333 39.736
116.334 39.757
116.334 39.757
116.335 39.7617
116.343 39.7893
116.34 39.8246
116.341 39.8536
116.348 39.8638
116.348 39.8638
116.354 39.8651
116.355 39.8651
116.354 39.8651
116.354 39.8651
116.408 39.8708
116.451 39.87
116.451 39.87
116.454 39.87
116.462 39.87
116.466 39.87
116.466 39.8733
116.466 39.8743
116.465 39.8748
116.438 39.8937
116.422 39.8923
116.413 39.8919
116.412 39.8954
116.412 39.8992
116.41 39.9008
116.411 39.9006
116.411 39.9006
116.411 39.9006
116.412 39.8946
116.407 39.8922
116.407 39.8922
116.395 39.8907
116.392 39.8901
116.389 39.8894
116.389 39.8892
116.387 39.8889
116.379 39.8883
116.379 39.8907
116.378 39.8983
116.378 39.8987
116.378 39.9003
116.377 39.9037
116.377 39.9043
116.377 39.9055
116.375 39.9142
116.376 39.9209
116.374 39.9213
116.374 39.9256
116.376 39.9302
116.376 39.9308
116.383 39.9318
116.381 39.9211
116.376 39.9212
116.376 39.9212
116.375 39.9133
116.375 39.9133
116.371 39.911
116.37 39.9099
116.366 39.9074
116.368 39.9033
116.362 39.8997
116.362 39.8991
116.362 39.8991
116.362 39.8995
116.362 39.8987
116.362 39.8985
116.359 39.8983
116.352 39.8999
116.347 39.9
116.344 39.8998
116.337 39.8965
116.333 39.8886
116.336 39.8824
116.332 39.8764
116.331 39.8764
116.33 39.8877
116.344 39.8867
116.35 39.9179
116.35 39.9179
116.35 39.9267
116.435 39.8691
116.454 39.883
116.455 39.9227
116.46 39.9667
116.516 40.0159
116.579 40.0467
116.587 40.0773
116.583 40.0795
116.581 40.0765
116.581 40.0743
116.572 40.0632
116.569 40.0635
116.564 40.0643
116.564 40.0612
116.55 40.0642
116.511 39.9783
116.512 39.922
116.488 39.9218
116.474 39.927
116.472 39.9274
116.472 39.9296
116.472 39.9296
116.467 39.9295
116.466 39.9293
116.465 39.9291
116.464 39.929
116.463 39.9286
116.462 39.9284
116.462 39.9284
116.461 39.9282
116.456 39.9314
116.455 39.9316
116.455 39.9182
116.455 39.9125
116.455 39.9036
116.455 39.9021
116.455 39.8981
116.455 39.8981
116.467 39.8993
116.469 39.8993
116.47 39.8991
116.482 39.8993
116.483 39.8994
116.485 39.8991
116.485 39.8994
116.485 39.8994
116.485 39.8994
116.484 39.8994
116.484 39.8994
116.481 39.892
116.472 39.892
116.467 39.8921
116.456 39.8922
116.423 39.8923
116.414 39.8919
116.413 39.8977
116.413 39.8976
116.412 39.8977
116.42 39.8959
116.419 39.8959
116.418 39.8959
116.418 39.8959
116.414 39.8955
116.413 39.8958
116.413 39.8958
116.412 39.8946
116.412 39.8944
116.412 39.8949
116.413 39.8866
116.414 39.8835
116.415 39.8805
116.415 39.8724
116.393 39.8613
116.394 39.8533
116.394 39.8516
116.391 39.8517
116.394 39.8533
116.394 39.8533
116.394 39.8636
116.368 39.8946
116.368 39.8967
116.368 39.8969
116.368 39.8976
116.368 39.8979
116.358 39.8982
116.342 39.8852
116.343 39.8773
116.34 39.836
116.342 39.7922
116.342 39.7891
116.335 39.7754
116.335 39.7753
116.336 39.7626
116.338 39.7415
116.339 39.7412
116.34 39.7408
116.339 39.7378
116.339 39.7352
116.339 39.7353
116.335 39.7236
116.335 39.7234
116.334 39.7233
116.335 39.7236
116.334 39.7236
116.333 39.7255
116.333 39.7258
116.333 39.7258
116.327 39.7295
116.327 39.7315
116.327 39.7317
116.327 39.7319
116.326 39.7405
116.326 39.7483
116.33 39.7567
116.336 39.7617
116.343 39.7866
116.339 39.8206
116.342 39.8483
116.343 39.8494
116.342 39.8496
116.341 39.8557
116.341 39.8564
116.341 39.8564
116.33 39.8663
116.327 39.8668
116.327 39.8668
116.312 39.8666
116.31 39.8668
116.298 39.8657
116.288 39.8652
116.288 39.8667
116.28 39.8745
116.281 39.8747
116.282 39.8752
116.289 39.8772
116.289 39.8881
116.289 39.8882
116.293 39.8898
116.317 39.8956
116.336 39.8961
116.346 39.8963
116.347 39.8974
116.347 39.8974
116.346 39.8991
116.346 39.8999
116.346 39.9006
116.346 39.9009
116.346 39.9009
116.351 39.909
116.351 39.9102
116.351 39.9123
116.351 39.9164
116.348 39.9223
116.329 39.9217
116.324 39.922
116.32 39.9267
116.319 39.9269
116.318 39.9268
116.316 39.9268
116.314 39.9275
116.314 39.9268
116.304 39.9232
116.304 39.9201
116.304 39.92
116.304 39.9196
116.304 39.9196
116.304 39.9171
116.304 39.9092
116.304 39.9083
116.304 39.9064
116.304 39.9064
116.304 39.8939
116.304 39.8939
116.304 39.8939
116.304 39.8903
116.304 39.8896
116.304 39.8888
116.304 39.8886
116.304 39.888
116.304 39.8859
116.304 39.8656
116.312 39.8654
116.312 39.8654
116.318 39.8666
116.347 39.8666
116.348 39.8751
116.347 39.8758
116.347 39.876
116.347 39.8762
116.347 39.8836
116.347 39.8873
116.347 39.8943
116.347 39.8955
116.347 39.8961
116.347 39.8992
116.347 39.9012
116.352 39.9106
116.352 39.9106
116.353 39.9106
116.353 39.9107
116.357 39.9063
116.357 39.9029
116.357 39.9022
116.357 39.9018
116.357 39.9014
116.357 39.9006
116.357 39.8989
116.352 39.8999
116.352 39.9
116.351 39.9003
116.353 39.8961
116.351 39.8949
116.349 39.8948
116.347 39.8949
116.347 39.8955
116.347 39.8962
116.347 39.8962
116.347 39.897
116.346 39.9004
116.347 39.9007
116.347 39.901
116.346 39.9053
116.347 39.9082
116.35 39.9109
116.35 39.91
116.35 39.9087
116.35 39.9086
116.35 39.9083
116.35 39.9081
116.35 39.9081
116.35 39.9079
116.35 39.9077
116.354 39.8979
116.367 39.8983
116.378 39.8987
116.386 39.8987
116.386 39.8987
116.378 39.9028
116.376 39.9029
116.372 39.9029
116.372 39.9029
116.37 39.9044
116.372 39.9039
116.372 39.9039
116.372 39.9031
116.369 39.9029
116.359 39.8983
116.357 39.9055
116.365 39.9097
116.367 39.9089
116.367 39.9089
116.367 39.9089
116.368 39.9083
116.368 39.9045
116.368 39.903
116.385 39.8989
116.388 39.8988
116.398 39.8993
116.4 39.8993
116.411 39.8993
116.412 39.8994
116.412 39.8983
116.412 39.8979
116.412 39.897
116.413 39.8966
116.413 39.8962
116.413 39.8959
116.414 39.8954
116.411 39.8958
116.411 39.8958
116.409 39.8958
116.411 39.8958
116.412 39.8957
116.413 39.8933
116.413 39.8928
116.413 39.8927
116.413 39.8923
116.413 39.8923
116.419 39.8921
116.432 39.8922
116.433 39.8923
116.439 39.8984
116.439 39.8984
116.44 39.8925
116.433 39.8686
116.433 39.8686
116.433 39.868
116.433 39.8678
116.433 39.8661
116.433 39.8661
116.429 39.8646
116.428 39.8646
116.427 39.8646
116.422 39.8644
116.421 39.8644
116.421 39.8644
116.419 39.8644
116.419 39.8643
116.419 39.8643
116.417 39.8643
116.416 39.8644
116.416 39.8653
116.416 39.8653
116.415 39.8667
116.415 39.8671
116.415 39.8678
116.438 39.8895
116.471 39.9036
116.471 39.9036
116.487 39.9075
116.485 39.9097
116.486 39.9135
116.478 39.9144
116.467 39.9147
116.464 39.9153
116.457 39.9177
116.457 39.9177
116.454 39.9185
116.453 39.9188
116.452 39.9189
116.447 39.9201
116.447 39.9213
116.44 39.922
116.44 39.922
116.438 39.9321
116.438 39.9321
116.436 39.9351
116.433 39.938
116.433 39.938
116.433 39.938
116.433 39.9384
116.433 39.9385
116.433 39.9385
116.438 39.9397
116.449 39.9398
116.455 39.9224
116.455 39.9222
116.455 39.9197
116.455 39.9193
116.454 39.9192
116.455 39.9192
116.441 39.9219
116.439 39.9255
116.438 39.932
116.438 39.9351
116.433 39.9382
116.433 39.9325
116.432 39.9326
116.432 39.9326
116.431 39.9326
116.43 39.9325
116.43 39.9325
116.427 39.9397
116.422 39.9395
116.419 39.9387
116.418 39.9387
116.418 39.9368
116.418 39.9368
116.418 39.9365
116.418 39.9361
116.417 39.936
116.416 39.9359
116.415 39.9359
116.412 39.9359
116.403 39.932
116.403 39.9286
116.407 39.9248
116.407 39.9245
116.407 39.9233
116.405 39.923
116.405 39.9173
116.411 39.9171
116.412 39.9145
116.407 39.9092
116.405 39.9089
116.405 39.907
116.394 39.8989
116.385 39.899
116.383 39.899
116.369 39.8985
116.358 39.8982
116.318 39.896
116.315 39.8963
116.315 39.8987
116.315 39.9059
116.315 39.9087
116.322 39.9097
116.333 39.9127
116.346 39.9095
116.347 39.9083
116.346 39.9062
116.347 39.9019
116.35 39.9003
116.357 39.8864
116.361 39.8843
116.361 39.8841
116.361 39.8831
116.361 39.8837
116.359 39.888
116.347 39.896
116.347 39.8994
116.347 39.9017
116.347 39.9096
116.347 39.9099
116.347 39.9112
116.347 39.9115
116.347 39.9116
116.347 39.9169
116.347 39.9219
116.347 39.9219
116.346 39.9227
116.347 39.9244
116.347 39.9227
116.35 39.9176
116.347 39.9126
116.346 39.9081
116.346 39.9081
116.346 39.9069
116.347 39.9062
116.341 39.8884
116.334 39.8868
116.326 39.8833
116.326 39.8833
116.325 39.8834
116.324 39.8835
116.311 39.8862
116.311 39.8862
116.289 39.8975
116.278 39.899
116.277 39.9027
116.277 39.9027
116.277 39.9027
116.277 39.9027
116.28 39.9062
116.289 39.9062
116.3 39.906
116.305 39.8974
116.304 39.8986
116.318 39.9375
116.352 39.9391
116.352 39.9391
116.362 39.9392
116.367 39.9374
116.367 39.9374
116.367 39.9373
116.367 39.9231
116.367 39.9222
116.366 39.9075
116.366 39.9062
116.364 39.906
116.362 39.906
116.361 39.906
116.36 39.906
116.358 39.9059
116.376 39.9059
116.376 39.9058
116.405 39.9066
116.411 39.9068
116.411 39.9068
116.51 39.92
116.472 39.9145
116.471 39.9145
116.471 39.9145
116.47 39.9145
116.467 39.9147
116.467 39.9147
116.467 39.9147
116.467 39.9147
116.455 39.9324
116.449 39.9325
116.445 39.9324
116.441 39.9322
116.394 39.8989
116.39 39.8987
116.369 39.8985
116.358 39.8981
116.357 39.898
116.357 39.8952
116.353 39.8881
116.347 39.8882
116.347 39.8882
116.34 39.8504
116.34 39.8503
116.339 39.8035
116.337 39.7483
116.338 39.7417
116.339 39.7397
116.334 39.7238
116.333 39.7361
116.331 39.7518
116.334 39.757
116.336 39.7617
116.343 39.7886
116.348 39.8642
116.348 39.8654
116.348 39.8664
116.348 39.867
116.343 39.8976
116.289 39.8983
116.289 39.8986
116.289 39.901
116.296 39.9001
116.296 39.896
116.312 39.8956
116.313 39.8956
116.313 39.8955
116.314 39.8953
116.314 39.895
116.314 39.895
116.314 39.895
116.314 39.895
116.314 39.895
116.314 39.895
116.314 39.895
116.314 39.895
116.314 39.895
116.315 39.894
116.316 39.8954
116.316 39.8954
116.304 39.8774
116.301 39.88
116.301 39.88
116.31 39.8857
116.311 39.886
116.312 39.8868
116.313 39.8873
116.333 39.8885
116.343 39.8789
116.343 39.8774
116.34 39.8411
116.341 39.794
116.341 39.7926
116.341 39.7927
116.336 39.7653
116.336 39.762
116.338 39.7418
116.339 39.7399
116.339 39.7354
116.339 39.732
116.328 39.7266
116.328 39.727
116.328 39.7273
116.328 39.727
116.328 39.7263
116.34 39.7098
116.377 39.6779
116.408 39.6638
116.435 39.6482
116.486 39.6172
116.486 39.6169
116.481 39.5889
116.481 39.5851
116.481 39.5839
116.482 39.5838
116.482 39.5838
116.486 39.6168
116.487 39.6191
116.487 39.6183
116.488 39.6165
116.487 39.6165
116.489 39.6159
116.481 39.5882
116.481 39.5836
116.481 39.5838
116.481 39.5823
116.481 39.5823
116.485 39.5828
116.486 39.5825
116.486 39.5836
116.486 39.584
116.483 39.5834
116.482 39.5838
116.481 39.5842
116.483 39.6118
116.453 39.6353
116.413 39.6641
116.409 39.6638
116.368 39.6847
116.339 39.7194
116.339 39.7204
116.333 39.7212
116.326 39.7236
116.328 39.7271
116.328 39.7273
116.328 39.7272
116.328 39.727
116.333 39.7312
116.333 39.7312
116.332 39.7314
116.332 39.7315
116.331 39.7312
116.331 39.7312
116.327 39.7305
116.327 39.7266
116.327 39.7266
116.328 39.7273
116.328 39.7274
116.328 39.7271
116.326 39.7361
116.326 39.7361
116.336 39.7617
116.336 39.7745
116.336 39.7745
116.342 39.7888
116.339 39.8207
116.341 39.8502
116.344 39.8657
116.345 39.8661
116.348 39.8665
116.471 39.9072
116.471 39.9072
116.453 39.903
116.454 39.902
116.455 39.9023
116.44 39.8926
116.439 39.8927
116.422 39.8994
116.419 39.9035
116.419 39.9036
116.42 39.9035
116.421 39.9034
116.422 39.9035
116.422 39.9035
116.426 39.9036
116.437 39.8696
116.437 39.8696
116.369 39.856
116.369 39.856
116.368 39.8558
116.349 39.8513
116.349 39.8513
116.348 39.8509
116.348 39.8711
116.348 39.8716
116.347 39.881
116.347 39.8821
116.347 39.8876
116.347 39.8943
116.347 39.8963
116.347 39.8995
116.347 39.8995
116.346 39.9055
116.347 39.9064
116.347 39.9122
116.347 39.9125
116.34 39.9127
116.346 39.908
116.346 39.9068
116.346 39.9064
116.347 39.9008
116.342 39.8691
116.345 39.8296
116.345 39.8297
116.395 39.8239
116.395 39.8221
116.396 39.8162
116.396 39.81
116.396 39.8063
116.396 39.8022
116.396 39.8022
116.396 39.8033
116.397 39.8058
116.396 39.8113
116.396 39.8119
116.396 39.8122
116.396 39.8128
116.396 39.8155
116.396 39.8263
116.397 39.8305
116.396 39.8314
116.396 39.8314
116.396 39.8315
116.396 39.8315
116.396 39.8315
116.396 39.8315
116.395 39.8345
116.395 39.8251
116.395 39.8238
116.4 39.821
116.399 39.8236
116.4 39.8235
116.408 39.8226
116.408 39.8225
116.409 39.8222
116.411 39.8218
116.411 39.8233
116.411 39.8238
116.411 39.8246
116.411 39.8252
116.412 39.8261
116.395 39.8351
116.395 39.8403
116.395 39.8415
116.395 39.8417
116.395 39.8421
116.395 39.8457
116.395 39.8457
116.402 39.8556
116.455 39.8679
116.461 39.8699
116.467 39.8698
116.47 39.8699
116.47 39.87
116.486 39.8745
116.49 39.8749
116.472 39.8832
116.461 39.8832
116.457 39.8832
116.452 39.8832
116.434 39.8905
116.433 39.892
116.425 39.8933
116.425 39.8947
116.424 39.8958
116.422 39.896
116.421 39.896
116.416 39.892
116.415 39.8919
116.414 39.8918
116.414 39.8918
116.413 39.8953
116.412 39.899
116.406 39.8995
116.401 39.8995
116.393 39.9017
116.393 39.9017
116.393 39.9058
116.378 39.9059
116.358 39.9059
116.311 39.9063
116.304 39.9465
116.293 39.9898
116.289 39.9947
116.289 39.9951
116.293 39.9847
116.294 39.983
116.3 39.9815
116.3 39.9746
116.302 39.974
116.311 39.9744
116.312 39.9722
116.315 39.966
116.318 39.9505
116.319 39.9381
116.322 39.937
116.324 39.937
116.346 39.9386
116.35 39.9383
116.35 39.9383
116.35 39.9383
116.353 39.9489
116.353 39.9487
116.355 39.9498
116.36 39.951
116.358 39.9512
116.355 39.9529
116.355 39.9532
116.355 39.9535
116.402 39.9526
116.402 39.9514
116.402 39.9509
116.402 39.9502
116.402 39.949
116.399 39.9479
116.375 39.9669
116.286 39.9956
116.293 39.9847
116.294 39.983
116.298 39.9827
116.299 39.9828
116.3 39.9743
116.302 39.9744
116.303 39.9745
116.308 39.9744
116.313 39.9714
116.315 39.9659
116.315 39.9659
116.319 39.9378
116.32 39.9339
116.32 39.9329
116.32 39.9324
116.32 39.9269
116.322 39.9267
116.327 39.9268
116.328 39.9223
116.33 39.9211
116.33 39.9209
116.33 39.9204
116.33 39.9185
116.33 39.9185
116.33 39.9187
116.339 39.9172
116.339 39.9128
116.339 39.9128
116.339 39.9098
116.337 39.902
116.336 39.8987
116.336 39.8982
116.336 39.8967
116.346 39.8843
116.347 39.8773
116.344 39.8766
116.343 39.8762
116.341 39.8602
116.341 39.8597
116.342 39.8646
116.343 39.8648
116.348 39.8666
116.357 39.8674
116.358 39.8679
116.358 39.8725
116.358 39.8728
116.358 39.8738
116.358 39.875
116.358 39.8764
