116.412 39.9322
116.426 39.9322
116.443 39.9323
116.445 39.9256
116.448 39.9256
116.455 39.9255
116.455 39.9214
116.455 39.8836
116.455 39.8703
116.463 39.8699
116.471 39.8678
116.463 39.8749
116.462 39.8773
116.456 39.9091
116.455 39.9229
116.455 39.9229
116.456 39.9364
116.449 39.956
116.442 39.9605
116.429 39.9582
116.418 39.9708
116.418 39.9747
116.415 39.9815
116.416 39.9819
116.416 39.9819
116.416 39.9819
116.416 39.9819
116.416 39.9819
116.408 39.9896
116.404 39.9937
116.404 39.9937
116.401 39.9769
116.401 39.9632
116.402 39.9607
116.409 39.9477
116.419 39.949
116.419 39.9486
116.419 39.9486
116.419 39.9467
116.42 39.9329
116.42 39.9327
116.42 39.9192
116.421 39.9085
116.421 39.908
116.428 39.9021
116.414 39.9001
116.415 39.901
116.42 39.9264
116.42 39.9392
116.419 39.9471
116.406 39.9478
116.378 39.9476
116.376 39.9478
116.396 39.9707
116.396 39.9701
116.399 39.9739
116.399 39.9739
116.394 39.9756
116.389 39.9864
116.401 39.9865
116.402 40.018
116.404 40.0313
116.406 40.0442
116.417 40.0569
116.428 40.0652
116.425 40.0728
116.422 40.0734
116.429 40.0723
116.435 40.0818
116.435 40.0818
116.432 40.0748
116.429 40.0635
116.411 40.0578
116.409 40.0567
116.408 40.0567
116.385 40.0555
116.379 40.0587
116.392 40.0562
116.406 40.0433
116.409 40.0314
116.411 40.0253
116.403 40.0043
116.401 39.9958
116.401 39.9884
116.401 39.9668
116.402 39.9584
116.402 39.9462
116.402 39.9408
116.402 39.9379
116.402 39.937
116.402 39.9337
116.403 39.9293
116.405 39.9225
116.412 39.9132
116.411 39.907
116.408 39.9074
116.412 39.9125
116.412 39.9168
116.412 39.9229
116.421 39.9322
116.421 39.9322
116.422 39.932
116.424 39.9322
116.425 39.9322
116.426 39.9294
116.422 39.9279
116.422 39.9279
116.426 39.9326
116.426 39.9327
116.426 39.9327
116.428 39.9448
116.465 39.971
116.467 39.9736
116.484 39.9739
116.484 39.9706
116.497 39.9682
116.481 39.9733
116.479 39.9741
116.464 39.9625
116.442 39.961
116.442 39.9611
116.425 39.9683
116.418 39.98
116.418 39.9815
116.401 39.9924
116.408 40.0051
116.407 40.005
116.394 39.9963
116.387 39.9838
116.387 39.9815
116.389 39.9569
116.389 39.9475
116.389 39.9475
116.388 39.9674
116.368 39.9734
116.369 39.9737
116.373 39.9852
116.368 39.9972
116.368 39.9961
116.382 39.9783
116.396 39.9671
116.396 39.9671
116.396 39.9671
116.396 39.966
116.401 39.9668
116.394 39.9756
116.391 39.9756
116.391 39.9756
116.388 39.9698
116.433 39.9666
116.433 39.9666
116.435 39.9648
116.45 39.94
116.445 39.9325
116.445 39.9325
116.428 39.94
116.42 39.935
116.42 39.9337
116.391 39.9321
116.371 39.923
116.37 39.9096
116.367 39.9209
116.374 39.9316
116.375 39.9462
116.365 39.954
116.343 39.9569
116.343 39.9569
116.328 39.9658
116.319 39.9714
116.319 39.9722
116.345 39.9853
116.363 39.9864
116.363 39.9864
116.375 39.9756
116.303 39.9537
116.303 39.9537
116.295 39.9444
116.291 39.9458
116.285 39.9462
116.303 39.9567
116.312 39.9642
116.316 39.9796
116.318 39.9819
116.319 39.9816
116.365 39.9859
116.381 39.9905
116.389 39.967
116.401 39.9672
116.401 39.9717
116.406 40.0015
116.4 40.0039
116.398 40.0038
116.388 39.9867
116.322 39.9659
116.374 39.9658
116.353 39.9489
116.34 39.9569
116.337 39.9568
116.328 39.9661
116.318 39.9853
116.318 39.9841
116.359 39.9856
116.363 39.9805
116.373 39.986
116.373 39.986
116.401 39.992
116.383 39.9866
116.352 39.9858
116.292 39.9907
116.279 40.0005
116.269 40.0014
116.266 40.0015
116.283 39.9999
116.329 39.9752
116.381 39.9862
116.402 39.995
116.411 40.0056
116.406 40.0473
116.406 40.0486
116.423 40.0781
116.427 40.0994
116.427 40.1114
116.427 40.117
116.429 40.1171
116.442 40.1174
116.458 40.1273
116.458 40.1273
116.462 40.1487
116.461 40.1518
116.477 40.1743
116.493 40.1695
116.493 40.1693
116.494 40.1698
116.494 40.1698
116.494 40.1698
116.494 40.1699
116.494 40.1699
116.494 40.1699
116.494 40.1699
116.494 40.1699
116.494 40.1699
116.494 40.1699
116.494 40.1699
116.494 40.1699
116.494 40.1699
116.494 40.1699
116.494 40.1699
116.494 40.1699
116.494 40.1699
116.494 40.1699
116.494 40.1699
116.494 40.1699
116.494 40.1699
116.494 40.1699
116.494 40.1699
116.494 40.1699
116.494 40.1699
116.494 40.1699
116.5 40.169
116.5 40.169
116.5 40.169
116.5 40.169
116.5 40.1673
116.493 40.1263
116.487 40.0994
116.468 40.0864
116.461 40.0823
116.437 40.0786
116.407 40.0666
116.407 40.0666
116.381 40.0551
116.375 40.0543
116.361 40.045
116.358 40.0337
116.36 40.0337
116.361 40.0341
116.35 40.0323
116.339 40.0388
116.32 40.0345
116.306 40.0356
116.291 40.0526
116.303 40.0374
116.3 40.0428
116.315 40.0446
116.327 40.0389
116.347 40.0202
116.347 40.0202
116.353 40.0148
116.363 40.001
116.374 39.9806
116.374 39.9781
116.374 39.9801
116.379 39.9861
116.38 39.9862
116.444 39.9853
116.454 39.9957
116.454 39.9957
116.455 39.9957
116.465 39.9815
116.466 39.9737
116.46 39.9693
116.457 39.965
116.441 39.9522
116.446 39.9513
116.446 39.9513
116.446 39.9513
116.446 39.9513
116.446 39.9513
116.446 39.9513
116.439 39.9496
116.428 39.9511
116.428 39.9511
116.428 39.9511
116.428 39.9511
116.428 39.9511
116.428 39.9511
116.428 39.9511
116.428 39.9511
116.428 39.9511
116.428 39.9511
116.428 39.9511
116.428 39.9511
116.429 39.9491
116.433 39.9548
116.44 39.9515
116.44 39.949
116.45 39.9399
116.455 39.9326
116.46 39.9324
116.467 39.9325
116.463 39.943
116.464 39.9416
116.447 39.94
116.438 39.9398
116.432 39.9397
116.428 39.9318
116.444 39.9323
116.45 39.9323
116.471 39.9323
116.472 39.9223
116.472 39.927
116.461 39.9231
116.461 39.9231
116.45 39.922
116.44 39.9226
116.44 39.9231
116.428 39.9268
116.406 39.9479
116.405 39.9479
116.385 39.9477
116.371 39.9476
116.371 39.9476
116.349 39.9393
116.348 39.9391
116.348 39.9391
116.35 39.9389
116.35 39.945
116.351 39.9468
116.351 39.9468
116.351 39.9468
116.351 39.9466
116.351 39.9466
116.351 39.9468
116.351 39.9468
116.355 39.9586
116.348 39.9746
116.348 39.9748
116.359 39.9856
116.391 39.9865
116.392 39.9866
116.42 39.9875
116.47 39.9653
116.472 39.9643
116.483 39.9192
116.484 39.9124
116.484 39.9124
116.472 39.9096
116.457 39.9073
116.457 39.9073
116.441 39.9072
116.423 39.9071
116.423 39.9071
116.405 39.9067
116.405 39.9067
116.388 39.9063
116.388 39.9063
116.388 39.9063
116.37 39.9059
116.349 39.9059
116.348 39.9059
116.326 39.9063
116.318 39.9062
116.317 39.9062
116.305 39.9062
116.3 39.9063
116.3 39.9063
116.289 39.9108
116.29 39.9167
116.29 39.9167
116.298 39.9431
116.333 39.937
116.333 39.937
116.341 39.9378
116.358 39.9446
116.358 39.9447
116.402 39.9478
116.403 39.9557
116.404 39.9555
116.408 39.9481
116.39 39.9476
116.388 39.9476
116.378 39.9476
116.367 39.9474
116.366 39.9473
116.359 39.945
116.349 39.9382
116.343 39.9352
116.343 39.9224
116.339 39.9221
116.323 39.9221
116.305 39.923
116.304 39.9177
116.304 39.9083
116.304 39.9162
116.305 39.9203
116.304 39.9408
116.339 39.9663
116.374 39.9812
116.359 40.0065
116.355 40.0126
116.359 39.9853
116.359 39.9853
116.347 39.9648
116.349 39.9561
116.35 39.9232
116.35 39.9072
116.346 39.897
116.315 39.896
116.315 39.8967
116.328 39.9053
116.329 39.904
116.337 39.9059
116.348 39.9058
116.353 39.9107
116.353 39.9106
116.353 39.9107
116.375 39.9058
116.386 39.906
116.4 39.9064
116.408 39.9081
116.408 39.9081
116.411 39.9195
116.434 39.9227
116.443 39.9216
116.448 39.9159
116.438 39.912
116.435 39.9073
116.421 39.9045
116.412 39.9028
116.412 39.9088
116.395 39.9065
116.377 39.9059
116.363 39.9059
116.347 39.8971
116.346 39.8884
116.346 39.8884
116.344 39.8952
116.351 39.9108
116.357 39.9121
116.357 39.9109
116.35 39.9211
116.352 39.9427
116.357 39.9444
116.388 39.9474
116.389 39.9653
116.392 39.967
116.402 39.9738
116.413 39.9905
116.411 39.9992
116.396 39.9899
116.397 39.9916
116.411 39.9963
116.412 40.0277
116.412 40.0277
116.412 40.0304
116.412 40.0304
116.408 40.0564
116.403 40.0566
116.408 40.0579
116.419 40.0728
116.426 40.0727
116.448 40.0813
116.472 40.0894
116.486 40.0935
116.5 40.1678
116.494 40.1699
116.494 40.17
116.494 40.17
116.494 40.17
116.494 40.17
116.494 40.17
116.494 40.17
116.494 40.17
116.494 40.17
116.494 40.17
116.494 40.17
116.494 40.17
116.494 40.17
116.494 40.17
116.494 40.17
116.494 40.17
116.494 40.17
116.494 40.17
116.494 40.17
116.494 40.17
116.494 40.17
116.494 40.17
116.494 40.17
116.494 40.17
116.494 40.17
116.494 40.1698
116.494 40.1698
116.492 40.1698
116.485 40.1722
116.459 40.1615
116.458 40.1302
116.456 40.1185
116.428 40.0946
116.431 40.0741
116.43 40.0698
116.419 40.0633
116.409 40.0568
116.409 40.0568
116.397 40.0459
116.406 40.0437
116.409 40.0368
116.368 39.97
116.368 39.9733
116.354 39.9752
116.347 39.9751
116.346 39.972
116.34 39.9745
116.339 39.975
116.339 39.975
116.371 39.9314
116.378 39.9317
116.373 39.9382
116.373 39.9382
116.388 39.9447
116.392 39.9474
116.405 39.9477
116.418 39.948
116.451 39.9545
116.451 39.9513
116.451 39.9513
116.45 39.9503
116.439 39.9497
116.433 39.9534
116.429 39.957
116.419 39.9566
116.419 39.9541
116.433 39.8925
116.426 39.8923
116.426 39.8923
116.413 39.8918
116.402 39.8869
116.397 39.8863
116.396 39.8859
116.392 39.8831
116.389 39.8822
116.392 39.8822
116.392 39.8822
116.412 39.8861
116.412 39.886
116.412 39.8955
116.412 39.9069
116.412 39.9087
116.411 39.9221
116.411 39.935
116.411 39.9358
116.411 39.9391
116.41 39.9494
116.412 39.9537
116.412 39.9656
116.414 39.9812
116.416 39.9815
116.415 39.9814
116.415 39.9814
116.415 39.9814
116.415 39.9814
116.415 39.9814
116.415 39.9814
116.415 39.9814
116.415 39.9814
116.401 39.9967
116.401 39.9952
116.376 39.9865
116.363 39.9804
116.363 39.9755
116.359 39.975
116.348 39.9842
116.346 39.9858
116.299 39.9843
116.298 39.9894
116.299 39.9846
116.302 39.9743
116.312 39.974
116.313 39.9713
116.316 39.9659
116.309 39.9555
116.301 39.9744
116.31 39.9767
116.314 39.9748
116.327 39.9823
116.348 39.9862
116.347 39.9903
116.346 40.0056
116.347 39.9909
116.348 39.985
116.359 39.9802
116.359 39.9767
116.358 39.9753
116.342 39.9746
116.342 39.9746
116.339 39.9749
116.346 39.9751
116.355 39.9803
116.365 39.9858
116.367 39.9858
116.356 40.0118
116.323 40.0538
116.318 40.0605
116.316 40.0634
116.322 40.0764
116.35 40.0817
116.351 40.0818
116.343 40.0852
116.329 40.0844
116.322 40.0838
116.315 40.0743
116.317 40.0604
116.321 40.0557
116.323 40.044
116.331 40.0342
116.331 40.0313
116.34 40.0254
116.342 40.0138
116.346 40.0122
116.347 39.9951
116.327 39.9847
116.327 39.9818
116.313 39.9796
116.318 39.9748
116.311 39.9826
116.319 39.9726
116.319 39.9726
116.315 39.9698
116.315 39.9645
116.317 39.9587
116.319 39.9382
116.319 39.9425
116.318 39.9481
116.333 39.9632
116.333 39.9629
116.333 39.9619
116.34 39.9571
116.34 39.9558
116.34 39.9563
116.318 39.9557
116.319 39.9385
116.327 39.9363
116.32 39.9371
116.319 39.9433
116.316 39.9646
116.325 39.966
116.32 39.9662
116.294 39.9871
116.282 40.0038
116.277 40.0115
116.271 40.0142
116.282 40.0055
116.288 39.9955
116.299 39.9844
116.308 39.9812
116.321 39.9797
116.327 39.9845
116.328 39.9903
116.327 39.9903
116.327 39.9846
116.353 39.9804
116.359 39.9777
116.359 39.976
116.359 39.976
116.353 39.9756
116.328 39.9753
116.319 39.9673
116.313 39.9796
116.305 39.9747
116.303 39.9746
116.3 39.9833
116.316 39.9797
116.319 39.979
116.328 39.9702
116.375 39.9669
116.384 39.9671
116.401 39.9638
116.401 39.9792
116.401 39.9814
116.402 39.9985
116.404 40.0061
116.401 39.9917
116.404 39.9908
116.403 39.9909
116.405 40.0008
116.401 39.9908
116.401 39.9908
116.401 39.9681
116.402 39.9472
116.407 39.9477
116.438 39.8894
116.439 39.8822
116.408 39.8709
116.394 39.8531
116.394 39.8531
116.394 39.8483
116.388 39.84
116.395 39.8251
116.395 39.8248
116.394 39.8637
116.394 39.8637
116.4 39.8867
116.412 39.9004
116.412 39.9047
116.412 39.9184
116.411 39.938
116.411 39.9393
116.402 39.9508
116.408 39.9593
116.403 39.9578
116.37 39.9475
116.35 39.9007
116.31 39.896
116.316 39.896
116.315 39.8984
116.329 39.9101
116.328 39.9208
116.328 39.9148
116.323 39.9004
116.32 39.8853
116.303 39.8827
116.286 39.8649
116.284 39.8659
116.289 39.886
116.297 39.9062
116.311 39.9059
116.304 39.9253
116.304 39.9306
116.308 39.95
116.308 39.95
116.317 39.9561
116.325 39.9664
116.319 39.9663
116.408 39.9872
116.404 39.9818
116.4 40.0039
116.41 40.0116
116.412 40.0221
116.41 40.0548
116.422 40.0779
116.431 40.0786
116.427 40.1053
116.441 40.1174
116.45 40.1172
116.453 40.1172
116.458 40.1272
116.462 40.151
116.461 40.1517
116.459 40.1656
116.476 40.1745
116.494 40.1698
116.494 40.1698
116.494 40.1698
116.494 40.17
116.494 40.17
116.494 40.17
116.494 40.17
116.494 40.17
116.494 40.17
116.494 40.17
116.494 40.17
116.494 40.17
116.494 40.17
116.494 40.17
116.494 40.17
116.494 40.17
116.494 40.17
116.494 40.17
116.494 40.17
116.494 40.17
116.494 40.17
116.494 40.17
116.494 40.17
116.494 40.17
116.494 40.17
116.494 40.1699
116.494 40.1699
116.496 40.1685
116.5 40.169
116.501 40.169
116.501 40.169
116.501 40.169
116.501 40.1672
116.501 40.1671
116.501 40.1673
116.492 40.1478
116.493 40.128
116.489 40.1187
116.489 40.1074
116.486 40.0936
116.485 40.0935
116.445 40.081
116.428 40.0719
116.427 40.0724
116.406 40.0481
116.406 40.0481
116.411 40.0231
116.411 40.0214
116.41 40.0133
116.418 39.9781
116.418 39.9733
116.427 39.9822
116.426 39.9822
116.393 39.9675
116.389 39.969
116.389 39.9739
116.394 39.9738
116.392 39.9674
116.342 39.9665
116.334 39.9665
116.329 39.9602
116.321 39.9584
116.321 39.9584
116.322 39.956
116.329 39.953
116.346 39.9361
116.353 39.9393
116.354 39.9432
116.36 39.9448
116.37 39.9472
116.389 39.9475
116.389 39.9488
116.389 39.963
116.479 39.9758
116.467 39.9656
116.456 39.9528
116.455 39.9522
116.453 39.9548
116.452 39.955
116.447 39.9573
116.462 39.9686
116.471 39.977
116.475 39.9808
116.488 39.9921
116.488 39.9921
116.497 40.0003
116.527 40.0199
116.538 40.0237
116.547 40.0268
116.566 40.0346
116.579 40.0465
116.58 40.0468
116.584 40.0604
116.587 40.0778
116.581 40.0765
116.581 40.0709
116.566 40.0641
116.447 39.9045
116.553 40.0632
116.55 40.0643
116.55 40.0643
116.535 40.0717
116.505 40.0822
116.498 40.0913
116.467 40.086
116.439 40.0799
116.434 40.0763
116.41 40.0655
116.411 40.0582
116.411 40.0582
116.409 40.0568
116.407 40.0429
116.421 40.0419
116.421 40.0422
116.409 40.0373
116.409 40.0273
116.305 39.8699
116.305 39.8699
116.408 40.027
116.408 40.027
116.408 40.0271
116.408 40.0228
116.401 39.9949
116.401 39.9935
116.394 40.0032
116.402 39.9996
116.402 40.0051
116.404 40.029
116.409 40.0273
116.408 40.0271
116.409 40.0269
116.402 40.0192
116.401 40
116.394 39.9975
116.394 39.9975
116.401 40.0016
116.419 39.9875
116.433 39.9811
116.425 39.9665
116.419 39.9609
116.413 39.9608
116.411 39.9558
116.411 39.9558
116.399 39.9565
116.395 39.9578
116.395 39.9577
116.395 39.9577
116.395 39.9577
116.399 39.9597
116.4 39.966
116.4 39.9655
116.399 39.9661
116.399 39.9578
116.402 39.9516
116.402 39.9513
116.394 39.9405
116.401 39.9475
116.404 39.9475
116.428 39.9581
116.447 39.9573
116.447 39.9568
116.472 39.9786
116.488 39.9937
116.488 39.9937
116.489 39.995
116.517 40.0238
116.538 40.0556
116.541 40.0566
116.541 40.0566
116.52 40.0902
116.518 40.0977
116.517 40.111
116.518 40.1435
116.518 40.146
116.5 40.169
116.494 40.1699
116.494 40.1699
116.494 40.1699
116.494 40.1699
116.494 40.1699
116.494 40.1699
116.494 40.1699
116.494 40.1699
116.494 40.1699
116.494 40.1699
116.494 40.1699
116.494 40.1699
116.494 40.1699
116.494 40.1699
116.494 40.1699
116.494 40.1699
116.494 40.1699
116.494 40.1699
116.494 40.1699
116.494 40.1699
116.494 40.1699
116.494 40.1699
116.494 40.1699
116.494 40.1699
116.494 40.1699
116.494 40.1699
116.494 40.1699
116.494 40.1699
116.488 40.1709
116.457 40.1696
116.459 40.1654
116.456 40.1245
116.427 40.1153
116.427 40.1029
116.407 40.0911
116.407 40.0851
116.403 40.0777
116.405 40.0758
116.407 40.0662
116.408 40.0414
116.411 40.0327
116.406 39.9993
116.393 39.9869
116.376 39.9865
116.303 39.9841
116.269 39.9567
116.269 39.9462
116.259 39.9277
116.259 39.9165
116.254 39.9166
116.259 39.92
116.259 39.9199
116.259 39.9199
116.259 39.9199
116.259 39.9199
116.259 39.9199
116.267 39.9229
116.283 39.9283
116.295 39.931
116.425 39.9581
116.43 39.9532
116.429 39.9526
116.435 39.9472
116.444 39.9394
116.443 39.9351
116.443 39.9351
116.423 39.9399
116.414 39.9419
116.412 39.9419
116.402 39.9525
116.408 39.9626
116.411 39.9636
116.444 39.9593
116.468 39.9751
116.472 39.9785
116.487 39.9751
116.5 39.9641
116.502 39.964
116.497 39.9715
116.497 39.9714
116.494 39.9706
116.467 39.9824
116.457 39.9937
116.457 39.9985
116.451 40.0014
116.439 39.989
116.432 39.9879
116.412 39.9975
116.402 40.0014
116.402 40.0038
116.401 39.992
116.396 39.9872
116.382 39.9791
116.369 39.9791
116.367 39.9783
116.348 39.9757
116.372 39.9877
116.374 39.99
116.382 39.9767
116.389 39.9574
116.389 39.9504
116.402 39.9352
116.402 39.9352
116.405 39.9221
116.405 39.9174
116.412 39.8994
116.413 39.8991
116.413 39.8991
116.412 39.9164
116.319 39.8959
116.315 39.9058
116.316 39.907
116.326 39.9095
116.329 39.9064
116.354 39.9059
116.394 39.9063
116.405 39.9065
116.405 39.9065
116.412 39.9078
116.411 39.9322
116.407 39.9395
116.402 39.9569
116.401 39.9647
116.401 39.9738
116.376 39.9866
116.363 39.992
116.359 39.9933
116.363 40
116.364 40.0001
116.401 40.004
116.41 40.0052
116.406 39.9977
116.411 39.9821
116.411 39.9683
116.412 39.9638
116.41 39.9439
116.411 39.9308
116.411 39.9237
116.416 39.9192
116.42 39.9206
116.42 39.9228
116.428 39.9351
116.448 39.9558
116.456 39.9632
116.464 39.9706
116.443 39.9963
116.449 40.0132
116.476 40.043
116.477 40.0482
116.477 40.0482
116.478 40.0577
116.496 40.0576
116.495 40.057
116.492 40.057
116.476 40.0676
116.476 40.0701
116.475 40.0901
116.475 40.083
116.476 40.0641
116.456 40.0262
116.406 39.9872
116.386 39.9867
116.368 39.983
116.363 39.9763
116.359 39.9753
116.347 39.9751
116.347 39.9989
116.346 40.006
116.346 40.0068
116.345 40.0061
116.345 40.0062
116.345 40.0063
116.332 39.9916
116.319 39.9798
116.319 39.9792
116.321 39.9829
116.337 39.9977
116.338 39.9977
116.347 39.9806
116.349 39.9532
116.349 39.9529
116.314 39.9379
116.292 39.9449
116.287 39.9447
116.289 39.946
116.299 39.9419
116.296 39.9397
116.296 39.9416
116.308 39.95
116.308 39.9486
116.305 39.9498
116.311 39.9544
116.314 39.9699
116.319 39.9665
116.334 39.9662
116.35 39.9474
116.35 39.9474
116.346 39.9403
116.342 39.9489
116.33 39.9563
116.326 39.9485
116.327 39.9456
116.329 39.956
116.328 39.966
116.319 39.9722
116.351 39.9752
116.361 39.9667
116.347 39.9612
116.35 39.9332
116.349 39.9394
116.35 39.8998
116.401 39.9729
116.401 39.9731
116.402 39.9817
116.364 39.9667
116.363 39.9667
116.303 39.9534
116.298 39.9064
116.297 39.9064
116.301 39.914
116.297 39.9141
116.297 39.9141
116.297 39.9225
116.304 39.9307
116.304 39.9423
116.301 39.9608
116.302 39.9617
116.3 39.9726
116.3 39.9808
116.292 39.9841
116.269 39.959
116.268 39.9022
116.27 39.8799
116.267 39.8677
116.272 39.8753
116.274 39.882
116.269 39.8947
116.281 39.896
116.293 39.8956
116.305 39.874
116.355 39.8525
116.379 39.8555
116.38 39.844
116.38 39.844
116.39 39.8385
116.391 39.8409
116.381 39.849
116.387 39.8639
116.397 39.8661
116.394 39.8661
116.394 39.8969
116.4 39.8994
116.401 39.9079
116.399 39.9321
116.39 39.9387
116.388 39.9444
116.388 39.9693
116.388 39.9701
116.389 39.948
116.346 39.939
116.338 39.9326
116.327 39.9354
116.343 39.9383
116.371 39.9474
116.387 39.9866
116.401 39.9906
116.401 39.9906
116.402 39.995
116.424 40.0205
116.432 40.02
116.456 40.0255
116.475 40.042
116.475 40.0425
116.486 40.0936
116.488 40.1035
116.495 40.1613
116.495 40.1617
116.494 40.1698
116.494 40.1698
116.494 40.1698
116.494 40.1698
116.494 40.1698
116.494 40.1699
116.493 40.1698
116.494 40.1699
116.494 40.1699
116.494 40.1699
116.494 40.1699
116.494 40.1699
116.494 40.1699
116.494 40.1699
116.494 40.1699
116.494 40.1699
116.494 40.1699
116.494 40.1699
116.494 40.1699
116.494 40.1699
116.494 40.1699
116.494 40.1699
116.494 40.1699
116.494 40.1699
116.494 40.1699
116.494 40.1699
116.494 40.1699
116.494 40.1699
116.494 40.1699
116.494 40.1699
116.494 40.1698
116.494 40.1698
116.494 40.1698
116.494 40.1698
116.495 40.1645
116.495 40.1645
116.493 40.1538
116.493 40.1523
116.493 40.1264
116.489 40.1069
116.486 40.0986
116.474 40.0909
116.467 40.086
116.463 40.083
116.433 40.0758
116.406 40.0694
116.414 40.0604
116.41 40.0662
116.407 40.0667
116.407 40.0633
116.406 40.0506
116.406 40.0468
116.407 40.0292
116.41 40.0285
116.404 40.0212
116.424 40.0206
116.425 40.0206
116.444 40.0166
116.482 40.0095
116.491 39.9977
116.504 40.007
116.509 40.0111
116.564 40.0336
116.584 40.0582
116.587 40.0776
116.581 40.0788
116.581 40.0697
116.553 40.0634
116.536 40.0702
116.519 40.0801
116.45 40.0817
116.441 40.0802
116.407 40.0683
116.407 40.0673
116.406 40.0463
116.407 40.0302
116.409 40.027
116.402 40.0188
116.401 40.0105
116.401 39.9942
116.401 39.9942
116.401 39.9935
116.425 39.9877
116.472 39.9776
116.472 39.9776
116.478 39.9829
116.5 40.0034
116.552 40.0284
116.584 40.057
116.583 40.0793
116.582 40.0794
116.569 40.0635
116.547 40.0651
116.537 40.0694
116.498 40.0932
116.446 40.0811
116.442 40.0804
116.411 40.072
116.406 40.0469
116.406 40.0432
116.401 40.011
116.401 39.9934
116.402 39.9934
116.401 39.9741
116.402 39.9532
116.402 39.9529
116.391 39.9479
116.391 39.9479
116.442 39.9508
116.446 39.9512
116.445 39.9509
116.445 39.9509
116.445 39.9509
116.445 39.9509
116.448 39.9505
116.441 39.9566
116.462 39.9536
116.45 39.947
116.439 39.9499
116.434 39.9578
116.408 39.9579
116.405 39.9578
116.409 39.9637
116.409 39.9637
116.408 39.9625
116.402 39.9606
116.403 39.9576
116.419 39.9551
116.419 39.9539
116.419 39.9535
116.419 39.9496
116.419 39.9487
116.429 39.9396
116.455 39.9313
116.456 39.9218
116.462 39.9156
116.46 39.9211
116.456 39.9177
116.456 39.9177
116.455 39.8736
116.402 39.8558
116.398 39.8558
116.358 39.8493
116.358 39.8633
116.358 39.8665
116.362 39.8685
116.351 39.8983
116.35 39.9037
116.352 39.9075
116.367 39.9176
116.375 39.9212
116.388 39.9217
116.409 39.9229
116.42 39.9229
116.434 39.9224
116.438 39.9073
116.435 39.9141
116.436 39.9219
116.444 39.9297
116.444 39.9297
116.447 39.9323
116.455 39.9354
116.444 39.9253
116.437 39.9224
116.428 39.9365
116.429 39.9581
116.43 39.9533
116.438 39.9539
116.444 39.9737
116.448 39.9789
116.448 39.9789
116.451 39.9851
116.459 40.0036
116.463 39.9851
116.466 39.9818
116.463 39.9774
116.447 39.9669
116.447 39.9667
116.433 39.9536
116.431 39.9441
116.43 39.9435
116.372 39.9475
116.343 39.9431
116.341 39.9438
116.333 39.9462
116.346 39.9403
116.387 39.9475
116.428 39.9297
116.428 39.9224
116.435 39.9195
116.435 39.9208
116.435 39.9208
116.429 39.9156
116.414 39.8959
116.413 39.896
116.412 39.899
116.41 39.9061
116.41 39.9061
116.413 39.9068
116.45 39.9071
116.52 39.9077
116.531 39.9081
116.534 39.9081
116.557 39.9081
116.598 39.9078
116.602 39.9072
116.609 39.9066
116.643 39.9208
116.643 39.9208
116.661 39.9255
116.658 39.9238
116.653 39.9217
116.623 39.9148
116.588 39.9108
116.583 39.9117
116.563 39.9147
116.541 39.9149
116.539 39.9151
116.515 39.916
116.504 39.9248
116.504 39.9246
116.507 39.9222
116.484 39.9185
116.461 39.9072
116.46 39.9061
116.45 39.8977
116.44 39.8996
116.438 39.8975
116.414 39.9001
116.421 39.9042
116.42 39.9037
116.41 39.9047
116.405 39.9082
116.408 39.9079
116.411 39.9231
116.42 39.9329
116.42 39.9393
116.428 39.9269
116.428 39.9269
116.444 39.9024
116.455 39.9003
116.456 39.9017
116.472 39.9065
116.468 39.9074
116.455 39.8953
116.438 39.8895
116.44 39.8764
116.415 39.8649
116.415 39.8649
116.415 39.8753
116.409 39.9001
116.412 39.9088
116.412 39.9138
116.396 39.9217
116.391 39.927
116.393 39.9246
116.403 39.9141
116.403 39.9313
116.403 39.9317
116.402 39.9509
116.401 39.9771
116.401 39.9815
116.407 39.9919
116.41 40.0074
116.41 40.0078
116.411 40.034
116.413 40.0603
116.418 40.0609
116.432 40.0626
116.426 40.0613
116.423 40.0622
116.423 40.0622
116.408 40.0566
116.405 40.0463
116.406 40.0463
116.408 40.0564
116.407 40.0781
116.407 40.0781
116.403 40.0779
116.407 40.0672
116.406 40.0507
116.406 40.0437
116.402 40.0018
116.385 39.9868
116.376 39.9865
116.327 39.937
116.32 39.9376
116.319 39.9312
116.304 39.9272
116.305 39.931
116.331 39.9311
116.35 39.9398
116.35 39.9434
116.365 39.957
116.373 39.9473
116.376 39.9473
116.419 39.9436
116.42 39.9238
116.42 39.9211
116.421 39.9041
116.412 39.9116
116.411 39.9178
116.411 39.9178
116.411 39.9325
116.412 39.9593
116.412 39.9678
116.409 39.968
116.401 39.9873
116.41 39.9939
116.412 39.9997
116.415 40.0262
116.412 40.0254
116.411 40.0339
116.415 40.0605
116.494 40.1581
116.494 40.1695
116.52 40.1498
116.556 40.1455
116.556 40.1455
116.567 40.1442
116.609 40.1406
116.617 40.1389
116.645 40.1357
116.645 40.1186
116.645 40.1168
116.662 40.1035
116.445 39.9326
116.445 39.9326
116.655 40.1029
116.655 40.0678
116.656 40.0636
116.655 40.0848
116.655 40.0848
116.642 40.1086
116.641 40.1307
116.631 40.1371
116.589 40.1428
116.554 40.1453
