116.408 40.0012
116.411 40.0015
116.425 40.0075
116.433 40.007
116.435 40.0069
116.45 40.0065
116.457 40.0085
116.459 40.0101
116.467 40.0128
116.472 40.013
116.472 40.013
116.472 40.013
116.472 40.0129
116.472 40.0129
116.472 40.0129
116.472 40.0129
116.472 40.0129
116.472 40.0129
116.472 40.0129
116.472 40.0129
116.472 40.0129
116.472 40.0129
116.472 40.0128
116.472 40.0128
116.472 40.0129
116.472 40.0129
116.472 40.013
116.477 40.0085
116.477 40.0085
116.477 40.0085
116.477 40.0084
116.477 40.0085
116.477 40.0085
116.477 40.0086
116.477 40.0086
116.477 40.0084
116.477 40.0085
116.477 40.0085
116.477 40.0085
116.477 40.0086
116.477 40.0086
116.477 40.0085
116.477 40.0086
116.477 40.0086
116.477 40.0086
116.477 40.0086
116.477 40.0085
116.477 40.0085
116.477 40.0086
116.477 40.0085
116.477 40.0086
116.477 40.0085
116.477 40.0085
116.477 40.0086
116.477 40.0087
116.477 40.0085
116.477 40.0085
116.477 40.0085
116.477 40.0085
116.477 40.0085
116.477 40.0085
116.477 40.0084
116.477 40.0085
116.477 40.0085
116.477 40.0085
116.477 40.0085
116.477 40.0085
116.477 40.0085
116.477 40.0085
116.477 40.0085
116.477 40.0085
116.477 40.0084
116.477 40.0085
116.477 40.0085
116.476 40.0089
116.474 40.0101
116.472 40.0043
116.462 40.0058
116.461 40.0081
116.461 40.0081
116.476 40.0123
116.467 40.0059
116.467 40.006
116.467 40.0057
116.467 40.0059
116.466 40.0039
116.453 39.9995
116.447 39.9956
116.446 39.9952
116.445 39.9947
116.438 39.9872
116.438 39.9872
116.431 39.9881
116.418 39.9877
116.42 39.9874
116.422 39.9874
116.423 39.982
116.418 39.9763
116.418 39.9729
116.419 39.9691
116.419 39.968
116.417 39.9681
116.42 39.9678
116.423 39.9679
116.431 39.9674
116.455 39.9497
116.453 39.9475
116.451 39.9473
116.455 39.9477
116.457 39.9482
116.46 39.9493
116.462 39.9513
116.462 39.9534
116.462 39.9535
116.462 39.9542
116.462 39.9563
116.461 39.9576
116.461 39.9576
116.463 39.9728
116.464 39.9734
116.464 39.9734
116.447 39.9808
116.444 39.983
116.444 39.983
116.444 39.983
116.444 39.983
116.439 39.9891
116.449 40.0111
116.456 40.0261
116.456 40.0261
116.472 40.0369
116.476 40.0591
116.476 40.0591
116.476 40.0716
116.476 40.0716
116.476 40.077
116.475 40.0891
116.478 40.1186
116.477 40.1347
116.477 40.1396
116.479 40.1546
116.487 40.1823
116.493 40.1846
116.493 40.1846
116.509 40.1833
116.539 40.1767
116.545 40.176
116.554 40.1752
116.595 40.1731
116.608 40.1787
116.609 40.1928
116.61 40.1975
116.63 40.2105
116.636 40.2072
116.636 40.1875
116.631 40.1643
116.627 40.1618
116.606 40.1512
116.568 40.122
116.558 40.1122
116.556 40.1071
116.553 40.0884
116.544 40.059
116.54 40.0563
116.537 40.0548
116.522 40.0567
116.515 40.0485
116.515 40.0455
116.506 40.0403
116.506 40.0403
116.506 40.0404
116.504 40.0328
116.505 40.0269
116.515 40.021
116.499 40.0022
116.486 39.9906
116.455 39.9629
116.451 39.9591
116.411 39.9482
116.412 39.9604
116.418 39.9608
116.419 39.9613
116.431 39.9674
116.439 39.9619
116.439 39.9689
116.44 39.9695
116.44 39.9695
116.44 39.9695
116.44 39.9694
116.44 39.9694
116.44 39.9694
116.44 39.9694
116.44 39.9694
116.44 39.9697
116.447 39.9774
116.447 39.9774
116.447 39.9774
116.448 39.9781
116.448 39.9781
116.449 39.979
116.449 39.979
116.449 39.979
116.449 39.979
116.449 39.979
116.449 39.979
116.457 39.9885
116.457 39.9893
116.457 39.9893
116.457 39.9901
116.458 39.9997
116.466 40.0005
116.466 40.0005
116.467 40.0072
116.477 40.0085
116.478 40.0076
116.473 40.0074
116.467 40.0064
116.467 40.0065
116.467 40.0065
116.462 39.995
116.462 39.9929
116.462 39.9929
116.467 40.0048
116.467 40.0065
116.467 40.0065
116.474 40.0074
116.478 40.0079
116.478 40.0079
116.479 40.008
116.479 40.008
116.479 40.008
116.479 40.008
116.479 40.0079
116.479 40.008
116.479 40.008
116.479 40.0079
116.479 40.008
116.479 40.008
116.479 40.008
116.478 40.0079
116.479 40.008
116.479 40.0079
116.479 40.0078
116.478 40.0079
116.479 40.0079
116.479 40.0078
116.479 40.0079
116.479 40.0079
116.478 40.0079
116.479 40.0079
116.479 40.0079
116.478 40.0083
116.478 40.0083
116.478 40.0082
116.478 40.0083
116.478 40.0083
116.478 40.0086
116.478 40.0087
116.478 40.0085
116.478 40.0085
116.488 40.0036
116.492 40.0001
116.505 39.9853
116.505 39.9853
116.515 39.9727
116.522 39.9607
116.522 39.9581
116.522 39.9581
116.522 39.9579
116.526 39.9637
116.533 39.9646
116.538 39.9647
116.539 39.9622
116.539 39.9622
116.539 39.9622
116.539 39.9622
116.541 39.9532
116.541 39.9415
116.54 39.9406
116.535 39.9404
116.538 39.9128
116.534 39.9085
116.533 39.9085
116.504 39.9067
116.474 39.907
116.47 39.907
116.469 39.907
116.466 39.907
116.466 39.9071
116.466 39.9071
116.461 39.9071
116.46 39.9071
116.46 39.9071
116.456 39.9093
116.456 39.9164
116.456 39.9193
116.456 39.9193
116.456 39.9311
116.455 39.9325
116.453 39.9325
116.449 39.9342
116.449 39.9342
116.449 39.9363
116.453 39.94
116.456 39.9421
116.455 39.9512
116.453 39.9533
116.461 39.9681
116.483 39.9876
116.49 39.9942
116.509 39.9811
116.509 39.9805
116.511 39.9786
116.521 39.9621
116.522 39.9578
116.522 39.9577
116.535 39.9647
116.54 39.9643
116.539 39.9635
116.541 39.9622
116.535 39.9647
116.531 39.9645
116.524 39.9594
116.508 39.9819
116.505 39.9862
116.497 39.9949
116.482 39.9883
116.482 39.9881
116.48 39.9891
116.469 39.9879
116.467 39.9898
116.464 39.9914
116.464 39.9914
116.464 39.997
116.467 40.0041
116.468 40.0101
116.468 40.0101
116.472 40.0129
116.472 40.0129
116.472 40.0129
116.472 40.0129
116.472 40.0129
116.472 40.0129
116.472 40.0129
116.472 40.0129
116.472 40.013
116.472 40.013
116.472 40.013
116.472 40.0129
116.472 40.0129
116.472 40.0129
116.472 40.0129
116.472 40.0129
116.472 40.0129
116.472 40.0129
116.472 40.0129
116.472 40.0129
116.472 40.013
116.472 40.0129
116.472 40.013
116.472 40.013
116.467 40.0122
116.467 40.0122
116.467 40.0121
116.467 40.012
116.467 40.0121
116.467 40.0122
116.467 40.0122
116.467 40.012
116.467 40.0119
116.467 40.0121
116.467 40.0121
116.467 40.0121
116.467 40.0121
116.467 40.0121
116.467 40.012
116.467 40.012
116.467 40.012
116.467 40.012
116.467 40.0119
116.467 40.012
116.467 40.0121
116.467 40.0121
116.467 40.0121
116.471 40.0102
116.48 40.0063
116.482 40.0044
116.479 40.0078
116.478 40.0086
116.478 40.0086
116.478 40.0086
116.478 40.0086
116.478 40.0086
116.478 40.0086
116.478 40.0086
116.478 40.0086
116.478 40.0086
116.478 40.0086
116.478 40.0086
116.478 40.0087
116.478 40.0086
116.478 40.0086
116.478 40.0086
116.478 40.0086
116.478 40.0086
116.478 40.0086
116.478 40.0087
116.478 40.0086
116.478 40.0086
116.478 40.0086
116.478 40.0086
116.478 40.0086
116.478 40.0086
116.478 40.0086
116.477 40.0092
116.473 40.0102
116.473 40.0102
116.472 40.0042
116.471 39.9945
116.473 39.9889
116.473 39.9854
116.465 39.9723
116.461 39.9709
116.481 39.9575
116.484 39.9338
116.484 39.9296
116.484 39.9242
116.472 39.921
116.472 39.9204
116.472 39.9192
116.463 39.9215
116.461 39.9221
116.461 39.9285
116.465 39.9324
116.466 39.9324
116.469 39.9524
116.468 39.9519
116.467 39.9473
116.468 39.9415
116.469 39.9363
116.46 39.9325
116.458 39.9325
116.45 39.9324
116.447 39.9325
116.438 39.9324
116.438 39.9323
116.437 39.9273
116.438 39.9275
116.429 39.9232
116.43 39.9233
116.42 39.923
116.422 39.9205
116.424 39.9206
116.42 39.9226
116.42 39.9226
116.42 39.9343
116.42 39.9354
116.418 39.9396
116.402 39.9395
116.401 39.9395
116.391 39.944
116.391 39.944
116.393 39.9428
116.394 39.9397
116.401 39.9394
116.407 39.9394
116.415 39.9395
116.42 39.935
116.42 39.9233
116.42 39.9219
116.42 39.9178
116.42 39.9177
116.413 39.9177
116.413 39.9177
116.411 39.9189
116.416 39.9229
116.416 39.9229
116.428 39.9227
116.434 39.9228
116.439 39.9219
116.443 39.9216
116.444 39.9216
116.444 39.9276
116.444 39.9276
116.444 39.9373
116.444 39.9386
116.444 39.9428
116.444 39.9428
116.444 39.9428
116.455 39.9478
116.455 39.9478
116.454 39.9529
116.448 39.9564
116.442 39.972
116.444 39.9736
116.449 39.979
116.451 39.982
116.451 39.9872
116.462 39.9963
116.462 40.0002
116.458 40.0116
116.457 40.0125
116.457 40.0127
116.462 40.0101
116.464 40.0102
116.461 40.0187
116.465 40.0226
116.499 40.0233
116.499 40.0326
116.508 40.0329
116.521 40.0336
116.523 40.0337
116.527 40.0403
116.535 40.0532
116.544 40.0588
116.544 40.0588
116.549 40.0655
116.549 40.0658
116.554 40.0906
116.554 40.0924
116.577 40.1167
116.582 40.1169
116.602 40.1166
116.609 40.1165
116.613 40.1159
116.613 40.116
116.613 40.116
116.613 40.1161
116.613 40.1161
116.613 40.1161
116.617 40.1164
116.623 40.1164
116.632 40.1163
116.666 40.1147
116.676 40.1146
116.684 40.1162
116.691 40.113
116.706 40.0975
116.707 40.0983
116.725 40.1018
116.737 40.1016
116.751 40.1004
116.757 40.1034
116.757 40.1037
116.757 40.1044
116.757 40.1044
116.757 40.1044
116.757 40.1044
116.757 40.1045
116.757 40.1044
116.757 40.1044
116.757 40.1044
116.757 40.1044
116.757 40.1045
116.757 40.1044
116.757 40.1044
116.757 40.1044
116.757 40.1045
116.757 40.1045
116.757 40.1045
116.757 40.1045
116.757 40.1045
116.757 40.1044
116.757 40.1044
116.757 40.1044
116.757 40.1044
116.757 40.1044
116.757 40.1044
116.757 40.1045
116.757 40.1044
116.757 40.1044
116.757 40.1044
116.757 40.1044
116.757 40.1045
116.757 40.1045
116.757 40.1045
116.757 40.1045
116.757 40.1045
116.757 40.1044
116.757 40.1045
116.757 40.1045
116.757 40.1044
116.757 40.1044
116.757 40.1044
116.757 40.1045
116.757 40.1044
116.757 40.1044
116.757 40.1045
116.757 40.1045
116.757 40.1045
116.757 40.1045
116.757 40.1045
116.757 40.1044
116.757 40.1044
116.757 40.1044
116.757 40.1044
116.757 40.1044
116.757 40.1044
116.757 40.1044
116.757 40.1044
116.757 40.1045
116.757 40.1045
116.757 40.1044
116.757 40.1044
116.757 40.1044
116.757 40.1044
116.757 40.1044
116.757 40.1044
116.757 40.1044
116.757 40.1044
116.757 40.1044
116.757 40.1044
116.757 40.1044
116.757 40.1045
116.757 40.1045
116.757 40.1044
116.757 40.1045
116.757 40.1045
116.757 40.1045
116.757 40.1045
116.757 40.1045
116.757 40.1045
116.757 40.1045
116.757 40.1045
116.757 40.1045
116.757 40.1044
116.757 40.1044
116.757 40.1044
116.757 40.1045
116.757 40.1045
116.757 40.1045
116.757 40.1044
116.757 40.1044
116.757 40.1045
116.757 40.1044
116.757 40.1045
116.757 40.1045
116.757 40.1045
116.757 40.1045
116.757 40.1045
116.757 40.1045
116.757 40.1044
116.757 40.1044
116.757 40.1044
116.757 40.1044
116.757 40.1045
116.757 40.1045
116.757 40.1045
116.757 40.1045
116.757 40.1044
116.757 40.1044
116.757 40.1045
116.757 40.1045
116.757 40.1045
116.757 40.1045
116.757 40.1045
116.757 40.1045
116.757 40.1045
116.757 40.1045
116.757 40.1045
116.757 40.1045
116.757 40.1045
116.757 40.1045
116.757 40.1045
116.757 40.1045
116.757 40.1045
116.757 40.1045
116.757 40.1044
116.757 40.1044
116.757 40.1044
116.757 40.1044
116.757 40.1044
116.757 40.1045
116.757 40.1045
116.757 40.1045
116.757 40.1045
116.757 40.1045
116.757 40.1045
116.757 40.1045
116.757 40.1044
116.757 40.1044
116.757 40.1044
116.757 40.1044
116.757 40.1044
116.757 40.1044
116.757 40.1044
116.757 40.1044
116.757 40.1045
116.757 40.1045
116.757 40.1045
116.757 40.1045
116.757 40.1045
116.757 40.1044
116.757 40.1045
116.757 40.1044
116.757 40.1045
116.757 40.1045
116.757 40.1045
116.757 40.1045
116.757 40.1045
116.757 40.1045
116.757 40.1045
116.757 40.1045
116.757 40.1045
116.757 40.1045
116.757 40.1045
116.757 40.1045
116.757 40.1045
116.757 40.1045
116.757 40.1045
116.757 40.1045
116.757 40.1045
116.757 40.1044
116.757 40.1044
116.757 40.1044
116.757 40.1043
116.757 40.1044
116.757 40.1044
116.757 40.1044
116.757 40.1044
116.757 40.1044
116.757 40.1044
116.757 40.1044
116.757 40.1045
116.757 40.1044
116.757 40.1044
116.757 40.1044
116.757 40.1045
116.757 40.1045
116.757 40.1045
116.757 40.1044
116.757 40.1044
116.757 40.1044
116.757 40.1045
116.757 40.1045
116.757 40.1045
116.757 40.1044
116.757 40.1044
116.757 40.1044
116.757 40.1044
116.757 40.1045
116.757 40.1046
116.757 40.1045
116.757 40.1045
116.757 40.1045
116.757 40.1045
116.757 40.1045
116.757 40.1044
116.757 40.1044
116.757 40.1044
116.757 40.1045
116.757 40.1045
116.757 40.1045
116.757 40.1045
116.757 40.1046
116.757 40.1045
116.757 40.1045
116.757 40.1045
116.757 40.1044
116.757 40.1044
116.757 40.1044
116.757 40.1044
116.757 40.1044
116.757 40.1044
116.757 40.1044
116.757 40.1044
116.757 40.1045
116.758 40.1036
116.759 40.1035
116.76 40.1037
116.76 40.1037
116.76 40.1037
116.76 40.1037
116.76 40.1036
116.76 40.1037
116.76 40.1037
116.76 40.1038
116.76 40.1038
116.76 40.1038
116.76 40.1038
116.76 40.1037
116.76 40.1038
116.76 40.1037
116.76 40.1037
116.76 40.1038
116.76 40.1037
116.76 40.1037
116.76 40.1037
116.76 40.1037
116.76 40.1038
116.76 40.1037
116.76 40.1037
116.76 40.1037
116.76 40.1037
116.76 40.1037
116.759 40.1031
116.757 40.1024
116.757 40.1024
116.753 40.1007
116.753 40.1008
116.753 40.1007
116.753 40.1008
116.753 40.1008
116.753 40.1008
116.752 40.1001
116.732 40.1017
116.716 40.1018
116.693 40.0942
116.68 40.0946
116.677 40.0947
116.668 40.1025
116.664 40.1077
116.655 40.1064
116.655 40.1064
116.654 40.1059
116.655 40.1063
116.662 40.1075
116.668 40.1141
116.669 40.1161
116.673 40.1189
116.673 40.119
116.673 40.119
116.673 40.1189
116.673 40.1189
116.673 40.119
116.673 40.1191
116.673 40.119
116.673 40.1191
116.673 40.119
116.673 40.119
116.673 40.119
116.673 40.1189
116.673 40.1191
116.673 40.1191
116.673 40.1191
116.673 40.119
116.673 40.1192
116.673 40.1191
116.673 40.1185
116.669 40.1161
116.668 40.1147
116.645 40.1163
116.625 40.1165
116.625 40.1165
116.608 40.1167
116.605 40.1167
116.585 40.117
116.579 40.1169
116.567 40.1165
116.557 40.1084
116.552 40.084
116.552 40.0797
116.55 40.0697
116.536 40.0545
116.536 40.0546
116.529 40.0439
116.527 40.0393
116.517 40.0239
116.51 40.0133
116.506 40.0097
116.5 40.005
116.492 39.998
116.482 39.9882
116.48 39.9862
116.477 39.9835
116.472 39.9865
116.472 39.9866
116.466 39.9826
116.471 39.9799
116.471 39.9792
116.478 39.9745
116.478 39.9746
116.482 39.9721
116.484 39.9726
116.484 39.9746
116.484 39.9704
116.486 39.9638
116.478 39.9553
116.465 39.9511
116.457 39.9483
116.456 39.9308
116.455 39.9242
116.455 39.9163
116.455 39.9128
116.455 39.8932
116.455 39.8808
116.455 39.8738
116.437 39.8576
116.414 39.8684
116.412 39.8683
116.41 39.8674
116.412 39.8657
116.412 39.8657
116.413 39.8647
116.408 39.8639
116.408 39.8639
116.407 39.8661
116.407 39.8667
116.407 39.8691
116.414 39.8697
116.415 39.8698
116.438 39.8716
116.44 39.8797
116.438 39.8936
116.438 39.8957
116.424 39.8994
116.424 39.8994
116.416 39.8992
116.418 39.9027
116.418 39.9032
116.421 39.906
116.421 39.9061
116.421 39.9078
116.421 39.9078
116.421 39.908
116.42 39.9136
116.428 39.9127
116.427 39.9108
116.421 39.9109
116.421 39.9111
116.42 39.9134
116.42 39.9206
116.42 39.9225
116.42 39.9277
116.42 39.9319
116.42 39.9352
116.419 39.9459
116.419 39.9463
116.419 39.9464
116.419 39.9505
116.419 39.9533
116.419 39.9554
116.412 39.9612
116.412 39.9624
116.412 39.9655
116.412 39.9664
116.412 39.9663
116.412 39.9663
116.405 39.9677
116.403 39.9677
116.388 39.9727
116.388 39.9744
116.382 39.9812
116.389 39.9582
116.387 39.951
116.387 39.9504
116.384 39.95
116.38 39.95
116.375 39.95
116.375 39.95
116.375 39.95
116.37 39.9497
116.369 39.9497
116.365 39.9537
116.366 39.9542
116.373 39.9541
116.373 39.9531
116.365 39.9474
116.364 39.947
116.356 39.945
116.352 39.9501
116.354 39.9508
116.355 39.9523
116.355 39.9518
116.36 39.9511
116.363 39.9512
116.365 39.9521
116.372 39.9567
116.372 39.9567
116.378 39.9609
116.378 39.9614
116.383 39.9616
116.389 39.9558
116.382 39.9554
116.381 39.9554
116.381 39.9522
116.376 39.95
116.381 39.9523
116.381 39.9523
116.387 39.9523
116.387 39.9502
116.388 39.9501
116.394 39.95
116.398 39.9501
116.401 39.9501
116.402 39.9464
116.402 39.9464
116.402 39.943
116.402 39.943
116.402 39.9395
116.414 39.9396
116.419 39.9397
116.427 39.9396
116.432 39.9397
116.444 39.9345
116.444 39.9277
116.444 39.9257
116.447 39.9256
116.448 39.9256
116.449 39.9233
116.455 39.9205
116.455 39.9196
116.455 39.9169
116.455 39.916
116.455 39.8976
116.455 39.8867
116.455 39.8837
116.455 39.8804
116.451 39.8804
116.453 39.8803
116.453 39.8647
116.451 39.8636
116.439 39.8577
116.436 39.8565
116.436 39.8566
116.437 39.856
116.436 39.8557
116.436 39.856
116.436 39.856
116.441 39.8575
116.447 39.8596
116.451 39.8635
116.454 39.8654
116.454 39.8654
116.455 39.8661
116.462 39.8682
116.462 39.8697
116.462 39.8715
116.462 39.8777
116.462 39.8813
116.461 39.8829
116.455 39.8832
116.455 39.895
116.456 39.8997
116.456 39.9048
116.455 39.9056
116.452 39.903
116.442 39.9024
116.438 39.9023
116.437 39.9047
116.437 39.9046
116.438 39.9057
116.438 39.9057
116.438 39.9062
116.436 39.907
116.429 39.9112
116.428 39.9243
116.428 39.9248
116.428 39.9323
116.428 39.9407
116.449 39.9569
116.444 39.9599
116.445 39.9606
116.44 39.956
116.439 39.9544
116.435 39.9535
116.435 39.9535
116.43 39.9531
116.429 39.953
116.429 39.9532
116.429 39.9531
116.429 39.9532
116.428 39.9543
116.428 39.9554
116.428 39.9582
116.428 39.9582
116.428 39.9582
116.419 39.9579
116.419 39.9579
116.419 39.9517
116.419 39.9517
116.419 39.9511
116.419 39.9498
116.419 39.9495
116.419 39.9496
116.419 39.9468
116.419 39.9424
116.42 39.9355
116.42 39.9328
116.42 39.9267
116.42 39.9259
116.42 39.9242
116.418 39.9143
116.412 39.9143
116.409 39.9143
116.407 39.9143
116.401 39.9113
116.4 39.9071
116.397 39.9065
116.39 39.9023
116.39 39.8986
116.389 39.8898
116.383 39.8883
116.382 39.8883
116.379 39.8884
116.379 39.8883
116.376 39.8881
116.371 39.888
116.371 39.8881
116.364 39.8879
116.364 39.8879
116.358 39.8879
116.358 39.8879
116.357 39.8868
116.357 39.8822
116.358 39.8781
116.358 39.8774
116.358 39.8743
116.358 39.873
116.358 39.8706
116.358 39.8707
116.349 39.8683
116.349 39.8683
116.348 39.8683
116.344 39.8743
116.344 39.8751
116.348 39.8771
116.347 39.8855
116.347 39.8873
116.347 39.8911
116.347 39.8948
116.357 39.8948
116.357 39.8925
116.357 39.889
116.346 39.8882
116.344 39.8883
116.343 39.8783
116.343 39.8715
116.343 39.8715
116.344 39.8658
116.348 39.8705
116.348 39.8709
116.348 39.8731
116.348 39.8741
116.348 39.8753
116.348 39.8788
116.347 39.8796
116.347 39.8845
116.347 39.8865
116.347 39.8875
116.347 39.8875
116.35 39.8881
116.351 39.888
116.355 39.8879
116.359 39.888
116.368 39.8878
116.373 39.888
116.376 39.888
116.378 39.888
116.378 39.8881
116.378 39.8937
116.378 39.898
116.378 39.898
116.386 39.8989
116.389 39.8988
116.392 39.8987
116.401 39.8994
116.405 39.8996
116.405 39.8995
116.405 39.8995
116.406 39.8999
116.405 39.9031
116.405 39.9031
116.405 39.9032
116.405 39.9058
116.405 39.9073
116.408 39.9139
116.411 39.9141
116.413 39.9142
116.425 39.9142
116.42 39.9179
116.42 39.9204
116.42 39.9213
116.42 39.9224
116.42 39.9225
116.42 39.9228
116.42 39.9228
116.419 39.9233
116.413 39.9231
116.405 39.9231
116.405 39.9231
116.397 39.9224
116.384 39.9209
116.381 39.9211
116.38 39.9211
116.378 39.9212
116.377 39.9213
116.375 39.9213
116.374 39.9262
116.373 39.9265
116.372 39.9264
116.372 39.9263
116.371 39.9308
116.369 39.9314
116.364 39.9314
116.353 39.9311
116.352 39.9311
116.35 39.9393
116.349 39.9395
116.342 39.9383
116.319 39.9376
116.308 39.9395
116.304 39.9449
116.304 39.9449
116.304 39.9538
116.303 39.9578
116.303 39.9578
116.303 39.9582
116.303 39.96
116.303 39.96
116.303 39.9601
116.303 39.9603
116.302 39.9637
116.301 39.9655
116.301 39.9721
116.301 39.9722
116.3 39.9755
116.3 39.9791
116.3 39.9779
116.3 39.9779
116.3 39.9753
116.305 39.9745
116.308 39.9746
116.312 39.9734
116.313 39.9703
116.31 39.9639
116.303 39.9609
116.304 39.9445
116.304 39.9413
116.304 39.9332
116.304 39.9275
116.304 39.9224
116.304 39.9138
116.304 39.9126
116.304 39.9083
116.301 39.9064
116.3 39.9063
116.298 39.9064
116.297 39.9064
116.296 39.9068
116.296 39.9116
116.297 39.9117
116.302 39.9116
116.316 39.9098
116.316 39.9098
116.326 39.9096
116.333 39.9127
116.333 39.9127
116.333 39.9158
116.337 39.917
116.339 39.9134
116.339 39.9129
116.339 39.9129
116.342 39.9126
116.347 39.9126
116.347 39.9125
116.35 39.9125
116.35 39.9125
116.328 39.9097
116.286 39.9116
116.286 39.9116
116.289 39.9116
116.289 39.9118
116.289 39.9157
116.29 39.917
116.294 39.9154
116.291 39.9167
116.292 39.9167
116.291 39.9167
116.292 39.9167
116.291 39.9167
116.291 39.9166
116.292 39.9215
116.294 39.9225
116.295 39.9225
116.304 39.9214
116.304 39.9083
116.304 39.9065
116.304 39.9061
116.304 39.9005
116.304 39.9003
116.304 39.8997
116.304 39.898
116.299 39.8961
116.298 39.8961
116.296 39.9032
116.302 39.9071
116.304 39.917
116.304 39.9428
116.304 39.9503
116.305 39.9622
116.344 39.9663
116.355 39.9663
116.363 39.9665
116.375 39.9698
116.374 39.9815
116.374 39.9859
116.383 39.9864
116.389 39.9866
116.389 39.9866
116.403 39.9868
116.401 39.9903
116.401 39.9932
116.402 39.9964
116.402 40
116.404 40.0052
116.403 40.0053
116.404 40.0051
116.404 40.0055
116.402 40.0029
116.402 39.9985
116.402 39.9981
116.401 39.9859
116.403 39.9869
116.409 39.9871
116.411 39.9819
116.412 39.9688
116.412 39.9688
116.412 39.968
116.432 39.9669
116.434 39.9656
116.439 39.9625
116.44 39.9557
116.44 39.9558
116.44 39.9558
116.438 39.9571
116.439 39.96
116.443 39.9599
116.443 39.9599
116.435 39.9536
116.433 39.9571
116.433 39.9581
116.422 39.9582
116.419 39.9581
116.419 39.9581
116.419 39.9556
116.415 39.9527
116.411 39.9499
116.412 39.9478
116.412 39.9478
116.418 39.9481
116.427 39.9469
116.427 39.933
116.428 39.9319
116.437 39.9323
116.444 39.9323
116.444 39.9323
116.444 39.932
116.444 39.9262
116.443 39.9218
116.435 39.9228
116.435 39.9227
116.419 39.9231
116.41 39.923
116.389 39.9219
116.38 39.9212
116.375 39.9213
116.371 39.9224
116.371 39.9312
116.367 39.9314
116.367 39.9314
116.35 39.9312
116.343 39.9329
116.338 39.936
116.337 39.936
116.338 39.9318
116.35 39.9355
116.35 39.9372
116.349 39.9393
116.343 39.9385
116.32 39.9375
116.309 39.939
116.306 39.9402
116.299 39.9431
116.294 39.9447
116.288 39.9465
116.283 39.9476
116.283 39.9476
116.282 39.9472
116.295 39.9441
116.3 39.9402
116.298 39.9358
116.296 39.9324
116.311 39.931
116.313 39.9311
116.314 39.9282
116.321 39.9268
116.321 39.9268
116.339 39.9311
116.343 39.9311
116.351 39.9365
116.352 39.9366
116.352 39.939
116.365 39.9471
116.357 39.9446
116.354 39.9469
116.355 39.951
116.355 39.9563
116.359 39.9566
116.365 39.958
116.371 39.9664
116.375 39.9663
116.377 39.9712
116.388 39.9672
116.39 39.967
116.396 39.9651
116.4 39.9606
116.406 39.9605
116.411 39.9606
116.412 39.9633
116.412 39.9661
116.424 39.9678
116.43 39.966
116.43 39.9639
116.43 39.9604
116.426 39.9582
116.422 39.9485
116.419 39.9484
116.412 39.9481
116.388 39.9477
116.362 39.9461
116.351 39.9428
116.349 39.9419
116.345 39.9224
116.339 39.9221
116.33 39.9218
116.321 39.9223
116.328 39.9269
116.328 39.9268
116.334 39.9269
116.35 39.9316
116.35 39.9316
116.35 39.9342
116.351 39.9426
116.374 39.964
116.374 39.9676
116.375 39.976
116.399 39.987
116.413 39.9873
116.423 39.9875
116.421 39.9851
116.421 39.9856
116.423 39.9874
116.433 39.9867
116.48 39.9861
116.482 39.9875
116.482 39.988
116.488 39.9937
116.502 40.0061
116.504 40.0079
116.51 40.0131
116.527 40.0401
116.528 40.0409
116.529 40.043
116.536 40.0539
116.55 40.0667
116.551 40.0751
116.551 40.0765
116.556 40.1035
116.556 40.1069
116.557 40.1082
116.581 40.1168
116.581 40.1168
116.604 40.1166
116.612 40.1163
116.613 40.1158
116.613 40.116
116.613 40.1159
116.613 40.1159
116.613 40.1161
116.613 40.1161
116.613 40.1161
116.613 40.1161
116.613 40.1161
116.613 40.1161
116.624 40.1133
116.624 40.1106
116.623 40.1036
116.623 40.0984
116.634 40.0956
116.646 40.0954
116.649 40.0953
116.659 40.0951
116.674 40.0947
116.694 40.0941
116.7 40.0939
116.706 40.0969
116.709 40.0994
116.739 40.1015
116.753 40.1001
116.755 40.1024
116.757 40.1028
116.757 40.1028
116.76 40.1037
116.76 40.1037
116.76 40.1037
116.76 40.1038
116.76 40.1038
116.76 40.1037
116.76 40.1037
116.76 40.1037
116.76 40.1037
116.76 40.1037
116.76 40.1038
116.76 40.1038
116.76 40.1038
116.76 40.1038
116.76 40.1037
116.76 40.1038
116.76 40.1038
116.76 40.1038
116.76 40.1037
116.76 40.1038
116.76 40.1037
116.76 40.1038
116.76 40.1037
116.76 40.1038
116.76 40.1037
116.76 40.1038
116.76 40.1038
116.76 40.1038
116.76 40.1038
116.76 40.1038
116.76 40.1038
116.76 40.1037
116.76 40.1038
116.76 40.1038
116.76 40.1038
116.76 40.1037
116.76 40.1037
116.76 40.1038
116.76 40.1038
116.76 40.1038
116.76 40.1037
116.76 40.1037
116.76 40.1037
116.76 40.1038
116.76 40.1037
116.76 40.1037
116.76 40.1038
116.76 40.1038
116.76 40.1038
116.76 40.1037
116.76 40.1037
116.76 40.1038
116.76 40.1038
116.76 40.1039
116.76 40.1039
116.76 40.1038
116.76 40.1037
116.76 40.1038
116.76 40.1038
116.76 40.1037
116.76 40.1038
116.76 40.1039
116.76 40.1037
116.76 40.1037
116.76 40.1037
116.76 40.1037
116.76 40.1037
116.76 40.1037
116.76 40.1037
116.76 40.1037
116.76 40.1037
116.76 40.1038
116.76 40.1038
116.76 40.1038
116.76 40.1037
116.76 40.1038
116.76 40.1038
116.76 40.1037
116.76 40.1037
116.76 40.1037
116.76 40.1037
116.76 40.1038
116.76 40.1037
116.76 40.1037
116.76 40.1038
116.76 40.1037
116.76 40.1037
116.76 40.1037
116.76 40.1038
116.76 40.1038
116.76 40.1038
116.76 40.1038
116.76 40.1039
116.76 40.1038
116.76 40.1037
116.76 40.1038
116.76 40.1038
116.76 40.1037
116.76 40.1038
116.76 40.1037
116.76 40.1037
116.76 40.1038
116.76 40.1037
116.76 40.1037
116.76 40.1038
116.76 40.1037
116.76 40.1038
116.76 40.1038
116.76 40.1037
116.76 40.1037
116.76 40.1038
116.76 40.1038
116.76 40.1038
116.76 40.1038
116.76 40.1038
116.76 40.1037
116.76 40.1037
116.76 40.1037
116.76 40.1037
116.76 40.1037
116.76 40.1037
116.76 40.1037
116.76 40.1038
116.76 40.1037
116.76 40.1038
116.76 40.1037
116.76 40.1038
116.76 40.1038
116.76 40.1038
116.76 40.1038
116.76 40.1038
116.76 40.1038
116.76 40.1038
116.76 40.1037
116.76 40.1037
116.76 40.1037
116.76 40.1038
116.76 40.1038
116.76 40.1038
116.76 40.1038
116.76 40.1038
116.76 40.1037
116.76 40.1036
116.76 40.1038
116.76 40.1038
116.76 40.1038
116.76 40.1037
116.76 40.1037
116.76 40.1037
116.76 40.1039
116.76 40.1038
116.76 40.1037
116.76 40.1038
116.76 40.1038
116.76 40.1038
116.76 40.1038
116.76 40.1038
116.76 40.1037
116.76 40.1038
116.76 40.1037
116.76 40.1037
116.76 40.1038
116.76 40.1037
116.76 40.1038
116.76 40.1038
116.76 40.1038
116.76 40.1038
116.76 40.1039
116.76 40.1037
116.76 40.1038
116.76 40.1038
116.76 40.1038
116.76 40.1038
116.76 40.1038
116.76 40.1038
116.76 40.1038
116.76 40.1037
116.76 40.1038
116.76 40.1038
116.76 40.1038
116.76 40.1038
116.76 40.1038
116.76 40.1038
116.76 40.1037
116.76 40.1038
116.76 40.1038
116.76 40.1038
116.76 40.1038
116.76 40.1038
116.76 40.1037
116.76 40.1038
116.76 40.1038
116.76 40.1038
116.76 40.1037
116.76 40.1037
116.76 40.1037
116.76 40.1038
116.76 40.1038
116.76 40.1038
116.76 40.1037
116.76 40.1038
116.76 40.1037
116.76 40.1037
116.76 40.1037
116.76 40.1037
116.76 40.1037
116.76 40.1037
116.76 40.1037
116.76 40.1037
116.76 40.1037
116.76 40.1037
116.76 40.1038
116.76 40.1037
116.76 40.1037
116.76 40.1038
116.76 40.1038
116.76 40.1038
116.76 40.1037
116.76 40.1037
116.76 40.1037
116.76 40.1037
116.76 40.1037
116.76 40.1037
116.76 40.1037
116.76 40.1037
116.76 40.1037
116.76 40.1037
116.76 40.1037
116.76 40.1037
116.76 40.1037
116.76 40.1038
116.76 40.1038
116.76 40.1038
116.76 40.1036
116.76 40.1037
116.76 40.1038
116.76 40.1037
116.76 40.1038
116.76 40.1039
116.76 40.1038
116.76 40.1037
116.76 40.1038
116.76 40.1037
116.76 40.1038
116.76 40.1038
116.76 40.1037
116.76 40.1037
116.76 40.1038
116.76 40.1037
116.76 40.1037
116.76 40.1038
116.76 40.1038
116.76 40.1037
116.76 40.1037
116.76 40.1037
116.76 40.1037
116.76 40.1038
116.76 40.1038
116.76 40.1038
116.76 40.1038
116.76 40.1038
116.76 40.1038
116.76 40.1038
116.76 40.1039
116.76 40.1038
116.76 40.1037
116.76 40.1038
116.76 40.1037
116.76 40.1037
116.76 40.1037
116.76 40.1037
116.76 40.1037
116.761 40.103
116.761 40.1025
116.76 40.1007
116.748 40.1011
116.737 40.1016
116.73 40.1018
116.73 40.1018
116.704 40.0954
116.695 40.0941
116.691 40.0943
116.672 40.0948
116.665 40.0949
116.663 40.095
116.655 40.0952
116.64 40.0955
116.625 40.0959
116.623 40.1011
116.624 40.1075
116.624 40.1157
116.624 40.1157
116.617 40.1165
116.611 40.1165
116.606 40.1167
116.587 40.117
116.559 40.1133
116.558 40.1117
116.558 40.1117
116.556 40.1036
116.553 40.0883
116.551 40.0752
116.55 40.0697
116.55 40.0683
116.539 40.0562
116.534 40.0535
116.525 40.0558
116.515 40.048
116.509 40.0409
116.506 40.0372
116.504 40.0328
116.499 40.0227
116.49 40.0214
116.488 40.0206
116.485 40.0082
116.484 40.0059
116.481 40.0047
116.467 40.0067
116.467 40.0068
116.467 40.0069
116.467 40.0069
116.467 40.0069
116.467 40.0069
116.467 40.0067
116.467 40.0064
116.467 40.0064
116.467 40.0064
116.467 40.0063
116.467 40.0064
116.467 40.0063
116.467 40.0059
116.467 40.0057
116.467 40.0056
116.467 40.0056
116.467 40.0055
116.467 40.0057
116.467 40.0059
116.467 40.0057
116.467 40.0055
116.467 40.0057
116.467 40.0057
116.467 40.0057
116.467 40.0057
116.467 40.0059
116.467 40.0059
116.467 40.0061
116.467 40.006
116.467 40.0059
116.467 40.006
116.467 40.006
116.467 40.0031
116.462 40.0003
116.457 39.9958
116.457 39.9947
116.457 39.9963
116.467 40.0005
116.467 40.0037
116.47 40.0074
116.476 40.0095
116.478 40.0084
116.47 40.0103
116.467 40.0086
116.467 40.0067
116.467 40.0067
116.467 40.0068
116.467 40.0067
116.467 40.0067
116.467 40.0067
116.467 40.0067
116.467 40.0066
116.467 40.0066
116.467 40.0066
116.467 40.0065
116.467 40.0066
116.467 40.0066
116.467 40.0066
116.467 40.0066
116.467 40.0063
116.467 40.0064
116.467 40.0064
116.467 40.0065
116.467 40.0065
116.467 40.0064
116.467 40.0064
116.467 40.0064
116.467 40.0064
116.467 40.0033
116.467 40.0018
116.467 40.0018
116.466 39.9988
116.47 39.9876
116.467 39.9831
116.467 39.9826
116.46 39.9676
116.453 39.9618
116.45 39.9589
116.442 39.9525
116.439 39.9496
116.44 39.949
116.444 39.9468
116.444 39.942
116.444 39.9376
116.444 39.9334
116.444 39.932
116.444 39.9261
116.444 39.9249
116.445 39.9226
116.445 39.9217
116.444 39.9164
116.444 39.9142
116.444 39.915
116.444 39.9151
116.444 39.9153
116.444 39.9209
116.444 39.9209
116.444 39.9253
116.445 39.9256
116.448 39.9256
116.449 39.9268
116.449 39.9286
116.449 39.9378
116.449 39.9378
116.452 39.9399
116.456 39.9415
116.456 39.9481
116.46 39.9586
116.465 39.9645
116.468 39.9662
116.462 39.9789
116.466 39.9821
116.464 39.9843
116.476 39.9962
116.476 39.9962
116.476 39.9962
116.477 39.9951
116.477 39.9951
116.477 39.9951
116.477 39.9951
116.477 39.995
116.477 39.995
116.477 39.9951
116.477 39.9951
116.477 39.995
116.477 39.995
116.477 39.995
116.477 39.995
116.477 39.995
116.477 39.995
116.477 39.9951
116.477 39.9951
116.477 39.995
116.475 39.997
116.475 39.997
116.473 40
116.473 40.001
116.475 40.0074
116.477 40.0085
116.477 40.0085
116.477 40.0085
116.477 40.0085
116.477 40.0086
116.477 40.0086
116.477 40.0086
116.477 40.0085
116.477 40.0085
116.477 40.0085
116.477 40.0085
116.477 40.0085
116.477 40.0085
116.477 40.0086
116.477 40.0085
116.477 40.0086
116.477 40.0085
116.477 40.0085
116.477 40.0086
116.477 40.0085
116.477 40.0084
116.477 40.0085
116.477 40.0085
116.477 40.0085
116.477 40.0085
116.477 40.0086
116.477 40.0085
116.477 40.0084
116.477 40.0085
116.477 40.0085
116.477 40.0084
116.477 40.0084
116.477 40.0085
116.477 40.0085
116.477 40.0085
116.477 40.0086
116.477 40.0086
116.477 40.0085
116.477 40.0085
116.477 40.0085
116.477 40.0085
116.477 40.0085
116.477 40.0085
116.477 40.0085
116.477 40.0085
116.477 40.0085
116.477 40.0085
116.477 40.0086
116.477 40.0086
116.477 40.0086
116.477 40.0085
116.477 40.0085
116.477 40.0085
116.477 40.0085
116.477 40.0085
116.477 40.0086
116.477 40.0086
116.477 40.0085
116.477 40.0085
116.477 40.0085
116.477 40.0085
116.477 40.0085
116.477 40.0085
116.477 40.0085
116.477 40.0085
116.477 40.0085
116.478 40.0081
116.472 40.0073
116.472 40.0053
116.472 40.0021
116.468 40.0005
116.463 39.9919
116.463 39.9908
116.461 39.9903
116.461 39.9924
116.463 39.9926
116.462 39.9937
116.462 39.9937
116.462 39.9998
116.467 40.004
116.472 40.0074
116.472 40.01
116.471 40.0103
116.467 40.0062
116.467 40.0066
116.471 40.0073
116.478 40.0074
116.478 40.0085
116.478 40.0084
116.478 40.0085
116.478 40.0085
116.478 40.0086
116.478 40.0086
116.478 40.0086
116.478 40.0087
116.478 40.0087
116.477 40.0089
116.477 40.0092
116.472 40.009
116.472 40.005
116.472 39.9956
116.477 39.9909
116.48 39.9892
116.48 39.9888
116.481 39.9884
116.482 39.9873
116.484 39.9801
116.484 39.9759
116.484 39.9755
116.484 39.9716
116.484 39.9717
116.485 39.9707
116.49 39.9707
116.497 39.9668
116.497 39.9668
116.497 39.9668
116.495 39.9707
116.485 39.9707
116.485 39.9707
116.484 39.9725
116.484 39.9787
116.484 39.9787
116.482 39.9795
116.475 39.984
116.471 39.9869
116.467 39.9898
116.462 40.0007
116.462 40.0101
116.463 40.0102
116.467 40.0093
116.457 40.0026
116.455 39.9996
116.45 39.9958
116.429 39.988
116.416 39.9875
116.399 39.987
116.378 39.9864
116.366 39.9861
116.359 39.9859
116.336 39.9854
116.328 39.9851
116.328 39.985
116.322 39.9848
116.308 39.9843
116.305 39.9841
116.3 39.9838
116.319 39.9844
116.342 39.9853
116.352 39.9856
116.354 39.9856
116.387 39.9864
116.394 39.9866
116.4 39.9866
116.406 39.9855
116.414 39.9821
116.416 39.9822
116.418 39.982
116.412 39.9688
116.411 39.9687
116.411 39.9686
116.411 39.9686
116.412 39.9671
116.412 39.9613
116.411 39.9608
116.409 39.9608
116.406 39.9607
116.406 39.9606
116.401 39.9643
116.404 39.9673
116.41 39.9675
116.41 39.9675
116.412 39.9721
116.415 39.9741
116.418 39.9757
116.421 39.9763
116.478 40.008
116.478 40.0086
116.478 40.0086
116.478 40.0085
116.478 40.0085
116.478 40.0085
116.478 40.0086
116.478 40.0086
116.478 40.0085
116.478 40.0086
116.478 40.0085
116.478 40.0085
116.478 40.0086
116.478 40.0086
116.478 40.0086
116.478 40.0086
116.472 40.0102
116.472 40.0061
116.472 40.0061
116.473 40.0003
116.472 39.9943
116.472 39.9941
116.481 39.9883
116.481 39.9882
116.474 39.9793
116.472 39.9775
116.448 39.9559
116.425 39.9484
116.419 39.9484
116.419 39.9523
116.419 39.9554
116.424 39.9581
116.428 39.9582
116.436 39.9584
116.436 39.9582
116.44 39.9611
116.442 39.9627
116.444 39.9645
116.446 39.9661
116.443 39.9701
116.442 39.9713
116.442 39.9719
116.444 39.9756
116.444 39.9756
116.435 39.9752
116.428 39.9757
116.425 39.9818
116.425 39.9822
116.421 39.9846
116.42 39.9844
116.418 39.9857
116.418 39.986
116.418 39.9793
116.419 39.9696
116.417 39.9681
116.433 39.9663
116.44 39.9617
116.441 39.9616
116.446 39.9664
116.441 39.9678
116.44 39.9695
116.44 39.9694
116.441 39.971
116.44 39.9754
116.439 39.9753
116.427 39.9761
116.419 39.9761
116.419 39.9761
116.412 39.9741
116.334 39.9371
116.329 39.9369
116.326 39.9371
116.325 39.9372
116.324 39.9372
116.319 39.9376
116.309 39.9391
116.304 39.9492
116.306 39.95
116.311 39.9513
116.311 39.9513
116.311 39.9514
116.316 39.9555
116.316 39.9636
116.318 39.9657
116.319 39.9657
116.328 39.9707
116.328 39.9748
116.328 39.9747
116.327 39.9795
116.323 39.9797
116.321 39.9824
116.323 39.9844
116.344 39.9853
116.345 39.9854
116.36 39.9858
116.381 39.9863
116.392 39.9866
116.401 39.9863
116.405 39.9826
116.414 39.982
116.414 39.982
116.418 39.9821
116.418 39.9864
116.425 39.9866
116.418 39.9821
116.411 39.9789
116.411 39.974
116.412 39.9686
116.411 39.968
116.394 39.9674
116.372 39.9669
116.346 39.9664
116.319 39.966
116.314 39.9654
116.304 39.9616
116.304 39.9279
116.304 39.9238
116.304 39.9224
116.303 39.9076
116.303 39.9049
116.304 39.8978
116.304 39.905
116.304 39.9183
116.304 39.945
116.304 39.9471
116.304 39.9498
116.311 39.9555
116.313 39.9556
116.318 39.9499
116.319 39.9378
116.457 39.989
116.46 39.9958
116.462 39.9998
116.471 40.0102
116.472 40.0102
116.476 40.0074
116.471 40.0074
116.467 40.0065
116.467 40.0064
116.473 40.0116
116.473 40.0116
116.473 40.0116
116.473 40.0116
116.473 40.0116
116.473 40.0116
116.473 40.0117
116.473 40.0112
116.473 40.0116
116.472 40.0103
116.464 40.0104
116.459 40.0121
116.459 40.0123
116.459 40.0123
116.467 40.0116
116.475 40.0098
116.478 40.0084
116.478 40.0084
116.478 40.0089
116.478 40.0089
116.478 40.0089
116.478 40.0089
116.477 40.0088
116.477 40.0088
116.477 40.0089
116.477 40.0088
116.477 40.0089
116.477 40.0089
116.477 40.0089
116.477 40.0088
116.477 40.0089
116.477 40.0089
116.477 40.0089
116.477 40.0088
116.478 40.0089
116.478 40.0089
116.464 40.0104
116.461 40.0121
116.462 40.0194
116.466 40.0228
116.477 40.0204
116.487 40.0211
116.492 40.0215
116.497 40.0408
116.515 40.041
116.516 40.055
116.524 40.056
116.539 40.056
116.539 40.056
116.549 40.0641
116.552 40.0816
116.554 40.0951
116.555 40.0991
116.571 40.1165
116.582 40.1167
116.587 40.1169
116.613 40.1158
116.613 40.1157
116.613 40.1164
116.623 40.1163
116.623 40.1163
116.631 40.1163
116.637 40.1162
116.662 40.1152
116.666 40.1147
116.675 40.1145
116.684 40.1163
116.7 40.107
116.7 40.107
116.72 40.1017
116.72 40.1017
116.733 40.1016
116.753 40.1023
116.756 40.1024
116.757 40.1035
116.757 40.1044
116.757 40.1044
116.757 40.1044
116.757 40.1045
116.757 40.1044
116.757 40.1045
116.757 40.1045
116.757 40.1045
116.757 40.1044
116.757 40.1045
116.757 40.1044
116.757 40.1044
116.757 40.1044
116.757 40.1044
116.757 40.1044
116.757 40.1044
116.757 40.1044
116.757 40.1044
116.757 40.1044
116.757 40.1044
116.757 40.1044
116.757 40.1044
116.757 40.1044
116.757 40.1044
116.757 40.1044
116.757 40.1044
116.757 40.1045
116.757 40.1044
116.757 40.1044
116.757 40.1044
116.757 40.1044
116.757 40.1044
116.757 40.1044
116.757 40.1043
116.757 40.1046
116.757 40.1046
116.757 40.1045
116.757 40.1045
116.757 40.1045
116.757 40.1045
116.757 40.1045
116.757 40.1044
116.757 40.1044
116.757 40.1044
116.757 40.1044
116.757 40.1045
116.757 40.1045
116.757 40.1045
116.757 40.1045
116.757 40.1044
116.757 40.1044
116.757 40.1044
116.757 40.1043
116.757 40.1042
116.757 40.1042
116.757 40.1045
116.757 40.1045
116.757 40.1045
116.757 40.1045
116.757 40.1045
116.757 40.1045
116.757 40.1044
116.757 40.1044
116.757 40.1044
116.757 40.1044
116.757 40.1045
116.757 40.1045
116.757 40.1045
116.757 40.1044
116.757 40.1045
116.757 40.1045
116.757 40.1044
116.757 40.1044
116.757 40.1045
116.757 40.1044
116.757 40.1044
116.757 40.1045
116.757 40.1045
116.757 40.1045
116.757 40.1045
116.757 40.1044
116.757 40.1044
116.757 40.1045
116.757 40.1044
116.757 40.1045
116.757 40.1045
116.757 40.1044
116.757 40.1044
116.757 40.1044
116.757 40.1045
116.757 40.1044
116.757 40.1044
116.757 40.1045
116.757 40.1044
116.757 40.1044
116.757 40.1044
116.757 40.1044
116.757 40.1044
116.757 40.1044
116.757 40.1045
116.757 40.1044
116.757 40.1044
116.757 40.1045
116.757 40.1044
116.757 40.1044
116.757 40.1045
116.757 40.1045
116.757 40.1045
116.757 40.1045
116.757 40.1045
116.757 40.1045
116.757 40.1044
116.757 40.1044
116.757 40.1044
116.757 40.1045
116.757 40.1045
116.757 40.1045
116.757 40.1045
116.757 40.1045
116.757 40.1045
116.757 40.1045
116.757 40.1045
116.757 40.1045
116.757 40.1045
116.757 40.1045
116.757 40.1045
116.757 40.1045
116.757 40.1045
116.757 40.1045
116.757 40.1044
116.757 40.1044
116.757 40.1044
116.757 40.1044
116.757 40.1045
116.757 40.1044
116.757 40.1045
116.757 40.1044
116.757 40.1045
116.757 40.1044
116.757 40.1044
116.757 40.1044
116.757 40.1045
116.757 40.1045
116.757 40.1045
116.757 40.1044
116.757 40.1045
116.757 40.1045
116.757 40.1045
116.757 40.1045
116.757 40.1045
116.757 40.1045
116.757 40.1045
116.757 40.1045
116.757 40.1044
116.757 40.1045
116.757 40.1045
116.757 40.1045
116.757 40.1045
116.757 40.1046
116.757 40.1045
116.757 40.1044
116.757 40.1044
116.757 40.1045
116.757 40.1045
116.757 40.1045
116.757 40.1045
116.757 40.1044
116.757 40.1044
116.757 40.1045
116.757 40.1045
116.757 40.1045
116.757 40.1045
116.757 40.1045
116.757 40.1044
116.757 40.1045
116.757 40.1046
116.757 40.1045
116.757 40.1045
116.757 40.1044
116.757 40.1044
116.757 40.1044
116.757 40.1045
116.757 40.1045
116.757 40.1046
116.757 40.1046
116.757 40.1045
116.757 40.1045
116.757 40.1045
116.757 40.1045
116.757 40.1046
116.757 40.1045
116.757 40.1044
116.757 40.1045
116.757 40.1045
116.757 40.1045
116.757 40.1045
116.757 40.1044
116.757 40.1044
116.757 40.1045
116.757 40.1045
116.757 40.1045
116.757 40.1045
116.757 40.1044
116.757 40.1044
116.757 40.1044
116.757 40.1045
116.757 40.1045
116.757 40.1045
116.757 40.1045
116.757 40.1045
116.757 40.1044
116.757 40.1044
116.757 40.1045
116.757 40.1045
116.757 40.1045
116.757 40.1045
116.757 40.1045
116.757 40.1045
116.757 40.1045
116.757 40.1045
116.757 40.1045
116.757 40.1045
116.757 40.1045
116.757 40.1045
116.757 40.1045
116.757 40.1044
116.757 40.1045
116.757 40.1045
116.757 40.1045
116.757 40.1045
116.757 40.1045
116.757 40.1045
116.757 40.1046
116.757 40.1045
116.757 40.1045
116.757 40.1045
116.757 40.1045
116.757 40.1045
116.757 40.1045
116.757 40.1045
116.757 40.1044
116.757 40.1044
116.757 40.1044
116.757 40.1044
116.757 40.1045
116.757 40.1045
116.757 40.1045
116.757 40.1045
116.757 40.1044
116.757 40.1045
116.757 40.1045
116.757 40.1045
116.757 40.1045
116.757 40.1045
116.757 40.1045
116.757 40.1045
116.757 40.1045
116.757 40.1045
116.757 40.1044
116.757 40.1045
116.757 40.1045
116.757 40.1045
116.757 40.1044
116.757 40.1044
116.757 40.1044
116.757 40.1045
116.757 40.1045
116.757 40.1045
116.757 40.1045
116.757 40.1045
116.757 40.1045
116.757 40.1045
116.757 40.1045
116.757 40.1045
116.757 40.1045
116.757 40.1045
116.757 40.1045
116.757 40.1045
116.757 40.1045
116.757 40.1044
116.757 40.1044
116.757 40.1044
116.757 40.1044
116.757 40.1045
116.757 40.1045
116.757 40.1045
116.757 40.1044
116.757 40.1044
116.757 40.1044
116.757 40.1044
116.757 40.1044
116.757 40.1044
116.757 40.1044
116.757 40.1044
116.757 40.1044
116.757 40.1045
116.757 40.1045
116.757 40.1045
116.757 40.1045
116.757 40.1042
116.756 40.1031
116.753 40.1017
116.753 40.1007
116.748 40.1012
116.748 40.1012
116.731 40.1018
116.707 40.0984
116.704 40.1039
116.699 40.1076
116.677 40.1147
116.668 40.1146
116.66 40.1155
116.645 40.1163
116.612 40.1166
116.603 40.1167
116.603 40.1167
116.561 40.1168
116.56 40.1142
116.556 40.1033
116.552 40.083
116.551 40.0752
116.549 40.0658
116.535 40.0537
116.528 40.0414
116.521 40.0304
116.517 40.0237
116.51 40.0111
116.503 40.005
116.502 40.0041
116.495 39.9977
116.491 39.9945
116.491 39.9901
116.491 39.9885
116.489 39.9867
116.484 39.9867
116.484 39.9866
116.483 39.9793
116.483 39.9793
116.484 39.9746
116.481 39.9728
116.479 39.9744
116.467 39.9745
116.461 39.9693
116.456 39.9641
116.45 39.959
116.438 39.9539
116.433 39.9548
116.433 39.9568
116.421 39.9581
116.413 39.9607
116.412 39.9675
116.418 39.9678
116.435 39.965
116.455 39.9423
116.455 39.9299
116.455 39.9285
116.449 39.9222
116.447 39.9221
116.445 39.9216
116.449 39.9288
116.444 39.9317
116.444 39.9338
116.444 39.9391
116.444 39.9398
116.442 39.9479
116.439 39.9502
116.442 39.9523
116.45 39.959
116.453 39.9618
116.468 39.9752
116.472 39.9786
116.476 39.9823
116.476 39.9827
116.472 39.9865
116.467 39.9884
116.463 39.9851
116.463 39.9851
116.471 39.9776
116.466 39.9738
116.463 39.9685
116.468 39.9666
116.457 39.9558
116.454 39.9535
116.447 39.95
116.444 39.9407
116.444 39.9324
116.444 39.9324
116.444 39.926
116.452 39.9152
116.451 39.9133
116.455 39.9095
116.455 39.9055
116.455 39.9037
116.436 39.8924
116.426 39.8924
116.422 39.8923
116.425 39.8873
116.425 39.8873
116.425 39.8848
116.425 39.8848
116.425 39.8831
116.426 39.8828
116.432 39.8828
116.437 39.8831
116.439 39.8805
116.438 39.8723
116.425 39.8697
116.402 39.8708
116.397 39.8706
116.397 39.8706
116.392 39.8705
116.394 39.8539
116.394 39.8462
116.394 39.8399
116.395 39.8363
116.39 39.8309
116.382 39.8307
116.385 39.8319
116.385 39.8317
116.381 39.8315
116.381 39.8376
116.381 39.8376
116.374 39.8445
116.374 39.845
116.374 39.8449
116.38 39.8479
116.381 39.8479
116.381 39.8514
116.381 39.8567
116.381 39.8586
116.382 39.8643
116.416 39.8571
116.416 39.8618
116.42 39.8663
116.42 39.867
116.424 39.8682
116.423 39.8645
116.423 39.8645
116.42 39.8649
116.426 39.8672
116.426 39.8673
116.425 39.8673
116.425 39.8672
116.42 39.8656
116.42 39.8652
116.416 39.8644
116.415 39.8666
116.415 39.8781
116.415 39.8818
116.414 39.8848
116.412 39.8959
116.412 39.8961
116.412 39.9058
116.412 39.9059
116.412 39.9095
116.407 39.9136
116.407 39.9129
116.408 39.9142
116.414 39.9142
116.42 39.9141
116.42 39.9141
116.428 39.9141
116.426 39.9108
116.421 39.913
116.413 39.9155
116.411 39.9209
116.428 39.9214
116.422 39.9142
116.42 39.9153
116.42 39.9181
116.42 39.9226
116.42 39.9226
116.411 39.923
116.406 39.923
116.403 39.926
116.403 39.9284
116.403 39.9284
116.403 39.9303
116.403 39.931
116.404 39.9318
116.407 39.932
116.418 39.9322
116.418 39.9322
116.428 39.9298
116.428 39.9265
116.428 39.9238
116.432 39.9226
116.437 39.9212
116.435 39.916
116.435 39.9158
116.435 39.9149
116.435 39.9145
116.435 39.9144
116.435 39.9137
116.435 39.9133
116.435 39.9116
116.432 39.9074
116.432 39.9073
116.431 39.9074
116.438 39.9064
116.438 39.9064
116.446 39.907
116.484 39.9069
116.487 39.9068
116.507 39.9066
116.517 39.9072
116.535 39.908
116.555 39.9081
116.558 39.9081
116.569 39.9087
116.571 39.911
116.572 39.9134
116.579 39.9127
116.581 39.9129
116.58 39.9131
116.579 39.9129
116.573 39.9137
116.568 39.9143
116.562 39.9147
116.557 39.9165
116.558 39.9224
116.533 39.9225
116.532 39.9225
116.515 39.9229
116.516 39.923
116.504 39.922
116.494 39.9219
116.487 39.9218
116.473 39.9218
116.473 39.9218
116.473 39.922
116.472 39.9217
116.472 39.9196
116.472 39.9204
116.472 39.9207
116.472 39.9146
116.467 39.9147
116.463 39.9213
116.459 39.9221
116.456 39.9224
116.455 39.928
116.45 39.927
116.449 39.9284
116.449 39.9286
116.449 39.9285
116.449 39.9285
116.449 39.9299
116.449 39.9318
116.448 39.94
116.447 39.94
116.444 39.9442
116.444 39.945
116.449 39.947
116.449 39.947
116.449 39.9481
116.449 39.9482
116.446 39.9491
116.446 39.9491
116.441 39.9487
116.438 39.9519
116.434 39.9512
116.436 39.9465
116.437 39.9465
116.438 39.9423
116.434 39.9398
116.431 39.9397
116.43 39.9392
116.43 39.9393
116.43 39.9393
116.435 39.9397
116.445 39.9398
116.454 39.9399
116.458 39.9346
116.458 39.9346
116.456 39.9381
116.455 39.9331
116.45 39.9324
116.449 39.9384
116.444 39.94
116.439 39.9399
116.433 39.9399
116.433 39.9399
116.426 39.9399
116.426 39.9399
116.426 39.9399
116.426 39.94
116.426 39.94
116.426 39.9399
116.426 39.9398
116.424 39.9399
116.419 39.9419
116.419 39.947
116.419 39.9474
116.414 39.9481
116.406 39.9478
116.389 39.9498
116.389 39.9501
116.389 39.9619
116.388 39.9663
116.388 39.9773
116.388 39.9834
116.385 39.9868
116.381 39.9948
116.381 39.9964
116.381 40.0026
116.381 40.0004
116.381 39.9967
116.377 39.9964
116.381 39.9954
116.381 39.9871
116.377 39.981
116.378 39.981
116.38 39.9755
116.369 39.9754
116.369 39.9754
116.361 39.9753
116.357 39.9753
116.355 39.9753
116.349 39.9752
116.349 39.9752
116.348 39.9788
116.354 39.9803
116.359 39.9804
116.359 39.9804
116.359 39.9773
116.359 39.9764
116.363 39.9753
116.364 39.9688
116.364 39.9669
116.362 39.9667
116.359 39.9695
116.359 39.9714
116.36 39.9729
116.361 39.9753
116.369 39.9754
116.375 39.9753
116.373 39.9592
116.373 39.9592
116.382 39.9616
116.388 39.9617
116.387 39.9557
116.384 39.9555
116.382 39.9554
116.381 39.9531
116.378 39.9499
116.369 39.9496
116.367 39.9496
116.365 39.9546
116.36 39.9566
116.337 39.9567
116.333 39.9565
116.329 39.9596
116.329 39.9608
116.328 39.9658
116.328 39.9672
116.328 39.9738
116.328 39.9744
116.328 39.9745
116.327 39.9796
116.327 39.9796
116.359 39.9735
116.324 39.9797
116.324 39.9797
116.324 39.9797
116.324 39.9796
116.324 39.9797
116.324 39.9797
116.324 39.9798
116.324 39.9795
116.324 39.9796
116.324 39.9797
116.324 39.9796
116.324 39.9798
116.324 39.9798
116.324 39.9796
116.324 39.9797
116.324 39.9798
116.324 39.9798
116.324 39.9798
116.324 39.9797
116.322 39.9796
116.319 39.9774
116.312 39.975
116.313 39.9716
116.313 39.9713
116.319 39.9738
116.319 39.9746
116.317 39.9749
116.315 39.9751
116.318 39.975
116.325 39.975
116.327 39.9754
116.329 39.9753
116.329 39.9753
116.342 39.9746
116.342 39.9734
116.342 39.9719
116.342 39.9745
116.332 39.9752
116.33 39.9753
116.329 39.9765
116.329 39.9755
116.329 39.9755
116.328 39.9753
116.328 39.9753
116.324 39.9753
116.319 39.9794
116.315 39.9797
116.313 39.9796
116.312 39.9796
116.316 39.9797
116.315 39.9797
116.312 39.9796
116.315 39.9842
116.326 39.9846
116.344 39.9853
116.372 39.9857
116.373 39.9861
116.363 40.0019
116.363 40.0019
116.365 40.006
116.361 40.0048
116.36 40.0056
116.355 40.0123
116.352 40.017
116.346 40.0206
116.354 40.0125
116.355 40.0116
116.359 40.0067
116.362 40.0018
116.357 40
116.347 39.9997
116.346 39.9997
116.334 39.9994
116.334 39.9958
116.337 39.9957
116.334 39.9951
116.332 39.9916
116.327 39.9914
116.327 39.9883
116.327 39.985
116.327 39.9802
116.319 39.9798
116.316 39.9797
116.311 39.9795
116.311 39.9751
116.311 39.9751
116.315 39.9665
116.315 39.9661
116.329 39.9663
116.358 39.9664
116.361 39.9665
116.392 39.9672
116.443 39.9424
116.443 39.9432
116.444 39.9428
116.444 39.942
116.44 39.9399
116.44 39.9399
116.436 39.9399
116.433 39.9406
116.433 39.9407
116.435 39.9442
116.436 39.9455
116.434 39.9515
116.434 39.9522
116.433 39.9576
116.433 39.9578
116.441 39.9611
116.443 39.9597
116.438 39.9539
116.43 39.9533
116.429 39.9568
116.423 39.9582
116.419 39.958
116.418 39.9527
116.413 39.9539
116.412 39.9584
116.418 39.9609
116.422 39.9677
116.425 39.961
116.422 39.9609
116.425 39.9658
116.425 39.9679
116.435 39.9651
116.435 39.9651
116.455 39.952
116.456 39.9433
116.455 39.93
116.455 39.9222
116.46 39.9219
116.47 39.9217
116.47 39.9217
116.471 39.9216
116.484 39.9216
116.491 39.9217
116.507 39.9219
116.507 39.9219
116.518 39.9226
116.522 39.9225
116.527 39.9224
116.527 39.9224
116.537 39.9223
116.548 39.9208
116.548 39.9179
116.547 39.916
116.547 39.9164
116.546 39.9149
116.543 39.915
116.533 39.9153
116.53 39.9154
116.524 39.9158
116.521 39.916
116.516 39.9158
116.515 39.9222
116.512 39.922
116.51 39.9301
116.504 39.929
116.504 39.9289
116.504 39.9296
116.507 39.9301
116.511 39.9301
116.508 39.922
116.507 39.922
116.496 39.9251
116.49 39.928
116.49 39.928
116.366 39.9241
116.366 39.9241
116.479 39.9218
116.479 39.9218
116.473 39.9218
116.467 39.9219
116.463 39.922
116.461 39.9251
116.461 39.9257
116.461 39.9302
116.461 39.9315
116.461 39.932
116.456 39.9327
116.456 39.9363
116.455 39.9369
116.455 39.9336
116.449 39.9331
116.449 39.9395
116.449 39.945
116.449 39.9468
116.441 39.9491
116.445 39.9523
116.444 39.9487
116.444 39.9487
116.438 39.9468
116.432 39.9449
116.411 39.948
116.398 39.9477
116.373 39.9475
116.349 39.939
116.349 39.9363
116.35 39.9134
116.35 39.8976
116.341 39.8967
116.294 39.8959
116.289 39.8949
116.289 39.8914
116.289 39.8952
116.29 39.8956
116.296 39.8956
116.3 39.896
116.3 39.896
116.296 39.8987
116.296 39.9012
116.296 39.9034
116.298 39.906
116.299 39.906
116.299 39.906
116.308 39.906
116.31 39.9061
116.312 39.8992
116.313 39.8993
116.313 39.8993
116.316 39.9061
116.318 39.9061
116.329 39.906
116.329 39.9066
116.333 39.9128
116.338 39.913
116.339 39.9109
116.331 39.9064
116.322 39.9063
116.315 39.9083
116.315 39.9067
116.315 39.904
116.315 39.9018
116.315 39.9027
116.329 39.9059
116.333 39.9059
116.338 39.9054
116.338 39.9067
116.339 39.9124
116.34 39.9183
116.342 39.9219
116.347 39.9177
116.347 39.9128
116.345 39.9126
116.343 39.9156
116.343 39.9156
116.34 39.9128
116.33 39.9128
116.33 39.9128
116.322 39.9097
116.322 39.9097
116.309 39.91
116.303 39.9114
116.294 39.9118
116.286 39.9117
116.278 39.9117
116.277 39.9075
116.277 39.9065
116.277 39.9026
116.277 39.8988
116.277 39.8982
116.276 39.8987
116.276 39.8992
116.277 39.8962
116.275 39.8919
116.273 39.8919
116.277 39.8959
116.277 39.8959
116.277 39.9061
116.287 39.9062
116.289 39.902
116.283 39.8991
116.278 39.8991
116.277 39.9021
116.277 39.9087
116.277 39.9097
116.284 39.9117
116.291 39.9185
116.291 39.9185
116.301 39.9226
116.295 39.927
116.295 39.9278
116.296 39.931
116.296 39.931
116.302 39.9311
116.304 39.9361
116.304 39.9449
116.304 39.9458
116.304 39.9527
116.303 39.956
116.31 39.9636
116.315 39.9654
116.315 39.9654
116.315 39.9653
116.312 39.9734
116.311 39.9778
116.311 39.9813
116.314 39.9841
116.324 39.9845
116.338 39.9822
116.335 39.9817
116.338 39.982
116.338 39.9834
116.345 39.9851
116.348 39.9761
116.348 39.9776
116.359 39.98
116.359 39.9757
116.363 39.9753
116.363 39.9753
116.374 39.9699
116.374 39.9676
116.376 39.9712
116.381 39.9714
116.384 39.9715
116.389 39.967
116.4 39.9673
116.407 39.9675
116.414 39.9676
116.424 39.9679
116.431 39.9674
116.435 39.9647
116.443 39.9593
116.44 39.9559
116.439 39.9544
116.436 39.9536
116.443 39.9537
116.444 39.9544
116.457 39.9653
116.458 39.9662
116.475 39.9819
116.482 39.9873
116.482 39.988
116.49 39.9952
116.5 40.0049
116.507 40.0106
116.523 40.0323
116.529 40.0437
116.531 40.048
116.537 40.0551
116.55 40.0697
116.55 40.0714
116.553 40.0863
116.555 40.0974
116.556 40.1049
116.578 40.1168
116.613 40.1161
116.613 40.116
116.617 40.1164
116.617 40.1164
116.624 40.1142
116.623 40.0992
116.623 40.0965
116.641 40.0955
116.652 40.0952
116.655 40.0952
116.669 40.0948
116.669 40.0948
116.69 40.0942
116.69 40.0942
116.7 40.0939
116.713 40.1014
116.723 40.1018
116.742 40.1014
116.757 40.1035
116.76 40.1035
116.76 40.1037
116.76 40.1038
116.76 40.1037
116.76 40.1038
116.76 40.1038
116.76 40.1037
116.76 40.1038
116.76 40.1038
116.76 40.1038
116.76 40.1037
116.76 40.1037
116.76 40.1037
116.76 40.1038
116.76 40.1038
116.76 40.1038
116.76 40.1038
116.76 40.1037
116.76 40.1037
116.76 40.1037
116.76 40.1037
116.76 40.1037
116.76 40.1037
116.76 40.1038
116.76 40.1038
116.76 40.1038
116.76 40.1038
116.76 40.1037
116.76 40.1037
116.76 40.1038
116.76 40.1038
116.76 40.1038
116.76 40.1038
116.76 40.1038
116.76 40.1038
116.76 40.1038
116.76 40.1037
116.76 40.1037
116.76 40.1037
116.76 40.1037
116.76 40.1037
116.76 40.1037
116.76 40.1037
116.76 40.1038
116.76 40.1038
116.76 40.1038
116.76 40.1037
116.76 40.1037
116.76 40.1037
116.76 40.1037
116.76 40.1038
116.76 40.1038
116.76 40.1038
116.76 40.1038
116.76 40.1038
116.76 40.1038
116.76 40.1037
116.76 40.1037
116.76 40.1037
116.76 40.1037
116.76 40.1037
116.76 40.1037
116.76 40.1037
116.76 40.1038
116.76 40.1038
116.76 40.1037
116.76 40.1038
116.76 40.1037
116.76 40.1037
116.76 40.1038
116.76 40.1038
116.76 40.1037
116.76 40.1038
116.76 40.1038
116.76 40.1038
116.76 40.1038
116.76 40.1037
116.76 40.1037
116.76 40.1037
116.76 40.1037
116.76 40.1038
116.76 40.1038
116.76 40.1037
116.76 40.1037
116.76 40.1038
116.76 40.1038
116.76 40.1038
116.76 40.1038
116.76 40.1038
116.76 40.1038
116.76 40.1038
116.76 40.1037
116.76 40.1037
116.76 40.1038
116.76 40.1038
116.76 40.1037
116.76 40.1038
116.76 40.1037
116.76 40.1037
116.76 40.1037
116.76 40.1037
116.087 39.9429
116.087 39.9429
116.76 40.1037
116.76 40.1038
116.76 40.1038
116.76 40.1037
116.76 40.1038
116.76 40.1037
116.76 40.1038
116.76 40.1038
116.76 40.1038
116.76 40.1038
116.76 40.1041
116.76 40.1041
116.76 40.1041
116.76 40.1039
116.76 40.1039
116.76 40.1037
116.76 40.1037
116.76 40.1037
116.76 40.1038
116.76 40.1038
116.76 40.1037
116.76 40.1037
116.76 40.1038
116.76 40.1038
116.76 40.1037
116.76 40.1037
116.76 40.1039
116.76 40.1039
116.76 40.1037
116.76 40.1037
116.76 40.1036
116.76 40.1037
116.76 40.1037
116.76 40.1037
116.76 40.1037
116.76 40.1037
116.76 40.1037
116.76 40.1038
116.76 40.1038
116.76 40.1038
116.76 40.1037
116.76 40.1037
116.76 40.1039
116.76 40.1038
116.76 40.1038
116.76 40.1038
116.76 40.1038
116.76 40.1038
116.76 40.1037
116.76 40.1037
116.76 40.1037
116.76 40.1038
116.76 40.1038
116.76 40.1038
116.76 40.1037
116.76 40.1037
116.76 40.1037
116.76 40.1037
116.76 40.1037
116.76 40.1037
116.76 40.1037
116.76 40.1037
116.76 40.1038
116.76 40.1038
116.76 40.1037
116.76 40.1037
116.76 40.1038
116.76 40.1038
116.76 40.1037
116.76 40.1037
116.76 40.1037
116.76 40.1038
116.76 40.1038
116.76 40.1037
116.76 40.1038
116.76 40.1037
116.76 40.1037
116.76 40.1037
116.76 40.1037
116.76 40.1037
116.76 40.1037
116.76 40.1038
116.76 40.1037
116.76 40.1038
116.76 40.1038
116.76 40.1038
116.76 40.1038
116.76 40.1037
116.76 40.1038
116.76 40.1037
116.76 40.1038
116.76 40.1039
116.76 40.1038
116.76 40.1037
116.76 40.1038
116.76 40.1037
116.76 40.1037
116.76 40.1037
116.76 40.1038
116.76 40.1038
116.76 40.1038
116.76 40.1038
116.76 40.1037
116.76 40.1036
116.76 40.1036
116.76 40.1036
116.76 40.1037
116.76 40.1037
116.76 40.1038
116.76 40.1038
116.76 40.1038
116.76 40.1037
116.76 40.1037
116.76 40.1037
116.76 40.1037
116.76 40.1038
116.76 40.1038
116.76 40.1037
116.76 40.1037
116.76 40.1037
116.76 40.1037
116.76 40.1037
116.76 40.1038
116.76 40.1038
116.76 40.1038
116.76 40.1039
116.76 40.1038
116.76 40.1038
116.76 40.1038
116.76 40.1037
116.76 40.1037
116.76 40.1038
116.76 40.1037
116.76 40.1038
116.76 40.1037
116.76 40.1038
116.76 40.1037
116.76 40.1039
116.76 40.1039
116.76 40.1038
116.76 40.1039
116.76 40.1039
116.76 40.1038
116.76 40.1038
116.76 40.1039
116.76 40.1038
116.76 40.1037
116.76 40.1038
116.76 40.1038
116.76 40.1041
116.76 40.1038
116.76 40.1038
116.76 40.1037
116.76 40.1039
116.76 40.1039
116.76 40.1038
116.76 40.1038
116.76 40.1037
116.76 40.1037
116.76 40.1037
116.76 40.1038
116.76 40.1038
116.76 40.1037
116.76 40.1039
116.76 40.1038
116.76 40.1037
116.76 40.1037
116.76 40.1036
116.76 40.1038
116.76 40.1037
116.76 40.1038
116.76 40.1038
116.76 40.1038
116.76 40.1037
116.76 40.1037
116.76 40.1038
116.76 40.1037
116.76 40.1038
116.76 40.1038
116.76 40.1038
116.76 40.1038
116.76 40.1038
116.76 40.1037
116.76 40.1038
116.76 40.1038
116.76 40.1038
116.76 40.1037
116.76 40.1038
116.76 40.1038
116.76 40.1038
116.76 40.1038
116.76 40.1038
116.76 40.1039
116.76 40.1038
116.76 40.1038
116.76 40.1039
116.76 40.1037
116.76 40.1038
116.76 40.1038
116.76 40.1038
116.76 40.1038
116.76 40.1038
116.76 40.1038
116.76 40.1037
116.76 40.1037
116.76 40.1038
116.76 40.1038
116.76 40.1037
116.76 40.1037
116.76 40.1038
116.76 40.1038
116.76 40.1038
116.76 40.1037
116.76 40.1037
116.76 40.1038
116.76 40.1038
116.76 40.1038
116.76 40.1038
116.76 40.1037
116.76 40.1038
116.76 40.1038
116.76 40.1038
116.76 40.1039
116.76 40.1039
116.76 40.1038
116.76 40.1038
116.76 40.1038
116.76 40.1038
116.76 40.1038
116.76 40.1037
116.76 40.1038
116.76 40.1037
116.76 40.1038
116.76 40.1037
116.76 40.1037
116.76 40.1037
116.76 40.1038
116.76 40.1038
116.76 40.1038
116.76 40.1037
116.76 40.1037
116.76 40.1038
116.76 40.1038
116.76 40.1037
116.76 40.1037
116.76 40.1037
116.76 40.1037
116.76 40.1038
116.76 40.1037
116.76 40.1039
116.76 40.1038
116.76 40.1039
116.76 40.1038
116.76 40.1038
116.76 40.1038
116.76 40.1038
116.76 40.1037
116.76 40.1037
116.76 40.1037
116.76 40.1037
116.76 40.1037
116.76 40.1039
116.76 40.1039
116.76 40.1039
116.76 40.1039
116.76 40.1038
116.76 40.1037
116.76 40.1038
116.76 40.1038
116.76 40.1038
116.76 40.1038
116.76 40.1038
116.76 40.1039
116.76 40.1037
116.76 40.1037
116.76 40.1038
116.76 40.1037
116.76 40.1038
116.76 40.1039
116.76 40.1038
116.76 40.1038
116.76 40.1039
116.76 40.1039
116.76 40.1037
116.76 40.1037
116.76 40.1038
116.76 40.1038
116.76 40.1038
116.76 40.1038
116.76 40.1038
116.76 40.1037
116.76 40.1039
116.76 40.1038
116.76 40.1037
116.76 40.1037
116.76 40.1039
116.76 40.1038
116.76 40.1037
116.76 40.1037
116.76 40.1038
116.76 40.1038
116.76 40.1037
116.76 40.1038
116.76 40.1038
116.76 40.1038
116.76 40.1038
116.76 40.1037
116.76 40.1037
116.76 40.1038
116.76 40.1037
116.76 40.1037
116.76 40.1037
116.76 40.1038
116.76 40.1038
116.76 40.1038
116.76 40.1038
116.76 40.1038
116.76 40.1038
116.76 40.1038
116.76 40.1038
116.76 40.1037
116.76 40.1038
116.76 40.1038
116.76 40.1038
116.76 40.1037
116.76 40.1038
116.76 40.1038
116.76 40.1038
116.76 40.1038
116.76 40.1038
116.76 40.1038
116.76 40.1038
116.76 40.1038
116.76 40.1038
116.76 40.1038
116.76 40.1038
116.76 40.1037
116.76 40.1038
116.76 40.1038
116.76 40.1038
116.76 40.1038
116.76 40.1037
116.76 40.1038
116.76 40.1038
116.76 40.1038
116.76 40.1038
116.76 40.1038
116.76 40.1038
116.76 40.1038
116.76 40.1038
116.76 40.1037
116.76 40.1038
116.76 40.1038
116.76 40.1038
116.76 40.1037
116.76 40.1037
116.76 40.1036
116.76 40.1037
116.76 40.1038
116.76 40.1038
116.76 40.1037
116.76 40.1039
116.76 40.1039
116.76 40.1037
116.76 40.1037
116.76 40.1037
116.76 40.1038
116.76 40.1038
116.76 40.1039
116.76 40.1038
116.76 40.1038
116.76 40.1038
116.76 40.104
116.76 40.104
116.76 40.1038
116.76 40.1038
116.76 40.1038
116.76 40.1037
116.76 40.1038
116.76 40.1038
116.76 40.1037
116.76 40.1037
116.76 40.1037
116.76 40.1037
116.76 40.1037
116.76 40.1038
116.76 40.1038
116.76 40.1037
116.76 40.1037
116.76 40.1037
116.76 40.1038
116.76 40.1038
116.76 40.1038
116.76 40.1037
116.76 40.1037
116.76 40.1037
116.76 40.1037
116.76 40.1038
116.76 40.1037
116.76 40.1038
116.76 40.1038
116.76 40.1037
116.76 40.1037
116.76 40.1038
116.76 40.1037
116.76 40.1037
116.76 40.1037
116.76 40.1036
116.76 40.1038
116.76 40.1038
116.76 40.1038
116.76 40.1038
116.76 40.1037
116.76 40.1038
116.76 40.104
116.76 40.1037
116.76 40.1038
116.76 40.1037
116.76 40.1037
116.76 40.1038
116.76 40.1037
116.76 40.1037
116.76 40.1037
116.76 40.1038
116.76 40.1038
116.76 40.1038
116.76 40.1038
116.76 40.1038
116.76 40.1038
116.76 40.1037
116.76 40.1037
116.76 40.1037
116.76 40.1037
116.76 40.1037
116.76 40.1038
116.76 40.1038
116.76 40.1037
116.76 40.1037
116.76 40.1038
116.76 40.1038
116.76 40.1038
116.76 40.1038
116.76 40.1038
116.76 40.1038
116.76 40.1038
116.76 40.1038
116.76 40.1038
116.76 40.1038
116.76 40.1038
116.76 40.1038
116.76 40.1038
116.76 40.1037
116.76 40.1039
116.76 40.1038
116.76 40.1037
116.76 40.1037
116.76 40.1037
116.76 40.1038
116.76 40.1038
116.76 40.1038
116.76 40.1038
116.76 40.1038
116.76 40.1039
116.76 40.1038
116.76 40.1038
116.76 40.1037
116.76 40.1037
116.76 40.1038
116.76 40.1035
116.76 40.1037
116.76 40.1038
116.76 40.1038
116.76 40.1037
116.76 40.1039
116.76 40.1038
116.76 40.1038
116.76 40.1037
116.76 40.1037
116.76 40.1038
116.76 40.1038
116.76 40.1038
116.76 40.1038
116.76 40.1039
116.76 40.1038
116.76 40.1037
116.76 40.1037
116.76 40.1038
116.76 40.1037
116.76 40.1037
116.76 40.1037
116.76 40.1038
116.76 40.1038
116.76 40.1037
116.76 40.1037
116.76 40.1037
116.76 40.1037
116.76 40.1038
116.76 40.1037
116.76 40.1037
116.76 40.1037
116.76 40.1037
116.76 40.1037
116.76 40.1037
116.76 40.1037
116.76 40.1037
116.76 40.1037
116.76 40.1037
116.76 40.1037
116.76 40.1037
116.76 40.1037
116.76 40.1037
116.76 40.1037
116.76 40.1038
116.76 40.1037
116.76 40.1037
116.76 40.1037
116.76 40.1036
116.76 40.1036
116.76 40.1037
116.76 40.1037
116.76 40.1038
116.76 40.1038
116.76 40.1038
116.76 40.1037
116.76 40.1037
116.76 40.1037
116.76 40.1037
116.76 40.1036
116.76 40.1037
116.76 40.1038
116.76 40.1038
116.76 40.1038
116.76 40.1037
116.76 40.1038
116.76 40.1038
116.76 40.1038
116.76 40.1038
116.76 40.1038
116.76 40.1038
116.76 40.1038
116.76 40.1039
116.76 40.1038
116.76 40.1037
116.76 40.1036
116.76 40.1037
116.76 40.1038
116.76 40.1037
116.76 40.1036
116.76 40.1038
116.76 40.1038
116.76 40.1038
116.76 40.1039
116.76 40.1038
116.76 40.1038
116.76 40.1038
116.76 40.1038
116.76 40.1038
116.76 40.1038
116.76 40.1037
116.76 40.1037
116.76 40.1037
116.76 40.1038
116.76 40.1038
116.76 40.1038
116.76 40.1036
116.76 40.1038
116.76 40.1038
116.76 40.1037
116.76 40.1037
116.76 40.1038
116.76 40.1037
116.76 40.1038
116.76 40.1037
116.76 40.1037
116.76 40.1038
116.76 40.1038
116.76 40.1037
116.76 40.1037
116.76 40.1038
116.76 40.1037
116.76 40.1038
116.76 40.1037
116.76 40.1037
116.76 40.1037
116.76 40.1038
116.76 40.1037
116.76 40.1037
116.76 40.1037
116.76 40.1038
116.76 40.1037
116.76 40.1038
116.76 40.1038
116.76 40.1038
116.76 40.1037
116.76 40.1037
116.76 40.1037
116.76 40.1037
116.76 40.1037
116.76 40.1038
116.76 40.1038
116.76 40.1038
116.76 40.1038
116.76 40.1038
116.76 40.1038
116.76 40.1038
116.76 40.1037
116.76 40.1037
116.76 40.1038
116.76 40.1038
116.76 40.1038
116.76 40.1038
116.76 40.1037
116.76 40.1038
116.76 40.1038
116.76 40.1038
116.76 40.1038
116.76 40.1037
116.76 40.1037
116.76 40.1037
116.76 40.1037
116.76 40.1037
116.76 40.1038
116.76 40.1038
116.76 40.1038
116.76 40.1038
116.76 40.1039
116.76 40.1038
116.76 40.1037
116.76 40.1038
116.76 40.1038
116.76 40.1038
116.76 40.1039
116.76 40.1038
116.76 40.1039
116.76 40.1038
116.76 40.1038
116.76 40.1039
116.76 40.1039
116.76 40.1039
116.76 40.1039
116.76 40.1039
116.76 40.1039
116.76 40.1038
116.76 40.1037
116.76 40.1037
116.76 40.1036
116.76 40.1038
116.76 40.1038
116.76 40.1039
116.76 40.1037
116.76 40.1037
116.76 40.1038
116.76 40.1038
116.76 40.1037
116.76 40.1038
116.76 40.1038
116.76 40.1037
116.76 40.1037
116.76 40.1037
116.76 40.1037
116.76 40.1037
116.76 40.1037
116.76 40.1037
116.76 40.1038
116.76 40.1038
116.76 40.1038
116.76 40.1037
116.76 40.1037
116.76 40.1038
116.76 40.1037
116.76 40.1037
116.76 40.1037
116.76 40.1038
116.76 40.1037
116.76 40.1037
116.76 40.1037
116.76 40.1039
116.76 40.1039
116.76 40.1037
116.76 40.1037
116.76 40.1037
116.76 40.1037
116.76 40.1038
116.76 40.1038
116.76 40.1037
116.76 40.1038
116.76 40.1038
116.76 40.1038
116.76 40.1038
116.76 40.1037
116.76 40.1037
116.76 40.1038
116.76 40.1037
116.76 40.1037
116.76 40.1037
116.76 40.1037
116.76 40.1038
116.76 40.1038
116.76 40.1038
116.76 40.1038
116.76 40.1037
116.76 40.1037
116.76 40.1037
116.76 40.1037
116.76 40.1038
116.76 40.1038
116.76 40.1038
116.76 40.1038
116.76 40.1038
116.76 40.1038
116.76 40.1038
116.76 40.1038
116.76 40.1038
116.76 40.1038
116.76 40.1038
116.76 40.1038
116.76 40.1038
116.76 40.1038
116.76 40.1038
116.76 40.1038
116.76 40.1038
116.76 40.1038
116.76 40.1038
116.76 40.1038
116.76 40.1038
116.76 40.1038
116.76 40.1038
116.76 40.1037
116.76 40.1038
116.76 40.1037
116.76 40.1038
116.76 40.1037
116.76 40.1037
116.76 40.1038
116.76 40.1037
116.76 40.1039
116.76 40.1038
116.76 40.1037
116.76 40.1037
116.76 40.1037
116.76 40.1038
116.76 40.1039
116.76 40.1037
116.76 40.1037
116.76 40.1038
116.76 40.1038
116.76 40.1038
116.76 40.1038
116.76 40.1037
116.76 40.1038
116.76 40.1037
116.76 40.1037
116.76 40.1038
116.76 40.1038
116.76 40.1038
116.76 40.1037
116.76 40.1037
116.76 40.1038
116.76 40.1038
116.76 40.1038
116.76 40.1038
116.76 40.1039
116.76 40.1038
116.76 40.1038
116.76 40.1038
116.76 40.1037
116.76 40.1038
116.76 40.1038
116.76 40.1038
116.76 40.1037
116.76 40.1037
116.76 40.1038
116.76 40.1038
116.76 40.1037
116.76 40.1037
116.76 40.1038
116.76 40.1038
116.76 40.1038
116.76 40.1038
116.76 40.1038
116.76 40.1038
116.76 40.1038
116.76 40.1038
116.76 40.1038
116.76 40.1038
116.76 40.1037
116.76 40.1037
116.76 40.1038
116.76 40.1037
116.76 40.1037
116.76 40.1037
116.76 40.1038
116.76 40.1038
116.76 40.1038
116.76 40.1038
116.76 40.1037
116.76 40.1038
116.76 40.1038
116.76 40.1037
116.76 40.1037
116.76 40.1037
116.76 40.1038
116.76 40.1038
116.76 40.1037
116.76 40.1037
116.76 40.1037
116.76 40.1037
116.76 40.1037
116.76 40.1037
116.76 40.1038
116.76 40.1037
116.76 40.1038
116.76 40.1038
116.76 40.1038
116.76 40.1039
116.76 40.1037
116.76 40.1038
116.76 40.1037
116.76 40.1038
116.76 40.1038
116.76 40.1037
116.76 40.1038
116.76 40.1038
116.76 40.1038
116.76 40.1038
116.76 40.1039
116.76 40.1038
116.76 40.1037
116.76 40.1038
116.76 40.1038
116.76 40.1038
116.76 40.1037
116.76 40.1037
116.76 40.1037
116.76 40.1038
116.76 40.1038
116.76 40.1038
116.76 40.1038
116.76 40.1038
116.76 40.1038
116.76 40.1038
116.76 40.1038
116.76 40.1037
116.76 40.1037
116.76 40.1037
116.76 40.1037
116.76 40.1038
116.76 40.1037
116.76 40.1038
116.76 40.1038
116.76 40.1037
116.76 40.1038
116.76 40.1037
116.76 40.1038
116.76 40.1038
116.76 40.1038
116.76 40.1038
116.76 40.1037
116.76 40.1038
116.76 40.1037
116.76 40.1037
116.76 40.1038
116.76 40.1037
116.76 40.1037
116.76 40.1037
116.76 40.1038
116.76 40.1037
116.76 40.1037
116.76 40.1037
116.76 40.1037
116.76 40.1037
116.76 40.1037
116.76 40.1038
116.76 40.1037
116.76 40.1037
116.76 40.1039
116.76 40.1037
116.76 40.1037
116.76 40.1038
116.76 40.1037
116.76 40.1037
116.76 40.1037
116.76 40.1038
116.76 40.1037
116.76 40.1037
116.76 40.1037
116.76 40.1037
116.76 40.1038
116.76 40.1039
116.76 40.1037
116.76 40.1038
116.76 40.1038
116.76 40.1038
116.76 40.1037
116.76 40.1037
116.76 40.1037
116.76 40.1038
116.76 40.1038
116.76 40.1038
116.76 40.1038
116.76 40.1037
116.76 40.1038
116.76 40.1038
116.76 40.1038
116.76 40.1038
116.76 40.1038
116.76 40.1037
116.76 40.1038
116.76 40.1038
116.76 40.1038
116.76 40.1037
116.76 40.1038
116.76 40.1037
116.76 40.1037
116.76 40.1037
116.76 40.1038
116.76 40.1038
116.76 40.1038
116.76 40.1038
116.76 40.1037
116.76 40.1037
116.76 40.1038
116.76 40.1038
116.76 40.1038
116.76 40.1038
116.76 40.1038
116.76 40.1038
116.76 40.1038
116.76 40.1038
116.76 40.1037
116.76 40.1038
116.76 40.1037
116.76 40.1037
116.76 40.1036
116.76 40.1036
116.76 40.1037
116.76 40.1037
116.76 40.1037
116.76 40.1037
116.76 40.1037
116.76 40.1037
116.76 40.1037
116.76 40.1037
116.76 40.1037
116.76 40.1037
116.76 40.1038
116.76 40.1038
116.76 40.1038
116.76 40.1037
116.76 40.1038
116.76 40.1037
116.76 40.1037
116.76 40.1037
116.76 40.1038
116.76 40.1038
116.76 40.1037
116.76 40.1037
116.76 40.1037
116.76 40.1038
116.76 40.1038
116.76 40.1037
116.76 40.1038
116.76 40.1038
116.76 40.1038
116.76 40.1038
116.76 40.1039
116.76 40.1037
116.76 40.1037
116.76 40.1037
116.76 40.1037
116.76 40.1037
116.76 40.1037
116.76 40.1037
116.76 40.1037
116.76 40.1037
116.76 40.1037
116.76 40.1037
116.76 40.1037
116.76 40.1037
116.76 40.1037
116.76 40.1037
116.76 40.1038
116.76 40.1038
116.76 40.1038
116.76 40.1038
116.76 40.1038
116.76 40.1037
116.76 40.1037
116.76 40.1037
116.76 40.1038
116.76 40.1038
116.76 40.1039
116.76 40.1037
116.76 40.1038
116.76 40.1038
116.76 40.1037
116.76 40.1038
116.76 40.1038
116.76 40.1038
116.76 40.1038
116.76 40.1038
116.76 40.1038
116.76 40.1038
116.76 40.1038
116.76 40.1038
116.76 40.1038
116.76 40.1039
116.76 40.1038
116.76 40.1038
116.76 40.1038
116.76 40.1038
116.76 40.1039
116.76 40.1037
116.76 40.1037
116.76 40.1037
116.76 40.1037
116.76 40.1037
116.76 40.1038
116.76 40.1038
116.76 40.1037
116.76 40.1039
116.76 40.1037
116.76 40.1037
116.76 40.1037
116.76 40.1038
116.76 40.1038
116.76 40.1038
116.76 40.1039
116.76 40.1037
116.76 40.1037
116.76 40.1037
116.76 40.1037
116.76 40.1037
116.76 40.1038
116.76 40.1037
116.76 40.1039
116.76 40.1038
116.76 40.1037
116.76 40.1037
116.76 40.1037
116.76 40.1037
116.76 40.1037
116.76 40.1038
116.76 40.1038
116.76 40.1038
116.76 40.1038
116.76 40.1037
116.76 40.1038
116.76 40.1038
116.76 40.1038
116.76 40.1037
116.76 40.1037
116.76 40.1037
116.76 40.1037
116.76 40.1037
116.76 40.1038
116.76 40.1038
116.76 40.1039
116.76 40.1038
116.76 40.1038
116.76 40.1037
116.76 40.1038
116.76 40.1037
116.76 40.1037
116.76 40.1038
116.76 40.1038
116.76 40.1037
116.76 40.1037
116.76 40.1037
116.76 40.1038
116.76 40.1038
116.76 40.1038
116.76 40.1038
116.76 40.1038
116.76 40.1038
116.76 40.1037
116.76 40.1038
116.76 40.1038
116.76 40.1038
116.76 40.1038
116.76 40.1038
116.76 40.1037
116.76 40.1038
116.76 40.1038
116.76 40.1038
116.76 40.1039
116.76 40.1038
116.76 40.1038
116.76 40.1037
116.76 40.1038
116.76 40.1038
116.76 40.1038
116.76 40.1038
116.76 40.1038
116.76 40.1038
116.76 40.1038
116.76 40.1038
116.76 40.1038
116.76 40.1038
116.76 40.1038
116.76 40.1039
116.76 40.1038
116.76 40.1038
116.76 40.1038
116.76 40.1038
116.76 40.1038
116.76 40.1038
116.76 40.1037
116.76 40.1037
116.76 40.1037
116.76 40.1037
116.76 40.1038
116.76 40.1037
116.76 40.1038
116.76 40.1038
116.76 40.1038
116.76 40.1038
116.76 40.1038
116.76 40.1038
116.76 40.1038
116.76 40.1037
116.76 40.1037
116.76 40.1038
116.76 40.1037
116.76 40.1038
116.76 40.1037
116.76 40.1038
116.76 40.1037
116.76 40.1037
116.76 40.1038
116.76 40.1038
116.76 40.1038
116.76 40.1038
116.76 40.1038
116.76 40.1038
116.76 40.1037
116.76 40.1037
116.76 40.1037
116.76 40.1037
116.76 40.1037
116.76 40.1037
116.76 40.1037
116.76 40.1038
116.76 40.1037
116.76 40.1037
116.76 40.1037
116.76 40.1038
116.76 40.1038
116.76 40.1037
116.76 40.1037
116.76 40.1037
116.76 40.1037
116.76 40.1037
116.76 40.1037
116.76 40.1037
116.76 40.1037
116.76 40.1037
116.76 40.1037
116.76 40.1037
116.76 40.1037
116.76 40.1038
116.76 40.1037
116.76 40.1037
116.76 40.1039
116.76 40.1037
116.76 40.1037
116.76 40.1037
116.76 40.1037
116.76 40.1037
116.76 40.1038
116.76 40.1037
116.76 40.1037
116.76 40.1038
116.76 40.1037
116.76 40.1037
116.76 40.1037
116.76 40.1037
116.76 40.1037
116.76 40.1038
116.76 40.1038
116.76 40.1037
116.76 40.1038
116.76 40.1038
116.76 40.1037
116.76 40.1037
116.76 40.1038
116.76 40.1038
116.76 40.1037
116.76 40.1037
116.76 40.1038
116.76 40.1038
116.76 40.1038
116.76 40.1038
116.76 40.1038
116.76 40.1038
116.76 40.1037
116.76 40.1037
116.76 40.1038
116.76 40.1038
116.76 40.1037
116.76 40.1037
116.76 40.1037
116.76 40.1037
116.76 40.1037
116.76 40.1037
116.76 40.1037
116.76 40.1037
116.76 40.1037
116.76 40.1037
116.76 40.1037
116.76 40.1038
116.76 40.1037
116.76 40.1037
116.76 40.1038
116.76 40.1038
116.76 40.1038
116.76 40.1037
116.76 40.1037
116.76 40.1038
116.76 40.1038
116.76 40.1037
116.76 40.1038
116.76 40.1038
116.76 40.1038
116.76 40.1037
116.76 40.1038
116.76 40.1038
116.76 40.1038
116.76 40.1039
116.76 40.1038
116.76 40.1039
116.76 40.1038
116.76 40.1037
116.76 40.1038
116.76 40.1038
116.76 40.1038
116.76 40.1038
116.76 40.1038
116.76 40.1038
116.76 40.1037
116.76 40.1037
116.76 40.1038
116.76 40.1037
116.76 40.1037
116.76 40.1038
116.76 40.1038
116.76 40.1037
116.76 40.1039
116.76 40.1037
116.76 40.1037
116.76 40.1038
116.76 40.1037
116.76 40.1038
116.76 40.1038
116.76 40.1038
116.76 40.1038
116.76 40.1038
116.76 40.1038
116.76 40.1037
116.76 40.1037
116.76 40.1037
116.76 40.1038
116.76 40.1037
116.76 40.1038
116.76 40.1037
116.76 40.1039
116.259 39.9236
116.259 39.9236
116.76 40.1039
116.76 40.1038
116.76 40.1038
116.76 40.1038
116.76 40.1038
116.76 40.1037
116.76 40.1038
116.76 40.1038
116.76 40.1038
116.76 40.1038
116.76 40.1037
116.76 40.1037
116.76 40.1038
116.76 40.1038
116.76 40.1038
116.76 40.1038
116.76 40.1039
116.76 40.1038
116.76 40.1038
116.76 40.1039
116.76 40.1035
116.761 40.1028
116.76 40.101
116.752 40.1
116.74 40.1015
116.717 40.1018
116.695 40.0938
116.697 40.0863
116.699 40.0718
116.7 40.068
116.688 40.0611
116.676 40.0622
116.654 40.0606
116.654 40.0606
116.63 40.0541
116.634 40.0436
116.632 40.0336
116.621 40.0329
116.6 40.0349
116.571 40.0343
116.571 40.0346
116.567 40.0329
116.561 40.0307
116.545 40.0249
116.541 40.0236
116.505 40.0065
116.505 40.0065
116.495 39.9964
116.484 39.987
116.482 39.9795
116.477 39.9829
116.472 39.9866
116.462 39.9945
116.458 39.9985
116.458 39.9988
116.457 39.9978
116.457 39.9982
116.457 39.9982
116.461 40.0126
116.461 40.0126
116.456 40.0139
116.443 40.0169
116.436 40.0285
116.436 40.0301
116.433 40.0337
116.431 40.0322
116.432 40.0321
116.433 40.0324
116.434 40.0326
116.431 40.0331
116.433 40.0309
116.431 40.0311
116.423 40.0313
116.412 40.0314
116.411 40.0241
116.41 40.0139
116.407 40.008
116.407 40.008
116.407 40.008
116.402 40.0054
116.402 40.0046
116.394 40.002
116.395 39.9926
116.395 39.9893
116.387 39.9825
116.388 39.9774
116.381 39.9755
116.375 39.9757
116.375 39.9773
116.375 39.9773
116.369 39.9935
116.364 40.0001
116.36 40.0002
116.347 40.0025
116.346 40.006
116.346 40.0055
116.346 40.0001
116.347 39.9932
116.343 39.992
116.339 39.9919
116.336 39.9934
116.336 39.9934
116.336 39.9934
116.337 39.9925
116.334 39.9921
116.334 39.9917
116.334 39.9916
116.344 39.992
116.345 39.992
116.346 39.9919
116.346 39.9919
116.346 39.9919
116.346 39.9919
116.346 39.9919
116.346 39.9919
116.346 39.9919
116.35 39.9921
116.362 39.9924
116.363 39.9843
116.364 39.9759
116.364 39.9693
116.364 39.9612
116.365 39.9572
116.366 39.948
116.366 39.9475
116.379 39.9442
116.384 39.9414
116.387 39.9395
116.388 39.9474
116.391 39.9474
116.402 39.9467
116.398 39.9395
116.391 39.9394
116.39 39.939
116.39 39.939
116.387 39.9321
116.384 39.9321
116.373 39.9316
116.373 39.9316
116.371 39.9315
116.363 39.9312
116.362 39.9311
116.361 39.9281
116.358 39.9176
116.358 39.9176
116.355 39.9153
116.355 39.9154
116.352 39.9163
116.35 39.9149
116.344 39.9125
116.343 39.9126
116.349 39.9124
116.35 39.9094
116.343 39.8961
116.343 39.8879
116.342 39.8669
116.342 39.8614
116.339 39.8479
116.353 39.8501
116.353 39.8501
116.353 39.8445
116.353 39.8431
116.359 39.8491
116.36 39.8539
116.371 39.8556
116.409 39.8556
116.416 39.856
116.416 39.8635
116.42 39.8658
116.42 39.8664
116.427 39.8671
116.427 39.8671
116.42 39.8691
116.424 39.8627
116.424 39.8627
116.424 39.8676
116.429 39.8694
116.44 39.8705
116.462 39.8741
116.462 39.8777
116.434 39.8831
116.429 39.8799
116.428 39.8798
116.414 39.8844
116.414 39.8844
116.401 39.8868
116.405 39.8869
116.407 39.8869
116.415 39.8829
116.419 39.8769
116.419 39.8793
116.419 39.8794
116.445 39.8048
116.445 39.7982
116.445 39.7959
116.445 39.7843
116.441 39.772
116.441 39.7688
116.445 39.7642
116.446 39.7641
116.445 39.7639
116.444 39.7644
116.444 39.7644
116.444 39.7644
116.443 39.7791
116.446 39.7854
116.445 39.7968
116.445 39.7998
116.444 39.805
116.438 39.8038
116.438 39.8038
116.423 39.8038
116.422 39.8034
116.421 39.8023
116.413 39.8015
116.406 39.8038
116.397 39.8055
116.397 39.8055
116.396 39.8151
116.396 39.8207
116.396 39.8216
116.396 39.8216
116.395 39.8314
116.39 39.8309
116.381 39.8314
116.38 39.8419
116.38 39.8424
116.381 39.8487
116.381 39.8551
116.381 39.8551
116.381 39.8609
116.381 39.8622
116.382 39.8724
116.381 39.8787
116.381 39.8788
116.381 39.8801
116.381 39.8801
116.384 39.8824
116.385 39.8849
116.389 39.8849
116.392 39.885
116.406 39.8868
116.41 39.8869
116.413 39.8867
116.413 39.8903
116.425 39.8923
116.427 39.8927
116.434 39.8871
116.434 39.885
116.442 39.8921
116.449 39.892
116.449 39.8903
116.454 39.8831
116.455 39.8841
116.455 39.8917
116.455 39.8919
116.456 39.9069
116.451 39.9075
116.444 39.9115
116.444 39.9152
116.444 39.916
116.444 39.9324
116.444 39.9393
116.444 39.9399
116.441 39.9496
116.456 39.9633
116.474 39.981
116.477 39.9855
116.478 39.9927
116.48 39.9936
116.48 39.9936
116.478 39.9923
116.477 39.9913
116.472 39.9869
116.472 39.9869
116.465 39.9833
116.463 39.9851
116.467 39.9887
116.464 39.9861
116.46 39.9867
116.461 39.9882
116.461 39.9883
116.461 39.9882
116.461 39.9883
116.461 39.9883
116.461 39.9883
116.461 39.9883
116.461 39.9883
116.461 39.9882
116.461 39.9882
116.463 39.9907
116.467 39.9819
116.47 39.9799
116.47 39.9799
116.465 39.9679
116.457 39.9558
116.447 39.9575
116.432 39.9673
116.431 39.9674
116.409 39.9677
116.404 39.9676
116.396 39.9702
116.396 39.97
116.396 39.9699
116.398 39.9739
116.398 39.9739
116.399 39.974
116.395 39.9675
116.389 39.9674
116.382 39.9709
116.382 39.9709
116.379 39.9713
116.385 39.9716
116.388 39.964
116.389 39.959
116.387 39.9503
116.39 39.9502
116.392 39.9501
116.401 39.95
116.402 39.9475
116.41 39.9477
116.412 39.9499
116.419 39.9556
116.425 39.958
116.425 39.958
116.434 39.9535
116.44 39.9552
116.44 39.9554
116.434 39.9535
116.428 39.9583
116.426 39.9582
116.426 39.9582
116.419 39.9555
116.413 39.9534
116.412 39.9544
116.412 39.9544
116.412 39.9586
116.412 39.9599
116.412 39.9669
116.412 39.967
116.399 39.9675
116.397 39.9675
116.388 39.9749
116.388 39.9806
116.382 39.9812
116.381 39.9812
116.376 39.9811
116.376 39.981
116.376 39.981
116.375 39.981
116.381 39.9862
116.381 39.9815
116.387 39.9754
116.388 39.973
116.388 39.9618
116.389 39.9547
116.389 39.9504
116.372 39.9477
116.366 39.9475
116.366 39.9476
116.366 39.9419
116.366 39.9388
116.367 39.9318
116.367 39.9263
116.367 39.9193
116.367 39.9139
116.367 39.9139
116.357 39.9118
116.357 39.904
116.357 39.9029
116.362 39.9043
116.36 39.9026
116.36 39.9026
116.359 39.9027
116.357 39.8994
116.357 39.8983
116.351 39.9001
116.351 39.9001
116.345 39.8999
116.34 39.8983
116.339 39.8967
116.337 39.8966
116.335 39.8965
116.315 39.8961
116.315 39.8962
116.315 39.8989
116.315 39.9042
116.329 39.9059
116.329 39.9059
116.337 39.9055
116.338 39.9066
116.339 39.9123
116.347 39.9139
116.347 39.9175
116.349 39.9171
116.347 39.922
116.349 39.9222
116.349 39.9222
116.35 39.9459
116.35 39.9476
116.352 39.9519
116.352 39.9563
116.354 39.9566
116.355 39.9515
116.355 39.946
116.352 39.943
116.35 39.9248
116.35 39.9061
116.347 39.897
116.343 39.8823
116.342 39.8657
116.34 39.8507
116.34 39.8503
116.339 39.8315
116.339 39.8285
116.356 39.8297
116.378 39.8302
116.383 39.8303
116.395 39.8294
116.395 39.8272
116.396 39.8168
116.396 39.8163
116.396 39.808
116.396 39.808
116.407 39.8038
116.41 39.8039
116.412 39.8004
116.415 39.8002
116.418 39.7986
116.417 39.8003
116.412 39.801
116.405 39.804
116.4 39.8038
116.396 39.8072
116.396 39.8121
116.396 39.8214
116.395 39.8328
116.395 39.8328
116.395 39.844
116.394 39.8523
116.395 39.8548
116.429 39.8574
116.436 39.8575
116.451 39.8633
116.456 39.8918
116.456 39.8918
116.456 39.8918
116.455 39.8959
116.455 39.897
116.456 39.9057
116.456 39.9062
116.451 39.9074
116.444 39.9074
116.444 39.908
116.45 39.9121
116.464 39.9124
116.472 39.9136
116.479 39.9142
116.483 39.9143
116.49 39.9143
116.496 39.9144
116.498 39.9147
116.501 39.9147
116.495 39.9147
116.49 39.9146
116.484 39.9221
116.484 39.9288
116.483 39.9549
116.476 39.962
116.464 39.9694
116.451 39.9858
116.451 39.9879
116.451 39.9913
116.448 39.9914
116.448 39.991
116.451 39.9936
116.454 39.9957
116.459 40.0001
116.462 39.9935
116.463 39.9919
116.463 39.9919
116.457 39.9851
116.449 39.9799
116.448 39.9806
116.448 39.9806
116.412 39.9875
116.402 39.9932
116.402 39.9932
116.402 39.9932
116.402 39.9932
116.402 39.9973
116.402 40.0039
116.401 40.0042
116.397 40.0038
116.397 40.0038
116.4 40.0039
116.401 40.0011
116.401 39.9993
116.402 39.9972
116.401 39.9917
116.407 39.987
116.407 39.9863
116.406 39.9819
116.411 39.9805
116.409 39.9786
116.409 39.9786
116.409 39.9786
116.411 39.9716
116.412 39.9686
116.482 39.9876
116.489 39.9942
116.491 39.9967
116.5 40.0043
116.51 40.0138
116.512 40.0159
116.517 40.0233
116.518 40.0252
116.527 40.0396
116.528 40.0415
116.534 40.0516
116.534 40.0516
116.55 40.0685
116.551 40.0754
116.553 40.0863
116.554 40.0919
116.559 40.1129
116.564 40.1163
116.576 40.1167
116.606 40.1165
116.613 40.1159
116.613 40.1159
116.613 40.1159
116.613 40.1159
116.615 40.1164
116.623 40.1121
116.623 40.1121
116.631 40.0957
116.643 40.0954
116.651 40.0952
116.677 40.0946
116.681 40.0945
116.695 40.0941
116.725 40.1018
116.728 40.1018
116.744 40.1014
116.758 40.1036
116.758 40.1036
116.76 40.1038
116.76 40.1037
116.76 40.1038
116.76 40.1038
116.76 40.1037
116.76 40.1037
116.76 40.1038
116.76 40.1039
116.76 40.1038
116.76 40.1038
116.76 40.1037
116.76 40.1038
116.76 40.1038
116.76 40.1038
116.76 40.1038
116.76 40.1038
116.76 40.1039
116.76 40.1038
116.76 40.1039
116.76 40.1038
116.76 40.1038
116.76 40.1038
116.76 40.1038
116.76 40.1037
116.76 40.1038
116.76 40.1038
116.76 40.1038
116.76 40.1037
116.76 40.1038
116.76 40.1037
116.76 40.1039
116.76 40.1037
116.76 40.1038
116.76 40.1038
116.76 40.1038
116.76 40.1038
116.76 40.1038
116.76 40.1038
116.76 40.1038
116.76 40.1038
116.76 40.1038
116.76 40.1038
116.76 40.1038
116.76 40.1038
116.76 40.1038
116.76 40.1038
116.76 40.1038
116.76 40.1038
116.76 40.1037
116.76 40.1037
116.76 40.1038
116.76 40.1038
116.76 40.1039
116.76 40.1038
116.76 40.1038
116.76 40.1037
116.76 40.1038
116.76 40.1038
116.76 40.1038
116.76 40.1038
116.76 40.1038
116.76 40.1037
116.76 40.1038
116.76 40.1037
116.76 40.1037
116.76 40.1038
116.76 40.1037
116.76 40.1037
116.76 40.1037
116.76 40.1038
116.76 40.1037
116.76 40.1037
116.76 40.1038
116.76 40.1037
116.76 40.1037
116.76 40.1037
116.76 40.1038
116.76 40.1037
116.76 40.1037
116.76 40.1038
116.76 40.1037
116.76 40.1038
116.76 40.1037
116.76 40.1037
116.76 40.1037
116.76 40.1038
116.76 40.1038
116.76 40.1037
116.76 40.1038
116.76 40.1038
116.76 40.1038
116.76 40.1038
116.76 40.1038
116.76 40.1038
116.76 40.1038
116.76 40.1038
116.76 40.1038
116.76 40.1038
116.76 40.1038
116.76 40.1038
116.76 40.1038
116.76 40.1038
116.76 40.1037
116.76 40.1037
116.76 40.1038
116.76 40.1038
116.76 40.1038
116.76 40.1037
116.76 40.1037
116.76 40.1038
116.76 40.1037
116.76 40.1037
116.76 40.1037
116.76 40.1037
116.76 40.1038
116.76 40.1037
116.76 40.1037
116.76 40.1037
116.76 40.1037
116.76 40.1038
116.76 40.1038
116.76 40.1037
116.76 40.1037
116.76 40.1037
116.76 40.1037
116.76 40.1037
116.76 40.1038
116.76 40.1037
116.76 40.1037
116.76 40.1037
116.76 40.1037
116.76 40.1037
116.76 40.1037
116.76 40.1038
116.76 40.1038
116.76 40.1038
116.76 40.1038
116.76 40.1037
116.76 40.1037
116.76 40.1038
116.76 40.1038
116.76 40.1038
116.76 40.1038
116.76 40.1038
116.76 40.1038
116.76 40.1038
116.76 40.1037
116.76 40.1038
116.76 40.1038
116.76 40.1037
116.76 40.1038
116.76 40.1037
116.76 40.1037
116.76 40.1037
116.76 40.1038
116.76 40.1038
116.76 40.1038
116.76 40.1038
116.76 40.1038
116.76 40.1038
116.76 40.1037
116.76 40.1039
116.76 40.1037
116.76 40.1038
116.76 40.1038
116.76 40.1038
116.76 40.1037
116.76 40.1038
116.76 40.1037
116.76 40.1038
116.76 40.1038
116.76 40.1038
116.76 40.1037
116.76 40.1037
116.76 40.1038
116.76 40.1038
116.76 40.1037
116.76 40.1037
116.76 40.1039
116.76 40.1038
116.76 40.1037
116.76 40.1037
116.76 40.1037
116.76 40.1038
116.76 40.1038
116.76 40.1038
116.76 40.1038
116.76 40.1037
116.76 40.1037
116.76 40.1038
116.76 40.1038
116.76 40.1038
116.76 40.1037
116.76 40.1037
116.76 40.1037
116.76 40.1037
116.76 40.1038
116.76 40.1038
116.76 40.1038
116.76 40.1037
116.76 40.1037
116.76 40.1037
116.76 40.1037
116.76 40.1037
116.76 40.1037
116.76 40.1037
116.76 40.1037
116.76 40.1038
116.76 40.1038
116.76 40.1037
116.76 40.1037
116.76 40.1038
116.76 40.1038
116.76 40.1037
116.76 40.1038
116.76 40.1038
116.76 40.1038
116.76 40.1038
116.76 40.1038
116.76 40.1038
116.76 40.1038
116.76 40.1038
116.76 40.1038
116.76 40.1038
116.76 40.1038
116.76 40.1038
116.76 40.1038
116.76 40.1037
116.76 40.1038
116.76 40.1038
116.76 40.1037
116.76 40.1037
116.76 40.1038
116.76 40.1037
116.76 40.1038
116.76 40.1038
116.76 40.1038
116.76 40.1038
116.76 40.1038
116.76 40.1038
116.76 40.1038
116.76 40.1038
116.76 40.1038
116.76 40.1038
116.76 40.1038
116.76 40.1038
116.76 40.1038
116.76 40.1038
116.76 40.1037
116.76 40.1037
116.76 40.1038
116.76 40.1037
116.76 40.1038
116.76 40.1038
116.76 40.1038
116.76 40.1037
116.76 40.1037
116.76 40.1038
116.76 40.1038
116.76 40.1039
116.76 40.1038
116.76 40.1038
116.76 40.1037
116.76 40.1038
116.76 40.1038
116.76 40.1039
116.76 40.1038
116.76 40.1038
116.76 40.1038
116.76 40.1038
116.76 40.1038
116.76 40.1038
116.76 40.1038
116.76 40.1038
116.76 40.1037
116.76 40.1038
116.76 40.1038
116.76 40.1039
116.76 40.1038
116.76 40.1038
116.76 40.1038
116.76 40.1037
116.76 40.1038
116.76 40.1038
116.76 40.1038
116.76 40.1038
116.76 40.1038
116.76 40.1038
116.76 40.1037
116.76 40.1038
116.76 40.1038
116.76 40.1037
116.76 40.1037
116.76 40.1037
116.76 40.1037
116.76 40.1039
116.76 40.1039
116.76 40.1038
116.76 40.1039
116.76 40.1038
116.76 40.1038
116.76 40.1038
116.76 40.1037
116.76 40.1037
116.76 40.1038
116.76 40.1037
116.76 40.1037
116.76 40.1037
116.76 40.1037
116.76 40.1038
116.76 40.1037
116.76 40.1037
116.76 40.1037
116.76 40.1037
116.76 40.1038
116.76 40.1037
116.76 40.1037
116.76 40.1037
116.76 40.1036
116.76 40.1036
116.76 40.1036
116.76 40.1037
116.76 40.1037
116.76 40.1037
116.76 40.1038
116.76 40.1038
116.76 40.1038
116.76 40.1038
116.76 40.1038
116.76 40.1037
116.76 40.1037
116.76 40.1038
116.76 40.1037
116.76 40.1038
116.76 40.1038
116.76 40.1038
116.76 40.1038
116.76 40.1037
116.76 40.1038
116.76 40.1038
116.76 40.1037
116.76 40.1038
116.76 40.1037
116.76 40.1038
116.76 40.1038
116.76 40.1037
116.76 40.1037
116.76 40.1038
116.76 40.1037
116.76 40.1038
116.76 40.1037
116.76 40.1037
116.76 40.1037
116.76 40.1037
116.76 40.1037
116.76 40.1038
116.76 40.1038
116.76 40.1038
116.76 40.1038
116.76 40.1037
116.76 40.1037
116.76 40.1038
116.76 40.1038
116.76 40.1038
116.76 40.1038
116.76 40.1038
116.76 40.1037
116.76 40.1038
116.76 40.1037
116.76 40.1037
116.76 40.1037
116.76 40.1037
116.76 40.1037
116.76 40.1038
116.76 40.1037
116.76 40.1038
116.76 40.1037
116.76 40.1037
116.76 40.1037
116.76 40.1037
116.76 40.1037
116.76 40.1037
116.76 40.1038
116.76 40.1038
116.76 40.1038
116.76 40.1039
116.76 40.1039
116.76 40.1035
116.76 40.1035
116.76 40.1035
116.761 40.1034
116.759 40.1031
116.759 40.1031
116.759 40.1027
116.759 40.0991
116.75 40.1006
116.732 40.1017
116.72 40.1018
116.712 40.1009
116.706 40.0975
116.706 40.0974
116.697 40.094
116.681 40.0946
116.679 40.0947
116.669 40.0949
116.667 40.0949
116.655 40.0978
116.654 40.1046
116.653 40.1108
116.653 40.1108
116.645 40.1159
116.645 40.1179
116.645 40.1248
116.645 40.128
116.637 40.1289
116.636 40.1289
116.628 40.1281
116.612 40.1166
116.605 40.1167
116.605 40.1167
116.585 40.117
116.583 40.1171
116.572 40.1167
116.557 40.1096
116.557 40.1096
116.552 40.0836
116.551 40.0727
116.549 40.0655
116.525 40.0558
116.526 40.0555
116.526 40.0556
116.515 40.0484
116.515 40.0466
116.509 40.0409
116.505 40.0254
116.505 40.025
116.5 40.0222
116.499 40.0222
116.489 40.0143
116.489 40.0143
116.49 40.0104
116.49 40.0104
116.49 40.0104
116.49 40.0104
116.49 40.0104
116.49 40.0105
116.49 40.0105
116.49 40.0104
116.49 40.0105
116.49 40.0105
116.49 40.0105
116.49 40.0105
116.49 40.0104
116.489 40.0086
116.486 40.0083
116.479 40.0077
116.476 40.0093
116.463 40.0101
116.464 40.0082
116.467 40.0069
116.467 40.0064
116.467 40.0067
116.467 40.0067
116.467 40.0068
116.467 40.0068
116.467 40.0068
116.467 40.0068
116.467 40.0068
116.467 40.0067
116.467 40.0066
116.467 40.0066
116.467 40.0066
116.467 40.0065
116.467 40.0065
116.467 40.0065
116.467 40.0065
116.467 40.0052
116.467 40.0008
116.467 39.9997
116.47 39.9956
116.47 39.9956
116.482 39.9879
116.482 39.988
116.481 39.988
116.484 39.9891
116.474 39.9795
116.447 39.9558
116.447 39.9551
116.429 39.9482
116.416 39.9482
116.41 39.949
116.412 39.9498
116.413 39.9517
116.413 39.9523
116.412 39.9556
116.412 39.9577
116.412 39.9603
116.419 39.9665
116.419 39.9673
116.419 39.968
116.419 39.968
116.418 39.9806
116.418 39.9811
116.415 39.9862
116.418 39.9873
116.418 39.982
116.418 39.982
116.411 39.9819
116.412 39.9679
116.402 39.971
116.401 39.9782
116.406 39.987
116.411 39.985
116.413 39.982
116.418 39.9813
116.418 39.9749
116.419 39.9701
116.419 39.9688
116.419 39.9672
116.42 39.9637
116.421 39.9639
116.422 39.9644
116.422 39.9642
116.422 39.9638
116.422 39.9639
116.419 39.9644
116.419 39.9644
116.43 39.9657
116.43 39.9623
116.433 39.9586
116.434 39.9569
116.434 39.9562
116.434 39.957
116.437 39.9555
116.434 39.955
116.436 39.9537
116.443 39.9583
116.449 39.9558
116.456 39.9393
116.455 39.9223
116.455 39.9223
116.465 39.9069
116.472 39.9074
116.472 39.9074
116.472 39.9192
116.472 39.9212
116.482 39.9217
116.497 39.9232
116.498 39.9234
116.5 39.924
116.494 39.9218
116.493 39.9219
116.479 39.9218
116.479 39.9218
116.483 39.9088
116.469 39.9039
116.468 39.9038
116.445 39.9025
116.442 39.9025
116.438 39.892
116.439 39.8824
116.438 39.8725
116.434 39.8693
116.413 39.8698
116.393 39.8704
116.385 39.8709
116.382 39.8714
116.376 39.8775
116.374 39.8783
116.372 39.8774
116.372 39.8774
116.371 39.8775
116.368 39.8707
116.368 39.869
116.374 39.8692
116.408 39.8708
116.417 39.8699
116.433 39.8692
116.44 39.8755
116.439 39.8848
116.438 39.895
116.432 39.8984
116.429 39.9173
116.428 39.928
116.428 39.9313
116.404 39.948
116.403 39.948
116.402 39.9496
116.402 39.9512
116.402 39.9512
116.402 39.9571
116.401 39.9635
116.401 39.9666
116.401 39.9666
116.401 39.9746
116.401 39.9746
116.401 39.992
116.403 39.9974
116.403 39.9973
116.402 39.9975
116.402 39.9937
116.383 39.9866
116.383 39.9866
116.382 39.9866
116.382 39.9866
116.357 39.986
116.348 39.9857
116.347 39.9674
116.347 39.9595
116.35 39.9493
116.35 39.9264
116.348 39.9224
116.347 39.9276
116.348 39.931
116.35 39.9338
116.35 39.9427
116.35 39.9462
116.348 39.9744
116.348 39.975
116.351 39.9855
116.382 39.9863
116.392 39.9866
116.406 39.9871
116.432 39.9874
116.44 39.9917
116.451 40.0063
116.465 40.0102
116.472 40.0107
116.473 39.9977
116.477 39.9953
116.477 39.9953
116.477 39.9952
116.477 39.9953
116.477 39.9953
116.477 39.9953
116.477 39.9953
116.477 39.9953
116.477 39.9953
116.477 39.9953
116.477 39.9952
116.477 39.9953
116.477 39.9953
116.477 39.9953
116.477 39.9952
116.477 39.9953
116.477 39.9952
116.477 39.9952
116.477 39.9953
116.477 39.9946
116.477 39.9947
116.473 40.0005
116.472 40.0065
116.477 40.0085
116.477 40.0085
116.477 40.0085
116.477 40.0086
116.477 40.0086
116.477 40.0085
116.477 40.0085
116.477 40.0085
116.477 40.0085
116.477 40.0085
116.477 40.0085
116.477 40.0085
116.477 40.0085
116.477 40.0085
116.477 40.0085
116.477 40.0085
116.477 40.0085
116.477 40.0085
116.477 40.0085
116.477 40.0085
116.477 40.0085
116.477 40.0085
116.477 40.0085
116.477 40.0085
116.477 40.0085
116.477 40.0085
116.477 40.0085
116.477 40.0085
116.477 40.0085
116.477 40.0085
116.477 40.0085
116.477 40.0085
116.477 40.0085
116.477 40.0085
116.477 40.0085
116.477 40.0086
116.477 40.0086
116.477 40.0086
116.477 40.0085
116.477 40.0085
116.476 40.0095
116.472 40.0103
116.467 40.0087
116.472 40.0052
116.468 40.0004
116.468 40.0004
116.465 40.0037
116.467 40.0007
116.476 39.9913
116.481 39.9882
116.481 39.9881
116.484 39.9754
116.479 39.9746
116.479 39.9746
116.471 39.9794
116.471 39.9865
116.471 39.9865
116.462 39.9936
116.472 40.0006
116.472 40.0007
116.472 40.007
116.472 40.007
116.475 40.0083
116.473 40.0074
116.472 40.0053
116.471 40.0007
116.467 40.0039
116.466 40.0101
116.467 40.01
116.467 40.0046
116.467 40.0058
116.467 40.0057
116.467 40.0059
116.467 40.004
116.455 39.9996
116.451 39.9984
116.442 39.9937
116.442 39.9936
116.441 39.9922
116.444 39.9896
116.446 39.988
116.449 39.98
116.449 39.98
116.453 39.9767
116.468 39.9665
116.468 39.9665
116.474 39.971
116.478 39.9747
116.478 39.9753
116.471 39.9796
