116.358 39.9861
116.34 39.975
116.332 39.9742
116.33 39.9664
116.303 39.9554
116.304 39.9326
116.304 39.9167
116.304 39.9021
116.304 39.8855
116.303 39.8772
116.305 39.8725
116.281 39.8645
116.277 39.8571
116.277 39.8571
116.273 39.8741
116.268 39.902
116.269 39.918
116.292 39.9227
116.304 39.9271
116.312 39.9644
116.316 39.9629
116.318 39.9453
116.327 39.9216
116.341 39.9058
116.367 39.9057
116.357 39.9054
116.351 39.9174
116.341 39.9171
116.339 39.921
116.338 39.9293
116.338 39.9293
116.343 39.9481
116.339 39.9475
116.329 39.9604
116.328 39.9727
116.328 39.9735
116.328 39.975
116.319 39.9811
116.327 39.9774
116.328 39.9669
116.328 39.9669
116.331 39.966
116.331 39.966
116.331 39.966
116.341 39.966
116.34 39.9625
116.34 39.9601
116.342 39.9573
116.33 39.9512
116.343 39.931
116.347 39.9233
116.347 39.9189
116.337 39.9115
116.337 39.9124
116.345 39.9126
116.347 39.9153
116.347 39.919
116.347 39.9291
116.35 39.936
116.351 39.9662
116.386 39.9669
116.393 39.967
116.395 39.9671
116.43 39.9647
116.428 39.9536
116.433 39.9536
116.439 39.963
116.418 39.9682
116.418 39.9682
116.414 39.968
116.404 39.9678
116.391 39.9675
116.391 39.9675
116.374 39.9623
116.371 39.9499
116.371 39.9498
116.374 39.9313
116.371 39.9264
116.371 39.9217
116.375 39.913
116.376 39.9115
116.376 39.9093
116.385 39.9042
116.385 39.9005
116.38 39.8989
116.358 39.8982
116.324 39.896
116.305 39.904
116.304 39.9082
116.305 39.9244
116.296 39.9228
116.304 39.9354
116.304 39.9371
116.332 39.9369
116.357 39.9392
116.358 39.9388
116.358 39.9388
116.344 39.9428
116.33 39.9661
116.331 39.9661
116.343 39.9661
116.364 39.9594
116.341 39.9569
116.329 39.9571
116.328 39.9658
116.303 39.9548
116.303 39.9533
116.303 39.9504
116.304 39.9225
116.304 39.9099
116.3 39.9063
116.293 39.9063
116.275 39.9062
116.267 39.8974
116.255 39.8884
116.259 39.8985
116.257 39.906
116.274 39.9062
116.288 39.9062
116.304 39.902
116.329 39.8959
116.343 39.8687
116.354 39.8625
116.354 39.8629
116.354 39.8629
116.343 39.8684
116.35 39.9306
116.351 39.9126
116.357 39.906
116.342 39.8911
116.342 39.8807
116.343 39.8766
116.35 39.94
116.372 39.9474
116.402 39.9425
116.406 39.9395
116.402 39.9573
116.401 39.9701
116.365 39.9667
116.363 39.9667
116.363 39.9668
116.363 39.9668
116.363 39.9668
116.344 39.9665
116.329 39.9622
116.329 39.9625
116.328 39.9661
116.303 39.8884
116.299 39.8886
116.299 39.8886
116.306 39.8957
116.304 39.9128
116.304 39.9128
116.304 39.9128
116.304 39.9128
116.304 39.9128
116.304 39.9128
116.304 39.9128
116.304 39.9128
116.305 39.9233
116.304 39.9293
116.304 39.9293
116.304 39.9293
116.304 39.9293
116.304 39.9293
116.304 39.9332
116.304 39.948
116.311 39.9643
116.389 39.9504
116.427 39.9454
116.437 39.9278
116.449 39.9303
116.456 39.9477
116.435 39.9656
116.409 39.9679
116.364 39.9668
116.347 39.9571
116.329 39.9605
116.329 39.9621
116.329 39.9621
116.328 39.9622
116.328 39.9622
116.329 39.9621
116.328 39.9621
116.346 39.9663
116.389 39.9606
116.427 39.9436
116.422 39.9037
116.421 39.9039
116.394 39.8989
116.36 39.8982
116.351 39.9123
116.349 39.9561
116.349 39.9561
116.329 39.9563
116.303 39.9526
116.304 39.9188
116.3 39.9063
116.291 39.9199
116.304 39.9301
116.304 39.8884
116.277 39.8655
116.303 39.8291
116.278 39.8454
116.278 39.8507
116.277 39.8601
116.273 39.873
116.268 39.8875
116.268 39.8929
116.268 39.8929
116.268 39.8929
116.268 39.8929
116.269 39.9155
116.278 39.923
116.31 39.9225
116.324 39.9219
116.338 39.9218
116.35 39.9118
116.343 39.8763
116.353 39.8774
116.348 39.8882
116.346 39.8964
116.346 39.9029
116.346 39.9049
116.351 39.9167
116.349 39.9388
116.348 39.9818
116.39 39.9866
116.395 39.9876
116.399 39.9935
116.399 39.9935
116.406 39.9846
116.402 39.9577
116.403 39.9577
116.401 39.9666
116.401 39.9848
116.422 39.9874
116.423 39.9875
116.484 39.9849
116.49 39.9935
116.501 40.0031
116.522 40.0169
116.522 40.0212
116.522 40.0212
116.519 40.0238
116.521 40.0334
116.521 40.0336
116.521 40.0336
116.521 40.0336
116.521 40.0336
116.521 40.0335
116.521 40.0335
116.521 40.0335
116.521 40.0336
116.521 40.0336
116.521 40.0336
116.521 40.0336
116.505 40.0276
116.504 40.011
116.486 40.0058
116.411 40.0209
116.376 40.0086
116.38 40.0083
116.382 39.981
116.375 39.9752
116.365 39.9547
116.355 39.9441
116.333 39.937
116.403 39.9521
116.408 39.9676
116.444 39.959
116.456 39.9498
116.455 39.9297
116.456 39.9126
116.466 39.9078
116.464 39.9094
116.471 39.911
116.471 39.911
116.471 39.9105
116.47 39.9101
116.47 39.91
116.47 39.91
116.471 39.9101
116.472 39.9074
116.456 39.9108
116.456 39.9108
116.456 39.9288
116.452 39.9321
116.455 39.9158
116.45 39.8939
116.456 39.8972
116.458 39.8994
116.458 39.8993
116.458 39.8993
116.456 39.8994
116.458 39.9122
116.47 39.9103
116.47 39.9103
116.47 39.9103
116.47 39.9103
116.471 39.9103
116.478 39.9069
116.484 39.9105
116.484 39.949
116.484 39.9882
116.544 40.0259
116.584 40.0542
116.584 40.0796
116.582 40.0661
116.563 40.0677
116.566 40.0711
116.566 40.0711
116.566 40.0711
116.566 40.0711
116.566 40.0711
116.566 40.0711
116.566 40.0712
116.566 40.0711
116.566 40.0712
116.566 40.0711
116.566 40.0711
116.566 40.0711
116.566 40.0712
116.566 40.0711
116.566 40.0711
116.566 40.0712
116.566 40.0712
116.566 40.0712
116.566 40.0712
116.552 40.0712
116.566 40.0712
116.566 40.0711
116.566 40.0711
116.562 40.0697
116.563 40.0652
116.563 40.0651
116.563 40.0651
116.563 40.0651
116.563 40.0651
116.563 40.0651
116.574 40.063
116.574 40.063
116.576 40.0628
116.576 40.0628
116.577 40.0628
116.577 40.0628
116.582 40.0623
116.582 40.0665
116.582 40.0695
116.58 40.0744
116.588 40.0775
116.583 40.0762
116.583 40.0756
116.585 40.0796
116.506 40.0086
116.457 39.9746
116.4 39.9871
116.343 39.9855
116.314 39.9846
116.312 40.0134
116.306 40.0326
116.316 40.0437
116.317 40.0349
116.307 40.0283
116.313 40.0084
116.317 40.01
116.313 40.0066
116.31 39.9883
116.311 39.9835
116.309 39.9982
116.313 40.0044
116.316 40.0046
116.316 40.0046
116.326 40.0114
116.335 39.9886
116.338 39.9847
116.338 39.9848
116.338 39.9848
116.338 39.9848
116.347 39.9688
116.347 39.9305
116.324 39.922
116.328 39.9187
116.347 39.9125
116.347 39.9103
116.347 39.9103
116.347 39.9103
116.347 39.9103
116.347 39.9103
116.347 39.9103
116.346 39.9104
116.347 39.9103
116.347 39.9107
116.347 39.9107
116.347 39.9106
116.347 39.9107
116.347 39.9107
116.347 39.9107
116.347 39.9108
116.347 39.9108
116.347 39.9108
116.347 39.9108
116.347 39.9108
116.347 39.9107
116.347 39.9108
116.347 39.9107
116.347 39.9108
116.347 39.9108
116.347 39.9108
116.347 39.9108
116.347 39.9108
116.347 39.9108
116.347 39.9108
116.347 39.9108
116.347 39.9108
116.347 39.9109
116.353 39.9127
116.367 39.9132
116.381 39.9059
116.398 39.8992
116.412 39.9136
116.411 39.9323
116.402 39.9527
116.373 39.9668
116.29 39.9239
116.289 39.9062
116.309 39.8956
116.309 39.8956
116.314 39.8949
116.314 39.8949
116.314 39.8949
116.314 39.8949
116.314 39.8949
116.314 39.8949
116.314 39.8949
116.314 39.8949
116.314 39.8949
116.314 39.8949
116.314 39.8949
116.314 39.8949
116.314 39.8949
116.314 39.8949
116.314 39.8949
116.314 39.8949
116.314 39.8949
116.314 39.8949
116.314 39.8949
116.314 39.8949
116.314 39.8949
116.314 39.8949
116.314 39.8949
116.314 39.8949
116.314 39.8949
116.314 39.8949
116.314 39.8949
116.322 39.8956
116.364 39.8983
116.381 39.9059
116.415 39.9069
116.455 39.9068
116.456 39.9175
116.445 39.9586
116.436 39.9869
116.415 39.9903
116.414 39.9877
116.398 39.9887
116.398 39.9887
116.398 39.9887
116.398 39.9887
116.398 39.9887
116.401 39.987
116.403 39.9673
116.425 39.9652
116.419 39.9583
116.419 39.9493
116.428 39.9315
116.435 39.9225
116.441 39.9218
116.46 39.9279
116.473 39.9323
116.484 39.9471
116.484 39.9505
116.484 39.9505
116.465 39.9694
116.48 39.986
116.481 39.9865
116.493 39.9986
116.523 40.033
116.52 40.0337
116.52 40.0337
116.52 40.0336
116.52 40.0336
116.52 40.0336
116.521 40.0336
116.521 40.0336
116.521 40.0335
116.521 40.0336
116.521 40.0336
116.521 40.0336
116.521 40.0336
116.521 40.0336
116.521 40.0336
116.521 40.0336
116.521 40.0336
116.521 40.0336
116.521 40.0336
116.521 40.0335
116.504 40.031
116.485 40.021
116.469 40.0234
116.467 40.023
116.464 40.0194
116.448 40.016
116.448 39.9795
116.441 39.9665
116.43 39.9681
116.43 39.9681
116.413 39.968
116.395 39.9676
116.395 39.9676
116.388 39.9686
116.379 39.9755
116.373 39.9755
116.364 39.967
116.338 39.9666
116.338 39.9666
116.329 39.9664
116.321 39.9662
116.312 39.9648
116.291 39.9457
116.27 39.9455
116.269 39.9222
116.249 39.9062
116.242 39.9141
116.247 39.9194
116.259 39.9278
116.269 39.9353
116.269 39.9407
116.271 39.9528
116.269 39.9609
116.242 39.972
116.198 39.993
116.2 39.9921
116.201 39.9768
116.224 39.9719
116.224 39.9719
116.245 39.946
116.268 39.9361
116.268 39.9352
116.267 39.9064
116.263 39.9062
116.304 39.9263
116.304 39.9484
116.315 39.9556
116.33 39.9661
116.34 39.9624
116.34 39.9604
116.349 39.9657
116.342 39.9735
116.347 39.975
116.338 39.9666
116.338 39.9666
116.338 39.9665
116.338 39.9666
116.338 39.9666
116.327 39.9664
116.301 39.9652
116.277 40.0196
116.289 39.9961
116.313 39.9646
116.316 39.9656
116.316 39.9656
116.33 39.966
116.347 39.9663
116.385 39.9669
116.43 39.9677
116.435 39.9654
116.413 39.9734
116.418 39.9722
116.418 39.9855
116.418 39.9895
116.416 39.9976
116.401 39.9762
116.405 39.967
116.412 39.9652
116.412 39.9537
116.42 39.9482
116.427 39.9413
116.428 39.9333
116.428 39.9279
116.429 39.9147
116.43 39.8991
116.438 39.8739
116.433 39.8663
116.424 39.8645
116.422 39.8588
116.422 39.8588
116.418 39.8571
116.418 39.8571
116.409 39.8559
116.425 39.857
116.438 39.8573
116.455 39.8668
116.455 39.8814
116.455 39.8876
116.456 39.8961
116.456 39.9099
116.456 39.9222
116.456 39.9393
116.453 39.9534
116.43 39.9682
116.412 39.968
116.395 39.9676
116.393 39.9675
116.364 39.9673
116.366 39.9478
116.365 39.9517
116.342 39.9569
116.329 39.9603
116.329 39.9624
116.329 39.9624
116.329 39.9626
116.329 39.9626
116.328 39.9609
116.328 39.9609
116.329 39.9623
116.318 39.9455
116.326 39.9368
116.344 39.9428
116.333 39.9634
116.333 39.9462
116.339 39.958
116.428 39.916
116.421 39.9046
116.413 39.8999
116.394 39.8989
116.369 39.8985
116.35 39.9063
116.35 39.9278
116.349 39.9564
116.329 39.957
116.329 39.957
116.329 39.957
116.329 39.9571
116.329 39.9571
116.329 39.957
116.329 39.957
116.329 39.957
116.329 39.957
116.329 39.9618
116.329 39.9625
116.329 39.9627
116.401 39.9606
116.401 39.9768
116.381 39.9904
116.374 39.9981
116.374 39.9962
116.347 39.973
116.332 39.9665
116.329 39.9623
116.329 39.9625
116.304 39.9617
116.289 39.9464
116.264 39.9555
116.269 39.949
116.284 39.9461
116.314 39.8955
116.314 39.895
116.314 39.895
116.314 39.895
116.314 39.895
116.314 39.895
116.314 39.895
116.314 39.895
116.314 39.895
116.314 39.895
116.314 39.895
116.314 39.895
116.314 39.895
116.314 39.895
116.314 39.895
116.314 39.895
116.314 39.895
116.314 39.895
116.314 39.895
116.314 39.895
116.314 39.895
116.314 39.895
116.314 39.895
116.314 39.895
116.314 39.895
116.314 39.895
116.314 39.895
116.314 39.895
116.314 39.895
116.314 39.895
116.314 39.895
116.314 39.895
116.314 39.895
116.314 39.895
116.314 39.895
116.314 39.895
116.314 39.895
116.314 39.895
116.314 39.895
116.314 39.895
116.314 39.895
116.314 39.895
116.314 39.895
116.314 39.895
116.304 39.9117
116.308 39.963
116.395 39.9673
116.395 39.9673
116.434 39.9653
116.438 39.9636
116.433 39.9668
116.412 39.968
116.381 39.9671
116.328 39.9663
116.304 39.9304
116.306 39.8957
116.315 39.895
116.315 39.8959
116.305 39.9043
116.322 39.9002
116.316 39.896
116.305 39.9084
116.304 39.9249
116.304 39.9471
116.316 39.9555
116.329 39.9608
116.317 39.966
116.303 39.9499
116.304 39.9063
116.305 39.8676
116.308 39.8675
116.305 39.8894
116.305 39.9082
116.304 39.9261
116.304 39.9454
116.312 39.9645
116.328 39.9637
116.357 39.9662
116.364 39.9805
116.372 39.9809
116.363 39.9794
116.352 39.9666
116.33 39.9683
116.33 39.966
116.33 39.966
116.348 39.9662
116.353 39.9803
116.364 39.9741
116.4 39.9674
116.426 39.968
116.44 39.9616
116.456 39.955
116.472 39.9695
116.491 39.9887
116.491 39.9887
116.495 39.9972
116.521 40.0164
116.522 40.031
116.521 40.0336
116.521 40.0336
116.521 40.0336
116.504 40.0322
116.514 40.0167
116.572 40.0422
116.562 40.0435
116.555 40.0557
116.312 39.9648
116.297 39.959
116.285 39.9605
116.282 39.958
116.308 39.9633
116.366 39.9666
116.366 39.9666
116.433 39.9662
116.445 39.9656
116.439 39.9603
116.436 39.9584
116.436 39.9584
116.413 39.958
116.402 39.9564
116.399 39.9479
116.395 39.9478
116.368 39.9476
116.352 39.9434
116.345 39.9567
116.334 39.9566
116.303 39.9558
116.294 39.9582
116.282 39.9577
116.28 39.9585
116.282 39.9567
116.269 39.9538
116.273 39.9527
116.284 39.9561
116.299 39.9595
116.302 39.9608
116.387 39.9669
116.393 39.967
116.393 39.9669
116.393 39.967
116.401 39.9672
116.412 39.9642
116.419 39.9558
116.419 39.9486
116.428 39.9242
116.433 39.9229
116.433 39.9229
116.434 39.928
116.442 39.9323
116.443 39.9323
116.451 39.9549
116.449 39.9659
116.453 39.9631
116.467 39.9742
116.484 39.9893
116.507 40.011
116.508 40.0113
116.517 40.023
116.54 40.0563
116.563 40.0701
116.566 40.0716
116.566 40.0716
116.566 40.0716
116.566 40.0716
116.566 40.0716
116.566 40.0717
116.566 40.0716
116.566 40.0717
116.566 40.0716
116.559 40.0703
116.547 40.0621
116.523 40.0334
116.501 40.0058
116.474 39.9813
116.449 39.9585
116.449 39.9585
116.434 39.9532
116.421 39.9581
116.402 39.9436
116.405 39.9238
116.412 39.9102
116.409 39.9069
116.405 39.9072
116.405 39.9071
116.408 39.9093
116.411 39.9207
116.411 39.9294
116.411 39.9294
116.411 39.9293
116.419 39.9322
116.428 39.948
116.468 39.9748
116.496 40.0009
116.506 40.0104
116.506 40.0106
116.505 40.0105
116.505 40.0106
116.505 40.0106
116.505 40.0105
116.505 40.0105
116.505 40.0105
116.505 40.0105
116.505 40.0105
116.505 40.0105
116.505 40.0105
116.505 40.0104
116.505 40.0105
116.505 40.0105
116.505 40.0105
116.505 40.0104
116.505 40.0105
116.505 40.0104
116.505 40.0104
116.505 40.0104
116.505 40.0104
116.505 40.0104
116.505 40.0105
116.505 40.0104
116.505 40.0104
116.505 40.0104
116.505 40.0104
116.505 40.0104
116.505 40.0104
116.505 40.0104
116.505 40.0104
116.505 40.0104
116.505 40.0104
116.505 40.0104
116.505 40.0104
116.505 40.0104
116.505 40.0105
116.505 40.0105
116.505 40.0105
116.505 40.0104
116.505 40.0105
116.505 40.0105
116.505 40.0104
116.505 40.0105
116.505 40.0105
116.505 40.0105
116.505 40.0105
116.505 40.0105
116.505 40.0105
116.505 40.0105
116.505 40.0105
116.505 40.0105
116.505 40.0105
116.505 40.0105
116.505 40.0105
116.505 40.0105
116.505 40.0105
116.505 40.0105
116.505 40.0105
116.505 40.0105
116.505 40.0104
116.505 40.0105
116.505 40.0105
116.505 40.0105
116.505 40.0105
116.505 40.0105
116.505 40.0104
116.505 40.0105
116.505 40.0105
116.505 40.0105
116.505 40.0105
116.505 40.0105
116.505 40.0105
116.505 40.0105
116.505 40.0104
116.505 40.0104
116.505 40.0104
116.505 40.0104
116.505 40.0104
116.505 40.0104
116.505 40.0104
116.505 40.0104
116.505 40.0105
116.505 40.0104
116.505 40.0105
116.505 40.0104
116.505 40.0105
116.505 40.0105
116.505 40.0104
116.505 40.0104
116.505 40.0104
116.505 40.0104
116.505 40.0105
116.505 40.0105
116.505 40.0106
116.505 40.0105
116.505 40.0105
116.505 40.0106
116.505 40.0105
116.505 40.0105
116.505 40.0105
116.505 40.0105
116.505 40.0105
116.505 40.0105
116.505 40.0105
116.505 40.0105
116.505 40.0105
116.505 40.0104
116.505 40.0105
116.505 40.0105
116.505 40.0104
116.505 40.0105
116.505 40.0104
116.505 40.0105
116.505 40.0105
116.505 40.0105
116.505 40.0105
116.505 40.0105
116.505 40.0104
116.505 40.0105
116.505 40.0105
116.505 40.0105
116.505 40.0104
116.505 40.0105
116.505 40.0105
116.505 40.0105
116.505 40.0105
116.505 40.0105
116.505 40.0106
116.505 40.0105
116.505 40.0105
116.505 40.0104
116.505 40.0106
116.505 40.0105
116.505 40.0105
116.505 40.0107
116.505 40.0106
116.505 40.0105
116.505 40.0105
116.505 40.0106
116.505 40.0106
116.381 39.8423
116.505 40.0105
116.505 40.0105
116.505 40.0105
116.505 40.0105
116.505 40.0105
116.505 40.0105
116.505 40.0104
116.505 40.0104
116.505 40.0105
116.505 40.0105
116.505 40.0105
116.505 40.0105
116.505 40.0104
116.505 40.0105
116.505 40.0105
116.506 40.0106
116.498 40.0031
116.481 39.9868
116.459 39.9729
116.428 39.9881
116.396 39.9871
116.382 39.9811
116.369 39.9864
116.347 39.9878
116.346 40.0059
116.35 40.0214
116.336 40.0371
116.336 40.0582
116.363 40.0598
116.364 40.0599
116.337 40.0583
116.323 40.0528
116.338 40.0338
116.346 40.0145
116.346 40.0145
116.346 39.9959
116.347 39.9738
116.338 39.9666
116.338 39.9666
116.338 39.9666
116.338 39.9666
116.338 39.9666
116.338 39.9665
116.338 39.9665
116.338 39.9666
116.338 39.9665
116.338 39.9666
116.338 39.9666
116.338 39.9666
116.304 39.962
116.317 39.9555
116.302 39.9608
116.302 39.9611
116.316 39.9656
116.364 39.966
116.364 39.9669
116.355 39.9567
116.339 39.9373
116.287 39.9466
116.269 39.9289
116.263 39.9177
116.263 39.9177
116.268 39.9166
116.277 39.9313
116.304 39.9371
116.318 39.9511
116.341 39.9661
116.358 39.9752
116.359 39.9841
116.359 39.9736
116.359 39.9666
116.357 39.9666
116.335 39.9665
116.341 39.966
116.337 39.9567
116.333 39.9661
116.386 39.9668
116.373 39.9531
116.38 39.9671
116.364 39.9718
116.363 39.9754
116.363 39.9753
116.374 39.9827
116.352 39.9859
116.339 39.9751
116.312 39.9748
116.299 39.9834
116.282 39.9817
116.282 39.9817
116.293 39.982
116.303 39.9744
116.316 39.9658
116.319 39.9405
116.319 39.9286
116.324 39.9248
116.309 39.9269
116.315 39.9311
116.327 39.9268
116.347 39.9231
116.343 39.9268
116.348 39.9388
116.388 39.9454
116.388 39.9393
116.367 39.9668
116.341 39.9665
116.328 39.9652
116.324 39.9568
116.328 39.9631
116.385 39.9669
116.395 39.9739
116.381 39.9672
116.365 39.9519
116.366 39.945
116.346 39.9399
116.346 39.9567
116.358 39.9667
116.348 39.9745
116.341 39.9751
116.318 39.9749
116.311 39.9796
116.336 39.9751
116.347 39.9678
116.388 39.9622
116.386 39.9556
116.38 39.9524
116.374 39.9614
116.359 39.9701
116.334 39.9661
116.379 39.9656
116.388 39.9621
116.392 39.9866
116.402 39.9993
116.404 40.0313
116.406 40.0503
116.406 40.0666
116.363 40.063
116.354 40.0611
116.323 40.0538
116.31 40.0364
116.284 40.0327
116.268 40.0291
116.27 40.0273
116.286 39.9981
116.302 39.9622
116.302 39.9622
116.345 39.9663
116.373 39.9502
116.421 39.9482
116.429 39.9228
116.434 39.9229
116.422 39.9483
116.357 39.9445
116.339 39.8737
116.342 39.8762
116.343 39.8941
116.368 39.9564
116.374 39.9669
116.348 39.9665
116.323 39.9311
116.322 39.9309
116.322 39.9309
116.341 39.9374
116.334 39.9472
116.339 39.9994
116.339 39.9994
116.347 39.9863
116.347 39.9863
116.363 39.9665
116.383 39.9475
116.411 39.9419
116.412 39.9543
116.408 39.9616
116.402 39.9537
116.354 39.9437
116.308 39.9397
116.27 39.9455
116.261 39.9232
116.253 39.9117
116.247 39.914
116.247 39.9279
116.269 39.9271
116.282 39.9308
116.29 39.942
116.277 39.9999
116.267 40.006
116.281 40.0105
116.281 40.0105
116.289 39.9942
116.304 39.9356
116.295 39.9261
116.295 39.9262
116.295 39.9262
116.295 39.9261
116.295 39.9261
116.295 39.9261
116.295 39.9261
116.295 39.9261
116.295 39.9263
116.295 39.9262
116.295 39.9265
116.336 39.8877
116.332 39.8837
116.351 39.9027
116.403 39.9577
116.402 39.9607
116.391 39.9674
116.359 39.9689
116.359 39.9699
116.345 39.9567
116.329 39.9563
116.324 39.9659
116.334 39.9462
116.396 39.9671
116.396 39.9671
116.41 39.9571
116.41 39.9571
116.409 39.9578
116.401 39.9692
116.343 39.9664
116.332 39.9459
116.332 39.946
116.332 39.946
116.332 39.9459
116.332 39.9459
116.367 39.9665
116.548 40.0628
116.541 40.057
116.527 40.0397
116.521 40.0336
116.521 40.0337
116.521 40.0337
116.521 40.0335
116.521 40.0336
116.521 40.0335
116.521 40.0336
116.521 40.0335
116.521 40.0335
116.521 40.0335
116.521 40.0335
116.521 40.0335
116.521 40.0335
116.521 40.0335
116.521 40.0335
116.521 40.0335
116.521 40.0335
116.521 40.0335
116.521 40.0335
116.521 40.0336
116.521 40.0336
116.521 40.0335
116.521 40.0335
116.521 40.0335
116.521 40.0335
116.521 40.0336
116.521 40.0336
116.521 40.0335
116.521 40.0336
116.521 40.0335
116.521 40.0336
116.521 40.0336
116.521 40.0335
116.521 40.0335
116.521 40.0336
116.521 40.0336
116.521 40.0335
116.521 40.0335
116.521 40.0336
116.521 40.0335
116.521 40.0336
116.521 40.0336
116.521 40.0335
116.521 40.0335
116.521 40.0335
116.521 40.0335
116.521 40.0335
116.521 40.0335
116.507 40.0329
116.512 40.016
116.459 39.9959
116.432 39.9879
116.396 39.9887
116.4 39.9908
116.408 39.9898
116.401 39.982
116.402 39.9598
116.389 39.9476
116.35 39.9225
116.349 39.906
116.329 39.9126
116.32 39.9331
116.317 39.9586
116.311 39.9938
116.311 39.9938
116.309 39.9942
116.31 39.9848
116.3 39.9763
116.289 39.9953
116.277 40.0006
116.268 40.0015
116.269 40.0013
116.277 39.9973
116.289 39.9956
116.309 39.9986
116.308 40.0245
116.304 40.0346
116.312 40.0118
116.306 39.9921
116.31 39.9849
116.314 39.9688
116.319 39.9456
116.323 39.9343
116.349 39.9311
116.349 39.9311
116.35 39.9502
116.355 39.9598
116.35 39.9279
116.35 39.903
116.34 39.867
116.341 39.8635
116.341 39.8634
116.341 39.8633
116.342 39.8636
116.338 39.8965
116.338 39.8965
116.315 39.8989
116.309 39.9099
116.291 39.9283
116.273 39.9314
116.279 39.9302
116.269 39.9276
116.304 39.931
116.333 39.9311
116.358 39.9309
116.375 39.9316
116.402 39.9318
116.411 39.9228
116.412 39.9153
116.412 39.9111
116.412 39.9111
116.412 39.91
116.411 39.9083
116.411 39.9079
116.411 39.9079
116.411 39.9079
116.412 39.9079
116.412 39.9079
116.412 39.9076
116.412 39.9075
116.412 39.9074
116.412 39.9067
116.429 39.9071
116.464 39.907
116.484 39.9192
116.484 39.9192
116.483 39.9551
116.484 39.9706
116.499 39.9704
116.508 39.9743
116.508 39.9743
116.508 39.9743
116.508 39.9743
116.508 39.9743
116.508 39.9743
116.508 39.9743
116.508 39.9743
116.508 39.9743
116.508 39.9743
116.508 39.9743
116.508 39.9743
116.508 39.9743
116.508 39.9744
116.508 39.9743
116.508 39.9743
116.508 39.9743
116.508 39.9743
116.508 39.9743
116.508 39.9743
116.508 39.9743
116.508 39.9743
116.508 39.9743
116.508 39.9743
116.508 39.9743
116.508 39.9743
116.508 39.9743
116.508 39.9743
116.508 39.9743
116.508 39.9743
116.508 39.9743
116.508 39.9743
116.508 39.9743
116.508 39.9743
116.508 39.9743
116.508 39.9743
116.508 39.9743
116.508 39.9743
116.508 39.9743
116.508 39.9743
116.508 39.9743
116.508 39.9743
116.508 39.9743
116.508 39.9743
116.508 39.9743
116.508 39.9743
116.508 39.9743
116.508 39.9743
116.508 39.9743
116.508 39.9743
116.508 39.9743
116.743 39.9274
116.743 39.9274
116.508 39.9743
116.508 39.9743
116.508 39.9743
116.508 39.9743
116.508 39.9743
116.508 39.9743
116.508 39.9743
116.508 39.9743
116.508 39.9743
116.508 39.9743
116.508 39.9743
116.508 39.9743
116.508 39.9743
116.508 39.9743
116.508 39.9743
116.508 39.9743
116.508 39.9743
116.508 39.9743
116.508 39.9743
116.508 39.9743
116.508 39.9743
116.508 39.9743
116.508 39.9743
116.508 39.9743
116.508 39.9743
116.508 39.9743
116.508 39.9743
116.508 39.9743
116.508 39.9743
116.508 39.9743
116.508 39.9743
116.508 39.9743
116.508 39.9743
116.508 39.9743
116.508 39.9743
116.508 39.9743
116.508 39.9743
116.508 39.9743
116.508 39.9743
116.508 39.9743
116.508 39.9743
116.508 39.9743
116.508 39.9743
116.508 39.9743
116.508 39.9743
116.508 40.2243
116.508 40.2243
116.508 39.9743
116.508 39.9743
116.508 39.9743
116.508 39.9743
116.508 39.9743
116.508 39.9743
116.508 39.9743
116.508 39.9743
116.508 39.9743
116.508 39.9743
116.508 39.9743
116.508 39.9743
116.508 39.9743
116.508 39.9743
116.508 39.9743
116.508 39.9743
116.508 39.9743
116.508 39.9743
116.508 39.9743
116.508 39.9743
116.508 39.9743
116.508 39.9743
116.508 39.9743
116.508 39.9743
116.508 39.9743
116.508 39.9743
116.508 39.9743
116.508 39.9743
116.508 39.9743
116.508 39.9743
116.508 39.9743
116.508 39.9743
116.508 39.9743
116.508 39.9743
116.508 39.9743
116.508 39.9743
116.508 39.9743
116.508 39.9743
116.508 39.9743
116.508 39.9743
116.508 39.9743
116.508 39.9743
116.508 39.9743
116.508 39.9742
116.508 39.9743
116.508 39.9743
116.508 39.9743
116.508 39.9743
116.508 39.9743
116.508 39.9743
116.508 39.9743
116.508 39.9743
116.508 39.9743
116.508 39.9743
116.508 39.9743
116.508 39.9743
116.508 39.9743
116.508 39.9743
116.508 39.9743
116.508 39.9742
116.508 39.9743
116.508 39.9743
116.508 39.9743
116.508 39.9743
116.508 39.9743
116.508 39.9743
116.508 39.9743
116.508 39.9743
116.508 39.9743
116.508 39.9743
116.508 39.9743
116.508 39.9743
116.508 39.9743
116.508 39.9743
116.508 39.9743
116.508 39.9743
116.508 39.9743
116.508 39.9743
116.508 39.9743
116.508 39.9743
116.508 39.9743
116.508 39.9742
116.508 39.9743
116.508 39.9743
116.508 39.9743
116.508 39.9743
116.508 39.9743
116.508 39.9743
116.508 39.9743
116.508 39.9743
116.508 39.9744
116.508 39.9744
116.508 39.9743
116.508 39.9743
116.508 39.9743
116.508 39.9743
116.508 39.9743
116.508 39.9743
116.508 39.9743
116.508 39.9743
116.508 39.9743
116.508 39.9744
116.508 39.9743
116.508 39.9743
116.508 39.9743
116.508 39.9743
116.508 39.9743
116.508 39.9743
116.508 39.9743
