116.582 40.0721
116.582 40.115
116.606 40.1165
116.645 40.1322
116.645 40.1322
116.645 40.1322
116.645 40.1322
116.645 40.1288
116.647 40.1287
116.755 40.0744
116.751 40.0795
116.751 40.0795
116.752 40.0791
116.755 40.0743
116.755 40.0743
116.755 40.0743
116.755 40.0743
116.755 40.0743
116.755 40.0743
116.755 40.0744
116.764 40.0663
116.769 40.0574
116.768 40.0464
116.767 40.0478
116.756 40.0735
116.756 40.0735
116.751 40.0796
116.751 40.0795
116.766 40.0663
116.773 40.0659
116.768 40.0464
116.762 40.0664
116.762 40.0664
116.757 40.0705
116.75 40.0799
116.75 40.0799
116.748 40.0804
116.755 40.0741
116.73 40.0629
116.658 40.0612
116.632 40.0335
116.613 40.0336
116.581 40.0348
116.571 40.0347
116.557 40.0295
116.521 40.0164
116.499 40.0015
116.494 39.9959
116.494 39.9792
116.491 39.9706
116.473 39.9706
116.472 39.9695
116.458 39.9568
116.457 39.9557
116.449 39.9432
116.449 39.9432
116.435 39.9398
116.42 39.9354
116.412 39.9323
116.41 39.9427
116.44 39.9492
116.459 39.9575
116.459 39.9578
116.462 39.9472
116.459 39.946
116.45 39.9471
116.429 39.9495
116.429 39.9508
116.435 39.9479
116.444 39.9394
116.447 39.9213
116.447 39.9215
116.443 39.9257
116.439 39.9256
116.438 39.9385
116.438 39.9386
116.435 39.9404
116.434 39.94
116.432 39.9399
116.429 39.9583
116.439 39.9565
116.443 39.9469
116.428 39.9231
116.421 39.9142
116.421 39.9054
116.415 39.9018
116.4 39.8995
116.4 39.8995
116.393 39.8989
116.392 39.8989
116.377 39.9051
116.377 39.9051
116.376 39.9124
116.376 39.9131
116.374 39.9262
116.371 39.9221
116.376 39.9104
116.377 39.904
116.378 39.8951
116.378 39.889
116.384 39.8862
116.389 39.889
116.389 39.889
116.405 39.8914
116.385 39.8886
116.379 39.8893
116.364 39.8984
116.357 39.8981
116.348 39.9124
116.328 39.9131
116.328 39.917
116.328 39.917
116.328 39.917
116.333 39.917
116.349 39.917
116.35 39.9418
116.408 39.9478
116.455 39.9627
116.508 40.0099
116.585 40.0767
116.587 40.0784
116.581 40.0765
116.58 40.076
116.58 40.076
116.582 40.0628
116.561 40.0614
116.557 40.0422
116.557 40.0422
116.561 40.0392
116.549 40.0264
116.547 40.0258
116.518 40.0155
116.513 40.0135
116.493 39.9956
116.49 39.9928
116.484 39.9791
116.484 39.9751
116.49 39.9705
116.49 39.9702
116.49 39.9705
116.49 39.9704
116.484 39.97
116.471 39.9685
116.46 39.9592
116.454 39.9537
116.452 39.952
116.45 39.9504
116.449 39.948
116.443 39.9449
116.435 39.9411
116.429 39.9396
116.424 39.9485
116.419 39.9543
116.419 39.968
116.414 39.979
116.418 39.967
116.418 39.9669
116.414 39.9609
116.414 39.9609
116.406 39.9578
116.406 39.9578
116.402 39.9397
116.403 39.9393
116.402 39.95
116.401 39.9724
116.403 39.9855
116.403 39.9854
116.413 39.9871
116.414 39.9872
116.416 39.9877
116.409 39.9875
116.37 39.9863
116.347 39.9729
116.349 39.9397
116.353 39.9386
116.353 39.9348
116.351 39.9311
116.349 39.9233
116.349 39.9224
116.347 39.9308
116.347 39.931
116.35 39.9403
116.35 39.9495
116.35 39.9501
116.344 39.9388
116.343 39.9387
116.343 39.9409
116.344 39.9443
116.34 39.9565
116.319 39.9556
116.303 39.9586
116.297 39.9599
116.295 39.9694
116.3 39.9687
116.309 39.9724
116.317 39.9656
116.336 39.9662
116.355 39.9581
116.354 39.953
116.353 39.953
116.352 39.9518
116.349 39.9582
116.354 39.9662
116.361 39.9667
116.343 39.9666
116.338 39.9666
116.341 39.9661
116.377 39.9668
116.389 39.9552
116.412 39.9479
116.428 39.923
116.428 39.9134
116.436 39.9049
116.438 39.9032
116.43 39.9034
116.429 39.9119
116.428 39.9301
116.428 39.9436
116.426 39.958
116.421 39.9608
116.426 39.968
116.43 39.968
116.449 40.0065
116.466 40.0104
116.465 40.0103
116.462 39.9961
116.462 39.9952
116.478 39.9934
116.479 39.9941
116.47 39.9858
116.468 39.984
116.472 39.9716
116.473 39.9708
116.454 39.9535
116.45 39.9497
116.449 39.9496
116.436 39.9469
116.413 39.9481
116.413 39.9481
116.382 39.9501
116.38 39.9502
116.373 39.9547
116.366 39.9863
116.316 39.9845
116.279 39.9739
116.269 39.9306
116.263 39.9084
116.263 39.9087
116.262 39.9062
116.27 39.9259
116.281 39.9453
116.282 39.9454
116.304 39.9402
116.304 39.9091
116.305 39.8808
116.319 39.8479
116.308 39.8505
116.31 39.8505
116.317 39.8465
116.326 39.8476
116.326 39.8476
116.343 39.8771
116.351 39.9095
116.395 39.9867
116.418 39.9875
116.44 39.9918
116.451 40.0133
116.482 40.0097
116.497 40.0025
116.511 40.0118
116.531 40.0201
116.558 40.0299
116.575 40.0338
116.605 40.0342
116.633 40.0336
116.63 40.0546
116.654 40.0605
116.681 40.062
116.719 40.0619
116.756 40.0643
116.773 40.0658
116.755 40.0742
116.755 40.074
116.757 40.0665
116.693 40.0605
116.68 40.0622
116.632 40.0491
116.636 40.0393
116.592 40.0354
116.545 40.0251
116.541 40.0235
116.509 40.0107
116.508 40.0091
116.508 40.0091
116.508 40.0091
116.508 40.0092
116.496 39.9983
116.492 39.9954
116.472 39.9698
116.472 39.9698
116.451 39.9554
116.448 39.9568
116.436 39.9453
116.435 39.9449
116.451 39.9552
116.451 39.9552
116.451 39.9553
116.451 39.9555
116.451 39.9555
116.451 39.9556
116.449 39.956
116.452 39.9547
116.451 39.9553
116.451 39.9555
116.451 39.9555
116.451 39.9555
116.451 39.9555
116.444 39.9598
116.441 39.9613
116.416 39.9681
116.38 39.9671
116.377 39.9671
116.364 39.9751
116.364 39.9782
116.363 39.9923
116.363 39.9923
116.36 40
116.351 40.0213
116.429 40.0205
116.492 39.996
116.565 40.0342
116.587 40.0779
116.586 40.0789
116.579 40.0475
116.579 40.0475
116.556 40.0303
116.553 40.029
116.485 39.9897
116.483 39.9881
116.449 39.9795
116.449 39.9795
116.427 39.9685
116.425 39.9683
116.425 39.9683
116.412 39.9681
116.412 39.9681
116.412 39.9681
116.401 39.9719
116.401 39.9753
116.396 39.9693
116.394 39.9676
116.391 39.9866
116.423 39.9902
116.419 39.9902
116.426 39.9875
116.425 39.9702
116.43 39.9677
116.439 39.9622
116.452 39.9541
116.455 39.9481
116.464 39.9507
116.477 39.9556
116.477 39.9556
116.477 39.9556
116.477 39.9556
116.477 39.9556
116.477 39.9556
116.477 39.9556
116.477 39.9556
116.477 39.9556
116.477 39.9556
116.477 39.9556
116.477 39.9556
116.477 39.9556
116.477 39.9549
116.462 39.9505
116.453 39.9534
116.445 39.9592
116.438 39.9634
116.431 39.9679
116.431 39.9679
116.429 39.9749
116.429 39.9749
116.433 39.9827
116.415 39.982
116.412 39.9688
116.407 39.9606
116.406 39.9606
116.413 39.9578
116.433 39.9582
116.433 39.9569
116.436 39.9583
116.438 39.9588
116.431 39.9679
116.431 39.9676
116.455 39.9351
116.445 39.9324
116.44 39.9256
116.435 39.9256
116.434 39.9301
116.451 39.9324
116.472 39.9324
116.493 39.9337
116.494 39.934
116.486 39.9325
116.474 39.9217
116.457 39.9221
116.455 39.9194
116.454 39.9127
116.451 39.9154
116.456 39.9201
116.456 39.921
116.456 39.9319
116.456 39.9391
116.456 39.9472
116.451 39.9548
116.445 39.9651
116.451 39.9651
116.451 39.9602
116.451 39.9602
116.44 39.962
116.431 39.9678
116.431 39.9678
116.416 39.968
116.392 39.9673
116.354 39.9664
116.334 39.9665
116.337 39.9661
116.357 39.9663
116.375 39.9741
116.374 39.9755
116.371 39.9755
116.371 39.9756
116.375 39.9754
116.373 39.9829
116.402 39.9861
116.402 39.9967
116.402 40.0091
116.404 40.0292
116.406 40.046
116.408 40.0558
116.408 40.0659
116.408 40.0659
116.408 40.0659
116.407 40.0661
116.407 40.0603
116.407 40.0313
116.412 40.0278
116.41 40.0084
116.411 40.0024
116.402 39.9935
116.401 39.9886
116.37 39.9868
116.363 39.988
116.353 39.9999
116.347 39.9828
116.349 39.956
116.35 39.9476
116.349 39.9327
116.351 39.9275
116.35 39.9298
116.35 39.9372
116.35 39.9454
116.348 39.9765
116.389 39.9867
116.417 39.9873
116.419 40.001
116.419 40.001
116.415 39.9876
116.415 39.9876
116.415 39.9876
116.41 39.9872
116.466 39.968
116.483 39.9574
116.487 39.9601
116.47 39.9526
116.455 39.9455
116.441 39.9399
116.432 39.9398
116.428 39.94
116.424 39.9485
116.409 39.9479
116.388 39.9477
116.376 39.9477
116.371 39.9498
116.365 39.9557
116.373 39.9567
116.374 39.9668
116.373 39.9832
116.398 39.9869
116.406 39.9871
116.435 39.986
116.445 40.0006
116.475 40.0133
116.493 39.9972
116.509 40.0104
116.525 40.0178
116.547 40.0258
116.563 40.0314
116.594 40.0352
116.616 40.0331
116.632 40.05
116.64 40.0575
116.677 40.0622
116.71 40.0612
116.757 40.0583
116.757 40.0583
116.755 40.0569
116.766 40.0663
116.773 40.0659
116.769 40.0607
116.768 40.0464
116.768 40.055
116.757 40.0717
116.757 40.0717
116.753 40.0753
116.755 40.074
116.756 40.0734
116.756 40.0734
116.706 40.061
116.631 40.0562
116.63 40.0562
116.608 40.0341
116.607 40.0341
116.57 40.0347
116.57 40.0342
116.555 40.0286
116.554 40.0285
116.535 40.0216
116.535 40.0213
116.503 40.0048
116.501 40.0034
116.484 39.987
116.484 39.987
116.468 39.9891
116.446 39.9951
116.441 39.9927
116.431 39.9888
116.433 39.9828
116.418 39.9821
116.409 39.9786
116.421 39.9678
116.441 39.962
116.441 39.9619
116.442 39.9572
116.434 39.94
116.421 39.9351
116.42 39.9359
116.402 39.9398
116.402 39.9439
116.402 39.9439
116.417 39.9579
116.432 39.9583
116.456 39.9402
116.456 39.9069
116.466 39.9083
116.466 39.9083
116.457 39.9122
116.452 39.9121
116.444 39.9211
116.444 39.9211
116.438 39.9324
116.438 39.9347
116.43 39.9398
116.419 39.9525
116.419 39.9676
116.418 39.9837
116.418 39.9837
116.418 39.9837
116.418 39.9837
116.418 39.9837
116.418 39.9714
116.419 39.9544
116.419 39.9493
116.431 39.9397
116.438 39.9356
116.438 39.9426
116.437 39.9423
116.428 39.9399
116.421 39.9397
116.402 39.9397
116.402 39.9448
116.401 39.9569
116.401 39.9573
116.388 39.9661
116.388 39.9738
116.38 39.9788
116.374 39.9812
116.374 39.9825
116.381 39.9914
116.371 39.9866
116.357 39.9664
116.28 39.922
116.303 39.9226
116.321 39.9311
116.338 39.9311
116.358 39.931
116.358 39.931
116.385 39.9319
116.39 39.9352
116.389 39.9392
116.388 39.9478
116.375 39.9539
116.374 39.9538
116.381 39.9045
116.381 39.9045
116.383 39.9714
116.398 39.9674
116.427 39.9757
116.426 39.9759
116.419 39.9686
116.419 39.9686
116.413 39.9606
116.413 39.9606
116.413 39.9606
116.402 39.9588
116.402 39.9531
116.389 39.9532
116.389 39.9598
116.392 39.9714
116.395 39.9715
116.325 39.9849
116.359 39.9788
116.359 39.9729
116.35 39.9478
116.35 39.924
116.37 39.8984
116.378 39.901
116.378 39.9035
116.377 39.9054
116.377 39.9055
116.376 39.9113
116.374 39.931
116.363 39.9879
116.363 39.9895
116.364 39.9805
116.379 39.963
116.389 39.9483
116.421 39.9142
116.421 39.905
116.421 39.9048
116.412 39.9066
116.411 39.9223
116.434 39.9261
116.426 39.9512
116.436 39.9582
116.436 39.9536
116.427 39.9582
116.425 39.9582
116.425 39.9582
116.413 39.9579
116.402 39.9472
116.408 39.9587
116.391 39.9558
116.391 39.9558
116.389 39.9596
116.372 39.9668
116.333 39.9665
116.332 39.9735
116.332 39.9736
116.332 39.974
116.369 39.9566
116.371 39.9559
116.372 39.9558
116.373 39.9568
116.353 39.9666
116.348 39.9665
116.332 39.9735
116.317 39.9933
116.31 39.9873
116.336 40.0065
116.338 40.0113
116.346 40.0063
116.346 40.0009
116.36 39.9924
116.384 39.9865
116.384 39.9865
116.399 39.9869
116.506 40.0102
116.542 40.0239
116.576 40.034
116.577 40.0342
116.624 40.033
116.642 40.058
116.644 40.0584
116.711 40.0613
116.773 40.0659
116.773 40.0659
116.773 40.0659
116.773 40.0659
116.755 40.0742
116.755 40.0742
116.754 40.0637
116.751 40.0629
116.689 40.061
116.686 40.0615
116.631 40.0533
116.631 40.0509
116.596 40.0353
116.549 40.0264
116.548 40.0261
116.509 40.01
116.498 39.9959
116.498 39.9959
116.498 39.9951
116.483 39.9888
116.447 39.9571
116.447 39.9571
116.442 39.9607
116.417 39.9681
116.415 39.9682
116.415 39.9682
116.415 39.9682
116.398 39.9675
116.324 39.9662
116.319 39.9656
116.319 39.9656
116.319 39.9656
116.319 39.9656
116.319 39.9656
116.35 39.9436
116.352 39.9107
116.35 39.9258
116.35 39.9271
116.35 39.9506
116.349 39.9514
116.348 39.9744
116.348 39.9757
116.342 39.9919
116.337 39.9936
116.337 39.9936
116.337 39.9936
116.337 39.9936
116.337 39.9936
116.337 39.9936
116.347 39.9894
116.373 39.9615
116.372 39.9488
116.365 39.9567
116.364 39.9568
116.364 39.9568
116.355 39.9592
116.358 39.9662
116.374 39.9667
116.374 39.9667
116.377 39.981
116.379 39.9755
116.366 39.9754
116.363 39.983
116.363 39.9903
116.359 39.9977
116.361 39.9924
116.347 39.9921
116.343 39.992
116.337 39.9936
116.336 39.9934
116.347 39.9887
116.374 39.966
116.397 39.9476
116.41 39.9394
116.448 39.9399
116.472 39.9298
116.472 39.9164
116.472 39.9156
116.464 39.9153
116.463 39.9156
116.456 39.9292
116.456 39.9321
116.456 39.9384
116.456 39.9461
116.477 39.9554
116.477 39.9556
116.471 39.953
116.462 39.9542
116.462 39.9542
116.462 39.9542
116.462 39.9542
116.462 39.9542
116.462 39.9542
116.461 39.9579
116.452 39.9541
116.448 39.9576
116.548 40.0272
116.582 40.071
116.587 40.0784
116.582 40.0795
116.584 40.0788
116.586 40.0681
116.589 40.047
116.586 40.044
116.575 40.0403
116.568 40.0335
116.548 40.0263
116.542 40.024
116.512 40.0134
116.51 40.011
116.491 39.9938
116.484 39.9873
116.475 39.9725
116.469 39.9669
116.452 39.9546
116.451 39.9552
116.451 39.9552
116.451 39.9552
116.451 39.9552
116.439 39.9503
116.439 39.9503
116.439 39.9497
116.434 39.9399
116.419 39.9397
116.41 39.9435
116.403 39.9479
116.389 39.9558
116.384 39.9672
116.378 39.9672
116.374 39.9594
116.374 39.9639
116.364 39.9667
116.35 39.9753
116.349 39.9753
116.337 39.9917
116.337 39.9936
116.337 39.9935
116.337 39.9935
116.337 39.9935
116.337 39.9935
116.337 39.9935
116.337 39.9935
116.342 39.9918
116.327 39.9663
116.304 39.9153
116.304 39.9399
116.304 39.9541
116.303 39.9539
116.327 39.9268
116.319 39.9437
116.343 39.9661
116.343 39.9661
116.343 39.9661
116.376 39.9893
116.377 39.9866
116.359 39.9934
116.4 39.9674
116.471 39.9259
116.472 39.9297
116.484 39.9391
116.483 39.9536
116.489 39.9618
116.685 40.0593
116.761 40.0643
116.751 40.0739
116.752 40.0779
116.766 40.0663
116.766 40.0663
116.773 40.0656
116.77 40.0648
116.768 40.0464
116.767 40.0465
116.757 40.0713
116.751 40.0762
116.75 40.0799
116.753 40.0753
116.755 40.074
116.755 40.074
116.755 40.074
116.757 40.0713
116.739 40.0632
116.682 40.062
116.653 40.0603
116.636 40.0378
116.613 40.0336
116.613 40.0336
116.584 40.0353
116.569 40.0339
116.548 40.0264
116.529 40.0195
116.504 40.0055
116.492 39.9952
116.484 39.9748
116.473 39.9706
116.457 39.9558
116.449 39.9494
116.436 39.9416
116.416 39.9397
116.414 39.9397
116.411 39.9396
116.397 39.9484
116.35 39.9455
116.341 39.9593
116.341 39.9593
116.339 39.9557
116.346 39.9567
116.402 39.9546
116.412 39.9608
116.412 39.9608
116.413 39.9607
116.402 39.958
116.377 39.9476
116.35 39.926
116.338 39.8965
116.308 39.8956
116.314 39.895
116.315 39.9006
116.315 39.9056
116.326 39.9096
116.343 39.9125
116.35 39.9125
116.35 39.9335
116.357 39.9371
116.376 39.95
116.374 39.9504
116.384 39.9515
116.378 39.9522
116.376 39.9712
116.398 39.9608
116.402 39.9538
116.394 39.9508
116.389 39.9524
116.428 39.9582
116.431 39.9612
116.442 39.9605
116.453 39.9528
116.446 39.9465
116.428 39.9465
116.419 39.9504
116.418 39.9527
116.418 39.9527
116.418 39.9527
116.418 39.9527
116.415 39.9579
116.402 39.9606
116.396 39.9622
116.398 39.9609
116.402 39.9459
116.411 39.9326
116.42 39.93
116.418 39.9323
116.402 39.932
116.402 39.9484
116.399 39.9572
116.397 39.9562
116.391 39.9619
116.389 39.9618
116.388 39.9733
116.387 39.9813
116.38 39.9789
116.377 39.9861
116.377 39.9861
116.387 39.9802
116.389 39.9485
116.408 39.9477
116.408 39.9477
116.416 39.948
116.429 39.9119
116.422 39.9071
116.42 39.9175
116.403 39.9282
116.402 39.947
116.402 39.9489
116.397 39.9615
116.401 39.9738
116.395 39.9751
116.401 39.9673
116.412 39.9677
116.443 39.9829
116.458 39.9735
116.475 39.9699
116.475 39.9699
116.484 39.9707
116.49 39.9705
116.48 39.9697
116.471 39.9692
116.449 39.9491
116.428 39.9398
116.426 39.9072
116.405 39.9071
116.405 39.9085
116.411 39.9089
116.411 39.9144
116.412 39.9322
116.43 39.9395
116.449 39.9404
116.449 39.947
116.437 39.9462
116.433 39.953
116.412 39.9579
116.399 39.9478
116.349 39.9395
116.35 39.8988
116.315 39.899
116.316 39.8991
116.316 39.9098
116.317 39.9097
116.333 39.9127
116.333 39.914
116.35 39.9171
116.35 39.9171
116.359 39.9447
116.362 39.9461
116.384 39.9507
116.384 39.9523
116.384 39.9523
116.375 39.9711
116.395 39.9868
116.403 40.0045
116.407 40.005
116.407 39.9937
116.406 39.9937
116.402 39.9969
116.402 40.0001
116.411 39.9965
116.408 39.9938
116.394 39.9871
116.39 39.987
116.381 39.9935
116.381 39.9949
116.38 39.9885
116.38 39.987
116.348 39.9859
116.347 39.983
116.363 39.9805
116.364 39.9767
116.375 39.9766
116.374 39.9804
116.342 39.9855
116.291 39.9914
116.277 40.0198
116.271 40.0262
116.278 40.0203
116.295 40.0235
116.308 40.0237
116.312 40.0116
116.314 40.0116
116.332 39.9992
116.343 40.001
116.343 40.0011
116.347 39.992
116.358 39.9923
116.363 39.9862
116.372 39.9877
116.374 39.9962
116.381 39.9898
116.382 39.9802
116.388 39.9748
116.379 39.9672
116.375 39.9731
116.375 39.9731
116.375 39.9731
116.382 39.9685
116.382 39.9681
116.367 39.9967
116.337 40.0359
116.313 40.0736
116.32 40.083
116.321 40.0805
116.314 40.0742
116.314 40.0644
116.322 40.0542
116.323 40.0529
116.327 40.0348
116.309 40.0363
116.304 40.0348
116.308 40.0186
116.325 40.0119
116.334 39.9971
116.334 39.9956
116.359 39.9851
116.364 39.967
116.364 39.9611
116.365 39.9567
116.374 39.9859
116.439 39.9852
116.463 39.9901
116.469 40.0006
116.47 40.0006
116.491 40.004
116.491 40.004
116.48 40.0114
116.641 40.0577
116.721 40.0621
116.725 40.0623
116.773 40.0658
116.755 40.074
116.755 40.074
116.755 40.0734
116.754 40.0638
116.722 40.0623
116.691 40.0607
116.657 40.0608
116.662 40.0395
116.637 40.0341
116.6 40.045
116.618 40.048
116.605 40.0453
116.59 40.0442
116.579 40.0446
116.566 40.0327
116.539 40.023
116.514 40.0141
116.498 40.0003
116.48 39.9892
116.443 39.9943
116.442 39.9938
116.418 39.9878
116.418 39.9878
116.401 39.9666
116.399 39.9558
116.389 39.9621
116.366 39.9669
116.366 39.9669
116.366 39.9669
116.364 39.9751
116.363 39.984
116.359 39.9926
116.357 40.0001
116.337 39.9995
116.333 39.9976
116.333 39.9976
116.331 39.9916
116.347 39.992
116.347 39.992
116.359 39.9972
116.358 39.9997
116.334 39.9994
116.334 39.9978
116.331 39.9752
116.316 39.9687
116.316 39.9688
116.313 39.9682
116.313 39.9682
116.313 39.9682
116.317 39.9557
116.338 39.9373
116.352 39.939
116.349 39.9565
116.349 39.9624
116.348 39.9808
116.347 39.9898
116.373 39.9543
116.376 39.9665
116.377 39.9666
116.385 39.967
116.438 39.985
116.481 39.9569
116.485 39.9557
116.484 39.9576
116.477 39.9556
116.462 39.9709
116.454 39.9763
116.453 40.0138
116.463 40.0137
116.474 40.0126
116.473 40.0123
116.473 40.0125
116.473 40.0125
116.473 40.0124
116.473 40.0124
116.474 40.0126
116.467 40.0009
116.477 39.9909
116.488 39.983
116.487 39.9831
116.483 39.9865
116.484 39.9816
116.465 39.9645
116.46 39.9592
116.451 39.9551
116.451 39.9551
116.451 39.9551
116.451 39.9551
116.451 39.9552
116.451 39.9552
116.441 39.955
116.441 39.955
116.427 39.9475
116.428 39.9233
116.435 39.9188
116.438 39.9092
116.438 39.9104
116.444 39.917
116.444 39.9242
116.472 39.9143
116.491 39.9142
116.494 39.9143
116.483 39.9087
116.483 39.9087
116.438 39.9071
116.418 39.9045
116.425 39.907
116.429 39.912
116.429 39.9393
116.437 39.9399
116.433 39.946
116.384 39.9476
116.327 39.9369
116.304 39.92
116.296 39.907
116.301 39.9117
116.306 39.9075
116.304 39.9122
116.305 39.9219
116.304 39.9307
116.304 39.9496
116.304 39.9496
116.304 39.9542
116.304 39.9542
116.304 39.9542
116.304 39.9542
116.307 39.9556
116.317 39.9555
116.319 39.9655
116.35 39.9566
116.353 39.9579
116.349 39.9406
116.349 39.9311
116.326 39.9311
116.319 39.9309
116.305 39.9417
116.315 39.9521
116.311 39.9531
116.321 39.9658
116.325 39.9664
116.319 39.9711
116.319 39.9745
116.321 39.9846
116.322 39.9913
116.337 39.9935
116.337 39.9935
116.337 39.9934
116.337 39.9934
116.337 39.9934
116.337 39.9934
116.337 39.9934
116.337 39.9934
116.328 39.9753
116.312 39.9729
116.313 39.9715
116.314 39.9685
116.314 39.9685
116.314 39.9683
116.314 39.9683
