116.435 39.9662
116.434 39.9662
116.436 39.9697
116.44 39.9754
116.445 39.9758
116.456 39.9743
116.463 39.97
116.479 39.9593
116.479 39.9849
116.487 39.992
116.503 40.0071
116.513 40.017
116.519 40.0263
116.521 40.0289
116.518 40.0259
116.518 40.0259
116.512 40.0162
116.5 40.0049
116.499 40.0039
116.499 40.0039
116.499 40.0039
116.499 40.0039
116.499 40.0039
116.499 40.0039
116.489 39.995
116.489 39.995
116.489 39.995
116.489 39.995
116.489 39.995
116.483 39.9887
116.483 39.9873
116.49 39.9866
116.507 39.9899
116.511 39.9875
116.521 39.9818
116.521 39.9821
116.522 39.9819
116.525 39.9768
116.525 39.9768
116.525 39.9768
116.525 39.9768
116.525 39.9768
116.525 39.9768
116.525 39.9768
116.525 39.9768
116.525 39.9768
116.525 39.9768
116.525 39.9768
116.525 39.9768
116.525 39.9768
116.525 39.9768
116.525 39.9768
116.525 39.9768
116.525 39.9768
116.525 39.9768
116.525 39.9768
116.525 39.9768
116.525 39.9768
116.525 39.9768
116.525 39.9768
116.525 39.9768
116.525 39.9768
116.525 39.9768
116.525 39.9768
116.525 39.9768
116.525 39.9768
116.521 39.9819
116.521 40.004
116.521 40.004
116.521 39.9506
116.521 39.9506
116.521 39.9819
116.521 39.9819
116.521 39.9819
116.522 39.9813
116.525 39.9768
116.501 39.9705
116.497 39.9701
116.493 39.9629
116.49 39.9624
116.492 39.9582
116.487 39.9439
116.486 39.9439
116.484 39.9253
116.49 39.9065
116.49 39.9065
116.473 39.9071
116.473 39.9071
116.456 39.9147
116.456 39.9147
116.456 39.9158
116.441 39.9219
116.433 39.9232
116.433 39.9232
116.433 39.9232
116.433 39.9232
116.433 39.9232
116.433 39.9232
116.432 39.9231
116.432 39.9231
116.432 39.9231
116.432 39.9231
116.432 39.9231
116.432 39.9231
116.433 39.9229
116.433 39.9229
116.433 39.9229
116.43 39.9058
116.437 39.9006
116.439 39.9021
116.484 39.9153
116.484 39.9177
116.484 39.9221
116.483 39.9221
116.472 39.9269
116.472 39.9254
116.47 39.9097
116.47 39.9095
116.467 39.9088
116.466 39.9074
116.457 39.9073
116.457 39.9073
116.438 39.9072
116.419 39.9071
116.418 39.9071
116.401 39.9104
116.401 39.911
116.408 39.9126
116.408 39.9126
116.435 39.9226
116.448 39.9157
116.448 39.9149
116.444 39.9181
116.444 39.9181
116.445 39.9182
116.445 39.9182
116.445 39.9182
116.444 39.9215
116.444 39.9215
116.435 39.9107
116.435 39.9082
116.434 39.9082
116.434 39.9082
116.413 39.9069
116.407 39.9068
116.387 39.9063
116.386 39.9062
116.36 39.906
116.353 39.9061
116.351 39.9088
116.351 39.9083
116.351 39.9084
116.351 39.9083
116.351 39.9083
116.351 39.9083
116.351 39.9083
116.351 39.9083
116.351 39.9081
116.351 39.9081
116.351 39.9079
116.352 39.9075
116.354 39.9123
116.354 39.9132
116.352 39.9154
116.352 39.9154
116.354 39.9161
116.352 39.9169
116.35 39.9424
116.359 39.945
116.375 39.9772
116.373 39.9833
116.418 39.9874
116.418 39.9874
116.425 39.9872
116.415 39.9862
116.415 39.9864
116.415 39.9864
116.415 39.9866
116.415 39.9867
116.415 39.9871
116.399 39.9871
116.395 39.9904
116.394 39.9902
116.395 39.9932
116.401 39.9934
116.401 39.9924
116.399 39.9756
116.396 39.9713
116.396 39.9691
116.396 39.9691
116.391 39.9674
116.388 39.9671
116.389 39.9596
116.389 39.9505
116.388 39.9477
116.378 39.9477
116.374 39.9665
116.373 39.9843
116.312 40.0734
116.309 40.0716
116.319 40.0586
116.323 40.0526
116.333 40.0398
116.335 40.0377
116.335 40.0377
116.342 40.0278
116.346 40.014
116.346 40.007
116.346 40.0033
116.346 40.0033
116.346 40.0033
116.346 40.0033
116.346 40.0033
116.346 40.0033
116.346 40.0033
116.346 40.0033
116.346 40.0033
116.346 40.0013
116.347 39.9863
116.347 39.9863
116.347 39.9661
116.347 39.9594
116.349 39.9511
116.35 39.9477
116.349 39.9333
116.356 39.9309
116.361 39.9267
116.359 39.9229
116.358 39.9198
116.357 39.9132
116.359 39.9126
116.365 39.9089
116.365 39.9079
116.368 39.9059
116.368 39.9013
116.368 39.9007
116.368 39.9003
116.368 39.8998
116.368 39.8998
116.368 39.8996
116.368 39.8988
116.373 39.8985
116.373 39.8949
116.377 39.8972
116.373 39.8971
116.373 39.8971
116.373 39.8971
116.37 39.8966
116.375 39.8986
116.382 39.8988
116.392 39.8987
116.396 39.8989
116.396 39.8989
116.4 39.8992
116.401 39.8982
116.406 39.8971
116.408 39.8958
116.41 39.8958
116.412 39.8959
116.413 39.8927
116.414 39.8831
116.415 39.8691
116.424 39.8688
116.425 39.8671
116.429 39.8671
116.43 39.8671
116.432 39.8671
116.432 39.8671
116.441 39.8749
116.444 39.8748
116.454 39.87
116.454 39.8689
116.453 39.865
116.455 39.8681
116.455 39.8806
116.455 39.8813
116.45 39.8833
116.45 39.8824
116.445 39.881
116.445 39.882
116.451 39.8831
116.455 39.8831
116.456 39.903
116.456 39.903
116.452 39.9055
116.452 39.9069
116.456 39.9159
116.456 39.9226
116.456 39.9471
116.457 39.9484
116.462 39.9572
116.46 39.9586
116.474 39.9703
116.478 39.9697
116.478 39.9697
116.494 39.9706
116.497 39.9706
116.521 39.9764
116.525 39.9771
116.521 39.9819
116.374 39.9314
116.374 39.9314
116.515 39.9781
116.51 39.9755
116.497 39.9706
116.484 39.9745
116.484 39.9716
116.491 39.9601
116.493 39.9572
116.493 39.9572
116.502 39.9568
116.498 39.9605
116.493 39.9741
116.498 40
116.505 40.0068
116.501 40.0033
116.506 39.9895
116.509 39.9905
116.521 39.9821
116.521 39.9819
116.521 39.9819
116.521 39.9819
116.521 39.9819
116.521 39.9819
116.524 39.9783
116.517 39.9763
116.498 39.9706
116.497 39.9668
116.491 39.9631
116.49 39.962
116.482 39.957
116.482 39.9554
116.474 39.9325
116.472 39.9325
116.457 39.9325
116.453 39.9325
116.444 39.9264
116.439 39.922
116.435 39.9218
116.438 39.9198
116.434 39.9072
116.422 39.9072
116.412 39.9072
116.412 39.9055
116.412 39.9066
116.412 39.9066
116.411 39.9183
116.411 39.9219
116.411 39.9318
116.411 39.932
116.389 39.9321
116.379 39.9318
116.367 39.9314
116.355 39.9311
116.352 39.9311
116.352 39.9311
116.343 39.9222
116.337 39.9222
116.325 39.9219
116.319 39.9223
116.319 39.9223
116.304 39.922
116.304 39.913
116.304 39.8872
116.304 39.8842
116.305 39.8861
116.304 39.8928
116.296 39.8998
116.296 39.9029
116.296 39.906
116.306 39.9051
116.311 39.9242
116.315 39.9228
116.315 39.9228
116.316 39.9222
116.316 39.9222
116.316 39.9222
116.316 39.9222
116.316 39.9222
116.319 39.9222
116.32 39.9266
116.328 39.9308
116.328 39.924
116.338 39.9219
116.348 39.9222
116.338 39.9324
116.338 39.9324
116.366 39.9225
116.377 39.9212
116.384 39.9208
116.4 39.9228
116.408 39.9228
116.421 39.9229
116.429 39.9228
116.433 39.9226
116.433 39.9229
116.433 39.9229
116.433 39.9229
116.433 39.9229
116.433 39.923
116.433 39.923
116.433 39.923
116.433 39.923
116.434 39.9226
116.444 39.9215
116.446 39.9205
116.456 39.9199
116.456 39.9216
116.456 39.9316
116.451 39.9271
116.449 39.9264
116.449 39.9264
116.454 39.9324
116.455 39.9324
116.456 39.9469
116.455 39.9626
116.487 39.9909
116.487 39.9909
116.507 40.0092
116.551 40.0283
116.579 40.0466
116.582 40.0684
116.587 40.0781
116.581 40.0784
116.581 40.0714
116.582 40.0638
116.579 40.0626
116.563 40.067
116.565 40.0703
116.567 40.0723
116.567 40.0723
116.567 40.0723
116.567 40.0723
116.567 40.0723
116.567 40.0723
116.567 40.0723
116.567 40.0723
116.567 40.0723
116.567 40.0723
116.567 40.0723
116.567 40.0723
116.567 40.0723
116.567 40.0723
116.567 40.0723
116.567 40.0723
116.567 40.0723
116.567 40.0723
116.567 40.0723
116.567 40.0723
116.567 40.0723
116.567 40.0723
116.567 40.0723
116.567 40.0723
116.567 40.0723
116.567 40.0723
116.567 40.0723
116.567 40.0723
116.567 40.0723
116.567 40.0723
116.567 40.0723
116.567 40.0723
116.567 40.0723
116.567 40.0723
116.567 40.0723
116.567 40.0723
116.567 40.0723
116.567 40.0723
116.567 40.0723
116.567 40.0723
116.567 40.0723
116.567 40.0723
116.567 40.0723
116.564 40.0712
116.564 40.0702
116.567 40.0637
116.571 40.0633
116.571 40.0633
116.571 40.0633
116.571 40.0633
116.579 40.0625
116.579 40.0625
116.579 40.0625
116.58 40.0625
116.583 40.0636
116.583 40.0636
116.583 40.0636
116.582 40.0649
116.582 40.0649
116.582 40.0661
116.582 40.0666
116.582 40.0684
116.582 40.0684
116.582 40.0691
116.581 40.0704
116.581 40.0704
116.581 40.0706
116.581 40.0706
116.581 40.0706
116.581 40.0706
116.581 40.074
116.582 40.0752
116.585 40.0766
116.582 40.0665
116.583 40.0514
116.565 40.0344
116.546 40.0268
116.491 39.9949
116.475 39.9802
116.447 39.9572
116.438 39.9632
116.402 39.9676
116.39 39.9673
116.395 39.9654
116.392 39.9639
116.396 39.9654
116.397 39.9672
116.438 39.963
116.447 39.957
116.475 39.9801
116.488 39.9923
116.542 40.0253
116.561 40.0324
116.584 40.0546
116.587 40.0784
116.583 40.063
116.582 40.0494
116.539 40.0245
116.521 40.0181
116.477 39.9828
116.468 39.9742
116.431 39.9878
116.414 39.9875
116.374 39.9865
116.374 39.9865
116.373 39.9837
116.373 39.9565
116.373 39.9534
116.373 39.9526
116.373 39.952
116.373 39.9498
116.374 39.947
116.402 39.9473
116.403 39.9499
116.402 39.9536
116.402 39.9555
116.402 39.9606
116.399 39.9609
116.392 39.962
116.391 39.962
116.39 39.962
116.388 39.9749
116.388 39.9808
116.381 39.9893
116.381 39.9911
116.38 40.0072
116.389 40.0084
116.401 39.9975
116.401 39.994
116.401 39.9791
116.401 39.9746
116.401 39.9582
116.401 39.9577
116.399 39.9577
116.402 39.9517
116.393 39.9502
116.39 39.9502
116.39 39.9474
116.402 39.941
116.403 39.9329
116.403 39.9329
116.403 39.9303
116.403 39.9303
116.403 39.9303
116.403 39.9303
116.403 39.9303
116.403 39.9303
116.403 39.9286
116.41 39.9228
116.42 39.9229
116.428 39.9162
116.429 39.9111
116.433 39.8668
116.432 39.8609
116.444 39.8584
116.454 39.8659
116.455 39.8703
116.455 39.8899
116.467 39.9069
116.467 39.9069
116.471 39.9068
116.472 39.907
116.472 39.9152
116.472 39.9236
116.473 39.9323
116.483 39.9324
116.483 39.9324
116.484 39.9509
116.493 39.9553
116.49 39.9612
116.484 39.9658
116.495 39.9706
116.505 39.9725
116.524 39.9766
116.521 39.9819
116.521 39.9819
116.521 39.9819
116.521 39.9819
116.521 39.9819
116.524 39.9783
116.514 39.9766
116.497 39.9696
116.497 39.9642
116.489 39.9615
116.492 39.9582
116.492 39.9581
116.492 39.9581
116.493 39.9564
116.49 39.95
116.486 39.9391
116.486 39.9325
116.474 39.9325
116.467 39.9324
116.466 39.9294
116.465 39.9291
116.459 39.9278
116.455 39.9315
116.455 39.9315
116.45 39.9271
116.443 39.9257
116.434 39.9231
116.428 39.9262
116.425 39.9484
116.408 39.9479
116.389 39.9572
116.39 39.9678
116.36 39.9665
116.36 39.9665
116.348 39.9681
116.343 39.9721
116.345 39.9721
116.325 39.9752
116.311 39.9791
116.31 39.9838
116.299 39.9859
116.299 39.9859
116.299 39.9841
116.308 39.9811
116.308 39.9818
116.309 39.9816
116.309 39.9816
116.311 39.9752
116.325 39.975
116.328 39.9707
116.329 39.9717
116.329 39.9716
116.329 39.9716
116.319 39.975
116.312 39.9748
116.307 39.9753
116.306 39.9789
116.31 39.9811
116.311 39.9751
116.313 39.9747
116.327 39.9751
116.328 39.9751
116.345 39.9751
116.347 39.9667
116.349 39.9509
116.35 39.9488
116.35 39.9488
116.343 39.9386
116.324 39.9372
116.304 39.934
116.304 39.9171
116.304 39.8982
116.309 39.8956
116.309 39.8956
116.313 39.8956
116.317 39.8954
116.319 39.8956
116.343 39.8797
116.343 39.8732
116.393 39.8703
116.401 39.8706
116.401 39.8706
116.416 39.857
116.425 39.8482
116.427 39.847
116.427 39.8496
116.427 39.8496
116.427 39.8517
116.426 39.8562
116.426 39.8565
116.418 39.8567
116.417 39.8566
116.411 39.8559
116.408 39.8558
116.415 39.8647
116.371 39.8692
116.343 39.8959
116.344 39.8965
116.35 39.911
116.35 39.911
116.373 39.9057
116.4 39.9065
116.401 39.9065
116.428 39.9071
116.484 39.9057
116.484 39.9073
116.485 39.9526
116.488 39.9526
116.501 39.9571
116.5 39.9581
116.506 39.973
116.507 39.9737
116.507 39.9737
116.521 39.9818
116.521 39.9818
116.521 39.9818
116.521 39.9818
116.521 39.9818
116.521 39.9818
116.521 39.9818
116.521 39.9818
116.521 39.9818
116.53 39.9756
116.531 39.9748
116.565 39.9745
116.565 39.9755
116.606 39.982
116.608 39.983
116.649 39.9849
116.65 39.9849
116.671 40.0185
116.671 40.021
116.663 40.0614
116.667 40.0616
116.75 40.0625
116.752 40.0633
116.81 40.0678
116.813 40.0684
116.89 40.0762
116.894 40.0765
116.97 40.0767
116.973 40.0759
117.022 40.0749
117.025 40.0763
117.085 40.0883
117.088 40.0885
117.113 40.0826
117.113 40.0826
117.113 40.0825
116.353 39.884
117.114 40.0814
117.114 40.0832
117.101 40.0877
117.093 40.0878
117.044 40.0831
117.033 40.0791
116.993 40.0697
116.984 40.0718
116.943 40.0814
116.929 40.0795
116.857 40.0734
116.843 40.0723
116.787 40.066
116.774 40.0662
116.744 40.063
116.695 40.0604
116.669 40.0619
116.631 40.0529
116.637 40.0342
116.608 40.0398
116.594 40.0447
116.456 40.0447
116.456 40.0447
116.586 40.0459
116.586 40.0477
116.586 40.0541
116.584 40.0573
116.545 40.0267
116.529 40.0208
116.48 39.9851
116.483 39.9869
116.484 39.974
116.49 39.9609
116.492 39.958
116.492 39.9591
116.495 39.9598
116.497 39.9682
116.497 39.9704
116.497 39.9708
116.497 39.9669
116.493 39.9632
116.49 39.9627
116.492 39.9581
116.492 39.9581
116.493 39.9571
116.496 39.9525
116.503 39.9544
116.504 39.9541
116.511 39.9479
116.511 39.9433
116.486 39.9325
116.478 39.9325
116.478 39.9325
116.468 39.9413
116.468 39.939
116.456 39.9325
116.456 39.9325
116.455 39.9061
116.439 39.8868
116.439 39.8868
116.44 39.8765
116.392 39.8704
116.378 39.8697
116.365 39.8663
116.362 39.8663
116.368 39.8686
116.368 39.8696
116.372 39.8689
116.383 39.8698
116.415 39.8652
116.415 39.8655
116.425 39.8833
116.425 39.886
116.424 39.8894
116.424 39.8894
116.424 39.8894
116.424 39.8893
116.423 39.8895
116.413 39.8957
116.382 39.8883
116.362 39.8879
116.361 39.8854
116.367 39.8877
116.368 39.8923
116.378 39.8986
116.378 39.8986
116.396 39.8989
116.396 39.8989
116.396 39.8989
116.396 39.8989
116.396 39.8989
116.395 39.8989
116.396 39.8989
116.396 39.8989
116.405 39.9037
116.405 39.9061
116.412 39.9072
116.412 39.9072
116.408 39.8916
116.406 39.8915
116.37 39.8881
116.346 39.8883
116.32 39.8847
116.32 39.8835
116.324 39.8832
116.324 39.8832
116.32 39.885
116.343 39.8831
116.343 39.8745
116.358 39.8532
116.378 39.8591
116.378 39.8609
116.382 39.8687
116.381 39.8755
116.379 39.888
116.383 39.8881
116.377 39.8817
116.374 39.8817
116.367 39.8771
116.363 39.8769
116.353 39.8817
116.353 39.8853
116.327 39.8886
116.32 39.8888
116.315 39.8881
116.311 39.8866
116.268 39.8723
116.255 39.8661
116.205 39.836
116.188 39.7859
116.171 39.7815
116.136 39.7527
116.136 39.7493
116.152 39.7532
116.153 39.7561
116.173 39.7803
116.18 39.7861
116.192 39.8078
116.202 39.8141
116.202 39.8188
116.206 39.843
116.214 39.8441
116.234 39.8548
116.242 39.8557
116.242 39.8557
116.247 39.8579
116.27 39.8703
116.295 39.8791
116.301 39.8806
116.301 39.8806
116.301 39.8806
116.301 39.8806
116.301 39.8806
116.301 39.8806
116.315 39.8877
116.321 39.8886
116.357 39.8879
116.361 39.8879
116.368 39.8937
116.368 39.8937
116.368 39.8979
116.392 39.8987
116.399 39.8993
116.412 39.8996
116.412 39.8996
116.423 39.8994
116.416 39.8992
116.421 39.9034
116.421 39.9034
116.421 39.9034
116.421 39.9034
116.422 39.9035
116.422 39.9035
116.422 39.9035
116.422 39.9035
116.426 39.9037
116.43 39.9006
116.432 39.8694
116.417 39.87
116.365 39.8687
116.35 39.8671
116.351 39.9003
116.35 39.9069
116.302 39.9063
116.29 39.9063
116.268 39.9062
116.27 39.9007
116.27 39.9007
116.277 39.9061
116.277 39.9061
116.277 39.9061
116.308 39.906
116.333 39.9127
116.333 39.9127
116.337 39.9127
116.342 39.8615
116.342 39.8615
116.358 39.8691
116.358 39.8707
116.358 39.8803
116.361 39.8819
116.368 39.8879
116.368 39.8927
116.378 39.8986
116.384 39.8988
116.405 39.8995
116.405 39.8995
116.412 39.8996
116.45 39.9027
116.484 39.9183
116.492 39.9217
116.529 39.9224
116.541 39.9224
116.553 39.9148
116.56 39.9148
116.57 39.9139
116.565 39.9146
116.547 39.9149
116.541 39.9149
116.537 39.928
116.537 39.9354
116.513 39.9399
116.493 39.9561
116.49 39.9609
116.484 39.9694
116.493 39.9706
116.513 39.9766
116.525 39.9769
116.521 39.9821
116.615 39.9863
116.644 39.9821
116.644 39.9821
116.621 39.9876
116.626 39.9866
116.637 39.9857
116.672 39.987
116.67 39.9986
116.662 40.0404
116.661 40.0514
116.712 40.0613
116.73 40.0627
116.793 40.0662
116.809 40.0677
116.867 40.0742
116.881 40.0754
116.943 40.0812
116.954 40.0808
117.007 40.0696
117.066 40.0868
117.076 40.0879
117.112 40.0854
117.114 40.0835
117.113 40.0826
117.115 40.0819
117.1 40.087
117.09 40.086
117.117 40.13
117.117 40.1314
117.117 40.1441
117.116 40.1444
117.116 40.1444
117.105 40.1557
117.105 40.1557
117.105 40.1564
117.105 40.1744
117.105 40.1759
117.11 40.2003
117.11 40.2021
117.119 40.231
117.12 40.2308
117.122 40.258
117.122 40.2598
117.128 40.294
117.128 40.2956
117.123 40.2993
117.123 40.2993
