116.318 39.6722
116.322 39.6824
116.337 39.7143
116.337 39.7143
116.339 39.7365
116.336 39.7755
116.339 39.8158
116.363 39.8547
116.381 39.8601
116.381 39.8816
116.379 39.8872
116.388 39.889
116.405 39.8913
116.411 39.8953
116.412 39.8946
116.415 39.8798
116.415 39.8646
116.424 39.8648
116.408 39.8645
116.408 39.8645
116.408 39.8645
116.408 39.8644
116.408 39.8644
116.393 39.8787
116.389 39.8845
116.378 39.8881
116.36 39.888
116.357 39.8969
116.355 39.8982
116.351 39.911
116.35 39.9256
116.347 39.9392
116.319 39.9447
116.319 39.9431
116.304 39.9328
116.304 39.9224
116.304 39.9126
116.31 39.9061
116.31 39.8982
116.286 39.8883
116.279 39.8877
116.279 39.8878
116.279 39.8878
116.279 39.8878
116.279 39.8878
116.279 39.8878
116.279 39.8858
116.279 39.8858
116.279 39.8858
116.279 39.8858
116.279 39.8858
116.279 39.8858
116.279 39.8858
116.279 39.8858
116.279 39.8858
116.279 39.8858
116.279 39.8858
116.279 39.8884
116.27 39.8959
116.268 39.9058
116.268 39.9058
116.269 39.9179
116.269 39.9263
116.268 39.8983
116.205 39.8927
116.158 39.8853
116.17 39.8758
116.17 39.8758
116.17 39.8758
116.17 39.8758
116.17 39.8758
116.169 39.8759
116.173 39.8901
116.245 39.8956
116.269 39.9166
116.259 39.924
116.268 39.927
116.268 39.9372
116.283 39.9458
116.299 39.9434
116.305 39.9403
116.319 39.9659
116.345 39.9663
116.371 39.9666
116.371 39.9666
116.378 39.9862
116.409 39.9871
116.418 39.9873
116.418 39.9945
116.419 40.0005
116.411 39.9938
116.411 39.9938
116.399 39.9911
116.41 39.9871
116.411 39.9871
116.411 39.987
116.412 39.987
116.442 39.9842
116.447 39.9909
116.456 39.9956
116.456 39.9956
116.447 39.9808
116.416 39.9876
116.408 39.9874
116.402 40.003
116.401 40.004
116.402 40.0018
116.401 39.9758
116.413 39.9675
116.455 39.9477
116.455 39.9477
116.447 39.9318
116.428 39.9309
116.428 39.9309
116.42 39.9203
116.408 39.9143
116.403 39.9133
116.387 39.9062
116.372 39.906
116.361 39.9061
116.35 39.9073
116.343 39.8893
116.339 39.8496
116.339 39.8421
116.333 39.8479
116.309 39.8652
116.305 39.8897
116.304 39.8892
116.304 39.8891
116.304 39.8891
116.297 39.8804
116.112 39.7282
116.112 39.7282
116.112 39.7282
116.112 39.7282
116.112 39.7282
116.112 39.7282
116.112 39.7282
116.112 39.7282
116.112 39.7282
116.112 39.7282
116.112 39.7282
116.112 39.7282
116.112 39.7281
116.112 39.7281
116.112 39.7281
116.112 39.7285
116.112 39.7285
116.112 39.7284
116.112 39.7284
116.112 39.7284
116.112 39.7284
116.112 39.7284
116.112 39.7284
116.112 39.7284
116.112 39.7284
116.112 39.7284
116.112 39.7284
116.112 39.7284
116.112 39.7284
116.112 39.7284
116.112 39.7284
116.112 39.7284
116.112 39.728
116.112 39.728
116.112 39.728
116.112 39.7281
116.112 39.7281
116.112 39.7281
116.112 39.7281
116.112 39.7283
116.112 39.7282
116.112 39.7282
116.112 39.7282
116.112 39.7282
116.112 39.7282
116.112 39.7282
116.112 39.7282
116.112 39.7282
116.112 39.7282
116.112 39.7282
116.112 39.7282
116.112 39.7282
116.112 39.7281
116.112 39.7281
116.112 39.7284
116.112 39.7283
116.112 39.7284
116.112 39.7282
116.112 39.7279
116.112 39.7279
116.112 39.728
116.114 39.7285
116.136 39.7449
116.136 39.7509
116.136 39.751
116.136 39.751
116.136 39.751
116.136 39.751
116.136 39.7512
116.136 39.7512
116.136 39.7511
116.136 39.7521
116.136 39.7522
116.154 39.7692
116.203 39.8141
116.206 39.8404
116.25 39.8638
116.27 39.8791
116.268 39.898
116.259 39.9064
116.231 39.9064
116.209 39.9072
116.209 39.9072
116.209 39.9072
116.209 39.9072
116.209 39.9072
116.216 39.9062
116.248 39.9027
116.259 39.9059
116.268 39.9164
116.269 39.9292
116.279 39.9299
116.269 39.9615
116.32 39.9844
116.32 39.9844
116.338 39.9918
116.342 39.9919
116.348 39.9763
116.315 39.9657
116.304 39.9412
116.304 39.9129
116.297 39.9063
116.296 39.9064
116.279 39.9062
116.269 39.9162
116.268 39.9136
116.269 39.9062
116.292 39.9062
116.296 39.906
116.301 39.9058
116.305 39.9081
116.305 39.9094
116.304 39.9407
116.297 39.9438
116.279 39.951
116.279 39.9492
116.279 39.9492
116.291 39.9455
116.343 39.9383
116.358 39.9335
116.359 39.9227
116.357 39.9134
116.367 39.9101
116.367 39.9101
116.359 39.9171
116.35 39.9331
116.352 39.9465
116.346 39.9411
116.344 39.9432
116.346 39.9394
116.346 39.9394
116.324 39.9376
116.324 39.9375
116.323 39.9375
116.318 39.9311
116.321 39.9219
116.338 39.9218
116.34 39.922
116.358 39.9174
116.36 39.9117
116.365 39.9081
116.365 39.9093
116.355 39.9116
116.352 39.9173
116.35 39.9191
116.358 39.9446
116.411 39.9478
116.419 39.954
116.424 39.958
116.428 39.9535
116.427 39.9526
116.428 39.952
116.428 39.9522
116.428 39.9526
116.434 39.9478
116.438 39.9359
116.435 39.9255
116.433 39.925
116.428 39.9472
116.38 39.9477
116.371 39.9477
116.369 39.9476
116.365 39.9558
116.368 39.9563
116.368 39.9564
116.353 39.9566
116.353 39.9496
116.356 39.9445
116.331 39.9369
116.288 39.9466
116.293 39.916
116.307 39.9106
116.321 39.9096
116.318 39.9065
116.307 39.9072
116.306 39.9074
116.304 39.9157
116.305 39.9305
116.318 39.9374
116.323 39.937
116.323 39.937
116.324 39.937
116.338 39.9225
116.349 39.9218
116.351 39.9112
116.345 39.8969
116.351 39.8669
116.359 39.8677
116.393 39.8646
116.4 39.8588
116.394 39.8664
116.395 39.8768
116.406 39.8869
116.406 39.8869
116.411 39.8953
116.408 39.8997
116.408 39.8997
116.405 39.9013
116.405 39.9073
116.405 39.9073
116.405 39.907
116.405 39.907
116.405 39.9074
116.395 39.9065
116.378 39.9059
116.369 39.9058
116.359 39.9064
116.34 39.9059
116.34 39.9062
116.347 39.9126
116.349 39.9172
116.35 39.9288
116.363 39.9467
116.416 39.9479
116.428 39.9549
116.429 39.9531
116.434 39.9523
116.433 39.9533
116.433 39.9533
116.426 39.9571
116.426 39.953
116.413 39.9479
116.42 39.9357
116.411 39.9253
116.412 39.9144
116.408 39.9139
116.397 39.9167
116.368 39.9227
116.347 39.9223
116.323 39.9221
116.314 39.9272
116.314 39.9272
116.323 39.9268
116.337 39.9268
116.34 39.9268
116.35 39.9265
116.35 39.9107
116.368 39.9058
116.396 39.9064
116.396 39.9064
116.42 39.9069
116.42 39.9039
116.414 39.9002
116.409 39.8999
116.386 39.899
116.369 39.8984
116.337 39.8967
116.332 39.8977
116.328 39.8962
116.324 39.8888
116.324 39.8889
116.338 39.8964
116.35 39.918
116.35 39.9312
116.355 39.9511
116.355 39.9524
116.353 39.9479
116.355 39.9626
116.372 39.9663
116.368 39.9475
116.346 39.9395
116.322 39.9376
116.322 39.9376
116.312 39.9597
116.31 39.9618
116.318 39.952
116.318 39.9311
116.313 39.9311
116.317 39.9658
116.327 39.9831
116.343 39.9752
116.312 39.9747
116.312 39.9718
116.317 39.9533
116.313 39.9534
116.304 39.9397
116.304 39.9214
116.304 39.8925
116.304 39.889
116.304 39.8892
116.304 39.889
116.258 39.8672
116.206 39.8409
116.193 39.7939
116.139 39.7557
116.139 39.7557
116.136 39.7419
116.13 39.7304
116.112 39.7283
116.112 39.7283
116.112 39.7283
116.112 39.7283
116.112 39.7283
116.112 39.7282
116.112 39.7282
116.112 39.7282
116.112 39.7282
116.112 39.7282
116.112 39.7282
116.112 39.7282
116.112 39.7282
116.112 39.7282
116.112 39.7282
116.112 39.7282
116.112 39.7282
116.112 39.7282
116.112 39.7282
116.112 39.7282
116.112 39.7282
116.112 39.7282
116.112 39.7282
116.112 39.7282
116.112 39.7282
116.112 39.7282
116.112 39.7282
116.112 39.7282
116.112 39.7282
116.112 39.7284
116.112 39.7281
116.112 39.7283
116.112 39.7283
116.112 39.7283
116.112 39.7276
116.112 39.7285
116.111 39.7271
116.112 39.7279
116.112 39.7284
116.112 39.7284
116.112 39.7283
116.112 39.7283
116.112 39.7282
116.112 39.7282
116.112 39.7282
116.112 39.7282
116.112 39.7282
116.112 39.7282
116.112 39.7282
116.112 39.7282
116.112 39.7282
116.112 39.7282
116.112 39.7282
116.112 39.7282
116.112 39.7282
116.112 39.7282
116.112 39.7282
116.112 39.7282
116.112 39.7282
116.112 39.7282
116.112 39.7282
116.112 39.7282
116.112 39.7282
116.112 39.7282
116.112 39.7282
116.112 39.7282
116.112 39.7282
116.112 39.7282
116.112 39.7282
116.112 39.7282
116.112 39.7282
116.112 39.7282
116.112 39.7282
116.112 39.7282
116.112 39.7282
116.112 39.7282
116.112 39.7282
116.112 39.7282
116.112 39.7283
116.112 39.7283
116.112 39.7283
116.112 39.7283
116.112 39.7283
116.136 39.7492
116.136 39.7492
116.173 39.7817
116.207 39.8262
116.225 39.8478
116.273 39.8727
116.305 39.8827
116.304 39.8993
116.304 39.9119
116.295 39.9246
116.295 39.9305
116.297 39.9337
116.296 39.9323
116.304 39.9135
116.322 39.906
116.34 39.9055
116.347 39.9091
116.333 39.9144
116.338 39.917
116.347 39.9171
116.35 39.9086
116.364 39.8983
116.371 39.8919
116.373 39.8893
116.371 39.8967
116.379 39.8871
116.373 39.8774
116.368 39.8868
116.357 39.8917
116.347 39.8888
116.347 39.8993
116.347 39.8996
116.347 39.8994
116.347 39.8994
116.341 39.9041
116.34 39.9058
116.341 39.906
116.368 39.9047
116.372 39.8986
116.372 39.8986
116.362 39.9019
116.362 39.9022
116.375 39.9058
116.398 39.9064
116.418 39.9066
116.418 39.9066
116.415 39.9009
116.414 39.9002
116.413 39.9
116.412 39.9006
116.412 39.8965
116.406 39.8981
116.4 39.8993
116.389 39.899
116.389 39.899
116.389 39.899
116.389 39.899
116.387 39.8991
116.391 39.9062
116.4 39.9065
116.42 39.9069
116.43 39.9072
116.425 39.91
116.425 39.91
116.425 39.91
116.42 39.9074
116.418 39.9068
116.414 39.907
116.405 39.9075
116.405 39.9075
116.405 39.9075
116.405 39.9075
116.405 39.9075
116.405 39.9075
116.405 39.9074
116.395 39.9064
116.366 39.9058
116.346 39.9059
116.312 39.9063
116.292 39.9064
116.277 39.9146
116.282 39.921
116.282 39.921
116.294 39.9226
116.296 39.9226
116.308 39.9391
116.318 39.9487
116.328 39.9509
116.343 39.9453
116.346 39.939
116.34 39.9378
116.345 39.9386
116.35 39.9382
116.345 39.9406
116.313 39.9702
116.313 39.9706
116.319 39.97
116.305 39.9624
116.292 39.9669
116.292 39.9669
116.292 39.9639
116.292 39.9648
116.295 39.9774
116.289 39.9911
116.291 39.9907
116.293 39.9895
116.311 39.9819
116.314 39.9691
116.319 39.9656
116.371 39.9666
116.425 39.9681
116.455 39.9495
116.452 39.9321
116.444 39.943
116.436 39.9472
116.436 39.9471
116.436 39.9471
116.436 39.9471
116.436 39.9471
116.436 39.9471
116.436 39.9471
116.428 39.9516
116.428 39.9517
116.428 39.9517
116.428 39.9514
116.428 39.9517
116.428 39.9517
116.428 39.9517
116.428 39.9517
116.428 39.9517
116.428 39.9517
116.428 39.9517
116.428 39.9517
116.428 39.9517
116.428 39.9517
116.428 39.9517
116.428 39.9517
116.428 39.9515
116.428 39.9525
116.435 39.9476
116.436 39.9399
116.427 39.9377
116.425 39.9237
116.415 39.923
116.4 39.9229
116.397 39.9105
116.4 39.9138
116.405 39.914
116.406 39.898
116.406 39.8929
116.391 39.8896
116.386 39.8886
116.379 39.8882
116.37 39.888
116.368 39.8783
116.366 39.8746
116.358 39.8793
116.357 39.8846
116.361 39.8879
116.375 39.888
116.397 39.8909
116.404 39.8892
116.404 39.8892
116.406 39.8869
116.421 39.892
116.44 39.8966
116.434 39.8924
116.434 39.8922
116.432 39.8831
116.408 39.8893
116.413 39.8884
116.415 39.8699
116.42 39.8626
116.416 39.8645
116.413 39.8894
116.405 39.9007
116.411 39.909
116.405 39.9074
116.405 39.9074
116.405 39.9072
116.378 39.9059
116.371 39.923
116.367 39.9298
116.367 39.9298
116.371 39.9149
116.37 39.9082
116.366 39.9076
116.366 39.9076
116.35 39.9216
116.332 39.9369
116.282 39.9457
116.282 39.944
116.299 39.9423
116.301 39.942
116.301 39.942
116.351 39.9421
116.387 39.9395
116.394 39.9342
116.379 39.9319
116.358 39.9193
116.353 39.914
116.36 39.9058
116.403 39.9065
116.438 39.9071
116.454 39.9033
116.462 39.8968
116.462 39.8968
116.456 39.9061
116.427 39.9072
116.406 39.9086
116.366 39.9062
116.346 39.906
116.311 39.9063
116.304 39.8897
116.304 39.8894
116.304 39.8892
116.304 39.8892
116.304 39.8892
116.206 39.841
116.191 39.7894
116.129 39.7382
116.116 39.7295
116.108 39.7289
116.108 39.7289
116.108 39.7289
116.108 39.7289
116.108 39.7289
116.108 39.7289
116.108 39.7289
116.108 39.7289
116.108 39.7289
116.108 39.7289
116.108 39.7289
116.108 39.7289
116.108 39.7289
116.108 39.7289
116.108 39.7289
116.108 39.7289
116.108 39.7289
116.108 39.7289
116.108 39.7289
116.108 39.7289
116.108 39.7289
116.108 39.7289
116.108 39.7289
116.112 39.7281
116.112 39.7281
116.112 39.7282
116.112 39.7284
116.112 39.7284
116.112 39.7281
116.112 39.7281
116.112 39.7281
116.112 39.7284
116.112 39.7283
116.112 39.7283
116.112 39.7283
116.112 39.7283
116.112 39.7283
116.112 39.7282
116.112 39.7282
116.112 39.7282
116.112 39.7282
116.112 39.7282
116.112 39.7282
116.112 39.7282
116.112 39.7282
116.112 39.7282
116.112 39.7282
116.112 39.7282
116.112 39.7282
116.112 39.7282
116.112 39.7282
116.112 39.7282
116.112 39.7282
116.112 39.7282
116.112 39.7282
116.112 39.7282
116.112 39.7282
116.112 39.7282
116.112 39.7282
116.112 39.7282
116.112 39.7282
116.112 39.7282
116.112 39.7282
116.112 39.7283
116.112 39.7283
116.112 39.7282
116.112 39.7282
116.112 39.7282
116.112 39.7282
116.112 39.7282
116.112 39.7282
116.112 39.7282
116.112 39.7282
116.112 39.7282
116.112 39.7283
116.112 39.7283
116.112 39.7281
116.112 39.7283
116.112 39.7283
116.112 39.7283
116.112 39.7282
116.112 39.7282
116.112 39.7282
116.112 39.7283
116.112 39.7283
116.112 39.7282
116.112 39.7283
116.112 39.7283
116.112 39.7283
116.112 39.7282
116.112 39.7279
116.112 39.7283
116.112 39.7283
116.112 39.7283
116.111 39.7282
116.112 39.7283
116.112 39.7283
116.112 39.7283
116.112 39.7283
116.112 39.7283
116.111 39.7282
116.112 39.7282
116.112 39.7283
116.112 39.7284
116.112 39.7283
116.112 39.7283
116.112 39.7283
116.112 39.7283
116.112 39.7283
116.112 39.728
116.112 39.7281
116.129 39.7375
116.136 39.7518
116.186 39.7842
116.206 39.8405
116.259 39.8837
116.259 39.8809
116.259 39.8974
116.38 39.986
116.381 39.9755
116.373 39.9736
116.373 39.9736
116.373 39.9736
116.373 39.9677
116.373 39.9677
116.373 39.9677
116.373 39.9677
116.373 39.9677
116.368 39.9669
116.362 39.9568
116.348 39.9747
116.329 39.9771
116.329 39.9815
116.32 39.9798
116.31 39.9783
116.31 39.9773
116.311 39.9751
116.315 39.966
116.319 39.9655
116.33 39.951
116.34 39.9441
116.335 39.9374
116.335 39.9374
116.327 39.9354
116.324 39.927
116.321 39.9269
116.333 39.9308
116.333 39.9344
116.327 39.9313
116.327 39.9313
116.327 39.9314
116.327 39.9313
116.319 39.9338
116.32 39.9351
116.331 39.9366
116.373 39.9507
116.389 39.9703
116.395 39.9715
116.396 39.9695
116.382 39.9782
116.379 39.9776
116.376 39.9755
116.367 39.9668
116.39 39.9677
116.385 39.9715
116.384 39.9674
116.402 39.9676
116.445 39.9586
116.455 39.9215
116.456 39.8928
116.473 39.8918
116.483 39.8835
116.483 39.8771
116.48 39.8752
116.471 39.8829
116.463 39.883
116.483 39.8772
116.483 39.8757
116.473 39.8783
116.476 39.8892
116.476 39.8892
116.476 39.8892
116.472 39.8891
116.471 39.8891
116.471 39.8891
116.47 39.8886
116.47 39.8882
116.472 39.9006
116.47 39.9076
116.466 39.9077
116.457 39.9062
116.455 39.8998
116.455 39.895
116.45 39.8939
116.45 39.8932
116.439 39.8813
116.433 39.8673
116.426 39.8672
116.42 39.8687
116.42 39.8687
116.42 39.8687
116.434 39.8727
116.434 39.8737
116.44 39.8923
116.45 39.892
116.455 39.8852
116.441 39.875
116.445 39.8787
116.445 39.8787
116.45 39.8733
116.447 39.8803
116.438 39.8834
116.424 39.8893
116.413 39.8946
116.412 39.8982
116.421 39.9045
116.427 39.9037
116.414 39.8996
116.421 39.9035
116.421 39.9035
116.422 39.9034
116.422 39.9035
116.422 39.9035
116.423 39.9036
116.44 39.8766
116.439 39.8746
116.44 39.8831
116.445 39.8804
116.45 39.8794
116.45 39.8826
116.447 39.8833
116.416 39.8826
116.415 39.8661
116.416 39.8648
116.413 39.8906
116.406 39.9024
116.405 39.9075
116.405 39.9077
116.41 39.9142
116.403 39.9132
116.403 39.9132
116.407 39.9141
116.412 39.9012
116.41 39.8978
116.41 39.8963
116.413 39.8959
116.429 39.9124
116.436 39.9395
116.438 39.9386
116.435 39.9255
116.42 39.923
116.412 39.9141
116.405 39.9074
116.405 39.9073
116.405 39.9074
116.405 39.9074
116.366 39.9075
116.367 39.9086
116.367 39.9075
116.327 39.9064
116.296 39.9064
116.311 39.909
116.304 39.8899
116.304 39.8884
116.304 39.8895
116.304 39.8891
116.304 39.8894
116.304 39.8894
116.304 39.8888
116.304 39.8888
116.206 39.8338
116.161 39.7769
116.136 39.7443
116.133 39.7297
116.136 39.7253
116.135 39.7298
116.133 39.7298
116.133 39.7298
116.133 39.7298
116.133 39.7298
116.133 39.7298
116.133 39.7298
116.133 39.7298
116.133 39.7298
116.133 39.7298
116.133 39.7298
116.13 39.7297
116.094 39.7193
116.082 39.719
116.082 39.719
116.082 39.719
116.082 39.719
116.082 39.719
116.082 39.719
116.082 39.719
116.082 39.719
116.082 39.719
116.082 39.719
116.082 39.719
116.082 39.719
116.082 39.719
116.082 39.719
116.084 39.719
116.114 39.7285
116.111 39.7282
116.111 39.7282
116.111 39.7282
116.111 39.7282
116.111 39.7282
116.112 39.7282
116.112 39.7282
116.112 39.7282
116.112 39.7282
116.112 39.7281
116.112 39.7281
116.112 39.7281
116.112 39.7281
116.112 39.7281
116.112 39.7281
116.112 39.7281
116.112 39.7281
116.112 39.7281
116.112 39.7281
116.112 39.7281
116.112 39.7281
116.112 39.7281
116.112 39.7281
116.112 39.7284
116.112 39.7284
116.112 39.7284
116.112 39.7284
116.112 39.7284
116.112 39.728
116.112 39.7286
116.111 39.7279
116.111 39.7279
116.112 39.7282
116.112 39.7282
116.112 39.7282
116.112 39.7282
116.112 39.7282
116.112 39.7282
116.112 39.7282
116.112 39.7282
116.112 39.7282
116.112 39.7282
116.112 39.7282
116.112 39.7282
116.112 39.7282
116.112 39.7282
116.112 39.7282
116.112 39.7282
116.112 39.7282
116.112 39.7282
116.112 39.7282
116.112 39.7282
116.112 39.7282
116.112 39.7282
116.112 39.7282
116.112 39.7282
116.112 39.7282
116.112 39.7282
116.112 39.7282
116.112 39.7282
116.112 39.7282
116.112 39.7282
116.112 39.7282
116.112 39.7282
116.112 39.7282
116.111 39.7287
116.111 39.7287
116.111 39.7283
116.112 39.7284
116.112 39.7284
116.112 39.7284
116.112 39.728
116.112 39.7284
116.112 39.7283
116.112 39.7283
116.111 39.7283
116.112 39.7283
116.112 39.7282
116.112 39.7282
116.112 39.7282
116.112 39.7283
116.112 39.7283
116.112 39.7282
116.112 39.7282
116.112 39.7282
116.112 39.7282
116.112 39.7282
116.112 39.7282
116.112 39.7282
116.112 39.7283
116.112 39.7283
116.112 39.7283
116.112 39.7283
116.112 39.7283
116.111 39.7278
116.112 39.7284
116.109 39.7246
116.113 39.7236
116.113 39.7236
116.113 39.7237
116.113 39.7237
116.113 39.7237
116.113 39.7237
116.113 39.7237
116.113 39.7236
116.113 39.7241
116.112 39.7256
116.112 39.7259
116.112 39.7257
116.112 39.7258
116.113 39.7287
116.113 39.7287
116.112 39.7297
116.112 39.7296
116.112 39.7283
116.112 39.7283
116.112 39.7283
116.112 39.7283
116.112 39.7284
116.112 39.7284
116.112 39.7283
116.112 39.7281
116.112 39.7282
116.112 39.7282
116.112 39.7282
116.112 39.7282
116.112 39.7282
116.112 39.7282
116.112 39.7282
116.112 39.7283
116.112 39.7283
116.112 39.7283
116.112 39.7283
116.112 39.7281
116.112 39.7282
116.112 39.7281
116.112 39.7282
116.112 39.7282
116.115 39.7298
116.13 39.7351
116.13 39.735
116.117 39.7297
116.111 39.7282
116.111 39.728
116.111 39.728
116.111 39.728
116.111 39.728
116.111 39.728
116.111 39.728
116.111 39.728
116.111 39.728
116.111 39.728
116.112 39.7282
116.112 39.7284
116.112 39.7283
116.112 39.7283
116.112 39.7283
116.112 39.7284
116.094 39.7193
116.057 39.7284
116.044 39.7444
116.027 39.777
115.988 39.7934
115.907 39.8247
115.874 39.8124
115.854 39.8179
115.823 39.8217
115.819 39.8115
115.805 39.8257
115.784 39.8115
115.778 39.801
115.774 39.7929
115.774 39.7929
115.774 39.7929
115.774 39.7927
115.779 39.8006
115.779 39.8005
115.778 39.7964
115.774 39.7931
115.774 39.7932
115.774 39.7932
115.774 39.7932
115.774 39.7932
115.774 39.7932
115.774 39.7932
115.774 39.7932
115.774 39.7932
115.774 39.7931
115.774 39.7931
115.774 39.7931
115.774 39.7931
115.774 39.7931
115.774 39.7931
115.774 39.7931
115.774 39.7931
115.774 39.7931
115.774 39.7931
115.774 39.7931
115.774 39.7931
115.774 39.7931
115.774 39.7931
115.774 39.7931
115.774 39.7931
115.774 39.7931
115.774 39.7931
115.774 39.7931
115.774 39.7931
115.774 39.7931
115.774 39.7931
115.774 39.7931
115.774 39.7931
115.774 39.7931
115.774 39.7931
115.774 39.7931
115.774 39.7931
115.774 39.7931
115.774 39.7931
115.774 39.7931
115.774 39.7931
115.774 39.7931
115.774 39.7931
115.774 39.7931
115.774 39.7931
115.774 39.7931
115.774 39.7931
115.774 39.7931
115.774 39.7931
115.774 39.7931
115.774 39.7931
115.774 39.7931
115.774 39.7931
115.774 39.7931
115.774 39.7931
115.774 39.7931
115.774 39.7931
115.774 39.7931
115.774 39.7931
115.774 39.7931
115.774 39.7931
115.774 39.7929
115.774 39.793
115.774 39.793
115.774 39.793
115.774 39.793
115.774 39.793
115.774 39.793
115.774 39.793
115.774 39.7931
115.774 39.7931
115.774 39.7931
115.774 39.7931
115.774 39.7931
115.774 39.7931
115.774 39.7931
115.774 39.7931
115.779 39.7983
115.779 39.7983
115.779 39.8002
115.779 39.8002
115.779 39.8002
115.779 39.8002
115.779 39.8002
115.779 39.8002
115.779 39.8002
115.779 39.8002
115.779 39.8002
115.779 39.8002
115.779 39.8002
115.779 39.8002
115.779 39.8002
115.779 39.8002
115.779 39.8002
115.779 39.8002
115.779 39.8002
115.779 39.8002
115.779 39.8002
115.774 39.7931
115.774 39.7931
115.774 39.7931
115.774 39.7931
115.774 39.7931
115.774 39.7931
115.774 39.7931
115.774 39.7931
115.774 39.7931
115.774 39.7931
115.774 39.7931
115.774 39.7931
115.774 39.7931
115.774 39.7931
115.774 39.7931
115.774 39.7931
115.774 39.7931
115.774 39.7931
115.774 39.7931
115.774 39.7931
115.774 39.7931
115.774 39.7931
115.774 39.7931
115.774 39.7931
115.774 39.7931
115.774 39.7931
115.774 39.7931
115.774 39.7931
115.774 39.7931
115.779 39.8004
115.775 39.7938
115.774 39.7931
115.774 39.7931
115.774 39.7931
115.774 39.7931
115.774 39.7931
115.774 39.7931
115.774 39.7931
115.774 39.7931
115.774 39.7931
115.774 39.7931
115.774 39.7931
115.774 39.7931
115.774 39.7931
115.774 39.7931
115.774 39.7931
115.774 39.7931
115.774 39.7931
115.774 39.7931
115.774 39.7931
115.774 39.7931
115.774 39.7931
115.774 39.7931
115.774 39.7931
115.774 39.7931
115.774 39.7931
115.774 39.7931
115.774 39.7931
115.774 39.7931
115.774 39.7931
115.774 39.7931
115.774 39.7931
115.774 39.7931
115.774 39.7931
115.774 39.7931
115.774 39.7931
115.774 39.7931
115.774 39.7931
115.774 39.7931
115.774 39.7931
115.774 39.7931
115.774 39.7931
115.774 39.7931
115.774 39.7931
115.774 39.7931
115.774 39.7931
115.774 39.7931
115.774 39.7931
115.774 39.7931
115.774 39.7931
115.774 39.7931
115.774 39.7931
115.774 39.7931
115.774 39.7931
115.774 39.7931
115.774 39.7931
115.774 39.7931
115.774 39.7931
115.774 39.7931
115.774 39.7931
115.774 39.7931
115.774 39.7931
115.774 39.7931
115.774 39.7931
116.112 39.7284
115.774 39.793
115.774 39.793
115.774 39.793
115.774 39.793
115.774 39.793
115.774 39.793
115.774 39.7928
115.774 39.793
115.774 39.793
115.774 39.793
115.774 39.793
115.774 39.7931
115.774 39.7931
115.774 39.7931
115.774 39.7931
115.774 39.7931
115.774 39.7931
115.774 39.7931
115.774 39.7931
115.774 39.7931
115.774 39.7931
115.774 39.7931
115.774 39.7931
115.774 39.7931
115.774 39.7931
115.774 39.7931
115.774 39.7931
115.774 39.7931
115.774 39.7931
115.774 39.7931
115.774 39.7931
115.774 39.7931
115.774 39.7931
115.774 39.7931
115.774 39.7931
115.774 39.7931
115.774 39.7931
115.774 39.7931
115.774 39.7931
115.774 39.7931
115.774 39.7931
115.774 39.7931
115.774 39.7931
115.774 39.7931
115.774 39.7931
115.774 39.7931
115.774 39.7931
115.774 39.7931
115.774 39.7931
115.774 39.7931
115.774 39.7931
115.774 39.7931
115.774 39.7931
115.774 39.7931
115.774 39.7931
115.774 39.7931
115.774 39.7931
115.774 39.7931
115.774 39.7931
115.774 39.7931
115.774 39.7931
115.774 39.7931
115.774 39.7931
115.774 39.7931
115.774 39.7931
115.774 39.7931
115.774 39.7931
115.774 39.7931
115.774 39.7931
115.774 39.7931
115.774 39.7931
115.774 39.7929
115.774 39.793
115.774 39.793
115.774 39.7929
115.774 39.7929
115.774 39.7929
115.774 39.7929
115.774 39.7929
115.774 39.7929
115.774 39.7929
115.774 39.7929
115.774 39.7929
115.774 39.7929
115.774 39.7929
115.774 39.7929
115.774 39.7929
115.774 39.7929
115.774 39.7929
115.774 39.7929
115.774 39.7929
115.774 39.7929
115.774 39.793
115.774 39.793
115.774 39.793
115.774 39.793
115.774 39.793
115.774 39.793
115.774 39.793
115.774 39.793
115.774 39.793
115.774 39.793
115.774 39.793
115.774 39.793
115.774 39.793
115.774 39.793
115.774 39.793
115.774 39.793
115.774 39.793
115.774 39.793
115.774 39.793
115.774 39.793
115.774 39.793
115.774 39.793
115.774 39.793
115.774 39.793
115.774 39.793
115.774 39.793
115.774 39.793
115.774 39.793
115.774 39.793
115.774 39.793
115.774 39.793
115.774 39.793
115.774 39.793
115.774 39.793
115.774 39.793
115.774 39.793
115.774 39.7931
115.774 39.7931
115.774 39.7931
115.774 39.7931
115.779 39.8002
115.779 39.8002
115.779 39.8002
115.779 39.8002
115.779 39.8002
115.779 39.8002
115.779 39.8002
115.779 39.8002
115.779 39.8002
115.779 39.8002
115.779 39.8002
115.779 39.8002
115.779 39.8002
115.779 39.8
115.779 39.8
115.779 39.8001
115.779 39.8001
115.779 39.8001
115.779 39.8001
115.779 39.8001
115.779 39.8001
115.779 39.8001
115.779 39.8001
115.779 39.8001
115.779 39.8001
115.779 39.8001
115.779 39.8001
115.779 39.8001
115.779 39.8001
115.779 39.8001
115.779 39.8001
115.779 39.8001
115.779 39.8001
115.779 39.8001
115.779 39.8001
115.779 39.8001
115.779 39.8001
115.779 39.8001
115.779 39.8001
115.779 39.8001
115.779 39.8001
115.779 39.8001
115.779 39.8001
115.779 39.8001
115.779 39.8001
115.779 39.8001
115.779 39.8001
115.779 39.8001
115.779 39.8001
115.779 39.8001
115.779 39.8001
115.779 39.8001
115.779 39.8001
115.779 39.8001
115.779 39.8001
115.779 39.8001
115.779 39.8001
115.779 39.8002
115.779 39.8001
115.779 39.8002
115.779 39.8002
115.779 39.8002
115.779 39.8002
115.779 39.8002
115.774 39.7931
115.774 39.7931
115.774 39.7931
115.774 39.7931
115.774 39.7931
115.774 39.7931
115.774 39.7931
115.774 39.7931
115.774 39.7931
115.774 39.7931
115.774 39.7931
115.774 39.7931
115.774 39.7931
115.774 39.7931
115.774 39.7931
115.774 39.7931
115.774 39.7931
115.774 39.7931
115.774 39.7931
115.774 39.7931
115.774 39.7931
115.774 39.7931
115.774 39.7931
115.774 39.7931
115.774 39.7931
115.774 39.7931
115.774 39.7931
115.774 39.7931
115.774 39.7931
115.774 39.7931
115.774 39.7931
115.774 39.7931
115.774 39.7931
115.774 39.7931
115.774 39.7931
115.774 39.7931
115.774 39.7931
115.774 39.7931
115.774 39.7931
115.774 39.7931
115.774 39.7931
115.774 39.7931
115.774 39.7931
115.774 39.7931
115.774 39.7931
115.774 39.7931
115.774 39.7931
115.774 39.7931
115.774 39.7931
115.774 39.7931
115.774 39.7931
115.774 39.7931
115.774 39.7931
115.774 39.7931
115.774 39.7931
115.774 39.7931
115.774 39.7931
115.774 39.7931
115.774 39.7931
115.774 39.7931
115.774 39.7931
115.774 39.7931
115.774 39.7931
115.774 39.7931
115.774 39.7931
115.774 39.7931
115.774 39.7931
115.774 39.7931
115.774 39.7931
115.774 39.7931
115.774 39.7931
115.774 39.7931
115.774 39.7931
115.774 39.7931
115.774 39.7931
115.774 39.7931
115.774 39.7931
115.774 39.7931
115.774 39.7931
115.774 39.7931
115.774 39.7931
115.774 39.7931
115.774 39.7931
115.774 39.7931
115.774 39.7931
115.774 39.7931
115.774 39.7931
115.774 39.7931
115.774 39.7931
115.774 39.7931
115.774 39.7931
115.774 39.7931
115.774 39.7931
115.774 39.793
115.774 39.7931
115.774 39.7931
115.774 39.7931
115.774 39.793
115.774 39.793
115.774 39.793
115.774 39.793
115.774 39.793
115.774 39.793
115.774 39.793
115.774 39.793
115.774 39.793
115.774 39.793
115.774 39.793
115.774 39.793
115.774 39.793
115.774 39.793
115.774 39.793
115.774 39.793
115.774 39.793
115.774 39.7931
115.774 39.7927
115.77 39.7843
115.77 39.7845
115.77 39.7845
115.77 39.7845
115.77 39.7845
115.77 39.7843
115.77 39.7843
115.77 39.7844
115.77 39.7844
115.767 39.7888
115.764 39.7858
115.764 39.7858
115.764 39.7858
115.764 39.7858
115.764 39.7858
115.764 39.7858
115.764 39.7858
115.764 39.7858
115.764 39.7858
115.764 39.7858
115.764 39.7858
115.764 39.7858
115.764 39.7858
115.764 39.7858
115.764 39.7858
115.764 39.7858
115.764 39.7858
115.764 39.7858
115.764 39.7858
115.764 39.7858
115.764 39.7858
115.764 39.7858
115.764 39.7858
115.764 39.7858
115.764 39.7858
115.764 39.7858
115.764 39.7858
115.764 39.7858
115.764 39.7858
115.764 39.7858
115.764 39.7858
115.764 39.7858
115.764 39.7858
115.764 39.7858
115.764 39.7858
115.764 39.786
115.764 39.7858
115.764 39.7858
115.764 39.7858
115.764 39.7858
115.764 39.7858
115.764 39.7857
115.764 39.7857
115.764 39.7857
115.764 39.7857
115.764 39.7857
115.764 39.7857
115.764 39.7857
115.764 39.7857
115.764 39.7856
115.764 39.7856
115.764 39.7857
115.764 39.7857
115.764 39.7857
115.764 39.7857
115.764 39.7857
115.764 39.7857
115.764 39.7857
115.764 39.7857
115.764 39.7857
