116.356 39.9392
116.304 39.9248
116.347 39.9224
116.347 39.9242
116.349 39.9309
116.361 39.9309
116.373 39.9315
116.4 39.932
116.401 39.9277
116.402 39.9479
116.412 39.9559
116.438 39.9686
116.411 39.9482
116.403 39.9557
116.414 39.9607
116.445 39.9325
116.435 39.9211
116.438 39.93
116.433 39.9325
116.433 39.9325
116.433 39.9325
116.433 39.9325
116.433 39.9325
116.433 39.9325
116.433 39.9325
116.433 39.9325
116.434 39.9325
116.429 39.9089
116.439 39.8748
116.394 39.8705
116.391 39.864
116.374 39.8879
116.375 39.8802
116.38 39.8707
116.368 39.887
116.396 39.8744
116.39 39.8458
116.391 39.844
116.391 39.844
116.391 39.844
116.391 39.844
116.391 39.844
116.391 39.844
116.344 39.8741
116.334 39.884
116.34 39.8881
116.327 39.8833
116.344 39.8916
116.346 39.9056
116.296 39.8955
116.296 39.908
116.29 39.9443
116.338 39.9371
116.338 39.9371
116.36 39.9441
116.363 39.9464
116.36 39.9456
116.371 39.9044
116.374 39.9028
116.429 39.9209
116.43 39.9233
116.428 39.9466
116.379 39.9844
116.312 39.9796
116.318 39.9842
116.33 39.9916
116.331 39.9881
116.584 40.0784
116.563 40.0658
116.566 40.0704
116.566 40.0704
116.566 40.0711
116.566 40.0711
116.566 40.071
116.566 40.071
116.566 40.071
116.566 40.071
116.565 40.0709
116.562 40.069
116.582 40.0622
116.582 40.0651
116.582 40.0686
116.581 40.0697
116.581 40.0714
116.587 40.0776
116.587 40.0778
116.587 40.0796
116.575 40.0433
116.504 40.0065
116.45 39.9584
116.428 39.934
116.428 39.9214
116.429 39.9085
116.421 39.9085
116.428 39.9141
116.406 39.9127
116.333 39.9138
116.338 39.9243
116.338 39.9256
116.343 39.9269
116.306 39.9412
116.304 39.9404
116.334 39.951
116.344 39.9427
116.34 39.9377
116.323 39.9419
116.341 39.9524
116.34 39.9564
116.304 39.9557
116.304 39.9414
116.304 39.9272
116.296 39.9328
116.298 39.9348
116.288 39.9474
116.339 39.9186
116.339 39.9182
116.277 39.9025
116.319 39.8957
116.343 39.8851
116.375 39.8693
116.391 39.864
116.362 39.8493
116.35 39.8446
116.346 39.8598
116.344 39.878
116.35 39.9067
116.36 39.9441
116.36 39.9442
116.353 39.9392
116.306 39.9403
116.283 39.9632
116.483 39.9879
116.532 40.0219
116.551 40.0284
116.586 40.0792
116.582 40.0647
116.567 40.0707
116.566 40.0722
116.581 40.0709
116.581 40.0709
116.581 40.0709
116.581 40.0709
116.581 40.0708
116.581 40.0708
116.581 40.0708
116.58 40.0752
116.581 40.0764
116.582 40.0759
116.582 40.0746
116.582 40.0747
116.583 40.0751
116.584 40.0763
116.587 40.0776
116.404 39.8531
116.405 39.8559
116.399 39.8601
116.399 39.8602
116.397 39.8621
116.398 39.8638
116.398 39.8638
116.398 39.8638
116.398 39.8638
116.399 39.8638
116.395 39.8641
116.415 39.8557
116.455 39.8692
116.495 39.8695
116.512 39.8579
116.511 39.8539
116.508 39.861
116.508 39.8684
116.496 39.8751
116.496 39.8751
116.496 39.8751
116.496 39.8751
116.496 39.8525
116.494 39.86
116.498 39.8597
116.498 39.8597
116.498 39.8597
116.498 39.8597
116.498 39.8597
116.498 39.8597
116.498 39.8597
116.504 39.8558
116.494 39.8627
116.47 39.8831
116.457 39.8847
116.45 39.8833
116.444 39.8833
116.444 39.8833
116.439 39.8834
116.433 39.8491
116.446 39.8594
116.437 39.8645
116.436 39.8645
116.418 39.9033
116.428 39.8997
116.453 39.862
116.449 39.8619
116.396 39.8558
116.391 39.864
116.391 39.8642
116.391 39.8642
116.388 39.864
116.381 39.8517
116.381 39.8486
116.439 39.8646
116.437 39.8645
116.312 39.8992
116.313 39.9098
116.328 39.9086
116.328 39.9086
116.328 39.9086
116.328 39.9086
116.328 39.9086
116.328 39.9086
116.328 39.9086
116.41 39.9023
116.412 39.8958
116.411 39.8607
116.408 39.8599
116.35 39.8513
116.285 39.8764
116.289 39.8865
116.333 39.8961
116.35 39.9286
116.36 39.9442
116.373 39.9588
116.382 39.9646
116.382 39.9659
116.382 39.966
116.318 39.9311
116.308 39.9396
116.362 39.9665
116.349 39.9736
116.35 39.9736
116.35 39.9736
116.35 39.9736
116.364 39.9777
116.374 39.9778
116.374 39.977
116.36 39.9879
116.367 39.9925
116.367 39.9925
116.374 39.9685
116.389 39.9586
116.417 39.8309
116.395 39.8201
116.398 39.8134
116.398 39.8133
116.508 39.8597
116.511 39.855
116.511 39.855
116.511 39.855
116.511 39.855
116.511 39.855
116.511 39.855
116.511 39.8549
116.461 39.9013
116.452 39.9031
116.461 39.9241
116.433 39.9231
116.433 39.9229
116.433 39.9229
116.397 39.995
116.466 39.9701
116.375 39.974
116.362 39.9452
116.36 39.9442
116.36 39.9442
116.36 39.9442
116.404 39.9937
116.355 39.9223
116.341 39.9269
116.335 39.9269
116.417 39.9677
116.414 39.9607
116.412 39.9669
116.411 39.9675
116.411 39.9675
116.422 39.9594
116.27 39.9563
116.254 39.9757
116.319 39.9682
116.319 39.9682
116.319 39.9682
116.319 39.9682
116.319 39.9682
116.319 39.9682
116.349 39.9611
116.355 39.9548
116.309 39.951
116.303 39.9491
116.303 39.9491
116.343 39.9382
116.352 39.9391
116.365 39.9565
116.354 39.9511
116.336 39.9619
116.318 39.9451
116.293 39.9449
116.293 39.945
116.288 39.9443
116.324 39.956
116.355 39.8977
116.379 39.8845
116.366 39.8751
116.366 39.8751
116.355 39.8768
116.334 39.8836
116.335 39.8869
116.336 39.896
116.329 39.9096
116.32 39.9312
116.311 39.9324
116.319 39.9373
116.323 39.9374
116.25 40.0473
116.251 40.0457
116.27 40.027
116.282 40.008
116.289 39.92
116.296 39.9094
116.329 39.9094
116.339 39.9173
116.35 39.9363
116.398 39.9475
116.401 39.9474
116.401 39.9474
116.401 39.9739
116.402 40.0007
116.403 40.0206
116.415 40.0313
116.429 40.0324
116.412 40.0314
116.41 40.0116
116.354 40.0331
116.301 29.4901
116.301 29.4901
116.345 39.9662
116.377 39.9666
116.41 39.9975
116.417 39.9873
116.459 39.9727
116.481 39.8712
116.511 39.8535
116.508 39.8603
116.406 39.8558
116.394 39.8401
116.395 39.8219
116.396 39.8052
116.413 39.7968
116.429 39.7664
116.414 39.7913
116.4 39.8037
116.396 39.8238
116.395 39.8426
116.406 39.8556
116.456 39.8699
116.483 39.8699
116.512 39.8566
116.508 39.8683
116.484 39.9293
116.46 39.928
116.425 39.9486
116.378 39.9476
116.36 39.9441
116.36 39.9443
116.36 39.9443
116.36 39.9443
116.36 39.9443
116.36 39.9443
116.35 39.9307
116.342 39.8947
116.343 39.8769
116.343 39.8638
116.343 39.8646
116.345 39.8662
116.343 39.8849
