116.419 39.9034
116.419 39.9034
116.419 39.9034
116.419 39.9034
116.419 39.9034
116.419 39.9034
116.419 39.9034
116.419 39.9034
116.419 39.9034
116.419 39.9034
116.421 39.9036
116.439 39.8754
116.39 39.8709
116.394 39.8536
116.394 39.855
116.43 39.8799
116.43 39.8799
116.43 39.8799
116.419 39.9034
116.419 39.9034
116.419 39.9034
116.419 39.9034
116.419 39.9034
116.419 39.9034
116.419 39.9033
116.419 39.9033
116.419 39.9034
116.42 39.9034
116.42 39.9034
116.419 39.9034
116.419 39.9034
116.419 39.9033
116.419 39.9033
116.419 39.9033
116.419 39.9033
116.419 39.9033
116.419 39.9032
116.419 39.9034
116.421 39.912
116.422 39.9108
116.422 39.9108
116.422 39.9108
116.422 39.9108
116.422 39.9108
116.422 39.9108
116.422 39.9108
116.422 39.9108
116.422 39.9108
116.422 39.9108
116.422 39.9108
116.422 39.9108
116.422 39.9107
116.422 39.9108
116.422 39.9108
116.422 39.9107
116.422 39.9108
116.422 39.9108
116.422 39.9107
116.422 39.9107
116.422 39.9107
116.422 39.9108
116.422 39.9108
116.422 39.9108
116.422 39.9108
116.422 39.9108
116.418 39.9143
116.419 39.9034
116.419 39.914
115.505 38.9109
115.147 39.0168
115.147 39.0168
115.147 39.0168
115.114 39.0527
