116.417 39.8418
116.413 39.8445
116.408 39.852
116.408 39.8538
116.418 39.8562
116.441 39.8576
116.455 39.8795
116.455 39.892
116.456 39.902
116.456 39.9046
116.456 39.9046
116.465 39.9067
116.473 39.9066
116.484 39.91
116.484 39.938
116.482 39.9567
116.476 39.9561
116.476 39.9562
116.476 39.9562
116.476 39.9562
116.476 39.9571
116.469 39.9556
116.468 39.9519
116.451 39.9551
116.424 39.9684
116.404 39.9676
116.396 39.9686
116.401 39.9721
116.399 39.9677
116.399 39.9677
116.368 39.9669
116.368 39.9698
116.368 39.9698
116.364 39.9758
116.366 39.9805
116.375 39.977
116.373 39.9832
116.381 39.9836
116.381 39.9789
116.375 39.9754
116.375 39.9724
116.364 39.9748
116.375 39.9768
116.375 39.9768
116.375 39.9787
116.374 39.9891
116.374 39.9891
116.38 39.988
116.375 39.9867
116.373 39.9753
116.373 39.9722
116.364 39.9676
116.364 39.9741
116.375 39.9773
116.371 39.9754
116.36 39.9754
116.36 39.9754
116.352 39.9753
116.336 39.9753
116.334 39.9752
116.333 39.9752
116.332 39.9752
116.33 39.9753
116.328 39.9754
116.319 39.9751
116.318 39.9751
116.311 39.9812
116.31 39.9827
116.316 39.991
116.326 39.9913
116.328 39.993
116.327 39.9915
116.321 39.9847
116.321 39.98
116.315 39.9794
116.314 39.9794
116.309 39.9798
116.308 39.9815
116.309 39.9834
116.341 39.9852
116.372 39.9873
116.369 39.9943
116.369 39.9943
116.368 40.0004
116.365 40.0002
116.37 39.9912
116.371 39.9875
116.369 39.9753
116.373 39.9741
116.366 39.9668
116.365 39.9669
116.363 39.9855
116.356 39.9859
116.327 39.991
116.327 39.991
116.318 39.9912
116.312 40.0112
116.311 40.0164
116.301 40.0338
116.3 40.0369
116.307 40.0287
116.319 40.0342
116.332 40.0362
116.333 40.0367
116.334 40.0371
116.323 40.0536
116.323 40.0536
116.316 40.07
116.331 40.0699
116.328 40.0774
116.328 40.0771
116.328 40.0754
116.328 40.0754
116.329 40.0687
116.328 40.0566
116.325 40.0552
116.332 40.0414
116.332 40.0412
116.334 40.039
116.334 40.0385
116.334 40.0385
116.336 40.0359
116.346 40.018
116.346 40.0145
116.346 40.0001
116.355 39.9998
116.368 39.9928
116.363 39.9925
116.366 39.9857
116.373 39.9855
116.373 39.9855
116.38 39.9881
116.378 39.9867
116.386 39.9668
116.404 39.9674
116.406 39.9678
116.405 39.9711
116.405 39.971
116.352 39.9664
116.336 39.9663
116.326 39.9662
116.315 39.9656
116.315 39.9656
116.302 39.9583
116.303 39.9504
116.303 39.9503
116.304 39.9397
116.304 39.9396
116.304 39.9325
116.304 39.9323
116.304 39.9274
116.307 39.9441
116.317 39.9554
116.312 39.974
116.312 39.974
116.327 39.9796
116.329 39.9915
116.329 39.9915
116.321 39.985
116.347 39.9697
116.347 39.9691
116.392 39.9672
116.419 39.9639
116.419 39.9639
116.419 39.9507
116.419 39.9504
116.435 39.9397
116.435 39.9397
116.455 39.94
116.473 39.9534
116.473 39.9536
116.476 39.9563
116.476 39.9563
116.476 39.9563
116.476 39.9563
116.476 39.9563
116.458 39.9487
116.454 39.9532
116.441 39.9614
116.438 39.9637
116.419 39.9683
116.418 39.9753
116.418 39.9753
116.415 39.9821
116.405 39.9819
116.402 39.9865
116.394 39.9872
116.381 39.9939
116.374 39.998
116.368 39.9928
116.363 39.9907
116.36 39.9925
116.363 40.0001
116.364 40.0008
116.351 40.0171
116.354 40.0292
116.366 40.0321
116.362 40.032
116.343 40.0277
116.346 40.021
116.358 40.0085
116.372 39.9874
116.373 39.9592
116.373 39.9592
116.374 39.9566
116.375 39.9567
116.376 39.9664
116.398 39.9673
116.411 39.9676
116.423 39.9678
116.44 39.9617
116.443 39.9653
116.441 39.9609
116.455 39.9483
116.457 39.9483
116.421 39.9054
116.433 39.9047
116.455 39.9007
116.456 39.8848
116.456 39.9116
116.456 39.9216
116.456 39.9216
116.456 39.9401
116.456 39.9406
116.455 39.9471
116.444 39.9325
116.444 39.9273
116.456 39.9481
116.458 39.948
116.462 39.9428
116.457 39.9484
116.458 39.9482
116.433 39.9667
116.304 39.9247
116.304 39.9245
116.35 39.9353
116.35 39.9353
116.439 39.9483
116.458 39.9483
116.458 39.9483
116.46 39.9493
116.463 39.9453
116.463 39.9447
116.455 39.9392
116.455 39.9263
116.455 39.9035
116.455 39.8971
116.457 39.892
116.459 39.8899
116.457 39.8875
116.458 39.9483
116.461 39.9579
116.468 39.9839
116.469 39.9849
116.469 39.9972
116.469 39.9972
116.466 39.9899
116.467 39.9892
116.46 39.9699
116.46 39.97
116.46 39.9702
116.46 39.9702
116.46 39.9702
116.46 39.9702
116.46 39.9702
116.46 39.9702
116.46 39.9702
116.46 39.9702
116.46 39.9702
116.46 39.9702
116.46 39.9702
116.46 39.9702
116.46 39.9702
116.46 39.9702
116.46 39.9702
116.46 39.9702
116.46 39.9702
116.46 39.9702
116.46 39.9702
116.46 39.9702
116.46 39.9702
116.46 39.9702
116.46 39.9702
116.46 39.9702
116.46 39.9702
116.46 39.9702
116.46 39.9702
116.46 39.9702
116.46 39.9702
116.46 39.9702
116.46 39.9702
116.46 39.9702
116.46 39.9702
116.46 39.9702
116.46 39.9702
116.46 39.9702
116.46 39.9702
116.46 39.9702
116.46 39.9702
116.46 39.9702
116.46 39.9702
116.46 39.9702
116.46 39.9702
116.46 39.9702
116.46 39.9702
116.46 39.9702
116.46 39.9702
116.46 39.9702
116.46 39.9702
116.46 39.9702
116.46 39.9702
116.46 39.9702
116.46 39.9702
116.46 39.9702
116.46 39.9702
116.46 39.9702
116.46 39.9702
116.46 39.9702
116.46 39.9702
116.46 39.9702
116.46 39.9702
116.46 39.9702
116.46 39.9702
116.46 39.9702
116.46 39.9702
116.46 39.9702
116.46 39.9702
116.46 39.9702
116.46 39.9702
116.459 39.9681
116.447 39.9573
116.428 39.9537
116.44 39.9624
116.411 39.9722
116.411 39.9696
116.412 39.9695
116.442 39.9605
116.491 39.9065
116.491 39.9065
116.463 39.9123
116.456 39.9133
116.456 39.9467
116.474 39.9793
116.545 40.0263
116.572 40.0398
116.574 40.0424
116.58 40.0476
116.583 40.051
116.584 40.0528
116.584 40.0572
116.584 40.0592
116.582 40.0674
116.582 40.0741
116.583 40.0794
116.583 40.0697
116.583 40.0497
116.557 40.0291
116.554 40.0282
116.555 40.0171
116.558 40.01
116.524 40.0046
116.517 40.0017
116.503 39.9871
116.498 39.9843
116.483 39.9777
116.49 39.9706
116.49 39.9706
116.497 39.9727
116.497 39.9727
116.497 39.9727
116.497 39.9727
116.497 39.9727
116.497 39.9727
116.497 39.9727
116.497 39.9727
116.497 39.9727
116.497 39.9727
116.497 39.9727
116.497 39.9727
116.497 39.9728
116.497 39.9728
116.497 39.9728
116.496 39.9706
116.484 39.9728
116.477 39.9691
116.471 39.9647
116.483 39.9443
116.484 39.9327
116.485 39.9325
116.485 39.9325
116.483 39.9323
116.48 39.9218
116.465 39.9219
116.456 39.9321
116.461 39.9319
116.461 39.9281
116.467 39.9258
116.467 39.9248
116.467 39.9248
116.467 39.9221
116.456 39.9251
116.456 39.9312
116.455 39.9524
116.456 39.9464
116.455 39.9207
116.455 39.9186
116.448 39.9135
116.451 39.9131
116.445 39.921
116.449 39.922
116.456 39.9267
116.458 39.9323
116.472 39.9271
116.472 39.9221
116.467 39.9147
116.453 39.9188
116.447 39.9214
116.44 39.9217
116.435 39.923
116.428 39.9288
116.429 39.9321
116.433 39.9351
116.437 39.935
116.437 39.935
116.441 39.9323
116.443 39.9324
116.455 39.9223
116.455 39.8982
116.445 39.8976
116.45 39.8959
116.433 39.8923
116.422 39.8921
116.399 39.8912
116.399 39.8912
116.391 39.8897
116.379 39.8881
116.379 39.8881
116.386 39.8822
116.389 39.8823
116.392 39.8723
116.393 39.87
116.407 39.865
116.408 39.8568
116.408 39.8565
116.426 39.8572
116.442 39.8577
116.455 39.8891
116.463 39.892
116.462 39.8922
116.457 39.8922
116.455 39.8725
116.452 39.8644
116.47 39.843
116.464 39.8356
116.444 39.8252
116.444 39.8251
116.444 39.8251
116.447 39.8233
116.442 39.8306
116.453 39.8335
116.45 39.8448
116.448 39.8523
116.444 39.8584
116.435 39.8578
116.424 39.8575
116.416 39.8568
116.416 39.8568
116.415 39.8661
116.415 39.8782
116.425 39.8827
116.425 39.8837
116.422 39.8916
116.436 39.8922
116.454 39.892
116.455 39.892
116.456 39.9023
116.457 39.9052
116.455 39.9073
116.452 39.9124
116.455 39.9155
116.456 39.9141
116.456 39.9147
116.456 39.9352
116.456 39.9365
116.442 39.961
116.439 39.9625
116.436 39.9866
116.433 39.9877
116.384 39.9866
116.382 39.9866
116.33 39.9852
116.328 39.985
116.324 39.9915
116.322 39.9914
116.31 39.9854
116.31 39.9854
116.311 39.9771
116.311 39.9771
116.319 39.9716
116.319 39.9706
116.317 39.9661
116.317 39.9661
116.328 39.966
116.328 39.966
116.354 39.9663
116.354 39.9663
116.374 39.9794
116.374 39.9814
116.356 40.0111
116.356 40.0112
116.293 40.0468
116.307 40.0253
116.312 40.0141
116.31 39.9912
116.31 39.9844
116.319 39.9797
116.323 39.9796
116.328 39.9753
116.332 39.9748
116.334 39.9661
116.367 39.9665
116.419 39.9657
116.416 39.9681
116.413 39.968
116.401 39.9737
116.401 39.9688
116.401 39.9688
116.411 39.9675
116.411 39.9675
116.419 39.9585
116.419 39.9585
116.428 39.9582
116.445 39.9583
116.437 39.9537
116.431 39.9616
116.43 39.9652
116.43 39.9652
116.451 39.9543
116.45 39.95
116.448 39.9497
116.455 39.9456
116.46 39.9464
116.459 39.9459
116.461 39.9497
116.461 39.9498
116.455 39.9409
116.444 39.9319
116.428 39.9396
116.423 39.9433
116.422 39.9396
116.427 39.9395
116.43 39.9324
116.433 39.9228
116.435 39.9226
116.444 39.925
116.44 39.9211
116.44 39.9186
116.444 39.9211
116.444 39.9211
116.444 39.9251
116.449 39.9305
116.449 39.9319
116.455 39.9324
116.456 39.9353
116.468 39.9441
116.465 39.9507
116.487 39.9599
116.489 39.9614
116.496 39.9706
116.492 39.9629
116.489 39.9618
116.474 39.9584
116.471 39.9586
116.47 39.9541
116.476 39.9544
116.484 39.9287
116.484 39.9173
116.483 39.8749
116.482 39.8639
116.454 39.8322
116.441 39.8312
116.448 39.8229
116.448 39.8229
116.448 39.818
116.442 39.8045
116.438 39.8037
116.445 39.805
116.45 39.8058
116.447 39.8239
116.442 39.8301
116.446 39.8561
116.443 39.8579
116.461 39.8699
116.462 39.8741
116.456 39.8833
116.455 39.8833
116.437 39.897
116.43 39.9022
116.424 39.9262
116.422 39.9262
116.428 39.9343
116.428 39.9416
116.453 39.9532
116.455 39.9543
116.456 39.9588
116.456 39.9584
116.455 39.9495
116.456 39.9391
116.463 39.9219
116.467 39.9218
116.485 39.9217
116.494 39.9218
116.496 39.9335
116.496 39.9344
116.484 39.9471
116.486 39.9526
116.489 39.9615
116.485 39.9585
116.484 39.9314
116.483 39.922
116.483 39.922
116.495 39.9218
116.496 39.923
116.499 39.9302
116.476 39.9833
116.501 39.9302
116.493 39.9303
116.493 39.9302
116.484 39.9224
116.484 39.9288
116.475 39.9629
116.469 39.9665
116.462 39.9785
116.465 39.9811
116.475 39.9699
116.482 39.9698
116.483 39.9573
116.481 39.9589
116.479 39.9588
116.477 39.9549
116.456 39.9481
116.456 39.9481
116.455 39.9135
116.449 39.912
116.447 39.9203
116.451 39.9187
116.458 39.9219
116.457 39.9275
116.456 39.9336
116.456 39.9441
116.456 39.9442
116.456 39.9442
116.456 39.9442
116.456 39.9442
116.457 39.9442
116.449 39.949
116.447 39.9511
116.457 39.9562
116.46 39.959
116.469 39.9556
116.47 39.9534
116.477 39.9555
116.477 39.9555
116.477 39.9555
116.477 39.9555
116.477 39.9555
116.477 39.9555
116.489 39.9614
116.492 39.9586
116.492 39.9586
116.492 39.9586
116.492 39.9586
116.492 39.9585
116.492 39.9586
116.492 39.9586
116.492 39.9586
116.492 39.9586
116.492 39.9586
116.492 39.9586
116.492 39.9587
116.492 39.9587
116.492 39.9587
116.492 39.9587
116.492 39.9587
116.492 39.9587
116.492 39.9587
116.492 39.9587
116.492 39.9587
116.492 39.9587
116.492 39.9587
116.492 39.9587
116.492 39.9587
116.492 39.9587
116.492 39.9586
116.492 39.9586
116.492 39.9586
116.493 39.9586
116.493 39.9586
116.493 39.9586
116.493 39.9586
116.492 39.9588
116.492 39.9588
116.492 39.9588
116.492 39.9588
116.492 39.9589
116.492 39.9589
116.492 39.9589
116.492 39.9589
116.492 39.9589
116.492 39.9589
116.492 39.9589
116.492 39.9589
116.492 39.9587
116.492 39.9587
116.492 39.9587
116.492 39.9587
116.492 39.9588
116.492 39.9588
116.492 39.9588
116.483 39.9529
116.483 39.951
116.482 39.9062
116.483 39.9051
116.484 39.9144
116.473 39.9325
116.437 39.9324
116.399 39.9477
116.396 39.9477
116.396 39.9477
116.35 39.9498
116.35 39.9498
116.35 39.9503
116.371 39.9566
116.372 39.9567
116.382 39.9658
116.382 39.9658
116.435 39.9653
116.437 39.9637
116.456 39.9646
116.458 39.9658
116.474 39.9705
116.475 39.9699
116.497 39.9751
116.497 39.9751
116.497 39.975
116.497 39.975
116.497 39.975
116.497 39.975
116.497 39.9684
116.497 39.9655
116.492 39.96
116.493 39.9573
116.492 39.9584
116.492 39.9585
116.485 39.958
116.483 39.9572
116.483 39.9572
116.452 39.9775
116.445 39.9822
116.445 39.9822
116.406 39.9875
116.401 39.9898
116.405 40.0013
116.411 40.0014
116.418 39.9898
116.418 39.9898
116.418 39.9882
116.431 39.9875
116.436 39.9847
116.442 39.9717
116.439 39.9688
116.443 39.9635
116.442 39.9625
116.434 39.9596
116.436 39.962
116.455 39.951
116.455 39.9482
116.473 39.9534
116.477 39.9548
116.491 39.9631
116.494 39.9633
116.497 39.9673
116.497 39.9697
116.497 39.9726
116.497 39.9726
116.497 39.9726
116.497 39.9726
116.497 39.9726
116.497 39.9726
116.497 39.9726
116.497 39.9726
116.497 39.9726
116.497 39.9726
116.497 39.9726
116.497 39.9726
116.497 39.9744
116.497 39.9753
116.497 39.9753
116.497 39.9753
116.497 39.9753
116.497 39.9753
116.497 39.9753
116.491 39.9706
116.483 39.9699
116.467 39.9656
116.461 39.9593
116.453 39.9546
116.45 39.9556
116.45 39.9556
116.433 39.9667
116.419 39.9681
116.413 39.968
116.406 39.9678
116.391 39.9674
116.382 39.9672
116.372 39.9669
116.363 39.9667
116.341 39.9665
116.337 39.9665
116.33 39.9665
116.33 39.9683
116.33 39.9683
116.33 39.9683
116.33 39.9683
116.33 39.9683
116.33 39.9683
116.33 39.9683
116.33 39.9683
116.33 39.9683
116.33 39.9683
116.329 39.9695
116.333 39.9751
116.342 39.9752
116.347 39.9595
116.35 39.9478
116.349 39.9396
116.349 39.9345
116.35 39.943
116.349 39.9513
116.35 39.9659
116.364 39.9667
116.364 39.9804
116.374 39.9783
116.361 40.0048
116.361 40.0048
116.35 40.0209
116.342 40.0297
116.335 40.0375
116.326 40.0373
116.326 40.0373
116.317 40.0409
116.312 40.0405
116.305 40.0411
116.311 40.0285
116.308 40.0198
116.313 40.0171
116.312 40.0144
116.318 40.0119
116.33 39.9968
116.31 39.9909
116.31 39.9848
116.31 39.9815
116.319 39.9781
116.326 39.9751
116.326 39.9751
116.339 39.9751
116.355 39.9538
116.352 39.9512
116.349 39.9535
116.349 39.9579
116.36 39.9662
116.365 39.9737
116.373 39.9725
116.364 39.967
116.364 39.9681
116.376 39.9754
116.38 39.9756
116.388 39.9668
116.392 39.9672
116.429 39.9668
116.429 39.9668
116.373 39.9928
116.374 39.9932
116.375 39.9891
116.369 39.9865
116.364 39.9862
116.347 39.982
116.347 39.9713
116.349 39.9558
116.349 39.9519
116.35 39.9445
116.35 39.9417
116.349 39.9329
116.35 39.9303
116.345 39.917
116.339 39.9204
116.339 39.9204
116.338 39.9263
116.338 39.9278
116.338 39.931
116.336 39.9412
116.329 39.956
116.329 39.962
116.328 39.9652
116.328 39.9652
116.328 39.9652
116.328 39.9652
116.328 39.9663
116.325 39.9663
116.307 39.963
116.305 39.9622
116.302 39.9613
116.302 39.9612
116.302 39.9612
116.302 39.9612
116.302 39.9612
116.293 39.9612
116.292 39.962
116.294 39.9731
116.295 39.9738
116.298 39.9932
116.304 39.9982
116.313 40.0085
116.311 40.0155
116.307 40.0297
116.307 40.0297
116.306 40.0298
116.311 40.0151
116.317 40.0119
116.331 39.9986
116.331 39.9951
116.334 39.9877
116.347 39.9604
116.35 39.9495
116.349 39.9404
116.35 39.939
116.35 39.9504
116.364 39.9663
116.364 39.9679
116.375 39.9734
116.365 39.9669
116.364 39.9749
116.364 39.9788
116.375 39.9759
116.375 39.9781
116.377 39.9892
116.367 39.9864
116.364 39.9862
116.363 39.9755
116.362 39.9755
116.36 39.9754
116.36 39.9754
116.348 39.9767
116.348 39.9767
116.348 39.9803
116.363 39.9842
116.363 39.9832
116.375 39.9769
116.374 39.9754
116.364 39.9753
116.364 39.9734
116.365 39.9546
116.365 39.9531
116.365 39.9517
116.365 39.9515
116.365 39.9502
116.365 39.9502
116.366 39.948
116.366 39.948
116.366 39.945
116.355 39.9392
116.353 39.9392
116.349 39.9543
116.349 39.9562
116.361 39.9662
116.364 39.9662
116.389 39.9623
116.39 39.9646
116.391 39.9641
116.33 39.9682
116.33 39.9682
116.329 39.9751
116.325 39.9664
116.319 39.9661
116.317 39.9544
116.318 39.9474
116.319 39.9314
116.319 39.9314
116.326 39.9218
116.328 39.9215
116.328 39.9045
116.323 39.901
116.323 39.9049
116.328 39.916
116.328 39.916
116.331 39.917
116.347 39.917
116.35 39.9146
116.351 39.9074
116.351 39.9115
116.35 39.9303
116.35 39.9305
116.364 39.9612
116.364 39.9659
116.372 39.9807
116.374 39.9794
116.373 39.9532
116.373 39.9494
116.374 39.9325
116.373 39.9301
116.371 39.9141
116.374 39.913
116.378 39.8998
116.378 39.8976
116.378 39.8891
116.378 39.8891
116.379 39.882
116.381 39.882
116.393 39.8851
116.399 39.8867
116.418 39.8918
116.42 39.8919
116.453 39.892
116.455 39.8921
116.456 39.8972
116.456 39.9016
116.456 39.9114
116.456 39.9158
116.456 39.9289
116.456 39.932
116.456 39.9452
116.468 39.9662
116.473 39.9702
116.473 39.9702
116.47 39.9802
116.454 39.9858
116.455 39.986
116.459 39.9767
116.458 39.9764
116.458 39.9761
116.458 39.9761
116.458 39.9761
116.458 39.9761
116.477 39.9606
116.484 39.9182
116.482 39.9064
116.496 39.8996
116.497 39.8942
116.5 39.8936
116.499 39.894
116.484 39.892
116.484 39.892
116.472 39.892
116.456 39.8922
116.456 39.8988
116.456 39.916
116.456 39.9174
116.456 39.9319
116.439 39.9399
116.427 39.94
116.421 39.9231
116.42 39.9225
116.428 39.933
116.449 39.9398
116.458 39.948
116.458 39.9479
116.458 39.9479
116.455 39.941
116.455 39.9402
116.449 39.9254
116.449 39.9254
116.456 39.9341
116.456 39.9377
116.459 39.9489
116.484 39.9474
116.484 39.9338
116.489 39.9143
116.496 39.9145
116.52 39.916
116.547 39.9148
116.548 39.9124
116.549 39.9106
116.549 39.9106
116.549 39.9119
116.529 39.9155
116.523 39.9159
116.501 39.9148
116.489 39.9144
116.484 39.9506
116.482 39.9567
116.465 39.951
116.456 39.9482
116.449 39.9455
116.455 39.9477
116.463 39.9461
116.463 39.9458
116.458 39.9483
116.458 39.9482
116.458 39.9482
116.458 39.9482
116.458 39.9481
116.458 39.9484
116.458 39.9488
116.458 39.9488
116.458 39.9487
116.458 39.9487
116.458 39.9485
116.458 39.9485
116.458 39.9485
116.458 39.9485
116.458 39.9485
116.458 39.9485
116.458 39.9485
116.458 39.9485
116.458 39.9485
116.458 39.9485
116.458 39.9485
116.458 39.9485
116.458 39.9485
116.458 39.9485
116.458 39.9485
116.458 39.9485
116.458 39.9485
116.458 39.9485
116.458 39.9485
116.458 39.9485
116.458 39.9485
116.458 39.9485
116.458 39.9485
116.458 39.9485
116.458 39.9485
116.458 39.9485
116.458 39.9485
116.458 39.9485
116.458 39.9485
116.458 39.9485
116.458 39.9485
116.458 39.9485
116.458 39.9485
116.458 39.9485
116.458 39.9485
116.458 39.9485
116.458 39.9485
116.458 39.9485
116.458 39.9485
116.458 39.9485
116.458 39.9485
116.458 39.9485
116.458 39.9485
116.458 39.9485
116.458 39.9485
116.458 39.9485
116.458 39.9485
116.458 39.9485
116.458 39.9485
116.458 39.9485
116.458 39.9485
116.458 39.9485
116.458 39.9485
116.458 39.9485
116.458 39.9485
116.458 39.9485
116.458 39.9485
116.458 39.9485
116.458 39.9485
116.458 39.9485
116.458 39.9485
116.458 39.9485
116.458 39.9485
116.458 39.9485
116.458 39.9485
116.458 39.9485
116.458 39.9485
116.458 39.9485
116.458 39.9485
116.458 39.9485
116.458 39.9485
116.458 39.9485
116.458 39.9485
116.458 39.9485
116.46 39.9491
116.446 39.9579
116.441 39.9615
116.419 39.9682
116.412 39.9681
116.407 39.9679
116.405 39.9706
116.405 39.971
116.403 39.9678
116.373 39.967
116.366 39.9669
116.368 39.9699
116.353 39.9666
116.349 39.9323
116.345 39.9311
116.341 39.9375
116.346 39.9386
116.365 39.947
116.364 39.9633
116.364 39.9663
116.348 39.9579
116.35 39.9418
116.351 39.9128
116.351 39.913
116.35 39.9317
116.35 39.932
116.366 39.9495
116.366 39.9496
116.369 39.9664
116.369 39.9664
116.411 39.9677
116.411 39.9677
116.441 39.9564
116.422 39.9685
116.421 39.9685
116.44 39.9616
116.44 39.9616
116.462 39.9498
116.462 39.9498
116.475 39.9627
116.462 39.9779
116.462 39.9779
116.472 39.979
116.472 39.979
116.483 39.9776
116.484 39.9755
116.484 39.9717
116.49 39.9706
116.49 39.9706
116.49 39.9706
116.49 39.9706
116.497 39.9728
116.497 39.9727
116.497 39.9727
116.497 39.9727
116.497 39.9727
116.497 39.9727
116.497 39.9727
116.497 39.9727
116.497 39.9727
116.497 39.9727
116.497 39.9727
116.497 39.9727
116.497 39.9754
116.497 39.9754
116.484 39.9673
116.365 39.9566
116.489 39.9619
116.496 39.9632
116.502 39.9543
116.492 39.9584
116.492 39.9584
116.491 39.9442
116.489 39.9441
116.47 39.9325
116.467 39.9325
116.452 39.9324
116.45 39.9323
116.429 39.9323
116.428 39.9327
116.404 39.9321
116.403 39.9321
116.375 39.9317
116.374 39.9317
116.35 39.9238
116.349 39.9225
116.343 39.9231
116.349 39.931
116.35 39.9317
116.353 39.9378
116.352 39.9385
116.349 39.933
116.351 39.9394
116.351 39.9393
116.351 39.9393
116.35 39.9401
116.365 39.9471
116.365 39.9471
116.365 39.9504
116.368 39.9549
116.373 39.9485
116.373 39.9427
116.374 39.9322
116.374 39.9272
116.374 39.9272
116.372 39.9133
116.372 39.9111
116.369 39.9097
116.369 39.9097
116.369 39.9097
116.368 39.9097
116.368 39.9093
116.364 39.9075
116.366 39.9214
116.366 39.9284
116.367 39.9368
116.367 39.9377
116.366 39.9479
116.365 39.9538
116.364 39.974
116.364 39.9768
116.37 39.9859
116.379 39.9862
116.401 39.9868
116.401 39.9878
116.41 39.9938
116.411 39.9938
116.419 39.9924
116.418 39.9923
116.394 39.9871
116.393 39.9871
116.378 39.9828
116.378 39.9828
116.388 39.9835
116.388 39.9847
116.417 39.9873
116.417 39.9873
116.448 39.9797
116.455 39.9751
116.468 39.9665
116.477 39.9698
116.493 39.9706
116.497 39.9748
116.497 39.9753
116.497 39.9753
116.484 39.9706
116.483 39.97
116.469 39.9675
116.469 39.9669
116.454 39.9535
116.454 39.9522
116.454 39.9527
116.473 39.9703
116.478 39.9697
116.488 39.9622
116.489 39.962
116.495 39.9633
116.498 39.962
116.501 39.957
116.502 39.9572
116.497 39.9703
116.497 39.9703
116.494 39.9707
116.494 39.9707
116.484 39.9778
116.484 39.9781
116.477 39.983
116.476 39.9853
116.464 39.9911
116.463 39.9902
116.471 39.9793
116.471 39.9793
116.473 39.9778
116.473 39.975
116.479 39.9762
116.483 39.9789
116.503 39.9874
116.508 39.9931
116.529 40.0064
116.536 40.0076
116.524 40.0054
116.52 40.0022
116.52 40.0022
116.507 39.9846
116.5 39.9706
116.5 39.9706
116.485 39.9706
116.48 39.9698
116.468 39.9663
116.468 39.9663
116.46 39.9592
116.434 39.966
116.397 39.9675
116.38 39.967
116.359 39.9723
116.359 39.9723
116.347 39.9665
116.347 39.966
116.37 39.9665
116.396 39.9668
116.396 39.9666
116.418 39.9672
116.419 39.9602
116.425 39.958
116.429 39.9582
116.443 39.9595
116.448 39.9561
116.46 39.9582
116.46 39.9584
116.462 39.9535
116.462 39.9502
116.482 39.9567
116.491 39.9631
116.495 39.9633
116.497 39.9703
116.497 39.9721
116.497 39.9635
116.497 39.9634
116.503 39.955
116.503 39.9545
116.496 39.9405
116.495 39.9395
116.496 39.9226
116.496 39.9226
116.478 39.9325
116.477 39.9325
116.477 39.9325
116.468 39.9439
116.468 39.9439
116.468 39.9439
116.468 39.944
116.468 39.9374
116.469 39.9324
116.483 39.9323
116.493 39.934
116.69 40.0396
116.494 39.9343
116.484 39.9422
116.485 39.9526
116.492 39.9588
116.491 39.9607
116.49 39.9611
116.484 39.9707
116.484 39.9707
116.484 39.9714
116.477 39.9828
116.477 39.983
116.473 39.997
116.473 39.9981
116.469 40.0067
116.468 40.0066
116.466 39.9988
116.467 39.9977
116.464 39.9855
116.463 39.9847
116.471 39.9722
116.472 39.9701
116.46 39.9587
116.462 39.9562
116.462 39.9475
116.464 39.9507
116.486 39.9592
116.488 39.9608
116.498 39.9673
116.51 39.9808
116.507 39.9852
116.505 39.9872
116.505 39.9872
116.505 39.9872
116.505 39.9872
116.505 39.9872
116.505 39.9872
116.505 39.9872
116.505 39.9872
116.505 39.9872
116.505 39.9872
116.505 39.9872
116.505 39.9873
116.505 39.9873
116.5 39.9868
116.498 39.9824
116.497 39.9681
116.497 39.9636
116.511 39.9413
116.511 39.9394
116.524 39.9383
116.526 39.94
116.537 39.9335
116.537 39.9267
116.557 39.9192
116.557 39.9153
116.539 39.915
116.535 39.9151
116.508 39.915
116.505 39.9149
116.472 39.9144
116.465 39.9151
116.456 39.9466
116.452 39.9538
116.403 39.9676
116.393 39.9673
116.366 39.9664
116.374 39.9667
116.402 39.9614
116.402 39.9587
116.402 39.9474
116.406 39.9476
116.41 39.9488
116.413 39.9507
116.417 39.956
116.417 39.956
116.456 39.9629
116.482 39.9876
116.482 39.9876
116.482 39.9876
116.501 40.0053
116.499 40.0071
116.499 40.0043
116.484 39.982
116.476 39.9665
116.476 39.9665
116.477 39.9695
116.483 39.9864
116.512 40.0139
116.545 40.0262
116.582 40.0498
116.582 40.0732
116.587 40.0793
116.581 40.0765
116.585 40.0553
116.565 40.0321
116.548 40.0263
116.553 40.0153
116.542 40.0157
116.548 40.0151
116.543 40.0175
116.551 40.0152
116.553 40.0195
116.532 40.0206
116.495 39.9975
116.486 39.9898
116.349 39.9406
116.349 39.9311
116.338 39.9178
116.339 39.9178
116.347 39.9171
116.35 39.9171
116.357 39.9443
116.373 39.9474
116.402 39.9472
116.402 39.948
116.402 39.9493
116.402 39.9502
116.402 39.9502
116.402 39.9569
116.402 39.9603
116.427 39.9681
116.44 39.9617
116.466 39.9648
116.469 39.9672
116.484 39.9804
116.483 39.9869
116.476 39.9883
116.475 39.9877
116.464 39.9816
116.464 39.9829
116.462 39.9822
116.462 39.9822
116.462 39.9783
116.448 39.9578
116.451 39.954
116.446 39.9515
116.446 39.9515
116.446 39.9515
116.446 39.9515
116.446 39.9515
116.446 39.9515
116.455 39.9478
116.43 39.968
116.404 39.9873
116.403 39.9875
116.405 40.0042
116.406 40.0047
116.401 39.9972
116.401 39.9964
116.415 39.9871
116.416 39.9872
116.409 39.9759
116.409 39.9759
116.411 39.9742
116.411 39.9732
116.43 39.9654
116.43 39.9644
116.426 39.9692
116.426 39.9704
116.454 40.007
116.454 40.007
116.468 39.989
116.469 39.9881
116.452 39.9609
116.451 39.9601
116.455 39.9269
116.455 39.9257
116.437 39.9072
116.435 39.9072
116.398 39.9065
116.396 39.9064
116.386 39.9081
116.386 39.9091
116.396 39.9221
116.396 39.9221
116.4 39.9075
116.4 39.9065
116.401 39.902
116.401 39.9031
116.401 39.9116
116.401 39.9116
116.401 39.9116
116.389 39.8989
116.387 39.899
116.367 39.8985
116.366 39.8985
116.351 39.9085
116.351 39.9098
116.351 39.9211
116.35 39.9215
116.36 39.9248
116.359 39.9238
116.357 39.9128
116.359 39.9128
116.368 39.9054
116.368 39.9061
116.375 39.913
116.375 39.9128
116.405 39.9066
116.405 39.9066
116.437 39.907
116.438 39.9069
116.452 39.9029
116.449 39.9027
116.422 39.8923
116.422 39.8923
116.413 39.8861
116.413 39.8875
116.449 39.8921
116.45 39.8928
116.455 39.9074
116.454 39.9074
116.444 39.9205
116.444 39.9216
116.444 39.9365
116.444 39.9379
116.455 39.9624
116.457 39.9642
116.521 40.0178
116.524 40.019
116.584 40.0561
116.584 40.0586
116.58 40.0757
116.581 40.0741
116.562 40.0699
116.562 40.07
116.485 39.9893
116.441 39.961
116.434 39.9657
116.378 39.9669
116.37 39.9667
116.31 39.9639
116.302 39.9605
116.289 39.9465
116.282 39.9478
116.278 39.9534
116.278 39.9534
116.278 39.9534
116.29 39.9453
116.29 39.9497
116.281 39.9584
116.269 39.9594
116.269 39.9594
116.269 39.9523
116.268 39.9092
116.268 39.9092
116.269 39.9065
116.268 39.9105
116.27 39.9546
116.269 39.9607
116.268 39.9642
116.268 39.9665
116.274 39.9629
116.276 39.9626
116.285 39.9564
116.289 39.9562
116.306 39.9398
116.312 39.938
116.32 39.9373
116.325 39.937
116.366 39.9472
116.375 39.9474
116.389 39.9499
116.389 39.9542
116.397 39.9565
116.392 39.9609
116.401 39.9688
116.401 39.975
116.402 39.9978
116.402 40.0059
116.401 39.9986
116.401 39.9939
116.401 39.9728
116.401 39.9632
116.401 39.9632
116.402 39.9455
116.402 39.938
116.405 39.9235
116.411 39.9204
116.412 39.9003
116.412 39.8923
116.414 39.8831
116.415 39.88
116.412 39.8558
116.396 39.8558
116.374 39.8571
116.374 39.8571
116.375 39.8576
116.382 39.867
116.387 39.8709
116.414 39.8719
116.409 39.8718
116.408 39.8588
116.408 39.856
116.408 39.8462
116.409 39.8424
116.409 39.8432
116.408 39.8464
116.416 39.8561
116.416 39.8622
116.415 39.8763
116.415 39.8763
116.416 39.8607
116.418 39.8561
116.427 39.857
116.431 39.8578
116.408 39.8548
116.408 39.8467
116.408 39.8446
116.408 39.8528
116.394 39.8569
116.393 39.8667
116.362 39.8685
116.358 39.8689
116.365 39.8684
116.373 39.8691
116.382 39.8698
116.466 39.9146
116.472 39.9142
116.484 39.9324
116.484 39.9446
116.484 39.9702
116.493 39.9726
116.504 39.9874
116.504 39.9874
116.504 39.9874
116.504 39.9874
116.504 39.9874
116.514 40.0003
116.524 40.0055
116.557 40.0114
116.549 40.0266
116.586 40.0354
116.601 40.0346
116.635 40.0401
116.635 40.0567
116.68 40.0621
116.708 40.0611
116.755 40.0643
116.783 40.066
116.797 40.0847
116.801 40.0993
117.038 40.144
117.089 40.1432
117.122 40.1525
117.134 40.1552
117.154 40.1891
117.155 40.1897
117.161 40.1926
117.161 40.1926
117.161 40.1926
117.161 40.1926
117.161 40.1926
117.161 40.1926
117.161 40.1926
117.161 40.1926
117.161 40.1926
117.161 40.1926
117.161 40.1926
117.161 40.1926
117.161 40.1926
117.161 40.1926
117.161 40.1926
117.161 40.1926
117.161 40.1926
117.161 40.1926
117.161 40.1926
117.161 40.1926
117.161 40.1926
117.161 40.1926
117.161 40.1926
117.161 40.1926
117.161 40.1926
117.161 40.1925
117.162 40.1923
117.163 40.1987
117.159 40.1985
117.126 40.1901
117.16 40.1988
117.163 40.1902
117.163 40.1902
117.163 40.1902
117.163 40.1902
117.163 40.1902
117.163 40.1902
117.163 40.1902
117.163 40.1902
117.163 40.1902
117.163 40.1902
117.163 40.1902
117.163 40.1902
117.163 40.1902
117.163 40.1902
117.163 40.1902
117.163 40.1902
117.163 40.1902
117.163 40.1902
117.163 40.1902
117.163 40.1902
117.163 40.1902
117.163 40.1902
117.163 40.1902
117.163 40.1902
116.338 39.9126
117.16 40.1923
117.16 40.1923
117.16 40.1923
117.16 40.1923
117.16 40.1923
117.16 40.1923
117.16 40.1923
117.16 40.1923
