116.355 39.8659
116.356 39.8658
116.355 39.8659
116.355 39.8659
116.355 39.8659
116.355 39.8659
116.355 39.8659
116.355 39.8659
116.355 39.866
116.355 39.866
116.356 39.8662
116.355 39.866
116.355 39.8658
116.355 39.866
116.355 39.866
116.355 39.8659
116.355 39.866
116.355 39.866
116.355 39.8661
116.355 39.866
116.355 39.8663
116.355 39.866
116.355 39.8661
116.355 39.866
116.355 39.8659
116.355 39.866
116.355 39.866
116.355 39.8662
116.355 39.8664
116.355 39.8663
116.355 39.8661
116.355 39.8663
116.355 39.8662
116.355 39.8662
116.355 39.8662
116.355 39.8662
116.355 39.8662
116.356 39.8662
116.355 39.8662
116.355 39.866
116.356 39.866
116.355 39.8659
116.353 39.8677
116.339 39.82
116.339 39.81
116.338 39.8022
116.329 39.8009
116.328 39.801
116.328 39.8014
116.334 39.8039
116.339 39.8134
116.342 39.8299
116.333 39.8217
116.34 39.8226
116.341 39.8499
116.306 39.8731
116.302 39.8773
116.304 39.8671
116.337 39.8666
116.344 39.8762
116.358 39.8755
116.358 39.8706
116.358 39.8691
116.372 39.8691
116.381 39.864
116.381 39.864
116.371 39.8698
116.377 39.8689
116.377 39.8689
116.377 39.8689
116.377 39.8691
116.389 39.8701
116.402 39.8707
116.424 39.8672
116.428 39.8645
116.431 39.8645
116.432 39.8585
116.439 39.8444
116.415 39.831
116.359 39.8493
116.355 39.8652
116.356 39.8658
116.356 39.8658
116.355 39.8658
116.356 39.8658
116.355 39.8658
116.355 39.8658
116.356 39.8658
116.355 39.8659
116.355 39.8659
116.355 39.8659
116.355 39.8659
116.355 39.8659
116.355 39.8658
116.355 39.8658
116.355 39.8681
116.329 39.876
116.319 39.8749
116.33 39.8667
116.34 39.8368
116.388 39.8306
116.421 39.8227
116.437 39.812
116.448 39.8223
116.427 39.8359
116.422 39.848
116.406 39.8559
116.394 39.8664
116.438 39.8721
116.421 39.8993
116.421 39.9049
116.417 39.9027
116.422 39.907
116.437 39.8971
116.439 39.8924
116.428 39.8829
116.422 39.8798
116.415 39.8643
116.431 39.8573
116.443 39.8582
116.475 39.87
116.497 39.8627
116.453 39.8653
116.453 39.8653
116.426 39.8573
116.408 39.8528
116.404 39.839
116.396 39.8516
116.357 39.8532
116.343 39.8851
116.315 39.892
116.315 39.8898
116.314 39.8828
116.313 39.8784
116.336 39.8883
116.355 39.8657
116.355 39.8657
116.355 39.8657
116.355 39.8657
116.355 39.8657
116.355 39.8657
116.355 39.8657
116.355 39.8657
116.355 39.8657
116.355 39.8657
116.355 39.8658
116.355 39.8658
116.355 39.8658
116.355 39.8659
116.355 39.8659
116.355 39.8659
116.355 39.8659
116.355 39.8659
116.355 39.8659
116.355 39.8659
116.355 39.8659
116.355 39.8659
116.355 39.8659
116.355 39.8659
116.355 39.8658
116.355 39.8658
116.355 39.8658
116.355 39.8658
116.355 39.8657
116.355 39.8658
116.355 39.8657
116.355 39.8658
116.355 39.8658
116.355 39.8658
116.355 39.8658
116.355 39.8659
116.355 39.8658
116.355 39.8658
116.355 39.8657
116.355 39.8658
116.355 39.8658
116.355 39.8658
116.355 39.8658
116.356 39.8659
116.355 39.8658
116.355 39.8658
116.356 39.8658
116.355 39.8658
116.355 39.8658
116.355 39.8659
116.355 39.8658
116.356 39.8658
116.356 39.8658
116.356 39.8658
116.356 39.8658
116.355 39.8658
116.356 39.8657
116.355 39.8658
116.355 39.8657
116.355 39.8657
116.356 39.8658
116.355 39.8657
116.356 39.8657
116.355 39.8658
116.355 39.8657
116.355 39.8657
116.355 39.8657
116.355 39.8658
116.355 39.8658
116.355 39.8658
116.355 39.8657
116.355 39.8659
116.356 39.8657
116.356 39.8657
116.356 39.8657
116.355 39.8657
116.356 39.8658
116.355 39.8658
116.356 39.8658
116.356 39.8657
116.354 39.8653
116.33 39.8664
116.331 39.8618
116.328 39.8759
116.311 39.8829
116.315 39.8898
116.315 39.8898
116.315 39.8898
116.315 39.8899
116.315 39.8899
116.315 39.8885
116.335 39.8884
116.336 39.8885
116.359 39.8679
116.377 39.8687
116.377 39.8687
116.41 39.8704
116.403 39.8638
116.397 39.8623
116.419 39.87
116.439 39.8886
116.455 39.8837
116.492 39.8772
116.517 39.8687
116.537 39.8793
116.525 39.8696
116.473 39.8702
116.458 39.8703
116.438 39.8949
116.43 39.9026
116.429 39.9218
116.42 39.9232
116.439 39.8816
116.439 39.8816
116.421 39.8701
116.391 39.8557
116.355 39.8657
116.355 39.8657
116.355 39.8657
116.355 39.8657
116.355 39.8657
116.355 39.8658
116.355 39.8657
116.355 39.8657
116.355 39.8657
116.355 39.8657
116.355 39.8657
116.355 39.8657
116.355 39.8657
116.355 39.8657
116.355 39.8657
116.355 39.8658
116.355 39.8659
116.355 39.8659
116.355 39.8658
116.355 39.8659
116.355 39.8659
116.355 39.8658
116.355 39.8659
116.355 39.8658
116.355 39.8659
116.355 39.8658
116.355 39.8657
116.355 39.8657
116.355 39.8659
116.358 39.8732
116.358 39.8809
116.372 39.8819
116.368 39.869
116.377 39.8687
116.399 39.8706
116.44 39.8799
116.462 39.9034
116.446 39.8924
116.434 39.8841
116.428 39.88
116.413 39.872
116.384 39.8708
116.376 39.8693
116.377 39.8687
116.377 39.8687
116.379 39.8697
116.343 39.876
116.322 39.8887
116.304 39.8831
116.3 39.8812
116.319 39.8489
116.374 39.8557
116.403 39.8554
116.401 39.8559
116.392 39.8753
116.367 39.8689
116.357 39.8653
116.357 39.8653
116.357 39.8652
116.357 39.8652
116.355 39.8655
116.355 39.8658
116.351 39.8672
116.304 39.8659
116.237 39.8587
116.232 39.8548
116.231 39.8506
116.226 39.8484
116.223 39.8467
116.206 39.841
116.188 39.7859
116.12 39.7426
116.081 39.6752
116.06 39.6546
116.063 39.6509
116.062 39.6482
116.063 39.6482
116.062 39.6461
116.062 39.6461
116.063 39.6497
116.063 39.6497
116.058 39.6579
116.058 39.6578
116.058 39.6578
116.058 39.6578
116.058 39.6578
116.058 39.6578
116.058 39.6578
116.058 39.6578
116.058 39.6578
116.058 39.6578
116.058 39.6578
116.058 39.6577
116.058 39.6578
116.058 39.6577
116.058 39.6578
116.058 39.6578
116.058 39.6577
116.058 39.6579
116.058 39.6578
116.058 39.6579
116.058 39.6579
116.058 39.6579
116.058 39.6579
116.058 39.6578
116.058 39.6579
116.058 39.6578
116.058 39.6578
116.058 39.6578
116.058 39.6578
116.058 39.6579
116.058 39.6578
116.058 39.6578
116.058 39.6578
116.058 39.6579
116.058 39.6578
116.058 39.6579
116.058 39.6579
116.058 39.6577
116.058 39.6578
116.058 39.6577
116.058 39.6577
116.058 39.6577
116.058 39.6578
116.058 39.6577
116.058 39.6578
116.058 39.6577
116.058 39.6578
116.058 39.6577
116.058 39.6577
116.058 39.6576
116.058 39.6577
116.058 39.6577
116.058 39.6576
116.058 39.6577
116.058 39.6577
116.058 39.6577
116.058 39.6577
116.058 39.6577
116.058 39.6578
116.058 39.6576
116.058 39.6578
116.058 39.6578
116.058 39.6577
116.058 39.6578
116.058 39.6577
116.058 39.6577
116.058 39.6577
116.058 39.6577
116.058 39.6577
116.058 39.6577
116.058 39.6577
116.058 39.6578
116.058 39.6578
116.058 39.6577
116.058 39.6577
116.058 39.6577
116.058 39.6577
116.058 39.6576
116.058 39.6577
116.058 39.6578
116.058 39.6578
116.058 39.6578
116.058 39.6578
116.058 39.6578
116.058 39.6578
116.058 39.6577
116.058 39.6577
116.058 39.6577
116.058 39.6578
116.058 39.6578
116.058 39.6578
116.058 39.6578
116.058 39.6579
116.058 39.6578
116.058 39.6579
116.058 39.6579
116.058 39.6579
116.058 39.6577
116.058 39.6578
116.058 39.6578
116.058 39.6577
116.058 39.6578
116.058 39.6577
116.058 39.6578
116.058 39.6578
116.058 39.6578
116.058 39.6578
116.058 39.6578
116.058 39.6578
116.058 39.6578
116.058 39.6578
116.058 39.6577
116.058 39.6577
116.058 39.6578
116.058 39.6576
116.058 39.6577
116.058 39.6578
116.058 39.6578
116.058 39.6577
116.058 39.6578
116.058 39.6579
116.058 39.6577
116.058 39.6579
116.058 39.6577
116.058 39.6577
116.058 39.6577
116.058 39.6577
116.058 39.6578
116.058 39.6579
116.058 39.6578
116.058 39.6577
116.058 39.6577
116.058 39.6577
116.058 39.6577
116.058 39.6577
116.058 39.6578
116.058 39.6577
116.058 39.6577
116.058 39.6577
116.058 39.6577
116.058 39.6577
116.058 39.6577
116.058 39.6577
116.058 39.6578
116.058 39.6577
116.058 39.6577
116.058 39.6577
116.058 39.6577
116.063 39.6571
116.079 39.6708
116.116 39.7394
116.184 39.7839
116.206 39.8341
116.206 39.8341
116.25 39.8637
116.304 39.8831
116.315 39.8852
116.315 39.8899
116.315 39.8899
116.319 39.8886
116.323 39.896
116.315 39.9053
116.317 39.9061
116.321 39.8925
116.32 39.886
116.315 39.8866
116.315 39.8866
116.304 39.8868
116.306 39.907
116.304 39.8903
116.313 39.8872
116.32 39.8839
116.332 39.876
116.337 39.8837
116.343 39.8943
116.35 39.9057
116.351 39.9112
116.347 39.9171
116.347 39.9171
116.349 39.9171
116.357 39.9062
116.357 39.8991
116.357 39.8915
116.351 39.8871
116.358 39.8797
116.358 39.8709
116.358 39.869
116.357 39.8652
116.355 39.8657
116.356 39.8656
116.356 39.8657
116.355 39.8656
116.355 39.8656
116.356 39.8657
116.356 39.8657
116.355 39.8657
116.355 39.8656
116.355 39.8657
116.355 39.8657
116.355 39.8657
116.355 39.8657
116.355 39.8657
116.355 39.8657
116.355 39.8658
116.355 39.8659
116.355 39.8659
116.355 39.8659
116.355 39.8658
116.355 39.8659
116.355 39.8657
116.355 39.8658
116.355 39.8659
116.355 39.8658
116.355 39.8659
116.355 39.8659
116.355 39.8659
116.355 39.866
116.355 39.866
116.355 39.9368
116.355 39.9368
116.355 39.866
116.355 39.866
116.355 39.8658
116.355 39.866
116.355 39.866
116.355 39.866
116.355 39.8659
116.355 39.866
116.357 39.8674
116.361 39.8684
116.343 39.8914
116.351 39.8992
116.35 39.9098
116.349 39.9524
116.343 39.9994
116.337 39.9918
116.334 39.986
116.347 39.9751
116.35 39.9444
116.35 39.9444
116.349 39.9335
116.349 39.9315
116.35 39.9217
116.35 39.916
116.35 39.9043
116.343 39.8798
116.338 39.8459
116.338 39.8455
116.338 39.8455
116.338 39.8455
116.338 39.8455
116.338 39.8455
116.338 39.8455
116.339 39.8346
116.311 39.829
116.322 39.828
116.322 39.828
116.322 39.828
116.322 39.828
116.33 39.8144
116.333 39.8094
116.333 39.8094
116.33 39.8104
116.326 39.811
116.336 39.8177
116.336 39.8177
116.336 39.8208
116.342 39.8293
116.304 39.8294
116.278 39.8505
116.288 39.8627
116.305 39.8655
116.326 39.8665
116.289 39.8651
116.287 39.858
116.31 39.8568
116.308 39.8648
116.342 39.8659
116.348 39.8759
116.347 39.8901
116.347 39.8901
116.355 39.8976
116.355 39.8977
116.355 39.8977
116.355 39.8977
116.355 39.8976
116.355 39.8977
116.355 39.8977
116.355 39.8977
116.355 39.8977
116.355 39.8977
116.355 39.8977
116.355 39.8977
116.355 39.8977
116.355 39.8977
116.355 39.8976
116.362 39.8878
116.368 39.8702
116.417 39.8505
116.369 39.8697
116.354 39.8657
116.362 39.876
116.378 39.8881
116.386 39.8989
116.385 39.8886
116.368 39.886
116.358 39.8693
116.355 39.8658
116.355 39.8658
116.355 39.8659
116.355 39.8658
116.355 39.8659
116.355 39.8658
116.355 39.8659
116.355 39.8659
116.355 39.8658
116.355 39.8658
116.355 39.8658
116.355 39.8658
116.355 39.8658
116.355 39.8658
116.355 39.8658
116.355 39.8658
116.355 39.8657
116.355 39.8657
116.355 39.8657
116.355 39.8657
116.355 39.8657
116.355 39.8658
116.355 39.8657
116.355 39.8657
116.355 39.8657
116.355 39.8658
116.355 39.8657
116.355 39.8659
116.355 39.8658
116.355 39.8659
116.355 39.8659
116.355 39.8658
116.355 39.8659
116.355 39.8659
116.355 39.8659
116.355 39.8659
116.355 39.8659
116.355 39.8659
116.355 39.8658
116.355 39.8658
116.355 39.8659
116.355 39.8659
116.355 39.8657
116.487 40.0081
116.487 40.0081
116.355 39.8658
116.355 39.866
116.355 39.8659
120.268 33.7683
120.268 33.7683
116.355 39.8659
116.355 39.8659
116.355 39.8657
116.355 39.8658
116.355 39.8658
116.355 39.8658
116.355 39.8658
116.355 39.8659
116.355 39.8658
116.355 39.8657
116.355 39.8658
116.355 39.8658
116.355 39.8657
116.355 39.8659
116.355 39.8658
116.355 39.8657
116.355 39.8657
116.355 39.8658
116.355 39.8658
116.355 39.866
116.355 39.8658
116.355 39.8658
116.355 39.8658
116.355 39.8658
116.355 39.8659
116.355 39.8659
116.355 39.8659
116.355 39.8658
116.355 39.8659
116.355 39.8659
116.355 39.8658
116.355 39.8659
116.355 39.8658
116.355 39.8659
116.355 39.8659
116.355 39.8659
116.355 39.8658
116.355 39.8657
116.355 39.8658
116.355 39.8658
116.355 39.8658
116.355 39.8658
116.355 39.8658
116.355 39.8657
116.355 39.8657
116.355 39.8658
116.355 39.8659
116.355 39.8659
116.355 39.8658
116.355 39.8658
116.355 39.8658
116.355 39.8658
116.355 39.8658
116.355 39.8658
116.355 39.8658
116.355 39.8658
116.355 39.8658
116.367 39.8686
116.377 39.8687
116.381 39.8706
116.367 39.8771
116.351 39.8881
116.315 39.892
116.315 39.8884
116.328 39.8857
116.347 39.8969
116.358 39.9058
116.358 39.9058
116.378 39.9002
116.369 39.8881
116.358 39.8821
116.357 39.8824
116.366 39.8685
116.377 39.8687
116.377 39.8687
116.377 39.8687
116.377 39.8693
116.377 39.8693
116.415 39.865
116.408 39.8576
116.357 39.8532
116.306 39.8659
116.304 39.9011
116.312 39.8992
116.322 39.8992
116.317 39.8884
116.332 39.8886
116.343 39.8765
116.381 39.8698
116.415 39.882
116.417 39.8958
116.421 39.8926
116.42 39.8826
116.408 39.8718
116.38 39.8706
116.377 39.8705
116.369 39.8696
116.343 39.8745
116.304 39.8887
116.331 39.8666
116.339 39.8332
116.339 39.8332
116.336 39.8215
116.34 39.8366
116.354 39.8652
116.356 39.8657
116.356 39.8657
116.355 39.8658
116.355 39.8658
116.355 39.8658
116.355 39.8658
116.355 39.8658
116.355 39.8658
116.355 39.8657
116.355 39.8657
116.355 39.8657
116.355 39.8658
116.355 39.8659
116.355 39.8659
116.355 39.8659
116.355 39.866
116.355 39.8659
116.355 39.8659
116.355 39.8658
116.355 39.866
116.355 39.8659
116.355 39.8658
116.355 39.8659
116.355 39.8659
116.355 39.8659
116.355 39.8658
116.355 39.866
116.359 39.8678
116.407 39.8641
116.408 39.8574
116.408 39.8574
116.408 39.8566
116.408 39.8534
116.409 39.8435
116.409 39.8417
116.409 39.8366
116.409 39.8364
116.409 39.8398
116.409 39.8398
116.409 39.8397
116.409 39.8398
116.409 39.8398
116.409 39.8402
116.408 39.8513
116.418 39.8528
116.42 39.8529
116.42 39.8528
116.42 39.8528
116.42 39.8528
116.42 39.8527
116.419 39.8526
116.417 39.8484
116.408 39.8535
116.408 39.8549
116.408 39.863
116.407 39.8709
116.359 39.869
116.358 39.8575
116.359 39.8584
116.358 39.8646
116.358 39.8646
116.355 39.8659
116.355 39.8659
116.356 39.8659
116.355 39.8659
116.355 39.8659
116.355 39.8659
116.355 39.8659
116.355 39.8658
116.355 39.8659
116.355 39.8658
116.355 39.8659
116.355 39.8659
116.364 39.8684
116.377 39.8687
116.377 39.8687
116.377 39.8687
116.377 39.8687
116.377 39.8691
116.384 39.8694
116.345 39.8674
116.327 39.8886
116.304 39.8843
116.3 39.8808
116.305 39.8876
116.315 39.892
116.315 39.8898
116.315 39.8861
116.307 39.8757
116.305 39.8853
116.305 39.8853
116.315 39.8897
116.315 39.8897
116.315 39.8897
116.32 39.8851
116.318 39.8832
116.315 39.8827
116.315 39.886
116.3 39.8819
116.3 39.8819
116.3 39.8818
116.3 39.8818
116.3 39.8818
116.3 39.8818
116.3 39.882
116.262 39.869
116.213 39.8429
116.204 39.8145
116.162 39.7779
116.109 39.7328
116.082 39.6772
116.063 39.6519
116.058 39.6579
116.058 39.6579
116.058 39.6579
116.058 39.6579
116.058 39.6579
116.058 39.6579
116.058 39.6577
116.058 39.6577
116.058 39.6578
116.058 39.6578
116.058 39.6578
116.058 39.6578
116.058 39.6578
116.058 39.6579
116.058 39.6578
116.058 39.6578
116.058 39.6577
116.058 39.6577
116.058 39.6578
116.058 39.6577
116.058 39.6577
116.058 39.6577
116.058 39.6578
116.058 39.6578
116.058 39.6577
116.058 39.6577
116.058 39.6577
116.058 39.6578
116.058 39.6577
116.058 39.6578
116.058 39.6577
116.058 39.6576
116.058 39.6577
116.058 39.6577
116.058 39.6577
116.058 39.6576
116.058 39.6578
116.058 39.6578
116.058 39.6578
116.058 39.6578
116.058 39.6578
116.058 39.6576
116.058 39.6578
116.058 39.6579
116.058 39.6577
116.058 39.6577
116.058 39.6578
116.058 39.6575
116.058 39.6577
116.058 39.6577
116.058 39.6577
116.058 39.6578
116.058 39.6578
116.058 39.6578
116.058 39.6577
116.058 39.6578
116.058 39.6578
116.058 39.6577
116.058 39.6578
116.058 39.6578
116.058 39.6578
116.058 39.6578
116.058 39.6577
116.058 39.6578
116.058 39.6578
116.058 39.6577
116.058 39.6578
116.058 39.6578
116.058 39.6578
116.058 39.6577
116.058 39.6576
116.058 39.6578
116.058 39.6578
116.058 39.6579
116.058 39.6579
116.058 39.6578
116.058 39.6577
116.058 39.6577
116.058 39.6577
116.058 39.6576
116.058 39.6577
116.058 39.6576
116.058 39.6577
116.058 39.6576
116.058 39.6577
116.058 39.6577
116.058 39.6577
116.058 39.6577
116.058 39.6577
116.058 39.6577
116.058 39.6577
116.058 39.6577
116.058 39.6577
116.058 39.6577
116.058 39.6577
116.058 39.6577
116.058 39.6577
116.058 39.6578
116.058 39.6578
116.058 39.6577
116.058 39.6578
116.058 39.6577
116.058 39.6578
116.058 39.6578
116.058 39.6578
116.058 39.6577
116.058 39.6577
116.058 39.6577
116.058 39.6577
116.058 39.6577
116.058 39.6578
116.058 39.6578
116.058 39.6578
116.058 39.6578
116.058 39.6578
116.058 39.6578
116.058 39.6578
116.058 39.6578
116.058 39.6578
116.058 39.6577
116.058 39.6577
116.058 39.6577
116.058 39.6578
116.058 39.6578
116.058 39.6578
116.058 39.6577
116.058 39.6577
116.058 39.6578
116.058 39.6578
116.058 39.6578
116.058 39.6578
116.059 39.6579
116.059 39.658
116.059 39.658
116.058 39.6579
116.058 39.6578
116.058 39.6578
116.058 39.6578
116.058 39.6579
116.058 39.6578
116.058 39.6578
116.058 39.6578
116.058 39.6577
116.058 39.6579
116.058 39.6579
116.058 39.6578
116.058 39.6578
116.058 39.6578
116.058 39.6578
116.058 39.6579
116.08 39.6727
116.08 39.6727
116.109 39.7334
116.173 39.782
116.205 39.8361
116.242 39.8511
116.259 39.8587
116.287 39.8648
116.305 39.8792
116.304 39.9077
116.304 39.8872
116.314 39.883
116.342 39.8879
116.341 39.8826
116.32 39.8891
116.315 39.8833
116.307 39.8849
116.321 39.8481
116.327 39.8486
116.327 39.8486
116.32 39.8464
116.316 39.8406
116.315 39.8462
116.325 39.8476
116.339 39.8143
116.345 39.7769
116.374 39.7627
116.373 39.7833
116.372 39.7912
116.357 39.8143
116.357 39.8143
116.338 39.8192
116.329 39.8023
116.333 39.809
116.333 39.809
116.33 39.812
116.338 39.8212
116.34 39.8317
116.353 39.8494
116.407 39.8554
116.409 39.8429
116.409 39.8415
116.409 39.8415
116.409 39.8415
116.402 39.8409
116.381 39.8306
116.369 39.836
116.369 39.8361
116.373 39.8347
116.365 39.8474
116.355 39.8663
116.355 39.8661
116.355 39.8662
116.355 39.8663
116.355 39.8662
116.355 39.8663
116.355 39.8664
116.355 39.8662
116.355 39.8662
116.355 39.8661
116.355 39.8661
116.355 39.8661
116.355 39.8661
116.355 39.8661
116.355 39.8662
116.355 39.8661
116.355 39.8661
116.355 39.8662
116.355 39.8663
116.355 39.8661
116.355 39.8662
116.355 39.8661
116.355 39.8661
116.355 39.8662
116.355 39.8661
116.355 39.8662
116.355 39.8661
116.355 39.8661
116.355 39.866
116.355 39.8661
116.355 39.8658
116.357 39.8682
116.351 39.9
116.347 39.9267
116.326 39.9269
116.326 39.9269
116.339 39.9185
116.336 39.902
116.342 39.8924
116.378 39.8696
116.439 39.8705
116.471 39.8665
116.471 39.8696
116.472 39.8914
116.505 39.8918
116.522 39.8994
116.519 39.8919
116.484 39.892
116.465 39.8921
116.434 39.8886
116.415 39.8796
116.415 39.8677
116.413 39.8914
116.412 39.9085
116.411 39.9239
116.412 39.9001
116.421 39.8921
116.464 39.892
116.456 39.8922
116.42 39.8921
116.387 39.8887
116.378 39.889
116.379 39.8845
116.371 39.8698
116.371 39.8698
116.368 39.8698
116.354 39.8489
116.358 39.8631
116.333 39.867
116.318 39.8668
116.339 39.8667
116.415 39.8822
116.413 39.8862
116.412 39.8991
116.411 39.9202
116.421 39.8976
116.422 39.8923
116.338 39.8965
116.233 39.8555
116.203 39.8137
116.149 39.7641
116.1 39.7032
116.069 39.651
116.058 39.6579
116.058 39.6577
116.058 39.6578
116.058 39.6577
116.058 39.6577
116.058 39.6577
116.058 39.6577
116.058 39.6579
116.058 39.6578
116.058 39.6578
116.058 39.6578
116.058 39.6578
116.058 39.6577
116.058 39.6577
116.058 39.6578
116.058 39.6577
116.058 39.6578
116.058 39.6577
116.058 39.6578
116.058 39.6577
116.058 39.6577
116.058 39.6577
116.058 39.6577
116.058 39.6577
116.058 39.6577
116.058 39.6577
116.058 39.6577
116.058 39.6577
116.058 39.6577
116.058 39.6576
116.058 39.6577
116.058 39.6578
116.058 39.6578
116.058 39.6577
116.058 39.6578
116.058 39.6578
116.058 39.6578
116.058 39.6578
116.058 39.6578
116.058 39.6579
116.059 39.6578
116.059 39.6578
116.059 39.6578
116.058 39.6578
116.059 39.6578
116.059 39.6577
116.058 39.6578
116.058 39.6578
116.058 39.6578
116.058 39.6577
116.058 39.6578
116.058 39.6578
116.058 39.6578
116.058 39.6578
116.058 39.6578
116.058 39.6578
116.058 39.6578
116.058 39.6577
116.058 39.6577
116.058 39.6577
116.058 39.6578
116.058 39.6578
116.058 39.6579
116.058 39.6578
116.058 39.6578
116.058 39.658
116.058 39.658
116.058 39.658
116.058 39.6579
116.058 39.6579
116.058 39.6578
116.058 39.6577
116.058 39.6577
116.058 39.6577
116.058 39.6578
116.058 39.6576
116.058 39.6577
116.058 39.6578
116.058 39.6578
116.058 39.6578
116.058 39.6578
116.058 39.6578
116.058 39.6578
116.058 39.6577
116.058 39.6578
116.058 39.6578
116.058 39.6578
116.058 39.6578
116.058 39.6578
116.058 39.6578
116.058 39.6578
116.058 39.6579
116.058 39.6577
116.058 39.6577
116.058 39.6577
116.058 39.6577
116.058 39.6577
116.058 39.6577
116.058 39.6577
116.058 39.6577
116.058 39.6578
116.058 39.6577
116.058 39.6579
116.058 39.6578
116.058 39.6578
116.058 39.6578
116.058 39.6578
116.058 39.6578
116.058 39.6578
116.058 39.6577
116.058 39.6577
116.058 39.6577
116.058 39.6577
116.058 39.6577
116.058 39.6577
116.058 39.6577
116.058 39.6577
116.058 39.6577
116.058 39.6577
116.058 39.6578
116.058 39.6578
116.058 39.6578
116.058 39.6577
116.058 39.6579
116.058 39.6578
116.058 39.6578
116.058 39.6579
116.058 39.6578
116.058 39.6578
116.058 39.6578
116.058 39.6579
116.058 39.6578
116.058 39.6577
116.058 39.6578
116.058 39.6578
116.058 39.6579
116.058 39.6578
116.058 39.6577
116.058 39.6578
116.058 39.6579
116.058 39.6579
116.058 39.6578
116.058 39.6578
116.058 39.6577
116.058 39.6577
116.058 39.6578
116.058 39.6578
116.058 39.6577
116.058 39.6577
116.058 39.6577
116.058 39.6577
116.058 39.6577
116.058 39.6577
116.058 39.6577
116.058 39.6577
116.058 39.6577
116.058 39.6576
116.058 39.6577
116.058 39.6578
116.058 39.6578
116.058 39.6578
116.058 39.6578
116.058 39.6578
116.058 39.6578
116.058 39.6579
116.058 39.6579
116.058 39.6579
116.058 39.6579
116.058 39.6579
116.058 39.6579
116.058 39.6576
116.058 39.6577
116.058 39.6577
116.058 39.6576
116.058 39.6577
116.058 39.6577
116.058 39.6577
116.058 39.6578
116.058 39.6577
116.058 39.6577
116.058 39.6578
116.058 39.6577
116.058 39.6578
116.058 39.6577
116.058 39.6578
116.058 39.6578
116.058 39.6578
116.058 39.6578
116.058 39.6578
116.058 39.6578
116.058 39.6578
116.058 39.6578
116.058 39.6578
116.058 39.6577
116.058 39.6577
116.058 39.6578
116.058 39.6578
116.058 39.6578
116.058 39.6578
116.058 39.6577
116.058 39.6578
116.058 39.6578
116.058 39.6578
116.058 39.6578
116.058 39.6577
116.058 39.6577
116.058 39.6577
116.058 39.6578
116.058 39.6577
116.058 39.6578
116.058 39.6579
116.058 39.6579
116.058 39.6578
116.058 39.6579
116.058 39.6579
116.058 39.6578
116.058 39.6578
116.058 39.6577
116.058 39.6578
116.058 39.6577
116.058 39.6577
116.058 39.6577
116.058 39.6577
116.058 39.6577
116.058 39.6577
116.359 39.9804
116.058 39.6577
116.058 39.6577
116.058 39.6577
116.058 39.6577
116.058 39.6577
116.058 39.6577
116.058 39.6578
116.058 39.6577
116.058 39.6577
116.058 39.6577
116.058 39.6577
116.058 39.6577
116.058 39.6577
116.058 39.6579
116.058 39.6578
116.058 39.6579
116.058 39.6578
116.058 39.6578
116.058 39.6579
116.058 39.6579
116.058 39.6579
116.058 39.6578
116.058 39.6579
116.058 39.6578
116.058 39.6578
116.058 39.6578
116.058 39.6578
116.058 39.6577
116.058 39.6577
116.058 39.6578
116.058 39.6578
116.058 39.6578
116.058 39.6577
116.058 39.6577
116.058 39.6578
116.058 39.6578
116.058 39.6578
116.058 39.6578
116.058 39.6578
116.058 39.6578
116.058 39.6578
116.058 39.6578
116.058 39.6578
116.058 39.6578
116.058 39.6578
116.058 39.6579
116.058 39.6579
116.058 39.6579
116.058 39.6578
116.058 39.6579
116.058 39.6579
116.058 39.6578
116.058 39.6579
116.058 39.6579
116.058 39.6579
116.058 39.6577
116.058 39.6578
116.058 39.6577
116.058 39.6577
116.058 39.6577
116.058 39.6578
116.058 39.6578
116.058 39.6578
116.058 39.6578
116.058 39.6578
116.058 39.6578
116.058 39.6578
116.058 39.6578
116.058 39.6578
116.058 39.6578
116.058 39.6578
116.058 39.6577
116.058 39.6577
116.058 39.6578
116.058 39.6578
116.058 39.6578
116.058 39.6578
116.058 39.6577
116.058 39.6577
116.058 39.6578
116.058 39.6577
116.058 39.6577
116.058 39.6577
116.058 39.6576
116.058 39.6578
116.058 39.6578
116.058 39.6578
116.058 39.6577
116.058 39.6578
116.058 39.6578
116.058 39.6578
116.058 39.6578
116.058 39.6579
116.058 39.6579
116.058 39.6578
116.059 39.6578
116.058 39.6577
116.058 39.6578
116.058 39.6577
116.058 39.6578
116.058 39.6578
116.058 39.6578
116.058 39.6578
116.058 39.6578
116.058 39.6578
116.058 39.6578
116.058 39.6578
116.058 39.6577
116.058 39.6577
116.058 39.6577
116.058 39.6577
116.058 39.6578
116.058 39.6579
116.058 39.6579
116.058 39.6578
116.058 39.6578
116.058 39.6579
116.058 39.6579
116.058 39.6579
116.058 39.658
116.058 39.658
116.058 39.6579
116.058 39.6579
116.058 39.6578
116.058 39.6576
116.058 39.6577
116.058 39.6578
116.058 39.6577
116.058 39.6577
116.058 39.6577
116.058 39.6578
116.058 39.6578
116.058 39.6577
116.058 39.6577
116.058 39.6578
116.058 39.6577
116.058 39.6578
116.058 39.6577
116.058 39.6577
116.058 39.6577
116.058 39.6577
116.058 39.6577
116.058 39.6577
116.058 39.6578
116.058 39.6578
116.058 39.6578
116.058 39.6578
116.058 39.6578
116.058 39.6578
116.058 39.6577
116.058 39.6578
116.058 39.6578
116.058 39.6577
116.058 39.6577
116.058 39.6577
116.058 39.6577
116.058 39.6577
116.058 39.6578
116.058 39.6578
116.058 39.6578
116.058 39.6579
116.058 39.6579
116.058 39.6578
116.058 39.6579
116.058 39.6579
116.058 39.6578
116.058 39.6577
116.058 39.6577
116.058 39.6577
116.058 39.6576
116.058 39.6578
116.058 39.6577
116.058 39.6577
116.058 39.6577
116.058 39.6577
116.058 39.6578
116.058 39.6578
116.058 39.6577
116.058 39.6577
116.058 39.6577
116.058 39.6578
116.058 39.6578
116.058 39.6578
116.058 39.6578
116.058 39.6577
116.059 39.6578
116.059 39.6577
116.059 39.6578
116.059 39.6579
116.058 39.6578
116.058 39.6577
116.058 39.6577
116.058 39.6577
116.058 39.6577
116.058 39.6578
116.058 39.6578
116.058 39.6578
116.058 39.6577
116.058 39.6576
116.058 39.6578
116.058 39.6578
116.058 39.6578
116.064 39.6581
116.087 39.6841
116.119 39.7416
116.186 39.7845
116.205 39.839
116.234 39.8549
116.234 39.8549
116.268 39.8639
116.299 39.8806
116.344 39.8763
116.358 39.8805
116.358 39.8698
116.381 39.8697
116.44 39.8768
116.437 39.8975
116.43 39.902
116.438 39.938
116.443 39.9214
116.462 39.9157
116.483 39.9141
116.457 39.9073
116.435 39.9104
116.412 39.9088
116.412 39.898
116.421 39.8921
116.419 39.8922
116.414 39.8834
116.416 39.8571
116.415 39.8474
116.415 39.8474
116.415 39.8474
116.415 39.8474
116.415 39.8474
116.415 39.8474
116.415 39.8474
116.415 39.8474
116.415 39.8474
116.415 39.8474
116.415 39.8474
116.416 39.8476
116.416 39.8475
116.415 39.8475
116.415 39.8475
116.415 39.8474
116.415 39.8475
116.415 39.8475
116.415 39.8475
116.415 39.8474
116.415 39.8475
116.415 39.8475
116.415 39.8475
116.415 39.8474
116.415 39.8474
116.415 39.8475
116.415 39.8474
116.415 39.8474
116.415 39.8474
116.415 39.8475
116.415 39.8475
116.415 39.8475
116.415 39.8475
116.414 39.8495
116.408 39.8625
116.427 39.8645
116.427 39.8645
116.433 39.8669
116.433 39.8669
116.431 39.8986
116.428 39.9425
116.582 40.0481
116.574 40.0497
116.532 40.022
116.466 39.9728
116.422 39.9923
116.424 39.9929
116.413 39.9741
116.389 39.9674
