116.462 39.9548
116.455 39.9543
116.438 39.9637
116.437 39.9644
116.437 39.9644
116.43 39.9682
116.43 39.9682
116.43 39.9682
116.429 39.9684
116.411 39.9606
116.379 39.9811
116.387 39.9753
116.383 39.9715
116.389 39.949
116.402 39.9404
116.411 39.9337
116.409 39.9289
116.41 39.9636
116.409 39.9676
116.377 39.9671
116.369 39.979
116.36 39.9246
116.351 39.9392
116.351 39.9393
116.351 39.9393
116.351 39.9393
116.341 39.9523
116.337 39.9567
116.32 39.9504
116.318 39.9498
116.289 39.9109
116.249 39.9198
116.247 39.9231
116.254 39.928
116.268 39.9271
116.268 39.9656
116.297 39.9061
116.253 39.892
116.305 39.9077
116.27 39.9339
116.279 39.9404
116.294 39.9444
116.302 39.9416
116.304 39.9411
116.318 39.9451
116.326 39.956
116.316 39.9652
116.325 39.9783
116.336 39.975
116.332 39.9752
116.326 39.9664
116.343 39.9847
116.347 39.9763
116.343 39.9569
116.328 39.9637
116.328 39.9264
116.328 39.9274
116.339 39.9182
116.339 39.9661
116.339 39.9661
116.515 39.9102
116.507 39.915
116.475 39.9144
116.472 39.9196
116.496 39.9221
116.496 39.925
116.421 40.0423
116.411 40.0254
116.419 39.9396
116.413 39.9396
116.319 39.9455
116.329 39.9582
116.329 39.9565
116.326 39.9664
116.307 39.9632
116.307 39.9632
116.307 39.9632
116.307 39.9632
116.307 39.9632
116.307 39.9632
116.307 39.9632
116.307 39.9632
116.307 39.9632
116.307 39.9632
116.309 39.9634
116.309 39.9634
116.323 39.9646
116.323 39.9646
116.323 39.9646
116.323 39.9646
116.323 39.9646
116.323 39.9646
116.323 39.9646
116.323 39.9647
116.323 39.9647
116.323 39.9647
116.323 39.9647
116.323 39.9647
116.323 39.9647
116.323 39.9647
116.323 39.9647
116.323 39.9647
116.323 39.9645
116.323 39.9645
116.323 39.9645
116.323 39.9645
116.323 39.9645
116.323 39.9646
116.323 39.9646
116.323 39.9646
116.323 39.9646
116.323 39.9646
116.323 39.9646
116.323 39.9646
116.323 39.9646
116.323 39.9645
116.323 39.9646
116.323 39.9646
116.323 39.9646
116.323 39.9646
116.323 39.9647
116.321 39.9456
116.349 39.932
116.347 39.9213
116.339 39.9209
116.373 39.9061
116.349 39.9541
116.339 39.9764
116.328 39.9753
116.331 39.9893
116.331 39.9916
116.31 39.9846
116.318 39.95
116.35 39.9389
116.35 39.9388
116.4 39.9185
116.419 39.9231
116.43 39.9396
116.43 39.9391
116.456 39.95
116.462 39.9601
116.463 39.9618
116.484 39.9702
116.49 39.9706
116.49 39.9706
116.49 39.9706
116.493 39.9707
116.497 39.9843
116.497 39.9843
116.497 39.9843
116.497 39.9843
116.497 39.9843
116.497 39.9843
116.497 39.9843
116.497 39.9844
116.497 39.9844
116.497 39.9844
116.507 39.9917
116.505 40.0065
116.505 40.0066
116.505 40.0066
116.505 40.0066
116.505 40.0066
116.505 40.0066
116.505 40.0066
116.505 40.0066
116.505 40.0066
116.505 40.0066
116.512 40.0062
116.506 39.9995
116.506 39.9995
116.506 39.9995
116.506 39.9995
116.506 39.9995
116.506 39.9995
116.333 39.9983
116.334 39.996
116.327 39.9914
116.327 39.9768
116.319 39.9659
116.305 39.9624
116.305 39.9624
116.303 39.951
116.3 39.9349
116.322 39.937
116.335 39.9368
116.355 39.9391
116.365 39.9392
116.368 39.9472
116.299 39.8886
116.304 39.8862
116.308 39.8956
116.323 39.9046
116.332 39.9127
116.438 39.9589
116.439 39.9548
116.452 39.9539
116.459 39.958
116.462 39.9564
116.468 39.9445
116.464 39.9289
116.449 39.9222
116.449 39.9499
116.446 39.9517
116.446 39.9516
116.446 39.9516
116.446 39.9516
116.446 39.9516
116.426 39.9568
116.419 39.9442
116.435 39.924
116.381 39.9804
116.387 39.9754
116.394 39.9671
116.4 39.9606
116.411 39.9606
116.419 39.9561
116.413 39.9527
116.532 40.0488
116.564 40.0612
116.566 40.0704
116.566 40.071
116.566 40.071
116.566 40.071
116.566 40.071
116.566 40.071
116.566 40.071
116.566 40.071
116.566 40.071
116.566 40.071
116.566 40.071
116.566 40.071
116.566 40.071
116.566 40.071
116.566 40.071
116.566 40.071
116.566 40.071
116.566 40.071
116.566 40.071
116.564 40.0702
116.563 40.0702
116.563 40.0669
116.558 40.0618
116.58 40.0595
116.583 40.0594
116.583 40.0624
116.583 40.0624
116.583 40.0624
116.582 40.0637
116.582 40.0637
116.582 40.0685
116.58 40.0757
116.58 40.0761
116.58 40.0761
116.297 40.0434
116.314 39.984
116.579 39.9207
116.577 39.9233
116.533 39.9225
116.508 39.9231
116.496 39.9322
116.486 39.938
116.486 39.938
116.486 39.938
116.486 39.938
116.486 39.938
116.486 39.938
116.486 39.938
116.486 39.938
116.486 39.938
116.486 39.938
116.486 39.938
116.486 39.938
116.486 39.938
116.486 39.938
116.486 39.938
116.486 39.938
116.486 39.938
116.486 39.938
116.457 39.9274
116.449 39.9339
116.449 39.9245
116.449 39.9241
116.449 39.9242
116.449 39.9242
116.449 39.9241
116.449 39.9241
116.448 39.924
116.449 39.924
116.449 39.924
116.449 39.924
116.449 39.924
116.449 39.924
116.449 39.9242
116.449 39.924
116.461 39.9219
116.479 39.9322
116.486 39.938
116.486 39.938
116.486 39.938
116.486 39.938
116.486 39.938
116.486 39.938
116.486 39.938
116.486 39.9381
116.486 39.9381
116.486 39.938
116.486 39.938
116.486 39.938
116.486 39.938
116.486 39.938
116.486 39.938
116.486 39.938
116.486 39.938
116.486 39.938
116.486 39.938
116.486 39.9388
116.485 39.9569
116.484 39.9354
116.486 39.938
116.486 39.938
116.486 39.938
116.486 39.938
116.486 39.938
116.486 39.938
116.486 39.938
116.486 39.938
116.486 39.938
116.486 39.938
116.486 39.938
116.486 39.938
116.486 39.938
116.486 39.938
116.486 39.938
116.486 39.9381
116.486 39.9381
116.486 39.9381
116.486 39.9381
116.486 39.9381
116.486 39.9381
116.486 39.9381
116.486 39.938
116.486 39.938
116.486 39.938
116.486 39.938
116.486 39.938
116.486 39.938
116.486 39.938
116.486 39.938
116.486 39.938
116.486 39.938
116.486 39.938
116.486 39.938
116.486 39.938
116.486 39.9381
116.482 39.9081
116.483 39.9701
116.483 39.9473
116.479 39.9309
116.462 39.9565
116.468 39.9377
116.478 39.9323
116.472 39.9269
116.472 39.9147
116.47 39.9115
116.472 39.9209
116.455 39.9527
116.462 39.9503
116.466 39.9327
116.479 39.9323
116.484 39.9426
116.492 39.9587
116.49 39.9706
116.49 39.9706
116.49 39.9706
116.49 39.9706
116.49 39.9706
116.328 39.9845
116.49 39.9706
116.49 39.9706
116.49 39.9706
116.494 39.9728
116.493 39.979
116.498 39.9844
116.498 39.9844
116.498 39.9844
116.498 39.9844
116.498 39.9844
116.498 39.9844
116.504 39.9879
116.513 40.0065
116.505 40.0065
116.505 40.0065
116.505 40.0065
116.505 40.0065
116.492 39.9947
116.477 39.9836
116.47 39.9778
116.47 39.9778
116.47 39.9777
116.47 39.9778
116.456 39.9649
116.456 39.9649
116.437 39.9577
116.429 39.9685
116.417 39.9742
116.4 39.9676
116.394 39.9676
116.394 39.9676
116.394 39.9675
116.378 39.9672
116.378 39.9672
116.376 39.9671
116.353 39.9529
116.349 39.9475
116.35 39.9393
116.336 39.9469
116.396 39.9568
116.391 39.9616
116.391 39.9616
116.391 39.9616
116.391 39.9616
116.396 39.9647
116.397 39.9671
116.423 39.9396
116.444 39.9146
116.444 39.9206
116.428 39.9423
116.433 39.9532
116.437 39.9644
116.437 39.9644
116.43 39.9681
116.43 39.9682
116.309 39.867
116.308 39.8761
116.302 39.8787
116.298 39.8658
116.289 39.8801
116.289 39.8946
116.296 39.9008
116.343 39.9039
116.583 40.0795
116.582 40.0628
116.564 40.0701
116.556 40.0662
116.469 39.9764
116.484 39.9416
116.484 39.8884
116.475 39.8494
116.476 39.8494
116.476 39.8494
116.471 39.8687
116.453 39.8905
116.462 39.8744
116.462 39.8772
116.471 39.8767
116.462 39.875
116.431 39.9866
116.428 39.9823
116.425 39.9822
116.412 39.9741
116.374 39.9539
116.379 39.9713
116.379 39.9713
116.351 39.9665
116.318 39.9662
116.295 39.9362
116.297 39.9362
116.304 39.9402
116.309 39.9502
116.313 39.9846
116.327 39.9851
116.328 39.9676
116.297 39.9583
116.361 39.9427
116.353 39.9392
116.336 39.9468
116.328 39.9656
116.316 39.895
116.318 39.9476
116.329 39.956
116.329 39.9571
116.329 39.9571
116.329 39.9571
116.329 39.9571
116.329 39.9571
116.329 39.957
116.329 39.9571
116.329 39.9571
116.328 39.9658
116.315 39.9715
116.315 39.9715
116.288 39.9202
116.305 39.9224
116.306 39.944
116.311 39.9488
116.303 40.0229
116.308 40.0234
116.319 40.0119
116.321 40.0108
116.321 40.0108
116.321 40.0108
116.321 40.0108
116.321 40.0108
116.321 40.0108
116.321 40.0108
116.321 40.0108
116.321 40.0108
116.321 40.0108
116.321 40.0108
116.321 40.0108
116.321 40.0108
116.321 40.0108
116.321 40.0108
116.321 40.0108
116.321 40.0108
116.321 40.0108
116.321 40.0108
116.321 40.0108
116.321 40.0108
116.321 40.0108
116.309 39.8671
116.315 39.895
116.311 39.9049
116.305 39.9076
116.305 39.9076
116.301 39.8801
116.419 39.9033
116.421 39.9083
116.433 39.8648
116.403 39.8558
116.399 39.8554
116.408 39.8525
116.406 39.8409
116.398 39.8554
116.437 39.9224
116.43 39.9325
116.43 39.9394
116.396 39.9712
116.396 39.968
116.349 39.9665
116.349 39.9353
116.35 39.9082
116.342 39.8686
116.347 39.8296
116.395 39.8248
116.394 39.8154
116.395 39.8152
116.395 39.8146
116.395 39.8153
116.395 39.8298
116.41 39.8555
116.453 39.8654
116.453 39.8654
116.459 39.8874
116.471 39.8919
116.478 39.9042
116.484 39.9451
116.482 39.9699
116.49 39.9706
116.49 39.9706
116.49 39.9706
116.494 39.973
116.494 39.9724
116.5 39.9868
116.505 40.0064
116.505 40.0064
116.505 40.0064
116.505 40.0064
116.505 40.0064
116.505 40.0064
116.505 40.0064
116.505 40.0064
116.505 40.0064
116.505 40.0064
116.505 40.0064
116.505 40.0064
116.505 40.0064
116.523 40.0058
116.468 40.0005
116.338 39.9221
116.337 39.9221
116.343 39.9119
116.352 39.9107
116.445 39.952
116.438 39.9441
116.444 39.9216
116.458 39.905
116.343 39.9311
116.345 39.9384
116.361 39.937
116.355 39.9532
116.363 39.9565
116.377 39.95
116.392 39.9557
116.419 39.9579
116.433 39.9591
116.586 40.079
116.581 40.0692
116.583 40.0499
116.559 40.0302
116.556 40.0141
116.518 40.0018
116.475 39.9764
116.476 39.9667
116.473 39.975
116.451 39.9508
116.426 39.9192
116.429 39.9106
116.435 39.9059
116.451 39.9052
116.367 39.9133
116.37 39.911
116.37 39.9106
116.37 39.9096
116.49 39.9066
116.49 39.9072
116.49 39.9071
116.49 39.9073
116.472 39.9072
116.457 39.9122
116.455 39.9148
116.446 39.9465
116.449 39.9324
116.508 39.9232
116.507 39.9225
116.484 39.9322
116.467 39.9325
116.461 39.9241
116.472 39.9112
116.468 39.9147
116.459 39.9277
116.456 39.9444
116.466 39.9497
116.445 39.9524
116.446 39.9516
116.446 39.9516
116.446 39.9516
116.446 39.9516
116.446 39.9516
116.488 39.9929
116.5 40.0026
116.501 40.0026
116.501 40.0026
116.501 40.0026
116.501 40.0026
116.509 40.0104
116.509 40.0104
116.509 40.0104
116.509 40.0104
116.509 40.0104
116.509 40.0104
116.509 40.0104
116.509 40.0104
116.555 40.0286
116.657 40.0611
116.657 40.0611
116.741 40.0631
116.824 40.0702
116.859 40.0735
116.882 40.0755
116.921 40.0776
116.986 40.0762
117.015 40.1235
117.034 40.1433
117.096 40.1441
117.097 40.1437
117.105 40.1462
117.15 40.1682
117.19 40.1968
117.199 40.2015
117.211 40.1982
117.211 40.1982
117.211 40.1982
117.211 40.1982
117.211 40.1982
117.211 40.1981
117.211 40.1981
117.211 40.1981
117.211 40.1981
117.211 40.1981
117.211 40.1981
117.211 40.1981
117.211 40.1981
117.211 40.1981
117.211 40.1981
117.211 40.1981
117.211 40.1981
117.211 40.1981
117.211 40.1981
117.204 40.1991
117.205 40.1994
117.2 40.2004
117.2 40.2004
117.2 40.2004
117.2 40.2004
117.2 40.2004
117.2 40.2004
117.164 40.1904
117.153 40.188
117.117 40.1848
117.117 40.1848
117.112 40.1727
117.112 40.1712
117.112 40.1712
117.112 40.1712
117.112 40.1712
117.112 40.1712
117.112 40.1712
117.112 40.1712
117.112 40.1712
117.151 40.1737
117.184 40.1944
117.211 40.1981
117.211 40.1981
117.211 40.1981
117.211 40.1981
117.211 40.1981
117.211 40.1981
117.211 40.1981
117.211 40.1981
117.211 40.1981
117.211 40.1981
117.211 40.1981
117.211 40.1981
117.211 40.1981
117.211 40.1981
117.211 40.1981
117.211 40.1981
117.211 40.1981
117.211 40.1981
117.211 40.1981
117.211 40.1981
117.211 40.1981
117.211 40.1981
117.211 40.1981
117.211 40.1981
117.211 40.1981
117.211 40.1981
117.211 40.1981
117.211 40.1981
117.211 40.1981
117.211 40.1981
117.211 40.1981
117.211 40.1981
117.211 40.1981
117.211 40.1981
117.211 40.1981
117.211 40.1981
117.211 40.1981
117.211 40.1981
117.211 40.1981
117.211 40.1981
117.211 40.1981
117.211 40.1981
117.211 40.1981
117.211 40.1981
117.211 40.1981
117.211 40.1981
117.211 40.1981
117.211 40.1981
117.211 40.1981
117.211 40.1981
117.211 40.1981
117.211 40.1981
117.211 40.1981
117.211 40.1981
117.211 40.1981
117.211 40.1981
117.211 40.1981
117.211 40.1981
117.211 40.1981
117.211 40.1981
117.211 40.1981
117.211 40.1981
117.211 40.1981
117.211 40.1981
117.211 40.1981
117.211 40.1981
117.211 40.1981
117.211 40.1981
117.211 40.1981
117.211 40.1981
117.211 40.1981
117.211 40.1981
117.211 40.1981
117.211 40.1981
117.211 40.1981
117.211 40.1981
117.211 40.1981
117.211 40.1981
117.211 40.1981
117.211 40.1981
117.211 40.1981
117.211 40.1981
117.211 40.1981
117.211 40.1981
117.211 40.1981
117.211 40.1981
117.211 40.1981
117.211 40.1981
117.211 40.1981
117.211 40.1981
117.211 40.1981
117.211 40.1981
117.211 40.1981
117.211 40.1982
117.211 40.1981
117.211 40.1981
117.211 40.1981
117.211 40.1993
117.194 40.2076
117.21 40.197
117.211 40.1975
117.201 40.2085
117.194 40.2076
117.194 40.2076
117.194 40.2076
117.194 40.2076
117.194 40.2076
117.194 40.2076
117.194 40.2076
117.194 40.2076
117.194 40.2076
117.194 40.2076
117.194 40.2076
117.194 40.2076
117.194 40.2076
117.194 40.2076
117.18 40.2054
117.116 40.1916
117.054 40.2059
117.013 40.2148
116.997 40.2445
116.997 40.2445
116.987 40.2536
116.989 40.2784
116.96 40.2912
116.96 40.2912
116.957 40.2886
116.915 40.2746
116.885 40.2922
116.875 40.32
116.847 40.347
116.84 40.3678
116.84 40.3734
116.84 40.3735
116.84 40.3735
116.84 40.3735
116.84 40.3735
116.84 40.3735
116.84 40.3737
116.819 40.3777
116.771 40.4025
116.758 40.4326
116.746 40.4599
116.741 40.4656
116.741 40.4656
116.741 40.4656
116.741 40.4656
116.741 40.4656
116.741 40.4656
116.741 40.4656
