116.327 39.9361
116.346 39.9387
116.35 39.939
116.352 39.9514
116.352 39.9517
116.349 39.9567
116.349 39.9567
116.34 39.9569
116.337 39.9567
116.328 39.9664
116.326 39.9664
116.303 39.9619
116.301 39.9618
116.301 39.9619
116.313 39.9648
116.315 39.9677
116.319 39.968
116.319 39.9669
116.464 39.9669
116.319 39.9661
116.318 39.9661
116.317 39.9557
116.315 39.9458
116.315 39.9457
116.315 39.9457
116.314 39.9472
116.317 39.9473
116.319 39.9469
116.319 39.9469
116.319 39.9469
116.319 39.947
116.319 39.947
116.318 39.9475
116.318 39.9489
116.316 39.965
116.315 39.967
116.319 39.968
116.319 39.9674
116.317 39.9564
116.32 39.9352
116.32 39.9296
116.314 39.9307
116.307 39.9311
116.305 39.9437
116.318 39.9555
116.321 39.9557
116.319 39.9389
116.296 39.9228
116.296 39.9324
116.304 39.9484
116.304 39.9497
116.312 39.9556
116.313 39.9556
116.316 39.9633
116.316 39.9633
116.318 39.9657
116.353 39.9663
116.368 39.9722
116.368 39.9696
116.363 39.9667
116.361 39.9667
116.36 39.9753
116.375 39.9754
116.325 40.042
116.313 40.0361
116.308 40.0227
116.311 40.0156
116.309 40.0016
116.309 39.9933
116.31 39.9865
116.31 39.9854
116.31 39.9806
116.312 39.9735
116.317 39.9595
116.304 39.931
116.304 39.9422
116.303 39.9546
116.303 39.9601
116.314 39.9684
116.328 39.9661
116.328 39.9719
116.328 39.9729
116.328 39.9731
116.328 39.9743
116.312 39.9749
116.303 39.9745
116.29 39.9918
116.285 39.9946
116.286 39.9928
116.287 39.9955
116.288 39.9954
116.288 39.9954
116.283 40.0006
116.28 40.0115
116.273 40.015
116.275 40.0112
116.283 40.001
116.288 39.9955
116.283 40.0029
116.279 40.0176
116.27 40.027
116.27 40.0277
116.262 40.0365
116.257 40.0402
116.243 40.0626
116.242 40.064
116.242 40.0626
116.243 40.0621
116.249 40.0516
116.266 40.048
116.287 40.0518
116.297 40.055
116.317 40.0597
116.317 40.0597
116.326 40.0559
116.34 40.059
116.339 40.0588
116.339 40.0588
116.339 40.0588
116.339 40.0588
116.339 40.0588
116.339 40.0588
116.339 40.0588
116.339 40.0588
116.339 40.0588
116.339 40.0588
116.339 40.0588
116.339 40.0588
116.339 40.0588
116.339 40.0588
116.339 40.0588
116.339 40.0588
116.339 40.0588
116.339 40.0588
116.339 40.0588
116.339 40.0588
116.339 40.0588
116.318 40.0628
116.29 40.0526
116.288 40.0522
116.249 40.0525
116.242 40.0624
116.242 40.0625
116.242 40.0625
116.242 40.0625
116.242 40.0625
116.242 40.0625
116.242 40.0625
116.242 40.0625
116.242 40.0625
116.242 40.0625
116.242 40.0625
116.242 40.0625
116.242 40.0625
116.242 40.0625
116.242 40.0625
116.242 40.0625
116.242 40.0625
116.242 40.0625
116.242 40.0625
116.242 40.0625
116.242 40.0625
116.242 40.0625
116.242 40.0625
116.242 40.0625
116.243 40.0622
116.252 40.0476
116.312 40.0129
116.309 40.0037
116.315 39.994
116.315 39.9939
116.315 39.994
116.315 39.9939
116.31 39.9888
116.301 39.9647
116.302 39.923
116.293 39.9208
116.293 39.9211
116.304 39.9176
116.304 39.9092
116.305 39.9085
116.305 39.9085
116.312 39.931
116.337 39.931
116.358 39.9309
116.374 39.931
116.374 39.9309
116.371 39.9109
116.37 39.9079
116.368 39.9137
116.373 39.9211
116.377 39.9213
116.366 39.9314
116.353 39.9338
116.35 39.938
116.342 39.9492
116.338 39.96
116.332 39.9608
116.328 39.9654
116.324 39.9663
116.319 39.9738
116.32 39.9843
116.331 39.9924
116.34 39.9996
116.339 39.9996
116.332 39.9993
116.332 39.9993
116.32 39.9913
116.299 39.9852
116.299 39.9857
116.313 39.984
116.314 39.984
116.319 39.9793
116.319 39.9793
116.319 39.9793
116.319 39.9793
116.319 39.9757
116.327 39.9751
116.34 39.9662
116.39 39.9672
116.433 39.9665
116.457 39.9559
116.459 39.9591
116.458 39.9571
116.443 39.9603
116.419 39.9584
116.419 39.955
116.419 39.9488
116.429 39.9088
116.445 39.9067
116.445 39.9066
116.452 39.9069
116.451 39.9068
116.454 39.9067
116.454 39.9067
116.456 39.9116
116.456 39.943
116.455 39.9502
116.456 39.9491
116.455 39.9526
116.446 39.958
116.442 39.961
116.43 39.968
116.379 39.9672
116.373 39.9567
116.377 39.9553
116.376 39.9567
116.374 39.9567
116.364 39.9652
116.364 39.9652
116.36 39.9667
116.36 39.9668
116.359 39.9668
116.374 39.9754
116.376 39.9929
116.376 39.9929
116.381 40.0044
116.381 40.0046
116.402 39.9981
116.401 39.9932
116.401 39.9927
116.401 39.9807
116.401 39.9691
116.387 39.9673
116.387 39.9673
116.371 39.9669
116.359 39.9675
116.359 39.9719
116.347 39.9824
116.337 39.9915
116.338 39.9916
116.331 39.9916
116.33 39.9916
116.327 39.9853
116.327 39.9664
116.321 39.9662
116.312 39.9741
116.311 39.9775
116.311 39.9766
116.311 39.9765
116.311 39.9765
116.311 39.9764
116.311 39.9763
116.311 39.9763
116.311 39.9763
116.311 39.9763
116.312 39.9747
116.338 39.9751
116.339 39.9752
116.484 39.9791
116.339 39.9754
116.33 39.9752
116.314 39.9747
116.3 39.9744
116.291 39.9671
116.291 39.9669
116.295 39.9672
116.303 39.9558
116.318 39.9504
116.319 39.9437
116.319 39.9437
116.319 39.9437
116.316 39.938
116.304 39.9442
116.302 39.9633
116.295 39.9805
116.277 40.0198
116.284 40.0285
116.271 40.0266
116.271 40.0266
116.274 40.0222
116.271 40.0267
116.269 40.028
116.295 40.0328
116.31 40.0363
116.325 40.0419
116.323 40.0532
116.337 40.0539
116.339 40.0549
116.339 40.0588
116.339 40.0588
116.339 40.0588
116.339 40.0588
116.339 40.0589
116.334 40.0621
116.319 40.063
116.316 40.0596
116.281 40.0508
116.262 40.0522
116.244 40.0605
116.242 40.0624
116.242 40.0624
107.699 26.347
107.699 26.347
116.242 40.0624
116.242 40.0625
116.245 40.0572
116.257 40.0403
116.27 40.0272
116.279 40.0168
116.299 40.015
116.31 40.0041
116.316 39.9982
116.315 39.9953
116.315 39.9935
116.315 39.9933
116.315 39.9934
116.315 39.9933
116.315 39.9934
116.315 39.9934
116.315 39.9934
116.315 39.9935
116.315 39.9934
116.315 39.9934
116.316 39.9913
116.316 39.9913
116.321 39.9829
116.313 39.9796
116.326 39.9797
116.333 39.9754
116.329 39.9753
116.326 39.9798
116.319 39.9797
116.34 39.9751
116.342 39.9743
116.328 39.9752
116.329 39.957
116.304 39.9503
116.319 39.9658
116.375 39.9667
116.394 39.9673
116.458 39.9571
116.482 39.9699
116.484 39.9712
116.478 39.9746
116.476 39.9764
116.46 39.9869
116.458 39.9859
116.441 39.9849
116.439 39.9869
116.416 39.9877
116.411 39.9876
116.374 39.9864
116.326 39.9849
116.308 39.9815
116.308 39.9813
116.301 39.9698
116.301 39.969
116.302 39.9597
116.302 39.9581
116.302 39.942
116.301 39.9423
116.27 39.9455
116.268 39.9455
116.259 39.9232
116.259 39.9233
116.247 39.9149
116.247 39.9144
116.239 39.913
116.247 39.9066
116.261 39.9062
116.277 39.9061
116.289 39.9062
116.304 39.8984
116.312 39.8956
116.314 39.8955
116.308 39.896
116.306 39.896
116.305 39.9086
116.305 39.9086
116.305 39.9086
116.305 39.9086
116.305 39.9086
116.305 39.9086
116.305 39.9086
116.305 39.9086
116.305 39.9086
116.305 39.9086
116.305 39.9086
116.305 39.9086
116.305 39.9086
116.305 39.9086
116.305 39.9086
116.304 39.9233
116.293 39.9229
116.295 39.9309
116.303 39.9311
116.304 39.9427
116.303 39.9553
116.309 39.9631
116.315 39.967
116.313 39.9703
116.315 39.9664
116.315 39.9472
116.311 39.9463
116.311 39.9515
116.316 39.9625
116.317 39.9574
116.318 39.9507
116.318 39.9507
116.318 39.9507
116.316 39.9635
116.316 39.9654
116.312 39.9737
116.311 39.9767
116.311 39.9764
116.311 39.9764
116.312 39.9734
116.304 39.9414
116.304 39.9148
116.304 39.9093
116.304 39.908
116.304 39.908
116.304 39.9084
116.305 39.9085
116.305 39.9087
116.305 39.9087
116.304 39.9484
116.292 39.9839
116.28 39.9855
116.294 39.9829
116.299 39.9837
116.339 39.9852
116.35 39.9495
116.382 39.9043
116.382 39.9044
116.373 39.9028
116.368 39.9053
116.37 39.9066
116.361 39.909
116.361 39.9095
116.359 39.9131
116.359 39.9128
116.352 39.906
116.35 39.9069
116.335 39.8964
116.308 39.8956
116.314 39.895
116.317 39.8959
116.308 39.896
116.305 39.9043
116.305 39.9047
116.305 39.9078
116.305 39.9085
116.305 39.9084
116.305 39.9084
116.305 39.9084
116.305 39.9083
116.305 39.9083
116.305 39.9086
116.305 39.9085
116.304 39.9253
116.301 39.9682
116.295 39.9776
116.299 39.9836
116.305 39.9836
116.313 39.9841
116.368 39.986
116.401 39.9933
116.401 39.9933
116.398 40.0009
116.399 40.0006
116.394 39.9871
116.394 39.9871
116.391 39.9869
116.381 39.9754
116.379 39.9755
116.376 39.9755
116.368 39.9754
116.365 39.9753
116.361 39.9667
116.347 39.9568
116.344 39.9567
116.339 39.9567
116.34 39.9574
116.33 39.9605
116.318 39.9556
116.316 39.9557
116.316 39.9555
116.316 39.9635
116.314 39.9678
116.315 39.9678
116.313 39.9748
116.335 39.9751
116.335 39.9751
116.359 39.9753
116.363 39.9754
116.36 39.9753
116.347 39.9746
116.308 39.9634
116.294 39.952
116.294 39.9526
116.298 39.9532
116.298 39.9552
116.3 39.9601
116.301 39.9602
116.301 39.9605
116.302 39.9607
116.295 39.978
116.279 40.0171
116.278 40.0188
116.276 40.0211
116.276 40.0212
116.267 40.0303
116.267 40.0303
116.252 40.0461
116.252 40.0483
116.242 40.0627
116.242 40.0626
116.242 40.0626
116.242 40.0626
116.242 40.0626
116.242 40.0626
116.242 40.0626
116.242 40.0626
116.242 40.0626
116.242 40.0626
116.237 40.0525
116.236 40.0524
116.207 40.0389
116.205 40.0392
116.187 40.0394
116.174 40.0334
116.17 40.0254
116.169 40.033
116.17 40.0386
116.169 40.0406
116.169 40.0405
116.169 40.0405
116.169 40.0405
116.169 40.0405
116.169 40.0405
116.169 40.0405
116.169 40.0405
116.169 40.0405
116.171 40.0405
116.188 40.0459
116.216 40.0419
116.215 40.0477
116.235 40.0647
116.242 40.0645
116.242 40.0624
116.242 40.0624
116.243 40.0736
116.246 40.0746
116.285 40.0872
116.298 40.0797
116.298 40.0797
116.298 40.0797
116.298 40.0797
116.298 40.0797
116.298 40.0797
116.298 40.0797
116.298 40.0797
116.298 40.0797
116.289 40.0827
116.282 40.0911
116.257 40.079
116.238 40.0724
116.241 40.0651
116.242 40.0624
116.242 40.0624
116.242 40.0624
116.242 40.0624
116.242 40.0624
116.242 40.0624
116.242 40.0624
116.242 40.0624
116.242 40.0624
116.242 40.0624
116.242 40.0624
116.242 40.0624
116.242 40.0624
116.242 40.0624
116.242 40.0624
116.242 40.0624
116.242 40.0624
116.242 40.0624
116.242 40.0624
116.242 40.0624
116.242 40.0624
116.242 40.0624
116.242 40.0624
116.242 40.0624
116.242 40.0624
116.252 40.0449
116.254 40.0423
116.277 40.013
116.312 40.0086
116.309 40.0039
116.318 39.9963
116.315 39.9961
116.315 39.9939
116.315 39.994
116.315 39.994
116.315 39.9939
116.315 39.9939
116.315 39.994
116.315 39.9939
116.315 39.9939
116.315 39.9939
116.315 39.9939
116.315 39.9939
116.315 39.9939
116.317 39.9911
116.342 39.9852
116.355 39.9804
116.359 39.9765
116.346 39.9752
116.339 39.9753
116.339 39.9752
116.327 39.9844
116.327 39.9912
116.323 39.9914
116.321 39.9901
116.32 39.9824
116.32 39.9824
116.348 39.986
116.346 40.02
116.349 40.0264
116.357 40.0297
116.344 40.0284
116.346 40.0201
116.346 40.0144
116.346 40.004
116.347 39.9859
116.335 39.9855
116.339 39.9755
116.339 39.9753
116.338 39.9752
116.338 39.9753
116.338 39.9753
116.338 39.9752
116.338 39.9752
116.327 39.9768
116.327 39.9768
116.319 39.976
116.319 39.9759
116.312 39.9749
116.312 39.9748
116.312 39.9748
116.311 39.9772
116.311 39.9772
116.311 39.9772
116.318 39.9797
116.319 39.9808
116.311 39.9796
116.31 39.9775
116.31 39.9774
116.31 39.9774
116.311 39.9753
116.317 39.953
116.321 39.9372
116.324 39.937
116.319 39.9417
116.328 39.9509
116.333 39.9472
116.346 39.9412
116.346 39.9397
116.347 39.9399
116.346 39.9397
116.346 39.9397
116.346 39.9398
116.346 39.9397
116.347 39.94
116.346 39.9414
116.33 39.9536
116.329 39.9543
116.328 39.9654
116.328 39.9658
116.318 39.9661
116.313 39.9796
116.322 39.9867
116.322 39.9867
116.328 39.977
116.328 39.978
116.332 39.974
116.339 39.9661
116.34 39.9605
116.342 39.9575
116.337 39.9567
116.329 39.9602
116.328 39.9653
116.327 39.9664
116.327 39.9664
116.32 39.9661
116.319 39.9411
116.328 39.9282
116.328 39.9282
116.327 39.931
116.338 39.9291
116.331 39.9269
116.315 39.9225
116.285 39.9231
116.283 39.9231
116.303 39.9311
116.317 39.937
116.319 39.9303
116.329 39.9083
116.336 39.8972
116.315 39.8882
116.312 39.8869
116.305 39.8896
116.304 39.8937
116.305 39.9045
116.306 39.907
116.306 39.9069
116.304 39.9107
116.316 39.9268
116.316 39.9267
116.321 39.9371
116.365 39.947
116.378 39.9594
116.378 39.9594
116.389 39.9568
116.389 39.9492
116.371 39.9477
116.349 39.9325
116.349 39.9325
116.333 39.9268
116.328 39.9266
116.328 39.9133
116.326 39.9096
116.322 39.9062
116.319 39.9062
116.317 39.9062
116.316 39.9062
116.312 39.9063
116.305 39.9076
116.305 39.9085
116.305 39.9084
116.305 39.9084
116.305 39.9085
116.304 39.9297
116.283 39.9477
116.266 39.9687
116.263 39.9762
116.263 39.9764
116.261 39.974
116.261 39.974
116.256 39.9726
116.256 39.9725
116.274 39.9641
116.274 39.9618
116.265 39.9688
116.245 39.9891
116.257 40.0048
116.26 40.0213
116.26 40.0215
116.259 40.0301
116.259 40.0301
116.259 40.0306
116.259 40.0306
116.252 40.0455
116.252 40.0461
116.243 40.0626
116.243 40.0626
116.243 40.0626
116.243 40.0626
116.242 40.0626
116.243 40.0627
116.242 40.0626
116.242 40.0626
116.242 40.0626
116.242 40.0626
116.243 40.0625
116.243 40.0612
116.244 40.057
116.244 40.0568
116.244 40.0568
116.244 40.0568
116.244 40.0568
116.244 40.0568
116.244 40.0568
116.244 40.0568
116.242 40.0626
116.242 40.0626
116.242 40.0626
116.242 40.0626
116.242 40.0626
116.242 40.0626
116.242 40.0626
116.242 40.0626
116.242 40.0626
116.287 40.0127
116.315 39.9942
116.315 39.994
116.315 39.9939
116.315 39.994
116.315 39.9939
116.315 39.9933
116.315 39.9933
116.327 39.9871
116.338 39.9849
116.347 39.9795
116.339 39.9753
116.328 39.9752
116.315 39.9654
116.313 39.9715
116.311 39.9793
116.311 39.9811
116.319 39.982
116.319 39.982
116.319 39.9821
116.328 39.9726
116.347 39.9657
116.35 39.9222
116.366 39.9225
116.362 39.9312
116.345 39.9408
116.33 39.9509
116.318 39.9507
116.329 39.9564
116.329 39.9614
116.319 39.9686
116.28 39.9483
116.283 39.9561
116.282 39.9432
116.315 39.9657
116.319 39.9689
116.319 39.9693
116.319 39.9381
116.32 39.9263
116.348 39.8881
116.348 39.8881
116.353 39.8874
116.353 39.8793
116.347 39.8801
116.347 39.896
116.347 39.9037
116.347 39.9168
116.339 39.9221
116.377 39.9668
116.429 39.9583
116.412 39.9591
116.412 39.9661
116.377 39.9671
116.302 39.9587
116.304 39.9246
116.304 39.908
116.304 39.9083
116.304 39.9084
116.304 39.9084
116.305 39.9084
116.304 39.9083
116.305 39.9085
116.305 39.9085
116.304 39.9085
116.304 39.9199
116.304 39.9268
116.318 39.9513
116.328 39.9752
116.326 39.9664
116.315 39.9678
116.314 39.9681
116.315 39.9667
116.313 39.9703
116.315 39.9841
116.327 39.9914
116.329 39.9914
116.338 39.9849
116.349 39.9563
116.339 39.9568
116.338 39.9568
116.322 39.9662
116.321 39.9661
116.312 39.9743
116.334 39.9978
116.334 39.9925
116.331 39.9916
116.321 39.9845
116.321 39.9825
116.319 39.9667
116.316 39.9659
116.296 39.9587
116.269 39.9688
116.227 39.9719
116.201 39.9736
116.201 39.9735
116.205 39.9869
116.204 39.9926
116.224 39.9964
116.235 39.9988
116.235 39.9988
116.251 40.0046
116.261 40.004
116.259 40.0278
116.254 40.0401
116.253 40.0428
116.274 40.0493
116.317 40.06
116.401 40.0207
116.416 40.0387
116.416 40.0404
116.411 40.032
116.405 40.0314
116.376 40.0214
116.358 40.0217
116.291 40.0134
116.281 40.0139
116.276 40.0211
116.276 40.0211
116.268 40.0303
116.263 40.035
116.251 40.0493
116.242 40.0626
116.243 40.0626
116.243 40.0621
116.237 40.0464
116.225 40.0411
116.239 40.0446
116.259 40.0469
116.259 40.0469
116.261 40.0512
116.26 40.0514
116.257 40.0403
116.257 40.0401
116.274 40.0222
116.274 40.0222
116.274 40.0222
116.27 40.0271
116.297 40.0332
116.331 40.0227
116.346 40.0134
116.347 39.9861
116.349 39.9526
116.356 39.9485
116.356 39.9487
116.366 39.9475
116.415 39.9481
116.455 39.9506
116.457 39.907
116.523 39.908
116.57 39.895
116.57 39.8951
116.571 39.9056
116.521 39.9083
116.407 39.9067
116.39 39.9006
116.37 39.8985
116.374 39.8929
116.374 39.8916
116.374 39.8927
116.369 39.8941
116.368 39.8688
116.365 39.8458
116.359 39.8319
116.359 39.8319
116.359 39.8381
116.358 39.865
116.358 39.8764
116.357 39.8874
116.357 39.9018
116.358 39.9153
116.374 39.9316
116.377 39.9473
116.394 39.95
116.398 39.95
116.388 39.9478
116.386 39.9501
116.365 39.9534
116.365 39.96
116.361 39.9667
116.361 39.9667
116.361 39.9667
116.36 39.9667
116.36 39.9666
116.349 39.9753
116.334 39.9752
116.325 39.9751
116.317 39.966
116.314 39.969
116.31 39.9769
116.31 39.9769
116.311 39.9769
116.326 39.9751
116.328 39.9714
116.315 39.9662
116.314 39.9681
116.327 39.9795
116.33 39.9819
116.329 39.9776
116.328 39.9751
116.319 39.9661
116.319 39.9661
116.316 39.9659
116.291 39.9912
116.276 40.0204
116.276 40.0212
116.264 40.0347
116.258 40.0391
116.244 40.0603
116.241 40.0658
116.242 40.0626
116.243 40.0626
116.243 40.0626
116.243 40.0626
116.243 40.0626
116.243 40.0626
116.242 40.0623
116.242 40.0624
116.242 40.0625
116.242 40.0625
116.242 40.0625
116.243 40.0607
116.246 40.0537
116.231 40.0441
116.225 40.0425
116.196 40.0393
116.187 40.0391
116.187 40.0393
116.187 40.0393
116.187 40.0393
116.187 40.0393
116.186 40.0391
116.167 40.0444
116.167 40.0402
116.159 40.0322
116.159 40.0322
116.159 40.0321
116.159 40.0327
116.159 40.0327
116.159 40.0327
116.159 40.0327
116.159 40.0327
116.159 40.0327
116.159 40.0327
116.159 40.0327
116.159 40.0327
116.159 40.0327
116.159 40.0327
116.159 40.0327
116.159 40.0327
116.159 40.0327
116.159 40.0327
116.159 40.0327
116.159 40.0327
116.159 40.0327
116.159 40.0327
116.159 40.0327
116.159 40.0327
116.159 40.0327
116.159 40.0327
116.159 40.0327
116.159 40.0327
116.158 40.0385
116.163 40.0427
116.181 40.0476
116.194 40.0414
116.216 40.044
116.214 40.0603
116.239 40.066
116.242 40.0624
116.242 40.0624
116.242 40.0624
116.242 40.0624
116.242 40.0624
116.242 40.0624
116.242 40.0624
116.242 40.0624
116.242 40.0624
116.242 40.0624
116.242 40.0624
116.242 40.0624
116.242 40.0624
116.242 40.0624
116.242 40.0624
116.242 40.0624
116.242 40.0624
116.242 40.0624
116.242 40.0624
116.242 40.0624
116.242 40.0624
116.242 40.0624
116.242 40.0624
116.242 40.0624
116.242 40.0624
116.242 40.0624
116.242 40.062
116.244 40.0605
116.244 40.0577
116.252 40.0475
116.257 40.0404
116.267 40.0305
116.267 40.0095
116.213 39.968
116.205 39.9084
116.198 39.908
116.198 39.908
116.201 39.9204
116.201 39.9226
116.223 39.9232
116.225 39.9236
116.247 39.923
116.247 39.9212
116.264 39.9163
116.268 39.9096
116.259 39.9063
116.269 39.9046
116.269 39.9046
116.27 39.9056
116.269 39.9048
116.269 39.9048
116.268 39.9057
116.269 39.9447
116.281 40.0139
116.267 40.0194
116.267 40.0191
116.279 40.0172
116.279 40.0161
116.286 39.9966
116.286 39.9957
116.306 39.984
116.38 39.9863
116.404 39.9923
116.404 39.9925
116.401 39.9925
116.401 39.9915
116.402 39.9584
116.406 39.9477
116.419 39.9412
116.416 39.9396
116.41 39.9434
116.41 39.9469
116.402 39.9482
116.402 39.9503
116.402 39.956
116.401 39.9654
116.411 39.9674
116.39 39.9673
116.374 39.967
116.332 39.9664
116.319 39.9665
116.312 39.9748
116.311 39.9801
116.31 39.9837
116.307 39.9843
116.3 39.972
116.301 39.9663
116.294 39.9836
116.294 39.9836
116.291 39.9911
116.277 40.0198
116.273 40.0241
116.252 40.046
116.25 40.0511
116.243 40.0626
116.243 40.0627
116.243 40.0627
116.243 40.0627
116.243 40.0627
116.243 40.0627
116.243 40.0627
116.243 40.0627
116.243 40.0627
116.243 40.0627
116.243 40.0627
116.243 40.0627
116.243 40.0627
116.252 40.0464
116.252 40.0463
116.301 40.056
116.321 40.0571
