116.445 39.9757
116.445 39.9682
116.443 39.9534
116.434 39.94
116.428 39.9318
116.426 39.9236
116.421 39.9231
116.42 39.9207
116.423 39.9153
116.42 39.9205
116.422 39.9077
116.413 39.9076
116.412 39.9071
116.42 39.9069
116.432 39.9072
116.425 39.9072
116.408 39.9067
116.393 39.9063
116.37 39.9057
116.338 39.9059
116.342 39.9124
116.348 39.9124
116.348 39.9124
116.358 39.9081
116.368 39.9062
116.368 39.9121
116.367 39.9207
116.384 39.9208
116.404 39.9229
116.427 39.923
116.442 39.9217
116.448 39.9197
116.463 39.9152
116.475 39.914
116.473 39.9145
116.457 39.9179
116.451 39.9122
116.421 39.9087
116.421 39.9065
116.445 39.9069
116.439 39.906
116.435 39.9055
116.455 39.9061
116.456 39.8988
116.456 39.9035
116.455 39.9099
116.45 39.9118
116.483 39.9142
116.484 39.9329
116.564 40.0644
116.564 40.071
116.571 40.0633
116.583 40.0617
116.582 40.0664
116.582 40.0694
116.581 40.0728
116.585 40.0767
116.587 40.0788
116.584 40.0551
116.54 40.0247
116.494 39.9978
116.524 39.9554
116.534 39.9086
116.491 39.9072
116.483 39.9084
116.448 39.9072
116.407 39.907
116.399 39.9066
116.398 39.9066
116.383 39.9061
116.332 39.9063
116.315 39.8968
116.321 39.9061
116.4 39.9065
116.421 39.904
116.403 39.9067
116.403 39.9067
116.358 39.906
116.312 39.9062
116.269 39.9063
116.24 39.9062
116.203 39.9062
116.179 39.91
116.2 39.906
116.239 39.906
116.348 39.9057
116.401 39.9064
116.429 39.9206
116.438 39.9257
116.449 39.9399
116.476 40.0005
116.462 39.9784
116.445 39.9325
116.411 39.9324
116.401 39.9478
116.368 39.9474
116.355 39.9073
116.351 39.9126
116.34 39.911
116.343 39.9126
116.35 39.9442
116.311 39.9385
116.285 39.9311
116.283 39.9262
116.317 39.931
116.358 39.9224
116.357 39.9129
116.357 39.9029
116.357 39.8986
116.296 39.9725
116.301 39.9644
116.309 39.9558
116.269 39.9289
116.298 39.9556
116.305 39.9619
116.312 39.974
116.328 39.9666
116.33 39.9509
116.317 39.9629
116.383 40.1769
116.383 40.1769
116.33 39.9675
116.339 39.9751
116.353 39.9662
116.353 39.9662
116.373 39.9571
116.373 39.9402
116.374 39.9223
116.367 39.9222
116.373 39.9376
116.373 39.9543
116.388 39.9642
116.379 39.9475
116.349 39.9375
116.35 39.9218
116.35 39.9017
116.351 39.9102
116.353 39.9082
116.351 39.9189
116.35 39.951
116.392 39.9867
116.447 39.9806
116.457 39.9901
116.453 39.9993
116.467 39.9895
116.463 39.9845
116.459 39.9786
116.442 39.9629
116.451 39.9541
116.452 39.9473
116.456 39.9552
116.448 39.947
116.434 39.9401
116.426 39.9528
116.433 39.9666
116.414 39.9876
116.36 39.986
116.3 39.9842
116.3 39.9773
116.302 39.9571
116.299 39.9431
116.279 39.9487
116.275 39.9549
116.289 39.9445
116.323 39.9371
116.35 39.939
116.35 39.9342
116.35 39.9398
116.32 39.9376
116.32 39.9372
116.35 39.9391
116.357 39.937
116.37 39.9313
116.383 39.9319
116.373 39.9524
116.379 39.9616
116.374 39.9794
116.368 39.9981
116.382 39.9524
116.398 39.9508
116.398 39.9508
116.419 39.9479
116.419 39.9516
116.428 39.9582
116.43 39.9624
116.442 39.9601
116.452 39.9579
116.445 39.9601
116.445 39.9601
116.445 39.9601
116.414 39.9679
116.367 39.9668
116.356 39.9666
116.349 39.9414
116.35 39.917
116.352 39.9083
116.353 39.9064
116.358 39.9058
116.392 39.9061
116.419 39.9068
116.44 39.8842
116.439 39.8868
116.407 39.8998
116.406 39.8892
116.385 39.8558
116.342 39.7905
116.368 39.766
116.375 39.745
116.347 39.7356
116.338 39.7584
116.341 39.7847
116.415 39.8698
116.455 39.8729
116.456 39.9034
116.457 39.9057
116.46 39.906
116.478 39.9746
116.5 40.0017
116.5 40.0017
116.546 40.0253
116.561 40.0442
116.557 40.0294
116.52 40.0238
116.486 39.9919
116.45 39.9652
116.448 39.9779
116.492 39.9957
116.56 40.032
116.579 40.0465
116.583 40.0648
116.582 40.0741
116.586 40.0796
116.573 40.0416
116.5 40.0029
116.443 39.9644
116.426 39.9582
116.426 39.9582
116.408 39.9479
116.349 39.9415
116.35 39.9099
116.32 39.896
116.306 39.8952
116.321 39.8961
116.317 39.9059
116.348 39.9058
116.382 39.906
116.402 39.9065
116.411 39.8962
116.401 39.9012
116.401 39.9109
116.411 39.9074
116.405 39.8996
116.387 39.889
116.379 39.8984
116.4 39.8992
116.413 39.9069
116.429 39.9152
116.43 39.9324
116.427 39.9327
116.421 39.9042
116.421 39.9068
116.366 39.9059
116.323 39.9061
116.291 39.9171
116.315 39.9222
116.341 39.9058
116.372 39.9057
116.448 39.9025
116.517 39.9079
116.473 39.8993
116.449 39.903
116.456 39.9127
116.461 39.9309
116.463 39.9209
116.472 39.909
116.471 39.9021
116.467 39.8922
116.455 39.9181
116.445 39.9212
116.451 39.9133
116.451 39.9133
116.456 39.9252
116.455 39.9267
116.451 39.9168
116.442 39.9074
116.421 39.9082
116.42 39.9224
116.405 39.9231
116.39 39.9271
116.39 39.9271
116.388 39.9321
116.393 39.926
116.4 39.9138
116.408 39.9131
116.4 39.9081
116.4 39.9017
116.396 39.8909
116.378 39.8851
116.378 39.8931
116.376 39.8881
116.361 39.8884
116.336 39.8882
116.328 39.8857
116.356 39.8879
116.377 39.888
116.379 39.8982
116.393 39.8987
116.391 39.8897
116.379 39.8882
116.347 39.8884
116.342 39.8924
116.353 39.8879
116.368 39.8878
116.368 39.8933
116.368 39.9038
116.368 39.9054
116.37 39.9059
116.37 39.9059
116.368 39.8999
116.368 39.8946
116.365 39.888
116.362 39.888
116.366 39.8878
116.368 39.8902
116.369 39.8929
116.368 39.9046
116.368 39.9078
116.37 39.9098
116.376 39.9084
116.376 39.9069
116.396 39.9063
116.402 39.8997
116.406 39.8968
116.406 39.8929
116.415 39.8685
116.415 39.8647
116.427 39.8645
116.431 39.8645
116.433 39.8659
116.433 39.8983
116.433 39.9047
116.452 39.9068
116.452 39.9068
116.452 39.9078
116.428 39.9328
116.426 39.9379
116.42 39.9411
116.432 39.9395
116.44 39.9429
116.419 39.9609
116.418 39.9779
116.425 39.9779
116.443 39.9755
116.445 39.9682
116.432 39.9585
116.42 39.9485
116.42 39.9485
116.388 39.9479
116.384 39.9541
116.369 39.9497
116.349 39.9354
116.351 39.9111
116.349 39.8975
116.316 39.8961
116.319 39.9056
116.329 39.9213
116.35 39.9385
116.347 39.9841
116.346 40.0061
116.34 40.0114
116.347 39.986
116.395 39.9866
116.429 39.9877
116.441 40.0066
116.441 40.0066
116.46 39.9958
116.451 40.0064
116.374 40.0083
116.41 40.0078
116.44 40.0067
116.445 40.0067
116.478 40.0121
116.505 40.0104
116.495 40.0018
116.466 39.9832
116.451 39.9647
116.426 39.9684
116.415 39.9821
116.41 39.9679
116.434 39.9658
116.455 39.9188
116.483 39.9047
116.503 39.9057
116.483 39.9099
116.444 39.9101
116.434 39.921
116.434 39.921
116.445 39.9212
116.461 39.9228
116.462 39.9285
116.456 39.9464
116.431 39.9678
116.431 39.9678
116.423 39.9609
116.404 39.9606
116.402 39.958
116.402 39.9429
116.402 39.9321
116.374 39.9316
116.372 39.9264
116.367 39.9309
116.356 39.9353
116.35 39.9438
116.349 39.9502
116.34 39.9379
116.322 39.9376
116.322 39.9376
116.322 39.9456
116.311 39.9556
116.303 39.9552
116.301 39.9687
116.312 39.9736
116.311 39.9612
116.302 39.9637
116.283 40.0041
116.269 40.0314
116.3 40.034
116.292 40.0461
116.294 40.0465
116.304 40.0355
116.304 40.0355
116.312 40.0128
116.331 40.0007
116.334 39.9896
116.332 39.9758
116.313 39.975
116.3 39.9745
116.3 39.9809
116.301 39.9681
116.316 39.9377
116.347 39.9227
116.35 39.9174
116.355 39.8978
116.368 39.8957
116.389 39.8987
116.411 39.8995
116.431 39.8986
116.473 39.9038
116.505 39.906
116.503 39.9073
116.494 39.9071
116.472 39.9072
116.467 39.8993
116.459 39.9053
116.456 39.9062
116.456 39.9328
116.427 39.9683
116.308 39.9633
116.314 39.9649
116.329 39.9605
116.317 39.9596
116.316 39.9625
116.31 39.9812
116.311 39.9747
116.3 39.9807
116.322 39.9842
116.359 39.9811
116.362 39.9754
116.362 39.9754
116.351 39.9754
116.329 39.9759
116.338 39.9849
116.35 39.992
116.377 39.9811
116.37 39.9809
116.359 39.9862
116.29 39.9829
116.29 39.9829
116.249 39.9812
116.222 39.9917
116.215 39.9842
116.206 39.9269
116.223 39.8957
116.298 39.8957
116.342 39.8901
116.364 39.8878
116.376 39.8879
116.396 39.8905
116.404 39.8912
116.406 39.8912
116.404 39.8918
116.399 39.8993
116.41 39.8996
116.438 39.8956
116.454 39.892
116.466 39.8918
116.472 39.8997
116.472 39.9065
116.472 39.9199
116.472 39.919
116.468 39.9087
116.456 39.913
116.456 39.9349
116.458 39.9484
116.445 39.959
116.434 39.9598
116.454 39.9626
116.477 39.9828
116.494 39.9992
116.519 40.0264
116.535 40.0533
116.553 40.0895
116.622 40.1163
116.672 40.1145
116.723 40.1212
116.785 40.1456
116.844 40.1514
116.917 40.1519
116.993 40.1401
116.993 40.1401
117.064 40.1439
117.101 40.1442
117.119 40.1526
117.118 40.153
117.116 40.1491
117.116 40.1491
117.068 40.1439
117.063 40.1357
117.016 40.1381
117.031 40.1429
117.09 40.1388
117.075 40.1167
117.09 40.136
117.112 40.1487
117.101 40.1489
117.062 40.1346
117.071 40.1439
117.109 40.1488
117.117 40.1525
117.105 40.1444
117.062 40.1327
117.069 40.1177
117.084 40.1253
117.099 40.1439
117.11 40.1487
117.12 40.1533
117.108 40.1455
117.111 40.1491
117.112 40.1441
117.099 40.1388
117.082 40.1189
117.077 40.1179
117.088 40.1352
117.114 40.1389
117.12 40.1532
117.1 40.1488
117.062 40.1346
117.073 40.1439
117.116 40.1488
117.117 40.1349
117.11 40.1277
117.1 40.1325
117.077 40.1178
117.084 40.1263
117.117 40.1379
117.11 40.1277
117.107 40.1322
117.089 40.1444
117.063 40.1347
117.06 40.1329
117.063 40.1359
117.054 40.1453
117.05 40.1686
117.05 40.1485
117.116 40.1582
117.116 40.1558
117.12 40.1535
117.114 40.1444
117.112 40.1489
117.11 40.1443
117.065 40.144
117.01 40.1406
116.94 40.1507
116.861 40.1522
116.789 40.1461
116.72 40.1213
116.664 40.1151
116.61 40.1166
116.581 40.0972
116.581 40.0695
116.567 40.0706
116.582 40.069
116.58 40.0475
116.52 40.0175
116.454 39.962
116.455 39.9159
116.454 39.867
116.448 39.8833
116.406 39.8891
116.406 39.8891
116.421 39.9039
116.427 39.8963
116.421 39.9039
116.438 39.8836
116.415 39.8744
116.413 39.8886
116.42 39.9924
116.342 39.9918
116.363 39.9864
116.382 39.9755
116.402 39.9606
116.375 39.9669
116.402 39.9434
116.425 39.9396
116.438 39.8926
116.432 39.8595
116.436 39.8644
116.44 39.8807
116.435 39.9055
116.435 39.9055
116.437 39.9257
116.427 39.943
116.367 39.9475
116.358 39.9309
116.413 39.9395
116.41 39.9495
116.366 39.9393
116.353 39.9367
116.366 39.9456
116.39 39.9474
116.415 39.9527
116.419 39.9711
116.433 39.9847
116.419 39.9762
116.419 39.9674
116.455 39.9333
116.483 39.9323
116.496 39.931
116.468 39.9391
116.446 39.9465
116.417 39.9397
116.375 39.9476
116.35 39.9103
116.303 39.9063
116.289 39.9091
116.287 39.8858
116.289 39.8957
116.315 39.9061
116.359 39.9058
116.392 39.8987
116.422 39.9035
116.425 39.8994
116.425 39.8994
116.401 39.9067
116.374 39.9233
116.39 39.9272
116.4 39.907
116.421 39.9034
116.431 39.8986
116.428 39.9411
116.363 39.9468
116.347 39.9836
116.306 39.9843
116.282 39.9818
116.269 39.9597
116.289 39.9461
116.345 39.9385
116.364 39.931
116.39 39.9316
116.398 39.9063
116.42 39.9039
116.42 39.8993
116.421 39.9034
116.422 39.9034
116.43 39.909
116.405 39.9478
116.349 39.9509
116.352 39.9726
116.364 39.9701
116.373 39.95
116.402 39.9473
116.456 39.9552
116.484 39.9709
116.469 39.9672
116.44 39.9488
116.403 39.9478
116.365 39.9543
116.366 39.9414
116.402 39.9509
116.401 39.9719
116.406 39.9675
116.425 39.9801
116.433 39.987
116.414 39.9875
116.379 39.9965
116.365 40.0002
116.321 39.9825
116.321 39.9825
116.337 39.9829
116.346 39.9852
116.347 39.9604
116.319 39.9398
116.351 39.9423
116.382 39.9474
116.402 39.9473
116.402 39.9507
116.402 39.9569
116.403 39.9607
116.426 39.9546
116.432 39.9643
116.419 39.957
116.417 39.9528
116.414 39.9527
116.413 39.9549
116.425 39.958
116.435 39.9582
116.448 39.9665
116.445 39.9601
116.455 39.8849
116.424 39.8697
116.344 39.8761
116.343 39.8712
116.358 39.8638
116.358 39.8812
116.361 39.8877
116.376 39.8879
116.415 39.8798
116.404 39.8718
116.393 39.8636
116.384 39.8828
116.395 39.8929
116.394 39.8985
116.422 39.9034
116.43 39.8997
