116.309 39.9815
116.309 39.9819
116.311 39.9841
116.347 39.9681
116.349 39.9555
116.35 39.9314
116.358 39.9143
116.362 39.9127
116.368 39.9098
116.365 39.9097
116.37 39.9132
116.376 39.9175
116.383 39.9209
116.405 39.9176
116.411 39.915
116.411 39.9068
116.421 39.9069
116.425 39.9069
116.442 39.907
116.455 39.899
116.446 39.896
116.446 39.896
116.445 39.896
116.455 39.896
116.456 39.9064
116.472 39.9068
116.469 39.9106
116.472 39.9076
116.472 39.904
116.459 39.8994
116.459 39.8993
116.459 39.8994
116.459 39.8994
116.459 39.8994
116.459 39.8994
116.459 39.8987
116.456 39.9024
116.456 39.9033
116.445 39.9176
116.445 39.9202
116.452 39.9187
116.454 39.9181
116.458 39.9212
116.458 39.9213
116.466 39.9146
116.466 39.9146
116.466 39.9102
116.472 39.9079
116.465 39.9072
116.465 39.9073
116.462 39.9068
116.464 39.9067
116.464 39.9068
116.462 39.9069
116.462 39.9069
116.456 39.9107
116.456 39.9109
116.456 39.9183
116.461 39.9271
116.461 39.9275
116.466 39.9325
116.466 39.9324
116.46 39.9427
116.457 39.9426
116.456 39.9486
116.455 39.9518
116.454 39.956
116.453 39.9544
116.446 39.9571
116.455 39.9456
116.455 39.9426
116.455 39.9215
116.47 39.9143
116.482 39.9141
116.472 39.9072
116.472 39.9082
116.465 39.9073
116.465 39.9073
116.456 39.9117
116.444 39.918
116.444 39.9189
116.444 39.9205
116.444 39.9205
116.444 39.9318
116.454 39.9323
116.454 39.9323
116.466 39.9324
116.471 39.9325
116.482 39.9559
116.486 39.9644
116.486 39.9644
116.486 39.9644
116.484 39.9756
116.484 39.9781
116.471 39.9869
116.468 39.989
116.467 39.9975
116.467 39.9978
116.467 39.9977
116.467 39.9974
116.467 39.9975
116.463 39.9962
116.457 39.996
116.462 39.9937
116.461 39.9883
116.452 39.9836
116.452 39.9836
116.442 39.9718
116.43 39.9679
116.43 39.9681
116.43 39.968
116.43 39.9682
116.418 39.9682
116.413 39.9681
116.411 39.9681
116.407 39.9678
116.403 39.9679
116.419 39.9646
116.419 39.9564
116.419 39.95
116.419 39.9482
116.427 39.9402
116.436 39.9397
116.437 39.9373
116.437 39.9368
116.438 39.9338
116.438 39.9337
116.446 39.9323
116.447 39.9323
116.451 39.9272
116.452 39.9272
116.44 39.9256
116.439 39.9256
116.428 39.9284
116.428 39.9296
116.407 39.9479
116.405 39.9478
116.394 39.9513
116.394 39.9513
116.392 39.9524
116.392 39.9524
116.402 39.9438
116.402 39.9431
116.403 39.9323
116.403 39.9321
116.411 39.9244
116.411 39.9239
116.415 39.9142
116.415 39.9142
116.408 39.9139
116.411 39.9184
116.401 39.9141
116.401 39.9141
116.4 39.9234
116.4 39.9234
116.4 39.9234
116.402 39.917
116.402 39.917
116.403 39.917
116.408 39.9145
116.401 39.9089
116.4 39.9082
116.424 39.9071
116.425 39.9071
116.456 39.9128
116.456 39.9143
116.454 39.9325
116.454 39.9325
116.45 39.9271
116.45 39.9271
116.454 39.9189
116.454 39.9189
116.456 39.9099
116.456 39.9098
116.455 39.887
116.456 39.8875
116.458 39.8881
116.458 39.8882
116.456 39.8917
116.456 39.8917
116.456 39.9083
116.456 39.9075
116.444 39.9176
116.444 39.9179
116.455 39.9126
116.455 39.8969
116.455 39.8958
116.464 39.8922
116.464 39.8922
116.454 39.8922
116.452 39.8922
116.419 39.9035
116.421 39.9043
116.435 39.9065
116.435 39.9068
116.438 39.8959
116.439 39.8859
116.433 39.8696
116.423 39.8699
116.419 39.8643
116.42 39.8619
116.418 39.8569
116.416 39.864
116.415 39.8762
116.413 39.8993
116.412 39.904
116.412 39.904
116.409 39.9142
116.405 39.9198
116.414 39.9229
116.427 39.923
116.437 39.9256
116.438 39.9278
116.444 39.9323
116.453 39.9323
116.456 39.9092
116.463 39.9069
116.466 39.9088
116.466 39.9083
116.46 39.9068
116.472 39.8963
116.472 39.8964
116.472 39.8972
116.471 39.8897
116.469 39.8847
116.469 39.8847
116.472 39.8981
116.472 39.9064
116.462 39.9072
116.447 39.9073
116.45 39.911
116.455 39.912
116.462 39.9499
116.483 39.9574
116.483 39.9535
116.483 39.923
116.484 39.9127
116.48 39.9109
116.483 39.9083
116.495 39.9065
116.505 39.9076
116.505 39.9093
116.504 39.9071
116.465 39.9072
116.465 39.9072
116.456 39.9106
116.428 39.9299
116.428 39.9434
116.435 39.9472
116.446 39.9518
116.447 39.951
116.447 39.951
116.447 39.951
116.447 39.951
116.447 39.951
116.447 39.951
116.457 39.9558
116.464 39.9621
116.477 39.9757
116.473 39.9797
116.481 39.9865
116.481 39.9866
116.481 39.9866
116.481 39.987
116.505 40.0088
116.512 40.0166
116.528 40.0414
116.533 40.0506
116.552 40.0791
116.553 40.0894
116.561 40.1153
116.567 40.1211
116.6 40.1269
116.6 40.1269
116.613 40.1277
116.632 40.1284
116.632 40.1285
116.631 40.1292
116.632 40.1293
116.645 40.1289
116.65 40.1288
116.681 40.1312
116.69 40.1311
116.726 40.1329
116.735 40.1333
116.78 40.1445
116.789 40.146
116.834 40.1508
116.843 40.1513
116.903 40.1524
116.913 40.1521
116.97 40.1461
116.978 40.1439
117.016 40.1465
117.015 40.1491
117.008 40.1885
117.003 40.1895
117.003 40.1894
117.003 40.1894
117.003 40.1894
117.003 40.1894
117.003 40.1894
117.003 40.1894
117.003 40.1894
117.003 40.1894
117.003 40.1894
117.003 40.1894
117.003 40.1894
117.003 40.1894
117.003 40.1894
117.003 40.1894
117.003 40.1894
117.003 40.1894
117.003 40.1894
117.003 40.1894
117.003 40.1894
117.003 40.1894
117.003 40.1894
117.003 40.1894
117.003 40.1894
117.003 40.1895
117.003 40.1894
117.003 40.1883
117.003 40.1825
116.981 40.1696
116.898 40.1526
116.846 40.1516
116.828 40.1498
116.781 40.1449
116.758 40.1385
116.725 40.1214
116.695 40.1245
116.671 40.1146
116.651 40.1163
116.624 40.1164
116.61 40.1166
116.575 40.1168
116.559 40.1132
116.559 40.1132
116.554 40.0921
116.542 40.0574
116.536 40.0543
116.528 40.042
116.521 40.0294
116.505 40.0089
116.493 39.9988
116.482 39.9882
116.477 39.9833
116.465 39.9723
116.452 39.964
116.448 39.9664
116.453 39.9621
116.456 39.9446
116.454 39.9346
116.454 39.9346
116.455 39.9347
116.463 39.9435
116.455 39.9516
116.452 39.9515
116.449 39.9497
116.445 39.9464
116.444 39.9328
116.43 39.9324
116.427 39.9325
116.431 39.9323
116.439 39.9249
116.439 39.926
116.428 39.9289
116.428 39.9393
116.407 39.9479
116.387 39.9477
116.354 39.9439
116.349 39.9633
116.345 39.9666
116.332 39.9722
116.337 39.975
116.342 39.9735
116.34 39.9747
116.332 39.9771
116.328 39.9753
116.314 39.975
116.309 39.9748
116.305 39.9827
116.3 39.9833
116.305 39.9816
116.311 39.9753
116.327 39.9841
116.327 39.9841
116.331 39.9901
116.335 39.9957
116.353 39.9998
116.381 39.9862
116.381 39.9796
116.376 39.9759
116.368 39.9755
116.372 39.9703
116.367 39.9676
116.357 39.9667
116.347 39.9657
116.349 39.9516
116.348 39.9667
116.348 39.9665
116.33 39.9668
116.33 39.968
116.33 39.9674
116.33 39.9674
116.33 39.9674
116.328 39.9665
116.324 39.9664
116.32 39.9661
116.317 39.966
116.313 39.9709
116.313 39.9711
116.319 39.9747
116.319 39.9753
116.326 39.9844
116.333 39.9848
116.359 39.9924
116.358 40
116.348 39.9999
116.362 39.9923
116.362 39.9924
116.361 39.9984
116.361 39.9993
116.364 40.005
116.36 40.0054
116.369 40.0151
116.369 40.0085
116.402 40.0079
116.405 40.0079
116.394 40.0033
116.394 39.9973
116.385 39.9811
116.385 39.9695
116.383 39.9672
116.38 39.9672
116.368 39.97
116.367 39.9687
116.368 39.9737
116.368 39.9706
116.374 39.9664
116.375 39.9706
116.382 39.9681
116.379 39.9672
116.372 39.9668
116.348 39.9696
116.348 39.981
116.347 39.9841
116.345 39.9857
116.3 39.9836
116.3 39.9836
116.327 39.9883
116.323 39.9914
116.32 39.9913
116.309 39.9844
116.298 39.9842
116.299 39.9872
116.335 39.985
116.346 39.9852
116.347 39.9656
116.357 39.9662
116.363 39.9659
116.351 39.9585
116.351 39.9585
116.366 39.9542
116.365 39.9564
116.353 39.9509
116.351 39.9505
116.351 39.9505
116.387 39.9501
116.377 39.95
116.375 39.9716
116.371 39.9903
116.364 39.9997
116.364 39.9997
116.36 40.0001
116.359 39.9958
116.36 39.9923
116.351 39.9859
116.343 39.9856
116.327 39.9898
116.331 39.9918
116.331 39.9901
116.334 39.9946
116.346 39.9983
116.342 39.9919
116.335 39.9917
116.331 39.9914
116.331 39.9901
116.331 39.9902
116.331 39.9901
116.334 39.9916
116.338 39.985
116.361 39.9859
116.386 39.9863
116.388 39.9757
116.389 39.9605
116.389 39.949
116.394 39.9475
116.417 39.9481
116.417 39.9481
116.428 39.935
116.428 39.927
116.428 39.9167
116.426 39.9142
116.421 39.909
116.421 39.9076
116.421 39.9053
116.419 39.9037
116.412 39.9051
116.412 39.9078
116.409 39.9142
116.407 39.9142
116.405 39.9225
116.405 39.9225
116.405 39.9244
116.403 39.9261
116.404 39.9319
116.425 39.9351
116.426 39.9359
116.426 39.9512
116.426 39.9532
116.427 39.958
116.434 39.952
116.434 39.9498
116.435 39.9479
116.434 39.9495
116.44 39.9554
116.44 39.9556
116.445 39.9583
116.446 39.9579
116.456 39.9392
116.456 39.9384
116.455 39.9239
116.455 39.9239
116.455 39.9224
116.456 39.922
116.463 39.9187
116.463 39.9187
116.467 39.9083
116.467 39.9086
116.467 39.9068
116.468 39.9069
116.491 39.9065
116.499 39.9088
116.499 39.9088
116.499 39.9089
116.513 39.9066
116.521 39.908
116.589 39.9079
116.589 39.9079
116.594 39.9127
116.594 39.9142
116.599 39.9189
116.599 39.9189
116.608 39.9197
116.607 39.9198
116.607 39.9198
116.607 39.9198
116.633 39.9257
116.635 39.9256
116.651 39.9435
116.651 39.9449
116.667 39.9697
116.668 39.9719
116.673 40.0138
116.672 40.0158
116.657 40.06
116.656 40.0619
116.655 40.097
116.655 40.097
116.653 40.1108
116.677 40.1145
116.679 40.1148
116.74 40.1258
116.742 40.1272
116.8 40.1471
116.803 40.1474
116.803 40.1474
116.852 40.152
116.852 40.152
116.855 40.1521
116.884 40.1527
116.889 40.1526
116.958 40.1487
116.985 40.1422
117.013 40.1421
117.015 40.1414
117.015 40.1505
117.009 40.1861
117.006 40.1912
117.003 40.1919
117.003 40.1918
117.003 40.1895
116.994 40.1859
116.994 40.1859
116.994 40.1859
116.994 40.1859
116.994 40.1859
116.994 40.1859
116.994 40.1859
116.994 40.1859
116.994 40.1859
116.994 40.1859
116.994 40.1859
116.994 40.1859
116.994 40.1859
116.994 40.1859
116.994 40.1859
116.994 40.1859
116.994 40.1859
116.994 40.1859
116.994 40.1859
116.985 40.1858
116.98 40.1811
116.98 40.179
116.98 40.1563
116.98 40.1507
116.942 40.1506
116.931 40.1513
116.869 40.1522
116.855 40.1521
116.809 40.1482
116.798 40.147
116.745 40.1297
116.736 40.1242
116.694 40.1243
116.687 40.1201
116.649 40.1163
116.636 40.1163
116.595 40.1169
116.584 40.117
116.556 40.1058
116.555 40.0992
116.549 40.0637
116.542 40.0576
116.526 40.0386
116.524 40.0338
116.524 40.0338
116.507 40.0114
116.503 40.0075
116.483 39.9889
116.474 39.981
116.47 39.9775
116.448 39.9587
116.448 39.9587
116.445 39.9592
116.447 39.9672
116.445 39.9659
116.445 39.9688
116.446 39.9681
116.442 39.9624
116.441 39.9617
116.453 39.9476
116.449 39.9465
116.446 39.9584
116.442 39.9631
116.443 39.9636
116.443 39.9634
116.429 39.9683
116.42 39.9681
116.379 39.967
116.373 39.9668
116.348 39.9722
116.348 39.9747
116.329 39.977
116.329 39.9779
116.338 39.9849
116.343 39.9851
116.338 39.9752
116.334 39.9751
116.312 39.9748
116.311 39.9742
116.305 39.9624
116.302 39.9624
116.302 39.962
116.303 39.9553
116.304 39.9433
116.294 39.9446
116.285 39.9466
116.272 39.9454
116.268 39.9451
116.269 39.9292
116.268 39.8981
116.271 39.8758
116.271 39.8758
116.277 39.8466
116.28 39.835
116.281 39.8385
116.281 39.8386
116.279 39.8425
116.277 39.8551
116.277 39.8655
116.268 39.8906
116.282 39.8958
116.401 39.9078
116.4 39.9136
116.4 39.9225
116.4 39.9257
116.402 39.9318
116.403 39.9294
116.411 39.932
116.411 39.9313
116.405 39.9251
116.405 39.9258
116.402 39.938
116.402 39.9386
116.402 39.9543
116.402 39.9547
116.413 39.9511
116.412 39.9504
116.41 39.9448
116.41 39.9448
116.405 39.9395
116.404 39.9395
116.403 39.933
116.403 39.933
116.41 39.9322
116.41 39.9322
116.41 39.9322
116.41 39.9322
116.427 39.9324
116.427 39.9321
116.445 39.9323
116.446 39.9323
116.461 39.9312
116.461 39.9309
116.461 39.9222
116.46 39.9222
116.459 39.9222
116.456 39.9317
116.456 39.9318
116.456 39.9401
116.448 39.94
116.443 39.94
116.439 39.9398
116.427 39.9366
116.427 39.9352
116.428 39.9394
116.432 39.9396
116.429 39.9324
116.428 39.9327
116.443 39.9324
116.446 39.9323
116.455 39.9276
116.455 39.9183
116.455 39.9183
116.462 39.9122
116.47 39.9122
116.476 39.9103
116.472 39.9073
116.472 39.9073
116.472 39.9132
116.472 39.9197
116.496 39.9217
116.501 39.9214
116.495 39.9214
116.484 39.9237
116.484 39.9469
116.466 39.9686
116.484 39.9888
116.513 40.0141
116.548 40.0273
116.579 40.0468
116.584 40.0595
116.587 40.0789
116.587 40.0789
116.586 40.0799
116.581 40.0726
116.582 40.063
116.567 40.071
116.567 40.0713
116.567 40.0713
116.567 40.0713
116.567 40.0713
116.567 40.0713
116.567 40.0713
116.567 40.0713
116.567 40.0713
116.567 40.0713
116.567 40.0713
116.567 40.0713
116.567 40.0713
116.567 40.0713
116.567 40.0713
116.567 40.0713
116.567 40.0713
116.567 40.0713
116.567 40.0713
116.567 40.0713
116.567 40.0713
116.567 40.0713
116.567 40.0713
116.567 40.0713
116.567 40.0713
116.564 40.071
116.563 40.0701
116.572 40.0632
116.575 40.0629
116.583 40.0611
116.583 40.0611
116.583 40.0607
116.583 40.0623
116.583 40.0629
116.582 40.0657
116.582 40.0662
116.582 40.0662
116.582 40.0678
116.582 40.0679
116.582 40.0688
116.582 40.0688
116.581 40.0708
116.581 40.0716
116.581 40.078
116.584 40.0777
116.583 40.0791
116.582 40.0768
116.571 40.0392
116.529 40.0208
116.508 40.0106
116.476 39.9812
116.458 39.9653
116.425 39.9484
116.42 39.9499
116.419 39.9517
116.419 39.9569
116.413 39.958
116.408 39.9579
116.408 39.9579
116.402 39.9579
116.402 39.9636
116.401 39.9841
116.402 39.9933
116.401 39.9935
116.383 39.9867
116.364 39.9861
116.329 39.9851
116.331 39.9907
116.331 39.9978
116.328 40.008
116.338 39.9855
116.304 39.9842
116.305 39.9839
116.345 39.9853
116.343 39.9857
116.306 39.9838
116.31 39.9844
116.295 39.9843
116.283 40.0008
116.267 40.004
116.262 40.008
116.288 39.9924
116.288 39.9924
116.303 39.9838
116.308 39.9816
116.308 39.9812
116.309 39.9844
116.289 39.9936
116.282 40.0085
116.277 40.0196
116.271 40.0258
116.272 40.025
116.272 40.025
116.292 39.9907
116.295 39.9746
116.302 39.9616
116.301 39.9687
116.3 39.9809
116.303 39.9838
116.303 39.9813
116.299 39.9832
116.298 39.9958
116.295 39.9985
116.296 39.9996
116.297 39.9961
116.299 39.985
116.299 39.9845
116.305 39.9829
116.303 39.9834
116.308 39.983
116.304 39.983
116.304 39.983
116.304 39.9829
116.303 39.9833
116.303 39.9836
116.303 39.9837
116.303 39.9837
116.303 39.9837
116.303 39.9837
116.303 39.9837
116.303 39.9839
116.331 39.9848
116.348 39.9809
116.348 39.9572
116.355 39.9529
116.35 39.9506
116.349 39.9501
116.322 39.937
116.32 39.9365
116.32 39.9367
116.293 39.9452
116.273 39.9512
116.275 39.953
116.293 39.9579
116.293 39.9579
116.3 39.96
116.302 39.9578
116.304 39.9323
116.317 39.931
116.319 39.9311
116.33 39.9368
116.339 39.9373
116.374 39.9477
116.376 39.95
116.387 39.954
116.387 39.9541
116.401 39.9473
116.402 39.945
116.408 39.932
116.411 39.9321
116.42 39.9154
116.421 39.9128
116.412 39.9074
116.405 39.9179
116.405 39.9227
116.39 39.9365
116.39 39.9389
116.372 39.9476
116.365 39.9472
116.365 39.9472
116.355 39.9529
116.355 39.9539
116.355 39.9539
116.352 39.9498
116.352 39.9497
116.351 39.9507
116.355 39.9511
116.369 39.9566
116.369 39.9566
116.372 39.9567
116.365 39.9991
116.36 40.0059
116.385 40.0212
116.397 40.0209
116.409 40.0396
116.406 40.0458
116.413 40.0727
116.419 40.0728
116.411 40.0729
116.41 40.0728
116.424 39.9229
116.427 39.9229
116.441 39.9257
116.441 39.9257
116.44 39.9257
116.439 39.9257
116.439 39.9257
116.438 39.9256
116.438 39.9256
116.438 39.9264
116.438 39.9265
116.438 39.9267
116.437 39.9267
116.437 39.9286
116.437 39.9287
116.437 39.9287
116.438 39.929
116.437 39.9257
116.429 39.9089
116.423 39.9072
116.397 39.9065
116.368 39.8984
116.368 39.8961
116.368 39.8961
116.373 39.8957
116.375 39.8972
116.388 39.8889
116.39 39.8894
116.4 39.8907
116.4 39.8909
116.4 39.8911
116.4 39.8911
116.4 39.8911
116.4 39.8911
116.4 39.8911
116.4 39.8911
116.4 39.8912
116.405 39.9062
116.407 39.9093
116.412 39.9142
116.411 39.9202
116.436 39.9225
116.455 39.9218
116.461 39.923
116.461 39.9222
116.438 39.9223
116.435 39.9227
116.428 39.913
116.43 39.9056
116.434 39.8694
116.433 39.8667
116.417 39.8643
116.41 39.864
116.438 39.8701
116.44 39.8776
116.464 39.9035
116.477 39.9042
116.49 39.9162
116.49 39.915
116.49 39.9147
116.49 39.9145
116.484 39.9406
116.484 39.9493
116.474 39.981
116.477 39.9828
116.485 39.9909
116.506 40.0098
116.506 40.0098
116.517 40.0243
116.533 40.0504
116.548 40.0624
116.553 40.0883
116.556 40.1034
116.587 40.1168
116.629 40.1163
116.653 40.1161
116.686 40.1189
116.702 40.1241
116.738 40.1248
116.75 40.1337
116.798 40.1469
116.822 40.1489
116.86 40.1521
116.891 40.1527
116.937 40.1508
116.956 40.149
116.999 40.1392
117.013 40.1421
117.013 40.1422
117.012 40.1705
117.01 40.1841
117.003 40.1895
117.003 40.1895
117.003 40.1895
117.003 40.1895
117.003 40.1894
117.003 40.1894
117.003 40.1894
117.003 40.1895
117.003 40.1894
117.003 40.1894
117.003 40.1894
117.003 40.1894
117.003 40.1908
117.005 40.1921
117.004 40.1921
117.008 40.1885
117.008 40.1885
117.009 40.2029
117.012 40.2121
117.006 40.2389
116.999 40.2438
116.982 40.2568
116.982 40.2568
116.982 40.2568
116.982 40.2568
116.989 40.2766
116.989 40.2784
116.96 40.317
116.96 40.3172
116.96 40.3173
116.972 40.2936
116.936 40.2802
116.927 40.2783
116.909 40.2533
116.878 40.2326
116.878 40.2326
116.872 40.2336
116.853 40.1983
116.84 40.2007
116.797 40.203
116.8 40.1924
116.808 40.1481
116.798 40.1469
116.79 40.1505
116.79 40.1505
116.791 40.1504
116.808 40.1483
116.808 40.1483
116.807 40.1576
116.796 40.2077
116.795 40.2112
116.803 40.2399
116.812 40.2401
116.861 40.2315
116.871 40.2337
116.901 40.2371
116.905 40.2407
116.911 40.2748
116.918 40.2744
116.956 40.2878
116.96 40.2912
116.96 40.3175
116.96 40.3174
116.99 40.2746
116.986 40.2647
117.015 40.2211
117.012 40.2101
117.005 40.1922
117.003 40.1905
117.003 40.1894
117.003 40.1894
117.003 40.1894
117.003 40.1894
117.003 40.1894
117.003 40.1894
117.003 40.1894
117.003 40.1894
117.003 40.1894
117.003 40.1894
117.003 40.1894
117.003 40.1894
117.003 40.1894
117.003 40.1894
117.003 40.1894
117.003 40.1894
117.003 40.1894
117.003 40.1894
117.003 40.1894
117.003 40.1894
117.003 40.1894
117.003 40.1894
117.003 40.1894
117.003 40.1894
117.003 40.1895
117.003 40.1895
117.003 40.1894
117.003 40.1894
117.003 40.1895
117.003 40.1895
117.003 40.1894
117.003 40.1894
117.003 40.1895
117.003 40.1895
117.003 40.1895
117.003 40.1895
117.003 40.1895
117.003 40.1895
117.003 40.1894
117.003 40.1894
117.003 40.1894
117.003 40.1894
117.003 40.1894
117.003 40.1894
117.003 40.1894
117.003 40.1894
117.003 40.1894
117.003 40.1894
117.003 40.1894
117.003 40.1894
117.003 40.1894
117.003 40.1894
117.003 40.1894
117.003 40.1894
117.003 40.1894
117.003 40.1894
117.003 40.1894
117.003 40.1894
117.003 40.1894
117.003 40.1894
117.003 40.1894
117.003 40.1894
116.996 40.1858
116.999 40.1868
117.008 40.1885
117.008 40.1885
117.012 40.1711
117.015 40.1512
117.035 40.1436
117.062 40.1441
117.095 40.1441
117.1 40.1447
117.1 40.1448
117.082 40.1441
117.066 40.144
117.024 40.1422
117.015 40.1502
117.01 40.181
116.999 40.1878
116.999 40.1878
117.003 40.1895
117.003 40.1895
117.003 40.1895
117.003 40.1895
117.003 40.1895
117.003 40.1895
117.003 40.1895
117.003 40.1895
117.003 40.1895
117.003 40.1895
117.003 40.1895
117.003 40.1895
117.003 40.1895
117.003 40.1895
117.003 40.1895
117.003 40.1895
117.003 40.1895
117.003 40.1895
117.003 40.1895
117.003 40.1895
117.003 40.1895
117.003 40.1895
117.003 40.1895
117.003 40.1895
117.003 40.1895
117.003 40.1895
117.003 40.1895
117.003 40.1895
117.003 40.1895
117.003 40.1894
117.003 40.1894
117.003 40.1894
117.003 40.1894
117.003 40.1894
117.003 40.1894
117.003 40.1894
117.003 40.1894
117.003 40.1894
117.003 40.1894
117.003 40.1894
117.003 40.1894
117.003 40.1894
117.003 40.1895
117.003 40.1895
117.003 40.1885
117.003 40.1885
117 40.1788
117 40.1725
117.006 40.1476
117.007 40.1477
117.007 40.1477
116.999 40.1392
116.994 40.14
116.942 40.1762
116.94 40.1795
116.891 40.1997
116.886 40.2002
116.822 40.2053
116.818 40.2075
116.684 40.2111
116.679 40.2111
116.62 40.2106
116.616 40.2109
116.533 40.2091
116.529 40.2092
116.452 40.2069
116.447 40.2066
116.39 40.2052
116.344 40.2095
116.342 40.2082
116.342 40.2082
116.292 40.2063
116.279 40.2063
116.269 40.2111
116.277 40.2193
116.277 40.2194
116.248 40.2203
116.228 40.2193
116.197 40.2237
116.193 40.2238
116.119 40.2556
116.062 40.2944
116.059 40.2977
116.021 40.3366
116.019 40.34
115.959 40.3633
115.964 40.408
115.968 40.411
115.996 40.4583
115.996 40.4586
115.986 40.4784
115.986 40.4787
115.989 40.5244
115.993 40.5257
116.004 40.5431
116.005 40.5444
116.005 40.5445
116.005 40.5446
116.005 40.5446
116.005 40.5446
116.005 40.5446
116.005 40.5446
116.005 40.5446
116.005 40.5446
116.005 40.5446
116.005 40.5446
116.005 40.5446
116.005 40.5446
116.005 40.5446
116.005 40.5446
116.005 40.5446
116.005 40.5446
116.005 40.5446
116.005 40.5446
116.005 40.5446
116.005 40.5446
116.005 40.5445
115.994 40.526
115.994 40.526
115.983 40.5236
115.986 40.4801
115.986 40.4422
115.958 40.4031
115.953 40.3938
115.95 40.3636
115.965 40.3626
116.015 40.2914
116.02 40.2832
116.08 40.2775
116.137 40.2456
116.15 40.2409
116.198 40.223
116.203 40.223
116.233 40.2195
116.238 40.2197
116.274 40.2206
116.277 40.2163
116.31 40.2036
116.32 40.2032
116.348 40.2052
116.364 40.2053
116.428 40.2054
116.444 40.2064
116.506 40.2088
116.588 40.2108
116.602 40.2119
116.636 40.2106
116.647 40.2107
116.689 40.2113
116.697 40.2119
116.746 40.2107
116.752 40.2106
116.827 40.2023
116.84 40.2009
116.914 40.2013
116.927 40.1995
116.977 40.1891
116.991 40.1882
117.003 40.1894
117.003 40.1895
117.003 40.1894
117.003 40.1895
117.003 40.1895
117.003 40.1894
117.003 40.1895
117.001 40.1886
116.993 40.1863
116.994 40.1859
117.008 40.1884
117.008 40.1883
117.008 40.1894
117.014 40.2168
117.015 40.219
117.021 40.2302
117.026 40.2152
117.029 40.2157
117.029 40.2157
117.029 40.2157
117.029 40.2157
117.029 40.2157
117.029 40.2157
117.029 40.2157
117.029 40.2157
117.029 40.2157
117.029 40.2157
117.029 40.2157
117.029 40.2157
117.029 40.2157
117.029 40.2157
117.029 40.2157
117.029 40.2157
117.029 40.2157
117.029 40.2157
117.029 40.2157
117.029 40.2157
117.029 40.2157
117.029 40.2157
117.029 40.2157
117.029 40.2157
117.029 40.2156
117.029 40.2158
117.029 40.2158
117.029 40.2158
117.029 40.2158
117.029 40.2158
117.029 40.2158
117.029 40.2158
117.029 40.2158
117.029 40.2158
117.029 40.2158
117.029 40.2158
117.029 40.2158
117.029 40.2158
117.029 40.2158
117.029 40.2158
117.029 40.2158
117.029 40.2158
117.029 40.2158
117.029 40.2158
117.029 40.2158
117.029 40.2158
117.029 40.2158
117.029 40.2158
117.029 40.2157
117.031 40.2149
117.031 40.2149
117.039 40.2127
117.037 40.2326
117.045 40.2437
117.045 40.2496
117.045 40.2494
117.045 40.2492
117.045 40.2493
117.045 40.2492
117.045 40.2491
117.044 40.2459
117.031 40.2323
117.03 40.2319
117.011 40.2075
117.01 40.2056
116.999 40.1828
116.999 40.1838
117.003 40.1894
117.003 40.1894
117.003 40.1895
117.003 40.1895
117.003 40.1886
117.005 40.1885
117.005 40.1884
117.005 40.1885
117.008 40.1884
117.009 40.1857
117.014 40.1545
117.016 40.1425
117.006 40.1476
117.006 40.1476
117.006 40.1476
117.006 40.1476
117.006 40.1476
117.018 40.1558
117.021 40.1567
117.034 40.1611
117.035 40.1619
117.036 40.1621
117.036 40.1623
117.034 40.1624
117.03 40.1578
117.031 40.154
117.035 40.1584
117.034 40.1617
117.034 40.1623
117.034 40.1624
117.034 40.1624
117.034 40.1624
117.034 40.1624
117.034 40.1624
117.034 40.1624
117.034 40.1624
117.034 40.1624
117.034 40.1624
117.034 40.1624
117.034 40.1624
117.034 40.1624
117.034 40.1624
117.034 40.1624
117.034 40.1624
117.034 40.1624
117.034 40.1624
117.034 40.1624
117.034 40.1624
117.034 40.1624
117.034 40.1624
117.034 40.1624
