116.464 40.0103
116.461 40.008
116.455 40.0072
116.455 40.0072
116.455 40.0072
116.455 40.0072
116.455 40.0072
116.455 40.0072
116.455 40.0093
116.463 39.992
116.481 39.9881
116.441 39.95
116.428 39.9301
116.428 39.9186
116.427 39.9037
116.42 39.904
116.418 39.9051
116.426 39.907
116.428 39.9069
116.428 39.9069
116.432 39.9054
116.435 39.9056
116.435 39.9057
116.471 39.9066
116.471 39.9066
116.467 39.9086
116.466 39.9086
116.465 39.909
116.465 39.909
116.466 39.9096
116.466 39.9097
116.466 39.9095
116.456 39.9117
116.456 39.9411
116.461 39.9577
116.461 39.9579
116.461 39.958
116.459 39.9591
116.484 39.9432
116.484 39.9109
116.486 39.9114
116.486 39.9114
116.484 39.9105
116.472 39.921
116.456 39.9221
116.444 39.9251
116.438 39.9256
116.445 39.9324
116.449 39.929
116.45 39.922
116.449 39.9221
116.444 39.9314
116.452 39.9399
116.465 39.9435
116.467 39.9438
116.466 39.9371
116.466 39.9371
116.461 39.9324
116.456 39.9337
116.446 39.9399
116.431 39.9394
116.423 39.9409
116.419 39.9449
116.419 39.9475
116.399 39.9477
116.389 39.9612
116.369 39.9667
116.299 39.9744
116.315 39.9749
116.324 39.975
116.333 39.9848
116.343 39.9851
116.344 39.9852
116.349 39.951
116.349 39.9506
116.349 39.9506
116.35 39.9417
116.35 39.9417
116.35 39.9417
116.349 39.9316
116.35 39.9312
116.35 39.9177
116.35 39.9177
116.353 39.91
116.353 39.91
116.351 39.9078
116.351 39.9077
116.35 39.9157
116.35 39.9318
116.351 39.9508
116.365 39.9501
116.366 39.9478
116.388 39.9475
116.39 39.9501
116.39 39.9501
116.396 39.9501
116.402 39.9548
116.408 39.9606
116.419 39.9655
116.419 39.9689
116.419 39.9689
116.418 39.9809
116.418 39.982
116.475 40.0044
116.49 40.0033
116.49 40.0033
116.49 40.0033
116.49 40.0033
116.49 40.0033
116.49 40.0033
116.49 40.0033
116.49 40.0033
116.49 40.0033
116.49 40.0033
116.488 40.0054
116.472 40.0129
116.472 40.0129
116.467 40.0118
116.467 40.0118
116.467 40.0118
116.467 40.0118
116.467 40.0118
116.467 40.0119
116.482 40.0101
116.52 39.964
116.531 39.9084
116.473 39.9072
116.448 39.9026
116.441 39.9023
116.437 39.8979
116.433 39.8667
116.43 39.8646
116.427 39.864
116.427 39.864
116.427 39.864
116.422 39.8644
116.422 39.8644
116.416 39.8581
116.423 39.8501
116.426 39.8503
116.422 39.8572
116.417 39.8566
116.408 39.8601
116.414 39.8719
116.413 39.8919
116.418 39.8959
116.42 39.8961
116.438 39.8909
116.395 39.8253
116.394 39.8016
116.391 39.7896
116.391 39.7896
116.389 39.8001
116.391 39.8015
116.396 39.8119
116.396 39.8139
116.395 39.8362
116.41 39.8557
116.457 39.8667
116.464 39.8616
116.466 39.8627
116.471 39.8696
116.471 39.8827
116.456 39.9053
116.452 39.9539
116.399 39.9675
116.399 39.9675
116.37 39.9921
116.368 39.9979
116.369 39.9973
116.359 40.0001
116.352 39.9997
116.35 39.9859
116.342 39.9856
116.341 39.9856
116.347 39.9597
116.348 39.9581
116.355 39.9511
116.356 39.951
116.366 39.947
116.366 39.9465
116.367 39.9275
116.367 39.9263
116.368 39.9083
116.368 39.9078
116.371 39.8982
116.368 39.9051
116.365 39.9077
116.35 39.9303
116.374 39.968
116.401 39.9898
116.401 39.9897
116.418 39.988
116.427 39.9772
116.427 39.9793
116.424 39.976
116.418 39.9719
116.413 39.968
116.403 39.9678
116.429 39.9594
116.438 39.9631
116.439 39.9599
116.441 39.9704
116.443 39.9732
116.483 39.8862
116.484 39.8871
116.484 39.8872
116.48 39.8991
116.462 39.9071
116.456 39.9093
116.456 39.948
116.44 39.9605
116.44 39.9605
116.43 39.9669
116.43 39.9621
116.43 39.9621
116.426 39.9582
116.406 39.9479
116.304 39.9276
116.278 39.9513
116.293 39.99
116.289 40.023
116.299 40.0242
116.334 39.9977
116.334 39.9954
116.327 39.9945
116.327 39.9945
116.327 39.9945
116.327 39.9945
116.327 39.9945
116.327 39.9945
116.327 39.9945
116.327 39.9945
116.327 39.9945
116.327 39.9944
116.327 39.9944
116.327 39.9944
116.327 39.9944
116.327 39.9944
116.327 39.9944
116.327 39.9944
116.327 39.9944
116.327 39.9944
116.327 39.9944
116.327 39.9945
116.327 39.9945
116.327 39.9945
116.327 39.9945
116.323 39.9961
116.327 39.9871
116.347 39.9621
116.35 39.9433
116.338 39.9376
116.307 39.9401
116.295 39.9446
116.272 39.9454
116.267 39.9541
116.263 39.9542
116.263 39.9501
116.351 39.9856
116.433 39.9874
116.54 40.0246
116.583 40.0509
116.574 40.0429
116.448 39.9635
116.448 39.9632
116.448 39.9632
116.448 39.9632
116.448 39.9632
116.448 39.9632
116.446 39.9617
116.429 39.9747
116.58 40.0471
116.585 40.0679
116.582 40.0723
116.58 40.0793
116.58 40.0793
116.581 40.0699
116.582 40.0674
116.582 40.0674
116.573 40.0633
116.571 40.0635
116.571 40.0635
116.55 40.0642
116.53 40.0452
116.515 40.0203
116.498 40.0049
116.499 40.0055
116.499 40.0055
116.499 40.0055
116.499 40.0055
116.499 40.0055
116.499 40.0055
116.499 40.0055
116.499 40.0055
116.499 40.0055
116.499 40.0055
116.499 40.0055
116.499 40.0053
116.5 40.0049
116.472 40.0024
116.461 40.0074
116.419 40.0078
116.413 40.008
116.405 40.0046
116.402 40.0044
116.401 39.9942
116.387 39.9814
116.389 39.9504
116.37 39.9477
116.366 39.9444
116.362 39.9318
116.358 39.9214
116.359 39.915
116.357 39.9128
116.351 39.9128
116.345 39.9126
116.343 39.9167
116.339 39.9198
116.342 39.9218
116.347 39.9216
116.347 39.9267
116.338 39.9277
116.344 39.931
116.344 39.931
116.352 39.9365
116.358 39.9358
116.35 39.9423
116.35 39.9446
116.35 39.9446
116.35 39.9446
116.349 39.9406
116.321 39.9369
116.361 39.9459
116.371 39.967
116.371 39.9703
116.375 39.9735
116.368 39.9698
116.368 39.9733
116.373 39.9498
116.419 39.9482
116.429 39.9172
116.421 39.9048
116.421 39.9043
116.428 39.907
116.428 39.907
116.436 39.9058
116.438 39.9058
116.455 39.9066
116.454 39.9055
116.45 39.8886
116.45 39.8882
116.45 39.8889
116.442 39.8924
116.43 39.9043
116.435 39.9049
116.435 39.9064
116.43 39.9066
116.429 39.9251
116.44 39.9419
116.427 39.9478
116.427 39.9481
116.435 39.9534
116.435 39.9534
116.439 39.963
116.415 39.9679
116.402 39.9937
116.372 39.996
116.357 40.0106
116.357 40.0106
116.346 40.0211
116.347 40.0201
116.347 40.0201
116.354 40
116.359 39.9861
116.347 39.9721
116.349 39.9365
116.347 39.9383
116.357 39.9445
116.413 39.9479
116.428 39.9279
116.432 39.9226
116.432 39.9226
116.435 39.922
116.43 39.9231
116.429 39.9136
116.422 39.9072
116.402 39.9067
116.386 39.9062
116.369 39.9059
116.355 39.906
116.329 39.9064
116.321 39.9062
116.311 39.9069
116.311 39.9087
116.328 39.9096
116.329 39.9138
116.331 39.917
116.331 39.917
116.333 39.9137
116.333 39.9137
116.333 39.9166
116.334 39.9127
116.335 39.9128
116.333 39.9147
116.333 39.9168
116.329 39.917
116.329 39.9185
116.329 39.9207
116.328 39.9264
116.328 39.9299
116.328 39.9308
116.32 39.9312
116.32 39.9312
116.32 39.9371
116.316 39.9453
116.311 39.9447
116.302 39.9577
116.302 39.9573
116.313 39.9557
116.304 39.9467
116.298 39.9393
116.293 39.9403
116.299 39.9392
116.306 39.931
116.327 39.931
116.346 39.931
116.35 39.9308
116.351 39.9308
116.353 39.9358
116.353 39.9375
116.365 39.9392
116.365 39.9392
116.374 39.9453
116.374 39.9471
116.359 39.9695
116.36 39.9728
116.367 39.9663
116.382 39.9616
116.395 39.9672
116.408 39.962
116.426 39.9703
116.429 39.9753
116.417 39.9923
116.411 39.9935
116.407 40.0316
116.406 40.0339
116.453 39.9476
116.449 39.943
116.449 39.943
116.465 39.9718
116.446 39.9273
116.446 39.9273
116.455 39.9164
116.452 39.9097
116.447 39.9256
116.449 39.925
116.449 39.9323
116.449 39.9359
116.454 39.9613
116.473 39.9708
116.475 39.9699
116.47 39.9606
116.47 39.954
116.499 39.9649
116.499 39.9648
116.485 39.9585
116.485 39.9582
116.494 39.934
116.494 39.9319
116.492 39.9309
116.493 39.9304
116.44 39.9324
116.434 39.926
116.432 39.9306
116.437 39.9322
116.403 39.9321
116.387 39.9322
116.387 39.9322
116.387 39.9322
116.386 39.9474
116.388 39.9399
116.375 39.9214
116.374 39.9316
116.412 39.9131
116.412 39.9065
116.421 39.8992
116.424 39.8957
116.424 39.8957
116.424 39.8958
116.424 39.8958
116.422 39.896
116.414 39.9
116.421 39.9034
116.421 39.9034
116.421 39.9034
116.421 39.9034
116.421 39.9034
116.421 39.9034
116.421 39.9034
116.421 39.9034
116.421 39.9034
116.421 39.9034
116.421 39.9034
116.421 39.9034
116.421 39.9034
116.421 39.9034
116.421 39.9034
116.421 39.9034
116.421 39.9034
116.421 39.9034
116.421 39.9034
116.421 39.9034
116.421 39.9034
116.421 39.9034
116.421 39.9034
116.421 39.9034
116.421 39.9034
116.421 39.9034
116.421 39.9035
116.421 39.9035
116.421 39.9035
116.421 39.9035
116.421 39.9035
116.421 39.9035
116.421 39.9035
116.421 39.9035
116.421 39.9035
116.421 39.9035
116.421 39.9035
116.421 39.9035
116.421 39.9035
116.421 39.9035
116.422 39.9035
116.422 39.9035
116.422 39.9035
116.422 39.9035
116.439 39.8826
116.39 39.8706
116.396 39.8124
116.399 39.8116
116.396 39.8128
116.399 39.8348
116.4 39.8366
116.401 39.8426
116.423 39.857
116.455 39.8918
116.484 39.9179
116.499 39.9358
116.544 39.9405
116.541 39.9643
116.542 39.9727
116.542 39.9727
116.54 39.9727
116.541 39.9697
116.541 39.9496
116.541 39.9409
116.519 39.9404
116.508 39.9385
116.492 39.9339
116.492 39.9339
116.477 39.9042
116.432 39.8924
116.407 39.8916
116.393 39.8901
116.379 39.8882
116.379 39.8882
116.373 39.888
116.353 39.8882
116.334 39.8964
116.322 39.8961
116.315 39.8962
116.318 39.8983
116.323 39.8958
116.323 39.8958
116.316 39.8922
116.316 39.8831
116.32 39.8817
116.324 39.8759
116.321 39.875
116.32 39.8829
116.322 39.8832
116.337 39.8886
116.336 39.8882
116.337 39.8912
116.336 39.893
116.312 39.8957
116.277 39.8983
116.277 39.8983
116.286 39.9063
116.305 39.9073
116.304 39.9319
116.305 39.962
116.321 39.966
116.362 39.9665
116.419 39.968
116.455 39.9625
116.502 40.0047
116.566 40.0349
116.583 40.0654
116.586 40.0791
116.583 40.0794
116.582 40.0767
116.581 40.0765
116.581 40.0706
116.582 40.0631
116.57 40.0631
116.57 40.0631
116.57 40.0631
116.57 40.063
116.57 40.0633
116.556 40.0651
116.544 40.0588
116.531 40.0479
116.528 40.0411
116.512 40.0163
116.505 40.0088
116.503 40.0073
116.5 40.0048
116.499 40.0056
116.499 40.0056
116.499 40.0056
116.499 40.0056
116.499 40.0056
116.5 40.0048
116.5 40.0048
116.5 40.0048
116.5 40.0048
116.497 40.0022
116.487 40.0066
116.476 40.0074
116.476 40.0074
116.46 40.0073
116.444 40.0068
116.429 40.0072
116.428 40.0073
116.428 40.0073
116.428 40.0073
116.428 40.0073
116.428 40.0073
116.428 40.0073
116.43 40.0102
116.432 40.0108
116.411 40.008
116.403 40.0045
116.396 40.0039
116.41 40.0052
116.418 39.9945
116.412 39.9821
116.412 39.9821
116.415 39.9861
116.415 39.9861
116.415 39.9867
116.415 39.9867
116.415 39.9867
116.411 39.9789
116.411 39.9789
116.402 39.9699
116.401 39.9702
116.403 39.9802
116.411 39.9756
116.411 39.9748
116.398 39.9676
116.394 39.9675
116.393 39.9619
116.397 39.9616
116.404 39.9606
116.422 39.961
116.425 39.9672
116.43 39.9643
116.433 39.9601
116.44 39.9614
116.452 39.954
116.453 39.9548
116.453 39.9548
116.453 39.9548
116.453 39.9548
116.453 39.9548
116.453 39.9547
116.453 39.9546
116.453 39.9546
116.453 39.9546
116.453 39.9546
116.453 39.9547
116.452 39.9543
116.456 39.9086
116.456 39.9047
116.448 39.8609
116.397 39.8558
116.392 39.8558
116.338 39.8477
116.34 39.8454
116.341 39.7963
116.341 39.7963
116.341 39.794
116.34 39.7274
116.339 39.721
116.313 39.693
116.313 39.693
116.313 39.693
116.316 39.7054
116.314 39.708
116.326 39.7261
116.326 39.7261
116.326 39.7261
116.34 39.7246
116.34 39.727
116.339 39.7443
116.339 39.7468
116.336 39.7742
116.339 39.8068
116.342 39.8586
116.343 39.8909
116.351 39.9014
116.35 39.9149
116.343 39.9229
116.343 39.9228
116.337 39.9267
116.32 39.9279
116.303 39.9311
116.297 39.9336
116.297 39.9361
116.296 39.9364
116.296 39.9364
116.296 39.9364
116.296 39.9364
116.296 39.9366
116.296 39.9365
116.297 39.9333
116.304 39.9349
116.304 39.9374
116.308 39.95
116.309 39.9502
116.317 39.9562
116.317 39.9592
116.317 39.9656
116.317 39.9656
116.317 39.9656
116.328 39.9662
116.327 39.9787
116.331 39.9899
116.331 39.9899
116.344 39.9919
116.349 39.9921
116.349 39.9921
116.363 39.9865
116.363 39.9861
116.364 39.9682
116.364 39.9679
116.365 39.9499
116.365 39.9496
116.366 39.9479
116.366 39.9479
116.366 39.9426
116.366 39.9426
116.366 39.939
116.367 39.9317
116.368 39.9312
116.39 39.932
116.408 39.932
116.42 39.9303
116.42 39.9303
116.42 39.9394
116.419 39.9412
116.419 39.9475
116.419 39.9577
116.42 39.9579
116.438 39.959
116.439 39.9603
116.434 39.9657
116.387 39.9673
116.389 39.9503
116.388 39.9412
116.388 39.94
116.39 39.9339
116.398 39.932
116.402 39.9319
116.425 39.9322
116.428 39.932
116.461 39.9305
116.461 39.923
116.461 39.923
116.456 39.9304
116.456 39.9304
116.456 39.9314
116.453 39.9272
116.453 39.9272
116.453 39.9272
116.453 39.9272
116.453 39.9272
116.453 39.9272
116.453 39.9272
116.451 39.927
116.448 39.9324
116.444 39.9396
116.428 39.9398
116.428 39.9414
116.455 39.9502
116.457 39.9323
116.461 39.9258
116.461 39.9271
116.461 39.9283
116.469 39.9359
116.468 39.944
116.44 39.9554
116.44 39.9554
116.429 39.9533
116.438 39.9588
116.451 39.9508
116.451 39.9506
116.418 39.9868
116.418 39.9835
116.412 39.9683
116.41 39.9497
116.411 39.9326
116.411 39.928
116.411 39.928
116.411 39.9315
116.41 39.9465
116.412 39.9566
116.412 39.9673
116.411 39.982
116.41 39.9871
116.418 39.9868
116.418 39.9836
116.418 39.9836
116.418 39.984
116.418 39.9839
116.418 39.9839
116.418 39.985
116.418 39.9855
116.466 39.968
116.467 39.9674
116.471 39.9057
116.471 39.9057
116.469 39.9057
116.469 39.9057
116.466 39.9092
116.466 39.9098
116.459 39.9122
116.456 39.9263
116.453 39.9273
116.455 39.9323
116.43 39.9682
116.375 39.9747
116.345 40.0247
116.312 40.0701
116.319 40.0712
116.313 40.0738
116.322 40.0539
116.334 40.0385
116.347 39.9923
116.373 39.986
116.38 39.9876
116.364 39.9862
116.343 39.9856
116.343 39.9851
116.343 39.9851
116.343 39.9851
116.343 39.9851
116.343 39.9851
116.343 39.9853
116.343 39.9854
116.345 39.9851
116.345 39.9851
116.348 39.9795
116.359 39.9804
116.356 39.9666
116.35 39.9736
116.352 39.9736
116.352 39.9736
116.352 39.9736
116.352 39.9736
116.352 39.9736
116.352 39.9736
116.352 39.9736
116.352 39.9736
116.352 39.9736
116.352 39.9736
116.315 39.895
116.317 39.8956
116.307 39.8952
116.35 39.9149
116.344 39.9429
116.326 39.9495
116.314 39.9556
116.314 39.965
116.314 39.9652
116.293 39.958
116.285 39.9566
116.321 39.966
116.395 39.9673
116.447 40.0053
116.522 40.1202
116.581 40.1026
116.55 40.0642
116.526 40.0383
116.501 40.0061
116.501 40.0061
116.49 40.0035
116.489 40.0046
116.472 40.0112
116.47 40.0103
116.455 40.0071
116.455 40.0071
116.456 40.0068
116.456 40.0068
116.455 40.0067
116.455 40.007
116.455 40.007
116.462 39.9962
116.463 39.9773
116.448 39.9562
116.45 39.927
116.449 39.9242
116.449 39.9242
116.446 39.922
116.452 39.9271
116.445 39.9325
116.43 39.9355
116.43 39.9355
116.425 39.9351
116.423 39.9353
116.423 39.9353
116.423 39.9352
116.423 39.9352
116.423 39.9352
116.424 39.9353
116.444 39.9399
116.452 39.9513
116.457 39.9562
116.451 39.9547
116.445 39.9601
116.444 39.9595
116.437 39.964
116.432 39.9674
116.423 39.9902
116.422 39.9903
116.418 39.9886
116.419 39.9874
116.445 40.0017
116.448 40.0077
116.476 40.0129
116.476 40.0129
116.476 40.0128
116.476 40.0128
116.476 40.0127
116.476 40.0127
116.477 40.0125
116.5 40.0049
116.5 40.0049
116.499 40.0055
116.499 40.0055
116.499 40.0055
116.499 40.0055
116.499 40.0055
116.499 40.0055
116.499 40.0055
116.499 40.0055
116.499 40.0055
116.499 40.0055
116.499 40.0055
116.499 40.0055
116.499 40.0055
116.5 40.0057
116.5 40.0057
116.5 40.0057
116.5 40.0057
116.5 40.0057
116.5 40.0057
116.5 40.0057
116.5 40.0057
116.5 40.0057
116.482 40.0012
116.48 40.001
116.461 40.0074
116.46 40.0073
116.432 40.0071
116.43 40.0072
116.43 40.0072
116.41 40.0062
116.41 40.0062
116.41 40.0051
116.411 40.001
116.411 40.0001
116.407 39.9938
116.404 39.9937
116.404 39.9822
116.403 39.9819
116.402 39.9973
116.405 40.0067
116.404 40.0068
116.404 40.0066
116.401 39.9974
116.401 39.997
116.372 39.9862
116.369 39.9862
116.297 39.9839
116.295 39.9838
116.268 39.933
116.268 39.933
116.269 39.9315
116.268 39.9065
116.268 39.9065
116.271 39.9061
116.272 39.9061
116.277 39.9056
116.277 39.9057
116.277 39.913
116.277 39.9142
116.301 39.9226
116.302 39.9226
116.297 39.9342
116.298 39.9348
116.329 39.9368
116.35 39.9384
116.346 39.9395
116.341 39.9543
116.343 39.9568
116.344 39.9567
116.348 39.9752
116.349 39.9752
116.37 39.9755
116.37 39.9755
116.353 39.9804
116.353 39.9804
116.353 39.9804
116.353 39.9804
116.353 39.9804
116.353 39.9804
116.353 39.9804
116.443 39.947
116.36 39.9758
116.35 39.9753
116.338 39.9664
116.304 39.9469
116.306 39.9415
116.306 39.9415
116.304 39.943
116.328 39.9509
116.33 39.9509
116.342 39.9567
116.345 39.9567
116.355 39.9511
116.358 39.9511
116.356 39.951
116.355 39.9531
116.372 39.9567
116.373 39.9573
116.395 39.9619
116.396 39.9638
116.4 39.9673
116.405 39.9673
116.412 39.9611
116.412 39.9603
116.41 39.9606
116.411 39.9606
116.41 39.9488
116.41 39.9475
116.411 39.9417
116.411 39.9292
116.414 39.9287
116.423 39.9229
116.429 39.9117
116.46 39.9033
116.472 39.9004
116.479 39.8992
116.484 39.9204
116.471 39.965
116.484 39.9829
116.486 39.9829
116.482 39.9875
116.482 39.9875
116.473 39.9977
116.473 39.9977
116.461 40.0133
116.407 40.021
116.345 40.0246
116.328 40.0348
116.313 40.0403
116.312 40.039
116.31 40.0363
116.314 40.0311
116.32 40.0298
116.321 40.0292
116.31 40.0284
116.309 40.0281
116.308 40.0216
116.308 40.0216
116.309 40.0039
116.275 39.9927
116.286 39.9584
116.283 39.9583
116.276 39.9603
116.29 39.9345
116.319 39.9222
116.332 39.9127
116.339 39.9131
116.34 39.917
116.339 39.9127
116.333 39.9141
116.335 39.917
116.347 39.9135
116.347 39.9023
116.347 39.9062
116.347 39.9141
116.347 39.9192
116.349 39.9218
116.356 39.9155
116.358 39.9138
116.362 39.9128
116.366 39.9132
116.371 39.9132
116.375 39.913
116.382 39.9211
116.382 39.9209
116.392 39.9219
116.396 39.9221
116.415 39.9229
116.419 39.923
116.42 39.923
116.42 39.9262
116.415 39.9323
116.39 39.9321
116.371 39.9316
116.367 39.9331
116.367 39.9381
116.366 39.9444
116.366 39.9465
116.376 39.9457
116.388 39.9392
116.39 39.9326
116.362 39.9391
116.363 39.9402
116.362 39.9397
116.362 39.9397
116.349 39.9346
116.347 39.9224
116.347 39.9287
116.35 39.9505
116.352 39.9636
116.355 39.9513
116.364 39.9514
116.366 39.947
116.377 39.9454
116.39 39.9381
116.39 39.9387
116.376 39.9478
116.381 39.9917
116.377 39.9809
116.373 39.9834
116.269 39.9597
116.268 39.9082
116.265 39.8784
116.265 39.8784
116.268 39.8931
116.312 39.8956
116.314 39.8956
116.314 39.8952
116.316 39.8952
116.34 39.8965
116.36 39.8984
116.374 39.8987
116.368 39.9033
116.367 39.9206
116.367 39.9381
116.365 39.9561
116.364 39.9823
116.366 39.9827
116.369 39.9858
116.385 39.9864
116.412 39.9872
116.436 39.9855
116.479 40.0118
116.5 40.0048
116.501 40.0058
116.501 40.0058
116.501 40.0058
116.501 40.0058
116.501 40.0058
116.501 40.0058
116.501 40.0058
116.501 40.0058
116.501 40.0058
116.501 40.0058
116.501 40.0058
116.501 40.0058
116.501 40.0058
116.501 40.0058
116.501 40.0058
116.501 40.0058
116.501 40.0058
116.501 40.0058
116.501 40.0058
116.501 40.0058
116.501 40.0058
116.501 40.0058
116.501 40.0058
116.501 40.0058
116.503 40.0074
116.519 40.0265
116.538 40.0557
116.55 40.0682
116.557 40.108
116.579 40.1309
116.579 40.1309
116.617 40.1565
116.636 40.1834
116.64 40.2229
116.633 40.2537
116.638 40.2947
116.651 40.3178
116.695 40.3268
116.735 40.3293
116.782 40.3508
116.783 40.3645
116.796 40.3698
116.808 40.3661
116.821 40.3738
116.822 40.3727
116.822 40.3739
116.828 40.3736
116.838 40.3789
116.838 40.3789
116.843 40.3998
116.837 40.4134
116.827 40.4385
116.833 40.4621
116.835 40.4647
116.833 40.4712
116.812 40.4793
116.804 40.4795
116.793 40.4774
116.792 40.4766
116.794 40.478
116.8 40.4793
116.805 40.4795
116.805 40.4795
116.808 40.4795
116.806 40.4796
116.806 40.4794
116.806 40.4794
116.806 40.4794
116.808 40.4781
116.815 40.4813
116.808 40.4794
116.808 40.4794
116.821 40.4788
116.832 40.4586
116.826 40.4325
116.841 40.4093
116.843 40.3885
116.835 40.376
116.83 40.3616
116.838 40.3557
116.849 40.3506
116.865 40.3504
116.874 40.3494
116.873 40.3495
116.861 40.3505
116.84 40.3497
116.839 40.3582
116.84 40.3717
116.84 40.3763
116.841 40.3826
116.845 40.3851
116.845 40.3876
116.842 40.4044
116.828 40.4264
116.828 40.4502
116.828 40.4502
116.833 40.4744
116.815 40.4808
116.804 40.4784
116.804 40.4784
116.804 40.4784
116.804 40.4784
116.804 40.4784
116.804 40.4784
116.804 40.4784
116.804 40.4784
116.804 40.4784
116.804 40.4784
116.804 40.4785
116.806 40.4783
116.809 40.4789
116.809 40.4789
116.809 40.4789
116.808 40.4781
116.806 40.4795
116.808 40.4781
116.808 40.4794
116.806 40.4794
116.803 40.4766
116.795 40.4783
116.792 40.4764
116.792 40.4764
116.792 40.4764
116.792 40.4764
116.792 40.4764
116.792 40.4764
116.792 40.4764
116.792 40.4764
116.792 40.4764
116.792 40.4764
116.792 40.4764
116.792 40.4764
116.792 40.4764
116.794 40.4779
116.799 40.4791
116.807 40.4795
116.809 40.4783
116.809 40.4783
116.808 40.4781
116.815 40.4813
116.81 40.4794
116.81 40.4794
116.81 40.4794
116.808 40.4799
116.807 40.4795
116.806 40.4795
116.793 40.4776
116.793 40.4774
116.792 40.4765
116.792 40.4765
116.794 40.4778
116.798 40.4791
116.808 40.4794
116.813 40.481
116.815 40.4813
116.805 40.4768
116.8 40.4771
116.791 40.477
116.793 40.4774
116.794 40.478
116.795 40.4785
116.804 40.4794
116.806 40.4795
116.813 40.4809
116.813 40.4793
116.833 40.472
116.828 40.4255
116.843 40.4021
116.843 40.4021
116.845 40.3856
116.843 40.3922
116.828 40.4267
116.827 40.4475
116.815 40.4793
116.808 40.4783
116.806 40.4795
116.806 40.4795
116.799 40.4793
116.804 40.4807
116.808 40.4794
116.808 40.4783
116.833 40.4739
116.831 40.4693
116.835 40.4647
116.83 40.4541
116.83 40.4541
116.83 40.4229
116.843 40.4028
116.835 40.3767
116.831 40.3639
116.823 40.3402
116.821 40.3422
116.785 40.3225
116.752 40.298
116.698 40.2754
116.646 40.2724
116.58 40.2613
116.532 40.2433
116.48 40.1591
116.479 40.1097
116.479 40.1097
116.476 40.0726
116.468 40.0344
116.449 40.0144
116.426 39.9878
116.401 39.9871
116.389 39.9871
116.389 39.9871
116.38 39.9866
116.309 40.0017
116.297 39.9961
116.286 39.9966
116.277 39.9982
116.276 39.9963
116.277 39.9963
116.283 39.9974
116.29 39.9957
116.298 39.9931
116.298 39.9931
116.3 39.991
116.3 39.9903
116.3 39.9903
116.305 39.991
116.305 39.9913
116.3 39.9911
116.3 39.9912
116.3 39.9912
116.299 39.9912
116.327 39.9846
116.347 39.9718
116.349 39.9545
116.35 39.9235
116.35 39.9064
116.365 39.9058
116.377 39.9058
116.39 39.9015
116.389 39.8989
116.388 39.8991
116.388 39.8991
116.388 39.8991
116.388 39.8991
116.388 39.8991
116.388 39.8991
116.388 39.8991
116.388 39.8991
116.388 39.8991
116.388 39.8991
116.388 39.8991
116.388 39.8991
116.388 39.8991
116.388 39.8991
116.388 39.8991
116.388 39.8991
116.388 39.8991
116.388 39.8991
116.388 39.8991
116.388 39.8991
116.388 39.8991
116.388 39.8991
116.388 39.8991
116.388 39.8991
116.388 39.8991
116.389 39.9014
116.389 39.9014
116.394 39.8989
116.403 39.8993
116.406 39.8876
116.407 39.8868
116.413 39.8912
116.421 39.8919
116.437 39.8921
116.431 39.8991
116.431 39.8991
116.428 39.9252
116.428 39.9409
116.455 39.9627
116.478 39.9833
116.516 40.0159
116.549 40.0277
116.583 40.0511
116.582 40.0751
116.582 40.0927
116.58 40.1018
116.576 40.1197
116.519 40.1201
116.48 40.1157
116.482 40.1694
116.492 40.2049
116.544 40.2489
116.59 40.2639
116.664 40.2691
116.664 40.2691
116.709 40.2768
116.761 40.3094
116.798 40.3288
116.829 40.3412
116.83 40.359
116.83 40.3604
116.831 40.3642
116.843 40.3855
116.843 40.3991
116.827 40.4289
116.829 40.4516
116.835 40.4647
116.829 40.4693
116.827 40.468
116.827 40.468
116.828 40.4715
116.824 40.4778
116.808 40.4801
116.806 40.4796
116.793 40.4774
116.802 40.4791
116.816 40.4793
116.808 40.4795
116.808 40.4795
116.808 40.4795
116.807 40.4795
116.807 40.4795
116.807 40.4795
116.806 40.4774
116.806 40.4768
116.826 40.4377
116.826 40.4341
116.841 40.3832
116.84 40.381
116.837 40.4131
116.833 40.4164
116.832 40.4746
116.828 40.4759
116.808 40.4781
116.808 40.4781
116.809 40.4788
116.797 40.4789
116.792 40.4767
116.792 40.4765
116.792 40.4772
116.794 40.4779
116.801 40.4791
116.806 40.4795
116.807 40.4795
116.807 40.4775
116.809 40.4778
116.815 40.481
116.815 40.481
116.815 40.4813
116.81 40.4794
116.808 40.4801
116.799 40.4793
116.795 40.4783
116.792 40.4765
116.792 40.4774
116.795 40.4785
116.803 40.4793
116.813 40.4809
116.815 40.4813
116.815 40.4813
116.816 40.4792
116.818 40.4791
116.833 40.4682
116.833 40.4682
116.833 40.4682
116.833 40.4682
116.83 40.4539
116.829 40.4512
116.843 40.3998
116.843 40.3979
116.82 40.3824
116.82 40.3801
116.799 40.3583
116.795 40.3565
116.784 40.3468
116.784 40.3468
116.785 40.3479
116.785 40.3484
116.785 40.3485
116.785 40.3507
116.82 40.3665
116.82 40.3706
116.843 40.3901
116.843 40.397
116.843 40.397
116.827 40.4464
116.83 40.4553
116.854 40.4543
116.857 40.4534
116.862 40.4582
116.862 40.4582
116.862 40.4582
116.862 40.4582
116.862 40.4582
116.862 40.4582
116.862 40.4582
116.862 40.4582
116.862 40.4582
116.862 40.4582
116.862 40.4582
116.862 40.4582
116.862 40.4582
116.862 40.4582
116.862 40.4582
116.862 40.4582
116.862 40.4582
116.862 40.4582
116.862 40.4582
116.862 40.4582
116.862 40.4582
116.862 40.4582
116.862 40.4582
116.862 40.4582
116.862 40.4582
116.862 40.4582
116.862 40.4582
116.862 40.4582
116.862 40.4582
116.862 40.4582
116.862 40.4582
116.862 40.4582
116.862 40.4582
116.862 40.4582
116.862 40.4582
116.862 40.4582
116.862 40.4582
116.862 40.4582
116.862 40.4582
116.862 40.4582
116.862 40.4582
116.862 40.4582
116.862 40.4582
116.862 40.4582
116.862 40.4582
116.862 40.4582
116.862 40.4582
116.862 40.4582
116.862 40.4582
116.862 40.4582
116.862 40.4582
116.862 40.4582
116.862 40.4582
116.862 40.4582
116.862 40.4582
116.862 40.4582
116.862 40.4582
116.862 40.4582
116.862 40.4582
116.862 40.4582
116.862 40.4582
116.862 40.4582
116.862 40.4582
116.862 40.4582
116.862 40.4582
116.862 40.4582
116.862 40.4582
116.862 40.4582
116.862 40.4582
116.862 40.4582
116.862 40.4582
116.862 40.4582
116.862 40.4582
116.862 40.4582
116.862 40.4582
116.862 40.4582
116.862 40.4582
116.862 40.4582
116.862 40.4582
116.862 40.4582
116.862 40.4582
116.862 40.4582
116.862 40.4582
116.862 40.4582
116.862 40.4582
116.862 40.4582
116.862 40.4582
116.862 40.4582
116.862 40.4582
116.862 40.4582
116.862 40.4582
116.862 40.4582
116.862 40.4582
116.862 40.4582
116.862 40.4582
116.862 40.4582
116.862 40.4582
