116.421 39.9039
116.413 39.8999
116.406 39.8996
116.406 39.8942
116.393 39.8852
116.381 39.8834
116.38 39.8594
116.38 39.8594
116.381 39.8538
116.381 39.8552
116.434 39.9223
116.433 39.923
116.427 39.9323
116.398 39.9321
116.365 39.9313
116.365 39.9313
116.353 39.9355
116.343 39.9386
116.256 39.9358
116.264 39.9305
116.273 39.9229
116.3 39.9402
116.274 39.8989
116.272 39.8986
116.278 39.8992
116.289 39.8992
116.279 39.9065
116.295 39.9117
116.297 39.9118
116.295 39.9226
116.39 39.9358
116.384 39.9415
116.377 39.9455
116.365 39.954
116.349 39.9502
116.349 39.9335
116.349 39.9316
116.348 39.9268
116.35 39.9443
116.348 39.983
116.348 39.983
116.381 39.9864
116.381 39.9864
116.401 39.988
116.407 39.9876
116.368 39.9864
116.358 39.9805
116.358 39.9805
116.349 39.9381
116.346 39.9383
116.336 39.9464
116.329 39.9605
116.328 39.9649
116.328 39.9649
116.321 39.9664
116.312 39.9749
116.306 39.9791
116.379 39.9947
116.381 39.9924
116.381 39.9924
116.353 39.986
116.326 39.9849
116.31 39.9822
116.315 39.9664
116.358 39.9664
116.389 39.9544
116.389 39.9544
116.402 39.9457
116.41 39.9394
116.413 39.9396
116.395 39.9395
116.388 39.9393
116.388 39.9464
116.365 39.9523
116.349 39.9682
116.325 39.9752
116.31 39.9834
116.302 39.9747
116.3 39.9788
116.3 39.9803
116.309 39.9986
116.309 40.0175
116.306 40.0352
116.308 40.0281
116.309 40.0041
116.299 39.9853
116.299 39.9853
116.3 39.9747
116.349 39.9389
116.346 39.9393
116.302 39.9419
116.288 39.9453
116.299 39.9382
116.303 39.9553
116.341 39.9534
116.317 39.927
116.314 39.9271
116.32 39.9323
116.32 39.9334
116.304 39.9367
116.289 39.9076
116.296 39.9059
116.296 39.9036
116.296 39.9036
116.314 39.896
116.176 39.9061
116.176 39.9061
116.189 39.9061
116.222 39.9027
116.235 39.9025
116.266 39.899
116.286 39.906
116.293 39.8528
116.267 39.8693
116.247 39.8581
116.22 39.8452
116.204 39.8253
116.149 39.7488
116.138 39.7238
116.103 39.6898
116.103 39.6898
116.103 39.6898
116.103 39.6898
116.103 39.6898
116.103 39.6898
116.103 39.6898
116.103 39.6898
116.098 39.6785
116.114 39.6462
116.144 39.618
116.136 39.6182
116.146 39.6159
116.146 39.6159
116.146 39.6159
116.146 39.6159
116.146 39.6159
116.146 39.6159
116.146 39.6159
116.146 39.6159
116.146 39.6159
116.146 39.6159
116.146 39.6159
116.146 39.6159
116.146 39.6159
116.146 39.6159
116.146 39.6159
116.146 39.6159
116.146 39.6159
116.146 39.6159
116.146 39.6159
116.146 39.6159
116.146 39.6159
116.146 39.6159
116.148 39.6549
116.142 39.6886
116.135 39.7225
116.141 39.7464
116.165 39.7714
116.162 39.7719
116.2 39.8114
116.224 39.8472
116.279 39.8765
116.313 39.8955
116.304 39.9033
116.29 39.9174
116.283 39.9231
116.259 39.9233
116.215 39.9233
116.247 39.924
116.268 39.911
116.587 40.0787
116.581 40.0765
116.581 40.0765
116.563 40.0701
116.583 40.0607
116.583 40.0606
116.583 40.0606
116.583 40.0606
116.583 40.0606
116.583 40.0606
116.583 40.0624
116.582 40.0696
116.582 40.0696
116.582 40.0696
116.582 40.0696
116.581 40.0722
116.58 40.0754
116.582 40.0761
116.583 40.0749
116.584 40.0765
116.587 40.0769
116.577 40.0453
116.506 40.0085
116.428 39.9309
116.429 39.9228
116.444 39.9213
116.444 39.9075
116.444 39.9044
116.453 39.9067
116.46 39.9068
116.465 39.9073
116.456 39.9114
116.456 39.931
116.441 39.9324
116.441 39.9324
116.435 39.9343
116.435 39.9345
116.43 39.9325
116.42 39.9326
116.392 39.9322
116.316 39.8969
116.303 39.8902
116.293 39.8833
116.293 39.8833
116.296 39.8853
116.391 39.8559
116.347 39.8504
116.338 39.8494
116.338 39.8492
116.342 39.8593
116.344 39.8753
116.351 39.8764
116.348 39.8764
116.346 39.9073
116.347 39.9114
116.346 39.9386
116.347 39.9567
116.349 39.9584
116.376 39.9668
116.425 39.9681
116.443 39.9538
116.442 39.961
116.364 39.9681
116.363 39.9754
116.362 39.9754
116.347 39.9838
116.3 39.9815
116.3 39.9815
116.402 39.9673
116.403 39.9673
116.403 39.9673
116.408 39.9613
116.456 39.9462
116.456 39.9461
116.456 39.9461
116.456 39.9461
116.456 39.9473
116.45 39.9558
116.431 39.9678
116.412 39.968
116.394 39.9675
116.375 39.967
116.353 39.9666
116.319 39.975
116.302 39.9745
116.302 39.9588
116.366 39.9421
116.301 39.9064
116.297 39.9067
116.289 39.8991
116.289 39.8886
116.288 39.8686
116.288 39.8512
116.28 39.8467
116.279 39.8462
116.287 39.843
116.303 39.8451
116.279 39.8417
116.288 39.8496
116.298 39.8567
116.317 39.8367
116.32 39.8465
116.314 39.853
116.307 39.8961
116.307 39.896
116.305 39.9079
116.305 39.9079
116.306 39.9499
116.318 39.9514
116.259 39.9289
116.314 39.8949
116.314 39.8959
116.3 39.8818
116.262 39.8694
116.219 39.9744
116.242 39.9718
116.268 39.9654
116.269 39.9622
116.253 39.9456
116.241 39.9456
116.253 39.9281
116.262 39.9234
116.259 39.92
116.259 39.9067
116.245 39.8645
116.228 39.8496
116.204 39.8336
116.188 39.8018
116.169 39.7747
116.144 39.7538
116.136 39.7249
116.144 39.7144
116.144 39.7144
116.141 39.672
116.148 39.6401
116.146 39.616
116.146 39.6159
116.146 39.6159
116.146 39.6159
116.146 39.6159
116.146 39.6159
116.146 39.6159
116.146 39.6159
116.146 39.6159
116.146 39.6159
116.146 39.6159
116.146 39.6159
116.146 39.6159
116.146 39.6159
116.146 39.6159
116.146 39.6159
116.146 39.6159
116.146 39.6159
116.146 39.6159
116.146 39.6159
116.146 39.6159
116.146 39.6159
116.146 39.6159
116.146 39.6159
116.146 39.616
116.132 39.6186
116.14 39.6181
116.132 39.6186
116.132 39.6184
116.132 39.6184
116.132 39.6184
116.134 39.631
116.109 39.6558
116.1 39.682
116.129 39.7172
116.136 39.7315
116.136 39.7458
116.136 39.7521
116.136 39.752
119.416 39.752
116.186 39.7845
116.205 39.8374
116.233 39.8571
116.244 39.871
116.247 39.8899
116.268 39.8887
116.289 39.9046
116.281 39.8989
116.277 39.9058
116.285 39.9116
116.289 39.9138
116.289 39.9076
116.277 39.907
116.277 39.9185
116.295 39.9225
116.321 39.9221
116.338 39.9218
116.339 39.9173
116.329 39.9212
116.368 39.9093
116.358 39.9129
116.352 39.9168
116.342 39.8812
116.348 39.8689
116.347 39.8804
116.347 39.8963
116.316 39.9097
116.329 39.9131
116.328 39.9149
116.328 39.9306
116.336 39.9463
116.317 39.9547
116.338 39.9661
116.348 39.9663
116.335 39.9666
116.328 39.9696
116.319 39.975
116.347 39.9205
116.347 39.9179
116.358 39.8652
116.344 39.8605
116.349 39.8609
116.347 39.8682
116.324 39.8904
116.323 39.8949
116.336 39.8961
116.337 39.9053
116.336 39.9171
116.304 39.9311
116.303 39.9563
116.323 39.9662
116.319 39.9697
116.315 39.9658
116.291 39.9423
116.304 39.9369
116.346 39.9254
116.346 39.9254
116.26 39.9278
116.269 39.9265
116.258 39.9053
116.224 39.8921
116.258 39.9061
116.259 39.9027
116.259 39.8876
116.249 39.8711
116.247 39.8841
116.259 39.899
116.298 39.923
116.297 39.9228
116.289 39.909
116.289 39.8977
116.296 39.9302
116.295 39.9303
116.292 39.8883
116.183 39.9261
116.205 39.9233
116.249 39.9061
116.267 39.899
116.287 39.8884
116.283 39.8884
116.268 39.9
116.259 39.9112
116.244 39.89
116.246 39.89
116.254 39.9026
116.284 39.9062
116.289 39.9027
116.309 39.9099
116.312 39.9063
116.32 39.9223
116.449 39.9237
116.455 39.9192
116.455 39.9023
116.455 39.9023
116.455 39.8927
116.453 39.8832
116.421 39.8993
116.421 39.8993
116.412 39.9032
116.305 39.8765
116.305 39.8746
116.17 39.7757
116.149 39.7499
116.124 39.7114
116.103 39.6894
116.103 39.6894
116.103 39.6894
116.103 39.6894
116.103 39.6894
116.103 39.6894
116.103 39.6895
116.103 39.6895
116.103 39.6895
116.109 39.6556
116.133 39.6226
116.144 39.618
116.146 39.616
116.146 39.6161
116.146 39.6161
116.146 39.6161
116.146 39.6161
116.146 39.6161
116.146 39.6161
116.146 39.6161
116.146 39.6161
116.146 39.6161
116.146 39.6161
116.146 39.6161
116.146 39.6161
116.146 39.6161
116.146 39.6161
116.146 39.6161
116.146 39.6161
116.146 39.6161
116.146 39.6161
116.146 39.6161
116.146 39.616
116.146 39.616
116.146 39.616
116.145 39.616
116.145 39.6165
116.148 39.6535
116.142 39.6867
116.135 39.7224
116.161 39.7379
116.19 39.7496
116.222 39.7659
116.271 39.7698
116.285 39.8119
116.301 39.829
116.289 39.8323
116.281 39.9596
116.284 39.9582
116.298 39.9555
116.294 39.9517
116.302 39.9624
116.332 39.9715
116.328 39.9768
116.327 39.991
116.328 39.9913
116.328 39.9913
116.365 39.9605
116.365 39.9605
116.349 39.9561
116.348 39.9393
116.343 39.9475
116.331 39.9564
116.316 39.9648
116.315 39.9676
116.312 39.9744
116.309 39.9748
116.296 39.9734
116.293 39.9605
116.293 39.9605
116.299 39.9524
116.298 39.9358
116.301 39.9235
116.304 39.9125
116.304 39.8952
116.276 39.8759
116.224 39.8472
116.214 39.8432
116.21 39.8425
116.208 39.8422
116.201 39.8138
116.183 39.7888
116.138 39.7429
116.136 39.7335
116.144 39.7115
116.145 39.6659
116.145 39.6235
116.146 39.616
116.146 39.6161
116.146 39.6161
116.146 39.6161
116.146 39.6161
116.145 39.616
116.145 39.6149
116.145 39.616
116.163 39.6498
116.148 39.6427
116.09 39.6454
116.044 39.6407
116.029 39.6339
116.029 39.6339
116.029 39.6339
116.028 39.6144
115.978 39.5996
115.916 39.6059
115.898 39.5852
115.839 39.5936
115.779 39.6018
115.736 39.5836
115.732 39.5853
115.731 39.5853
115.731 39.5853
115.731 39.5853
115.731 39.5853
115.731 39.5853
115.731 39.5853
115.731 39.5853
115.731 39.5853
115.731 39.5853
115.731 39.5853
115.731 39.5853
115.731 39.5853
115.731 39.5853
115.731 39.5853
115.745 39.5888
115.792 39.5986
115.858 39.5915
115.899 39.5889
115.923 39.6045
115.976 39.5997
115.987 39.6199
115.991 39.6206
115.991 39.6201
115.992 39.6181
115.991 39.6184
115.991 39.6201
116.003 39.6202
116.023 39.6029
116.054 39.5967
116.077 39.5953
116.09 39.6009
116.134 39.6051
116.145 39.615
116.145 39.6148
116.122 39.6061
116.12 39.5778
116.12 39.5779
116.12 39.5778
116.136 39.6003
116.144 39.6055
116.146 39.616
116.132 39.6185
116.132 39.6185
116.132 39.6185
116.14 39.6181
116.132 39.6186
116.132 39.6185
116.132 39.6185
116.132 39.6185
116.132 39.6185
116.132 39.6185
116.132 39.6185
116.132 39.6185
116.132 39.6185
116.132 39.6185
116.132 39.6185
116.132 39.6185
116.132 39.6185
116.132 39.6185
116.123 39.623
116.123 39.623
116.132 39.6184
116.132 39.6184
116.132 39.6185
116.132 39.6185
116.132 39.6185
116.132 39.6185
116.132 39.6185
116.132 39.6185
116.132 39.6185
116.133 39.6242
116.116 39.651
116.098 39.6786
116.125 39.7127
116.136 39.7265
116.136 39.746
116.167 39.7801
116.206 39.8293
116.234 39.8554
116.238 39.8708
116.238 39.8708
116.247 39.8861
116.258 39.8991
116.258 39.8991
116.259 39.8994
116.275 39.9061
116.282 39.9061
116.304 39.8904
116.306 39.8838
116.304 39.9082
116.384 39.9478
116.311 39.9387
116.304 39.9502
116.327 39.956
116.34 39.9179
116.338 39.9267
116.327 39.9346
116.327 39.9346
116.318 39.9501
116.292 39.9671
116.282 39.9563
116.33 39.9691
116.312 39.975
116.298 39.9515
116.293 39.9592
116.297 39.9584
116.298 39.9567
116.303 39.9541
116.304 39.942
116.32 39.924
116.319 39.924
116.319 39.924
116.319 39.924
116.319 39.924
116.319 39.924
116.319 39.924
116.319 39.924
116.319 39.924
116.319 39.924
116.319 39.924
116.319 39.924
116.319 39.924
116.319 39.924
116.319 39.924
116.316 39.9224
116.321 39.9311
116.343 39.9222
116.379 39.8986
116.389 39.8895
116.434 39.8544
116.433 39.8567
116.361 39.8459
116.329 39.8666
116.342 39.8595
116.342 39.8593
116.342 39.8593
116.342 39.8593
116.342 39.8596
116.321 39.8922
116.316 39.892
116.314 39.892
116.311 39.8567
116.377 39.8557
116.449 39.8618
116.456 39.874
116.456 39.874
116.45 39.8749
116.344 39.8759
116.344 39.8819
116.333 39.8485
116.311 39.8566
116.305 39.879
116.323 39.8991
116.328 39.8939
116.284 39.8657
116.283 39.8712
116.311 39.8859
116.412 39.9105
116.417 39.8959
116.416 39.8892
116.393 39.9258
116.385 39.9213
116.367 39.9175
116.345 39.8755
116.345 39.8763
116.247 39.8936
116.295 39.8883
116.295 39.8883
116.303 39.8828
116.247 39.8628
116.203 39.8373
116.191 39.8068
116.167 39.7738
116.149 39.7503
116.136 39.7224
116.129 39.7175
116.081 39.6456
116.134 39.629
116.132 39.6185
116.132 39.6185
116.132 39.6185
116.132 39.6185
116.132 39.6185
116.132 39.6185
116.132 39.6185
116.135 39.6182
116.135 39.6182
116.132 39.6183
116.146 39.616
116.146 39.616
116.146 39.6161
116.146 39.6161
116.146 39.6161
116.146 39.6161
116.146 39.6161
116.146 39.6161
116.146 39.6161
116.146 39.6161
116.146 39.6161
116.146 39.6161
116.146 39.6161
116.146 39.6161
116.146 39.6161
116.146 39.6161
116.146 39.6161
116.146 39.6161
116.146 39.6161
116.146 39.6161
116.146 39.6161
116.146 39.6161
116.146 39.6161
116.146 39.6161
116.146 39.6161
116.146 39.6159
116.146 39.6151
116.146 39.6151
116.146 39.6151
116.146 39.6149
116.145 39.616
116.145 39.6159
116.145 39.6159
116.145 39.6159
116.145 39.6159
116.147 39.6163
116.148 39.6164
116.148 39.6164
116.146 39.6168
116.146 39.6181
116.146 39.6181
116.143 39.6163
116.144 39.6158
116.147 39.6151
116.145 39.616
116.148 39.6388
116.141 39.6761
116.136 39.7225
116.146 39.7433
116.165 39.7708
116.187 39.7984
116.187 39.7984
116.204 39.8226
116.215 39.8442
116.232 39.859
116.247 39.906
116.404 39.8187
116.395 39.8322
116.395 39.8425
116.423 39.857
116.433 39.8634
116.436 39.8691
116.43 39.8997
116.428 39.9353
116.428 39.9353
116.425 39.9484
116.423 39.94
116.406 39.9398
116.39 39.9392
116.374 39.9898
116.359 39.8639
116.363 39.8493
116.345 39.9357
116.342 39.9357
116.303 39.942
116.298 39.9229
116.388 39.9014
116.388 39.8891
116.379 39.8883
116.362 39.8867
116.357 39.8878
116.357 39.8878
116.318 39.8886
116.354 39.8521
116.475 39.7953
116.492 39.7905
116.473 39.7953
116.466 39.8074
116.448 39.8231
116.441 39.8397
116.459 39.8329
116.475 39.8245
116.448 39.8316
116.433 39.8493
116.428 39.8576
116.315 39.8987
116.3 39.8887
116.366 39.8881
116.347 39.8846
116.341 39.8725
116.326 39.8716
116.298 39.906
116.304 39.9164
116.309 39.9268
116.32 39.9323
116.348 39.9388
116.387 39.9474
116.387 39.9474
116.389 39.9582
116.389 39.9646
116.4 39.9607
116.378 39.9666
116.382 39.9672
116.358 39.9456
116.346 39.939
116.304 39.9115
116.304 39.9095
116.304 39.9096
116.304 39.9096
116.304 39.9096
116.317 39.8961
116.382 39.8592
116.372 39.8692
116.352 39.8767
116.326 39.9004
116.306 39.8963
116.307 39.8965
116.306 39.8961
116.304 39.928
116.304 39.918
116.317 39.97
116.307 39.9631
116.331 39.9914
116.374 39.9862
116.44 39.9848
116.464 39.991
116.462 39.9962
116.447 39.9808
116.418 39.9823
116.41 39.968
116.346 39.9664
116.304 39.945
116.304 39.896
116.261 39.8686
116.216 39.8444
116.196 39.8099
116.173 39.7796
116.144 39.7518
116.136 39.7296
116.144 39.7144
116.146 39.616
116.146 39.616
116.145 39.615
116.144 39.6045
116.108 39.6083
116.106 39.6195
116.106 39.6197
116.106 39.6197
116.106 39.6197
116.108 39.6198
116.092 39.6058
116.076 39.6184
116.099 39.6061
116.145 39.615
116.145 39.615
116.146 39.6161
116.145 39.616
116.145 39.616
116.145 39.616
116.145 39.616
116.146 39.616
116.146 39.616
116.146 39.616
116.146 39.616
116.146 39.616
116.146 39.616
116.146 39.616
116.146 39.616
116.146 39.616
116.146 39.616
116.146 39.616
116.146 39.616
116.146 39.616
116.146 39.616
116.146 39.616
116.146 39.616
116.146 39.616
116.146 39.616
116.146 39.616
116.146 39.616
116.146 39.616
116.146 39.616
116.146 39.616
116.146 39.616
116.144 39.618
116.132 39.6185
116.132 39.6185
116.132 39.6184
116.132 39.6184
116.132 39.6184
116.132 39.6184
116.132 39.6184
116.132 39.6184
116.132 39.6184
