116.472 39.8958
116.472 39.9072
116.476 39.9141
116.478 39.9216
116.478 39.9256
116.441 39.9614
116.431 39.9635
116.43 39.9627
116.436 39.9468
116.434 39.94
116.433 39.94
116.439 39.9483
116.445 39.9504
116.446 39.9506
116.445 39.9505
116.446 39.9503
116.445 39.9503
116.445 39.9503
116.445 39.9503
116.443 39.9482
116.441 39.9561
116.442 39.9575
116.456 39.9754
116.462 39.9785
116.462 39.9947
116.462 39.9949
116.447 40.0158
116.434 40.0305
116.435 40.0304
116.435 40.0304
116.458 40.0192
116.459 40.0192
116.459 40.0192
116.457 40.0036
116.457 39.9997
116.463 39.9924
116.463 39.9915
116.463 39.9916
116.461 40.0115
116.461 40.0143
116.456 40.0099
116.456 40.0099
116.456 40.0098
116.456 40.0098
116.456 40.0102
116.456 40.0105
116.457 40.0115
116.456 40.0106
116.456 40.0103
116.457 40.0108
116.456 40.01
116.456 40.01
116.456 40.01
116.456 40.01
116.456 40.01
116.456 40.01
116.456 40.01
116.456 40.01
116.457 40.0011
116.439 39.9881
116.414 39.9976
116.402 39.9982
116.382 39.9867
116.348 39.9858
116.344 39.9857
116.335 39.9855
116.347 39.9753
116.343 39.9752
116.342 39.9734
116.342 39.9725
116.344 39.9567
116.328 39.9707
116.328 39.972
116.335 39.981
116.335 39.9854
116.336 39.9918
116.35 39.992
116.359 39.9969
116.366 40.0058
116.366 40.0053
116.36 40.0161
116.369 40.0087
116.38 40.0005
116.372 40.0004
116.282 40.0124
116.273 40.0128
116.283 40.0017
116.287 39.991
116.298 39.9829
116.299 39.9828
116.297 39.9671
116.292 39.9582
116.285 39.9569
116.286 39.941
116.287 39.941
116.284 39.9346
116.293 39.9312
116.274 39.9315
116.484 39.931
116.484 39.931
116.484 39.931
116.274 39.9447
116.304 39.9397
116.309 39.931
116.313 39.9311
116.322 39.9363
116.323 39.9368
116.329 39.9214
116.337 39.9059
116.35 39.8976
116.35 39.867
116.365 39.8531
116.368 39.8407
116.371 39.849
116.353 39.8522
116.342 39.8557
116.348 39.8674
116.353 39.8843
116.353 39.8872
116.319 39.8959
116.316 39.896
116.329 39.9059
116.339 39.9161
116.339 39.9163
116.338 39.9302
116.343 39.9382
116.342 39.9473
116.348 39.9565
116.355 39.9558
116.365 39.9736
116.368 39.9713
116.366 39.9477
116.366 39.9477
116.38 39.9501
116.388 39.9721
116.401 39.9756
116.422 39.9821
116.582 40.0747
116.447 40.0046
116.476 40.0127
116.492 40.0043
116.492 40.0117
116.492 40.0117
116.492 40.0117
116.492 40.0117
116.492 40.0117
116.492 40.0117
116.492 40.0115
116.491 40.0132
116.491 40.0132
116.491 40.0132
116.491 40.0132
116.491 40.0132
116.491 40.0132
116.491 40.0132
116.491 40.0132
116.491 40.0132
116.491 40.0132
116.491 40.0132
116.491 40.0132
116.491 40.0131
116.491 40.0131
116.491 40.0132
116.491 40.0132
116.491 40.0132
116.491 40.0132
116.491 40.0132
116.491 40.0132
116.491 40.0132
116.491 40.0132
116.491 40.0132
116.491 40.0132
116.491 40.0132
116.491 40.0132
116.491 40.0132
116.491 40.0132
116.491 40.0133
116.491 40.0133
116.491 40.0133
116.491 40.0133
116.491 40.0133
116.491 40.0133
116.491 40.0132
116.491 40.0132
116.491 40.0132
116.491 40.0132
116.491 40.0132
116.491 40.0132
116.491 40.0132
116.491 40.0132
116.491 40.0132
116.491 40.0132
116.491 40.0132
116.491 40.0132
116.491 40.0132
116.491 40.0132
116.491 40.0132
116.491 40.0132
116.491 40.0132
116.491 40.0132
116.491 40.0132
116.491 40.0132
116.491 40.0132
116.491 40.0132
116.491 40.0132
116.491 40.0132
116.491 40.0132
116.491 40.0132
116.491 40.0132
116.491 40.0131
116.491 40.0132
116.491 40.0132
116.491 40.0132
116.491 40.0133
116.491 40.0132
116.491 40.0132
116.491 40.0132
116.491 40.0132
116.491 40.0132
116.491 40.0132
116.491 40.0132
116.491 40.0132
116.491 40.0132
116.491 40.0132
116.491 40.0132
116.491 40.0132
116.491 40.0132
116.491 40.0132
116.491 40.0132
116.491 40.0132
116.491 40.0132
116.491 40.0132
116.491 40.0132
116.491 40.0132
116.491 40.0132
116.491 40.0133
116.491 40.0132
116.491 40.0132
116.491 40.0132
116.491 40.0132
116.491 40.0132
116.491 40.0132
116.491 40.0132
116.491 40.0132
116.493 40.0064
116.476 40.0043
116.461 40.0014
116.462 40.001
116.442 39.9938
116.406 39.9874
116.37 39.9927
116.346 40.0237
116.308 40.0738
116.277 40.1105
116.262 40.1265
116.292 40.1522
116.334 40.1684
116.392 40.1743
116.404 40.1387
116.401 40.1146
116.401 40.1146
116.407 40.0883
116.406 40.0673
116.406 40.051
116.409 40.0396
116.435 40.0258
116.447 40.0168
116.458 40.0192
116.461 40.0147
116.456 40
116.441 39.9928
116.431 39.9904
116.402 40.0014
116.397 40.0038
116.401 39.9772
116.402 39.9483
116.387 39.9486
116.381 39.9527
116.365 39.9494
116.361 39.9462
116.349 39.9338
116.35 39.9141
116.337 39.8963
116.316 39.8959
116.317 39.9046
116.297 39.9117
116.288 39.9117
116.278 39.9173
116.287 39.9225
116.295 39.9258
116.295 39.9265
116.315 39.9311
116.335 39.9311
116.349 39.9311
116.372 39.9314
116.394 39.9319
116.415 39.9321
116.412 39.923
116.411 39.9196
116.411 39.9196
116.403 39.9118
116.405 39.9158
116.405 39.9164
116.397 39.907
116.389 39.8979
116.389 39.8821
116.379 39.8877
116.387 39.8841
116.381 39.8617
116.38 39.8451
116.376 39.8418
116.381 39.8478
116.381 39.8591
116.381 39.876
116.368 39.8978
116.368 39.8978
116.368 39.907
116.362 39.9059
116.36 39.9071
116.359 39.9174
116.341 39.927
116.342 39.9283
116.338 39.9267
116.321 39.9222
116.282 39.9231
116.28 39.9206
116.279 39.9245
116.279 39.9245
116.279 39.9246
116.279 39.9246
116.272 39.9231
116.289 39.9174
116.296 39.9076
116.29 39.9419
116.334 39.9368
116.345 39.9371
116.343 39.9352
116.334 39.9359
116.334 39.9359
116.35 39.9413
116.401 39.9476
116.442 39.9505
116.441 39.9608
116.44 39.9556
116.429 39.953
116.438 39.9455
116.43 39.9395
116.425 39.9238
116.405 39.923
116.405 39.9217
116.405 39.9216
116.405 39.9218
116.405 39.9218
116.405 39.9216
116.405 39.9221
116.419 39.923
116.434 39.9229
116.444 39.9179
116.444 39.9124
116.444 39.9124
116.448 39.9121
116.444 39.9132
116.448 39.9179
116.456 39.9311
116.465 39.9508
116.472 39.9532
116.462 39.9476
116.468 39.9417
116.455 39.932
116.455 39.9176
116.438 39.9081
116.438 39.9095
116.431 39.9074
116.425 39.9037
116.415 39.9009
116.413 39.9001
116.407 39.8994
116.41 39.8958
116.41 39.8958
116.41 39.8958
116.41 39.8958
116.412 39.8993
116.412 39.8993
116.413 39.892
116.42 39.8922
116.422 39.8933
116.426 39.8937
116.418 39.8959
116.412 39.8994
116.405 39.9063
116.405 39.9079
116.412 39.9156
116.411 39.9271
116.411 39.9345
116.415 39.9351
116.426 39.9396
116.434 39.9264
116.433 39.9323
116.408 39.923
116.396 39.9241
116.405 39.92
116.405 39.9199
116.396 39.9065
116.358 39.9059
116.313 39.9061
116.392 39.9061
116.401 39.9059
116.403 39.917
116.405 39.9215
116.405 39.9231
116.394 39.9064
116.381 39.9061
116.353 39.906
116.35 39.899
116.301 39.8958
116.296 39.8998
116.302 39.9052
116.282 39.8989
116.281 39.899
116.271 39.9064
116.269 39.9287
116.277 39.9728
116.345 39.9854
116.428 39.9878
116.45 40.0124
116.476 40.0123
116.483 40.0079
116.483 40.0073
116.491 40.0132
116.491 40.0132
116.491 40.0132
116.491 40.0132
116.491 40.0132
116.491 40.0132
116.491 40.0132
116.491 40.0132
116.491 40.0132
116.491 40.0132
116.491 40.0132
116.491 40.0132
116.491 40.0132
116.491 40.0132
116.491 40.0132
116.491 40.0132
116.491 40.0132
116.491 40.0132
116.491 40.0132
116.491 40.0132
116.491 40.0132
116.491 40.0132
116.491 40.0132
116.491 40.0132
116.491 40.0132
116.491 40.0132
116.491 40.0132
116.491 40.0132
116.491 40.0132
116.491 40.0132
116.491 40.0132
116.491 40.0132
116.491 40.0132
116.491 40.0132
116.491 40.0132
116.491 40.0132
116.491 40.0132
116.491 40.0132
116.491 40.0132
116.492 40.0134
116.491 40.0133
116.491 40.0133
116.491 40.0133
116.491 40.0133
116.491 40.0133
116.491 40.0133
116.491 40.0133
116.491 40.0133
116.491 40.0133
116.491 40.0133
116.491 40.0132
116.491 40.0132
116.491 40.0132
116.491 40.0132
116.491 40.0132
116.491 40.0132
116.491 40.0132
116.491 40.0132
116.491 40.0132
116.491 40.0132
116.491 40.0132
116.491 40.0132
116.491 40.0132
116.491 40.0132
116.491 40.0132
116.491 40.0132
116.491 40.0132
116.491 40.0132
116.491 40.0132
116.491 40.0132
116.491 40.0132
116.491 40.0132
116.491 40.0132
116.491 40.0132
116.491 40.0132
116.491 40.0132
116.491 40.0132
116.491 40.0132
116.491 40.0132
116.491 40.0132
116.491 40.0132
116.491 40.0132
116.491 40.0132
116.491 40.0132
116.491 40.0134
116.491 40.0133
116.491 40.0133
116.491 40.0133
116.491 40.0133
116.491 40.0133
116.491 40.0133
116.491 40.0133
116.491 40.0133
116.491 40.0133
116.491 40.0133
116.491 40.0133
116.491 40.0133
116.491 40.0133
116.491 40.0133
116.491 40.0133
116.491 40.0133
116.491 40.0133
116.491 40.0133
116.491 40.0133
116.491 40.0133
116.491 40.0133
116.491 40.0133
116.491 40.0133
116.491 40.0133
116.491 40.0133
116.491 40.0133
116.491 40.0133
116.491 40.0133
116.491 40.0133
116.491 40.0133
116.491 40.0133
116.491 40.0133
116.491 40.0133
116.492 40.011
116.486 40.0069
116.459 40.0001
116.438 39.9871
116.415 39.9975
116.4 40.0042
116.398 40.0022
116.401 39.9949
116.398 39.9934
116.409 39.9977
116.408 39.9972
116.394 40.0014
116.397 40.0038
116.416 39.9976
116.411 40.0162
116.411 40.0728
116.408 40.0727
116.407 40.0582
116.417 40.0401
116.431 40.0312
116.412 40.0256
116.412 40.0253
116.418 39.9865
116.418 39.9972
116.4 40.004
116.4 40.0043
116.399 39.9946
116.398 39.9952
116.4 39.9974
116.403 40.0223
116.401 40.0431
116.401 40.0519
116.399 40.0495
116.399 40.0514
116.402 40.0529
116.401 40.0462
116.352 40.0623
116.326 40.0556
116.335 40.0378
116.342 40.0287
116.336 40.0073
116.327 39.9933
116.31 39.9858
116.31 39.9857
116.307 39.9821
116.311 39.9785
116.292 39.9841
116.268 39.9685
116.268 39.9481
116.273 39.9453
116.304 39.9388
116.304 39.9359
116.298 39.936
116.313 39.931
116.338 39.931
116.342 39.931
116.334 39.922
116.332 39.9219
116.304 39.9258
116.304 39.9258
116.294 39.9447
116.282 39.9544
116.282 39.9571
116.293 39.9581
116.294 39.9628
116.294 39.9626
116.296 39.9631
116.304 39.9414
116.304 39.9104
116.307 39.9061
116.315 39.8969
116.311 39.9048
116.296 39.9145
116.301 39.9418
116.315 39.9658
116.294 39.9673
116.283 39.9563
116.276 39.9593
116.269 39.9653
116.416 39.9873
116.418 39.9837
116.421 39.9975
116.406 39.9974
116.402 39.9924
116.4 39.9667
116.401 39.9575
116.408 39.9632
116.405 39.9693
116.405 39.9685
116.403 39.9792
116.411 39.9817
116.43 39.9921
116.424 39.9939
116.424 39.9938
116.425 39.9935
116.424 39.9932
116.424 39.9936
116.424 39.9932
116.418 39.9954
116.417 40.0079
116.443 40.0067
116.461 40.0164
116.461 40.0192
116.465 40.0202
116.465 40.0203
116.465 40.0203
116.465 40.0203
116.465 40.0203
116.465 40.0203
116.465 40.0203
116.465 40.0209
116.467 40.0226
116.467 40.0226
116.467 40.0226
116.55 40.0684
116.557 40.109
116.612 40.1164
116.659 40.1155
116.73 40.1221
116.73 40.1221
116.796 40.1467
116.948 40.1501
117.016 40.1448
117.01 40.2056
117.03 40.2642
117.041 40.2705
117.041 40.2705
117.041 40.2705
117.041 40.2705
117.041 40.2705
117.041 40.2705
117.041 40.2705
117.041 40.2705
117.041 40.2705
117.041 40.2705
117.041 40.2705
117.041 40.2705
117.041 40.2705
117.041 40.2705
117.041 40.2705
117.041 40.2705
117.041 40.2705
117.041 40.2705
117.041 40.2705
117.041 40.2705
117.041 40.2705
117.041 40.2705
116.924 40.1515
117.041 40.2705
117.041 40.2705
117.041 40.2705
117.041 40.2705
117.041 40.2705
117.041 40.2705
117.041 40.2705
117.041 40.2705
117.041 40.2705
117.041 40.2705
117.041 40.2705
117.041 40.2705
117.041 40.2705
117.041 40.2705
117.041 40.2705
117.041 40.2705
117.041 40.2705
117.041 40.2705
117.041 40.2705
117.041 40.2705
117.041 40.2705
117.041 40.2705
117.041 40.2705
117.041 40.2705
117.041 40.2705
117.041 40.2705
117.041 40.2705
117.041 40.2705
117.041 40.2705
117.041 40.2705
117.041 40.2705
117.041 40.2705
117.041 40.2705
117.041 40.2705
117.041 40.2705
117.041 40.2705
117.041 40.2705
117.041 40.2705
117.041 40.2705
117.041 40.2705
117.041 40.2705
117.041 40.2705
117.041 40.2705
117.041 40.2705
117.041 40.2705
117.041 40.2705
117.041 40.2705
117.041 40.2705
117.041 40.2705
117.041 40.2705
117.041 40.2705
117.041 40.2705
117.041 40.2705
117.041 40.2705
117.041 40.2705
117.041 40.2705
117.041 40.2705
117.041 40.2705
117.041 39.9352
117.041 39.9352
117.041 40.2705
117.041 40.2705
117.041 40.2705
117.041 40.2705
117.041 40.2705
117.041 40.2705
117.041 40.2705
117.041 40.2705
117.041 40.2705
117.041 40.2705
117.041 40.2705
117.041 40.2705
117.041 40.2705
117.041 40.2705
117.041 40.2705
117.041 40.2705
117.041 40.2705
117.041 40.2705
117.041 40.2705
117.041 40.2705
117.041 40.2705
117.041 40.2705
117.041 40.2705
117.041 40.2705
117.041 40.2705
117.041 40.2705
117.041 40.2705
117.041 40.2705
117.041 40.2706
117.041 40.2706
117.041 40.2706
117.041 40.2706
117.041 40.2706
117.041 40.2706
117.041 40.2706
117.041 40.2706
117.041 40.2706
117.041 40.2706
117.041 40.2706
117.041 40.2705
117.041 40.2705
117.041 40.2705
117.041 40.2705
117.041 40.2705
117.041 40.2705
117.041 40.2705
117.041 40.2705
117.041 40.2705
117.041 40.2705
117.041 40.2705
117.041 40.2705
117.041 40.2705
117.041 40.2705
117.041 40.2705
117.041 40.2705
117.041 40.2705
117.041 40.2705
117.041 40.2705
117.041 40.2705
117.041 40.2705
117.041 40.2705
117.041 40.2705
117.041 40.2705
117.041 40.2705
117.041 40.2705
117.041 40.2705
117.041 40.2705
117.041 40.2705
117.041 40.2705
117.041 40.2705
117.041 40.2708
117.065 40.2768
117.065 40.2768
117.065 40.2767
117.065 40.2767
117.065 40.2767
117.065 40.2767
117.065 40.2767
117.065 40.2763
117.065 40.2763
117.065 40.2763
117.066 40.2758
117.077 40.2994
117.063 40.3178
117.061 40.3114
117.061 40.3114
117.061 40.3114
117.06 40.3082
117.061 40.3114
117.061 40.3114
117.061 40.3114
117.061 40.3114
117.061 40.3114
117.061 40.3114
117.061 40.3114
117.061 40.3114
117.061 40.3114
117.061 40.3115
117.061 40.3115
117.061 40.3115
117.061 40.3115
117.061 40.3115
117.061 40.3115
117.061 40.3115
117.061 40.3115
117.061 40.3115
117.061 40.3115
117.061 40.3115
117.061 40.3115
117.061 40.3115
117.061 40.3115
117.061 40.3115
117.061 40.3115
117.061 40.3115
117.061 40.3115
117.061 40.3115
117.061 40.3115
117.061 40.3115
117.061 40.3115
117.061 40.3115
117.061 40.3115
117.061 40.3114
117.061 40.3114
117.061 40.3114
117.062 40.3114
117.062 40.3114
117.062 40.3114
117.061 40.3114
117.061 40.3114
117.061 40.3114
117.062 40.3114
117.062 40.3114
117.062 40.3114
117.062 40.3114
117.061 40.3114
117.061 40.3114
117.062 40.3114
117.062 40.3114
117.062 40.3114
117.062 40.3114
117.062 40.3114
117.062 40.3114
117.062 40.3114
117.062 40.3114
117.042 40.3024
117.066 40.276
117.068 40.2763
117.068 40.2764
117.068 40.2764
117.068 40.2764
117.069 40.283
117.081 40.3164
117.061 40.3115
117.061 40.3115
117.061 40.3115
117.061 40.3115
117.061 40.3115
117.061 40.3115
117.061 40.3115
117.061 40.3115
117.061 40.3115
117.061 40.3115
117.061 40.3115
117.061 40.3115
117.061 40.3115
117.061 40.3115
117.061 40.3115
117.061 40.3115
117.061 40.3115
117.061 40.3115
117.061 40.3115
117.061 40.3115
117.061 40.3115
117.061 40.3115
117.061 40.3115
117.061 40.3115
117.061 40.3115
117.061 40.3115
117.061 40.3115
117.061 40.3115
117.061 40.3115
117.061 40.3115
117.061 40.3115
117.061 40.3115
117.061 40.3115
117.061 40.3115
117.061 40.3115
117.061 40.3115
117.061 40.3115
117.061 40.3115
117.061 40.3115
117.061 40.3115
117.061 40.3115
117.061 40.3115
117.062 40.3114
117.061 40.3115
117.061 40.3115
117.061 40.3115
117.062 40.3115
117.062 40.3115
117.062 40.3115
117.062 40.3115
117.062 40.3115
117.062 40.3115
117.062 40.3115
117.062 40.3115
117.062 40.3115
117.062 40.3115
117.062 40.3115
117.061 40.3115
117.061 40.3115
117.061 40.3115
117.061 40.3115
117.061 40.3115
117.061 40.3115
117.061 40.3115
117.061 40.3115
117.061 40.3115
117.061 40.3115
117.041 40.2704
117.061 40.3115
117.061 40.3116
117.061 40.3116
117.061 40.3116
117.061 40.3116
117.061 40.3116
117.061 40.3115
117.061 40.3115
117.061 40.3115
117.061 40.3115
117.061 40.3115
117.061 40.3115
117.061 40.3115
117.061 40.3115
117.061 40.3115
117.061 40.3115
117.061 40.3115
117.061 40.3115
117.061 40.3115
117.061 40.3115
117.061 40.3115
117.061 40.3115
117.061 40.3115
117.061 40.3115
117.061 40.3115
117.061 40.3115
117.061 40.3115
117.061 40.3115
117.061 40.3115
117.061 40.3115
117.061 40.3115
117.061 40.3115
117.061 40.3115
117.061 40.3115
117.061 40.3115
117.061 40.3115
117.061 40.3115
117.061 40.3115
117.061 40.3115
117.061 40.3115
117.061 40.3115
117.061 40.3115
117.061 40.3115
117.061 40.3115
117.061 40.3115
117.061 40.3115
117.061 40.3115
117.061 40.3115
117.062 40.3116
117.062 40.3115
117.062 40.3115
117.062 40.3115
117.062 40.3115
117.062 40.3115
117.062 40.3115
117.062 40.3115
117.062 40.3115
117.062 40.3115
117.062 40.3115
117.062 40.3115
117.062 40.3115
117.062 40.3115
117.062 40.3115
117.062 40.3115
117.062 40.3115
117.062 40.3115
117.062 40.3115
117.062 40.3115
117.062 40.3115
117.061 40.3115
117.061 40.3115
117.061 40.3115
117.061 40.3115
117.061 40.3115
117.061 40.3115
117.061 40.3115
117.061 40.3115
117.061 40.3115
117.061 40.3115
117.061 40.3115
117.061 40.3115
117.061 40.3115
117.061 40.3115
117.061 40.3115
117.061 40.3115
117.061 40.3115
117.061 40.3115
117.061 40.3115
117.061 40.3115
117.061 40.3115
117.061 40.3115
117.061 40.3115
117.061 40.3115
117.061 40.3115
117.061 40.3115
117.061 40.3115
117.061 40.3115
117.061 40.3115
117.061 40.3115
117.061 40.3115
117.061 40.3115
117.061 40.3115
117.061 40.3115
117.061 40.3115
117.061 40.3115
117.061 40.3115
117.061 40.3115
117.061 40.3115
117.061 40.3115
117.061 40.3115
117.061 40.3115
117.061 40.3115
117.061 40.3115
117.061 40.3115
117.061 40.3115
117.061 40.3115
117.061 40.3115
117.061 40.3115
117.061 40.3115
117.061 40.3115
117.061 40.3115
117.061 40.3115
117.061 40.3115
117.061 40.3115
117.061 40.3115
117.061 40.3115
117.061 40.3115
117.061 40.3115
117.061 40.3115
117.061 40.3115
117.061 40.3115
117.061 40.3115
117.061 40.3115
117.061 40.3115
117.061 40.3115
117.06 40.3083
117.06 40.3083
117.06 40.3083
117.053 40.3051
117.051 40.2741
117.065 40.276
117.045 40.2063
117.105 40.179
117.105 40.179
117.1 40.1443
117.1 40.1444
117.105 40.1419
117.116 40.1388
117.116 40.1388
117.117 40.1392
117.117 40.1392
117.117 40.1435
117.108 40.1525
117.109 40.1541
117.109 40.1542
117.109 40.1542
117.109 40.1542
117.109 40.1542
117.109 40.1542
117.109 40.1542
117.109 40.1543
117.109 40.1542
117.109 40.1541
117.109 40.1543
117.109 40.1543
117.109 40.1542
117.109 40.154
117.109 40.1541
117.109 40.154
117.109 40.154
117.109 40.154
117.109 40.154
117.109 40.154
117.109 40.1541
117.109 40.1542
117.109 40.1542
117.109 40.1542
117.109 40.1542
117.109 40.1545
117.109 40.1544
117.109 40.1543
117.109 40.1543
117.109 40.1544
117.109 40.1543
117.109 40.1543
117.109 40.1542
117.109 40.1538
117.109 40.1523
117.109 40.1524
117.052 40.2061
117.047 40.2534
117.066 40.2761
117.066 40.2761
117.055 40.2755
117.057 40.3061
117.057 40.3061
117.061 40.3112
117.061 40.3116
117.061 40.3116
117.061 40.3116
117.061 40.3115
117.061 40.3115
117.061 40.3115
117.061 40.3115
117.061 40.3115
117.061 40.3114
117.061 40.3114
117.061 40.3115
117.061 40.3115
117.061 40.3115
117.061 40.3115
117.061 40.3115
117.061 40.3115
117.061 40.3115
117.061 40.3115
117.061 40.3115
117.061 40.3115
117.061 40.3115
117.061 40.3115
117.061 40.3115
117.061 40.3115
117.061 40.3115
117.061 40.3115
117.061 40.3115
117.061 40.3115
117.061 40.3115
117.061 40.3115
117.061 40.3115
117.061 40.3115
117.061 40.3115
117.061 40.3115
117.061 40.3115
117.061 40.3115
117.061 40.3115
117.061 40.3115
117.061 40.3115
117.061 40.3115
117.061 40.3115
117.061 40.3115
117.061 40.3115
117.061 40.3115
117.061 40.3115
117.061 40.3115
117.061 40.3115
117.061 40.3115
117.061 40.3115
117.061 40.3115
117.061 40.3115
117.061 40.3115
117.061 40.3115
117.061 40.3115
117.061 40.3115
117.061 40.3115
117.061 40.3115
117.061 40.3115
117.061 40.3115
117.061 40.3115
117.061 40.3115
117.061 40.3115
117.061 40.3115
117.061 40.3115
117.061 40.3115
117.061 40.3115
117.061 40.3115
117.061 40.3115
117.061 40.3115
117.061 40.3115
117.061 40.3115
117.061 40.3115
117.061 40.3115
117.061 40.3115
117.061 40.3115
117.061 40.3115
117.061 40.3115
117.061 40.3118
117.061 40.3116
117.061 40.3116
117.061 40.3116
117.061 40.3116
117.061 40.3116
117.061 40.3116
117.061 40.3116
117.061 40.3116
117.061 40.3116
117.061 40.3116
117.061 40.3116
117.061 40.3116
117.061 40.3116
117.061 40.3116
117.061 40.3116
117.061 40.3116
117.061 40.3116
117.061 40.3116
117.061 40.3116
117.061 40.3116
117.061 40.3116
117.061 40.3116
117.061 40.3116
117.061 40.3116
117.061 40.3116
117.061 40.3116
117.061 40.3116
117.061 40.3116
117.061 40.3116
117.061 40.3116
117.061 40.3116
117.061 40.3116
117.061 40.3116
117.061 40.3114
117.061 40.3114
117.061 40.3114
117.061 40.3114
117.061 40.3115
117.061 40.3115
117.061 40.3115
117.061 40.3115
117.061 40.3115
117.061 40.3115
117.061 40.3115
117.061 40.3115
117.061 40.3115
117.061 40.3115
117.061 40.3115
117.061 40.3115
117.061 40.3115
117.061 40.3115
117.061 40.3115
117.061 40.3115
117.061 40.3115
117.061 40.3115
117.061 40.3115
117.061 40.3115
117.061 40.3115
117.061 40.3115
117.061 40.3115
117.061 40.3115
117.061 40.3115
117.061 40.3115
117.061 40.3115
117.061 40.3115
117.061 40.3115
117.061 40.3115
117.061 40.3115
117.061 40.3115
117.061 40.3115
117.061 40.3115
117.061 40.3115
117.061 40.3115
117.061 40.3115
117.061 40.3115
117.061 40.3115
117.061 40.3115
117.061 40.3115
117.061 40.3115
117.061 40.3115
117.061 40.3115
117.061 40.3115
117.061 40.3115
117.061 40.3115
117.061 40.3116
117.061 40.3116
117.061 40.3116
117.061 40.3116
117.061 40.3116
117.061 40.3116
117.061 40.3116
117.061 40.3116
117.061 40.3116
117.061 40.3116
117.061 40.3116
117.061 40.3116
117.061 40.3115
117.061 40.3115
117.061 40.3115
117.061 40.3115
117.061 40.3115
117.061 40.3115
117.061 40.3115
117.061 40.3115
117.061 40.3117
117.061 40.3116
117.061 40.3116
117.061 40.3116
117.061 40.3116
117.061 40.3116
117.061 40.3114
117.061 40.3115
117.061 40.3115
117.061 40.3113
117.061 40.3114
117.061 40.3115
117.061 40.3115
117.061 40.3115
117.061 40.3115
117.061 40.3115
117.061 40.3115
117.061 40.3115
117.061 40.3116
117.061 40.3115
117.061 40.3115
117.061 40.3115
117.061 40.3115
117.061 40.3115
117.061 40.3115
117.061 40.3114
117.061 40.3114
117.061 40.3114
117.061 40.3103
117.037 40.277
117.04 40.2383
117.082 40.1957
117.105 40.1556
117.109 40.1523
117.109 40.1541
117.109 40.1561
117.105 40.173
117.061 40.2043
117.046 40.247
117.037 40.2831
117.061 40.3115
117.061 40.3115
117.061 40.3115
117.061 40.3115
117.061 40.3115
117.061 40.3115
117.061 40.3115
117.061 40.3115
117.061 40.3116
117.061 40.3116
117.061 40.3116
117.061 40.3115
117.061 40.3115
117.061 40.3115
117.061 40.3115
117.061 40.3115
117.061 40.3115
117.061 40.3115
117.061 40.3115
117.061 40.3115
117.047 40.3027
117.04 40.2705
117.043 40.2651
117.036 40.228
117.097 40.1591
117.095 40.1386
117.096 40.1387
117.096 40.1386
117.093 40.1403
117.088 40.1627
117.049 40.2018
117.046 40.247
117.064 40.2636
117.037 40.2836
117.06 40.3092
117.037 40.28
117.061 40.3115
117.061 40.3115
117.061 40.3115
117.062 40.3115
117.062 40.3115
117.062 40.3115
117.062 40.3115
117.062 40.3115
117.062 40.3115
117.062 40.3115
117.062 40.3115
117.062 40.3115
117.062 40.3115
117.062 40.3115
117.062 40.3115
117.062 40.3115
117.062 40.3115
117.062 40.3115
117.062 40.3115
117.062 40.3115
117.062 40.3115
117.062 40.3115
117.062 40.3115
117.062 40.3115
116.5 39.9537
116.5 39.9537
117.061 40.3115
117.061 40.3115
117.061 40.3115
117.061 40.3115
117.061 40.3115
117.061 40.3115
117.061 40.3115
117.061 40.3115
117.061 40.3115
117.061 40.3115
117.061 40.3115
117.061 40.3115
116.403 39.9476
116.403 39.9476
117.061 40.3115
117.061 40.3115
117.061 40.3115
117.061 40.3115
117.061 40.3115
117.061 40.3115
117.061 40.3115
117.061 40.3115
117.061 40.3115
117.061 40.3115
117.061 40.3115
117.061 40.3115
117.061 40.3115
117.061 40.3115
117.061 40.3115
117.061 40.3115
117.061 40.3115
117.061 40.3115
117.061 40.3115
117.061 40.3115
117.061 40.3115
117.061 40.3115
117.061 40.3115
117.061 40.3115
117.061 40.3115
117.061 40.3115
117.061 40.3115
117.061 40.3115
117.061 40.3115
117.061 40.3115
117.061 40.3115
117.061 40.3115
117.061 40.3115
117.061 40.3115
117.061 40.3115
117.061 40.3115
117.061 40.3115
117.061 40.3115
117.061 40.3115
117.061 40.3115
117.061 40.3115
117.061 40.3115
117.061 40.3115
117.061 40.3115
117.061 40.3115
117.061 40.3115
117.061 40.3115
117.061 40.3115
117.061 40.3115
117.061 40.3115
117.061 40.3115
117.061 40.3115
117.061 40.3115
117.061 40.3115
117.061 40.3115
117.061 40.3115
117.061 40.3115
117.061 40.3115
117.061 40.3115
117.061 40.3115
117.061 40.3115
117.061 40.3115
117.061 40.3115
117.061 40.3115
117.061 40.3115
117.061 40.3115
117.061 40.3115
117.061 40.3115
117.061 40.3118
117.061 40.3115
117.061 40.3115
117.061 40.3115
117.061 40.3115
117.061 40.3115
117.061 40.3115
117.061 40.3115
117.061 40.3115
117.061 40.3115
117.061 40.3115
117.061 40.3115
117.061 40.3115
117.061 40.3115
117.061 40.3115
117.061 40.3115
117.061 40.3115
117.061 40.3115
117.061 40.3115
117.061 40.3115
117.061 40.3115
117.061 40.3115
117.061 40.3115
117.061 40.3115
117.061 40.3115
117.061 40.3115
117.061 40.3115
117.061 40.3115
117.061 40.3115
117.061 40.3115
117.061 40.3115
117.061 40.3115
117.061 40.3115
117.061 40.3115
117.061 40.3115
117.061 40.3115
117.061 40.3115
117.061 40.3115
117.061 40.3115
117.061 40.3115
117.061 40.3115
117.061 40.3115
117.061 40.3115
117.061 40.3115
117.061 40.3115
117.061 40.3115
117.061 40.3115
117.061 40.3115
117.061 40.3115
117.061 40.3115
117.061 40.3115
117.061 40.3115
117.061 40.3114
117.061 40.3114
117.061 40.3114
117.061 40.3114
117.061 40.3114
117.061 40.3114
117.061 40.3114
117.061 40.3114
117.061 40.3114
117.061 40.3114
117.061 40.3114
117.062 40.3114
117.062 40.3114
117.062 40.3114
117.062 40.3114
117.062 40.3115
117.061 40.3116
117.061 40.3116
117.061 40.3116
117.061 40.3115
117.061 40.3115
117.061 40.3115
117.061 40.3115
117.061 40.3115
117.061 40.3115
117.061 40.3115
117.061 40.3115
117.061 40.3115
117.061 40.3115
117.061 40.3115
117.061 40.3115
117.061 40.3115
117.061 40.3115
117.061 40.3115
117.061 40.3115
117.061 40.3115
117.061 40.3115
117.061 40.3115
117.061 40.3115
117.061 40.3115
117.061 40.3115
117.061 40.3115
117.061 40.3115
117.061 40.3115
117.061 40.3115
117.061 40.3115
117.061 40.3115
117.061 40.3115
117.061 40.3115
117.061 40.3115
117.061 40.3115
117.061 40.3115
117.061 40.3115
117.061 40.3115
117.061 40.3115
117.061 40.3115
117.061 40.3115
117.061 40.3115
117.061 40.3115
117.061 40.3115
117.061 40.3115
117.061 40.3115
117.061 40.3115
117.061 40.3115
117.061 40.3115
117.061 40.3115
117.061 40.3115
117.061 40.3115
117.061 40.3115
117.061 40.3115
117.061 40.3115
117.061 40.3115
117.061 40.3115
117.061 40.3115
117.061 40.3115
117.061 40.3115
117.061 40.3115
117.061 40.3115
117.061 40.3115
117.061 40.3115
117.061 40.3115
117.061 40.3115
117.061 40.3115
117.061 40.3115
117.06 40.3082
117.06 40.3081
117.06 40.3081
117.06 40.3081
117.06 40.3081
117.06 40.3081
117.06 40.3079
115.982 40.4389
115.982 40.4389
117.06 40.3081
117.067 40.3235
117.072 40.2931
117.068 40.2761
117.065 40.2761
117.065 40.2761
117.041 40.2707
117.041 40.2706
117.041 40.2706
117.041 40.2706
117.041 40.2706
117.066 40.276
117.066 40.2761
117.022 40.2579
117.007 40.1973
117.016 40.1401
117.014 40.1335
117.014 40.1335
117.014 40.1335
117.014 40.1334
117.016 40.1332
117.01 40.1835
117.014 40.2384
116.981 40.2636
116.979 40.2664
116.979 40.2664
116.979 40.2663
116.979 40.2664
116.979 40.2664
116.979 40.2664
116.979 40.2664
116.979 40.2664
116.979 40.2664
116.979 40.2664
116.979 40.2664
116.979 40.2664
116.979 40.2664
116.979 40.2664
116.979 40.2664
116.979 40.2664
116.979 40.2664
116.979 40.2664
116.979 40.2664
116.979 40.2664
116.979 40.2664
116.979 40.2664
116.979 40.2664
116.979 40.2664
116.979 40.2664
116.979 40.2664
116.979 40.2664
116.979 40.2664
116.979 40.2664
116.979 40.2664
116.979 40.2665
116.979 40.2665
116.979 40.2665
116.979 40.2665
116.979 40.2665
116.979 40.2665
116.979 40.2665
116.979 40.2665
116.979 40.2665
116.979 40.2665
116.979 40.2665
116.979 40.2665
116.979 40.2665
116.979 40.2665
116.979 40.2665
116.979 40.2665
116.979 40.2665
116.979 40.2665
116.979 40.2665
116.979 40.2665
116.98 40.2677
116.979 40.267
116.979 40.2662
116.979 40.2664
116.979 40.2664
116.979 40.2664
116.979 40.2664
