116.545 40.0505
116.587 40.0478
116.548 40.0262
116.49 39.9906
116.497 39.9707
116.511 39.9384
116.463 39.9286
116.443 39.9212
116.455 39.8839
116.446 39.8825
116.425 39.8923
116.394 39.8977
116.394 39.8977
116.37 39.8985
116.346 39.9171
116.321 39.9221
116.314 39.9373
116.314 39.9373
116.316 39.9642
116.338 39.9604
116.374 39.9468
116.39 39.9371
116.402 39.932
116.402 39.9523
116.411 39.9675
116.411 39.9498
116.418 39.9479
116.455 39.9428
116.461 39.9304
116.456 39.9221
116.455 39.9093
116.452 39.9081
116.456 39.9136
116.452 39.9541
116.4 39.9675
116.336 39.9663
116.296 39.9587
116.287 39.9576
116.293 39.9579
116.293 39.9579
116.3 39.9834
116.337 39.9859
116.34 39.9991
116.363 39.9852
116.375 39.9614
116.394 39.9672
116.445 39.9689
116.439 39.96
116.439 39.96
116.441 39.9437
116.435 39.9398
116.46 39.922
116.501 39.9147
116.524 39.9081
116.636 39.9007
116.64 39.9059
116.576 39.9094
116.485 39.8918
116.515 39.8919
116.472 39.9011
116.472 39.9169
116.484 39.8936
116.501 39.8661
116.458 39.9051
116.462 39.9123
116.463 39.9216
116.445 39.9071
116.414 39.9152
116.476 39.9299
116.454 39.9322
116.454 39.932
116.435 39.9192
116.441 39.9059
116.461 39.8967
116.459 39.8909
116.47 39.9086
116.468 39.9091
116.469 39.9089
116.469 39.9093
116.468 39.9095
116.469 39.9094
116.469 39.9094
116.469 39.9093
116.469 39.9094
116.469 39.9095
116.469 39.9095
116.468 39.9095
116.469 39.9096
116.469 39.9094
116.469 39.9101
116.469 39.9091
116.469 39.9093
116.469 39.9095
116.472 39.9087
116.472 39.9321
116.394 39.9654
116.402 39.9454
116.39 39.8439
116.39 39.8439
116.39 39.9477
116.389 39.9479
116.373 39.9345
116.27 39.9682
116.272 39.9454
116.332 39.9368
116.371 39.9567
116.397 39.9616
116.402 39.9472
116.403 39.9324
116.405 39.9057
116.419 39.9458
116.445 39.9604
116.455 39.9065
116.483 39.9068
116.523 39.9589
116.506 40.011
116.469 40.0007
116.457 40.0073
116.413 40.008
116.411 39.9684
116.427 39.9363
116.35 39.9353
116.3 39.9459
116.333 39.9369
116.411 39.9479
116.496 39.9997
116.584 40.0524
116.563 40.0671
116.563 40.0671
116.567 40.0711
116.573 40.0631
116.581 40.0732
116.583 40.0752
116.585 40.0772
116.515 40.0157
116.515 40.0157
116.482 39.9552
116.483 39.9049
116.484 39.8978
116.462 39.9036
116.453 39.8832
116.434 39.8834
116.432 39.9018
116.435 39.9064
116.435 39.9064
116.45 39.8837
116.462 39.8779
116.462 39.8779
116.471 39.8872
116.487 39.9217
116.535 39.9403
116.542 39.9496
116.513 39.9767
116.484 39.9579
116.449 39.9413
116.42 39.9231
116.409 39.9229
116.401 39.9013
116.372 39.8982
116.379 39.888
116.406 39.8993
116.419 39.8788
116.412 39.898
116.407 39.908
116.412 39.9141
116.434 39.9342
116.429 39.9148
116.419 39.9075
116.411 39.9319
116.41 39.9558
116.4 39.9284
116.378 39.8991
116.36 39.9129
116.357 39.8883
116.368 39.88
116.373 39.9556
116.401 39.9867
116.401 39.9867
116.409 39.9974
116.409 39.9974
116.409 39.9977
116.409 39.9975
116.409 39.9981
116.409 39.9974
116.409 39.9974
116.409 39.9974
116.409 39.9974
116.409 39.9976
116.409 39.9975
116.409 39.9974
116.409 39.9976
116.409 39.9974
116.408 39.9995
116.42 39.9678
116.442 39.9476
116.413 39.9608
116.401 39.99
116.408 39.9975
116.412 39.9681
116.413 39.9526
116.402 39.9576
116.402 39.9764
116.402 39.9764
116.381 39.9857
116.402 39.9969
116.399 39.9989
116.371 39.967
116.303 39.9616
116.284 39.9606
116.293 39.9612
116.296 39.9654
116.313 39.9717
116.372 39.9666
116.417 39.9874
116.476 40.0125
116.47 40.0007
116.456 39.9996
116.472 39.9897
116.448 40.0069
116.407 40.0118
116.4 40.0029
116.421 40.0004
116.413 39.9932
116.425 39.9668
116.419 39.9669
116.419 39.9487
116.419 39.9476
116.359 39.9451
116.369 39.9566
116.387 39.9499
116.362 40.0027
116.406 40.0314
116.412 40.0259
116.397 39.9871
116.347 39.9606
116.35 39.9451
116.348 39.9224
116.35 39.9222
116.35 39.9307
116.337 39.9664
116.337 39.9664
116.312 39.9741
116.347 39.9797
116.369 39.9791
116.379 39.9615
116.373 39.9592
116.435 39.9652
116.424 39.9683
116.411 39.9608
116.419 39.9621
116.43 39.9657
116.438 39.9637
116.451 39.983
116.469 39.9811
116.484 39.9664
116.482 39.9568
116.464 39.9415
116.464 39.9415
116.454 39.9308
116.472 39.932
116.455 39.9288
116.44 39.9209
116.441 39.9323
116.471 39.9069
116.455 39.9151
116.455 39.9149
116.455 39.9144
116.422 39.8923
116.378 39.8977
116.378 39.8977
116.369 39.8972
116.349 39.8949
116.347 39.9205
116.358 39.9176
116.368 39.89
116.368 39.8698
116.376 39.8579
116.374 39.8775
116.34 39.8885
116.336 39.8959
116.328 39.8978
116.329 39.8958
116.329 39.8958
116.354 39.9142
116.343 39.9069
116.376 39.9526
116.401 39.9672
116.418 39.9881
116.421 39.9037
116.421 39.9262
116.472 39.9149
116.469 39.9058
116.447 39.9135
116.438 39.9375
116.432 39.9297
116.421 39.9581
116.402 39.9644
116.396 39.9655
116.395 39.9655
116.395 39.9654
116.396 39.9653
116.382 39.9711
116.412 39.9639
116.434 39.9816
116.497 39.9748
116.497 39.9751
116.462 39.9721
116.383 39.9671
116.365 39.9668
116.373 39.9497
116.375 39.9211
116.374 39.9305
116.411 39.9321
116.434 39.9351
116.43 39.9318
116.43 39.9318
116.444 39.9078
116.503 39.8379
116.481 39.8451
116.455 39.8667
116.434 39.8899
116.455 39.8945
116.547 39.9079
116.585 39.9111
116.557 39.915
116.529 39.9403
116.506 40.0098
116.506 40.011
116.464 40.0004
116.431 39.9915
116.398 39.9971
116.327 39.9851
116.307 39.9825
116.301 39.9659
116.3 39.9744
116.359 39.9786
116.351 39.9666
116.381 39.981
116.408 39.9895
116.407 39.9975
116.412 40.0306
116.4 40.0461
116.393 40.0084
116.349 40.0289
116.341 40.0302
116.354 40.0129
116.394 40.0081
116.41 40.0096
116.5 40.005
116.502 40.0075
116.502 40.0075
116.502 40.0075
116.467 40.001
116.473 40.0008
116.46 39.9871
116.47 39.9874
116.464 39.9696
116.445 39.9071
116.409 39.9045
116.409 39.9045
116.418 39.9141
116.405 39.93
116.454 39.932
116.434 39.9262
116.443 39.9484
116.455 39.9489
116.461 39.9284
116.44 39.9233
116.465 39.9281
116.459 39.9275
116.455 39.9089
116.455 39.9089
116.413 39.8698
116.362 39.8746
116.344 39.8886
116.347 39.9216
116.32 39.9268
116.337 39.9268
116.337 39.9268
116.349 39.9634
116.396 39.969
116.396 39.969
116.401 39.967
116.443 39.9686
116.419 39.9559
116.472 39.9787
116.509 40.0125
116.555 40.1019
116.669 40.1145
116.794 40.1465
116.921 40.1517
117.081 40.144
117.115 40.1575
117.113 40.1649
117.14 40.1773
117.101 40.1711
117.116 40.1632
117.117 40.1439
117.098 40.171
117.101 40.1682
117.095 40.1702
117.105 40.1641
117.107 40.1464
117.13 40.1509
117.18 40.167
117.146 40.187
117.1 40.1813
117.09 40.1798
