116.35 39.9495
116.35 39.9427
116.349 39.9428
116.349 39.9322
116.362 39.9308
116.383 39.9319
116.386 39.9321
116.404 39.932
116.411 39.9247
116.412 39.9141
116.412 39.9141
116.412 39.9036
116.412 39.902
116.415 39.8806
116.408 39.8718
116.408 39.8718
116.406 39.8605
116.406 39.8606
116.406 39.8607
116.406 39.8606
116.406 39.8606
116.406 39.8607
116.406 39.8607
116.406 39.8606
116.408 39.8563
116.394 39.8605
116.394 39.8616
116.415 39.8698
116.449 39.8701
116.449 39.8701
116.449 39.8701
116.449 39.8701
116.455 39.8772
116.455 39.8772
116.449 39.8622
116.439 39.8606
116.329 39.867
116.439 39.8606
116.439 39.8606
116.422 39.857
116.396 39.856
116.394 39.8606
116.393 39.8818
116.379 39.8821
116.379 39.8871
116.368 39.8929
116.378 39.8945
116.379 39.8882
116.379 39.8845
116.382 39.8705
116.379 39.8621
116.372 39.856
116.372 39.856
116.372 39.8561
116.367 39.8558
116.362 39.8442
116.365 39.8352
116.368 39.8382
116.374 39.8498
116.374 39.8498
116.376 39.8547
116.393 39.8555
116.396 39.8555
116.408 39.8511
116.408 39.8454
116.405 39.841
116.398 39.8314
116.398 39.8314
116.394 39.8304
116.395 39.8471
116.39 39.8559
116.359 39.8533
116.358 39.865
116.365 39.8678
116.366 39.8685
116.391 39.8693
116.393 39.8598
116.393 39.8578
116.408 39.8542
116.408 39.8446
116.402 39.8408
116.398 39.8484
116.396 39.8526
116.404 39.8868
116.406 39.8952
116.405 39.9045
116.405 39.9074
116.411 39.9089
116.412 39.9028
116.412 39.9003
116.412 39.9003
116.413 39.8933
116.417 39.8916
116.435 39.8921
116.445 39.8831
116.455 39.8712
116.455 39.8695
116.455 39.8693
116.453 39.8652
116.455 39.8722
116.47 39.8831
116.477 39.8887
116.471 39.8909
116.472 39.8918
116.493 39.8918
116.525 39.8918
116.551 39.8971
116.556 39.9066
116.556 39.9066
116.555 39.9086
116.524 39.9087
116.515 39.9217
116.515 39.9213
116.515 39.9213
116.503 39.9148
116.485 39.9145
116.456 39.9178
116.456 39.946
116.402 39.969
116.402 39.9702
116.402 39.9708
116.401 39.9737
116.402 39.9552
116.401 39.9554
116.394 39.9478
116.349 39.9385
116.35 39.9267
116.35 39.918
116.35 39.9087
116.301 39.9064
116.289 39.9064
116.269 39.9064
116.247 39.9065
116.247 39.9066
116.243 39.9198
116.258 39.9165
116.268 39.9023
116.304 39.8916
116.304 39.888
116.303 39.8776
116.301 39.8821
116.222 39.8462
116.203 39.8426
116.202 39.8237
116.202 39.8237
116.202 39.8237
116.202 39.8237
116.202 39.8237
116.202 39.8237
116.202 39.8237
116.202 39.8237
116.202 39.8237
116.202 39.8237
116.202 39.8237
116.202 39.8237
116.202 39.8237
116.202 39.8237
116.202 39.8237
116.202 39.8237
116.202 39.8237
116.202 39.8237
116.202 39.8237
116.202 39.8237
116.202 39.8237
116.202 39.8237
116.202 39.8237
116.202 39.8237
116.202 39.8237
116.202 39.8237
116.202 39.8237
116.202 39.8237
116.202 39.8237
116.202 39.8237
116.202 39.8237
116.202 39.8237
116.202 39.8237
116.202 39.8237
116.202 39.8234
116.202 39.8237
116.202 39.8237
116.202 39.8237
116.202 39.8237
116.202 39.8237
116.202 39.8237
116.202 39.8237
116.202 39.8237
116.202 39.8237
116.202 39.8237
116.202 39.8237
116.202 39.8237
116.202 39.8237
116.202 39.8237
116.202 39.8237
116.202 39.8237
116.202 39.8237
116.202 39.8237
116.202 39.8237
116.202 39.8237
116.202 39.8237
116.202 39.8237
116.202 39.8237
116.202 39.8237
116.202 39.8237
116.202 39.8237
116.202 39.8237
116.202 39.8237
116.202 39.8237
116.202 39.8237
116.202 39.8237
116.202 39.8237
116.202 39.8237
116.202 39.8237
116.202 39.8237
116.202 39.8237
116.202 39.8237
116.202 39.8237
116.202 39.8237
116.202 39.8238
116.202 39.8238
116.202 39.8238
116.202 39.8238
116.202 39.8238
116.202 39.8238
116.202 39.8238
116.202 39.8238
116.202 39.8238
116.202 39.8238
116.201 39.8237
116.201 39.8238
116.201 39.8238
116.201 39.8237
116.202 39.8251
116.202 39.8269
116.208 39.8433
116.221 39.8439
116.254 39.8487
116.254 39.8486
116.279 39.8464
116.288 39.8606
116.319 39.8667
116.356 39.8673
116.371 39.8689
116.377 39.8693
116.431 39.88
116.434 39.8858
116.454 39.8924
116.455 39.9014
116.456 39.9394
116.47 39.9521
116.483 39.934
116.479 39.9313
116.479 39.9313
116.472 39.9255
116.455 39.9093
116.451 39.908
116.452 39.9173
116.463 39.9201
116.475 39.9302
116.479 39.9308
116.479 39.9311
116.479 39.9317
116.475 39.9271
116.475 39.9269
116.475 39.927
116.484 39.9385
116.473 39.9703
116.473 39.9709
116.484 39.939
116.483 39.9254
116.479 39.9234
116.479 39.9234
116.479 39.9297
116.48 39.932
116.479 39.9308
116.479 39.9318
116.458 39.9326
116.445 39.9324
116.434 39.9246
116.433 39.9219
116.438 39.9323
116.453 39.9319
116.472 39.9273
116.479 39.9245
116.479 39.9244
116.479 39.9245
116.478 39.9244
116.478 39.9244
116.478 39.9244
116.479 39.9284
116.491 39.9335
116.505 39.9358
116.506 39.9371
116.511 39.9337
116.5 39.922
116.496 39.9305
116.476 39.9326
116.456 39.9407
116.443 39.9598
116.443 39.9598
116.458 39.9569
116.46 39.9585
116.444 39.9826
116.43 39.9867
116.43 39.9858
116.461 39.9717
116.481 39.9567
116.483 39.9492
116.483 39.9492
116.483 39.9492
116.483 39.9492
116.483 39.9492
116.483 39.9492
116.483 39.9492
116.439 39.8605
116.483 39.9492
116.483 39.9492
116.483 39.9492
116.483 39.9492
116.483 39.9492
116.483 39.9492
116.483 39.9492
116.483 39.9492
116.483 39.9492
116.483 39.9492
116.483 39.9492
116.483 39.949
116.483 39.949
116.479 39.9311
116.479 39.9314
116.479 39.9302
116.464 39.9221
116.446 39.9219
116.444 39.9215
116.444 39.9212
116.444 39.9128
116.455 39.8992
116.464 39.8918
116.466 39.8919
116.455 39.8966
116.456 39.9061
116.456 39.9191
116.456 39.9351
116.448 39.9566
116.413 39.9679
116.387 39.9672
116.362 39.9667
116.329 39.9663
116.31 39.9641
116.301 39.9714
116.301 39.9714
116.297 39.9739
116.286 39.9984
116.257 40.002
116.251 40.0051
116.251 40.0051
116.263 40.0022
116.278 40.0004
116.28 40.0004
116.295 39.9753
116.294 39.9672
116.292 39.9632
116.292 39.9618
116.287 39.9569
116.282 39.9569
116.274 39.9581
116.274 39.9581
116.269 39.9634
116.269 39.9323
116.268 39.9095
116.27 39.8796
116.268 39.8795
116.259 39.8798
116.277 39.8519
116.278 39.8432
116.275 39.8684
116.268 39.902
116.269 39.906
116.277 39.9061
116.277 39.8972
116.289 39.8899
116.297 39.8836
116.277 39.8547
116.28 39.838
116.281 39.8366
116.272 39.8737
116.269 39.9305
116.289 39.9826
116.366 39.986
116.428 39.9874
116.428 39.982
116.411 39.9822
116.405 39.9818
116.411 39.9825
116.393 39.9673
116.336 39.9663
116.304 39.9423
116.304 39.9078
116.304 39.8953
116.301 39.8821
116.288 39.87
116.266 39.8642
116.222 39.846
116.222 39.846
116.222 39.846
116.203 39.8292
116.202 39.8239
116.202 39.8239
116.202 39.8237
116.202 39.8237
116.202 39.8237
116.202 39.8237
116.202 39.8237
116.202 39.8237
116.202 39.8238
116.202 39.8238
116.202 39.8238
116.202 39.8238
116.202 39.8238
116.202 39.8238
116.202 39.8238
116.202 39.8238
116.202 39.8238
116.202 39.8238
116.202 39.8238
116.202 39.8238
116.202 39.8238
116.202 39.8238
116.202 39.8238
116.202 39.8238
116.202 39.8238
116.202 39.8238
116.202 39.8238
116.202 39.8238
116.202 39.8238
116.202 39.8238
116.202 39.8237
116.202 39.8237
116.202 39.8237
116.202 39.8237
116.202 39.8237
116.202 39.8237
116.202 39.824
116.202 39.8239
116.202 39.8239
116.202 39.8239
116.202 39.8239
116.202 39.8239
116.202 39.8239
116.202 39.8237
116.202 39.8237
116.202 39.8237
116.202 39.8237
116.202 39.8237
116.202 39.8237
116.202 39.8237
116.202 39.8237
116.202 39.8237
116.202 39.8237
116.202 39.8238
116.202 39.8238
116.202 39.8238
116.202 39.8238
116.202 39.8238
116.202 39.8238
116.202 39.8238
116.202 39.8238
116.202 39.8238
116.202 39.8238
116.202 39.8237
116.202 39.8239
116.202 39.8238
116.202 39.8238
116.202 39.8238
116.202 39.8238
116.202 39.8238
116.202 39.8238
116.202 39.8238
116.202 39.8238
116.202 39.8238
116.202 39.8238
116.202 39.8238
116.202 39.8238
116.202 39.8238
116.202 39.8238
116.202 39.8238
116.202 39.8238
116.202 39.8238
116.202 39.8238
116.202 39.8238
116.202 39.8238
116.202 39.8238
116.202 39.8238
116.202 39.8238
116.202 39.8238
116.202 39.8236
116.202 39.8237
116.202 39.8238
116.202 39.8238
116.202 39.8238
116.202 39.8238
116.202 39.8238
116.202 39.8238
116.202 39.8238
116.202 39.8238
116.202 39.8238
116.202 39.8238
116.202 39.8238
116.202 39.8238
116.202 39.8238
116.202 39.8238
116.202 39.8238
116.202 39.8238
116.202 39.8238
116.202 39.8238
116.202 39.8238
116.202 39.8238
116.202 39.8238
116.202 39.8238
116.202 39.8238
116.202 39.8238
116.202 39.8238
116.202 39.8238
116.202 39.8238
116.202 39.8238
116.202 39.8238
116.202 39.8238
116.202 39.8238
116.202 39.8238
116.202 39.8238
116.202 39.8238
116.202 39.8238
116.202 39.8238
116.202 39.8238
116.202 39.8238
116.202 39.8238
116.202 39.8238
116.202 39.8238
116.202 39.8238
116.202 39.8237
116.202 39.8237
116.202 39.8237
116.202 39.8237
116.201 39.8237
116.202 39.8238
116.203 39.8418
116.212 39.8438
116.232 39.8515
116.264 39.8457
116.279 39.846
116.288 39.8527
116.288 39.8527
116.288 39.8559
116.288 39.8646
116.312 39.8555
116.314 39.8394
116.317 39.8365
116.314 39.8358
116.307 39.8219
116.309 39.8224
116.307 39.8224
116.329 39.8293
116.357 39.8385
116.359 39.8402
116.339 39.8292
116.341 39.7944
116.335 39.7718
116.339 39.7577
116.337 39.7626
116.344 39.788
116.366 39.794
116.375 39.7997
116.359 39.8127
116.34 39.8244
116.34 39.8246
116.35 39.8295
116.372 39.8299
116.373 39.8388
116.373 39.8387
116.373 39.8388
116.373 39.8388
116.381 39.8417
116.38 39.8438
116.386 39.8527
116.385 39.8529
116.384 39.8552
116.389 39.8554
116.418 39.8563
116.425 39.8568
116.427 39.858
116.416 39.866
116.455 39.8817
116.455 39.8882
116.469 39.9067
116.472 39.9098
116.472 39.91
116.472 39.91
116.472 39.9297
116.478 39.9308
116.479 39.9308
116.479 39.9314
116.479 39.9313
116.479 39.9317
116.48 39.9324
116.482 39.9567
116.473 39.9757
116.473 39.9755
116.466 39.9652
116.451 39.9531
116.453 39.9532
116.461 39.9566
116.462 39.9574
116.483 39.9699
116.483 39.97
116.497 39.9633
116.506 39.9481
116.497 39.935
116.496 39.9308
116.509 39.9218
116.547 39.9226
116.598 39.9247
116.634 39.9256
116.651 39.9455
116.483 39.9493
116.659 39.9677
116.659 39.9677
116.653 39.9524
116.647 39.9266
116.613 39.9241
116.57 39.9232
116.524 39.9226
116.495 39.9218
116.482 39.9566
116.482 39.9566
116.45 39.9813
116.451 39.9815
116.454 39.9839
116.464 39.972
116.48 39.9592
116.479 39.9599
116.467 39.9518
116.459 39.949
116.453 39.9477
116.451 39.9474
116.436 39.9486
116.434 39.9547
116.446 39.958
116.455 39.9492
116.457 39.9499
116.459 39.9492
116.472 39.9218
116.47 39.907
116.474 39.9068
116.492 39.9216
116.511 39.9219
116.506 39.9438
116.496 39.9363
116.49 39.9285
116.49 39.9285
116.49 39.9287
116.496 39.9223
116.473 39.9218
116.472 39.9138
116.467 39.9072
116.455 39.8852
116.455 39.8852
116.432 39.8577
116.403 39.8559
116.545 40.0266
116.381 39.8524
116.403 39.8557
116.455 39.8669
116.455 39.8669
116.484 39.9172
116.496 39.9228
116.496 39.925
116.496 39.925
116.496 39.925
116.496 39.925
116.496 39.9248
116.496 39.925
116.49 39.9212
116.49 39.9212
116.49 39.9212
116.49 39.9212
116.49 39.9212
116.49 39.9212
116.49 39.9212
116.49 39.9212
116.49 39.9211
116.49 39.9211
116.49 39.9211
116.49 39.9211
116.49 39.9212
116.49 39.9212
116.49 39.9212
116.49 39.9212
116.49 39.9212
116.49 39.9212
116.49 39.9212
116.49 39.9212
116.49 39.9212
116.49 39.9212
116.49 39.9212
116.49 39.9212
116.49 39.9211
116.49 39.9213
116.495 39.9218
116.498 39.935
116.489 39.9332
116.454 39.903
116.438 39.8732
116.383 39.8699
116.326 39.8668
116.27 39.864
116.224 39.8471
116.203 39.8283
116.202 39.8238
116.202 39.8238
116.202 39.8238
116.202 39.8238
116.202 39.8238
116.202 39.8238
116.202 39.8238
116.202 39.8238
116.202 39.8238
116.202 39.8238
116.202 39.8238
116.202 39.8238
116.202 39.8237
116.202 39.8237
116.202 39.8238
116.202 39.8238
116.202 39.8238
116.202 39.8238
116.202 39.8238
116.202 39.8238
116.202 39.8238
116.202 39.8238
116.202 39.8238
116.202 39.8238
116.202 39.8238
116.202 39.8237
116.202 39.8237
116.202 39.8237
116.202 39.8237
116.202 39.8237
116.202 39.8237
116.202 39.8237
116.202 39.8237
116.202 39.8238
116.202 39.8237
116.202 39.8237
116.202 39.8237
116.202 39.8238
116.202 39.8238
116.422 39.9396
116.422 39.9396
116.422 39.9396
116.202 39.8238
116.202 39.8238
116.202 39.8238
116.202 39.8238
116.202 39.8238
116.202 39.8238
116.202 39.8238
116.202 39.8238
116.202 39.8238
116.202 39.8237
116.201 39.8237
116.201 39.8237
116.201 39.8237
116.201 39.8237
116.201 39.8237
116.201 39.8237
116.201 39.8237
116.201 39.8237
116.201 39.8237
116.201 39.8237
116.201 39.8237
116.201 39.8237
116.201 39.8237
116.201 39.8237
116.201 39.8238
116.201 39.8238
116.201 39.8237
116.201 39.8238
116.201 39.8238
116.201 39.8238
116.201 39.8238
116.201 39.8238
116.201 39.8238
116.202 39.8238
116.202 39.8238
116.202 39.8238
116.202 39.8238
116.202 39.8238
116.202 39.8238
116.202 39.8238
116.202 39.8238
116.202 39.8238
116.202 39.8237
116.202 39.8237
116.202 39.8237
116.202 39.8237
116.202 39.8237
116.201 39.8237
116.201 39.8237
116.201 39.8237
116.201 39.8237
116.201 39.8237
116.201 39.8237
116.201 39.8237
116.201 39.8237
116.201 39.8237
116.201 39.8237
116.201 39.8237
116.201 39.8237
116.201 39.8237
116.201 39.8237
116.202 39.8236
116.201 39.8238
116.201 39.8237
116.201 39.8237
116.201 39.8237
116.201 39.8237
116.202 39.8247
116.204 39.8309
116.214 39.8441
116.235 39.8539
116.254 39.8488
116.269 39.8453
116.278 39.8481
116.278 39.8481
116.316 39.8292
116.376 39.8301
116.434 39.8307
116.445 39.825
116.445 39.8249
116.445 39.8249
116.445 39.8249
116.445 39.8248
116.445 39.8248
116.445 39.8248
116.445 39.8248
116.449 39.8224
116.441 39.8349
116.439 39.8494
116.455 39.871
116.468 39.9069
116.484 39.9397
116.5 39.9518
116.494 39.9705
116.491 39.9706
116.485 39.9706
116.488 39.9606
116.483 39.9404
116.479 39.9301
116.479 39.9306
116.479 39.931
116.479 39.9307
116.479 39.9311
116.479 39.9311
116.479 39.9311
116.479 39.931
116.479 39.9309
116.479 39.9324
116.46 39.9326
116.456 39.9467
116.456 39.9467
116.461 39.9497
116.462 39.9557
116.462 39.9557
116.48 39.9586
116.479 39.9219
116.479 39.9218
116.512 39.9214
116.506 39.9229
116.489 39.9219
116.479 39.9224
116.471 39.9029
116.472 39.9038
116.472 39.9177
116.478 39.9268
116.474 39.927
116.474 39.9271
116.474 39.9272
116.474 39.927
116.474 39.9268
116.479 39.9307
116.49 39.927
116.492 39.927
116.508 39.9381
116.507 39.9329
116.511 39.9295
116.511 39.9329
116.495 39.9349
116.476 39.9319
116.476 39.9307
116.477 39.9269
116.472 39.9287
116.481 39.9302
116.481 39.9302
116.481 39.9302
116.481 39.9302
116.482 39.9302
116.482 39.9302
116.659 39.9678
116.482 39.9301
116.482 39.9302
116.482 39.9303
116.481 39.9303
116.481 39.9303
116.481 39.9303
116.481 39.9303
116.481 39.9303
116.481 39.9303
116.481 39.9303
116.481 39.9303
116.479 39.9308
116.479 39.9313
116.479 39.932
116.461 39.9323
116.449 39.936
116.455 39.9489
116.465 39.9507
116.462 39.9528
116.462 39.9557
116.461 39.9581
116.483 39.9525
116.48 39.9325
116.466 39.9293
116.471 39.9297
116.472 39.915
116.454 39.9071
116.414 39.907
116.386 39.9062
116.358 39.9059
116.35 39.902
116.316 39.896
116.314 39.8954
116.315 39.8951
116.307 39.896
116.304 39.9175
116.304 39.9175
116.314 39.9224
116.328 39.9144
116.342 39.9061
116.357 39.9038
116.359 39.9189
116.372 39.9314
116.394 39.932
116.396 39.932
116.412 39.9322
116.437 39.9324
116.445 39.9324
116.462 39.9323
116.475 39.9269
116.479 39.9259
116.479 39.9261
116.479 39.9261
116.479 39.9261
116.479 39.9247
116.479 39.9247
116.478 39.9248
116.479 39.9248
116.479 39.9265
116.479 39.9265
116.479 39.9265
116.479 39.9265
116.478 39.9268
116.478 39.9268
116.481 39.9215
116.49 39.9212
116.49 39.9212
116.49 39.9212
116.49 39.9212
116.49 39.9212
116.49 39.9214
116.49 39.9212
116.49 39.9213
116.49 39.9213
116.49 39.9214
116.49 39.9214
116.49 39.9213
116.49 39.9213
116.49 39.9213
116.49 39.9213
116.49 39.9213
116.49 39.9213
116.49 39.9213
116.49 39.9213
116.49 39.9213
116.49 39.9213
116.49 39.9213
116.49 39.9212
116.49 39.9212
116.48 39.9217
116.458 39.9033
116.439 39.8761
116.389 39.8702
116.278 39.8642
116.227 39.8491
116.203 39.8365
116.202 39.8273
116.202 39.8239
116.202 39.8238
116.202 39.8238
116.201 39.8236
116.201 39.8238
116.201 39.8238
116.201 39.8238
116.201 39.8238
116.201 39.8238
116.201 39.8238
116.201 39.8238
116.201 39.8238
116.201 39.8238
116.201 39.8238
116.201 39.8238
116.201 39.8238
116.201 39.8238
116.201 39.8238
116.201 39.8238
116.201 39.8238
116.201 39.8238
116.201 39.8238
116.201 39.8238
116.201 39.8238
116.201 39.8238
116.201 39.8238
116.201 39.8238
116.201 39.8238
116.201 39.8238
116.201 39.8238
116.201 39.8238
116.201 39.8238
116.201 39.8238
116.201 39.8238
116.201 39.8238
116.201 39.8238
116.201 39.8238
116.201 39.8238
116.201 39.8238
116.201 39.8238
116.201 39.8238
116.202 39.8238
116.202 39.8238
116.202 39.8238
116.202 39.8238
116.202 39.8238
116.202 39.8238
116.202 39.8238
116.202 39.8238
116.202 39.8238
116.202 39.8238
116.202 39.8238
116.202 39.8238
116.202 39.8238
116.202 39.8238
116.202 39.8238
116.202 39.8238
116.202 39.8238
116.202 39.8238
116.202 39.8238
116.202 39.8238
116.202 39.8238
116.202 39.8238
116.202 39.8238
116.202 39.8238
116.202 39.8238
116.202 39.8238
116.202 39.8238
116.202 39.8238
116.202 39.8238
116.202 39.8238
116.202 39.8238
116.202 39.8238
116.202 39.8238
116.202 39.8238
116.202 39.8238
116.202 39.8238
116.202 39.8238
116.201 39.8239
116.201 39.8239
116.201 39.8239
116.201 39.8239
116.201 39.8239
116.201 39.824
116.201 39.8237
116.201 39.8237
116.201 39.8238
116.201 39.8238
116.201 39.8238
116.201 39.8238
116.201 39.8238
116.201 39.8238
116.201 39.8238
116.201 39.8238
116.201 39.8238
116.201 39.8238
116.201 39.8238
116.202 39.8239
116.202 39.8238
116.202 39.8238
116.202 39.8238
116.202 39.8239
116.202 39.8238
116.202 39.8239
116.201 39.8238
116.201 39.8238
116.202 39.8242
116.202 39.8242
116.202 39.8242
116.202 39.8242
116.202 39.8242
116.202 39.8242
116.202 39.8242
116.202 39.8242
116.203 39.8308
116.204 39.8326
116.216 39.8445
116.246 39.8503
116.275 39.8451
116.288 39.8582
116.288 39.8601
116.266 39.8642
116.247 39.8778
116.227 39.8955
116.273 39.8956
116.315 39.8954
116.315 39.8904
116.325 39.8885
116.325 39.8885
116.352 39.8879
116.353 39.8865
116.366 39.8878
116.388 39.889
116.412 39.8917
116.413 39.8946
116.421 39.8924
116.446 39.892
116.453 39.8922
116.447 39.8617
116.449 39.8318
116.449 39.8167
116.439 39.8039
116.427 39.8016
116.427 39.8028
116.408 39.804
116.396 39.8142
116.397 39.8312
116.365 39.8392
116.368 39.8628
116.366 39.8637
116.365 39.8641
116.365 39.8472
116.364 39.8332
116.395 39.8258
116.396 39.8049
116.396 39.8048
116.391 39.8058
116.394 39.806
116.394 39.806
116.396 39.8211
116.394 39.8357
116.389 39.8374
116.389 39.8374
116.391 39.8408
116.391 39.8413
116.381 39.8511
116.381 39.8616
116.393 39.8645
116.408 39.8607
116.411 39.8554
116.452 39.8641
116.456 39.8827
116.466 39.8919
116.47 39.8917
116.47 39.8917
116.47 39.8923
116.47 39.8921
116.47 39.8925
116.47 39.8924
116.47 39.8924
116.472 39.8938
116.472 39.9077
116.479 39.9158
116.472 39.9271
116.479 39.931
116.479 39.9322
116.467 39.9439
116.462 39.9452
116.468 39.939
116.479 39.9316
116.479 39.9309
116.479 39.932
116.482 39.9299
116.508 40.0098
116.579 40.0464
116.587 40.0782
116.587 40.0782
116.582 40.0688
116.578 40.0442
116.549 40.0266
116.56 40.0005
116.565 39.9715
116.541 39.9659
116.519 39.9226
116.484 39.9247
116.484 39.9247
116.488 39.9604
116.488 39.9604
116.499 39.9535
116.502 39.9544
116.513 39.9486
116.513 39.9486
116.511 39.9443
116.536 39.9403
116.539 39.9385
116.539 39.9385
116.52 39.9408
116.52 39.941
116.52 39.9409
116.511 39.9412
116.491 39.9334
116.462 39.9325
116.446 39.9324
116.428 39.9319
116.43 39.9301
116.443 39.9323
116.457 39.9323
116.479 39.9323
116.511 39.9391
116.524 39.9575
116.525 39.9603
116.524 39.9612
116.511 39.9436
116.508 39.9445
116.497 39.9219
116.497 39.9219
116.49 39.9205
116.483 39.9208
116.437 39.9006
116.437 39.9006
116.416 39.8699
116.348 39.867
116.297 39.8655
116.239 39.8594
116.205 39.8429
116.201 39.8178
116.201 39.8197
116.201 39.8197
116.201 39.8197
116.201 39.8197
116.201 39.8197
116.201 39.8197
116.201 39.8197
116.201 39.8197
116.201 39.8197
116.201 39.8197
116.201 39.8197
116.201 39.8197
116.201 39.8197
116.201 39.8196
116.201 39.8196
116.201 39.8196
116.201 39.8196
116.201 39.8196
116.201 39.8196
116.201 39.8196
116.201 39.8196
116.201 39.8196
116.201 39.8196
116.201 39.8196
116.2 39.8195
116.2 39.8195
116.2 39.8195
116.201 39.8198
116.201 39.8195
116.201 39.8195
116.201 39.8195
116.201 39.8195
116.201 39.8195
116.201 39.8195
116.201 39.8196
116.201 39.8196
116.201 39.8196
116.201 39.8196
116.201 39.8196
116.201 39.82
116.201 39.8237
116.202 39.8238
116.202 39.8238
116.202 39.8238
116.201 39.8238
116.202 39.8238
116.202 39.8238
116.202 39.8238
116.202 39.8238
116.202 39.8238
116.202 39.8238
116.202 39.8238
116.202 39.8238
116.202 39.8238
116.202 39.8238
116.202 39.8238
116.202 39.8238
116.202 39.8238
116.202 39.8238
116.202 39.8238
116.202 39.8238
116.202 39.8238
116.202 39.8238
116.202 39.8238
116.202 39.8238
116.202 39.8238
116.202 39.8237
116.202 39.8237
116.202 39.8238
116.202 39.8238
116.202 39.8238
116.201 39.8238
116.202 39.8238
116.202 39.8238
116.202 39.8238
116.201 39.8238
116.201 39.8238
116.202 39.8238
116.202 39.8238
116.202 39.8238
116.202 39.8238
116.202 39.8237
116.202 39.8237
116.202 39.8237
116.202 39.8237
116.202 39.8236
116.201 39.8236
116.202 39.824
116.202 39.8238
116.202 39.8238
116.202 39.8238
116.202 39.8238
116.202 39.8238
116.202 39.8238
116.202 39.8238
116.202 39.8238
116.202 39.8239
116.202 39.8237
116.202 39.8238
116.202 39.8237
116.202 39.8237
116.202 39.8237
116.202 39.8237
116.202 39.8237
116.202 39.8239
116.202 39.8238
116.201 39.8237
116.201 39.8238
116.201 39.8238
116.201 39.8239
116.201 39.8239
116.201 39.8238
116.201 39.8238
116.201 39.8238
116.201 39.8238
116.201 39.8238
116.201 39.8238
116.201 39.8238
116.201 39.8238
116.201 39.8238
116.202 39.8238
116.202 39.8237
116.201 39.8237
116.202 39.8236
116.202 39.8238
116.202 39.8238
116.202 39.8238
116.202 39.8238
116.202 39.8238
116.201 39.8236
116.201 39.8236
116.201 39.8237
116.201 39.8238
116.201 39.8237
116.201 39.8237
116.201 39.8237
116.201 39.8238
116.201 39.8238
116.201 39.8238
116.201 39.8238
116.201 39.8238
116.201 39.8238
116.201 39.8238
116.201 39.8238
116.201 39.8238
116.202 39.8238
116.202 39.8238
116.202 39.8238
116.202 39.8238
116.202 39.8238
116.202 39.8237
116.202 39.8237
116.202 39.8237
116.202 39.8237
116.202 39.8237
116.202 39.8237
116.202 39.8237
116.202 39.8237
116.202 39.8237
116.202 39.8239
116.202 39.8238
116.202 39.8238
116.201 39.8238
116.201 39.8238
116.202 39.8238
116.201 39.8236
116.201 39.8234
116.201 39.8237
116.201 39.8238
116.201 39.8238
116.201 39.8238
116.201 39.8238
116.201 39.8239
116.201 39.8237
116.201 39.8237
116.201 39.8237
116.201 39.8238
116.201 39.8238
116.201 39.8238
116.201 39.8238
116.201 39.8238
116.201 39.8238
116.201 39.8238
116.201 39.8238
116.201 39.8238
116.201 39.8234
116.201 39.8194
116.201 39.8194
116.201 39.8194
116.2 39.8198
116.2 39.8189
116.188 39.8004
116.143 39.7465
116.12 39.7327
116.093 39.7193
116.04 39.711
115.987 39.6967
115.965 39.6767
115.965 39.6749
115.965 39.6749
115.965 39.6768
115.97 39.6763
115.97 39.6763
115.97 39.6764
115.97 39.6764
115.97 39.6764
115.97 39.6764
115.97 39.6764
115.979 39.6892
115.999 39.7002
116.044 39.7117
116.061 39.7214
116.061 39.7201
116.061 39.7201
116.061 39.7201
116.061 39.7201
116.062 39.7213
116.062 39.7206
116.061 39.7206
116.091 39.7189
116.125 39.7349
116.145 39.7471
116.161 39.7657
116.183 39.7881
116.201 39.8114
116.201 39.8209
116.202 39.8237
116.202 39.8238
116.202 39.8238
116.202 39.8237
116.204 39.8227
116.184 39.8068
116.167 39.8344
116.139 39.8467
116.117 39.8511
116.109 39.8519
116.109 39.8519
116.108 39.852
116.108 39.852
116.108 39.852
116.108 39.852
116.108 39.852
116.108 39.8518
116.108 39.8518
116.108 39.8518
116.108 39.8517
116.108 39.8519
116.108 39.8519
116.108 39.8519
116.108 39.8521
116.108 39.8521
116.108 39.8521
116.108 39.8521
116.108 39.8521
116.108 39.8521
116.108 39.8521
116.108 39.8521
116.109 39.8521
116.108 39.852
116.108 39.852
116.108 39.8522
116.108 39.8522
116.108 39.8521
116.108 39.8521
116.108 39.8521
116.108 39.8521
116.108 39.8521
116.108 39.8521
116.108 39.8521
116.108 39.8521
116.109 39.8519
116.119 39.8324
116.138 39.8068
116.168 39.8049
116.168 39.8049
116.195 39.8096
116.201 39.8201
116.202 39.8236
116.202 39.8236
116.202 39.8236
116.202 39.8236
116.202 39.8236
116.202 39.8236
116.202 39.8236
116.202 39.8236
116.202 39.8237
116.202 39.8237
116.202 39.8237
116.202 39.8237
116.202 39.8237
116.202 39.8237
116.202 39.8237
116.202 39.8237
116.202 39.8237
116.202 39.8237
116.202 39.8237
116.202 39.8238
116.202 39.8238
116.202 39.8238
116.201 39.8237
116.201 39.8237
116.202 39.8239
116.202 39.8238
116.202 39.8239
116.202 39.8239
116.202 39.8238
116.201 39.8237
116.201 39.8237
116.201 39.8237
116.202 39.8237
116.202 39.8238
116.202 39.8238
116.202 39.8238
116.202 39.8238
116.202 39.8238
116.202 39.8237
116.202 39.8238
116.202 39.8238
116.201 39.8237
116.201 39.8237
116.201 39.8237
116.201 39.8238
116.201 39.8238
116.201 39.8238
116.201 39.8238
116.202 39.8238
116.202 39.8238
116.202 39.8238
116.202 39.8238
116.202 39.8238
116.202 39.8238
116.202 39.8238
116.202 39.8238
116.202 39.8238
116.202 39.8238
116.202 39.8238
116.202 39.8238
116.202 39.8238
116.202 39.8238
116.202 39.8238
116.202 39.8238
116.202 39.8238
116.202 39.8238
116.202 39.8238
116.202 39.8238
116.202 39.8237
116.202 39.8237
116.202 39.8237
116.202 39.8237
116.202 39.8237
116.202 39.8237
116.202 39.8237
116.202 39.8237
116.202 39.8237
116.202 39.8237
116.202 39.8237
116.202 39.8237
116.202 39.8237
116.202 39.8237
116.201 39.8238
116.201 39.8237
116.201 39.8237
116.201 39.8238
116.201 39.8238
116.201 39.8238
116.201 39.8238
116.201 39.8238
116.201 39.8238
116.201 39.8238
116.201 39.8238
116.201 39.8238
116.201 39.8238
116.201 39.8238
116.201 39.8238
116.201 39.8238
116.202 39.8237
116.202 39.8236
116.202 39.8236
116.202 39.8236
116.202 39.8237
116.202 39.8237
116.202 39.8237
116.202 39.8237
116.202 39.8237
116.201 39.8236
116.201 39.8237
116.201 39.8237
116.201 39.8237
116.201 39.8237
116.202 39.8237
116.202 39.8237
116.202 39.8237
116.202 39.8237
116.202 39.8237
116.202 39.8238
116.202 39.8238
116.202 39.8238
116.202 39.8238
116.202 39.8238
116.201 39.8237
116.201 39.8237
116.202 39.8237
116.202 39.8237
116.202 39.8237
116.202 39.8237
116.202 39.8237
116.202 39.8235
116.202 39.8237
116.202 39.8237
116.202 39.8237
116.202 39.8237
116.202 39.8237
116.202 39.8237
116.202 39.8237
116.202 39.8237
116.202 39.8237
116.202 39.8237
116.202 39.8237
116.202 39.8237
116.202 39.8237
116.202 39.8236
116.202 39.8236
116.202 39.8236
116.202 39.8236
116.201 39.8236
116.202 39.8238
116.202 39.8236
116.202 39.8238
116.202 39.8239
116.202 39.8239
116.202 39.8239
116.202 39.8239
116.202 39.8239
116.202 39.8237
116.202 39.8238
116.202 39.8238
116.202 39.8238
116.202 39.8238
116.202 39.8238
116.202 39.8238
116.202 39.824
116.202 39.824
116.202 39.824
116.202 39.8239
116.202 39.8239
116.202 39.8238
116.202 39.8238
116.202 39.8238
116.202 39.8238
116.202 39.8238
116.202 39.8238
116.202 39.8239
116.202 39.8239
116.202 39.8238
116.202 39.8238
116.202 39.8237
116.202 39.8238
116.202 39.8236
116.202 39.8236
116.202 39.8237
116.202 39.8239
116.202 39.8239
116.202 39.8234
116.202 39.824
116.202 39.824
116.202 39.8239
116.202 39.8239
116.202 39.8239
116.202 39.8239
116.202 39.8239
116.202 39.8239
116.202 39.8239
116.202 39.8238
116.202 39.8238
116.202 39.8239
116.202 39.8239
116.202 39.8239
116.202 39.8239
116.202 39.8238
116.202 39.8238
116.202 39.8238
116.202 39.8238
116.202 39.8238
116.202 39.8239
116.202 39.8239
116.202 39.8239
116.202 39.8239
116.202 39.8239
116.202 39.8239
116.202 39.8239
116.202 39.8238
115.97 39.6762
115.97 39.6762
116.202 39.8239
116.202 39.8239
116.202 39.8239
116.202 39.8238
116.202 39.8238
116.202 39.8238
116.202 39.8238
116.202 39.8238
116.202 39.8238
116.202 39.8238
116.202 39.8239
116.202 39.8238
116.202 39.824
116.202 39.8239
116.202 39.8239
116.202 39.8238
116.202 39.8239
116.202 39.8239
