116.465 39.9292
116.461 39.9275
116.401 39.923
116.39 39.935
116.4 39.9395
116.455 39.9393
116.472 39.9096
116.444 39.9145
116.429 39.8799
116.429 39.8798
116.434 39.8903
116.413 39.8946
116.418 39.8993
116.428 39.927
116.429 39.9301
116.438 39.9321
116.428 39.94
116.361 39.9459
116.347 39.9601
116.35 39.9336
116.35 39.9143
116.361 39.8681
116.368 39.8927
116.36 39.888
116.343 39.877
116.347 39.8873
116.346 39.9058
116.384 39.9058
116.4 39.9064
116.431 39.9071
116.456 39.9039
116.445 39.9324
116.452 39.9098
116.444 39.9127
116.441 39.9075
116.429 39.8989
116.417 39.8959
116.406 39.8953
116.415 39.8654
116.466 39.8469
116.494 39.7929
116.474 39.8005
116.44 39.8508
116.448 39.8518
116.487 39.8276
116.501 39.7947
116.467 39.8367
116.454 39.8638
116.454 39.8638
116.434 39.8927
116.413 39.8959
116.392 39.9271
116.39 39.9361
116.403 39.8994
116.415 39.892
116.419 39.9171
116.432 39.8925
116.482 39.8871
116.391 39.9061
116.414 39.8839
116.416 39.846
116.392 39.8557
116.377 39.8484
116.384 39.8878
116.397 39.9164
116.35 39.9311
116.295 39.9362
116.352 39.9427
116.444 39.9552
116.444 39.9552
116.444 39.955
116.444 39.955
116.444 39.955
116.444 39.955
116.444 39.9549
116.444 39.9549
116.444 39.955
116.443 39.9548
116.443 39.9549
116.444 39.955
116.444 39.9551
116.444 39.9551
116.444 39.9546
116.444 39.9552
116.443 39.9549
116.444 39.9549
116.444 39.9551
116.444 39.955
116.443 39.9549
116.444 39.955
116.444 39.955
116.444 39.955
116.444 39.955
116.444 39.9549
116.456 39.9323
116.508 39.9381
116.493 39.9346
116.479 39.9307
116.463 39.922
116.436 39.9231
116.411 39.9135
116.405 39.9154
116.407 39.9394
116.443 39.9397
116.456 39.9353
116.44 39.9551
116.406 39.9677
116.382 39.9618
116.408 39.9593
116.428 39.9257
116.44 39.9215
116.43 39.9388
116.418 39.9483
116.375 39.9475
116.349 39.942
116.282 39.9498
116.298 39.9569
116.318 39.9504
116.328 39.9138
116.315 39.9073
116.315 39.9054
116.338 39.9129
116.35 39.9171
116.362 39.9302
116.39 39.9271
116.385 39.9044
116.385 39.9044
116.412 39.8915
116.419 39.8992
116.443 39.8922
116.458 39.8994
116.458 39.8994
116.458 39.8994
116.458 39.8995
116.456 39.884
116.444 39.9551
116.466 39.892
116.466 39.8924
116.484 39.8766
116.468 39.8921
116.456 39.9294
116.449 39.9316
116.46 39.928
116.447 39.9325
116.447 39.9325
116.449 39.9345
116.466 39.9323
116.466 39.9325
116.439 39.9504
116.442 39.9575
116.432 39.9608
116.483 39.9701
116.511 39.9418
116.56 39.9401
116.589 39.911
116.589 39.911
116.554 39.9151
116.512 39.9172
116.512 39.9172
116.512 39.918
116.5 39.936
116.456 39.9481
116.453 39.9073
116.452 39.9079
116.451 39.908
116.456 39.939
116.446 39.9669
116.44 39.9552
116.444 39.9588
116.492 39.9974
116.491 39.9869
116.475 39.9544
116.485 39.9581
116.462 39.9603
116.44 39.9551
116.442 39.9574
116.442 39.9574
116.442 39.9574
116.442 39.9574
116.442 39.9575
116.441 39.9579
116.442 39.958
116.442 39.9576
116.442 39.9573
116.44 39.9554
116.441 39.9524
116.441 39.9524
116.441 39.9524
116.441 39.9524
116.441 39.9524
116.441 39.9524
116.439 39.9562
116.442 39.9575
116.442 39.9575
116.442 39.9576
116.442 39.9574
116.442 39.9575
116.442 39.9577
116.442 39.9575
116.442 39.9575
116.442 39.9574
116.439 39.9501
116.442 39.9571
116.441 39.9556
116.406 39.9525
116.412 39.9576
116.412 39.9681
116.374 39.9818
116.405 39.9674
116.455 39.948
116.455 39.948
116.461 39.9574
116.44 39.9563
116.454 39.9527
116.454 39.9114
116.456 39.9044
116.454 39.9532
116.497 39.9791
116.471 39.9781
116.46 39.97
116.46 39.97
116.451 39.9603
116.441 39.9516
116.441 39.9523
116.441 39.9519
116.441 39.9521
116.441 39.9522
116.441 39.9522
116.441 39.9522
116.441 39.9522
116.441 39.9522
116.445 39.9534
116.544 40.0247
116.5 40.0019
116.484 39.983
116.484 39.9828
116.476 39.9764
116.453 39.9475
116.455 39.9471
116.455 39.9471
116.454 39.9479
116.454 39.9479
116.432 39.9674
116.415 39.9868
116.418 39.9828
116.359 39.9923
116.359 39.9916
116.359 39.9919
116.359 39.9918
116.384 39.9667
116.388 39.9406
116.397 39.9395
116.418 39.9395
116.453 39.9399
116.489 39.9327
116.497 39.9217
116.465 39.9292
116.456 39.9471
116.418 39.9737
116.415 39.9858
116.403 39.9672
116.411 39.9674
116.411 39.987
116.411 39.987
116.412 39.9872
116.418 39.9952
116.418 39.971
116.43 39.9675
116.473 39.9535
116.49 39.961
116.49 39.961
116.487 39.9707
116.476 39.9707
116.475 39.9702
116.473 39.9706
116.483 39.9103
116.439 39.907
116.423 39.908
116.465 39.892
116.401 39.9065
116.37 39.9072
116.376 39.9094
116.405 39.9066
116.412 39.9002
116.418 39.8826
116.445 39.8713
116.368 39.8934
116.351 39.9004
116.34 39.9179
116.286 39.9203
116.31 39.9225
116.348 39.9231
116.347 39.9221
116.319 39.9457
116.331 39.9368
116.35 39.9398
116.353 39.9638
116.364 39.9659
116.366 39.9456
116.366 39.9476
116.366 39.9476
116.36 39.9752
116.432 39.9673
116.472 39.9787
116.448 39.9956
116.452 39.9957
116.442 39.9932
116.516 40.0228
116.475 39.9818
116.444 39.955
116.444 39.9549
116.444 39.9549
116.444 39.955
116.444 39.955
116.444 39.955
116.444 39.955
116.444 39.9551
116.444 39.955
116.444 39.9551
116.444 39.9551
116.444 39.9551
116.497 39.9548
116.497 39.9548
116.444 39.9551
116.444 39.9551
116.444 39.9551
116.444 39.9551
116.444 39.9551
116.444 39.955
116.444 39.955
116.444 39.955
116.444 39.955
116.444 39.9552
116.444 39.9552
116.444 39.9552
116.444 39.9551
116.444 39.9551
116.444 39.9551
116.444 39.9551
116.444 39.9551
116.444 39.955
116.444 39.955
116.444 39.955
116.444 39.9551
116.444 39.9551
116.444 39.9551
116.444 39.955
116.444 39.9551
116.444 39.955
116.444 39.955
116.444 39.9547
116.444 39.9551
116.444 39.9552
116.444 39.9546
116.444 39.9551
116.444 39.9547
116.444 39.9549
116.444 39.9549
116.444 39.9549
116.444 39.9549
116.444 39.9549
116.444 39.9549
116.444 39.9549
116.444 39.9549
116.444 39.9549
116.444 39.9551
116.444 39.9552
116.448 39.951
116.443 39.9604
116.434 39.9577
116.44 39.9562
116.449 39.947
116.441 39.9442
116.43 39.9376
116.43 39.9391
116.463 39.9322
116.472 39.9135
116.465 39.9074
116.444 39.9324
116.43 39.9394
116.43 39.9384
116.445 39.9325
116.435 39.9398
116.431 39.939
116.471 39.9143
116.498 39.9145
116.523 39.905
116.496 39.9148
116.484 39.9234
116.451 39.9868
116.451 39.9868
116.452 39.9779
116.436 39.9488
116.426 39.9545
116.43 39.9683
116.454 39.9454
116.455 39.9358
116.444 39.9369
116.419 39.9554
116.412 39.9583
116.435 39.9583
116.442 39.9577
116.442 39.9577
116.442 39.957
116.439 39.9603
116.416 39.9975
116.418 39.9681
116.439 39.9564
116.403 39.9067
116.441 39.956
116.453 39.9541
116.453 39.909
116.445 39.896
116.468 39.8992
116.456 39.9123
116.438 39.929
116.461 39.925
116.442 39.9323
116.442 39.9323
116.435 39.9353
116.433 39.9385
116.435 39.9354
116.446 39.9399
116.44 39.9561
116.444 39.9355
116.434 39.9078
116.436 39.9324
116.434 39.9345
116.402 39.9567
116.4 39.9673
116.444 39.9584
116.454 39.9627
116.511 40.0151
116.554 40.0939
116.622 40.1589
116.641 40.237
116.654 40.3203
116.704 40.3271
116.639 40.3289
116.632 40.3359
116.632 40.3357
116.632 40.336
116.632 40.3354
116.632 40.336
116.632 40.3361
116.631 40.3361
116.631 40.3361
116.632 40.3362
116.632 40.3361
116.632 40.336
116.632 40.336
116.632 40.3361
116.632 40.3359
116.632 40.3359
116.632 40.336
116.632 40.3361
116.632 40.3357
116.632 40.3362
116.632 40.3362
116.632 40.3361
116.632 40.3361
116.632 40.3361
116.632 40.3362
116.632 40.3362
116.632 40.3362
116.632 40.3361
116.632 40.3361
116.632 40.3361
116.632 40.3361
116.632 40.3361
116.632 40.3361
116.632 40.3351
116.632 40.3361
116.632 40.3362
116.632 40.3361
116.632 40.336
116.632 40.336
116.632 40.336
116.632 40.336
116.632 40.336
116.632 40.336
116.631 40.3363
116.631 40.3362
116.632 40.3361
116.632 40.3361
116.632 40.3359
116.627 40.3287
116.645 40.3499
116.657 40.4937
116.669 40.5514
116.655 40.6194
116.655 40.6629
116.639 40.7132
116.606 40.694
116.556 40.717
116.545 40.7419
116.545 40.7419
116.545 40.7419
116.545 40.7419
116.545 40.7421
116.545 40.7421
116.545 40.7421
116.545 40.7421
116.545 40.7421
116.545 40.7421
116.545 40.7421
116.545 40.7421
116.545 40.7421
116.545 40.7421
116.545 40.7421
116.545 40.742
116.545 40.742
116.545 40.742
116.545 40.742
116.545 40.742
116.545 40.742
116.545 40.742
116.545 40.742
116.545 40.742
116.545 40.742
116.545 40.742
116.545 40.742
116.545 40.742
116.545 40.742
116.545 40.742
116.545 40.742
116.545 40.742
116.545 40.742
116.545 40.742
116.545 40.742
116.545 40.742
116.545 40.7417
116.545 40.7418
116.545 40.7418
116.545 40.7419
116.545 40.7419
116.545 40.7419
116.545 40.7419
116.545 40.7419
116.545 40.7419
116.545 40.7419
116.544 40.7418
116.562 40.6944
116.546 40.7422
116.545 40.742
116.545 40.7419
116.545 40.7419
116.545 40.7419
116.545 40.7419
116.545 40.742
116.682 40.3839
116.545 40.742
116.545 40.742
116.545 40.742
116.545 40.742
116.545 40.742
116.545 40.742
116.545 40.7419
116.545 40.7419
116.545 40.7419
116.545 40.7419
116.545 40.7419
116.545 40.7419
116.545 40.7419
116.545 40.7419
116.545 40.7419
116.545 40.7419
116.545 40.7419
116.545 40.7419
116.545 40.7419
116.545 40.7419
116.545 40.7419
116.545 40.7419
116.545 40.742
116.545 40.742
116.545 40.742
116.545 40.742
116.545 40.742
116.545 40.742
116.545 40.742
116.545 40.7421
116.545 40.7421
116.545 40.742
116.545 40.742
116.545 40.742
116.545 40.742
116.545 40.742
116.545 40.742
116.545 40.742
116.545 40.742
116.545 40.742
116.545 40.742
116.545 40.742
116.545 40.7418
116.545 40.7418
116.545 40.7418
116.545 40.7418
116.545 40.7418
116.545 40.7419
116.545 40.7419
116.545 40.7419
116.545 40.7419
116.545 40.7419
116.545 40.7419
116.545 40.7419
116.545 40.7419
116.545 40.7419
116.545 40.7419
116.545 40.7419
116.545 40.7419
116.545 40.7419
116.545 40.7419
116.545 40.7419
116.545 40.7419
116.545 40.7419
116.545 40.7419
116.545 40.7419
116.545 40.7419
116.545 40.7419
116.545 40.7419
116.545 40.742
116.545 40.742
116.545 40.742
116.545 40.742
116.545 40.742
116.545 40.742
116.545 40.7419
116.545 40.7419
116.545 40.7419
116.545 40.7419
116.545 40.7419
116.545 40.7419
116.545 40.7419
116.545 40.7419
116.545 40.7417
116.545 40.7422
116.545 40.7421
116.545 40.7421
116.545 40.742
116.545 40.742
116.545 40.742
116.545 40.742
116.545 40.742
116.545 40.742
116.545 40.742
116.545 40.742
116.545 40.7421
116.545 40.742
116.545 40.742
116.545 40.742
116.545 40.742
116.545 40.742
116.545 40.742
116.545 40.742
116.545 40.7419
116.545 40.7419
116.545 40.742
116.545 40.742
116.545 40.7419
116.545 40.7419
116.545 40.742
116.545 40.742
116.545 40.742
116.545 40.742
116.545 40.742
116.545 40.742
116.545 40.742
116.545 40.742
116.545 40.742
116.545 40.742
116.545 40.7419
116.545 40.7419
116.545 40.7419
116.545 40.7419
116.545 40.7419
116.545 40.7419
116.545 40.7419
116.545 40.7419
116.545 40.7419
116.545 40.7419
116.545 40.7419
116.545 40.7419
116.545 40.7419
116.545 40.742
116.545 40.7419
116.545 40.7419
116.545 40.7419
116.545 40.7419
116.545 40.7419
116.545 40.742
116.545 40.742
116.545 40.742
116.545 40.742
116.545 40.742
116.545 40.7419
116.545 40.742
116.545 40.742
116.545 40.742
116.545 40.742
116.545 40.742
116.545 40.742
116.545 40.742
116.545 40.742
116.545 40.742
116.545 40.742
116.545 40.742
116.545 40.742
116.545 40.742
116.545 40.742
116.545 40.742
116.545 40.742
116.545 40.742
116.545 40.742
116.545 40.742
116.545 40.742
116.545 40.742
116.545 40.742
116.545 40.742
116.545 40.742
116.545 40.742
116.545 40.742
116.545 40.742
116.545 40.742
116.545 40.742
116.545 40.742
116.545 40.742
116.545 40.742
116.545 40.742
116.545 40.742
116.545 40.742
116.545 40.742
116.545 40.7417
116.545 40.7418
116.545 40.7418
116.545 40.7418
116.545 40.7418
116.545 40.7418
116.545 40.7418
116.545 40.7418
116.545 40.7419
116.545 40.7419
116.545 40.7419
116.545 40.7419
116.545 40.7419
116.545 40.7419
116.545 40.7419
116.545 40.7419
116.545 40.7419
116.545 40.7419
116.545 40.7419
116.545 40.7419
116.545 40.7419
116.545 40.7419
116.545 40.7419
116.545 40.7419
116.545 40.7419
116.545 40.7419
116.545 40.7419
116.545 40.7419
116.545 40.7419
116.545 40.7419
116.545 40.7419
116.545 40.7419
116.545 40.7419
116.545 40.7419
116.545 40.7419
116.545 40.7419
116.545 40.7419
116.545 40.7419
116.545 40.7419
116.545 40.7415
116.545 40.742
116.545 40.742
116.545 40.742
116.545 40.742
116.545 40.742
116.545 40.742
116.545 40.7421
116.545 40.742
116.545 40.742
116.545 40.742
116.545 40.742
116.545 40.742
116.545 40.742
116.545 40.742
116.545 40.742
116.545 40.742
116.545 40.742
116.545 40.742
116.545 40.742
116.545 40.742
116.545 40.7418
116.545 40.7418
116.545 40.7418
116.545 40.7419
116.545 40.7419
116.546 40.742
116.562 40.7002
116.59 40.6881
116.59 40.6881
116.562 40.6942
116.546 40.7338
116.546 40.7338
116.545 40.742
116.545 40.742
116.545 40.742
116.545 40.742
116.545 40.7419
116.545 40.7419
116.545 40.7419
116.545 39.8015
116.545 40.742
116.545 40.742
116.545 40.742
116.545 40.7419
116.545 40.742
116.545 40.7416
116.545 40.7417
116.545 40.7418
116.545 40.7418
116.545 40.7418
