116.372 39.8819
116.372 39.8819
116.372 39.8819
116.372 39.8818
116.375 39.8816
116.372 39.8775
116.372 39.8775
116.37 39.8775
116.365 39.8806
116.368 39.8861
116.368 39.8931
116.369 39.895
116.373 39.8968
116.373 39.8941
116.37 39.8924
116.368 39.8883
116.365 39.8879
116.362 39.8852
116.362 39.8852
116.362 39.8851
116.362 39.886
116.367 39.8877
116.378 39.888
116.379 39.8901
116.379 39.8901
116.383 39.8888
116.382 39.8884
116.392 39.8891
116.392 39.8835
116.391 39.8712
116.39 39.8713
116.379 39.8869
116.378 39.8983
116.389 39.8894
116.406 39.8913
116.406 39.8913
116.422 39.892
116.453 39.8921
116.455 39.892
116.483 39.882
116.471 39.8807
116.502 39.8694
116.554 39.8672
116.553 39.8663
116.552 39.8677
116.539 39.8686
116.525 39.8722
116.522 39.8834
116.522 39.8834
116.521 39.8915
116.51 39.892
116.497 39.8921
116.485 39.8922
116.471 39.8922
116.464 39.8922
116.451 39.8931
116.449 39.8891
116.45 39.8864
116.45 39.8821
116.45 39.8806
116.445 39.8788
116.444 39.875
116.444 39.8726
116.445 39.8727
116.439 39.8879
116.423 39.8924
116.423 39.8924
116.415 39.892
116.415 39.892
116.4 39.8914
116.393 39.8904
116.383 39.8884
116.381 39.8883
116.371 39.8881
116.368 39.8884
116.369 39.8948
116.369 39.8963
116.373 39.8938
116.368 39.8923
116.368 39.89
116.363 39.888
116.362 39.888
116.353 39.882
116.353 39.882
116.346 39.8819
116.346 39.8818
116.346 39.8818
116.346 39.8818
116.344 39.8842
116.344 39.8778
116.344 39.875
116.348 39.868
116.369 39.8689
116.385 39.8699
116.4 39.8705
116.404 39.8706
116.404 39.8706
116.418 39.8698
116.428 39.8691
116.426 39.8673
116.423 39.8644
116.42 39.8644
116.415 39.8642
116.401 39.8637
116.387 39.8559
116.358 39.8537
116.359 39.8501
116.359 39.8444
116.363 39.8444
116.365 39.8501
116.369 39.8517
116.369 39.8514
116.369 39.8514
116.369 39.8514
116.369 39.8514
116.369 39.8514
116.369 39.8514
116.369 39.8514
116.369 39.8514
116.369 39.8514
116.365 39.8538
116.368 39.8639
116.368 39.8691
116.355 39.8674
116.343 39.8822
116.349 39.8972
116.35 39.9206
116.35 39.9358
116.349 39.9588
116.348 39.9792
116.335 39.9855
116.331 39.9866
116.331 39.9973
116.326 40.011
116.312 40.013
116.308 40.0232
116.31 40.0345
116.313 40.046
116.309 40.051
116.31 40.0513
116.31 40.0513
116.32 40.0472
116.324 40.0429
116.323 40.0441
116.32 40.0477
116.326 40.0559
116.328 40.0566
116.324 40.0544
116.323 40.054
116.326 40.0405
116.316 40.0354
116.309 40.0363
116.304 40.0402
116.304 40.0403
116.304 40.0403
116.304 40.0403
116.304 40.0403
116.304 40.0403
116.305 40.0343
116.307 40.0263
116.312 40.0082
116.3 39.9964
116.298 39.9917
116.305 39.9852
116.316 39.9749
116.316 39.9749
116.316 39.9716
116.315 39.9663
116.318 39.9502
116.31 39.9468
116.318 39.9474
116.319 39.941
116.324 39.937
116.327 39.9315
116.331 39.9245
116.331 39.926
116.328 39.9307
116.326 39.933
116.328 39.9267
116.329 39.9215
116.347 39.9221
116.355 39.9437
116.415 39.948
116.434 39.948
116.458 39.9565
116.462 39.9625
116.462 39.9654
116.461 39.9637
116.463 39.9601
116.458 39.957
116.448 39.9566
116.443 39.9594
116.455 39.9463
116.455 39.9175
116.455 39.8947
116.454 39.8666
116.439 39.8577
116.429 39.8578
116.416 39.8564
116.401 39.8558
116.373 39.8558
116.337 39.8479
116.314 39.8535
116.298 39.8567
116.288 39.8516
116.277 39.846
116.284 39.8418
116.318 39.8493
116.347 39.8503
116.37 39.8506
116.37 39.8515
116.37 39.8515
116.37 39.8516
116.37 39.8516
116.37 39.8516
116.37 39.8516
116.37 39.8516
116.37 39.8516
116.37 39.8516
116.37 39.8516
116.37 39.8516
116.37 39.8516
116.37 39.8516
116.37 39.8516
116.37 39.8516
116.37 39.8516
116.37 39.8516
116.37 39.8516
116.37 39.8516
116.37 39.8516
116.37 39.8516
116.37 39.8516
116.37 39.8516
116.37 39.8516
116.374 39.8555
116.385 39.8556
116.407 39.8555
116.403 39.8571
116.397 39.864
116.403 39.8637
116.41 39.8639
116.432 39.8645
116.412 39.8955
116.407 39.8918
116.385 39.8887
116.362 39.8869
116.361 39.8821
116.364 39.8772
116.362 39.8901
116.362 39.8867
116.353 39.8855
116.353 39.8876
116.351 39.8996
116.35 39.9304
116.35 39.9306
116.338 39.9332
116.332 39.9486
116.319 39.9419
116.316 39.938
116.27 39.9456
116.267 39.9525
116.263 39.9535
116.268 39.9408
116.268 39.9022
116.277 39.8543
116.278 39.8422
116.322 39.8293
116.339 39.8297
116.339 39.8297
116.391 39.8305
116.396 39.8315
116.392 39.8392
116.391 39.8416
116.394 39.8426
116.394 39.836
116.411 39.8307
116.426 39.8308
116.474 39.8422
116.48 39.853
116.484 39.8911
116.484 39.8911
116.484 39.9026
116.493 39.9207
116.495 39.9219
116.49 39.9219
116.475 39.927
116.465 39.9383
116.463 39.9415
116.459 39.9427
116.456 39.9443
116.449 39.949
116.448 39.9507
116.448 39.9511
116.442 39.9477
116.435 39.9518
116.439 39.9544
116.444 39.9586
116.45 39.9549
116.456 39.9324
116.455 39.9152
116.455 39.9079
116.454 39.9034
116.451 39.903
116.442 39.9034
116.438 39.9049
116.438 39.9068
116.437 39.9192
116.435 39.92
116.435 39.9223
116.435 39.9235
116.43 39.9233
116.428 39.9235
116.428 39.9235
116.423 39.9292
116.426 39.9322
116.427 39.9323
116.43 39.9396
116.436 39.9397
116.456 39.9425
116.463 39.9417
116.463 39.943
116.459 39.9427
116.459 39.9427
116.456 39.948
116.469 39.952
116.481 39.9564
116.489 39.9612
116.497 39.9629
116.497 39.9641
116.494 39.9707
116.49 39.9704
116.49 39.9702
116.49 39.9701
116.49 39.9701
116.49 39.9701
116.49 39.9701
116.49 39.9701
116.477 39.9704
116.462 39.9605
116.461 39.96
116.455 39.9542
116.454 39.9539
116.455 39.933
116.455 39.933
116.466 39.9295
116.465 39.9293
116.465 39.9293
116.465 39.9293
116.456 39.932
116.456 39.9321
116.446 39.9342
116.429 39.9324
116.429 39.9324
116.427 39.9319
116.425 39.9141
116.427 39.9128
116.429 39.909
116.43 39.9011
116.44 39.8831
116.445 39.8804
116.443 39.88
116.445 39.8783
116.445 39.8711
116.445 39.8711
116.45 39.8749
116.449 39.8701
116.443 39.8672
116.439 39.8666
116.433 39.8645
116.433 39.8645
116.428 39.8646
116.429 39.8646
116.431 39.8646
116.432 39.8639
116.427 39.8576
116.42 39.857
116.409 39.8559
116.408 39.8559
116.405 39.8525
116.408 39.8546
116.403 39.8557
116.382 39.8557
116.307 39.8642
116.307 39.8656
116.306 39.8681
116.306 39.87
116.306 39.87
116.305 39.88
116.299 39.8815
116.297 39.8825
116.297 39.8852
116.297 39.8869
116.296 39.8904
116.289 39.8951
116.289 39.8984
116.296 39.9016
116.306 39.9061
116.317 39.9058
116.317 39.9058
116.321 39.906
116.336 39.9059
116.342 39.8997
116.342 39.8876
116.342 39.869
116.373 39.8691
116.392 39.87
116.395 39.8715
116.395 39.8726
116.393 39.8792
116.387 39.8802
116.383 39.8849
116.379 39.8824
116.372 39.8818
116.371 39.8819
116.37 39.8819
116.368 39.882
116.361 39.882
116.354 39.8821
116.347 39.8803
116.347 39.879
116.352 39.8765
116.362 39.8769
116.381 39.8774
116.391 39.8794
116.386 39.8822
116.378 39.882
116.378 39.882
116.376 39.8775
116.372 39.8774
116.37 39.8774
116.367 39.8772
116.362 39.882
116.358 39.8841
116.353 39.8848
116.347 39.8835
116.344 39.8824
116.347 39.8845
116.347 39.8867
116.347 39.8914
116.347 39.8884
116.35 39.8877
116.35 39.8877
116.353 39.8869
116.353 39.8843
116.357 39.8819
116.358 39.8851
116.361 39.8847
116.36 39.882
116.352 39.8848
116.348 39.8846
116.348 39.8846
116.345 39.882
116.344 39.8821
116.342 39.8856
116.342 39.8843
116.367 39.8686
116.408 39.859
116.408 39.8586
116.408 39.8569
116.408 39.8569
116.408 39.8517
116.408 39.8459
116.409 39.8466
116.409 39.8529
116.414 39.854
116.414 39.8556
116.413 39.8561
116.405 39.8558
116.384 39.8559
116.382 39.8559
116.381 39.8511
116.381 39.8482
116.372 39.8493
116.37 39.8484
116.37 39.8503
116.369 39.8513
116.369 39.8522
116.369 39.8522
116.369 39.8522
116.369 39.8522
116.369 39.8522
116.369 39.8522
116.369 39.8522
116.369 39.8522
116.369 39.8522
116.369 39.8522
116.369 39.8522
116.369 39.8522
116.369 39.8522
116.369 39.8522
116.369 39.8522
116.369 39.8522
116.369 39.8522
116.369 39.8522
116.369 39.8522
116.369 39.8522
116.369 39.8522
116.369 39.8522
116.369 39.8522
116.366 39.849
116.395 39.8556
116.397 39.8555
116.396 39.8558
116.394 39.8558
116.376 39.8489
116.376 39.8489
116.398 39.8556
116.398 39.8556
116.4 39.8556
116.455 39.875
116.455 39.8769
116.456 39.9317
116.456 39.9337
116.469 39.9753
116.471 39.9766
116.525 40.0192
116.527 40.0201
116.575 40.0429
116.575 40.043
116.583 40.05
116.583 40.0512
116.582 40.0693
116.582 40.0698
116.579 40.0474
116.579 40.0473
116.52 40.0175
116.52 40.0175
116.517 40.0165
116.466 39.9722
116.442 39.9577
116.442 39.9571
116.433 39.9543
116.433 39.9552
116.424 39.9609
116.425 39.9608
116.419 39.9582
116.419 39.9582
116.41 39.9486
116.41 39.9481
116.366 39.9474
116.364 39.9471
116.35 39.9241
116.35 39.9232
116.358 39.9197
116.358 39.919
116.35 39.9126
116.347 39.92
116.349 39.9221
116.35 39.9322
116.352 39.943
116.388 39.9475
116.404 39.9476
116.425 39.9481
116.425 39.9481
116.427 39.939
116.433 39.9394
120.268 33.7683
116.438 39.9391
116.437 39.9352
116.428 39.935
116.428 39.9434
116.434 39.9529
116.434 39.9574
116.43 39.9654
116.429 39.9658
116.422 39.9582
116.422 39.9582
116.416 39.958
116.412 39.9554
116.411 39.9498
116.41 39.9411
116.411 39.9355
116.403 39.932
116.403 39.932
116.401 39.9259
116.4 39.9319
116.391 39.9322
116.392 39.9393
116.401 39.9394
116.41 39.932
116.411 39.9321
116.422 39.9321
116.426 39.9294
116.428 39.9249
116.428 39.9164
116.424 39.9074
116.424 39.9074
116.42 39.9073
116.415 39.9073
116.398 39.9065
116.396 39.9064
116.379 39.9059
116.371 39.9061
116.357 39.9063
116.356 39.9063
116.342 39.8923
116.338 39.8885
116.312 39.8865
116.305 39.886
116.31 39.8865
116.32 39.8886
116.321 39.8867
116.326 39.8867
116.328 39.8847
116.321 39.8832
116.32 39.8819
116.323 39.8757
116.323 39.8758
116.331 39.8833
116.333 39.8868
116.342 39.8866
116.342 39.8866
116.343 39.877
116.344 39.8842
116.344 39.8893
116.347 39.8985
116.347 39.9016
116.343 39.9057
116.346 39.9058
116.368 39.9056
116.385 39.9058
116.388 39.8937
116.39 39.8894
116.412 39.8915
116.417 39.8918
116.433 39.8924
116.433 39.8949
116.437 39.8925
116.434 39.8887
116.429 39.883
116.423 39.8798
116.415 39.8734
116.408 39.8718
116.407 39.8717
116.419 39.8767
116.414 39.8858
116.413 39.8943
116.409 39.8957
116.411 39.8946
116.407 39.8919
116.399 39.8916
116.385 39.8889
116.383 39.8885
116.383 39.8885
116.379 39.8884
116.376 39.8883
116.369 39.8882
116.362 39.8882
116.336 39.8817
116.322 39.8804
116.32 39.8888
116.313 39.8873
116.305 39.8861
116.305 39.8861
116.31 39.886
116.315 39.8837
116.319 39.883
116.32 39.8829
116.32 39.88
116.32 39.8736
116.324 39.8714
116.322 39.8676
116.318 39.867
116.316 39.863
116.317 39.8598
116.317 39.8578
116.317 39.8578
116.317 39.8577
116.317 39.8577
116.317 39.8577
116.317 39.8578
116.317 39.8578
116.316 39.8662
116.325 39.8666
116.362 39.8724
116.365 39.8789
116.365 39.8794
116.365 39.8794
116.367 39.8877
116.368 39.8876
116.355 39.882
116.354 39.882
116.347 39.884
116.353 39.8835
116.347 39.8764
116.344 39.8807
116.346 39.8819
116.346 39.8809
116.346 39.8809
116.344 39.8897
116.336 39.9014
116.334 39.9018
116.316 39.9065
116.316 39.9065
116.3 39.9117
116.297 39.9117
116.29 39.9168
116.29 39.9168
116.291 39.9574
116.293 39.9579
116.299 39.9671
116.294 39.9638
116.293 39.9626
116.293 39.9626
116.297 39.9596
116.298 39.9591
116.309 39.9631
116.309 39.9631
116.313 39.9645
116.314 39.9651
116.314 39.9651
116.319 39.9656
116.323 39.9659
116.359 39.9663
116.362 39.9663
116.37 39.9923
116.367 39.9956
116.43 40.0203
116.436 40.0188
116.475 40.0126
116.467 40.0041
116.473 39.9964
116.481 39.9884
116.482 39.9879
116.473 39.9786
116.427 39.9473
116.427 39.9333
116.428 39.9214
116.428 39.9164
116.428 39.9128
116.43 39.902
116.438 39.8879
116.43 39.8819
116.43 39.8829
116.434 39.8879
116.434 39.8913
116.434 39.8912
116.423 39.8922
116.423 39.8922
116.414 39.8919
116.414 39.8919
116.412 39.8945
116.412 39.8945
116.414 39.8842
116.414 39.8842
116.415 39.8802
116.433 39.8733
116.434 39.8728
116.434 39.8728
116.43 39.8781
116.415 39.8837
116.407 39.887
116.396 39.8861
116.392 39.8851
116.389 39.8823
116.387 39.8851
116.39 39.8894
116.395 39.8903
116.4 39.8993
116.4 39.9004
116.405 39.8994
116.409 39.8996
116.412 39.8994
116.412 39.8959
116.412 39.8925
116.412 39.8925
116.413 39.8917
116.421 39.892
116.452 39.8919
116.454 39.892
116.461 39.8919
116.47 39.8918
116.483 39.8919
116.497 39.8995
116.494 39.8997
116.484 39.8995
116.48 39.8994
116.427 39.8925
116.427 39.8925
116.412 39.8946
116.419 39.8919
116.432 39.8923
116.45 39.8944
116.452 39.8964
116.455 39.8963
116.441 39.8925
116.417 39.8922
116.413 39.8919
116.392 39.8902
116.392 39.8901
116.378 39.8959
116.358 39.8984
116.358 39.8983
116.357 39.9042
116.357 39.9029
116.339 39.8966
116.331 39.8963
116.291 39.896
116.289 39.8963
116.292 39.8864
116.291 39.8858
116.294 39.8787
116.299 39.8807
116.31 39.866
116.352 39.8669
116.361 39.8681
116.366 39.8593
116.365 39.8543
116.372 39.8492
116.373 39.8491
116.373 39.8491
116.37 39.8514
116.37 39.8514
116.37 39.8514
116.37 39.8514
116.37 39.8514
116.37 39.8514
116.37 39.8514
116.37 39.8514
116.37 39.8514
116.37 39.8514
116.37 39.8514
116.37 39.8514
116.37 39.8514
116.37 39.8514
116.37 39.8514
116.37 39.8514
116.37 39.8514
116.37 39.8514
116.37 39.8514
116.37 39.8514
116.37 39.8514
116.37 39.8514
116.37 39.8514
116.37 39.8514
116.368 39.8703
116.368 39.8715
116.368 39.8931
116.369 39.8935
116.368 39.9137
116.367 39.9136
116.368 39.8941
116.368 39.8941
116.357 39.8848
116.357 39.884
116.344 39.8827
116.344 39.8819
116.326 39.8669
116.307 39.8686
116.306 39.8693
116.316 39.8885
116.311 39.8863
116.32 39.8886
116.327 39.8885
116.342 39.8852
116.343 39.8768
116.341 39.8837
116.342 39.879
116.343 39.8736
116.341 39.8772
116.341 39.873
116.339 39.8725
116.341 39.8866
116.35 39.9051
116.35 39.9164
116.35 39.9164
116.354 39.9435
116.366 39.9471
116.376 39.967
116.369 39.9669
116.368 39.9737
116.365 39.9737
116.363 39.9854
116.363 39.9854
116.324 39.9847
116.313 39.9844
116.288 39.9944
116.293 39.9846
116.292 39.9841
116.269 39.9695
116.269 39.9695
116.268 39.9658
116.277 39.9725
116.286 39.98
116.286 39.993
116.288 39.9954
116.298 39.9961
116.3 39.9904
116.298 39.9933
116.298 39.9958
116.283 40.0008
116.264 40.0017
116.26 40.0045
116.233 39.9985
116.226 39.9967
116.211 39.9924
116.204 39.9927
116.191 39.9952
116.19 39.9958
116.192 39.9941
116.196 39.9938
116.203 39.9847
116.201 39.9814
116.204 39.9914
116.209 39.9922
116.244 40.0012
116.264 40.0049
116.321 40.019
116.342 40.0217
116.399 40.021
116.419 40.0207
116.419 40.0207
116.475 40.0135
116.489 40.0026
116.518 40.0168
116.581 40.0479
116.586 40.0769
116.587 40.079
116.58 40.076
116.581 40.0693
116.574 40.0631
116.564 40.0645
116.561 40.0703
116.561 40.0703
116.56 40.0703
116.549 40.0639
116.53 40.0454
116.529 40.0429
116.509 40.0331
116.504 40.0301
116.485 40.0211
116.475 40.0203
116.471 40.0218
116.48 40.0206
116.49 40.0106
116.489 40.0086
116.476 40.0043
116.473 40.003
116.472 40.007
116.461 40.0016
116.457 40
116.456 39.9937
116.457 39.9916
116.451 39.9832
116.449 39.98
116.444 39.9743
116.441 39.9709
116.416 39.968
116.405 39.9678
116.378 39.9673
116.392 39.9673
116.405 39.9675
116.418 39.9739
116.418 39.9732
116.419 39.9682
116.419 39.9682
116.425 39.9614
116.414 39.9609
116.413 39.9609
116.408 39.9581
116.402 39.9558
116.396 39.9559
116.391 39.9618
116.392 39.9619
116.398 39.9606
116.399 39.9603
116.395 39.9501
116.394 39.9501
116.387 39.9518
116.387 39.952
116.367 39.9497
116.366 39.9497
116.356 39.951
116.358 39.9508
116.354 39.9466
116.353 39.9435
116.341 39.9437
116.336 39.9463
116.321 39.9505
116.321 39.9506
116.325 39.9507
116.325 39.9509
116.325 39.9507
116.325 39.9504
116.325 39.9508
116.318 39.9513
116.318 39.9538
116.317 39.9644
116.319 39.9642
116.328 39.9612
116.331 39.9461
116.331 39.9461
116.331 39.9461
116.331 39.9461
116.331 39.9461
116.331 39.9461
116.331 39.9461
116.336 39.9468
116.344 39.9428
116.346 39.9365
116.349 39.9346
116.349 39.9327
116.343 39.9339
116.344 39.9384
116.35 39.9398
116.349 39.9569
116.4 39.9671
116.402 39.9677
116.407 39.9758
116.409 39.9758
116.403 39.9741
116.402 39.9762
116.404 39.9809
116.404 39.9815
116.388 39.9868
116.373 39.9866
116.373 39.9866
116.365 39.9807
116.362 39.9807
116.363 39.9821
116.361 39.9806
116.359 39.977
116.359 39.9767
116.375 39.9754
116.392 39.9867
116.409 39.9871
116.418 39.9872
116.418 39.992
116.42 40.0007
116.42 40.0011
116.411 39.9975
116.408 39.9977
116.404 39.9976
116.403 39.9978
116.461 40.0023
116.397 39.9993
116.398 39.9993
116.398 40.0013
116.394 39.9956
116.359 39.986
116.347 39.9772
116.342 39.9664
116.336 39.9663
116.325 39.9663
116.321 39.9663
116.319 39.9663
116.319 39.9706
116.32 39.9749
116.328 39.9815
116.327 39.9827
116.331 39.9889
116.328 39.9916
116.325 39.9849
116.321 39.9899
116.321 39.9892
116.317 39.984
116.319 39.983
116.318 39.9715
116.317 39.9705
116.317 39.9689
116.317 39.9697
116.317 39.9706
116.324 39.9749
116.328 39.9726
116.328 39.9652
116.328 39.9607
116.317 39.9549
116.318 39.9505
116.308 39.9493
116.311 39.9506
116.317 39.9522
116.317 39.952
116.318 39.9511
116.322 39.9558
116.334 39.9565
116.348 39.9566
116.349 39.9619
116.348 39.9553
116.349 39.9368
116.349 39.9277
116.347 39.9193
116.347 39.9182
116.332 39.9171
116.328 39.9121
116.328 39.9121
116.315 39.9075
116.315 39.9057
116.315 39.8969
116.313 39.896
116.315 39.9025
116.318 39.906
116.346 39.9033
116.347 39.9017
116.365 39.898
116.367 39.8976
116.368 39.8945
116.368 39.8945
116.368 39.8925
116.368 39.8905
116.368 39.8901
116.368 39.888
116.368 39.882
116.37 39.8788
116.369 39.8773
116.368 39.8701
116.368 39.8695
116.365 39.8472
116.365 39.8464
116.364 39.8384
116.364 39.8377
116.359 39.8159
116.359 39.8147
116.379 39.802
116.38 39.8021
116.397 39.8031
116.397 39.8031
116.396 39.8209
116.396 39.8209
116.373 39.836
116.373 39.8372
116.37 39.8491
116.37 39.8491
116.37 39.8513
116.362 39.8495
116.362 39.8495
116.359 39.8441
116.36 39.8534
116.373 39.8557
116.425 39.8571
116.444 39.8582
116.455 39.8934
116.456 39.9084
116.456 39.949
116.452 39.9597
116.49 39.9939
116.551 40.0281
116.567 40.0354
116.579 40.0468
116.582 40.0499
116.584 40.0575
116.584 40.0596
116.582 40.0685
116.582 40.0716
116.583 40.0765
116.579 40.0473
116.571 40.0393
116.518 40.017
116.502 40.0051
116.463 39.9694
116.45 39.9582
116.441 39.9663
116.441 39.9665
116.424 39.9683
116.42 39.9684
116.42 39.9684
116.42 39.9609
116.419 39.9609
116.399 39.9577
116.399 39.9585
116.396 39.966
116.393 39.9645
116.396 39.9641
116.39 39.9678
116.359 39.9665
116.323 39.9661
116.303 39.9511
116.304 39.9255
116.304 39.8983
116.313 39.8956
116.315 39.895
116.317 39.8955
116.324 39.8896
116.32 39.8888
116.331 39.8836
116.331 39.8834
116.336 39.8883
116.342 39.8878
116.341 39.8732
116.339 39.8725
116.339 39.8724
116.34 39.8724
116.341 39.8824
116.341 39.8879
116.341 39.8879
116.344 39.8895
116.346 39.8909
116.345 39.8884
116.34 39.8887
116.321 39.8888
116.32 39.8831
116.319 39.8835
116.318 39.885
116.325 39.8834
116.326 39.8832
116.333 39.8869
116.333 39.8884
116.341 39.8773
116.341 39.874
116.341 39.8831
116.346 39.8969
116.351 39.901
116.359 39.9126
116.361 39.9105
116.366 39.9075
116.368 39.8988
116.368 39.8953
116.362 39.8865
116.361 39.8843
116.361 39.8843
116.353 39.882
116.353 39.8812
116.356 39.8788
116.368 39.8706
116.392 39.8692
116.393 39.8566
116.396 39.8531
116.407 39.8554
116.407 39.8554
116.428 39.8609
116.428 39.8613
116.429 39.8786
116.425 39.8866
116.43 39.9049
116.429 39.9112
116.429 39.9314
116.421 39.9389
116.419 39.9485
116.419 39.9597
116.419 39.9629
116.424 39.9687
116.414 39.9787
116.412 39.9789
116.415 39.9845
116.415 39.9851
116.414 39.9844
116.414 39.9828
116.411 39.9717
116.409 39.9679
116.374 39.967
116.373 39.9565
116.37 39.9472
116.373 39.9445
116.368 39.9314
116.362 39.9311
116.347 39.9221
116.347 39.9205
116.338 39.9268
116.337 39.9269
116.35 39.9117
116.35 39.9006
116.368 39.8942
116.368 39.8938
116.368 39.8839
116.368 39.8662
116.367 39.8623
116.367 39.8623
116.365 39.8497
116.369 39.8517
116.37 39.8499
116.359 39.8667
116.368 39.884
116.368 39.8776
116.365 39.8643
116.363 39.8653
116.368 39.8685
116.387 39.8794
116.388 39.8853
116.382 39.8822
116.382 39.8645
116.381 39.8564
116.38 39.8553
116.381 39.8481
116.366 39.8578
116.368 39.8655
116.368 39.8766
116.35 39.8821
116.353 39.8797
116.347 39.8807
116.347 39.8807
116.347 39.8768
116.348 39.8678
116.352 39.8648
116.353 39.8644
116.356 39.8652
116.358 39.8643
116.359 39.8689
116.348 39.8672
116.343 39.8901
116.34 39.8966
116.311 39.9223
116.317 39.9222
116.338 39.9218
116.338 39.9267
116.347 39.9269
116.342 39.9269
116.345 39.9308
116.339 39.9286
116.34 39.9282
116.338 39.936
116.342 39.9358
116.345 39.9369
116.349 39.9308
116.35 39.9064
116.342 39.8913
116.342 39.8635
116.34 39.8484
116.369 39.8555
116.374 39.8504
116.372 39.8423
116.368 39.8383
116.379 39.8407
116.38 39.8389
116.355 39.8299
116.338 39.8298
116.282 39.8328
116.281 39.8391
116.283 39.8444
116.288 39.8462
116.289 39.8456
116.289 39.8456
116.277 39.8537
116.278 39.8619
116.289 39.8747
116.288 39.8693
116.288 39.8626
116.283 39.8541
116.282 39.8544
116.286 39.8539
116.288 39.856
116.288 39.8641
116.279 39.8645
116.268 39.8859
116.269 39.919
116.269 39.9437
116.273 39.9591
116.275 39.9601
116.278 39.956
116.269 39.962
116.268 39.9436
116.268 39.9114
116.268 39.9114
116.272 39.8956
116.302 39.895
116.305 39.8803
116.316 39.8511
116.344 39.8496
116.384 39.8556
116.413 39.8557
116.432 39.8573
116.453 39.8576
116.466 39.837
116.47 39.8269
116.468 39.8297
116.469 39.8267
116.473 39.8263
116.467 39.8361
116.459 39.8334
116.453 39.8323
116.441 39.8312
116.391 39.8308
116.358 39.8299
116.34 39.8462
116.324 39.8478
116.306 39.8719
116.315 39.895
116.316 39.8951
116.316 39.8951
116.335 39.896
116.35 39.8972
116.368 39.8979
116.368 39.8979
116.368 39.8835
116.37 39.8819
116.376 39.8794
116.376 39.8794
116.368 39.8696
116.359 39.868
116.34 39.8514
116.34 39.8514
116.332 39.8479
116.319 39.8465
116.312 39.8469
116.308 39.8504
116.31 39.847
116.329 39.8475
116.341 39.8474
116.343 39.8824
116.344 39.8878
116.368 39.8877
116.377 39.8879
116.394 39.8901
116.395 39.8905
116.406 39.8991
116.406 39.8994
116.39 39.8988
116.382 39.899
116.368 39.8959
116.368 39.8934
116.368 39.882
116.368 39.8789
116.368 39.8699
116.368 39.876
116.375 39.8815
116.372 39.8818
116.368 39.8666
116.37 39.8513
116.37 39.8508
116.37 39.8505
116.37 39.8505
116.37 39.8505
116.37 39.8505
116.37 39.8505
116.37 39.8505
116.37 39.8505
116.37 39.8505
116.37 39.8505
116.37 39.8505
116.37 39.8505
116.359 39.8495
116.359 39.8448
116.357 39.8587
116.357 39.858
116.362 39.8491
116.362 39.8446
116.363 39.8444
116.365 39.8521
116.371 39.8689
116.4 39.8705
116.433 39.8674
116.435 39.8644
116.436 39.8644
116.433 39.8646
116.426 39.8594
116.427 39.8484
116.418 39.8518
116.42 39.8569
116.39 39.8708
116.376 39.8783
116.376 39.8819
116.381 39.8804
116.386 39.8794
116.369 39.8772
116.365 39.8772
116.368 39.8648
116.365 39.8539
116.383 39.8536
116.381 39.8546
116.377 39.8566
116.374 39.8608
116.381 39.8638
116.383 39.8706
116.351 39.8671
116.343 39.8848
116.35 39.9076
116.361 39.9272
116.347 39.923
116.339 39.9269
116.328 39.9286
116.333 39.9264
116.338 39.9225
116.35 39.9164
116.35 39.915
116.35 39.899
116.343 39.8965
116.33 39.8668
116.33 39.865
116.335 39.8583
116.335 39.8588
116.334 39.8614
116.335 39.8614
116.357 39.8578
116.356 39.8574
116.348 39.8602
116.343 39.8596
116.33 39.8665
116.331 39.8721
116.331 39.8759
116.331 39.8759
116.32 39.8872
116.32 39.8915
116.315 39.8971
116.316 39.899
116.323 39.9003
116.323 39.8995
116.336 39.8938
116.336 39.8938
116.344 39.8893
116.343 39.893
116.35 39.9242
116.35 39.9304
116.37 39.9314
116.373 39.9316
116.402 39.932
116.403 39.9323
116.409 39.9393
116.41 39.9393
116.407 39.9321
116.403 39.9321
116.388 39.9397
116.388 39.9459
116.374 39.966
116.375 39.9727
116.379 39.9794
116.379 39.9795
116.381 39.9757
116.376 39.9754
116.37 39.9669
116.364 39.9666
116.319 39.9661
116.307 39.9628
116.303 39.9572
116.304 39.9163
116.304 39.9083
116.271 39.8958
116.261 39.8958
116.23 39.9009
116.23 39.9018
116.249 39.9025
116.254 39.9026
116.268 39.9074
116.269 39.913
116.27 39.9579
116.269 39.9653
116.248 39.9823
116.246 39.9859
116.262 40.0016
116.264 40.0042
116.264 40.0042
116.259 40.0214
116.263 40.0303
116.266 40.0311
116.28 40.0212
116.287 40.0227
116.287 40.0257
116.287 40.0257
116.287 40.0242
116.287 40.0239
116.287 40.0245
116.308 40.0228
116.309 40.0172
116.309 39.999
116.309 39.9978
116.327 39.9846
116.336 39.985
116.347 39.9661
116.355 39.9662
116.37 39.9651
116.371 39.965
116.372 39.9669
116.363 39.9668
116.312 39.9646
116.303 39.9614
116.303 39.9239
116.305 39.9245
116.31 39.9266
116.317 39.9267
116.327 39.9267
116.32 39.9308
116.315 39.9311
116.308 39.9346
116.31 39.9383
116.311 39.9382
116.319 39.9326
116.321 39.922
116.328 39.9124
116.317 39.9098
116.319 39.9061
116.345 39.9057
116.347 39.9017
116.347 39.9016
116.347 39.9018
116.347 39.9018
116.347 39.9018
116.347 39.9018
116.35 39.8978
116.361 39.8981
116.368 39.8919
116.368 39.8885
116.368 39.8648
116.364 39.8615
116.362 39.864
116.366 39.8615
116.366 39.8615
116.366 39.8615
116.366 39.8615
116.365 39.85
116.369 39.8518
116.37 39.8513
116.37 39.8513
116.37 39.8513
116.37 39.8513
116.37 39.8513
116.37 39.8513
116.37 39.8513
116.37 39.8513
116.37 39.8513
116.37 39.8513
116.37 39.8513
116.37 39.8513
116.37 39.8513
116.37 39.8513
116.367 39.8606
116.368 39.8623
116.44 39.8795
116.438 39.8927
116.429 39.9161
116.429 39.9161
116.432 39.9231
116.44 39.9244
116.44 39.9236
116.44 39.9245
116.44 39.9256
116.428 39.9333
116.428 39.9453
116.419 39.9522
116.419 39.9545
116.419 39.9674
116.418 39.9723
116.433 39.9872
116.448 39.9797
116.459 39.9867
116.461 39.986
116.46 39.9768
116.454 39.9768
116.452 39.9876
116.457 39.9902
116.459 39.9999
116.461 39.996
116.452 39.9987
116.45 39.9959
116.433 39.9879
116.428 39.9923
116.419 40.001
116.419 40.0021
116.419 39.9993
116.418 39.9977
116.408 39.9876
116.405 39.9876
116.406 39.9926
116.407 39.9936
116.419 39.9995
116.419 40.0011
116.419 40.0011
116.412 39.9975
116.412 39.9975
116.41 39.9742
116.408 39.9741
116.403 39.9795
116.403 39.9795
116.402 39.978
116.406 39.9758
116.404 39.9761
116.411 39.978
116.411 39.9745
116.415 39.9606
116.415 39.9606
116.42 39.9608
116.419 39.9608
116.412 39.9646
116.412 39.9671
116.414 39.982
116.414 39.982
116.418 39.986
116.419 39.9874
116.413 39.9821
116.412 39.9821
116.399 39.9736
116.397 39.9739
116.396 39.9689
116.399 39.9701
116.4 39.9719
116.415 39.9676
116.413 39.9608
116.403 39.9608
116.392 39.9621
116.389 39.962
116.385 39.9557
116.381 39.953
116.373 39.9515
116.372 39.9567
116.364 39.966
116.365 39.9568
116.36 39.9568
116.359 39.9511
116.361 39.9505
116.361 39.9513
116.366 39.9478
116.371 39.9472
116.412 39.9479
116.427 39.9456
116.428 39.9127
116.424 39.9109
116.421 39.9044
116.421 39.904
116.41 39.9
116.41 39.9
116.393 39.8989
116.391 39.8989
116.37 39.906
116.369 39.9059
116.358 39.9138
116.359 39.9167
116.362 39.9355
116.362 39.9355
116.358 39.9412
116.358 39.9419
116.353 39.9335
116.353 39.9314
116.35 39.9144
116.35 39.9106
116.343 39.8756
116.343 39.8712
116.382 39.8648
116.381 39.8639
116.374 39.8597
116.374 39.859
116.374 39.859
116.381 39.8549
116.381 39.8522
116.392 39.8439
116.392 39.8439
116.394 39.8438
116.395 39.816
116.396 39.8131
116.397 39.8124
116.397 39.8123
116.395 39.8319
116.395 39.8351
116.389 39.844
116.385 39.8439
116.37 39.8489
116.37 39.8489
116.369 39.8515
116.37 39.8515
116.37 39.8515
116.37 39.8515
116.37 39.8515
116.37 39.8515
116.37 39.8515
116.37 39.8515
116.37 39.8515
116.37 39.8515
116.37 39.8515
116.37 39.8515
116.37 39.8515
116.37 39.8515
116.37 39.8515
116.37 39.8515
116.37 39.8515
116.37 39.8515
116.37 39.8515
116.37 39.8515
116.37 39.8515
116.37 39.8515
116.37 39.8515
116.364 39.8494
116.359 39.8499
116.396 39.8556
116.412 39.8556
116.415 39.8789
116.421 39.8797
116.434 39.8826
116.443 39.8831
116.445 39.8717
116.445 39.8712
116.439 39.8683
116.438 39.8645
116.433 39.8645
116.433 39.8645
116.409 39.8639
116.407 39.868
116.39 39.8711
116.342 39.8676
116.341 39.8568
116.339 39.8436
116.343 39.8445
116.353 39.8445
116.357 39.8445
116.34 39.8459
116.339 39.8492
116.307 39.8645
116.305 39.8774
116.315 39.8949
116.316 39.8953
116.316 39.9093
116.313 39.9098
116.292 39.9252
116.291 39.94
116.291 39.94
116.299 39.9912
116.299 39.985
116.31 39.9846
116.314 39.984
116.319 39.9799
116.319 39.9682
116.317 39.9579
116.316 39.9569
116.314 39.9523
116.315 39.9524
116.311 39.9465
116.311 39.9465
116.311 39.9518
116.318 39.9504
116.319 39.9379
116.363 39.9465
116.387 39.9476
116.404 39.9481
116.402 39.9564
116.412 39.9528
116.416 39.948
116.428 39.9395
116.433 39.9373
116.433 39.9373
116.43 39.9325
116.424 39.9353
116.424 39.9352
116.419 39.9429
116.419 39.9516
116.419 39.9556
116.412 39.9673
116.412 39.9673
116.39 39.9673
116.371 39.9668
116.348 39.9744
116.347 39.9995
116.339 39.9996
116.329 39.996
116.319 40.012
116.317 40.0164
116.315 40.017
116.313 40.0068
116.309 40.0043
116.315 40.0045
116.32 40.0048
116.331 39.9979
116.331 39.9954
116.347 39.9849
116.348 39.9774
116.371 39.9667
116.382 39.9669
116.389 39.948
116.389 39.948
116.406 39.9477
116.414 39.948
116.428 39.9181
116.428 39.9113
116.42 39.9038
116.421 39.9038
116.412 39.8969
116.412 39.892
116.414 39.8831
116.415 39.8728
116.418 39.8563
116.422 39.849
116.435 39.8306
116.445 39.8248
116.445 39.8248
116.444 39.8255
116.438 39.8257
116.433 39.8289
116.405 39.8311
116.396 39.831
116.37 39.8411
116.37 39.8485
116.369 39.8514
116.369 39.8515
116.369 39.8515
116.369 39.8515
116.369 39.8515
116.369 39.8515
116.369 39.8515
116.369 39.8515
116.369 39.8515
116.369 39.8515
116.369 39.8515
116.369 39.8515
116.369 39.8515
116.369 39.8515
116.369 39.8515
116.369 39.8515
116.369 39.8515
116.369 39.8515
116.365 39.8539
116.365 39.8617
116.362 39.8666
116.357 39.8687
116.349 39.8683
116.345 39.8745
116.344 39.8854
116.344 39.8854
116.351 39.9004
116.355 39.9107
116.367 39.9102
116.365 39.909
116.368 39.9051
116.368 39.8993
116.368 39.8915
116.362 39.888
116.368 39.8834
116.364 39.8786
116.364 39.8772
116.358 39.8742
116.362 39.8723
116.367 39.8757
116.364 39.877
116.364 39.877
116.368 39.8777
116.368 39.8777
116.368 39.8872
116.368 39.8872
116.37 39.8939
116.368 39.8974
116.372 39.9046
116.372 39.9046
116.375 39.9032
116.378 39.8989
116.371 39.8986
