116.304 39.8879
116.289 39.8787
116.288 39.8652
116.322 39.8667
116.358 39.8674
116.358 39.8659
116.358 39.866
116.358 39.8662
116.358 39.8652
116.351 39.8553
116.348 39.8529
116.343 39.8486
116.384 39.8556
116.453 39.858
116.499 39.8182
116.529 39.7946
116.537 39.789
116.537 39.789
116.537 39.7904
116.517 39.7979
116.503 39.7915
116.477 39.7911
116.515 39.7978
116.526 39.7993
116.537 39.789
116.537 39.789
116.537 39.789
116.538 39.7899
116.499 39.8028
116.48 39.8
116.456 39.8167
116.442 39.8306
116.432 39.8577
116.389 39.8558
116.338 39.8481
116.308 39.8645
116.306 39.873
116.32 39.8756
116.32 39.8842
116.323 39.8951
116.306 39.896
116.315 39.8739
116.33 39.8771
116.344 39.8881
116.35 39.9161
116.35 39.93
116.315 39.9662
116.308 39.9816
116.311 39.9765
116.334 39.9663
116.374 39.9467
116.373 39.9422
116.406 39.9477
116.428 39.9319
116.446 39.9256
116.449 39.9219
116.444 39.9074
116.455 39.8962
116.453 39.8865
116.438 39.8894
116.43 39.907
116.401 39.9066
116.386 39.909
116.386 39.8992
116.386 39.8992
116.396 39.8907
116.406 39.8956
116.411 39.8957
116.413 39.8958
116.424 39.8922
116.443 39.8832
116.444 39.8669
116.434 39.8644
116.433 39.8645
116.43 39.8646
116.416 39.8642
116.413 39.8905
116.406 39.8995
116.394 39.8989
116.368 39.8979
116.378 39.8962
116.385 39.8884
116.406 39.8914
116.417 39.8849
116.419 39.883
116.445 39.8831
116.451 39.8749
116.445 39.8748
116.441 39.8704
116.439 39.8832
116.419 39.8993
116.429 39.9035
116.43 39.899
116.434 39.8856
116.445 39.8763
116.454 39.8674
116.432 39.859
116.439 39.8665
116.441 39.8704
116.441 39.8704
116.439 39.8844
116.415 39.8826
116.412 39.8719
116.37 39.8697
116.379 39.8683
116.381 39.8597
116.382 39.8594
116.359 39.869
116.367 39.8687
116.385 39.8594
116.383 39.8706
116.368 39.8806
116.368 39.8878
116.368 39.8878
116.361 39.8858
116.365 39.8819
116.363 39.8879
116.383 39.8883
116.406 39.8914
116.406 39.9017
116.407 39.9126
116.411 39.9216
116.426 39.9248
116.376 39.9212
116.376 39.9113
116.37 39.9086
116.354 39.9059
116.328 39.9064
116.353 39.8976
116.357 39.8897
116.353 39.8868
116.358 39.8727
116.383 39.8698
116.487 39.8271
116.515 39.7978
116.514 39.7978
116.514 39.7978
116.524 39.8012
116.537 39.789
116.537 39.789
116.537 39.789
116.537 39.789
116.537 39.789
116.519 39.7988
116.497 39.8016
116.474 39.8006
116.448 39.8227
116.441 39.8369
116.445 39.8584
116.404 39.8558
116.393 39.8785
116.387 39.8837
116.392 39.885
116.392 39.885
116.415 39.8857
116.412 39.8987
116.417 39.8852
116.436 39.883
116.444 39.8702
116.445 39.8803
116.439 39.8938
116.43 39.9016
116.428 39.9297
116.414 39.948
116.367 39.9473
116.355 39.9438
116.349 39.9387
116.349 39.9231
116.35 39.9226
116.353 39.9171
116.367 39.9204
116.384 39.9208
116.401 39.9138
116.412 39.9093
116.405 39.9002
116.421 39.8961
116.433 39.8927
116.433 39.8927
116.425 39.8926
116.416 39.9014
116.421 39.9132
116.422 39.9179
116.42 39.9293
116.419 39.9469
116.413 39.9522
116.403 39.9578
116.402 39.9402
116.393 39.9394
116.386 39.9397
116.374 39.9458
116.367 39.9313
116.341 39.931
116.314 39.9312
116.304 39.9102
116.304 39.8914
116.297 39.8851
116.295 39.8833
116.295 39.8835
116.302 39.8781
116.309 39.866
116.315 39.8739
116.33 39.8814
116.352 39.888
116.364 39.8819
116.375 39.8775
116.387 39.884
116.382 39.8644
116.381 39.8563
116.374 39.8494
116.373 39.8307
116.338 39.8215
116.331 39.8218
116.331 39.8218
116.324 39.8084
116.33 39.8096
116.33 39.8112
116.323 39.7973
116.326 39.7994
116.339 39.8219
116.355 39.8445
116.365 39.8497
116.374 39.8388
116.381 39.8461
116.391 39.8531
116.408 39.8554
116.409 39.8427
116.409 39.8403
116.408 39.8465
116.389 39.8558
116.381 39.8546
116.388 39.8525
116.388 39.8524
116.413 39.8557
116.455 39.8791
116.477 39.8886
116.463 39.8831
116.463 39.8831
116.456 39.883
116.449 39.8611
116.453 39.8318
116.453 39.8304
116.448 39.85
116.451 39.8634
116.462 39.8503
116.424 39.831
116.395 39.8386
116.397 39.8554
116.431 39.8574
116.433 39.8447
116.439 39.851
116.432 39.8589
116.438 39.8711
116.43 39.9024
116.428 39.9193
116.428 39.932
116.414 39.9481
116.392 39.9477
116.373 39.9565
116.371 39.9567
116.36 39.9454
116.342 39.9383
116.342 39.9383
116.304 39.9386
116.316 39.9222
116.357 39.8937
116.36 39.8852
116.365 39.8771
116.38 39.8696
116.42 39.8567
116.517 39.8009
116.537 39.789
116.529 39.7958
116.503 39.8045
116.475 39.7993
116.45 39.8214
116.441 39.8345
116.444 39.8581
116.433 39.8492
116.419 39.8483
116.425 39.857
116.433 39.8556
116.455 39.8857
116.456 39.9049
116.471 39.9068
116.494 39.9217
116.526 39.9225
116.554 39.9256
116.554 39.9257
116.553 39.9253
116.52 39.9226
116.496 39.9218
116.483 39.9145
116.472 39.9045
116.472 39.9045
116.458 39.8959
116.453 39.8865
116.45 39.8758
116.455 39.8703
116.536 39.7905
116.537 39.789
116.537 39.789
116.537 39.789
116.537 39.789
116.563 39.7994
116.581 39.8265
116.614 39.854
116.634 39.8737
116.651 39.8928
116.659 39.907
116.659 39.9072
116.649 39.8885
116.651 39.8883
116.649 39.8872
116.648 39.8871
116.632 39.8717
116.602 39.8449
116.573 39.8173
116.567 39.8102
116.56 39.797
116.537 39.7901
116.537 39.7901
116.537 39.789
116.535 39.7904
116.537 39.7905
116.562 39.7986
116.551 39.8227
116.551 39.8227
116.544 39.8441
116.543 39.844
116.561 39.7964
116.536 39.7905
116.537 39.789
116.535 39.7904
116.489 39.8025
116.466 39.8075
116.442 39.828
116.426 39.8553
116.426 39.8645
116.439 39.8654
116.445 39.8749
116.445 39.8749
116.45 39.8819
116.455 39.8979
116.471 39.9143
116.484 39.9182
116.471 39.9072
116.433 39.9072
116.434 39.9227
116.444 39.9378
116.446 39.9543
116.455 39.9482
116.455 39.9437
116.449 39.9429
116.455 39.9437
116.455 39.9409
116.461 39.9294
116.465 39.9258
116.467 39.9222
116.445 39.9216
116.43 39.9233
116.417 39.907
116.412 39.9137
116.412 39.908
116.413 39.8883
116.416 39.8606
116.381 39.853
116.381 39.853
116.372 39.8388
116.376 39.8388
116.381 39.8548
116.377 39.8696
116.361 39.8823
116.377 39.8879
116.392 39.8785
116.415 39.8644
116.432 39.8645
116.449 39.8749
116.45 39.8831
116.408 39.887
116.425 39.8923
116.445 39.8804
116.462 39.8727
116.455 39.87
116.444 39.8586
116.455 39.8697
116.479 39.8754
116.494 39.8615
116.494 39.8709
116.464 39.87
116.464 39.87
116.453 39.865
116.447 39.8608
116.447 39.8608
116.439 39.8605
116.439 39.8655
116.427 39.8481
116.427 39.8481
116.422 39.8384
116.426 39.8551
116.429 39.8646
116.432 39.8576
116.447 39.8531
116.424 39.8572
116.406 39.8916
116.393 39.8989
116.385 39.9135
116.397 39.9236
116.397 39.9069
116.378 39.8987
116.342 39.8956
116.328 39.8874
116.329 39.888
116.333 39.8885
116.358 39.8819
116.368 39.8757
116.358 39.8695
116.368 39.8772
116.379 39.8881
116.412 39.8916
116.435 39.8922
116.455 39.892
116.455 39.892
116.456 39.8749
116.445 39.8727
116.443 39.8749
116.462 39.8798
116.498 39.8745
116.508 39.8649
116.494 39.8738
116.472 39.8702
116.454 39.8677
116.438 39.8578
116.438 39.8573
116.441 39.8315
116.465 39.8087
116.493 39.8042
116.515 39.7979
116.523 39.8008
116.537 39.789
116.537 39.789
116.542 39.7822
116.544 39.7645
116.576 39.751
116.562 39.7668
116.542 39.7749
116.537 39.7903
116.523 39.8009
116.497 39.8015
116.478 39.7996
116.415 39.831
116.342 39.83
116.343 39.8765
116.351 39.9117
116.35 39.9066
116.35 39.925
116.35 39.9287
116.35 39.9287
116.353 39.9486
116.349 39.94
116.349 39.94
116.315 39.895
116.315 39.8886
116.343 39.8657
116.354 39.8651
116.343 39.8907
116.298 39.9633
116.297 39.9576
116.304 39.9231
116.303 39.9047
116.317 39.899
116.315 39.8911
116.321 39.8773
116.307 39.881
116.321 39.8758
116.33 39.8835
116.354 39.888
116.369 39.8954
116.384 39.9014
116.38 39.9059
116.33 39.9063
116.313 39.8992
116.335 39.8961
116.357 39.8941
116.358 39.8764
116.358 39.8764
116.367 39.8687
116.362 39.8743
116.368 39.8935
116.368 39.898
116.377 39.9056
116.371 39.911
116.368 39.9094
116.378 39.9049
116.412 39.9067
116.421 39.9039
116.406 39.8995
116.388 39.8989
116.368 39.8985
116.36 39.8984
116.338 39.8966
116.315 39.895
116.316 39.8921
116.304 39.8951
116.277 39.899
116.274 39.8919
116.292 39.8956
116.311 39.886
116.311 39.8791
116.336 39.8771
116.336 39.8771
116.342 39.8882
116.357 39.8952
116.352 39.8879
116.358 39.8765
116.368 39.8694
116.384 39.8831
116.381 39.8747
116.384 39.8508
116.402 39.8556
116.41 39.8518
116.418 39.8545
116.424 39.8637
116.441 39.8574
116.434 39.8645
116.425 39.8645
116.438 39.8723
116.439 39.8742
116.439 39.8743
116.43 39.9069
116.473 39.9067
116.489 39.9217
116.515 39.9225
116.54 39.9132
116.538 39.9151
116.538 39.9151
116.514 39.9071
116.484 39.8848
116.479 39.8343
116.516 39.7977
116.518 39.7986
116.537 39.789
116.537 39.789
116.538 39.7892
116.522 39.7876
116.499 39.8029
116.486 39.7917
116.477 39.7954
116.456 39.817
116.441 39.8412
116.433 39.8527
116.433 39.8569
116.433 39.868
116.433 39.8747
116.428 39.8798
116.439 39.8804
116.445 39.8797
116.445 39.8748
116.471 39.8699
116.484 39.8763
116.484 39.9018
116.484 39.9193
116.467 39.9325
116.467 39.9325
116.445 39.94
116.429 39.9397
116.411 39.9396
116.406 39.9406
116.406 39.9408
116.406 39.9404
116.403 39.9394
116.397 39.9386
116.39 39.9395
116.39 39.9294
116.385 39.9212
116.389 39.8975
116.383 39.8881
116.421 39.8827
116.445 39.8798
116.439 39.8743
116.455 39.8922
116.471 39.8942
116.455 39.8835
116.445 39.8804
116.45 39.8799
116.44 39.8805
116.44 39.8805
116.425 39.8936
116.406 39.8996
116.401 39.9096
116.408 39.9094
116.407 39.901
116.416 39.8641
116.434 39.8696
116.433 39.8733
116.413 39.8702
116.393 39.8558
116.395 39.8328
116.417 39.8306
116.481 39.833
116.515 39.7978
116.518 39.7986
116.537 39.789
