116.423 40.0652
116.423 40.0652
116.423 40.0652
116.426 40.0644
116.427 40.0637
116.427 40.0635
116.427 40.0635
116.43 40.0634
116.43 40.0633
116.431 40.0634
116.432 40.0634
116.444 39.9591
116.444 39.9589
116.453 39.953
116.455 39.9041
116.47 39.8424
116.471 39.8417
116.47 39.841
116.469 39.8391
116.46 39.8336
116.455 39.8323
116.442 39.8312
116.441 39.8312
116.441 39.831
116.444 39.826
116.443 39.8255
116.443 39.8254
116.444 39.8252
116.443 39.8253
116.443 39.8253
116.443 39.8254
116.443 39.8257
116.444 39.826
116.448 39.823
116.448 39.8228
116.448 39.823
116.446 39.8246
116.443 39.8274
116.442 39.8298
116.426 39.8363
116.426 39.8363
116.426 39.8364
116.426 39.8365
116.426 39.8365
116.426 39.8366
116.425 39.8368
116.425 39.8371
116.423 39.8377
116.423 39.8378
116.422 39.8386
116.422 39.8386
116.422 39.8387
116.422 39.8407
116.422 39.8424
116.422 39.8426
116.422 39.8432
116.422 39.848
116.422 39.8481
116.417 39.8484
116.417 39.8484
116.416 39.8483
116.416 39.8482
116.416 39.8455
116.416 39.8447
116.409 39.8446
116.408 39.852
116.408 39.852
116.408 39.8535
116.408 39.8535
116.408 39.8539
116.408 39.8541
116.408 39.8543
116.408 39.8543
116.408 39.8546
116.408 39.8547
116.408 39.855
116.408 39.8553
116.408 39.8554
116.408 39.8555
116.409 39.8556
116.411 39.8555
116.414 39.8556
116.415 39.8556
116.415 39.8556
116.415 39.8556
116.415 39.8556
116.415 39.8556
116.416 39.8555
116.416 39.8556
116.416 39.856
116.416 39.856
116.42 39.8565
116.421 39.8565
116.431 39.8575
116.431 39.8577
116.431 39.8578
116.426 39.8575
116.425 39.8604
116.424 39.862
116.424 39.864
116.425 39.8644
116.425 39.8646
116.424 39.8655
116.424 39.8657
116.424 39.8668
116.424 39.8668
116.424 39.8694
116.436 39.8693
116.436 39.8693
116.437 39.87
116.438 39.8707
116.44 39.8777
116.44 39.8778
116.438 39.8971
116.437 39.9007
116.438 39.9016
116.439 39.9021
116.489 39.9066
116.523 39.9081
116.523 39.9082
116.523 39.9085
116.515 39.9073
116.515 39.9073
116.515 39.9073
116.489 39.9071
116.485 39.9078
116.485 39.9079
116.484 39.9091
116.484 39.9091
116.483 39.9087
116.482 39.9074
116.481 39.9071
116.477 39.9072
116.476 39.9072
116.476 39.9073
116.476 39.9096
116.472 39.9096
116.472 39.9096
116.472 39.9119
116.471 39.9124
116.471 39.9124
116.471 39.9123
116.471 39.9124
116.47 39.9124
116.47 39.9124
116.47 39.9123
116.47 39.9124
116.471 39.9124
116.471 39.9124
116.471 39.9124
116.471 39.9124
116.472 39.9126
116.472 39.9127
116.472 39.9135
116.472 39.9175
116.472 39.921
116.472 39.9211
116.472 39.9214
116.472 39.9215
116.461 39.9221
116.461 39.9221
116.461 39.9231
116.461 39.9241
116.461 39.9247
116.461 39.9249
116.461 39.9254
116.461 39.9256
116.461 39.926
116.461 39.9265
116.461 39.9265
116.461 39.9271
116.461 39.9277
116.461 39.9279
116.461 39.928
116.456 39.9275
116.456 39.9276
116.456 39.9299
116.456 39.9355
116.456 39.9358
116.456 39.9419
116.456 39.9428
116.456 39.9456
116.456 39.9456
116.455 39.9435
116.455 39.9435
116.455 39.9431
116.455 39.9425
116.455 39.9425
116.449 39.9424
116.449 39.9425
116.449 39.9428
116.449 39.9466
116.449 39.9468
116.449 39.9469
116.449 39.947
116.444 39.9464
116.442 39.9475
116.44 39.9488
116.439 39.9498
116.439 39.9501
116.438 39.9513
116.438 39.9519
116.438 39.9518
116.438 39.9518
116.437 39.9518
116.434 39.9516
116.434 39.9517
116.433 39.9532
116.433 39.9534
116.433 39.9566
116.442 39.9619
116.44 39.9624
116.439 39.9625
116.439 39.9627
116.439 39.9629
116.439 39.963
116.438 39.9631
116.438 39.9634
116.438 39.9637
116.438 39.9637
116.432 39.9671
116.432 39.9672
116.43 39.9681
116.428 39.9686
116.428 39.9714
116.429 39.9745
116.432 39.9751
116.432 39.9752
116.432 39.9752
116.429 39.9756
116.427 39.9758
116.425 39.9762
116.425 39.9763
116.425 39.9768
116.425 39.9769
116.425 39.9819
116.425 39.9818
116.425 39.9823
116.425 39.9821
116.425 39.9821
116.401 40.0083
116.401 40.0083
116.38 40.0085
116.38 40.0083
116.38 40.0013
116.38 40.0008
116.38 40.0007
116.38 40.0007
116.376 40.0006
116.376 40.0005
116.376 40.0006
116.376 40.0006
116.376 40.0006
116.376 40.0006
116.376 40.0005
116.376 40.0005
116.374 40.0005
116.374 40.0007
116.374 40.0009
116.375 40.0052
116.375 40.0053
116.377 40.0055
116.38 40.0054
116.381 40.0085
116.406 40.0079
116.406 40.0079
116.406 40.0049
116.406 40.0048
116.411 40.0052
116.411 40.0023
116.411 40.0025
116.411 39.9977
116.412 40.0001
116.409 40.0662
116.433 39.9601
116.409 40.0659
116.409 40.0657
116.411 40.0554
116.411 40.0551
116.408 40.0549
116.408 40.0545
116.408 40.0598
116.408 40.0596
116.408 40.0599
116.408 40.0598
116.408 40.0596
116.409 40.0662
116.409 40.067
116.409 40.0661
116.409 40.0656
116.409 40.0654
116.409 40.0655
116.409 40.0654
116.409 40.0651
116.412 40.0629
116.408 40.0656
116.409 40.0658
116.408 40.0645
116.408 40.0645
116.407 40.0653
116.408 40.0656
116.41 40.0672
116.41 40.0677
116.411 40.0683
116.409 40.0659
116.411 40.0681
116.411 40.0677
116.409 40.0658
116.409 40.0659
116.409 40.0661
116.409 40.066
116.409 40.0665
116.409 40.0666
116.409 40.0666
116.409 40.0665
116.409 40.0665
116.407 40.0653
116.407 40.0652
116.407 40.0663
116.407 40.0663
116.407 40.0661
116.407 40.0634
116.406 40.0633
116.406 40.0633
116.403 40.0633
116.403 40.0632
116.403 40.0609
116.403 40.0605
116.403 40.0604
116.403 40.0602
116.403 40.0567
116.403 40.0565
116.403 40.0565
116.401 40.0562
116.401 40.0562
116.4 40.0562
116.4 40.0562
116.399 40.0561
116.399 40.0562
116.358 39.9177
116.358 39.9173
116.359 39.9173
116.361 39.9175
116.362 39.9175
116.363 39.9174
116.363 39.9173
116.365 39.9173
116.367 39.9172
116.367 39.9171
116.367 39.9148
116.367 39.9148
116.367 39.9147
116.367 39.9137
116.367 39.9136
116.367 39.9135
116.363 39.913
116.363 39.913
116.36 39.9126
116.36 39.9126
116.358 39.9128
116.358 39.9128
116.358 39.913
116.359 39.9216
116.359 39.9226
116.359 39.9227
116.359 39.9227
116.355 39.9226
116.354 39.9225
116.354 39.9225
116.347 39.9224
116.347 39.9226
116.347 39.9228
116.347 39.927
116.347 39.9268
116.347 39.9269
116.344 39.9269
116.344 39.9269
116.343 39.927
116.343 39.9273
116.343 39.9307
116.343 39.9352
116.343 39.9357
116.343 39.9357
116.345 39.9385
116.346 39.9386
116.346 39.9385
116.346 39.9382
116.346 39.9383
116.346 39.9386
116.346 39.9387
116.349 39.939
116.352 39.9387
116.352 39.9383
116.352 39.9369
116.35 39.9366
116.35 39.9367
116.35 39.9398
116.351 39.9395
116.35 39.9394
116.349 39.9394
116.349 39.9394
116.349 39.9396
116.349 39.9394
116.349 39.9365
116.349 39.9364
116.347 39.9363
116.347 39.9363
116.347 39.9363
116.347 39.9364
116.347 39.9366
116.346 39.9377
116.346 39.9386
116.346 39.9386
116.346 39.9387
116.347 39.9387
116.349 39.939
116.349 39.939
116.349 39.9389
116.35 39.9391
116.35 39.9391
116.35 39.939
116.35 39.939
116.35 39.9389
116.35 39.9388
116.35 39.9387
116.35 39.9384
116.35 39.9384
116.35 39.9385
116.35 39.9411
116.35 39.9419
116.351 39.9425
116.366 39.9474
116.405 39.9477
116.406 39.9478
116.424 39.9483
116.425 39.9481
116.427 39.9477
116.428 39.9457
116.427 39.9261
116.426 39.926
116.426 39.926
116.426 39.9259
116.426 39.9256
116.426 39.9241
116.426 39.9241
116.425 39.9235
116.425 39.9235
116.425 39.9234
116.425 39.9234
116.421 39.9233
116.415 39.923
116.415 39.9232
116.415 39.9229
116.414 39.9228
116.415 39.9228
116.416 39.9228
116.416 39.9228
116.416 39.9228
116.417 39.9228
116.417 39.9228
116.417 39.9228
116.418 39.9229
116.419 39.9228
116.419 39.9228
116.426 39.9228
116.427 39.9228
116.427 39.9227
116.427 39.9226
116.428 39.9226
116.428 39.9153
116.428 39.9111
116.428 39.911
116.428 39.911
116.426 39.9108
116.425 39.9109
116.425 39.9109
116.424 39.911
116.424 39.911
116.423 39.911
116.423 39.9109
116.423 39.911
116.421 39.9109
116.421 39.9109
116.421 39.9109
116.421 39.9107
116.421 39.9077
116.421 39.9058
116.421 39.9057
116.421 39.9042
116.421 39.9034
116.42 39.9034
116.421 39.9034
116.422 39.9034
116.422 39.9034
116.422 39.9036
116.426 39.9035
116.43 39.9034
116.43 39.9023
116.429 39.8997
116.428 39.8996
116.43 39.8996
116.43 39.8991
116.432 39.8983
116.432 39.8983
116.432 39.8986
116.43 39.8997
116.43 39.9004
116.43 39.9018
116.431 39.9019
116.432 39.9019
116.432 39.9021
116.431 39.9022
116.43 39.9034
116.43 39.9036
116.43 39.9038
116.43 39.9044
116.43 39.9049
116.43 39.9061
116.43 39.9061
116.43 39.9071
116.43 39.9071
116.434 39.9071
116.436 39.9071
116.455 39.9072
116.455 39.9072
116.455 39.9071
116.455 39.9062
116.456 39.9076
116.456 39.9076
116.456 39.9093
116.456 39.9121
116.456 39.9122
116.457 39.9122
116.467 39.9123
116.467 39.9123
116.47 39.9123
116.471 39.9122
116.471 39.9122
116.472 39.9128
116.472 39.9136
116.472 39.921
116.472 39.921
116.472 39.9215
116.479 39.9217
116.479 39.9217
116.479 39.9217
116.479 39.9219
116.479 39.9245
116.478 39.9246
116.479 39.9246
116.479 39.9249
116.479 39.9268
116.472 39.927
116.472 39.927
116.472 39.9295
116.472 39.9295
116.469 39.9295
116.467 39.9295
116.467 39.9295
116.464 39.9332
116.465 39.9324
116.465 39.9318
116.467 39.9261
116.467 39.926
116.467 39.926
116.467 39.9261
116.467 39.9293
116.467 39.9294
116.466 39.9295
116.466 39.9295
116.466 39.9293
116.465 39.9291
116.461 39.9282
116.456 39.9276
116.456 39.9277
116.456 39.9317
116.456 39.9322
116.456 39.9323
116.455 39.9325
116.455 39.9322
116.455 39.9322
116.445 39.9323
116.445 39.9323
116.43 39.9324
116.43 39.9324
116.43 39.9324
116.423 39.9421
116.424 39.9408
116.428 39.931
116.427 39.9311
116.427 39.9315
116.427 39.9315
116.426 39.9314
116.425 39.9311
116.425 39.931
116.424 39.931
116.422 39.931
116.4 39.932
116.351 39.931
116.351 39.931
116.351 39.931
116.35 39.9309
116.338 39.9207
116.338 39.921
116.338 39.9211
116.338 39.9211
116.338 39.9216
116.338 39.9218
116.338 39.9218
116.328 39.922
116.328 39.922
116.328 39.9222
116.328 39.9263
116.328 39.9267
116.328 39.9266
116.338 39.9268
116.338 39.9282
116.338 39.9283
116.338 39.9295
116.338 39.9295
116.338 39.9305
116.338 39.9359
116.338 39.9359
116.338 39.936
116.338 39.9359
116.339 39.9359
116.339 39.9359
116.339 39.9359
116.339 39.936
116.34 39.9361
116.34 39.9371
116.34 39.9372
116.345 39.9383
116.345 39.9384
116.345 39.9384
116.345 39.9384
116.345 39.9384
116.346 39.9385
116.346 39.9385
116.346 39.9384
116.346 39.9379
116.346 39.9379
116.347 39.9386
116.347 39.9365
116.347 39.9386
116.347 39.9387
116.347 39.9387
116.349 39.9389
116.352 39.939
116.353 39.9368
116.352 39.9367
116.352 39.9365
116.35 39.9365
116.35 39.9365
116.35 39.9398
116.35 39.9399
116.35 39.94
116.35 39.9395
116.35 39.9395
116.35 39.9394
116.349 39.9393
116.348 39.9394
116.349 39.9395
116.349 39.9395
116.349 39.9395
116.349 39.9364
116.348 39.9363
116.347 39.9363
116.347 39.9363
116.347 39.9362
116.347 39.9361
116.347 39.936
116.346 39.936
116.345 39.9357
116.345 39.9357
116.34 39.9359
116.34 39.9376
116.341 39.9382
116.342 39.9384
116.346 39.9388
116.349 39.9388
116.349 39.939
116.35 39.9418
116.351 39.9426
116.354 39.9432
116.366 39.947
116.374 39.9475
116.374 39.9475
116.414 39.9482
116.414 39.9482
116.425 39.9481
116.426 39.9479
116.427 39.9475
116.427 39.9466
116.428 39.9231
116.428 39.9222
116.429 39.9098
116.429 39.9096
116.429 39.9096
116.429 39.9094
116.43 39.904
116.426 39.9037
116.423 39.9038
116.423 39.9038
116.423 39.904
116.423 39.9042
116.423 39.9042
116.423 39.9043
116.423 39.9053
116.422 39.9062
116.423 39.9066
116.423 39.9068
116.423 39.9068
116.424 39.9069
116.426 39.9068
116.426 39.9067
116.426 39.9053
116.426 39.9039
116.426 39.9037
116.426 39.9036
116.427 39.9036
116.429 39.9036
116.43 39.9034
116.43 39.9032
116.43 39.9012
116.43 39.8998
116.429 39.8997
116.425 39.8993
116.425 39.8993
116.424 39.8993
116.424 39.8994
116.423 39.8993
116.423 39.8993
116.422 39.8995
116.422 39.8993
116.415 39.8991
116.414 39.8993
116.414 39.8996
116.394 39.9593
116.394 39.9593
116.414 39.8999
116.418 39.903
116.419 39.9034
116.42 39.9036
116.421 39.9036
116.421 39.9037
116.421 39.9038
116.421 39.9049
116.421 39.9052
116.421 39.9068
116.421 39.9068
116.421 39.9068
116.435 39.907
116.435 39.9069
116.433 39.9067
116.433 39.9066
116.435 39.9048
116.441 39.9059
116.441 39.9059
116.453 39.9068
116.454 39.9067
116.455 39.9067
116.458 39.9066
116.458 39.9062
108.944 28.4687
108.944 28.4687
116.41 39.9423
116.41 39.9423
116.41 39.9418
116.411 39.9418
116.411 39.9418
116.411 39.9419
116.411 39.9419
116.411 39.9419
116.412 39.9418
116.412 39.9418
116.414 39.9419
116.415 39.9418
116.416 39.9419
116.416 39.9419
116.417 39.9418
116.417 39.9418
116.417 39.9418
116.418 39.9421
116.418 39.9421
116.419 39.9418
116.419 39.9419
116.419 39.9419
116.419 39.94
116.419 39.9397
116.419 39.9397
116.42 39.9396
116.427 39.9397
116.427 39.9396
116.427 39.9393
116.427 39.9387
116.427 39.9382
116.427 39.9365
116.427 39.9365
116.427 39.936
116.428 39.9262
116.428 39.9262
116.426 39.926
116.426 39.9247
116.426 39.9247
116.426 39.9247
116.426 39.9241
116.426 39.9238
116.422 39.9233
116.412 39.923
116.411 39.9238
116.411 39.924
116.411 39.9258
116.411 39.9258
116.411 39.9259
116.411 39.9259
116.411 39.9271
116.411 39.9272
116.411 39.9291
116.411 39.9301
116.411 39.9305
116.411 39.931
116.411 39.9314
116.411 39.9367
116.411 39.9376
116.411 39.9382
116.411 39.9383
116.41 39.9387
116.41 39.9404
116.411 39.9425
116.41 39.9427
116.41 39.944
116.41 39.9477
116.41 39.9477
116.417 39.948
116.411 39.9479
116.411 39.9481
116.402 39.9485
116.402 39.9486
116.402 39.9506
116.402 39.9506
116.402 39.9512
116.402 39.9515
116.402 39.9515
116.402 39.9516
116.402 39.9519
116.402 39.9565
116.401 39.9592
116.401 39.9596
116.402 39.9604
116.402 39.9604
116.407 39.9606
116.408 39.9609
116.408 39.9609
116.408 39.9609
116.408 39.9609
116.408 39.961
116.408 39.961
116.405 39.9636
116.405 39.9671
116.405 39.9672
116.405 39.9673
116.41 39.9675
116.41 39.9675
116.41 39.9675
116.411 39.9675
116.411 39.9678
116.41 39.9678
116.406 39.9677
116.406 39.9678
116.396 39.9676
116.396 39.9678
116.396 39.9689
116.396 39.9689
116.396 39.9756
116.396 39.9756
116.398 39.9756
116.398 39.9756
116.398 39.9756
116.399 39.9756
116.4 39.9756
116.401 39.9755
116.401 39.9755
116.401 39.9754
116.401 39.9752
116.401 39.9742
116.401 39.9692
116.402 39.9645
116.401 39.9606
116.401 39.9606
116.401 39.9606
116.4 39.9606
116.399 39.9607
116.399 39.9607
116.399 39.9607
116.398 39.9607
116.397 39.9613
116.397 39.9616
116.396 39.9618
116.396 39.962
116.396 39.9622
116.396 39.967
116.396 39.967
116.399 39.9671
116.399 39.9672
116.399 39.9672
116.4 39.9672
116.4 39.9671
116.4 39.967
116.4 39.9669
116.4 39.967
116.401 39.967
116.401 39.9669
116.402 39.9671
116.402 39.9673
116.402 39.9678
116.401 39.9679
116.401 39.968
116.401 39.9682
116.401 39.9693
116.401 39.973
116.401 39.9736
116.401 39.974
116.401 39.9741
116.402 39.9817
116.41 39.982
116.411 39.982
116.411 39.9821
116.411 39.982
116.41 39.9818
116.404 39.9817
116.404 39.9817
116.404 39.9819
116.405 39.9838
116.405 39.984
116.405 39.984
116.405 39.984
116.405 39.9841
116.407 39.9866
116.407 39.9868
116.407 39.9869
116.407 39.987
116.407 39.987
116.407 39.987
116.41 39.9871
116.41 39.9871
116.411 39.987
116.414 39.9872
116.414 39.9872
116.414 39.9872
116.415 39.9872
116.416 39.9873
116.416 39.9873
116.416 39.9873
116.417 39.9873
116.403 39.9874
116.403 39.9875
116.401 39.9887
116.401 39.9901
116.402 39.991
116.401 39.9922
116.402 39.9926
116.402 39.9928
116.402 39.9936
116.402 39.9957
116.402 39.9969
116.402 39.9973
116.402 39.9973
116.402 39.9999
116.402 40.0004
116.402 40.0038
116.402 40.0039
116.402 40.0076
116.402 40.0077
116.402 40.02
116.402 40.02
116.404 40.0313
116.405 40.0314
116.41 40.0315
116.411 40.0315
116.412 40.0322
116.412 40.0313
116.428 39.988
116.428 39.988
116.428 39.988
116.412 40.0327
116.412 40.033
116.412 40.033
116.413 40.0331
116.413 40.0331
116.413 40.0331
116.413 40.0332
116.413 40.0333
116.412 40.0332
116.412 40.0331
116.41 40.0356
116.411 40.0316
116.411 40.0314
116.412 40.0308
116.412 40.0255
116.41 40.0081
116.411 40.0018
116.411 39.9977
116.41 39.9938
116.41 39.9938
116.406 39.9937
116.406 39.993
116.406 39.9925
116.406 39.9925
116.403 39.9911
116.403 39.9914
116.402 39.9902
116.402 39.9905
116.402 39.9904
116.402 39.9904
116.402 39.9904
116.402 39.9905
116.402 39.9908
116.402 39.991
116.402 39.9911
116.402 39.9913
116.402 39.9913
116.402 39.9917
116.402 39.9918
116.402 39.992
116.402 39.9922
116.402 39.9923
116.402 39.9933
116.402 39.9933
116.402 39.9931
116.402 39.9933
116.402 39.9935
116.402 39.9935
116.401 39.9937
116.401 39.9967
116.402 40.001
116.402 40.001
116.402 40.0039
116.401 40.004
116.401 40.0041
116.401 40.0041
116.4 40.004
116.4 40.004
116.4 40.0042
116.4 40.0043
116.4 40.0045
116.4 40.0045
116.4 40.0046
116.4 40.0048
116.4 40.0047
116.4 40.0047
116.4 40.0046
116.4 40.0046
116.4 40.0045
116.4 40.0045
116.4 40.0044
116.4 40.0041
116.398 40.0037
116.398 40.0036
116.398 40.0024
116.398 40.0024
116.398 40.0023
116.398 40.0022
116.398 40.0014
116.398 40.0011
116.398 40.0008
116.398 40.0005
116.398 39.9995
116.399 39.9983
116.399 39.9973
116.399 39.9973
116.399 39.9973
116.401 39.9973
116.401 39.9973
116.401 39.9967
116.409 40.0661
116.41 40.0662
116.41 40.0663
116.409 40.0663
116.409 40.0663
116.409 40.0663
116.409 40.066
116.409 40.0663
116.409 40.0662
116.409 40.0659
116.409 40.066
116.41 40.0658
116.41 40.0658
116.41 40.0659
116.409 40.0658
116.41 40.066
116.41 40.0659
116.41 40.066
116.409 40.0661
116.409 40.0662
116.409 40.066
116.413 40.0629
116.409 40.066
116.409 40.0659
116.409 40.066
116.409 40.0658
116.409 40.066
116.41 40.0658
116.409 40.0661
116.41 40.0659
116.409 40.0659
116.409 40.066
116.409 40.066
116.409 40.0661
116.409 40.066
116.409 40.066
116.409 40.0656
116.409 40.0657
116.41 40.0656
116.411 40.066
116.411 40.066
116.411 40.066
116.411 40.0662
116.411 40.0663
116.413 40.0637
116.412 40.0663
116.412 40.0663
116.414 40.0637
116.414 40.0628
116.415 40.0626
116.415 40.0623
116.416 40.0617
116.416 40.0616
116.416 40.062
116.416 40.0615
116.416 40.0616
116.416 40.0613
116.415 40.0619
116.414 40.0633
116.411 40.0671
116.409 40.066
116.409 40.066
116.409 40.0661
116.409 40.0661
116.409 40.066
116.409 40.066
116.412 40.0312
116.412 40.0312
116.388 39.95
116.388 39.95
116.389 39.95
116.389 39.9501
116.389 39.9481
116.401 39.9476
116.425 39.9482
116.427 39.9474
116.428 39.9222
116.429 39.9166
116.429 39.9134
116.43 39.8992
116.431 39.8986
116.432 39.8983
116.437 39.8972
116.437 39.8969
116.437 39.8953
116.437 39.8947
116.437 39.8945
116.437 39.8913
116.437 39.8913
116.437 39.8912
116.437 39.8912
116.436 39.8913
116.436 39.8912
116.435 39.8912
116.433 39.8911
116.433 39.8912
116.433 39.8919
116.433 39.8922
116.449 39.8921
116.45 39.8923
116.45 39.8924
116.45 39.8925
116.45 39.896
116.45 39.8961
116.451 39.8961
116.452 39.896
116.453 39.8959
116.453 39.8959
116.453 39.896
116.453 39.896
116.452 39.8964
116.453 39.8978
116.453 39.8977
116.452 39.897
116.452 39.8967
116.452 39.8965
116.452 39.8961
116.452 39.8959
116.455 39.8957
116.455 39.8936
116.455 39.8935
116.455 39.8931
116.455 39.8931
116.456 39.8939
116.456 39.9068
116.457 39.9069
116.457 39.907
116.485 39.9067
116.486 39.9065
116.486 39.9061
116.485 39.9058
116.485 39.9057
116.485 39.9057
116.484 39.9059
116.484 39.9061
116.482 39.9564
116.514 40.0151
116.571 40.0385
116.579 40.0465
116.579 40.0468
116.579 40.047
116.579 40.0471
116.58 40.0473
116.58 40.0474
116.584 40.0538
116.583 40.0762
116.584 40.0779
116.584 40.0786
116.583 40.0794
116.583 40.0794
116.582 40.0793
116.582 40.0793
116.582 40.0793
116.581 40.0792
116.581 40.079
116.581 40.0779
116.581 40.0774
116.582 40.0771
116.582 40.0769
116.583 40.077
116.583 40.0772
116.584 40.0775
116.584 40.0781
116.584 40.0786
116.584 40.0793
116.584 40.0793
116.584 40.0795
116.584 40.0795
116.583 40.0795
116.581 40.0792
116.581 40.0792
116.58 40.0792
116.58 40.0791
116.58 40.079
116.58 40.0767
116.58 40.0761
116.58 40.0758
116.581 40.0733
116.581 40.0721
116.582 40.066
116.582 40.0646
116.498 40.0891
116.497 40.0938
116.476 40.0928
116.462 40.0825
116.452 40.0806
116.451 40.0808
116.443 40.0807
116.443 40.0806
116.439 40.0797
116.436 40.078
116.436 40.0781
116.436 40.0781
116.436 40.0781
116.436 40.0781
116.436 40.0781
116.387 39.9693
116.388 39.9678
116.388 39.9677
116.376 39.9672
116.375 39.9729
116.376 39.9755
116.376 39.9755
116.376 39.9755
116.375 39.9756
116.375 39.9757
116.374 39.9809
116.374 39.9809
116.381 39.9811
116.381 39.9811
116.381 39.9812
116.381 39.9812
116.377 39.981
116.376 39.981
116.374 39.981
116.374 39.9811
116.373 39.9837
116.373 39.9837
116.373 39.9847
116.373 39.985
116.387 39.9862
116.387 39.986
116.387 39.9817
116.387 39.9813
116.387 39.9812
116.386 39.9812
116.384 39.9811
116.384 39.9811
116.384 39.981
116.385 39.981
116.385 39.9811
116.385 39.9812
116.385 39.9812
116.384 39.9811
116.382 39.9809
116.381 39.9815
116.381 39.989
116.382 39.9894
116.381 39.9963
116.381 39.9963
116.381 39.9961
116.381 39.9869
116.381 39.9868
116.381 39.9868
116.38 39.9868
116.38 39.9869
116.38 39.9873
116.38 39.9874
116.38 39.9877
116.38 39.9881
116.38 39.9883
116.38 39.9888
116.375 39.9893
116.375 39.9894
116.374 39.996
116.374 39.996
116.374 39.9961
116.374 39.9962
116.374 39.9963
116.38 39.9964
116.381 39.9963
116.381 39.9962
116.382 39.9819
116.381 39.981
116.381 39.9809
116.381 39.9807
116.381 39.9807
116.382 39.981
116.382 39.981
116.382 39.9811
116.382 39.9811
116.384 39.981
116.384 39.9809
116.384 39.9809
116.384 39.981
116.387 39.981
116.387 39.9808
116.387 39.9805
116.388 39.9774
116.387 39.973
116.387 39.973
116.387 39.9731
116.387 39.9729
116.387 39.9729
116.388 39.9729
116.388 39.9718
116.388 39.9717
116.388 39.9716
116.384 39.9716
116.384 39.9716
116.383 39.9716
116.382 39.9715
116.382 39.9715
116.382 39.9713
116.382 39.9693
116.382 39.9672
116.382 39.9671
116.381 39.9671
116.38 39.9671
116.38 39.9671
116.38 39.9671
116.378 39.9671
116.321 39.9661
116.321 39.9661
116.321 39.9661
116.32 39.9661
116.32 39.9661
116.316 39.9659
116.314 39.9657
116.314 39.9656
116.302 39.9614
116.299 39.9595
116.297 39.9592
116.297 39.9593
116.297 39.9607
116.297 39.9612
116.386 39.9668
116.387 39.9665
116.388 39.9665
116.388 39.9663
116.388 39.9623
116.389 39.9585
116.389 39.9477
116.39 39.9474
116.428 39.916
116.428 39.9143
116.428 39.9142
116.428 39.9142
116.421 39.9143
116.421 39.9142
116.421 39.9142
116.42 39.9139
116.42 39.9139
116.421 39.9074
116.421 39.9058
116.421 39.9055
116.421 39.9038
116.421 39.9038
116.421 39.9035
116.421 39.9035
116.421 39.9029
116.421 39.9028
116.419 39.9027
116.419 39.9027
116.419 39.9032
116.416 39.9014
116.415 39.9015
116.415 39.9019
116.414 39.9022
116.414 39.9023
116.413 39.9024
116.413 39.9023
116.413 39.9023
116.413 39.9028
116.412 39.9028
116.412 39.9027
116.412 39.9028
116.412 39.9032
116.412 39.9057
116.412 39.9059
116.412 39.9066
116.412 39.9066
116.418 39.9067
116.418 39.9067
116.418 39.9066
116.418 39.9069
116.418 39.9068
116.418 39.9066
116.418 39.9066
116.418 39.9066
116.418 39.9069
116.438 39.907
116.438 39.9068
116.438 39.9059
116.438 39.9059
116.438 39.9059
116.438 39.9064
116.437 39.9061
116.439 39.9058
116.439 39.9057
116.439 39.9057
116.44 39.9057
116.44 39.9057
116.44 39.9056
116.41 40.066
116.41 40.0662
116.41 40.0662
116.409 40.066
116.409 40.066
116.41 40.0663
116.41 40.0662
116.41 40.0663
116.41 40.0662
116.41 40.0663
116.41 40.0663
116.41 40.0663
116.41 40.0661
116.41 40.066
116.41 40.0659
116.41 40.066
116.409 40.0661
116.409 40.0661
116.409 40.0658
116.408 40.0657
116.408 40.0657
116.408 40.0652
116.407 40.0652
116.407 40.0652
116.407 40.0652
116.407 40.0654
116.407 40.0664
116.403 40.0568
116.403 40.0566
116.399 40.0562
116.399 40.0562
116.399 40.0561
116.399 40.056
116.399 40.0534
116.399 40.0541
116.401 40.0461
116.401 40.0482
116.405 40.0463
116.406 40.0463
116.406 40.0462
116.406 40.0461
116.406 40.0438
116.312 39.9061
116.317 39.906
116.317 39.906
116.317 39.9061
116.317 39.9061
116.317 39.906
116.319 39.906
116.319 39.9059
116.319 39.9013
116.319 39.9013
116.318 39.9014
116.318 39.9013
116.318 39.9011
116.317 39.8971
116.317 39.8971
116.317 39.8968
116.317 39.8966
116.316 39.897
116.316 39.897
116.315 39.8969
116.315 39.8969
116.315 39.8969
116.315 39.8969
116.315 39.8971
116.315 39.8985
116.315 39.8988
116.315 39.8989
116.315 39.8988
116.315 39.8961
116.315 39.8961
116.311 39.896
116.311 39.8961
116.311 39.8962
116.315 39.8829
116.312 39.8828
116.311 39.8813
116.312 39.8763
116.314 39.876
116.314 39.876
116.314 39.8759
116.314 39.8759
116.314 39.8757
116.314 39.8758
116.314 39.8759
116.314 39.876
116.312 39.8763
116.312 39.8764
116.311 39.881
116.311 39.8811
116.308 39.8811
116.307 39.8809
116.305 39.8813
116.305 39.8819
116.305 39.8827
116.306 39.883
116.306 39.8836
116.306 39.8836
116.306 39.8838
116.305 39.8842
116.305 39.8862
116.305 39.895
116.305 39.895
116.306 39.8952
116.306 39.896
116.305 39.8987
116.305 39.8992
116.304 39.8991
116.304 39.9038
116.304 39.9041
116.304 39.9041
116.304 39.9044
116.304 39.9043
116.304 39.8985
116.304 39.8986
116.304 39.8978
116.304 39.8973
116.303 39.8968
116.303 39.8951
116.303 39.895
116.303 39.895
116.304 39.895
116.304 39.8949
116.304 39.8943
116.305 39.8775
116.362 39.9306
116.361 39.928
116.359 39.9226
116.358 39.9176
116.358 39.9174
116.359 39.9173
116.359 39.9172
116.363 39.9172
116.363 39.913
116.363 39.9129
116.363 39.9128
116.363 39.9128
116.366 39.913
116.366 39.9129
116.366 39.912
116.367 39.9103
116.367 39.9103
116.367 39.9102
116.366 39.9102
116.366 39.9103
116.366 39.9104
116.366 39.9123
116.367 39.9133
116.367 39.9133
116.371 39.9132
116.372 39.9133
116.371 39.9211
116.371 39.9211
116.375 39.9211
116.383 39.9209
116.383 39.9209
116.384 39.9209
116.385 39.9209
116.385 39.9211
116.385 39.9217
116.386 39.9218
116.387 39.9218
116.393 39.922
116.397 39.9222
116.398 39.9229
116.4 39.9229
116.4 39.9229
116.4 39.9229
116.4 39.9286
116.4 39.9286
116.4 39.9288
116.402 39.9319
116.403 39.932
116.403 39.932
116.403 39.9322
116.402 39.9388
116.402 39.9391
116.402 39.9437
116.402 39.947
116.402 39.9596
116.402 39.9598
116.402 39.9602
116.402 39.9606
116.401 39.9606
116.401 39.9606
116.401 39.9607
116.4 39.9608
116.409 40.0661
116.406 40.0505
116.409 40.0665
116.407 40.0631
116.407 40.062
116.407 40.062
116.407 40.0606
116.407 40.0606
116.407 40.0602
116.407 40.0602
116.407 40.0594
116.407 40.059
116.406 40.0587
116.409 40.0657
116.409 40.0655
116.408 40.0653
116.408 40.0649
116.408 40.0645
116.408 40.0645
116.408 40.0648
116.408 40.0646
116.408 40.0644
116.407 40.064
116.407 40.0639
116.407 40.0635
116.407 40.0635
116.407 40.0631
116.407 40.063
116.406 40.0632
116.407 40.064
116.408 40.0642
116.407 40.0631
116.409 40.066
116.409 40.0661
116.409 40.0662
116.409 40.0666
116.409 40.0667
116.409 40.0671
116.409 40.0672
116.409 40.0675
116.409 40.0669
116.41 40.0675
116.41 40.0676
116.411 40.0681
116.411 40.0681
116.411 40.0682
116.409 40.0663
116.409 40.0668
116.408 40.0673
116.409 40.066
116.409 40.066
116.409 40.0661
116.409 40.0662
116.409 40.066
116.409 40.0664
116.409 40.066
116.41 40.0677
116.41 40.0677
116.41 40.0681
116.41 40.0684
116.411 40.0687
116.409 40.066
116.409 40.0662
116.41 40.0673
116.41 40.0673
116.41 40.0676
116.41 40.0689
116.41 40.0701
116.41 40.0695
116.41 40.0692
116.41 40.0671
116.409 40.0671
116.409 40.0666
116.408 40.0646
116.408 40.065
116.41 40.0661
116.41 40.0664
116.409 40.0659
116.411 40.0687
116.411 40.0691
116.411 40.0695
116.411 40.0695
116.409 40.066
116.409 40.0664
116.41 40.0665
116.409 40.0662
116.408 40.0662
116.409 40.0659
116.41 40.0655
116.409 40.066
116.408 40.0663
116.409 40.065
116.41 40.0649
116.409 40.0658
116.41 40.0634
116.409 40.0651
116.409 40.065
116.409 40.065
116.409 40.0654
116.409 40.065
116.409 40.0655
116.409 40.066
116.409 40.0659
116.409 40.0652
116.409 40.0658
116.409 40.0662
116.409 40.0661
116.409 40.066
116.409 40.0657
116.409 40.0656
116.409 40.0656
116.409 40.0654
116.409 40.0654
116.409 40.0654
116.409 40.0653
116.409 40.0652
116.409 40.065
116.409 40.065
116.409 40.0649
116.409 40.0648
116.409 40.066
116.409 40.0661
116.409 40.0661
116.409 40.066
116.409 40.0662
116.409 40.0663
116.409 40.0662
116.408 40.068
116.408 40.0683
116.408 40.0683
116.408 40.0687
116.408 40.0691
116.408 40.0692
116.407 40.0699
116.407 40.0701
116.407 40.0719
116.406 40.0721
116.406 40.0724
116.406 40.0731
116.406 40.0733
116.406 40.0729
116.406 40.0733
116.406 40.0729
116.407 40.0704
116.406 40.071
116.406 40.0714
116.406 40.0716
116.406 40.0708
116.407 40.0703
116.407 40.0689
116.407 40.0688
116.407 40.0685
116.407 40.0689
116.407 40.0688
116.408 40.0678
116.408 40.0668
116.408 40.0667
116.407 40.0689
116.407 40.0693
116.407 40.0688
116.407 40.0685
116.408 40.0681
116.408 40.0673
116.408 40.0672
116.408 40.0673
116.407 40.0683
116.408 40.068
116.407 40.0683
116.407 40.0685
116.407 40.0688
116.407 40.0688
116.407 40.0683
116.407 40.0683
116.409 40.0663
116.409 40.0663
116.409 40.065
116.411 40.0633
116.411 40.0626
116.411 40.0624
116.411 40.063
116.41 40.065
116.409 40.0665
116.409 40.0664
116.408 40.0673
116.406 40.0702
116.407 40.0695
116.405 40.0713
116.4 40.0798
116.398 40.0817
116.399 40.0805
116.399 40.0799
116.403 40.0742
116.404 40.0729
116.405 40.072
116.405 40.0719
116.406 40.0709
116.406 40.0704
116.406 40.0699
116.406 40.0705
116.406 40.0701
116.406 40.0709
116.409 40.0664
116.41 40.0649
116.41 40.0651
116.408 40.0667
116.401 40.0773
116.397 40.0833
116.396 40.0849
116.396 40.0839
116.403 40.0732
116.406 40.0682
116.408 40.0662
116.408 40.0659
116.408 40.0662
116.408 40.0665
116.408 40.0673
116.407 40.0679
116.407 40.0684
116.406 40.0699
116.409 40.0662
116.409 40.0662
116.409 40.0661
116.409 40.0661
116.409 40.0658
116.409 40.0662
116.409 40.0662
116.409 40.0662
116.409 40.066
116.409 40.0661
116.409 40.066
116.409 40.066
116.409 40.066
116.409 40.066
116.409 40.066
116.409 40.066
116.409 40.066
116.409 40.0663
116.409 40.0663
116.409 40.0663
116.409 40.0663
116.409 40.0664
116.409 40.0664
116.409 40.0665
116.409 40.0665
116.409 40.0665
116.408 40.0665
116.408 40.0665
116.407 40.0665
116.407 40.0664
116.407 40.0652
116.407 40.0652
116.407 40.0651
116.407 40.0652
116.407 40.0663
116.407 40.0663
116.407 40.0633
116.407 40.0633
116.401 40.0633
116.401 40.0633
116.401 40.0632
116.401 40.0632
116.403 40.0632
116.403 40.0631
116.403 40.0628
116.403 40.0605
116.403 40.0605
116.403 40.0604
116.403 40.0568
116.403 40.0567
116.403 40.0566
116.407 40.0566
116.407 40.0564
116.408 40.0537
116.407 40.0518
116.406 40.0513
116.406 40.0513
116.406 40.0513
116.406 40.0512
116.406 40.0512
116.406 40.0509
116.405 40.0502
116.405 40.05
116.404 40.0488
116.403 40.0472
116.403 40.0465
116.403 40.0455
116.403 40.0446
116.408 40.0319
116.408 40.0342
116.408 40.0348
116.409 40.035
116.129 38.0411
116.129 38.0411
116.129 38.0411
116.407 40.0667
116.407 40.0667
116.407 40.0667
116.407 40.0667
116.407 40.0667
116.403 40.0666
116.403 40.0665
116.403 40.0611
116.403 40.0606
116.402 40.057
116.403 40.0569
116.403 40.0568
116.403 40.0568
116.407 40.0567
116.407 40.0566
116.408 40.0542
116.407 40.0524
116.405 40.0489
116.416 40.04
116.416 40.0398
116.416 40.0362
116.41 40.0363
116.41 40.0363
116.41 40.0363
116.41 40.0361
116.41 40.0359
116.411 40.0316
116.41 40.008
116.41 40.008
116.409 40.008
116.409 40.0079
116.41 40.0078
116.41 40.0077
116.41 40.0075
116.411 40.0016
116.411 40.0016
116.411 40.0015
116.406 40.0012
116.406 39.9975
116.406 39.9974
116.404 39.9974
116.404 39.9975
116.404 39.9975
116.404 39.9974
116.404 39.9974
116.406 39.9973
116.406 39.9973
116.407 39.9974
116.409 39.9974
116.409 39.9975
116.409 39.9975
116.406 39.9974
116.406 39.9972
116.406 39.9964
116.406 39.9955
116.406 39.9948
116.406 39.9947
116.407 39.9947
116.41 39.9945
116.41 39.9944
116.41 39.9941
116.41 39.9939
116.41 39.9938
116.398 39.9934
116.398 39.9938
116.398 39.9939
116.398 39.9939
116.401 39.9936
116.401 39.9935
116.401 39.9933
116.401 39.986
116.401 39.9859
116.4 39.9866
116.4 39.9866
116.4 39.9868
116.4 39.9868
116.407 39.987
116.407 39.987
116.408 39.9869
116.41 39.9869
116.412 39.997
116.413 39.9952
116.413 39.9948
116.413 39.9945
116.413 39.9927
116.413 39.9924
116.412 39.9917
116.412 39.9915
116.413 39.99
116.414 39.9835
116.416 39.9805
116.416 39.9794
116.415 39.9793
116.414 39.9759
116.412 39.9793
116.412 39.9793
116.412 39.9829
116.412 39.9848
116.412 39.9849
116.412 39.9849
116.414 39.984
116.414 39.9838
116.414 39.9819
116.414 39.9818
116.413 39.9819
116.413 39.9819
116.412 39.9818
116.413 39.9842
116.412 39.9827
116.412 39.9826
116.412 39.9825
116.411 39.9682
116.411 39.9678
116.421 39.9703
116.645 40.0352
116.645 40.0352
116.645 40.0352
116.645 40.0352
116.428 39.9156
116.429 39.9148
116.428 39.9143
116.428 39.9141
116.421 39.9141
116.421 39.9141
116.421 39.914
116.42 39.9139
116.421 39.9089
116.421 39.9079
116.421 39.9075
116.421 39.9074
116.421 39.9056
116.421 39.9036
116.421 39.9034
116.42 39.9034
116.42 39.9034
116.421 39.9034
116.421 39.9034
116.422 39.9034
116.422 39.9035
116.426 39.9036
116.43 39.9037
116.43 39.9036
116.43 39.9022
116.43 39.8989
116.431 39.8984
116.437 39.8968
116.438 39.8961
116.438 39.8955
116.44 39.8765
116.437 39.87
116.436 39.8694
116.435 39.8692
116.408 39.8709
116.39 39.8704
116.39 39.8705
116.39 39.8709
116.392 39.871
116.392 39.8708
116.394 39.8529
116.394 39.8528
116.395 39.8528
116.396 39.8528
116.396 39.8527
116.397 39.8505
116.397 39.8502
116.397 39.8502
116.397 39.8501
116.397 39.8501
116.397 39.8503
116.395 39.8549
116.395 39.8552
116.396 39.8554
116.402 39.8555
116.416 39.8556
116.42 39.8566
116.425 39.8572
116.425 39.8572
116.424 39.8575
116.426 39.8586
116.424 39.8585
116.421 39.8598
116.421 39.8599
116.42 39.8609
116.42 39.8609
116.42 39.867
116.429 39.8671
116.432 39.8675
116.433 39.8676
116.433 39.8676
116.433 39.8677
116.433 39.8698
116.433 39.8728
116.433 39.8727
116.428 39.8797
116.428 39.8798
116.428 39.8799
116.434 39.88
116.434 39.88
116.434 39.8803
116.434 39.8825
116.434 39.8826
116.434 39.8829
116.434 39.883
116.434 39.883
116.432 39.883
116.425 39.883
116.425 39.8832
116.425 39.8865
116.425 39.8866
116.424 39.8883
116.422 39.8918
116.422 39.8955
116.421 39.8987
116.421 39.8987
116.421 39.8992
116.421 39.8993
116.414 39.8995
116.42 39.9036
116.42 39.9036
116.42 39.9036
116.42 39.9036
116.422 39.9035
116.422 39.9035
116.422 39.9036
116.422 39.9036
116.426 39.9036
116.429 39.9037
116.43 39.9035
116.43 39.9021
116.43 39.9006
116.429 39.8998
116.429 39.8998
116.427 39.8996
116.426 39.8994
116.414 39.8994
116.407 39.8996
116.402 39.8996
116.402 39.8995
116.399 39.8994
116.399 39.8993
116.394 39.8989
116.393 39.8991
116.393 39.9058
116.393 39.9061
116.393 39.9064
116.392 39.9064
116.378 39.9059
116.378 39.9059
116.378 39.9059
116.368 39.9058
116.368 39.9058
116.351 39.906
116.351 39.9062
116.35 39.9235
116.409 40.066
116.409 40.0661
116.409 40.0661
116.409 40.0661
116.409 40.0661
116.409 40.0662
116.409 40.0659
116.409 40.0652
116.409 40.0653
116.409 40.0662
116.409 40.066
116.407 40.063
116.407 40.063
116.406 40.0615
116.407 40.0621
116.409 40.0659
116.409 40.0657
116.409 40.0655
116.409 40.0651
116.408 40.0648
116.408 40.0643
116.408 40.064
116.407 40.0638
116.406 40.0631
116.408 40.0652
116.407 40.0643
116.408 40.0649
116.407 40.0642
116.408 40.0655
116.408 40.0653
116.408 40.0652
116.408 40.0652
116.408 40.065
116.408 40.0649
116.408 40.065
116.409 40.0653
116.409 40.0651
116.409 40.0652
116.409 40.0652
116.409 40.0654
116.409 40.0651
116.408 40.065
116.408 40.065
116.408 40.0649
116.408 40.0649
116.408 40.0646
116.408 40.0643
116.408 40.0638
116.408 40.0642
116.407 40.064
116.407 40.0638
116.408 40.0647
116.409 40.0658
116.409 40.066
116.409 40.0662
116.409 40.0662
116.409 40.0662
116.409 40.0661
116.409 40.0661
116.409 40.0662
116.409 40.0662
116.409 40.0662
116.409 40.0662
116.41 40.0663
116.409 40.0663
116.41 40.0667
116.409 40.0665
116.41 40.0668
116.41 40.0671
116.41 40.0672
116.41 40.0681
116.41 40.068
116.41 40.0678
116.41 40.068
116.409 40.0661
116.41 40.0666
116.41 40.068
116.41 40.0679
116.41 40.0676
116.409 40.0674
116.41 40.068
116.41 40.0679
116.408 40.0657
116.409 40.0658
116.409 40.0657
116.408 40.0656
116.41 40.0662
116.41 40.0662
116.411 40.0667
116.409 40.066
116.409 40.066
116.409 40.066
116.409 40.0662
116.41 40.0667
116.411 40.0671
116.415 40.0695
116.415 40.0695
116.409 40.0667
116.41 40.0674
116.416 40.071
116.416 40.071
116.417 40.0712
116.418 40.0718
116.429 40.0783
116.423 40.074
116.45 40.0085
116.39 40.0515
116.398 40.0568
116.404 40.0609
116.412 40.0662
116.412 40.0681
116.411 40.0684
116.411 40.0696
116.411 40.0708
116.411 40.0708
116.41 40.0711
116.41 40.0711
116.406 40.0637
116.41 40.0663
116.405 40.0626
116.493 40.1518
116.554 40.26
116.554 40.26
116.596 40.4032
116.604 40.675
116.518 40.9825
116.309 41.3537
116.071 41.6281
116.071 41.6281
116.409 40.066
116.409 40.066
116.409 40.066
116.409 40.066
116.409 40.066
116.409 40.066
116.409 40.066
116.409 40.066
116.409 40.066
116.409 40.066
116.409 40.066
116.409 40.066
116.409 40.066
116.409 40.0659
116.409 40.0659
116.409 40.066
116.409 40.0661
116.409 40.066
116.409 40.0661
116.409 40.066
116.409 40.0654
116.41 40.0648
116.409 40.065
116.409 40.0652
116.409 40.0652
116.41 40.0641
116.409 40.0652
116.41 40.064
116.41 40.0634
116.414 40.0566
116.414 40.0568
116.415 40.0544
116.415 40.0532
116.41 40.0638
116.411 40.0622
116.411 40.0625
116.412 40.0592
116.409 40.065
116.413 40.0578
116.413 40.0588
116.411 40.0628
116.411 40.0621
116.411 40.0614
116.414 40.0563
116.415 40.054
116.416 40.0526
116.415 40.055
116.41 40.0648
116.41 40.0637
116.411 40.0625
116.411 40.0618
116.411 40.0618
116.412 40.0602
116.412 40.0595
116.414 40.0565
116.41 40.0638
116.414 40.0555
116.416 40.0528
116.415 40.0549
116.415 40.0549
116.409 40.0654
116.41 40.0638
116.41 40.0641
116.409 40.0656
116.411 40.0624
116.411 40.0622
116.412 40.0603
116.411 40.061
116.41 40.0645
116.412 40.0598
116.412 40.0606
116.41 40.0639
116.413 40.0561
116.413 40.056
116.418 40.0425
116.416 40.0467
116.41 40.0633
116.41 40.0644
116.41 40.0639
116.412 40.0583
116.409 40.0657
116.409 40.0657
116.409 40.0657
116.409 40.0658
116.409 40.0657
116.409 40.0651
116.409 40.0653
116.409 40.0658
116.409 40.0649
116.409 40.0652
116.409 40.0642
116.409 40.0644
116.409 40.0638
116.409 40.0638
116.409 40.063
116.409 40.0633
116.409 40.062
116.41 40.0598
116.409 40.0605
116.409 40.0611
116.409 40.0595
116.409 40.0589
116.409 40.0578
116.41 40.0548
116.41 40.0541
116.409 40.0559
116.409 40.0612
116.409 40.0615
116.409 40.0622
116.409 40.0619
116.41 40.0606
116.409 40.0606
116.409 40.0614
116.408 40.0627
116.408 40.0635
116.409 40.064
116.41 40.0645
116.41 40.0617
116.411 40.0574
116.411 40.0562
116.41 40.0563
116.409 40.0577
116.406 40.0616
116.406 40.0619
116.408 40.0589
116.409 40.0567
116.408 40.0581
116.407 40.0594
116.408 40.0605
116.408 40.0615
116.408 40.0624
116.408 40.063
116.409 40.0622
116.412 40.0532
116.413 40.0521
116.413 40.0545
116.41 40.0626
116.41 40.0631
116.41 40.0631
116.41 40.0628
116.41 40.0634
116.41 40.0639
116.412 40.0595
116.412 40.0595
116.415 40.0534
116.415 40.0519
116.414 40.0543
116.41 40.0641
116.41 40.0646
116.41 40.0644
116.412 40.0594
116.412 40.0606
116.41 40.0647
116.41 40.0642
116.41 40.0645
116.41 40.0644
116.41 40.0639
116.41 40.0634
116.412 40.0598
116.413 40.0583
116.414 40.0549
116.415 40.0537
116.415 40.053
116.414 40.0553
116.412 40.0592
116.412 40.0596
116.411 40.0609
116.411 40.0617
116.411 40.0624
116.41 40.0635
116.41 40.064
116.409 40.0659
116.409 40.0656
116.409 40.0659
116.409 40.0655
116.409 40.0653
116.409 40.0649
116.409 40.065
116.41 40.0643
116.412 40.0599
116.413 40.0571
116.413 40.0578
116.415 40.0543
116.415 40.0538
116.415 40.0543
116.414 40.0564
116.414 40.0551
116.414 40.056
116.414 40.0558
116.413 40.0583
116.412 40.0598
116.41 40.0647
116.411 40.0628
116.409 40.0654
116.409 40.0654
116.409 40.0659
116.409 40.0659
116.408 40.0668
116.408 40.0672
116.408 40.0679
116.409 40.0649
116.415 40.0526
116.416 40.0516
116.415 40.0534
116.41 40.0626
116.409 40.0648
116.409 40.0654
116.409 40.0663
116.409 40.0664
116.408 40.0669
116.408 40.067
116.408 40.0677
116.408 40.0677
116.407 40.0688
116.407 40.0705
116.407 40.0701
116.409 40.066
116.409 40.0658
116.408 40.0657
116.409 40.0654
116.409 40.0654
116.402 40.0821
116.4 40.0917
116.399 40.0889
116.4 40.088
116.4 40.0877
116.4 40.0865
116.4 40.0861
116.401 40.0861
116.401 40.0859
116.409 40.0661
116.406 40.0739
116.407 40.0719
