116.574 40.0631
116.574 40.0631
116.564 40.064
116.564 40.0642
116.563 40.0667
116.563 40.0672
116.563 40.0676
116.565 40.0703
116.565 40.0703
116.567 40.0705
116.567 40.0719
116.567 40.0719
116.567 40.0719
116.567 40.0719
116.567 40.0719
116.567 40.0719
116.567 40.0719
116.567 40.0719
116.567 40.072
116.567 40.0719
116.567 40.0719
116.567 40.0719
116.567 40.0719
116.567 40.0719
116.567 40.0719
116.567 40.0719
116.567 40.0719
116.567 40.0719
116.567 40.0719
116.567 40.0719
116.567 40.0719
116.567 40.0719
116.567 40.0719
116.567 40.0719
116.567 40.0719
116.567 40.0719
116.567 40.0719
116.567 40.0719
116.567 40.0719
116.567 40.0719
116.567 40.0719
116.567 40.0719
116.567 40.0719
116.567 40.0719
116.567 40.0719
116.567 40.0719
116.567 40.0719
116.567 40.0719
116.567 40.0718
116.567 40.0719
116.567 40.0719
116.567 40.0718
116.567 40.0719
116.567 40.0719
116.567 40.0719
116.567 40.0719
116.564 40.0718
116.564 40.0702
116.577 40.0627
116.582 40.066
116.582 40.0677
116.581 40.0699
116.581 40.0709
116.585 40.0765
116.464 40.0765
116.587 40.0784
116.584 40.0772
116.577 40.0455
116.553 40.0289
116.508 40.0105
116.478 39.9837
116.472 39.9782
116.447 39.9557
116.428 39.9304
116.428 39.9151
116.411 39.9069
116.405 39.9076
116.405 39.9076
116.408 39.9077
116.409 39.9082
116.412 39.9126
116.42 39.9147
116.42 39.9214
116.429 39.9233
116.428 39.9411
116.438 39.9482
116.486 39.985
116.49 39.985
116.484 39.985
116.48 39.986
116.482 39.9795
116.475 39.976
116.457 39.9549
116.457 39.9513
116.457 39.9513
116.457 39.9507
116.457 39.9508
116.456 39.9508
116.455 39.9404
116.455 39.9348
116.445 39.9325
116.449 39.9431
116.454 39.9475
116.457 39.9507
116.457 39.9506
116.457 39.9509
116.457 39.9509
116.465 39.9644
116.478 39.9602
116.484 39.9466
116.483 39.923
116.483 39.9223
116.493 39.9217
116.526 39.9224
116.526 39.9224
116.544 39.9225
116.549 39.9199
116.526 39.9226
116.516 39.9228
116.485 39.9325
116.476 39.9325
116.473 39.9325
116.472 39.9222
116.472 39.9148
116.472 39.9096
116.465 39.9071
116.456 39.9144
116.452 39.9092
116.452 39.9081
116.451 39.9074
116.451 39.9081
116.445 39.9121
116.438 39.9082
116.438 39.9075
116.438 39.9075
116.454 39.9067
116.456 39.9077
116.456 39.9139
116.456 39.9316
116.456 39.9442
116.457 39.9514
116.455 39.9512
116.456 39.9487
116.454 39.9536
116.445 39.9592
116.445 39.959
116.444 39.9589
116.444 39.9589
116.444 39.9589
116.45 39.9549
116.459 39.9574
116.459 39.9578
116.456 39.944
116.433 39.8644
116.418 39.8644
116.408 39.864
116.404 39.8639
116.393 39.855
116.416 39.8559
116.416 39.8565
116.417 39.8825
116.406 39.8917
116.406 39.8968
116.409 39.9091
116.411 39.9266
116.411 39.9311
116.432 39.9452
116.426 39.958
116.426 39.958
116.415 39.9579
116.417 39.9577
116.417 39.9577
116.417 39.9577
116.417 39.9577
116.417 39.9577
116.426 39.9506
116.419 39.9399
116.43 39.9025
116.392 39.8901
116.375 39.888
116.336 39.8886
116.304 39.9153
116.304 39.915
116.457 39.9557
116.454 39.9533
116.465 39.9275
116.466 39.9652
116.46 39.9701
116.46 39.9701
116.46 39.9701
116.46 39.9701
116.46 39.9701
116.46 39.9701
116.46 39.9701
116.46 39.9701
116.46 39.9701
116.46 39.9701
116.46 39.9701
116.46 39.9701
116.46 39.9701
116.46 39.9701
116.46 39.9701
116.46 39.9701
116.46 39.9701
116.46 39.9701
116.46 39.9701
116.46 39.9701
116.46 39.9701
116.46 39.9701
116.46 39.9701
116.46 39.9701
116.46 39.9701
116.46 39.9701
116.46 39.9702
116.46 39.9701
116.46 39.9701
116.46 39.9701
116.46 39.9702
116.46 39.9701
116.46 39.9702
116.46 39.9701
116.46 39.9702
116.46 39.9701
116.46 39.9702
116.46 39.9701
116.46 39.9701
116.46 39.9702
116.46 39.9701
116.46 39.9702
116.46 39.9701
116.46 39.9702
116.46 39.9702
116.46 39.9702
116.46 39.9702
116.46 39.9702
116.46 39.9702
116.46 39.9701
116.46 39.9702
116.46 39.9702
116.46 39.9701
116.46 39.9701
116.46 39.9702
116.46 39.9701
116.46 39.9702
116.46 39.9702
116.46 39.9702
116.46 39.9701
116.46 39.9701
116.46 39.9701
116.46 39.9702
116.46 39.9701
116.46 39.9701
116.46 39.9718
116.451 39.9813
116.451 39.9813
116.451 39.9811
116.45 39.9815
116.451 39.9813
116.451 39.9812
116.451 39.9811
116.45 39.9813
116.449 39.98
116.454 39.9758
116.469 39.9754
116.565 40.0345
116.573 40.0406
116.584 40.052
116.583 40.0609
116.583 40.0665
116.582 40.0702
116.585 40.0791
116.584 40.0566
116.543 40.0257
116.498 40.0013
116.473 39.9792
116.473 39.9792
116.441 39.9846
116.423 39.9923
116.416 39.9921
116.401 39.9811
116.401 39.9602
116.389 39.9597
116.388 39.9736
116.402 39.987
116.402 39.9934
116.411 39.9868
116.401 39.9761
116.433 39.9458
116.439 39.9501
116.452 39.9537
116.454 39.9523
116.455 39.9209
116.452 39.9133
116.451 39.9143
116.455 39.9321
116.455 39.9306
116.452 39.9072
116.438 39.9074
116.438 39.9073
116.43 39.907
116.414 39.8996
116.413 39.8997
116.556 39.8437
116.405 39.9049
116.408 39.9075
116.408 39.908
116.408 39.908
116.415 39.9069
116.444 39.907
116.448 39.9069
116.455 39.9145
116.456 39.9141
116.456 39.9142
116.457 39.9151
116.457 39.9151
116.451 39.9548
116.473 39.9771
116.475 39.9764
116.469 39.967
116.467 39.9659
116.462 39.9563
116.467 39.9335
116.466 39.9323
116.466 39.9242
116.461 39.9273
116.451 39.9072
116.436 39.9074
116.412 39.907
116.395 39.9064
116.38 39.9059
116.357 39.9069
116.354 39.9044
116.363 39.9058
116.4 39.9064
116.43 39.9071
116.433 39.9228
116.44 39.9217
116.455 39.9179
116.46 39.9163
116.49 39.9142
116.495 39.9115
116.496 39.9106
116.487 39.9144
116.487 39.9144
116.478 39.9143
116.472 39.9213
116.461 39.9293
116.455 39.9322
116.466 39.9322
116.483 39.9322
116.5 39.936
116.511 39.9337
116.511 39.9224
116.508 39.9151
116.497 39.9147
116.486 39.9145
116.463 39.9071
116.456 39.9071
116.453 39.9072
116.432 39.9072
116.423 39.9072
116.423 39.9072
116.418 39.9071
116.408 39.9077
116.408 39.9077
116.415 39.9143
116.42 39.9204
116.42 39.93
116.419 39.9465
116.419 39.9511
116.413 39.9536
116.402 39.9577
116.399 39.9557
116.406 39.9577
116.406 39.9576
116.413 39.9578
116.413 39.9578
116.413 39.9578
116.413 39.9598
116.418 39.958
116.419 39.97
116.418 39.9884
116.419 39.9981
116.419 40.0031
116.413 39.9931
116.411 39.994
116.402 39.9925
116.394 39.9871
116.387 39.9828
116.373 39.9673
116.374 39.9666
116.379 39.9638
116.388 39.9714
116.388 39.975
116.388 39.9866
116.347 39.9896
116.35 39.9997
116.351 39.9999
116.363 40.0001
116.374 40.0003
116.374 39.9894
116.378 39.9867
116.371 39.9859
116.389 39.9865
116.401 39.9756
116.401 39.9688
116.402 39.9673
116.429 39.968
116.445 39.9584
116.455 39.9486
116.455 39.9522
116.451 39.9552
116.439 39.9625
116.413 39.9681
116.413 39.9681
116.411 39.968
116.403 39.9672
116.404 39.9673
116.405 39.9641
116.412 39.9592
116.41 39.9434
116.41 39.9422
116.41 39.9394
116.424 39.9396
116.427 39.9326
116.434 39.9256
116.447 39.9279
116.447 39.9256
116.449 39.93
116.451 39.9322
116.456 39.9335
116.463 39.9707
116.479 39.9854
116.473 39.9976
116.472 40.0064
116.469 40.0074
116.469 40.0074
116.469 40.0074
116.467 40.0014
116.458 39.9959
116.456 39.993
116.455 39.9899
116.46 39.9788
116.473 39.9756
116.476 39.9734
116.457 39.955
116.457 39.9543
116.452 39.9545
116.435 39.9476
116.428 39.9455
116.398 39.9477
116.398 39.9477
116.349 39.9323
116.35 39.9206
116.35 39.9129
116.342 39.8925
116.347 39.887
116.347 39.8936
116.356 39.898
116.404 39.8993
116.412 39.8995
116.413 39.893
116.436 39.8923
116.455 39.8893
116.455 39.8853
116.462 39.8814
116.464 39.8724
116.462 39.8827
116.459 39.8882
116.46 39.8919
116.461 39.8972
116.468 39.8992
116.456 39.9019
116.445 39.9072
116.438 39.9072
116.428 39.9214
116.394 39.9477
116.357 39.9446
116.337 39.9372
116.337 39.9372
116.282 39.9457
116.282 39.9436
116.296 39.9436
116.33 39.9311
116.338 39.9242
116.339 39.9143
116.343 39.8875
116.341 39.8586
116.338 39.8476
116.378 39.8559
116.342 39.8495
116.343 39.8745
116.351 39.9134
116.35 39.9363
116.372 39.9483
116.378 39.9811
116.383 39.9754
116.383 39.9754
116.389 39.9577
116.427 39.9397
116.44 39.9452
116.438 39.9327
116.437 39.9263
116.438 39.928
116.437 39.9284
116.438 39.9367
116.436 39.9496
116.436 39.9491
116.447 39.9503
116.435 39.9412
116.419 39.9388
116.412 39.9323
116.419 39.948
116.42 39.9479
116.427 39.933
116.44 39.9257
116.44 39.9257
116.439 39.9323
116.45 39.9323
116.435 39.9649
116.405 39.9679
116.394 39.9674
116.32 39.9661
116.307 39.9632
116.306 39.9648
116.306 39.9621
116.303 39.9619
116.302 39.9641
116.3 39.9812
116.301 39.9685
116.301 39.9658
116.3 39.9812
116.3 39.9809
116.3 39.9811
116.3 39.9727
116.297 39.959
116.285 39.941
116.282 39.9443
116.282 39.9439
116.288 39.941
116.285 39.9408
116.285 39.9409
116.285 39.941
116.282 39.946
116.298 39.9563
116.297 39.9594
116.296 39.9613
116.297 39.9611
116.297 39.9608
116.297 39.9609
116.296 39.961
116.297 39.9609
116.296 39.961
116.296 39.961
116.297 39.9609
116.297 39.9609
116.296 39.9609
116.297 39.961
116.297 39.9608
116.297 39.9609
116.296 39.9611
116.297 39.9609
116.297 39.961
116.297 39.9609
116.297 39.9608
116.297 39.9609
116.297 39.9609
116.297 39.9608
116.297 39.961
116.297 39.9609
116.297 39.9609
116.297 39.9609
116.297 39.9608
116.297 39.9609
116.297 39.9611
116.297 39.961
116.297 39.9609
116.297 39.9608
116.297 39.961
116.297 39.961
116.297 39.961
116.297 39.9609
116.297 39.961
116.297 39.9611
116.297 39.9611
116.297 39.9612
116.297 39.9611
116.297 39.9611
116.297 39.9611
116.297 39.961
116.297 39.9609
116.302 39.9605
116.367 39.9666
116.441 39.9608
116.469 39.9749
116.499 40.0018
116.573 40.0412
116.579 40.0464
116.584 40.0524
116.584 40.0796
116.581 40.0692
116.575 40.063
116.544 40.0593
116.527 40.0398
116.507 40.0106
116.495 40.0005
116.484 39.9895
116.475 39.9849
116.475 39.9848
116.471 39.9862
116.46 39.9869
116.454 39.9878
116.459 39.9871
116.462 39.9843
116.465 39.9727
116.45 39.9591
116.412 39.9482
116.411 39.9481
116.419 39.9526
116.419 39.9484
116.411 39.9482
116.411 39.9481
116.413 39.9526
116.412 39.9575
116.412 39.9575
116.4 39.9676
116.375 39.9668
116.352 39.9665
116.364 39.9805
116.375 39.9764
116.379 39.9754
116.396 39.9721
116.4 39.9756
116.404 39.9816
116.411 39.9968
116.406 40
116.409 40.0014
116.41 40.0015
116.411 40.0065
116.411 40.0137
116.421 40.0271
116.428 40.0241
116.423 40.0209
116.416 40.0217
116.411 40.0228
116.41 40.0083
116.41 39.9937
116.367 39.9864
116.363 39.9867
116.363 39.9867
116.359 39.9783
116.359 39.977
116.364 39.9807
116.386 39.9865
116.439 39.9888
116.446 40.0045
116.46 39.97
116.46 39.9699
116.46 39.9699
116.46 39.9699
116.46 39.9701
116.46 39.9701
116.46 39.97
116.46 39.97
116.444 39.9091
116.444 39.9089
116.444 39.9088
116.444 39.9087
116.444 39.9076
116.454 39.9066
116.455 39.9059
116.455 39.9059
116.45 39.8939
116.438 39.8741
116.438 39.8741
116.438 39.8716
116.392 39.8705
116.386 39.8594
116.384 39.8594
116.385 39.8438
116.391 39.8408
116.391 39.8424
116.381 39.8509
116.372 39.8558
116.368 39.8557
116.311 39.8567
116.324 39.8666
116.325 39.8666
116.348 39.8704
116.366 39.8771
116.367 39.8771
116.377 39.8879
116.395 39.8905
116.396 39.8905
116.413 39.898
116.44 39.907
116.44 39.9071
116.428 39.9311
116.411 39.948
116.408 39.9479
116.342 39.9384
116.342 39.9384
116.34 39.9378
116.34 39.9378
116.34 39.9378
116.34 39.9378
116.344 39.9439
116.344 39.9567
116.344 39.9566
116.402 39.9337
116.402 39.933
116.404 39.923
116.4 39.9122
116.4 39.9066
116.39 39.8992
116.386 39.8886
116.392 39.8822
116.391 39.8828
116.406 39.9025
116.405 39.9069
116.41 39.9081
116.412 39.9112
116.411 39.9208
116.411 39.9208
116.42 39.9229
116.428 39.9227
116.433 39.9229
116.443 39.9215
116.452 39.9187
116.453 39.9133
116.444 39.9089
116.444 39.9089
116.444 39.9089
116.439 39.9072
116.439 39.9072
116.43 39.9073
116.433 39.8924
116.434 39.8882
116.413 39.8894
116.413 39.8905
116.413 39.8946
116.406 39.9025
116.405 39.9036
116.405 39.9062
116.412 39.9072
116.412 39.9031
116.412 39.9011
116.421 39.8981
116.418 39.8941
116.421 39.8943
116.414 39.8918
116.413 39.8919
116.406 39.8964
116.406 39.8987
116.402 39.8995
116.397 39.8994
116.381 39.8989
116.379 39.8988
116.372 39.8985
116.372 39.8985
116.37 39.8986
116.364 39.8984
116.342 39.8965
116.338 39.8965
116.322 39.8959
116.336 39.8977
116.337 39.9044
116.339 39.9115
116.35 39.9124
116.353 39.9124
116.364 39.9129
116.365 39.9103
116.359 39.9164
116.353 39.9126
116.351 39.9124
116.344 39.9126
116.318 39.9098
116.315 39.9074
116.315 39.8986
116.315 39.9052
116.315 39.9052
116.322 39.9097
116.333 39.9129
116.334 39.9171
116.338 39.9243
116.343 39.9353
116.32 39.9385
116.317 39.957
116.319 39.9645
116.32 39.9658
116.332 39.9661
116.349 39.9663
116.436 39.9646
116.442 39.9538
116.442 39.9538
116.454 39.9535
116.402 39.9677
116.389 39.9525
116.364 39.9681
116.353 39.9754
116.353 39.9754
116.349 39.9753
116.344 39.9568
116.329 39.9626
116.328 39.9658
116.327 39.9752
116.317 39.9565
116.32 39.938
116.318 39.9539
116.322 39.9558
116.354 39.9566
116.376 39.9587
116.376 39.9598
116.389 39.957
116.416 39.948
116.425 39.9482
116.431 39.8989
116.433 39.8682
116.433 39.8671
116.433 39.8453
116.447 39.8211
116.445 39.8005
116.449 39.8161
116.448 39.8194
116.439 39.8501
116.433 39.8643
116.433 39.8655
116.424 39.8885
116.413 39.8958
116.412 39.8958
116.412 39.9066
116.456 39.9117
116.456 39.9368
116.458 39.9544
116.456 39.9552
116.46 39.9699
116.46 39.9699
116.46 39.9699
116.46 39.9699
116.46 39.9699
116.46 39.97
116.46 39.9699
116.46 39.9699
116.46 39.9699
116.46 39.9699
116.46 39.9699
116.46 39.9699
116.46 39.9699
116.46 39.9699
116.46 39.9699
116.46 39.97
116.46 39.9699
116.46 39.9699
116.46 39.9699
116.46 39.9699
116.46 39.9699
116.46 39.9699
116.46 39.9699
116.46 39.9699
116.46 39.9699
116.46 39.9699
116.46 39.9699
116.46 39.9699
116.46 39.9699
116.46 39.9699
116.46 39.9699
116.46 39.9699
116.46 39.9699
116.46 39.9699
116.46 39.97
116.46 39.9699
116.46 39.9699
116.46 39.9699
116.46 39.9699
116.46 39.9699
116.46 39.9699
116.46 39.97
116.46 39.9699
116.46 39.9699
116.46 39.9699
116.46 39.9699
116.46 39.9699
116.46 39.9699
116.46 39.9699
116.46 39.9699
116.46 39.97
116.46 39.9699
116.46 39.97
116.46 39.9699
116.46 39.9699
116.46 39.9699
116.46 39.9699
116.46 39.9699
116.46 39.9699
116.46 39.9699
116.46 39.9699
116.46 39.9699
116.46 39.9699
116.46 39.97
116.46 39.9699
116.441 39.9678
116.421 39.9684
116.413 39.968
116.404 39.9578
116.396 39.9558
116.395 39.9575
116.382 39.9715
116.367 39.9669
116.364 39.9669
116.365 39.956
116.397 39.9476
116.407 39.9477
116.428 39.928
116.439 39.9204
116.44 39.9189
116.444 39.9124
116.428 39.9234
116.422 39.9231
116.42 39.9358
116.41 39.9495
116.405 39.9605
116.391 39.9558
116.389 39.9591
116.402 39.9587
116.402 39.9447
116.402 39.9405
116.404 39.9232
116.398 39.9066
116.394 39.9064
116.389 39.8894
116.46 39.9699
116.46 39.9699
116.46 39.9699
116.46 39.9699
116.46 39.9699
116.46 39.9699
116.46 39.9699
116.46 39.9699
116.46 39.9699
116.46 39.9699
116.46 39.9699
116.449 39.9587
116.449 39.9587
116.449 39.9587
116.457 39.9548
116.457 39.9558
116.454 39.9534
116.456 39.9126
116.435 39.9072
116.429 39.9081
116.421 39.9068
116.435 39.9055
116.435 39.9064
116.428 39.9304
116.419 39.9506
116.419 39.9523
116.419 39.9701
116.418 39.9869
116.418 39.987
116.418 39.9782
116.411 39.9704
116.405 39.9677
116.381 39.9644
116.384 39.9618
116.384 39.9618
116.388 39.9604
116.388 39.9445
116.389 39.9389
116.39 39.9376
116.406 39.932
116.411 39.9295
116.412 39.9322
116.441 39.9323
116.455 39.9323
116.442 39.9614
116.433 39.9572
116.433 39.9537
116.438 39.9352
116.436 39.9254
116.458 39.9218
116.465 39.9242
116.465 39.9242
116.465 39.9242
116.465 39.9242
116.467 39.9289
116.458 39.9275
116.456 39.9317
116.456 39.9418
116.468 39.9671
116.456 39.9747
116.433 39.9875
116.412 40.0018
116.416 40.0138
116.422 40.0153
116.412 40.0219
116.41 40.0061
116.403 40.0049
116.391 39.9869
116.351 39.9859
116.348 39.9777
116.35 39.9419
116.349 39.9372
116.35 39.928
116.35 39.9077
116.363 39.8982
116.368 39.8948
116.373 39.8939
116.368 39.8891
116.368 39.8835
116.368 39.8872
116.368 39.8942
116.368 39.8942
116.369 39.898
116.381 39.8981
116.381 39.8983
116.381 39.8982
116.365 39.8984
116.357 39.8981
116.332 39.8962
116.304 39.8835
116.307 39.8843
116.309 39.8855
116.309 39.8832
116.307 39.8806
116.305 39.887
116.329 39.8957
116.342 39.8958
116.347 39.8879
116.357 39.879
116.358 39.8757
116.357 39.8814
116.366 39.8878
116.367 39.8877
116.368 39.8892
116.368 39.8892
116.368 39.8971
116.375 39.8985
116.384 39.8988
116.4 39.8994
116.405 39.9029
116.406 39.9072
116.381 39.906
116.358 39.9059
116.35 39.918
116.343 39.9264
116.333 39.9269
116.339 39.9268
116.358 39.9278
116.357 39.9288
116.357 39.9287
116.356 39.9311
116.35 39.9234
116.35 39.919
116.35 39.9061
116.348 39.8971
116.33 39.8961
116.304 39.8881
116.306 39.868
116.307 39.8568
116.297 39.854
116.307 39.8625
116.306 39.8699
116.306 39.87
116.306 39.8767
116.29 39.879
116.292 39.8745
116.291 39.8743
116.291 39.8956
116.291 39.8956
116.311 39.8956
116.332 39.8959
116.338 39.9064
116.339 39.912
116.338 39.9064
116.301 39.9064
116.3 39.9064
116.3 39.9064
116.3 39.9064
116.3 39.9064
116.3 39.9064
116.3 39.9063
116.3 39.9064
116.3 39.9064
116.298 39.9065
116.29 39.9064
116.29 39.9064
116.279 39.9062
116.268 39.9126
116.271 39.9062
116.277 39.9061
116.306 39.9059
116.304 39.8983
116.305 39.877
116.34 39.8443
116.346 39.8436
116.353 39.8445
116.362 39.8445
116.359 39.8555
116.358 39.8609
116.358 39.8694
116.358 39.876
116.358 39.8873
116.359 39.8979
116.368 39.8984
116.368 39.908
116.37 39.9106
116.371 39.9182
116.391 39.9219
116.399 39.9138
116.405 39.914
116.409 39.9079
116.407 39.9069
116.43 39.9072
116.435 39.9068
116.454 39.9071
116.456 39.9234
116.456 39.9456
116.484 39.9885
116.514 40.0149
116.548 40.0272
116.582 40.0704
116.583 40.0697
116.584 40.0763
116.582 40.0623
116.563 40.0613
116.544 40.0593
116.519 40.0264
116.486 39.9921
116.467 39.9934
116.468 39.9971
116.478 39.9901
116.47 39.9776
116.44 39.9606
116.434 39.9479
116.441 39.9452
116.433 39.9399
116.413 39.9397
116.41 39.9499
116.396 39.9477
116.36 39.9252
116.358 39.9199
116.357 39.9081
116.357 39.9032
116.34 39.906
116.316 39.9065
116.299 39.9118
116.275 39.9232
116.259 39.9275
116.256 39.9273
116.283 39.9228
116.303 39.9226
116.317 39.9223
116.371 39.9228
116.371 39.9228
116.374 39.9315
116.388 39.932
116.397 39.9319
116.402 39.932
116.402 39.9591
116.401 39.9738
116.401 39.9831
116.408 40.0071
116.401 39.9947
116.401 39.9868
116.443 39.9737
116.441 39.9665
116.445 39.9749
116.448 39.9787
116.47 39.9773
116.509 40.0122
116.521 40.0296
116.545 40.0602
116.545 40.0602
116.555 40.0993
116.579 40.1168
116.657 40.1157
116.699 40.1246
116.818 40.1486
116.873 40.1519
116.91 40.1522
117.027 40.1424
117.097 40.1441
117.116 40.1441
117.112 40.139
117.118 40.1388
117.134 40.135
117.14 40.1364
117.113 40.1525
117.108 40.1524
117.141 40.1387
117.141 40.1354
117.138 40.135
117.117 40.1434
117.107 40.1524
117.082 40.1662
117.053 40.1815
117.055 40.1814
117.055 40.1814
117.09 40.162
117.099 40.1431
117.099 40.142
117.099 40.142
117.097 40.138
117.097 40.138
117.104 40.1487
117.107 40.154
117.105 40.1523
117.101 40.1453
117.101 40.1442
117.014 40.1554
117.014 40.1589
117.007 40.1912
117.046 40.1906
117.046 40.1878
117.053 40.1814
117.072 40.1811
117.105 40.146
117.105 40.1452
117.105 40.145
117.081 40.1705
117.052 40.1815
117.052 40.1815
117.053 40.1814
117.053 40.1814
117.053 40.1814
117.053 40.1814
117.053 40.1814
117.053 40.1814
117.053 40.1814
117.053 40.1814
117.053 40.1814
117.053 40.1814
117.053 40.1814
117.053 40.1814
117.053 40.1814
117.053 40.1814
117.053 40.1814
117.053 40.1814
117.053 40.1814
117.053 40.1814
117.053 40.1814
117.053 40.1814
117.053 40.1814
117.053 40.1814
117.053 40.1814
117.053 40.1814
117.053 40.1814
117.053 40.1814
117.053 40.1814
117.055 40.1837
117.097 40.1593
117.104 40.1546
117.105 40.145
117.105 40.1522
116.462 39.9977
117.107 40.1521
117.106 40.1523
117.105 40.1524
117.07 40.144
117.064 40.1449
117.064 40.1449
117.095 40.1486
117.1 40.1477
117.101 40.1486
117.106 40.1506
117.106 40.1506
117.105 40.1711
117.104 40.1799
117.105 40.1805
117.112 40.2173
117.113 40.2239
117.113 40.2239
117.113 40.2239
117.105 40.186
117.105 40.1838
117.104 40.1798
117.104 40.1798
117.104 40.1798
117.104 40.1798
117.104 40.1798
117.104 40.1798
117.104 40.1798
117.104 40.1798
117.104 40.1798
117.104 40.1798
117.104 40.1798
117.104 40.1798
117.104 40.1798
117.104 40.1798
117.104 40.1798
117.104 40.1798
117.104 40.1798
117.104 40.1798
117.104 40.1798
117.104 40.1798
117.104 40.1798
117.104 40.1798
117.104 40.1798
117.104 40.1798
117.104 40.1798
117.104 40.1799
117.104 40.1488
117.105 40.1495
117.107 40.1537
117.118 40.1488
117.116 40.1521
117.112 40.1524
117.112 40.1491
117.142 40.1428
117.142 40.1428
117.14 40.1382
117.139 40.1362
117.143 40.1365
117.143 40.1365
117.143 40.1365
117.134 40.1445
