116.49 39.9906
116.492 39.9899
116.492 39.9899
116.491 39.9874
116.491 39.9867
116.479 39.9757
116.479 39.9757
116.472 39.9698
116.472 39.9698
116.472 39.9698
116.458 39.9571
116.458 39.9571
116.457 39.9564
116.451 39.9515
116.451 39.9512
116.447 39.9466
116.445 39.9464
116.435 39.9324
116.433 39.9324
116.42 39.9323
116.42 39.9323
116.411 39.9272
116.411 39.932
116.411 39.932
116.411 39.9419
116.411 39.9425
116.393 39.9477
116.39 39.9477
116.35 39.9447
116.342 39.9568
116.341 39.9569
116.338 39.9597
116.339 39.9586
116.35 39.9473
116.349 39.9357
116.349 39.9356
116.351 39.9182
116.358 39.914
116.358 39.914
116.357 39.9131
116.368 39.9103
116.368 39.9103
116.359 39.9172
116.359 39.9186
116.352 39.9224
116.337 39.9221
116.337 39.9221
116.336 39.9222
116.336 39.9222
116.322 39.9221
116.292 39.9228
116.289 39.9309
116.291 39.931
116.291 39.931
116.312 39.938
116.312 39.938
116.315 39.9377
116.331 39.9367
116.327 39.935
116.326 39.9348
116.319 39.9377
116.317 39.9379
116.284 39.9462
116.284 39.9462
116.282 39.945
116.282 39.9442
116.282 39.9415
116.282 39.9425
116.295 39.9439
116.297 39.9436
116.299 39.9427
116.302 39.9525
116.302 39.9525
116.302 39.9564
116.303 39.956
116.317 39.9571
116.317 39.9588
116.316 39.9648
116.328 39.9613
116.328 39.9612
116.338 39.9567
116.339 39.9568
116.365 39.9566
116.369 39.9664
116.371 39.9665
116.395 39.9672
116.406 39.9637
116.4 39.9676
116.396 39.9723
116.401 39.9705
116.402 39.9579
116.402 39.9574
116.387 39.9477
116.376 39.9475
116.376 39.9475
116.376 39.9475
116.365 39.9472
116.365 39.9472
116.365 39.9471
116.35 39.9427
116.35 39.9313
116.339 39.9221
116.328 39.9218
116.32 39.931
116.318 39.9311
116.305 39.9311
116.305 39.9311
116.304 39.9103
116.304 39.9093
116.304 39.8924
116.304 39.8921
116.302 39.8773
116.302 39.8822
116.304 39.883
116.292 39.8959
116.291 39.8959
116.271 39.8966
116.271 39.8966
116.268 39.9034
116.268 39.9036
116.268 39.9055
116.268 39.9055
116.272 39.9186
116.274 39.9185
116.282 39.916
116.282 39.9158
116.285 39.9116
116.285 39.9116
116.292 39.9117
116.292 39.9117
116.296 39.9117
116.296 39.9117
116.296 39.91
116.296 39.9097
116.291 39.9063
116.291 39.9063
116.289 39.9057
116.289 39.905
116.289 39.8964
116.329 39.8959
116.332 39.896
116.332 39.896
116.353 39.8979
116.353 39.8979
116.353 39.8979
116.367 39.8984
116.367 39.8984
116.38 39.8987
116.382 39.8988
116.398 39.8993
116.399 39.8993
116.417 39.8991
116.417 39.8991
116.419 39.8968
116.416 39.8958
116.415 39.8959
116.417 39.8991
116.417 39.8991
116.428 39.8992
116.43 39.8991
116.429 39.9121
116.429 39.9138
116.431 39.9396
116.444 39.9432
116.444 39.9444
116.445 39.952
116.455 39.9232
116.458 39.8921
116.463 39.892
116.465 39.8922
116.463 39.8922
116.456 39.9055
116.456 39.9055
116.456 39.9191
116.459 39.9325
116.447 39.9575
116.447 39.9569
116.45 39.9548
116.471 39.9689
116.475 39.9719
116.484 39.9792
116.484 39.9836
116.489 39.9915
116.489 39.9915
116.491 39.994
116.504 40.0056
116.507 40.0087
116.536 40.0218
116.541 40.0235
116.574 40.0337
116.582 40.0348
116.59 40.0442
116.592 40.0444
116.593 40.0445
116.591 40.0443
116.581 40.0473
116.578 40.0435
116.549 40.0267
116.545 40.0251
116.518 40.0118
116.515 40.0114
116.516 40.0094
116.515 40.0094
116.515 40.0094
116.505 40.0066
116.499 40.0009
116.499 40.0009
116.49 39.9905
116.484 39.9867
116.482 39.9722
116.466 39.9832
116.462 39.9785
116.459 39.9669
116.451 39.9593
116.442 39.9609
116.441 39.9566
116.44 39.9509
116.437 39.9464
116.438 39.9401
116.427 39.94
116.428 39.9213
116.421 39.9143
116.421 39.9083
116.421 39.9083
116.421 39.9083
116.421 39.9078
116.421 39.9078
116.421 39.9047
116.418 39.9042
116.418 39.9064
116.423 39.907
116.435 39.9068
116.435 39.9077
116.435 39.9136
116.438 39.9222
116.431 39.9272
116.444 39.9326
116.456 39.9442
116.463 39.9444
116.454 39.9532
116.459 39.9575
116.47 39.968
116.476 39.9733
116.484 39.974
116.484 39.974
116.484 39.974
116.484 39.974
116.484 39.9708
116.474 39.9702
116.474 39.9702
116.463 39.9721
116.446 39.9814
116.418 39.9878
116.418 39.9963
116.363 39.982
116.353 39.9804
116.352 39.9804
116.354 39.9804
116.359 39.9805
116.407 40.0078
116.368 39.9954
116.373 39.9838
116.317 39.9547
116.313 39.965
116.304 39.9621
116.3 39.9746
116.3 39.9836
116.305 39.9838
116.312 39.984
116.312 39.984
116.312 39.984
116.321 39.9816
116.32 39.98
116.319 39.9826
116.319 39.9826
116.319 39.9825
116.319 39.9825
116.319 39.9824
116.319 39.9823
116.319 39.9824
116.319 39.9824
116.319 39.9827
116.319 39.9827
116.319 39.9827
116.319 39.9827
116.319 39.9827
116.319 39.9804
116.319 39.9751
116.319 39.9674
116.32 39.9663
116.302 39.9601
116.304 39.9436
116.304 39.9205
116.304 39.9051
116.318 39.9061
116.323 39.9056
116.328 39.9116
116.334 39.917
116.344 39.922
116.344 39.922
116.351 39.9219
116.35 39.9251
116.352 39.9308
116.359 39.9309
116.372 39.9314
116.393 39.932
116.403 39.9284
116.405 39.9187
116.41 39.9172
116.412 39.9142
116.42 39.9165
116.42 39.9279
116.424 39.9321
116.426 39.9322
116.428 39.932
116.428 39.9436
116.442 39.9507
116.471 39.9769
116.471 39.9769
116.484 39.9841
116.498 39.9812
116.504 39.9877
116.517 40.0017
116.532 40.0069
116.544 40.0045
116.544 40.0045
116.543 40.0037
116.534 40.0074
116.516 40.0008
116.505 39.9995
116.489 39.9922
116.484 39.9871
116.474 39.9794
116.454 39.9616
116.423 39.9485
116.414 39.9481
116.398 39.9477
116.391 39.9477
116.384 39.9476
116.378 39.9476
116.372 39.9475
116.369 39.9475
116.361 39.9458
116.355 39.9438
116.349 39.9379
116.349 39.9362
116.35 39.9315
116.35 39.9265
116.35 39.9198
116.35 39.914
116.35 39.914
116.35 39.8983
116.327 39.8959
116.323 39.8959
116.322 39.8959
116.315 39.896
116.317 39.897
116.315 39.9049
116.318 39.9061
116.326 39.906
116.329 39.906
116.329 39.9153
116.336 39.917
116.338 39.9171
116.344 39.9171
116.345 39.9171
116.346 39.9171
116.346 39.9171
116.347 39.9171
116.35 39.9142
116.35 39.9105
116.35 39.9074
116.35 39.9044
116.355 39.8979
116.358 39.8981
116.363 39.8982
116.363 39.8982
116.365 39.8983
116.367 39.8983
116.369 39.8984
116.377 39.8987
116.391 39.8987
116.399 39.8993
116.409 39.8997
116.411 39.8996
116.418 39.8991
116.421 39.8992
116.431 39.8985
116.433 39.8949
116.433 39.8949
116.433 39.8949
116.442 39.8922
116.448 39.8922
116.449 39.8922
116.45 39.8944
116.45 39.8959
116.45 39.8959
116.45 39.8959
116.45 39.8959
116.45 39.8959
116.45 39.8923
116.438 39.8951
116.429 39.9138
116.428 39.9278
116.428 39.9373
116.428 39.9434
116.436 39.9469
116.44 39.9485
116.445 39.9522
116.448 39.9502
116.451 39.9511
116.453 39.9527
116.455 39.9486
116.455 39.9414
116.449 39.9356
116.449 39.9343
116.449 39.933
116.434 39.9324
116.434 39.9324
116.428 39.9345
116.426 39.9485
116.419 39.9525
116.412 39.9576
116.406 39.958
116.406 39.9582
116.411 39.9579
116.417 39.9608
116.425 39.961
116.469 39.9324
116.483 39.9314
116.483 39.9212
116.494 39.9216
116.51 39.922
116.522 39.9225
116.546 39.9225
116.548 39.9149
116.542 39.915
116.542 39.915
116.527 39.9157
116.519 39.9161
116.515 39.9221
116.528 39.9225
116.528 39.9225
116.577 39.9194
116.58 39.9183
116.557 39.9231
116.532 39.9225
116.52 39.9227
116.51 39.922
116.496 39.922
116.484 39.958
116.484 39.9677
116.484 39.9772
116.491 39.9867
116.494 39.9962
116.5 40.0021
116.51 40.0101
116.512 40.0062
116.516 40.0094
116.512 40.0108
116.51 40.011
116.51 40.011
116.51 40.011
116.497 39.9998
116.484 39.9837
116.484 39.9836
116.471 39.9717
116.472 39.9717
116.484 39.9743
116.484 39.9743
116.484 39.9863
116.484 39.9863
116.477 39.9912
116.477 39.9912
116.472 40.0087
116.467 40.0088
116.467 40.0088
116.472 40.0052
116.472 40.0052
116.473 40.0007
116.473 40.0007
116.461 40.0127
116.461 40.0127
116.461 40.011
116.461 40.011
116.462 39.996
116.462 39.996
116.462 39.996
116.465 39.9816
116.465 39.9815
116.458 39.9752
116.458 39.9752
116.476 39.9765
116.476 39.9765
116.484 39.9753
116.484 39.9754
116.493 39.9956
116.493 39.9956
116.506 39.9997
116.506 39.9997
116.51 39.9807
116.51 39.9806
116.497 39.9636
116.497 39.9636
116.497 39.9704
116.497 39.9704
116.485 39.9753
116.485 39.9753
116.484 39.99
116.484 39.9901
116.5 40.0067
116.492 40.0106
116.492 40.0106
116.491 40.013
116.491 40.0131
116.491 40.0123
116.491 40.0123
116.501 40.0056
116.501 40.0056
116.515 40.0093
116.499 40.0013
116.498 40.0008
116.481 39.9863
116.439 39.9477
116.437 39.9466
116.428 39.9452
116.428 39.9453
116.428 39.9453
116.426 39.9485
116.429 39.9595
116.435 39.9648
116.453 39.9615
116.466 39.9734
116.48 39.9857
116.489 39.9944
116.509 40.0107
116.513 40.0103
116.421 39.8922
116.421 39.8922
116.516 40.0093
116.509 40.0061
116.496 39.9984
116.491 39.9867
116.484 39.9866
116.484 39.9816
116.484 39.9864
116.482 39.9882
116.472 39.9781
116.447 39.9556
116.454 39.9324
116.449 39.9311
116.449 39.932
116.443 39.9324
116.429 39.9325
116.428 39.9405
116.419 39.9455
116.421 39.948
116.421 39.948
116.427 39.9379
116.428 39.9318
116.442 39.9323
116.444 39.9323
116.449 39.9324
116.449 39.9393
116.443 39.947
116.438 39.9519
116.435 39.957
116.435 39.9557
116.435 39.9557
116.434 39.9568
116.442 39.9604
116.455 39.9504
116.456 39.9447
116.45 39.9563
116.472 39.978
116.495 39.9989
116.495 39.9989
116.531 40.0214
116.563 40.0333
116.568 40.0424
116.558 40.0465
116.56 40.0449
116.56 40.0449
116.561 40.0403
116.569 40.0423
116.575 40.0522
116.577 40.0575
116.574 40.0603
116.563 40.0676
116.564 40.0628
116.574 40.0602
116.576 40.0545
116.578 40.0496
116.572 40.0371
116.556 40.0291
116.545 40.025
116.528 40.0191
116.507 40.0086
116.494 39.9959
116.491 39.9899
116.484 39.9819
116.48 39.974
116.474 39.9751
116.483 39.9719
116.484 39.9751
116.484 39.986
116.476 39.9878
116.479 39.9897
116.479 39.9897
116.479 39.9896
116.481 39.988
116.496 40.0017
116.498 40.0075
116.493 40.0076
116.5 40.0058
116.508 40.0108
116.513 40.0106
116.516 40.0094
116.515 40.0094
116.515 40.0094
116.515 40.0094
116.515 40.0094
116.515 40.0094
116.515 40.0094
116.515 40.0094
116.515 40.0094
116.515 40.0094
116.515 40.0094
116.515 40.0094
116.515 40.0094
116.515 40.0094
116.515 40.0094
116.515 40.0094
116.515 40.0094
116.515 40.0094
116.515 40.0094
116.515 40.0094
116.515 40.0094
116.515 40.0094
116.515 40.0094
116.515 40.0094
116.515 40.0094
116.515 40.0094
116.515 40.0094
116.515 40.0094
116.515 40.0094
116.515 40.0094
116.515 40.0094
116.515 40.0094
116.515 40.0094
116.515 40.0094
116.515 40.0094
116.515 40.0094
116.515 40.0094
116.515 40.0094
116.515 40.0094
116.515 40.0094
116.515 40.0094
116.515 40.0094
104.171 30.8295
104.171 30.8295
116.515 40.0093
116.503 40.0054
116.491 39.99
116.484 39.9866
116.483 39.9719
116.481 39.9774
116.484 39.9848
116.484 39.9848
116.484 39.9848
116.484 39.9864
116.481 39.9864
116.465 39.9719
116.428 39.9489
116.428 39.9381
116.429 39.9077
116.416 39.907
116.406 39.9091
116.407 39.9092
116.392 39.9064
116.385 39.9062
116.368 39.9078
116.368 39.9082
116.367 39.9246
116.367 39.9307
116.358 39.9334
116.353 39.9361
116.33 39.9369
116.323 39.9375
116.336 39.9361
116.334 39.9353
116.334 39.9353
116.319 39.9376
116.306 39.9403
116.301 39.9524
116.293 39.9506
116.294 39.9492
116.294 39.9446
116.284 39.9474
116.272 39.9521
116.276 39.9557
116.297 39.9586
116.301 39.9605
116.315 39.9653
116.315 39.9653
116.326 39.966
116.326 39.966
116.322 39.9662
116.312 39.9745
116.319 39.9796
116.312 39.9796
116.319 39.9817
116.319 39.9751
116.327 39.9751
116.337 39.975
116.34 39.9747
116.339 39.975
116.343 39.9852
116.338 39.9856
116.334 39.9852
116.34 39.9728
116.353 39.9801
116.35 39.9753
116.332 39.9663
116.32 39.9662
116.324 39.9659
116.324 39.9659
116.324 39.9659
116.328 39.9616
116.335 39.9566
116.347 39.9567
116.355 39.9538
116.354 39.953
116.355 39.9628
116.358 39.9662
116.38 39.9669
116.405 39.9705
116.403 39.9678
116.403 39.9678
116.433 39.9663
116.448 39.9564
116.48 39.9851
116.497 40.0003
116.547 40.0271
116.57 40.0379
116.582 40.0711
116.587 40.0787
116.581 40.0744
116.582 40.0627
116.564 40.0702
116.567 40.0709
116.566 40.0715
116.566 40.0715
116.566 40.0715
116.566 40.0715
116.566 40.0715
116.566 40.0715
116.566 40.0715
116.566 40.0715
116.566 40.0715
116.566 40.0715
116.566 40.0715
116.566 40.0715
116.566 40.0715
116.566 40.0715
116.566 40.0715
116.564 40.0707
116.562 40.0691
116.583 40.0601
116.582 40.0642
116.582 40.0642
116.582 40.0642
116.582 40.0642
116.582 40.0682
116.581 40.0702
116.581 40.0702
116.581 40.0716
116.581 40.0718
116.581 40.0718
116.581 40.0724
116.58 40.0751
116.58 40.0751
116.58 40.0751
116.58 40.0756
116.582 40.0746
116.583 40.0756
116.583 40.076
116.585 40.0795
116.582 40.0693
116.57 40.0378
116.553 40.0289
116.5 40.0031
116.484 39.989
116.447 39.9562
116.455 39.9492
116.456 39.9109
116.456 39.9109
116.455 39.8978
116.439 39.8601
116.437 39.8612
116.437 39.8612
116.437 39.8612
116.437 39.8612
116.437 39.8612
116.437 39.8612
116.437 39.8612
116.437 39.8612
116.437 39.8612
116.435 39.8644
116.441 39.8749
116.441 39.8749
116.44 39.8784
116.438 39.8917
116.428 39.9231
116.471 39.9766
116.517 40.0164
116.54 40.0248
116.581 40.0488
116.583 40.0654
116.583 40.0795
116.581 40.0748
116.582 40.0583
116.583 40.0502
116.564 40.0319
116.552 40.0277
116.519 40.0157
116.515 40.0111
116.51 40.0109
116.509 40.0106
116.483 39.9857
116.483 39.984
116.475 39.9766
116.475 39.9771
116.452 39.9608
116.451 39.96
116.432 39.9447
116.431 39.9437
116.428 39.9454
116.429 39.9462
116.428 39.9452
116.428 39.9452
116.429 39.9456
116.44 39.9488
116.444 39.9524
116.472 39.9788
116.475 39.9817
116.488 39.9937
116.488 39.9938
116.508 40.0108
116.51 40.0109
116.51 40.0108
116.51 40.0108
116.51 40.0108
116.51 40.0109
116.51 40.011
116.514 40.01
116.514 40.0099
116.513 40.0102
116.509 40.0107
116.505 40.0066
116.523 40.0059
116.516 40.0074
116.516 40.0098
116.516 40.0776
116.516 40.0776
116.515 40.0098
116.512 40.0052
116.512 40.005
116.54 40.0048
116.55 40.0001
116.55 40.0001
116.55 40.0001
116.55 40.0001
116.55 40.0001
116.55 40.0001
116.55 40.0001
116.55 40.0001
116.542 40.0019
116.545 40.0028
116.543 40.0023
116.539 40.0054
116.547 40.0078
116.553 40.0085
116.553 40.0085
116.55 40.0001
116.55 40.0001
116.55 40
116.558 40.0093
116.548 40.0079
116.547 40.0079
116.547 40.0078
116.562 39.993
116.564 39.9886
116.56 40.0018
116.547 39.9997
116.527 40.006
116.516 40.0079
116.514 40.0097
116.51 40.0108
116.515 40.0094
