116.434 39.9303
116.434 39.9239
116.444 39.9361
116.403 39.9328
116.333 39.9369
116.328 39.9651
116.297 39.9639
116.338 39.9661
116.364 39.9627
116.389 39.9389
116.368 39.9132
116.389 39.9218
116.421 39.9088
116.456 39.9119
116.428 39.9305
116.427 39.8646
116.414 39.8697
116.484 39.9328
116.584 40.053
116.515 40.0154
116.464 39.9768
116.483 39.9226
116.48 39.9225
116.416 39.9395
116.417 39.9397
116.428 39.9228
116.452 39.8641
116.434 39.8311
116.435 39.8573
116.441 39.8407
116.484 39.9325
116.484 39.9325
116.579 40.0468
116.436 39.9537
116.439 39.9505
116.447 39.9337
116.447 39.9337
116.403 39.9321
116.466 39.9325
116.548 39.9197
116.517 39.9076
116.43 39.9072
116.353 39.906
116.32 39.9332
116.31 39.9828
116.27 39.9694
116.309 39.9839
116.318 39.9487
116.319 39.875
116.355 39.9124
116.355 39.9128
116.354 39.9224
116.435 39.9481
116.582 40.0693
116.582 40.0485
116.566 39.9711
116.548 39.9173
116.474 39.9632
116.582 40.0749
116.558 40.01
116.435 39.9227
116.428 39.923
116.415 39.8827
116.393 39.8793
116.416 39.9068
116.411 39.9242
116.455 39.9511
116.453 39.9622
116.404 39.9818
116.408 39.9611
116.407 39.9635
116.388 39.9497
116.355 39.9457
116.343 39.9482
116.321 39.9345
116.37 39.9312
116.408 39.9142
116.406 39.9091
116.439 39.8845
116.452 39.8831
116.454 39.9181
116.452 39.9271
116.416 39.9876
116.381 39.9881
116.455 39.9333
116.486 39.9324
116.473 39.9217
116.428 39.9411
116.351 39.9186
116.335 39.9059
116.354 39.9089
116.325 39.9254
116.361 39.9225
116.376 39.9173
116.428 39.9303
116.455 39.9344
116.522 39.9225
116.455 39.9129
116.455 39.9123
116.45 39.9221
116.512 40.0137
116.582 40.07
116.514 40.0149
116.411 39.9395
116.478 39.9144
116.472 39.9294
116.443 39.9126
116.46 39.9174
116.475 39.9722
116.484 39.9406
116.452 39.8966
116.444 39.9354
116.439 39.9389
116.455 39.9279
116.508 39.868
116.523 39.9042
116.484 39.9176
116.457 39.9324
116.403 39.831
116.396 39.8097
116.397 39.8307
116.426 39.8561
116.406 39.899
116.322 39.9661
116.328 39.9665
116.357 39.9392
116.33 39.9563
116.33 39.9563
116.371 39.9286
116.373 39.9594
116.344 39.8968
116.355 39.8767
116.304 39.9126
116.346 39.9388
116.4 39.932
116.44 39.8781
116.427 39.8828
116.461 39.8831
116.482 39.9566
116.309 39.9812
116.344 39.9663
116.468 39.9353
116.548 39.9185
116.483 39.9536
116.3 39.9809
116.429 39.9227
116.455 39.922
116.38 39.906
116.259 39.9063
116.188 39.91
116.247 39.9036
116.197 39.9062
116.253 39.9165
116.204 39.9927
116.244 40.0029
116.236 39.9485
116.236 39.9485
116.328 39.9744
116.349 39.9399
116.406 39.894
116.425 39.8956
116.402 39.9368
116.399 39.9582
116.43 39.9042
116.423 39.8902
116.361 39.8879
116.355 39.9437
116.306 40.0761
116.26 40.0809
116.338 40.0335
116.318 39.9661
116.304 39.9302
116.347 39.9388
