116.346 40.0125
116.345 40.0095
116.346 40.0072
116.345 40.0151
116.345 40.015
116.345 40.015
116.345 40.014
116.345 40.0063
116.341 40.0063
116.342 40.0057
116.342 40.0059
116.342 40.0061
116.389 40.0084
116.402 40.02
116.404 40.0294
116.407 40.0655
116.407 40.0702
116.407 40.09
116.407 40.09
116.388 40.1048
116.386 40.1047
116.408 40.0784
116.407 40.0751
116.407 40.0672
116.375 40.0653
116.378 40.061
116.322 40.0551
116.32 40.059
116.339 40.0632
116.331 40.0574
116.325 40.0552
116.334 40.0386
116.316 40.0353
116.314 40.0306
116.308 40.028
116.307 40.0272
116.309 40.0033
116.31 39.9911
116.311 39.9772
116.319 39.9729
116.332 39.9743
116.338 39.9773
116.335 39.9791
116.334 39.9865
116.341 39.9918
116.345 39.9919
116.347 39.9639
116.347 39.9594
116.349 39.9567
116.349 39.9512
116.35 39.9456
116.35 39.9422
116.35 39.9422
116.349 39.9353
116.349 39.9323
116.349 39.9308
116.35 39.9132
116.35 39.9093
116.35 39.9083
116.35 39.8985
116.347 39.8885
116.347 39.8885
116.346 39.8883
116.345 39.8883
116.324 39.8888
116.322 39.889
116.317 39.8888
116.313 39.887
116.311 39.8865
116.304 39.8844
116.308 39.8593
116.318 39.8492
116.342 39.8285
116.443 39.826
116.444 39.8255
116.444 39.8255
116.444 39.8256
116.444 39.8255
116.444 39.8256
116.444 39.8256
116.444 39.8255
116.443 39.8256
116.443 39.8255
116.443 39.8256
116.443 39.8255
116.443 39.8256
116.443 39.8256
116.443 39.8256
116.443 39.8256
116.443 39.8256
116.443 39.8256
116.443 39.8256
116.443 39.8256
116.443 39.8256
116.447 39.8233
116.448 39.8227
116.449 39.8256
116.456 39.8321
116.468 39.8375
116.476 39.843
116.484 39.8935
116.484 39.9234
116.482 39.9325
116.462 39.9325
116.46 39.9325
116.46 39.9325
116.45 39.94
116.439 39.9399
116.437 39.9399
116.423 39.94
116.422 39.9434
116.42 39.9434
116.42 39.9318
116.42 39.924
116.42 39.9215
116.422 39.908
116.421 39.9099
116.421 39.9139
116.42 39.9264
116.419 39.9389
116.418 39.9397
116.41 39.948
116.399 39.9479
116.37 39.9477
116.37 39.9477
116.366 39.9492
116.365 39.9524
116.364 39.9802
116.362 39.9861
116.359 39.9911
116.359 39.9917
116.359 39.9916
116.359 39.9957
116.346 40.008
116.346 40.0131
116.342 40.0152
116.338 40.0065
116.338 40.0065
116.334 39.9919
116.327 39.992
116.327 39.9923
116.332 39.9987
116.343 40.0029
116.343 40.005
116.34 39.9997
116.33 39.9916
116.327 39.9921
116.334 39.9967
116.334 39.9934
116.327 39.992
116.322 39.995
116.322 39.995
116.327 39.9921
116.332 39.9983
116.332 39.9984
116.358 40.0001
116.346 40.0167
116.346 40.0207
116.345 40.0261
116.367 40.0292
116.372 40.0302
116.396 40.0348
116.402 40.0158
116.402 40.0085
116.401 39.9937
116.403 39.991
116.403 39.9909
116.402 39.9908
116.402 40.0081
116.405 40.0342
116.408 40.0559
116.408 40.0565
116.408 40.0565
116.379 40.0605
116.374 40.0607
116.368 40.0604
116.337 40.0584
116.331 40.0574
116.331 40.0421
116.346 40.0067
116.347 39.9841
116.352 39.9566
116.35 39.9566
116.35 39.9276
116.343 39.904
116.346 39.9039
116.35 39.9125
116.35 39.9333
116.35 39.938
116.342 39.9503
116.35 39.966
116.347 39.999
116.334 39.9966
116.345 39.9994
116.345 39.9995
116.345 39.9995
116.345 39.9994
116.347 39.9997
116.347 39.9935
116.347 39.9935
116.3 39.9843
116.297 39.9885
116.308 40.0253
116.308 40.0253
116.31 40.0283
116.331 40.0347
116.353 40.0148
116.356 40.0097
116.362 40.0042
116.347 40.0287
116.351 40.029
116.358 40.0342
116.358 40.0342
116.35 40.0322
116.359 40.0066
116.365 39.9985
116.347 39.9856
116.33 39.977
116.329 39.9791
116.334 39.9969
116.359 39.9927
116.364 39.9775
116.36 39.9805
116.368 39.9858
116.374 39.9988
116.374 39.998
116.356 40.0064
116.358 40.0055
116.345 39.9995
116.345 39.9995
116.345 39.9995
116.345 39.9995
116.331 39.9905
116.332 39.9878
116.331 39.9877
116.332 39.9877
116.332 39.9877
116.332 39.9877
116.332 39.9877
116.332 39.9877
116.332 39.9877
116.332 39.9877
116.332 39.9877
116.332 39.9877
116.332 39.9879
116.334 39.9972
116.334 39.998
116.34 40.0138
116.346 40.0138
116.344 40.027
116.359 40.0302
116.36 40.0296
116.346 40.0146
116.346 40.0136
116.349 39.9539
116.349 39.9514
116.349 39.9356
116.35 39.8981
116.317 39.8984
116.317 39.8983
116.317 39.8983
116.317 39.8982
116.316 39.8962
116.316 39.8962
116.316 39.8963
116.316 39.8962
116.315 39.8992
116.315 39.9378
116.374 39.9483
116.373 39.9501
116.366 39.9481
116.366 39.9481
116.381 39.9474
116.434 39.9481
116.486 39.9904
116.555 40.0296
116.583 40.0508
116.584 40.0557
116.583 40.0638
116.583 40.0638
116.585 40.0775
116.568 40.0358
116.499 40.0022
116.497 40.001
116.435 40.0195
116.386 40.0213
116.383 40.0214
116.361 40.0083
116.361 40.0083
116.347 40.0147
116.347 40.0147
116.347 40.0145
116.346 40.0104
116.346 40.0059
116.342 39.992
116.327 39.9913
116.327 39.9914
116.326 39.9915
116.334 40.0036
116.345 40.0062
116.346 40.0061
116.347 39.9924
116.347 39.9888
116.357 39.9823
116.348 39.9828
116.347 39.9889
116.334 39.9917
116.327 39.993
116.335 39.9787
116.319 39.975
116.312 39.9749
116.306 39.9746
116.297 39.9835
116.31 39.9894
116.333 39.9916
116.343 40.0009
116.347 40.0066
116.347 40.0067
116.347 40.0067
116.347 40.0067
116.347 40.0067
116.346 40.0156
116.346 40.0152
116.337 40.0095
116.329 39.9915
116.31 39.9844
116.3 39.9764
116.3 39.9696
116.301 39.9669
116.312 39.9645
116.303 39.9562
116.304 39.946
116.304 39.9282
116.304 39.9127
116.304 39.9127
116.304 39.9073
116.299 39.9063
116.299 39.9117
116.308 39.9101
116.321 39.9096
116.329 39.9214
116.328 39.9283
116.327 39.9365
116.36 39.9451
116.373 39.9568
116.373 39.9851
116.35 40.0203
116.343 40.0274
116.342 40.0297
116.337 40.0294
116.322 40.0266
116.337 40.0294
116.337 40.0294
116.339 40.0295
116.339 40.0295
116.339 40.0295
116.345 40.0215
116.333 40.0003
116.332 39.9987
116.327 39.9948
116.317 39.9911
116.327 39.9859
116.328 39.9845
116.374 39.9859
116.381 39.9838
116.376 39.9755
116.365 39.9754
116.359 39.9756
116.348 39.9753
116.347 39.9691
116.347 39.9633
116.347 39.9633
116.347 39.9596
116.347 39.9588
116.348 39.9571
116.349 39.9495
116.35 39.9488
116.35 39.9451
116.344 39.9429
116.341 39.9485
116.334 39.9473
116.329 39.9603
116.333 39.9661
116.332 39.9726
116.339 39.9755
116.347 39.975
116.359 39.9748
116.348 39.9836
116.357 39.9856
116.363 39.9774
116.356 39.9804
116.356 39.9805
116.356 39.9805
116.353 39.9804
116.347 39.988
116.347 39.9967
116.357 40.0001
116.343 40.0061
116.345 40.0062
116.331 39.9982
116.324 39.9939
116.318 39.9913
116.328 39.9912
116.328 39.9912
116.326 39.9915
116.31 39.9909
116.309 39.9844
116.302 39.9828
116.3 39.9831
116.286 39.9802
116.269 39.9585
116.268 39.9378
116.268 39.8997
116.243 39.8958
116.23 39.896
116.231 39.9026
116.245 39.9027
116.224 39.9027
116.209 39.8963
116.215 39.9023
116.215 39.9047
116.203 39.9062
116.188 39.9072
116.186 39.9133
116.19 39.9061
116.2 39.9061
116.208 39.9061
116.229 39.9061
116.247 39.9062
116.25 39.9061
116.271 39.9062
116.281 39.9062
116.288 39.9064
116.304 39.906
116.304 39.9279
116.304 39.9317
116.317 39.9452
116.317 39.946
116.311 39.9446
116.32 39.9455
116.32 39.9375
116.327 39.9318
116.327 39.9318
116.328 39.9294
116.328 39.9305
116.314 39.9312
116.295 39.9442
116.274 39.9454
116.266 39.9457
116.239 39.9464
116.255 39.9454
116.269 39.9457
116.278 39.9591
116.283 39.9561
116.293 39.9579
116.302 39.9744
116.311 39.979
116.309 40.0028
116.311 40.0162
116.311 40.0162
116.308 40.0214
116.308 40.0369
116.316 40.0481
116.302 40.0761
116.304 40.0766
116.319 40.0753
116.332 40.0623
116.329 40.0624
116.333 40.0577
116.319 40.0493
116.328 40.0384
116.328 40.0385
116.327 40.0385
116.327 40.0385
116.332 40.0463
116.324 40.0552
116.323 40.0543
116.342 40.0287
116.349 40.0341
116.345 40.0214
116.345 40.021
116.342 40.0138
116.353 40.007
116.366 40.0123
116.371 39.9885
116.372 39.9859
116.373 39.9479
116.391 39.9352
116.391 39.9352
116.383 39.9422
116.374 39.9655
116.374 39.9678
116.381 39.981
116.389 39.9613
116.389 39.9595
116.402 39.9446
116.396 39.9323
116.391 39.9321
116.417 39.9322
116.419 39.9322
116.433 39.9213
116.42 39.9252
116.42 39.9271
116.444 39.9323
116.461 39.9299
116.461 39.9299
116.445 39.9324
116.455 39.9289
116.455 39.9268
116.455 39.9268
116.444 39.9211
116.444 39.9211
116.444 39.9214
116.425 39.9231
116.407 39.9321
116.404 39.932
116.389 39.9269
116.373 39.9317
116.371 39.9315
116.365 39.9568
116.364 39.9749
116.364 39.9749
116.352 39.986
116.345 39.9993
116.345 39.9994
116.345 39.9994
116.358 40.0001
116.358 40
116.356 40.0071
116.339 40.0143
116.34 40.016
116.323 40.0528
116.323 40.0528
116.323 40.0528
116.323 40.0528
116.323 40.0528
116.323 40.0527
116.323 40.0527
116.323 40.0527
116.323 40.0527
116.323 40.0527
116.323 40.0527
116.323 40.0527
116.323 40.0527
116.323 40.0527
116.323 40.0527
116.323 40.0527
116.323 40.0527
116.323 40.0527
116.323 40.0527
116.323 40.0527
116.323 40.0527
116.323 40.0527
116.323 40.0527
116.323 40.0527
116.323 40.0527
116.323 40.0527
116.323 40.0527
116.323 40.0527
116.323 40.0527
116.324 40.051
116.33 40.0356
116.331 40.0331
116.343 40.0265
116.346 40.0068
116.346 40.006
116.347 39.9888
116.35 39.9482
116.35 39.942
116.35 39.9176
116.333 39.9134
116.328 39.9271
116.345 39.9385
116.351 39.939
116.354 39.9416
116.349 39.9315
116.35 39.927
116.35 39.927
116.345 39.927
116.35 39.9363
116.353 39.9432
116.401 39.9476
116.442 39.9511
116.45 39.9577
116.491 39.9953
116.491 39.9953
116.561 40.0326
116.572 40.0399
116.583 40.0763
116.581 40.0773
116.58 40.0765
116.582 40.0644
116.584 40.0565
116.584 40.0562
116.586 40.0543
116.57 40.0348
116.567 40.0329
116.542 40.0241
116.51 40.0112
116.508 40.0094
116.489 39.9924
116.468 39.9815
116.467 39.9818
116.451 39.9848
116.418 39.9893
116.417 39.9922
116.416 39.9921
116.411 39.9967
116.418 39.9935
116.418 39.9884
116.402 39.9886
116.412 39.9935
116.418 39.9889
116.418 39.9881
116.413 39.9844
116.408 39.9819
116.404 39.9826
116.396 39.9682
116.396 39.9677
116.389 39.967
116.444 39.9592
116.455 39.9247
116.455 39.8939
116.46 39.8919
116.471 39.8936
116.471 39.8948
116.472 39.8952
116.471 39.8958
116.471 39.8977
116.472 39.898
116.472 39.8985
116.472 39.9019
116.472 39.9032
116.447 39.9027
116.431 39.9066
116.429 39.9115
116.428 39.9396
116.405 39.9482
116.405 39.9484
116.399 39.9479
116.399 39.9479
116.382 39.9478
116.373 39.9558
116.346 40.0123
116.345 40.014
116.343 40.0139
116.346 40.0121
116.346 40.012
116.346 40.0119
116.347 39.9963
116.347 39.97
116.344 39.9665
116.32 39.9661
116.311 39.9749
116.311 39.9811
116.326 39.9914
116.331 39.9915
116.334 39.9916
116.343 40.0052
116.336 40.0055
116.34 40.0063
116.347 39.9847
116.353 39.9803
116.348 39.9802
116.348 39.9802
116.335 39.9918
116.332 39.9986
116.332 40.0001
116.354 40.0071
116.39 40.0083
116.402 40.0078
116.401 39.9755
116.401 39.9695
116.404 39.9475
116.428 39.9304
116.428 39.9236
116.429 39.9069
116.43 39.9101
116.42 39.9397
116.408 39.9395
116.402 39.9385
116.395 39.9395
116.391 39.9394
116.391 39.9394
116.346 39.9565
116.343 39.9615
116.343 39.962
116.343 39.962
116.347 39.9598
116.348 39.957
116.348 39.957
116.34 39.9748
116.326 39.9752
116.322 39.9751
116.312 39.9753
116.296 39.9737
116.296 39.9736
116.289 39.9573
116.287 39.9569
116.282 39.9519
116.276 39.9453
116.275 39.9454
116.275 39.9453
116.274 39.9454
116.274 39.9454
116.272 39.9455
116.268 39.9453
116.268 39.9438
116.262 39.9277
116.269 39.9436
116.281 39.956
116.282 39.956
116.285 39.9411
116.31 39.9385
116.355 39.9391
116.362 39.9319
116.362 39.9319
116.361 39.9268
116.361 39.9268
116.35 39.9283
116.35 39.9292
116.35 39.934
116.348 39.996
116.363 39.9918
116.363 39.9918
116.359 39.993
116.347 39.9986
116.347 39.994
116.337 39.9855
116.329 39.9851
116.327 39.992
116.331 39.9972
116.332 39.9992
116.347 39.9997
116.364 40.0029
116.366 40.003
116.356 40.0001
116.347 39.9999
116.334 39.9994
116.328 39.9916
116.327 39.9921
116.323 39.9931
116.313 40.0094
116.314 40.0108
116.312 40.011
116.312 40.0049
116.312 40.0107
116.307 40.0284
116.296 40.0482
116.306 40.0517
116.316 40.061
116.292 40.0513
116.316 40.0349
116.319 40.0342
116.341 40.0304
116.346 40.0067
116.368 40.0115
116.369 40.009
116.461 39.9435
116.456 39.9461
116.438 39.9636
116.393 39.9677
116.392 39.9678
116.365 39.967
116.363 39.9826
116.363 39.9852
116.27 39.9544
116.269 39.9456
116.268 39.8987
116.285 39.8332
116.277 39.8542
116.277 39.8564
116.276 39.8684
116.268 39.8934
116.27 39.8964
116.289 39.899
116.305 39.9074
116.305 39.9078
116.305 39.9079
116.305 39.9079
116.305 39.9079
116.305 39.9079
116.304 39.9487
116.288 39.9571
116.283 39.9655
116.283 39.9655
116.283 39.9654
116.29 39.9573
116.3 39.974
116.304 39.9745
116.311 39.979
116.33 39.9846
116.339 39.9851
116.38 39.9862
116.363 39.9906
116.363 39.9921
116.33 40.0068
116.328 40.0094
116.308 40.0247
116.288 40.0227
116.288 40.0228
116.308 40.0181
116.313 39.9975
116.311 39.9971
116.322 39.9975
116.347 39.9816
116.347 39.9741
116.35 39.939
116.358 39.9377
116.366 39.9468
116.36 39.9704
116.359 39.9722
116.345 39.9995
116.345 39.9995
116.346 40.0071
116.346 40.0286
116.343 40.0371
116.345 40.0252
116.343 40.0207
116.342 40.0134
116.342 40.0134
116.323 40.0527
116.323 40.0527
116.323 40.0527
116.323 40.0527
116.323 40.0527
116.323 40.0527
116.323 40.0527
116.323 40.0527
116.323 40.0527
116.323 40.0527
116.323 40.0527
116.323 40.0527
116.323 40.0527
116.323 40.0527
116.323 40.0527
116.323 40.0527
116.323 40.0527
116.323 40.0527
116.323 40.0527
116.323 40.0527
116.323 40.0527
116.412 39.9937
116.412 39.9937
116.323 40.0527
116.32 40.048
116.32 40.048
116.314 40.0474
116.301 40.0496
116.334 40.0388
116.334 40.0453
116.352 40.0481
116.337 40.0459
116.313 40.074
116.307 40.0737
116.327 40.0391
116.317 40.0349
116.307 40.0382
116.313 40.0317
116.323 40.0345
116.335 40.0371
116.351 40.0298
116.344 40.0253
116.353 40.0144
116.378 39.9863
116.415 39.9874
116.445 39.9817
116.496 39.9996
116.539 40.0242
116.573 40.0411
116.587 40.0784
116.585 40.0772
116.583 40.0508
116.516 40.0163
116.486 40.0062
116.454 40.014
116.395 40.0212
116.369 40.0217
116.368 40.014
116.38 40.0066
116.381 39.9915
116.382 39.9764
116.382 39.9764
116.403 39.9675
116.436 39.9643
116.458 39.9596
116.455 39.954
116.44 39.9625
116.418 39.9876
116.395 39.9911
116.395 39.9899
116.381 39.9964
116.37 39.9958
116.347 40.0021
116.347 40.0066
116.347 40.0066
116.347 40.0066
116.347 40.0066
116.347 40.0066
116.347 40.0066
116.347 40.0066
116.346 40.0137
116.347 40.0152
116.346 40.0152
116.346 40.0153
116.346 40.0153
116.346 40.0153
116.346 40.0153
116.346 40.0153
116.346 40.0153
116.346 40.0153
116.346 40.0153
116.346 40.0153
116.346 40.0153
116.346 40.0092
116.346 40.0092
116.336 40.0063
116.337 40.0094
116.342 40.0135
116.342 40.0138
116.342 40.0138
116.332 39.9999
116.321 39.9853
116.321 39.9903
116.327 39.9851
116.328 39.9664
116.322 39.9661
116.304 39.9373
116.304 39.9115
116.304 39.9104
116.304 39.9018
116.305 39.9028
116.306 39.9054
116.305 39.9079
116.31 39.9268
116.314 39.9269
116.32 39.9347
116.327 39.9372
116.326 39.9373
116.319 39.9467
116.318 39.9526
116.317 39.9552
116.313 39.9705
116.305 39.9774
116.305 39.9778
116.302 39.9829
116.31 39.9896
116.31 39.9897
116.328 39.9914
116.338 39.9848
116.345 39.9851
116.347 39.9971
116.359 39.9927
116.359 39.9927
116.359 39.9926
116.349 39.9753
116.344 39.9751
116.322 39.975
116.318 39.9796
116.319 39.9772
116.312 39.9747
116.301 39.9699
116.301 39.9695
116.302 39.9566
116.304 39.9297
116.304 39.926
116.304 39.9128
116.315 39.8995
116.315 39.899
116.324 39.9097
116.333 39.9132
116.333 39.9141
116.347 39.921
116.359 39.9225
116.365 39.9225
116.367 39.9309
116.353 39.9318
116.353 39.9346
116.353 39.9428
116.358 39.9438
116.358 39.9394
116.35 39.9479
116.346 39.9393
116.345 39.9389
116.311 39.9465
116.316 39.9449
116.318 39.9451
116.316 39.9639
116.316 39.9639
116.316 39.964
116.316 39.964
116.316 39.964
116.316 39.964
116.316 39.9644
116.303 39.9614
116.304 39.9329
116.304 39.9307
116.304 39.9203
116.304 39.9141
116.304 39.9121
116.304 39.9011
116.301 39.8887
116.294 39.8884
116.304 39.8838
116.314 39.8875
116.318 39.8886
116.334 39.8829
116.336 39.8794
116.336 39.8809
116.336 39.8936
116.336 39.9008
116.337 39.9027
116.328 39.9277
116.327 39.9344
116.36 39.9454
116.374 39.9599
116.377 39.9615
116.389 39.9677
116.376 39.9674
116.376 39.9712
116.382 39.9715
116.376 39.9751
116.373 39.95
116.35 39.9284
116.35 39.9284
116.35 39.9121
116.35 39.9058
116.383 39.9056
116.386 39.9075
116.383 39.9211
116.369 39.9792
116.367 39.976
116.364 39.9669
116.366 39.9477
116.365 39.9539
116.364 39.9712
116.374 39.9754
116.376 39.9759
116.376 39.9758
116.376 39.9758
116.375 39.9758
116.375 39.9758
116.381 39.9755
116.376 39.9756
116.373 39.9757
116.387 39.9754
116.397 39.9756
116.396 39.9754
116.373 39.9755
116.364 39.9755
116.356 39.9754
116.359 39.9753
116.363 39.9753
116.381 39.9755
116.395 39.9699
116.389 39.9559
116.371 39.9567
116.365 39.9592
116.359 39.9709
116.364 39.9685
116.371 39.9615
116.378 39.9714
116.377 39.9672
116.377 39.9672
116.376 39.9674
116.376 39.9674
116.373 39.978
116.374 39.9693
116.39 39.9475
116.428 39.9318
116.428 39.9301
116.421 39.9049
116.412 39.9098
116.412 39.9107
116.412 39.9107
116.411 39.9223
116.41 39.9323
116.41 39.9323
116.378 39.9318
116.364 39.9662
116.359 39.9745
116.349 39.9753
116.347 39.986
116.347 39.9687
116.302 39.9582
116.295 39.9518
116.298 39.9522
116.329 39.9368
116.357 39.9445
116.388 39.9475
116.427 39.9327
116.441 39.9323
116.433 39.9324
116.4 39.9321
116.377 39.9318
116.367 39.9336
116.381 39.9443
116.381 39.9443
116.374 39.9467
116.374 39.9611
116.364 39.9776
116.348 39.9804
116.347 39.9928
116.344 39.9997
116.345 39.9995
116.346 39.9997
116.326 40.0501
116.323 40.0526
116.323 40.0526
116.323 40.0526
116.323 40.0526
116.323 40.0526
116.323 40.0526
116.323 40.0526
116.323 40.0526
116.323 40.0526
116.323 40.0526
116.323 40.0526
116.323 40.0526
116.323 40.0526
116.323 40.0526
116.323 40.0526
116.323 40.0526
116.323 40.0526
116.323 40.0526
116.323 40.0526
116.323 40.0526
116.323 40.0526
116.323 40.0526
116.323 40.0526
116.323 40.0526
116.323 40.0526
116.323 40.0526
116.323 40.0527
116.331 40.0317
116.338 40.0294
116.374 39.996
116.374 39.9997
116.374 39.9997
116.374 39.9978
116.363 40.0163
116.363 40.0137
116.363 40.0118
116.368 40.0109
116.368 40.011
116.368 40.011
116.368 40.0109
116.369 40.0065
116.375 39.9963
116.407 39.9871
116.433 39.9873
116.463 39.9685
116.463 39.9685
116.522 40.0183
116.553 40.0286
116.58 40.0469
116.586 40.0796
116.582 40.0594
116.569 40.0337
116.554 40.0282
116.536 40.0219
116.498 40.0008
116.491 39.9939
116.484 39.9785
116.467 39.9824
116.463 39.9849
116.449 39.98
116.41 39.9941
116.408 39.9885
116.375 39.9892
116.375 39.9891
116.375 39.9891
116.374 39.9961
116.377 40.0007
116.377 40.0007
116.381 40.0022
116.402 39.9976
116.401 39.9933
116.401 39.9884
116.364 39.9862
116.355 39.9861
116.321 39.9847
116.286 39.9953
116.299 39.9907
116.3 39.9765
116.3 39.9765
116.307 39.9746
116.311 39.9749
116.315 39.9911
116.329 39.9915
116.346 39.9919
116.349 39.9918
116.347 39.9959
116.346 40.0151
116.346 40.0151
116.345 40.015
116.346 40.015
116.345 40.0151
116.345 40.0151
116.345 40.0151
116.345 40.0151
116.345 40.0151
116.345 40.0151
116.345 40.0151
116.345 40.0151
116.345 40.0151
116.345 40.014
116.31 39.991
116.31 39.9834
116.311 39.9754
116.312 39.9722
116.318 39.9504
116.318 39.9487
116.32 39.9222
116.338 39.9171
116.339 39.9188
116.346 39.9387
116.342 39.9527
116.34 39.9572
116.328 39.9661
116.313 39.9719
116.312 39.9743
116.312 39.9743
116.332 39.9849
116.369 39.9932
116.361 40.0044
116.368 40.0157
116.381 39.9958
116.381 39.9855
116.418 39.9872
116.418 39.9793
116.418 39.9793
116.418 39.9729
116.418 39.9874
116.383 39.9868
116.365 39.9863
116.333 39.9853
116.327 39.9849
116.309 39.9796
116.311 39.9836
116.31 39.9838
116.329 39.9956
116.333 40.0003
116.345 40.0063
116.339 39.9994
116.337 39.9995
116.347 39.9881
116.32 39.966
116.303 39.9547
116.304 39.9191
116.28 39.9062
116.278 39.9062
116.305 39.9049
116.305 39.9214
116.305 39.9497
116.311 39.953
116.303 39.9486
116.274 39.9232
116.259 39.9278
116.278 39.9403
116.285 39.946
116.304 39.94
116.308 39.9498
116.316 39.9649
116.315 39.9652
116.318 39.9661
116.308 39.9665
116.305 39.9662
116.312 39.974
116.299 39.9897
116.311 39.9841
116.315 39.9842
116.375 39.9753
116.373 39.9426
116.373 39.9416
116.389 39.932
116.379 39.9477
116.369 39.9933
116.348 40.0233
116.346 40.0241
116.325 40.0515
116.312 40.0693
116.31 40.0709
116.305 40.0783
116.284 40.1048
116.282 40.1069
116.26 40.1368
116.235 40.1776
116.234 40.1802
116.234 40.1802
116.215 40.2148
116.212 40.2638
116.211 40.2664
116.181 40.304
116.142 40.3301
116.141 40.3312
116.109 40.3603
116.079 40.3839
116.079 40.3839
116.081 40.3866
116.063 40.4201
116.019 40.4382
115.995 40.4614
115.993 40.4626
116.016 40.4661
116.044 40.4668
116.044 40.4663
116.044 40.4663
116.044 40.4663
116.044 40.4663
116.044 40.4663
116.044 40.4663
116.044 40.4663
116.044 40.4663
116.044 40.4663
116.044 40.4663
116.044 40.4663
116.044 40.4663
116.044 40.4663
116.044 40.4663
116.044 40.4663
116.044 40.4663
116.044 40.4663
116.044 40.4663
116.044 40.4663
116.044 40.4663
116.044 40.4663
116.045 40.4668
116.045 40.4668
116.045 40.4668
116.045 40.4668
116.045 40.4668
116.045 40.4668
116.045 40.4668
116.045 40.4668
116.045 40.4668
116.045 40.4668
116.045 40.4668
116.045 40.4668
116.045 40.4668
116.045 40.4668
116.045 40.4668
116.045 40.4668
116.045 40.4668
116.045 40.4668
116.045 40.4668
116.045 40.4668
116.045 40.4668
116.045 40.4668
116.045 40.4668
116.045 40.4668
116.045 40.4668
116.045 40.4667
116.045 40.4668
116.045 40.4668
116.045 40.4668
116.045 40.4668
116.045 40.4668
116.045 40.4668
116.045 40.4668
116.045 40.4667
116.045 40.4667
116.045 40.4667
116.045 40.4667
116.045 40.4668
116.045 40.4667
116.045 40.4668
116.045 40.4668
116.045 40.4667
116.045 40.4667
116.045 40.4667
116.045 40.4667
116.045 40.4667
116.045 40.4667
116.045 40.4667
116.045 40.4667
116.045 40.4667
116.045 40.4667
116.045 40.4668
116.045 40.4667
116.045 40.4668
116.045 40.4668
116.045 40.4668
116.045 40.4666
116.042 40.4683
116.042 40.4683
116.013 40.4656
115.979 40.4716
115.977 40.4713
115.971 40.4687
115.971 40.4686
115.971 40.4688
115.978 40.4453
115.991 40.4235
115.992 40.4225
116 40.4175
116 40.4175
116 40.4175
116 40.4175
116 40.4175
116 40.4175
116 40.4175
115.999 40.4175
116 40.4175
116 40.4175
116 40.4175
116 40.4175
116 40.4175
116 40.4175
116 40.4175
115.999 40.4175
116 40.4175
116 40.4175
116 40.4175
116 40.4176
116 40.4176
116.001 40.4162
116.012 40.4243
116.016 40.4282
116.04 40.4293
116.074 40.4229
116.102 40.434
116.102 40.434
116.102 40.434
116.102 40.434
116.102 40.434
116.102 40.434
116.102 40.434
116.102 40.434
116.102 40.434
116.102 40.434
116.102 40.434
116.102 40.434
116.102 40.434
116.102 40.434
116.102 40.434
116.102 40.434
116.102 40.434
116.102 40.434
116.102 40.434
116.102 40.434
116.102 40.434
116.102 40.434
116.102 40.434
116.102 40.4341
116.102 40.434
116.1 40.4369
116.078 40.4282
116.062 40.4207
116.042 40.429
116.015 40.4272
116.002 40.4172
116 40.4175
116.002 40.4222
115.98 40.4361
115.973 40.455
115.972 40.4705
116.013 40.4627
116.036 40.4652
116.045 40.4667
116.045 40.4667
116.045 40.4668
116.61 40.1379
116.61 40.1379
116.045 40.4668
116.043 40.4646
116.044 40.466
116.044 40.4661
116.044 40.466
116.044 40.466
116.044 40.466
116.044 40.466
116.044 40.466
116.044 40.466
116.044 40.466
116.044 40.466
116.044 40.466
116.044 40.466
116.044 40.466
116.044 40.466
116.044 40.466
116.044 40.466
116.044 40.466
116.044 40.466
116.044 40.466
116.044 40.466
116.042 40.4683
116.042 40.4683
116.008 40.4628
116.008 40.4628
115.999 40.4598
115.975 40.4515
115.971 40.4503
115.963 40.4503
115.946 40.4237
115.904 40.3869
115.905 40.3761
115.896 40.3729
115.896 40.3727
115.896 40.3727
115.896 40.3694
115.896 40.3695
115.896 40.3695
115.896 40.3695
115.896 40.3695
115.896 40.3695
115.896 40.3695
115.896 40.3695
115.896 40.3695
115.896 40.3695
115.896 40.3695
115.896 40.3695
115.896 40.3695
115.896 40.3695
115.896 40.3695
115.896 40.3695
115.896 40.3695
115.896 40.3695
115.896 40.3695
115.896 40.3695
115.896 40.3695
115.896 40.3695
115.896 40.3695
115.896 40.3695
115.895 40.37
115.895 40.3732
115.895 40.3731
115.895 40.3732
115.895 40.3732
115.895 40.3732
115.896 40.3731
