116.439 39.856
116.455 39.9026
116.455 39.9026
116.456 39.9075
116.484 39.9417
116.521 39.9104
116.544 39.9106
116.545 39.9162
116.522 39.9213
116.511 39.9291
116.471 39.9366
116.447 39.9407
116.444 39.9238
116.444 39.9318
116.444 39.9264
116.444 39.9109
116.444 39.9426
116.444 39.9367
116.444 39.9367
116.444 39.9292
116.443 39.9343
116.428 39.9573
116.425 39.9717
116.38 39.9543
116.373 39.9969
116.322 40.0608
116.299 40.0547
116.293 40.0406
116.301 40.0748
116.307 40.0251
116.303 40.0694
116.308 40.0441
116.309 40.0135
116.31 40.0129
116.315 39.9856
116.319 40.004
116.307 39.9845
116.307 39.9778
116.3 40.0068
116.29 39.9845
116.268 39.9183
116.281 39.8857
116.357 39.9068
116.357 39.9347
116.357 39.9066
116.339 39.9245
116.338 39.9365
116.338 39.944
116.345 39.9348
116.35 39.925
116.35 39.9449
116.35 39.9365
116.344 39.9512
116.339 39.9534
116.32 39.9363
116.335 39.9415
116.338 39.9212
116.338 39.9539
116.345 39.9472
116.35 39.9352
116.35 39.9421
116.348 39.8924
116.342 39.8998
116.343 39.8981
116.358 39.8639
116.358 39.8639
116.36 39.8628
116.36 39.8628
116.358 39.8877
116.345 39.909
116.319 39.8936
116.306 39.8958
116.308 39.9046
116.312 39.9174
116.32 39.8974
116.315 39.8926
116.316 39.8963
116.327 39.921
116.366 39.8879
116.367 39.8939
116.354 39.9289
116.317 39.9642
116.309 39.9826
116.305 39.9664
116.314 39.985
116.344 39.9542
116.372 40.0223
116.369 40.0374
116.369 40.0374
116.374 39.9973
116.374 39.9973
116.402 39.9832
116.412 39.9653
116.422 39.9806
116.419 39.9561
116.433 39.9734
116.446 39.9731
116.421 39.98
116.375 39.9863
116.361 39.9895
116.359 39.9681
116.359 39.9681
116.352 40.0091
116.358 39.9847
116.363 39.9749
116.364 39.9689
116.401 39.9584
116.367 39.9425
116.367 39.9425
116.367 39.9218
116.367 39.9218
116.393 39.9316
116.408 39.9353
116.434 39.9261
116.454 39.932
116.474 39.9369
116.511 39.9299
116.511 39.9299
116.511 39.9535
116.496 39.9697
116.483 39.9558
116.484 39.9805
116.512 40.0292
116.533 40.0642
116.552 40.092
116.577 40.1236
116.625 40.1135
116.668 40.1001
116.712 40.1508
116.762 40.1693
116.788 40.1558
116.805 40.1877
116.805 40.1968
116.805 40.1955
116.806 40.1861
116.806 40.1888
116.805 40.1912
116.805 40.1924
116.805 40.2243
116.805 40.1917
116.806 40.2253
116.805 40.2225
116.805 40.2205
116.805 40.1908
116.805 40.2198
116.806 40.2179
116.805 40.2235
116.805 40.2255
116.806 40.1836
116.805 40.189
116.806 40.1903
116.806 40.1844
116.806 40.1864
116.806 40.192
116.805 40.1915
116.806 40.187
116.805 40.1913
116.805 40.1878
116.805 40.1884
116.806 40.1889
116.806 40.1834
116.805 40.1873
116.805 40.1923
116.806 40.1862
116.805 40.1966
116.805 40.1923
116.805 40.1898
116.806 40.1895
116.806 40.1892
116.805 40.2257
116.805 40.2255
116.805 40.2216
116.805 40.2231
116.805 40.1895
116.805 40.19
116.805 40.1869
116.805 40.1869
116.806 40.19
116.806 40.1932
116.805 40.184
116.806 40.1839
116.806 40.2241
116.806 40.1841
116.806 40.1887
116.806 40.1908
116.806 40.1916
116.806 40.2162
116.805 40.19
116.805 40.1898
116.806 40.1974
116.806 40.1928
116.806 40.1889
116.806 40.1989
116.806 40.2001
116.806 40.1899
116.806 40.1902
116.806 40.1897
116.806 40.1914
116.805 40.2257
116.806 40.2116
116.806 40.2116
116.806 40.1977
116.806 40.1898
116.805 40.1978
116.805 40.2179
116.806 40.216
116.806 40.1879
116.806 40.2125
116.806 40.1999
116.805 40.1889
116.806 40.2178
116.805 40.1945
116.805 40.2067
116.805 40.1925
116.805 40.2032
116.802 40.1871
116.806 40.1383
116.749 40.1184
116.571 40.1009
116.551 40.0911
116.535 40.0753
116.519 40.0718
116.505 40.0359
116.489 40.0203
116.484 40.0212
116.484 40.0212
116.472 40.0042
116.461 40.0242
116.457 39.9869
116.461 39.9943
116.444 39.9712
116.443 39.9868
116.433 39.9805
116.437 39.9594
116.449 39.9382
116.449 39.9342
116.449 39.9297
116.439 39.9231
116.437 39.9355
116.435 39.9025
116.455 39.9258
116.456 39.9351
116.465 39.9433
116.467 39.9254
116.444 39.9183
116.444 39.9372
116.444 39.9339
116.444 39.9048
116.444 39.9162
116.444 39.9305
116.444 39.9252
116.444 39.9074
116.466 39.9192
116.466 39.9192
116.468 39.9088
116.456 39.8935
116.482 39.9392
116.484 39.9681
116.482 39.984
116.441 39.9856
116.401 40.0178
116.406 39.9921
116.411 39.984
116.412 40.0001
116.412 39.9676
116.44 39.9598
116.456 39.9601
116.455 39.9469
116.472 39.9356
116.503 39.9275
116.512 39.9109
116.541 39.9467
116.581 39.9531
116.58 39.9506
116.566 40.002
116.564 40.0276
116.594 39.9939
116.595 39.9888
116.595 39.9888
116.56 40.0418
116.548 40.0389
116.522 40.052
116.509 40.0492
116.509 40.0492
116.478 40.0582
116.476 40.0438
116.474 40.0249
116.469 40.0446
116.464 40.0388
116.461 40.0281
116.461 40.0281
116.461 40.0248
116.467 40.0254
116.464 40.0049
116.46 39.9979
116.438 39.9758
116.441 39.9673
116.443 39.9611
116.444 39.931
116.444 39.9198
116.444 39.9342
116.455 39.9398
116.456 39.9429
116.45 39.9513
116.427 39.9931
116.451 40.0393
116.472 40.0407
116.462 40.0124
116.459 40.0075
116.434 40.0004
116.386 40.0258
116.36 40.0171
116.36 40.0171
116.362 39.9936
116.359 40.0318
116.349 40.0052
116.346 40.0075
116.359 40.025
116.363 40.0207
116.359 39.9774
116.37 39.9945
116.367 39.9725
116.393 40.0072
116.41 39.9853
116.412 39.9547
116.429 39.959
116.438 39.9728
116.455 39.9719
116.456 39.9477
116.456 39.9522
116.456 39.9539
116.456 39.9581
116.463 39.9357
116.467 39.9536
116.456 39.9554
116.443 39.9182
116.435 39.9293
116.435 39.9134
116.444 39.9382
116.472 39.9033
116.473 39.9181
116.473 39.9181
116.47 39.9077
116.467 39.921
116.456 39.9232
116.438 39.905
116.444 39.9066
116.432 39.9003
116.423 39.9086
116.419 39.9197
116.413 39.8897
116.425 39.921
116.43 39.9156
116.428 39.9599
116.426 39.967
116.444 39.9629
116.438 39.9445
116.444 39.9539
116.449 39.9465
116.468 39.9351
116.463 39.9556
116.477 39.9508
116.475 39.9875
116.473 39.9867
116.457 40.0166
116.451 40.0254
116.471 40.0084
116.489 40.0207
116.489 40.0207
116.519 40.0169
116.543 40.0914
116.555 40.1225
116.588 40.1359
116.637 40.1071
116.685 40.12
116.745 40.1327
116.788 40.1608
116.799 40.1721
116.801 40.2257
116.805 40.2218
116.806 40.2215
116.805 40.1942
116.806 40.1918
116.806 40.1873
116.805 40.1892
116.805 40.1875
116.806 40.188
116.806 40.1884
116.806 40.1886
116.806 40.1925
116.806 40.1953
116.806 40.196
116.806 40.1914
116.805 40.1932
116.805 40.1925
116.806 40.1959
116.806 40.203
116.806 40.203
116.806 40.1981
116.806 40.1923
116.806 40.1897
116.806 40.2256
116.805 40.2039
116.805 40.2028
116.805 40.2008
116.806 40.1859
116.806 40.188
116.806 40.1855
116.806 40.2242
116.806 40.1858
116.806 40.1886
116.806 40.1946
116.805 40.1878
116.805 40.194
116.806 40.188
116.805 40.1882
116.806 40.1893
116.805 40.19
116.806 40.2236
116.805 40.1853
116.805 40.1885
116.806 40.1874
116.805 40.1896
116.805 40.1873
116.806 40.19
116.805 40.1924
116.805 40.1924
116.806 40.193
116.806 40.1977
116.806 40.1878
116.806 40.2253
116.806 40.2204
116.806 40.2217
116.805 40.1919
116.805 40.1874
116.806 40.1929
116.806 40.2189
116.806 40.192
116.805 40.2004
116.805 40.1949
116.806 40.1913
116.805 40.1953
116.806 40.1887
116.806 40.2259
116.806 40.2154
116.806 40.2146
116.806 40.2231
116.805 40.22
116.805 40.2178
116.805 40.2182
116.806 40.221
116.806 40.184
116.805 40.1859
116.805 40.1859
116.805 40.1895
116.806 40.1858
116.806 40.1859
116.806 40.1835
116.806 40.1846
116.806 40.2259
116.805 40.1897
116.805 40.1937
116.805 40.1944
116.805 40.198
116.806 40.1913
116.806 40.2131
116.806 40.192
116.805 40.1997
116.806 40.1902
116.806 40.1946
116.806 40.1893
116.806 40.2245
116.806 40.1838
116.806 40.1856
116.806 40.1865
116.806 40.1919
116.805 40.1964
116.806 40.2003
116.806 40.2021
116.806 40.2095
116.806 40.2143
116.806 40.2143
116.806 40.2157
116.806 40.19
116.806 40.1964
116.806 40.1981
116.805 40.2075
116.805 40.1883
116.805 40.1951
116.806 40.1865
116.805 40.1937
116.806 40.1963
116.805 40.1998
116.806 40.194
116.806 40.195
116.806 40.2025
116.806 40.1975
116.805 40.1917
116.805 40.1969
116.806 40.2012
116.766 40.154
116.709 40.1255
116.669 40.1101
116.624 40.1229
116.583 40.1577
116.555 40.1004
116.551 40.0794
116.535 40.0842
116.535 40.0842
116.522 40.0596
116.505 40.0553
116.471 40.0432
116.469 40.0115
116.469 40.0115
116.467 40.0118
116.456 40.0185
116.449 39.9992
116.44 39.9778
116.448 39.9733
116.468 39.9837
116.484 39.9697
116.493 39.9694
116.509 39.9387
116.497 39.9426
116.481 39.9212
116.457 39.9222
116.447 39.9511
116.434 39.9328
116.443 39.9517
116.449 39.9334
116.461 39.9339
116.461 39.9515
116.449 39.9234
116.44 39.9427
116.435 39.9263
116.444 39.9273
116.444 39.9301
116.443 39.9365
116.444 39.913
116.444 39.933
116.449 39.9182
116.449 39.9433
116.455 39.9342
116.449 39.9221
116.455 39.9359
116.455 39.9562
116.459 39.9153
116.457 39.9199
116.472 39.9232
116.472 39.9196
116.483 39.956
116.501 39.9482
116.49 39.9386
116.464 39.9591
116.456 39.9256
116.44 39.9511
116.43 39.9585
116.413 39.9428
116.382 39.9495
116.353 39.9484
116.349 39.9619
116.35 39.9473
116.345 39.9625
116.347 39.9898
116.347 40.0156
116.34 39.992
116.327 39.9847
116.327 39.9905
116.328 39.9703
116.311 39.9606
116.31 39.987
116.303 39.9725
116.304 39.9462
116.304 39.9343
116.316 39.9509
116.316 39.9196
116.311 39.9501
116.319 39.947
116.327 39.9526
116.328 39.9171
116.342 39.9475
116.349 39.945
116.358 39.9329
116.359 39.9367
116.357 39.9283
116.34 39.9116
116.339 39.9056
116.336 39.9316
116.343 39.9249
116.352 39.9021
116.352 39.9021
116.354 39.936
116.353 39.93
116.352 39.9353
116.352 39.9353
116.35 39.9288
116.35 39.9175
116.356 39.9199
116.36 39.9168
116.357 39.934
116.362 39.9513
116.372 39.9716
116.422 39.9363
116.44 39.91
116.461 39.9349
116.472 39.9029
116.472 39.9258
116.467 39.9278
116.495 39.9544
116.509 39.9244
116.49 39.9082
116.49 39.9082
116.472 39.9333
116.472 39.9333
116.472 39.9449
116.487 39.9497
116.496 39.9188
116.517 39.9563
116.557 39.9371
116.583 39.9477
116.585 39.9407
116.616 39.9362
116.62 39.9213
116.65 39.9207
116.65 39.9207
116.655 39.9626
116.671 39.991
116.668 40.0642
116.655 40.0886
116.665 40.1232
116.709 40.1216
116.763 40.1525
116.787 40.1427
116.808 40.1911
116.806 40.2203
116.806 40.1867
116.806 40.1907
116.805 40.1907
116.806 40.1865
116.806 40.1889
116.806 40.1889
116.806 40.1838
116.806 40.217
116.806 40.217
116.805 40.1916
116.805 40.1896
116.805 40.2231
116.806 40.2112
116.806 40.2084
116.806 40.2067
116.806 40.2135
116.806 40.2129
116.805 40.185
116.805 40.1876
116.805 40.1966
116.805 40.1864
116.806 40.1917
116.806 40.1963
116.806 40.1916
116.806 40.1962
116.805 40.1992
116.806 40.1929
116.806 40.1915
116.806 40.1933
116.806 40.1993
116.806 40.1925
116.806 40.1925
116.806 40.2079
116.805 40.2045
116.805 40.1984
116.805 40.1955
116.806 40.192
116.806 40.197
116.805 40.2247
116.806 40.2257
116.805 40.1983
120.268 33.7683
120.268 33.7683
116.805 40.1917
116.805 40.1876
116.805 40.1882
116.805 40.1847
116.805 40.1945
116.805 40.1859
116.805 40.1899
116.806 40.2259
116.806 40.1959
116.805 40.1893
116.806 40.1891
116.805 40.2259
116.805 40.1908
116.805 40.1881
116.806 40.1878
116.806 40.2244
116.806 40.19
116.805 40.1919
116.805 40.196
116.805 40.1921
116.805 40.1984
116.805 40.1913
116.805 40.1913
116.806 40.189
116.805 40.1944
116.805 40.1913
116.806 40.191
116.806 40.1923
116.806 40.19
116.805 40.1921
116.805 40.1952
116.806 40.1862
116.805 40.2235
116.805 40.1861
116.805 40.1861
116.806 40.2219
116.806 40.224
116.806 40.186
116.805 40.1946
116.806 40.1848
116.806 40.1848
116.806 40.1843
116.806 40.1863
116.806 40.1863
116.805 40.1839
116.806 40.185
116.806 40.2251
116.806 40.2226
116.805 40.1859
116.805 40.1938
116.805 40.1908
116.806 40.1911
116.806 40.1862
116.806 40.1885
116.806 40.1935
116.806 40.19
116.806 40.1962
116.806 40.1907
116.806 40.1856
116.806 40.1837
116.806 40.1904
116.805 40.1981
116.806 40.19
116.806 40.191
116.805 40.2058
116.806 40.2208
116.806 40.2096
116.806 40.1846
116.805 40.2241
116.806 40.1919
116.806 40.1922
116.806 40.2007
116.806 40.2007
116.806 40.194
116.806 40.209
116.806 40.2107
116.806 40.2081
116.806 40.2252
116.764 40.1341
116.711 40.1375
116.67 40.1141
116.625 40.1298
116.581 40.1549
116.554 40.1058
116.549 40.0909
116.49 39.9723
116.49 39.9717
116.49 39.9778
116.491 39.9787
116.493 39.9855
116.483 39.9713
116.484 39.9252
116.483 39.8993
116.451 39.8454
116.444 39.8308
116.444 39.8359
116.444 39.8359
116.444 39.8336
116.444 39.8311
116.444 39.8332
116.444 39.8344
116.444 39.8304
116.444 39.8305
116.444 39.8394
116.444 39.8384
116.444 39.8396
116.444 39.8427
116.444 39.8479
116.444 39.8499
116.444 39.8575
116.444 39.8534
116.444 39.8435
116.444 39.8433
116.444 39.8421
116.448 39.8368
116.439 39.8635
116.433 39.8572
116.413 39.8841
116.356 39.8772
116.347 39.9218
116.35 39.9352
116.347 39.9462
116.353 39.9542
116.353 39.935
116.365 39.9714
116.365 39.9714
116.368 39.9543
116.388 39.9722
116.38 39.9455
116.352 39.9509
116.344 39.9182
116.324 39.9447
116.304 39.9545
116.298 39.9661
116.319 39.9501
116.346 39.9427
116.349 39.9517
116.341 39.9375
116.341 39.9438
116.339 39.9519
116.338 39.9487
116.328 39.9321
116.32 39.9575
116.296 39.9492
116.294 39.946
116.304 39.953
116.33 39.9648
116.338 39.9257
116.338 39.9554
116.335 39.9355
116.333 39.9269
116.315 39.906
116.311 39.9105
116.305 39.928
116.305 39.928
116.305 39.9422
116.304 39.9406
116.319 39.9584
116.32 39.9547
116.339 39.9704
116.361 39.9662
116.338 39.9374
116.34 39.9895
116.347 39.9852
116.335 39.9624
116.31 39.9631
116.304 39.9341
116.304 39.9296
116.305 39.8955
116.308 39.8882
116.305 39.8829
116.337 39.8748
116.379 39.8543
116.382 39.8847
116.413 39.909
116.415 39.8744
116.417 39.862
116.428 39.8767
116.433 39.8656
116.438 39.8935
116.45 39.8989
116.447 39.9024
116.429 39.942
116.429 39.942
116.418 39.9667
116.411 39.9527
116.444 39.9855
116.446 39.9548
116.456 39.9535
116.456 39.9483
116.456 39.9487
116.456 39.9479
116.456 39.9593
116.463 39.9337
116.466 39.9248
116.45 39.9542
116.437 39.9226
116.435 39.9321
116.444 39.9275
116.444 39.9166
116.438 39.9093
116.431 39.9133
116.444 39.9119
116.444 39.9382
116.444 39.9342
116.467 39.94
116.488 39.8852
116.492 39.898
116.487 39.9021
116.496 39.8732
116.497 39.8673
116.495 39.8764
116.495 39.8764
116.484 39.9031
116.47 39.9074
116.467 39.9127
116.471 39.9119
116.457 39.9173
116.432 39.9066
116.435 39.9012
116.44 39.9252
116.466 39.9186
116.491 39.936
116.516 39.933
116.515 39.9312
116.506 39.9334
116.496 39.9579
116.484 39.9684
116.455 39.9911
116.347 40.0114
116.359 40.0221
116.43 39.9964
116.466 39.9842
116.514 40.0359
116.534 40.0806
116.534 40.0806
116.553 40.1096
116.532 40.1126
116.538 40.0942
116.559 40.1231
116.601 40.1018
116.772 40.1482
116.805 40.1837
116.805 40.1912
116.806 40.1887
116.806 40.1891
116.806 40.1871
116.806 40.1955
116.806 40.1988
116.806 40.1941
116.806 40.2006
116.805 40.1958
116.806 40.1925
116.806 40.1857
116.806 40.1973
116.805 40.1996
116.806 40.1928
116.805 40.196
116.806 40.1966
116.806 40.2024
116.806 40.1988
116.806 40.1988
116.805 40.2071
116.805 40.2074
116.805 40.1966
116.806 40.1898
116.407 39.6641
116.407 39.6641
116.805 40.1946
116.805 40.1934
116.805 40.1871
116.805 40.1869
116.805 40.2252
116.805 40.1842
116.805 40.1874
116.806 40.1943
116.805 40.1927
116.805 40.1874
116.806 40.1869
116.805 40.1859
116.805 40.1935
116.805 40.1882
116.805 40.194
116.806 40.1866
116.806 40.1856
116.806 40.185
116.806 40.2202
116.805 40.1852
116.805 40.1852
116.805 40.1901
116.806 40.1905
116.806 40.1903
116.806 40.2234
116.806 40.1842
116.806 40.1866
116.806 40.1854
116.806 40.1946
116.806 40.2195
116.805 40.1961
116.805 40.2014
116.806 40.1915
116.806 40.1835
116.806 40.2211
116.806 40.2242
116.805 40.2253
116.805 40.193
116.805 40.2034
116.805 40.2087
116.806 40.1986
116.806 40.2015
116.806 40.1977
116.805 40.1979
116.806 40.19
116.806 40.1927
116.805 40.1951
116.806 40.1906
116.806 40.1842
116.806 40.2182
116.806 40.2182
116.805 40.1925
116.805 40.1938
116.805 40.1986
116.805 40.188
116.805 40.1916
116.806 40.1896
116.806 40.1932
116.805 40.2007
116.806 40.195
116.806 40.1912
116.806 40.1917
116.806 40.1881
116.805 40.1844
116.806 40.1916
116.806 40.184
116.806 40.1886
116.805 40.2137
116.806 40.1965
116.806 40.1855
116.805 40.1934
116.806 40.1925
116.806 40.1895
116.806 40.1953
116.806 40.1937
116.806 40.2038
116.805 40.2067
116.805 40.2067
116.806 40.1962
116.805 40.1962
116.806 40.2034
116.805 40.2075
116.805 40.1967
116.806 40.199
116.805 40.202
116.806 40.1945
116.805 40.2011
116.806 40.1919
116.805 40.1959
116.806 40.1905
116.805 40.193
116.805 40.195
116.805 40.1933
116.805 40.2002
116.805 40.2039
116.805 40.1988
116.805 40.1842
116.805 40.1968
116.806 40.1903
116.806 40.1872
116.806 40.1925
116.806 40.1918
116.806 40.2233
116.806 40.2233
116.806 40.2217
116.805 40.1946
116.805 40.1865
116.805 40.2246
116.806 40.186
116.806 40.1884
116.807 40.1543
116.771 40.173
116.728 40.1252
116.669 40.1102
116.624 40.124
116.583 40.1527
116.555 40.0852
116.549 40.0837
116.565 40.0891
116.565 40.0877
116.565 40.0908
116.565 40.0901
116.565 40.0917
116.565 40.0901
116.565 40.0926
116.565 40.0892
116.565 40.0894
116.565 40.0938
116.565 40.0931
116.565 40.0885
116.565 40.0871
116.565 40.0871
116.565 40.0847
116.565 40.0961
116.565 40.099
116.565 40.0975
116.565 40.0877
116.563 40.0649
116.427 39.971
116.428 39.92
116.43 39.9185
116.442 39.9016
116.438 39.9386
116.438 39.9414
116.396 39.9062
116.376 39.924
116.368 39.9046
116.368 39.9046
116.368 39.9003
116.368 39.9003
116.365 39.8957
116.358 39.8712
116.358 39.8841
116.369 39.9154
116.376 39.9115
116.38 39.8892
116.405 39.9253
116.426 39.8996
116.449 39.8959
116.45 39.8993
116.455 39.914
116.444 39.9122
116.422 39.9055
116.428 39.9108
116.435 39.925
116.435 39.9265
116.438 39.9464
116.431 39.9286
116.42 39.9176
116.4 39.9286
116.407 39.9477
116.4 39.9271
116.399 39.9427
116.393 39.9582
116.421 39.901
116.42 39.9012
116.42 39.9012
116.413 39.9166
116.415 39.9182
116.421 39.9333
116.411 39.9582
116.405 39.9373
116.403 39.9243
116.397 39.9694
116.419 39.9627
116.456 39.9473
116.481 39.9547
116.484 39.9764
116.489 39.9718
116.498 40.0136
116.504 40.0222
116.484 39.9709
116.477 39.9791
116.456 39.9446
116.456 39.9446
116.411 40.0059
116.362 40.0199
116.344 40.0565
116.35 40.0407
116.347 40.0341
116.347 40.009
116.358 39.9746
116.364 39.9706
116.389 39.9693
116.389 39.9693
116.423 39.9746
116.429 39.9324
116.445 39.9101
116.476 39.8928
116.456 39.9027
116.439 39.9027
116.432 39.9083
116.429 39.9152
116.406 39.9713
116.381 40.0035
116.381 40.0247
116.39 39.9877
116.382 40.0029
116.321 39.9923
116.327 39.9699
116.327 40.0222
116.334 39.9931
116.353 39.9885
116.425 39.9856
116.48 39.9918
116.498 39.9503
116.487 39.9811
116.461 39.9483
116.431 39.9375
116.411 39.954
116.39 39.9742
116.35 39.969
116.361 39.9669
116.366 39.9701
116.39 39.95
116.374 39.931
116.403 39.9348
116.401 40.0055
116.402 39.9846
116.405 39.9914
116.403 39.9806
116.4 40.0029
116.352 39.9703
116.298 39.9521
116.278 39.9774
116.278 39.9605
116.298 39.9492
116.311 39.9676
116.309 39.958
116.296 39.9507
116.283 39.9563
116.295 39.9557
116.319 39.9498
116.35 39.934
116.364 39.9513
116.382 39.9627
116.399 39.9189
116.399 39.9189
116.449 39.9241
116.449 39.9314
116.434 39.9511
116.439 39.9428
116.438 39.9291
116.449 39.9191
116.43 39.9378
116.406 39.9542
116.402 39.9636
116.41 39.94
116.399 39.9269
116.373 39.9175
116.361 39.9706
116.358 39.9718
116.358 39.9718
116.806 40.1901
116.806 40.1884
116.806 40.1924
116.806 40.1921
116.806 40.1925
116.805 40.1917
116.805 40.1878
116.805 40.1991
116.806 40.1843
116.805 40.1919
116.806 40.1886
116.806 40.1879
116.806 40.1885
116.806 40.1885
116.806 40.1921
116.806 40.1869
116.806 40.1878
116.806 40.1882
116.805 40.1916
116.805 40.1923
116.805 40.1925
116.806 40.1895
116.805 40.1966
116.806 40.1892
116.806 40.1897
116.806 40.1985
116.805 40.1991
116.806 40.1979
116.806 40.1953
116.805 40.1933
116.806 40.1936
116.805 40.1961
116.805 40.1907
116.805 40.1944
116.805 40.1949
116.806 40.1907
116.806 40.1943
116.805 40.1874
116.805 40.1897
116.805 40.1985
116.806 40.1891
116.806 40.2148
116.806 40.2258
116.806 40.2258
116.805 40.1978
116.805 40.1965
116.806 40.1881
116.805 40.202
116.806 40.1943
116.806 40.1896
116.806 40.1912
116.805 40.1985
116.806 40.1958
116.805 40.1928
116.805 40.1945
116.806 40.1979
116.805 40.1883
116.806 40.1902
116.806 40.1929
116.806 40.197
116.806 40.1996
116.806 40.2203
116.805 40.1876
116.805 40.1873
116.805 40.1897
116.805 40.1908
116.805 40.1893
116.805 40.2228
116.805 40.185
116.805 40.224
116.805 40.199
116.805 40.2002
116.805 40.1937
116.805 40.1937
116.805 40.1948
116.806 40.1915
116.806 40.2212
116.806 40.1974
116.805 40.1928
116.805 40.1884
116.806 40.1878
116.805 40.2008
116.805 40.189
116.806 40.1906
116.806 40.1906
116.806 40.1923
116.806 40.1899
116.806 40.1907
116.806 40.1933
116.806 40.1926
116.806 40.1921
116.806 40.1958
116.806 40.1933
116.805 40.1966
116.805 40.1883
116.805 40.1891
116.806 40.2077
116.806 40.2225
116.806 40.2224
116.806 40.1908
116.805 40.1834
116.805 40.1919
116.805 40.1907
116.805 40.1907
116.805 40.2258
116.805 40.2236
116.805 40.1866
116.806 40.2039
116.806 40.2009
116.417 39.8053
116.417 39.8053
116.417 39.8053
116.806 40.1896
116.805 40.1886
116.806 40.1897
116.806 40.2002
116.806 40.1962
116.806 40.1954
116.805 40.1981
116.805 40.2009
116.805 40.2116
116.805 40.2093
116.805 40.2054
116.806 40.1925
116.806 40.1908
116.806 40.1886
116.806 40.1886
116.806 40.1886
116.806 40.1886
116.805 40.1926
116.805 40.22
116.805 40.2202
116.805 40.2188
116.806 40.1865
116.805 40.1883
116.805 40.1885
116.805 40.1912
116.806 40.2217
116.805 40.1893
116.805 40.1931
116.805 40.1945
116.805 40.2226
116.805 40.1898
116.805 40.1876
116.805 40.188
116.805 40.1937
116.806 40.1916
116.806 40.1913
116.806 40.2242
116.805 40.1863
116.805 40.1909
116.805 40.1911
116.806 40.1917
116.805 40.1886
116.806 40.1898
116.805 40.1915
116.806 40.196
116.806 40.196
116.806 40.1889
116.806 40.2189
116.806 40.1957
116.805 40.195
116.806 40.1921
116.806 40.1921
116.806 40.1866
116.805 40.219
116.805 40.2223
116.805 40.2185
116.805 40.1908
116.805 40.1835
116.806 40.1934
116.806 40.1888
116.805 40.1944
116.805 40.1924
116.805 40.1902
116.805 40.192
116.806 40.1885
116.806 40.2251
116.806 40.1839
116.806 40.1848
116.806 40.1889
116.806 40.19
116.805 40.193
116.805 40.1859
116.805 40.1988
116.806 40.1885
116.806 40.1886
116.806 40.1886
116.806 40.193
116.806 40.1982
116.806 40.195
116.806 40.1953
116.806 40.1893
116.806 40.1852
116.806 40.1877
116.806 40.1932
116.806 40.189
116.805 40.1934
116.806 40.1925
116.805 40.2088
116.806 40.1952
116.806 40.1932
116.806 40.2128
116.806 40.1902
116.806 40.1849
116.806 40.1867
116.806 40.1971
116.806 40.2201
116.806 40.2044
116.805 40.2035
116.806 40.1989
116.805 40.1896
116.806 40.1966
116.806 40.2072
116.805 40.2064
116.805 40.2028
116.806 40.1977
116.806 40.1977
116.806 40.1977
116.806 40.2028
116.806 40.2069
116.805 40.1975
116.806 40.1906
116.806 40.19
116.806 40.1913
116.806 40.1908
116.806 40.1923
116.805 40.1918
116.805 40.193
116.805 40.2058
116.805 40.1962
116.805 40.2063
116.805 40.2094
116.805 40.2199
116.805 40.193
116.806 40.2229
116.806 40.1952
116.806 40.1913
116.806 40.2216
116.806 40.185
116.806 40.1848
116.805 40.2016
116.805 40.1885
116.805 40.1936
116.806 40.2249
116.806 40.2151
116.806 40.2151
116.806 40.1871
116.805 40.1929
116.805 40.2259
116.805 40.2209
116.806 40.186
116.806 40.1945
116.806 40.1938
116.806 40.1965
116.806 40.195
116.805 40.193
116.806 40.1931
116.805 40.1924
116.806 40.1906
116.805 40.1893
116.805 40.1966
116.806 40.1878
116.805 40.1993
116.806 40.1863
116.806 40.1957
116.806 40.1894
116.806 40.1911
116.806 40.1906
116.806 40.2034
116.805 40.193
116.805 40.1936
116.806 40.1984
116.806 40.2057
116.806 40.1941
116.806 40.1955
116.806 40.1955
116.806 40.1958
116.806 40.1878
116.806 40.1891
116.806 40.1958
116.805 40.1976
116.805 40.1903
116.806 40.2014
116.806 40.1929
116.806 40.1897
116.806 40.1925
116.806 40.1872
116.806 40.2009
116.806 40.1964
116.806 40.1921
116.806 40.1892
116.806 40.1904
