116.521 40.0179
116.572 40.0402
116.575 40.043
116.583 40.067
116.583 40.0674
116.582 40.0732
116.582 40.0735
116.585 40.0797
116.583 40.0795
116.582 40.0623
116.58 40.0624
116.563 40.0665
116.563 40.0665
116.563 40.0679
116.563 40.0679
116.563 40.0679
116.563 40.0679
116.563 40.07
116.563 40.07
116.563 40.0701
116.566 40.0717
116.565 40.0716
116.565 40.0716
116.565 40.0716
116.565 40.0716
116.565 40.0716
116.565 40.0716
116.565 40.0716
116.565 40.0716
116.565 40.0716
116.565 40.0716
116.565 40.0716
116.565 40.0716
116.565 40.0716
116.565 40.0716
116.565 40.0716
116.565 40.0716
116.565 40.0716
116.565 40.0716
116.565 40.0716
116.565 40.0716
116.565 40.0716
116.565 40.0716
116.565 40.0716
116.565 40.0716
116.565 40.0716
116.565 40.0716
116.565 40.0716
116.565 40.0716
116.565 40.0716
116.565 40.0716
116.565 40.0716
116.565 40.0716
116.565 40.0716
116.565 40.0716
116.565 40.0716
116.565 40.0716
116.565 40.0716
116.565 40.0716
116.565 40.0716
116.565 40.0716
116.565 40.0716
116.565 40.0716
116.565 40.0716
116.565 40.0716
116.565 40.0716
116.564 40.0705
116.569 40.0635
116.574 40.063
116.582 40.0672
116.582 40.0672
116.582 40.0689
116.582 40.0695
116.581 40.0717
116.586 40.0767
116.582 40.0755
116.584 40.0597
116.566 40.0351
116.549 40.0279
116.504 40.007
116.471 39.9774
116.468 39.9748
116.441 39.9844
116.427 39.9878
116.408 39.9873
116.401 39.9887
116.402 39.9974
116.403 39.9974
116.407 39.9975
116.409 39.9975
116.411 39.9927
116.411 39.9813
116.411 39.9813
116.412 39.9699
116.412 39.9683
116.42 39.9678
116.429 39.968
116.433 39.9571
116.437 39.9461
116.44 39.9434
116.438 39.9387
116.444 39.9331
116.444 39.9329
116.453 39.9323
116.464 39.9324
116.465 39.9324
116.472 39.9225
116.472 39.9225
116.472 39.9121
116.472 39.9113
116.455 39.9071
116.455 39.9071
116.454 39.9069
116.454 39.9069
116.452 39.9071
116.452 39.9071
116.447 39.9071
116.447 39.9071
116.445 39.9071
116.445 39.9071
116.44 39.9073
116.44 39.9072
116.438 39.9072
116.438 39.9072
116.436 39.9071
116.435 39.9071
116.416 39.9069
116.414 39.907
116.407 39.9068
116.407 39.9068
116.406 39.9068
116.406 39.9068
116.401 39.9067
116.401 39.9067
116.389 39.9063
116.384 39.9061
116.384 39.9061
116.366 39.9059
116.365 39.9059
116.365 39.9059
116.351 39.9096
116.351 39.9096
116.351 39.9104
116.349 39.9171
116.348 39.9172
116.34 39.9171
116.34 39.9171
116.333 39.9133
116.333 39.9133
116.35 39.9105
116.35 39.908
116.351 39.9121
116.35 39.9271
116.349 39.9519
116.349 39.9597
116.375 39.9712
116.375 39.9776
116.406 39.9872
116.468 39.9744
116.527 40.02
116.533 40.0221
116.579 40.0468
116.581 40.0486
116.587 40.0781
116.587 40.0781
116.587 40.0781
116.587 40.0791
116.582 40.0686
116.582 40.064
116.563 40.0687
116.562 40.07
116.565 40.0718
116.565 40.0718
116.565 40.0718
116.565 40.0718
116.565 40.0718
116.565 40.0718
116.565 40.0718
116.565 40.0718
116.565 40.0718
116.565 40.0718
116.565 40.0718
116.565 40.0718
116.565 40.0718
116.565 40.0718
116.565 40.0718
116.565 40.0718
116.565 40.0718
116.565 40.0718
116.565 40.0718
116.565 40.0718
116.565 40.0718
116.565 40.0718
116.565 40.0718
116.565 40.0718
116.565 40.0718
116.565 40.0718
116.565 40.0718
116.565 40.0718
116.565 40.0718
116.565 40.0718
116.565 40.0718
116.565 40.0718
116.565 40.0718
116.564 40.0717
116.564 40.0712
116.573 40.0632
116.578 40.0627
116.583 40.0621
116.582 40.0637
116.582 40.0637
116.582 40.0655
116.582 40.0662
116.582 40.0682
116.581 40.07
116.581 40.0701
116.581 40.0748
116.581 40.075
116.581 40.075
116.581 40.075
116.581 40.075
116.581 40.075
116.58 40.0757
116.581 40.0765
116.583 40.0793
116.583 40.0793
116.582 40.0646
116.583 40.0622
116.564 40.0611
116.561 40.0602
116.552 40.0637
116.549 40.0643
116.535 40.0535
116.534 40.0517
116.518 40.0253
116.514 40.0187
116.483 39.9885
116.482 39.988
116.455 39.9758
116.446 39.9817
116.434 39.9873
116.39 39.9868
116.315 39.9844
116.304 39.984
116.27 39.9527
116.268 39.9437
116.263 39.9164
116.261 39.9166
116.255 39.9164
116.246 39.9137
116.246 39.9139
116.246 39.914
116.246 39.914
116.246 39.914
116.246 39.9137
116.247 39.9154
116.255 39.9164
116.256 39.9165
116.268 39.9103
116.268 39.9016
116.299 39.8957
116.308 39.8957
116.342 39.8945
116.342 39.8945
116.342 39.8861
116.343 39.8763
116.343 39.8763
116.345 39.8879
116.347 39.8879
116.353 39.8792
116.349 39.8765
116.344 39.8753
116.348 39.8766
116.347 39.8878
116.347 39.8878
116.347 39.8937
116.347 39.8954
116.349 39.8968
116.349 39.8968
116.35 39.8971
116.35 39.8971
116.351 39.8973
116.35 39.8988
116.35 39.8996
116.351 39.9021
116.351 39.9028
116.35 39.9283
116.349 39.9536
116.349 39.9643
116.343 39.9857
116.338 39.9856
116.348 39.9777
116.347 39.9684
116.351 39.9637
116.355 39.9662
116.365 39.9573
116.356 39.9567
116.355 39.9534
116.355 39.9534
116.355 39.9534
116.361 39.9513
116.35 39.9292
116.35 39.9163
116.353 39.907
116.347 39.9126
116.343 39.9126
116.329 39.9128
116.328 39.911
116.29 39.9177
116.297 39.9228
116.278 39.9231
116.257 39.8958
116.236 39.9019
116.247 39.9066
116.259 39.913
116.267 39.9061
116.276 39.9062
116.29 39.9166
116.291 39.9195
116.299 39.923
116.295 39.9238
116.297 39.9341
116.336 39.937
116.346 39.9406
116.345 39.9389
116.33 39.9354
116.326 39.9348
116.321 39.9336
116.318 39.9378
116.304 39.9508
116.301 39.9674
116.3 39.9825
116.321 39.9843
116.31 39.9894
116.31 39.9817
116.31 39.9797
116.319 39.9748
116.322 39.975
116.34 39.956
116.346 39.9411
116.32 39.9335
116.304 39.9303
116.303 39.923
116.28 39.923
116.278 39.9205
116.276 39.9063
116.268 39.9064
116.258 39.9063
116.247 39.9064
116.246 39.9138
116.246 39.9139
116.247 39.9138
116.247 39.907
116.242 39.9138
116.243 39.915
116.247 39.9159
116.254 39.9164
116.257 39.9164
116.259 39.9096
116.259 39.9065
116.267 39.9061
116.267 39.9061
116.281 39.9062
116.287 39.9062
116.292 39.9062
116.303 39.9048
116.304 39.8989
116.304 39.8836
116.31 39.8575
116.33 39.8476
116.34 39.8364
116.322 39.8294
116.307 39.8194
116.307 39.8059
116.311 39.793
116.308 39.803
116.307 39.8184
116.307 39.8282
116.299 39.8296
116.285 39.8305
116.282 39.835
116.283 39.8352
116.279 39.8462
116.279 39.8462
116.288 39.8513
116.288 39.8599
116.288 39.8642
116.289 39.8719
116.295 39.879
116.295 39.879
116.295 39.879
116.295 39.879
116.294 39.8789
116.289 39.8873
116.279 39.8884
116.268 39.9001
116.261 39.9063
116.256 39.9063
116.247 39.9081
116.247 39.9117
116.246 39.9138
116.246 39.9139
116.246 39.9139
116.247 39.9147
116.247 39.9147
116.247 39.9146
116.259 39.9062
116.26 39.9062
116.28 39.9061
116.28 39.9061
116.277 39.9199
116.279 39.9216
116.268 39.9239
116.269 39.9234
116.259 39.9068
116.259 39.9073
116.259 39.9218
116.259 39.9227
116.281 39.9263
116.282 39.9262
116.296 39.9329
116.296 39.9319
116.313 39.931
116.315 39.931
116.32 39.9225
116.32 39.9222
116.331 39.9127
116.331 39.9127
116.34 39.9171
116.34 39.9173
116.346 39.9222
116.346 39.9222
116.338 39.9296
116.338 39.9296
116.345 39.9385
116.345 39.9385
116.344 39.9442
116.343 39.9456
116.346 39.9567
116.348 39.9567
116.355 39.9512
116.355 39.9512
116.373 39.9469
116.374 39.9464
116.374 39.9282
116.374 39.9267
116.371 39.9199
116.371 39.9185
116.357 39.9127
116.355 39.9127
116.354 39.9123
116.354 39.9126
116.354 39.9126
116.351 39.9172
116.351 39.9172
116.347 39.923
116.347 39.923
116.347 39.9237
116.328 39.9269
116.328 39.9269
116.314 39.927
116.314 39.928
116.313 39.9343
116.313 39.9343
116.319 39.9373
116.327 39.9507
116.329 39.9508
116.342 39.9497
116.349 39.9515
116.349 39.9509
116.349 39.9389
116.35 39.9389
116.341 39.938
116.304 39.9454
116.304 39.9503
116.297 39.9589
116.297 39.9589
116.278 39.9578
116.278 39.9592
116.282 39.9594
116.282 39.9585
116.293 39.9591
116.292 39.9621
116.302 39.9597
116.303 39.9561
116.304 39.9333
116.304 39.9296
116.304 39.9119
116.304 39.9098
116.315 39.8994
116.315 39.8993
116.317 39.8971
116.317 39.8971
116.317 39.8971
116.315 39.9046
116.315 39.9046
116.329 39.909
116.329 39.9116
116.329 39.9128
116.329 39.9095
116.328 39.9096
116.328 39.9096
116.329 39.9094
116.333 39.9128
116.334 39.9128
116.339 39.9127
116.339 39.9166
116.328 39.9267
116.328 39.93
116.335 39.9361
116.334 39.9358
116.348 39.9754
116.342 39.9358
116.349 39.9565
116.342 39.9497
116.363 39.9879
116.363 39.9873
116.359 39.9916
116.359 39.9915
116.359 39.9913
116.359 39.9913
116.359 39.9913
116.359 39.9921
116.348 39.992
116.343 39.9918
116.339 39.9917
116.335 39.9916
116.332 39.9916
116.325 39.9913
116.31 39.9908
116.31 39.9858
116.31 39.9798
116.311 39.9752
116.314 39.9687
116.317 39.9562
116.319 39.9447
116.325 39.937
116.354 39.9391
116.361 39.9393
116.362 39.9298
116.36 39.9247
116.353 39.9224
116.341 39.9221
116.329 39.9217
116.33 39.9217
116.339 39.9177
116.339 39.9135
116.339 39.9127
116.346 39.9125
116.346 39.9065
116.346 39.9013
116.342 39.8989
116.337 39.9024
116.339 39.9103
116.339 39.9185
116.338 39.9213
116.338 39.9213
116.338 39.9278
116.338 39.9291
116.338 39.9354
116.324 39.9374
116.332 39.9367
116.333 39.9358
116.327 39.9358
116.327 39.9315
116.329 39.9312
116.328 39.9367
116.329 39.937
116.321 39.9376
116.321 39.9376
116.32 39.9376
116.32 39.9321
116.32 39.9321
116.323 39.9243
116.322 39.9226
116.32 39.9266
116.32 39.9362
116.32 39.9362
116.318 39.9486
116.313 39.9708
116.306 39.9746
116.302 39.9787
116.307 39.9812
116.31 39.9804
116.312 39.9747
116.324 39.975
116.331 39.9751
116.332 39.9731
116.336 39.9698
116.334 39.971
116.333 39.9673
116.333 39.9665
116.347 39.9588
116.349 39.9507
116.35 39.9439
116.349 39.9394
116.349 39.9357
116.35 39.9328
116.35 39.9302
116.35 39.9228
116.35 39.9182
116.35 39.9182
116.35 39.9147
116.351 39.9125
116.351 39.9106
116.35 39.9072
116.35 39.9072
116.349 39.8972
116.342 39.8934
116.343 39.8844
116.343 39.8687
116.368 39.8686
116.373 39.8691
116.413 39.8913
116.41 39.8998
116.405 39.9036
116.405 39.9089
116.408 39.9101
116.402 39.914
116.39 39.8987
116.394 39.8988
116.411 39.8957
116.412 39.8921
116.414 39.8641
116.407 39.8678
116.407 39.8707
116.415 39.8791
116.415 39.8821
116.412 39.8957
116.406 39.8992
116.408 39.914
116.404 39.914
116.377 39.9059
116.363 39.9059
116.339 39.9061
116.336 39.9061
116.336 39.9061
116.212 39.8958
116.205 39.9026
116.195 39.9038
116.194 39.9037
116.203 39.9025
116.21 39.895
116.231 39.8957
116.268 39.8956
116.282 39.9228
116.3 39.9227
116.322 39.922
116.328 39.9169
116.329 39.9128
116.329 39.907
116.327 39.9014
116.323 39.9003
116.32 39.8921
116.32 39.8896
116.32 39.8835
116.324 39.8833
116.32 39.8882
116.315 39.888
116.305 39.895
116.305 39.9041
116.291 39.9064
116.278 39.9064
116.262 39.9165
116.261 39.9165
116.251 39.9164
116.246 39.914
116.246 39.914
116.246 39.9138
116.246 39.9138
116.257 39.9165
116.259 39.9225
116.269 39.9333
116.269 39.9333
116.27 39.9555
116.281 39.9603
116.281 39.9613
116.281 39.9613
116.281 39.9613
116.281 39.9612
116.281 39.9612
116.281 39.9612
116.281 39.9612
116.281 39.9612
116.281 39.9612
116.281 39.9611
116.281 39.9611
116.278 39.9639
116.274 39.9651
116.284 39.978
116.314 39.9842
116.355 39.9856
116.386 39.9866
116.425 39.9876
116.45 39.9785
116.471 39.9766
116.493 39.9971
116.525 40.0191
116.551 40.028
116.563 40.0333
116.575 40.0435
116.575 40.0435
116.579 40.0466
116.583 40.05
116.584 40.0577
116.583 40.0642
116.582 40.0709
116.587 40.0786
116.582 40.0766
116.58 40.0755
116.571 40.0633
116.567 40.0708
116.565 40.0712
116.565 40.0712
116.575 40.0629
116.575 40.0629
116.575 40.0629
116.575 40.0629
116.575 40.0629
116.575 40.0629
116.575 40.0629
116.575 40.0629
116.576 40.0629
116.579 40.0626
116.579 40.0626
116.579 40.0626
116.579 40.0626
116.579 40.0626
116.579 40.0626
116.579 40.0626
116.579 40.0626
116.579 40.0626
116.583 40.0606
116.583 40.0606
116.583 40.0606
116.583 40.0606
116.583 40.0606
116.583 40.0606
116.583 40.0606
116.583 40.0606
116.583 40.0606
116.583 40.0606
116.583 40.0606
116.583 40.0606
116.583 40.0606
116.583 40.0606
116.583 40.0606
116.583 40.0606
116.583 40.0606
116.583 40.0606
116.583 40.0606
116.583 40.0606
116.583 40.0606
116.583 40.0606
116.583 40.0606
116.583 40.0606
116.583 40.0606
116.583 40.0606
116.583 40.0619
116.583 40.0627
116.583 40.0627
116.583 40.0627
116.582 40.065
116.582 40.0667
116.582 40.0685
116.582 40.0685
116.582 40.0685
116.582 40.0685
116.582 40.0685
116.582 40.0685
116.582 40.0685
116.582 40.0685
116.582 40.0685
116.582 40.0685
116.582 40.0685
116.582 40.0685
116.582 40.0685
116.582 40.0685
116.581 40.0723
116.581 40.0723
116.581 40.0733
116.582 40.0756
116.582 40.0756
116.582 40.0756
116.584 40.0766
116.584 40.0766
116.584 40.0766
116.584 40.0766
116.584 40.0766
116.584 40.0766
116.584 40.0766
116.584 40.0766
116.586 40.08
116.583 40.0606
116.565 40.0345
116.526 40.0198
116.49 39.9942
116.465 39.9712
116.454 39.9526
116.455 39.9338
116.456 39.9113
116.455 39.8956
116.453 39.8865
116.452 39.8861
116.45 39.8865
116.433 39.883
116.428 39.8819
116.419 39.8801
116.413 39.8893
116.412 39.8932
116.412 39.8941
116.412 39.8943
116.412 39.8946
116.412 39.8951
116.412 39.8951
116.407 39.8917
116.406 39.8991
116.405 39.9036
116.405 39.9071
116.405 39.907
116.405 39.907
116.405 39.907
116.405 39.907
116.405 39.909
116.412 39.9072
116.406 39.9068
116.394 39.9064
116.39 39.9036
116.389 39.8968
116.389 39.8895
116.388 39.8849
116.379 39.8855
116.378 39.8969
116.385 39.8989
116.4 39.8993
116.406 39.9
116.405 39.9086
116.408 39.9092
116.405 39.9165
116.405 39.9228
116.419 39.9229
116.429 39.9228
116.441 39.9255
116.442 39.9256
116.442 39.9254
116.442 39.9254
116.442 39.9254
116.443 39.9256
116.444 39.9238
116.444 39.9221
116.444 39.9216
116.448 39.907
116.472 39.9043
116.471 39.9043
116.471 39.8927
116.471 39.8923
116.471 39.8705
116.471 39.8692
116.471 39.8699
116.455 39.8701
116.455 39.8701
116.44 39.8575
116.434 39.8576
116.285 39.8312
116.282 39.8338
116.282 39.8338
116.281 39.835
116.281 39.8382
116.278 39.854
116.277 39.8571
116.288 39.8597
116.289 39.8648
116.305 39.8822
116.304 39.8909
116.306 39.9049
116.307 39.9055
116.307 39.9055
116.315 39.9042
116.318 39.9061
116.332 39.9127
116.335 39.9126
116.405 39.9065
116.431 39.9119
116.432 39.9119
116.442 39.9072
116.428 39.9317
116.428 39.9317
116.43 39.9302
116.426 39.9575
116.426 39.9575
116.437 39.9464
116.437 39.9464
116.437 39.9463
116.438 39.9364
116.438 39.9358
116.439 39.9256
116.439 39.9256
116.429 39.9252
116.428 39.9257
116.426 39.955
116.426 39.9559
116.43 39.9623
116.439 39.9596
116.438 39.9593
116.419 39.9581
116.399 39.958
116.399 39.9584
116.401 39.9607
116.401 39.9607
116.402 39.9454
116.402 39.9448
116.401 39.9258
116.4 39.9258
116.389 39.9219
116.388 39.9218
116.385 39.9047
116.385 39.904
116.386 39.8996
116.386 39.8995
116.378 39.8892
116.378 39.889
116.359 39.888
116.359 39.888
116.358 39.888
116.358 39.888
116.357 39.8867
116.358 39.8873
116.361 39.898
116.385 39.9184
116.385 39.9192
116.404 39.9229
116.404 39.9229
116.422 39.9279
116.422 39.9279
116.462 39.9687
116.462 39.9687
116.463 39.9695
116.527 40.0199
116.529 40.0205
116.583 40.0503
116.583 40.0512
116.586 40.0795
116.586 40.0796
116.58 40.0626
116.579 40.0626
116.567 40.0708
116.567 40.0708
116.565 40.071
116.565 40.071
116.565 40.071
116.565 40.071
116.565 40.071
116.565 40.071
116.565 40.071
116.565 40.071
116.565 40.071
116.565 40.071
116.565 40.071
116.565 40.071
116.565 40.071
116.565 40.071
116.571 40.0633
116.572 40.0632
116.583 40.0602
116.583 40.0626
116.583 40.0626
116.583 40.0626
116.582 40.0648
116.582 40.0661
116.582 40.0664
116.582 40.0664
116.582 40.0674
116.582 40.0674
116.582 40.0678
116.582 40.0678
116.582 40.0678
116.582 40.0678
116.582 40.0689
116.582 40.0699
116.581 40.0711
116.581 40.0711
116.581 40.0764
116.583 40.0746
116.583 40.0746
116.583 40.0746
116.584 40.0763
116.584 40.0764
116.584 40.0765
116.579 40.0474
116.579 40.0474
116.516 40.0159
116.451 39.9592
116.45 39.9583
116.456 39.9128
116.456 39.9119
116.447 39.8931
116.447 39.8931
116.445 39.8924
116.413 39.8936
116.413 39.8944
116.393 39.9055
116.393 39.9055
116.393 39.9056
116.393 39.9056
116.364 39.906
116.363 39.9059
116.314 39.9063
116.276 39.9063
116.247 39.9137
116.246 39.9137
116.247 39.9161
116.265 39.9229
116.27 39.9538
116.269 39.9671
116.312 39.9841
116.329 39.9847
116.351 39.9921
116.351 39.9921
116.353 39.9926
116.351 39.9923
116.348 39.9921
116.347 39.9741
116.342 39.972
116.343 39.9719
116.32 39.9661
116.319 39.9657
116.329 39.9567
116.329 39.9547
116.346 39.9405
116.349 39.939
116.35 39.9423
116.354 39.9465
116.36 39.9512
116.365 39.9514
116.366 39.9428
116.369 39.9472
116.389 39.9389
116.39 39.9354
116.378 39.9317
116.374 39.9337
116.373 39.9426
116.374 39.947
116.375 39.9768
116.364 40.0001
116.352 40.0214
116.411 40.0348
116.407 40.0521
116.408 40.0564
116.407 40.0663
116.407 40.0727
116.423 40.0753
116.422 40.0745
116.407 40.0573
116.408 40.0413
116.412 40.0292
116.374 39.9962
116.355 40
116.346 40.0067
116.342 40.0063
116.336 39.9663
116.303 39.9614
116.297 39.9347
116.311 39.9268
116.383 39.9474
116.392 39.9501
116.4 39.9511
116.393 39.9501
116.384 39.9477
116.384 39.9477
116.366 39.9474
116.366 39.947
116.366 39.9398
116.368 39.9313
116.394 39.932
116.411 39.9321
116.42 39.9313
116.42 39.9142
116.413 39.9231
116.45 39.9582
116.459 39.9728
116.457 39.9754
116.448 39.9584
116.44 39.9492
116.441 39.9424
116.451 39.919
116.401 39.914
116.41 39.9229
116.427 39.9233
116.455 39.9221
116.455 39.9235
116.455 39.9235
116.435 39.9228
116.428 39.9196
116.421 39.9071
116.39 39.902
116.388 39.8951
116.394 39.8966
116.406 39.8919
116.407 39.8869
116.421 39.8567
116.432 39.8574
116.438 39.8573
116.441 39.831
116.454 39.8224
116.442 39.8293
116.439 39.8525
116.443 39.8585
116.435 39.8645
116.433 39.8645
116.432 39.8646
116.422 39.8644
116.415 39.8673
116.377 39.8702
116.368 39.8936
116.368 39.8823
116.354 39.8667
116.343 39.8785
116.259 39.9165
116.246 39.9138
116.246 39.914
116.246 39.9141
116.246 39.9138
116.246 39.9138
116.246 39.9138
116.246 39.9138
116.246 39.9138
116.246 39.9139
116.246 39.9139
116.246 39.9139
116.246 39.9139
116.247 39.9138
116.256 39.9164
116.269 39.9217
116.268 39.9403
116.278 39.9735
116.299 39.9838
116.346 39.9854
116.372 39.9861
116.372 39.9861
116.417 39.9874
116.442 39.9839
116.493 39.9965
116.535 40.0228
116.566 40.0346
116.584 40.0585
116.583 40.0755
116.587 40.079
116.585 40.0796
116.578 40.0627
116.563 40.0701
116.567 40.0708
116.565 40.0642
116.582 40.0622
116.581 40.0719
116.581 40.0719
116.581 40.0719
116.581 40.0719
116.581 40.0719
116.581 40.0719
116.581 40.0719
116.581 40.0719
116.581 40.0719
116.581 40.0719
116.581 40.0719
116.581 40.0732
116.581 40.0744
116.581 40.0744
116.581 40.0744
116.581 40.0744
116.581 40.0744
116.581 40.0744
116.58 40.0754
116.58 40.0763
116.58 40.0763
116.58 40.0763
116.582 40.0753
116.582 40.0746
116.582 40.0746
116.582 40.0746
116.582 40.0746
116.582 40.0746
116.582 40.0746
116.582 40.0746
116.582 40.0746
116.582 40.0746
116.582 40.0746
116.582 40.0746
116.582 40.0746
116.583 40.0756
116.583 40.0756
116.583 40.0756
116.583 40.0756
116.583 40.0756
116.583 40.0756
116.583 40.0756
116.583 40.0756
116.583 40.0756
116.583 40.0756
116.583 40.0756
116.583 40.0756
116.583 40.0756
116.583 40.0756
116.583 40.0756
116.583 40.0756
116.583 40.0756
116.583 40.0756
116.583 40.0756
116.583 40.0756
116.583 40.0756
116.583 40.0756
116.583 40.0756
116.584 40.0766
116.584 40.0766
116.584 40.0766
116.584 40.0766
116.584 40.0766
116.584 40.0766
116.584 40.0766
116.587 40.0769
116.582 40.0669
116.579 40.0472
116.531 40.0214
116.501 40.0039
116.475 39.9923
116.466 39.9935
116.466 39.9935
116.461 39.9914
116.461 39.9913
116.587 40.0772
116.588 40.0773
116.587 40.0788
116.565 40.0346
116.493 39.997
116.481 39.9861
116.475 39.9923
116.473 39.9975
116.476 39.9913
116.502 40.006
116.531 40.0476
116.566 40.0609
116.578 40.0598
116.583 40.0762
116.587 40.0771
116.588 40.0782
116.584 40.0781
116.582 40.0695
116.551 40.0284
116.533 40.0222
116.474 39.9795
116.461 39.968
116.438 39.9523
116.426 39.9552
116.378 39.9476
116.374 39.9496
116.373 39.9411
116.37 39.9314
116.367 39.9313
116.368 39.9154
116.368 39.9154
116.368 39.9127
116.368 39.8987
116.366 39.882
116.352 39.8819
116.347 39.8848
116.337 39.9046
116.329 39.9126
116.329 39.9185
116.327 39.9348
116.369 39.9472
116.373 39.9543
116.368 39.9695
116.368 39.9671
116.365 39.9668
116.38 39.9669
116.38 39.9669
116.396 39.9618
116.4 39.9576
116.402 39.9519
116.402 39.9483
116.389 39.9477
116.365 39.9472
116.349 39.9312
116.341 39.9311
116.319 39.9311
116.314 39.9267
116.307 39.9229
116.297 39.923
116.302 39.9311
116.304 39.9386
116.319 39.9658
116.343 39.9663
116.384 39.967
116.384 39.967
116.4 39.9672
116.405 39.9717
116.405 39.9718
116.412 39.9674
116.412 39.9576
116.418 39.9579
116.426 39.958
116.434 39.9539
116.432 39.9582
116.44 39.962
116.44 39.9698
116.451 39.984
116.457 39.9913
116.462 40.0029
116.461 40.0098
116.457 40.0115
116.457 40.0082
116.441 40.0067
116.428 40.0073
116.411 40.0047
116.411 39.9964
116.411 39.9717
116.412 39.9685
116.412 39.9575
116.412 39.9527
116.405 39.9479
116.384 39.9476
116.374 39.9656
116.36 39.9665
116.315 39.9657
116.302 39.9642
116.302 39.9614
116.311 39.964
116.311 39.964
116.322 39.9657
116.329 39.9578
116.336 39.9566
116.347 39.9567
116.35 39.943
116.341 39.938
116.324 39.937
116.334 39.9372
116.32 39.9376
116.314 39.938
116.301 39.9657
116.299 39.9667
116.302 39.9627
116.302 39.9612
116.317 39.9562
116.317 39.9562
116.318 39.9513
116.33 39.9508
116.341 39.9439
116.343 39.9387
116.338 39.9331
116.338 39.9217
116.336 39.9128
116.326 39.9096
116.316 39.9098
116.296 39.9097
116.285 39.9064
116.267 39.9063
116.252 39.9063
116.24 39.9062
116.229 39.9063
116.215 39.9064
116.205 39.9062
116.193 39.9141
116.192 39.9198
116.183 39.9248
116.184 39.9251
116.18 39.9149
116.181 39.907
116.204 39.9062
116.215 39.9062
116.229 39.9062
116.239 39.9062
116.246 39.9139
116.246 39.9139
116.246 39.9141
116.245 39.9137
116.246 39.9138
116.247 39.9169
116.243 39.9195
