116.343 39.9058
116.342 39.9054
116.34 39.9018
116.336 39.8994
116.336 39.898
116.303 39.8958
116.293 39.8958
116.239 39.8958
116.229 39.8958
116.212 39.8983
116.211 39.8966
116.211 39.8966
116.211 39.8966
116.211 39.8966
116.211 39.8966
116.211 39.8966
116.211 39.8966
116.211 39.8966
116.211 39.8966
116.211 39.8966
116.211 39.8966
116.211 39.8966
116.211 39.8966
116.211 39.8966
116.211 39.8966
116.211 39.8966
116.211 39.8966
116.211 39.8966
116.211 39.8966
116.211 39.8966
116.211 39.8966
116.211 39.8966
116.211 39.8966
116.212 39.899
116.219 39.9025
116.224 39.8961
116.231 39.8955
116.264 39.8955
116.268 39.9076
116.269 39.9301
116.269 39.9497
116.278 39.9734
116.358 39.9858
116.376 39.9863
116.388 39.9865
116.401 39.9862
116.397 39.9873
116.399 39.9886
116.401 39.9891
116.41 39.987
116.411 39.9845
116.411 39.9746
116.412 39.9682
116.391 39.9674
116.372 39.967
116.364 39.9668
116.364 39.9604
116.364 39.9604
116.361 39.9512
116.355 39.9531
116.355 39.9563
116.363 39.9662
116.364 39.9638
116.365 39.9507
116.365 39.9498
116.366 39.9486
116.366 39.9433
116.366 39.9399
116.361 39.9311
116.358 39.931
116.35 39.931
116.35 39.931
116.35 39.922
116.35 39.9205
116.35 39.9106
116.35 39.909
116.344 39.8969
116.336 39.8964
116.336 39.8964
116.321 39.8959
116.318 39.8959
116.289 39.8961
116.289 39.8971
116.279 39.899
116.276 39.8991
116.268 39.9057
116.268 39.9057
116.269 39.9057
116.266 39.9063
116.261 39.9063
116.259 39.9114
116.259 39.9138
116.261 39.9228
116.266 39.9227
116.27 39.9547
116.269 39.9611
116.269 39.958
116.27 39.955
116.269 39.9457
116.269 39.9451
116.268 39.9365
116.268 39.9348
116.269 39.9231
116.269 39.9204
116.265 39.8966
116.259 39.8958
116.243 39.8963
116.243 39.8963
116.215 39.8978
116.213 39.8981
116.212 39.8979
116.212 39.8981
116.212 39.8981
116.212 39.8981
116.212 39.8981
116.212 39.8981
116.212 39.8981
116.212 39.8981
116.212 39.8981
116.212 39.8981
116.212 39.8981
116.212 39.8981
116.212 39.8981
116.212 39.8981
116.212 39.8981
116.212 39.8981
116.212 39.8981
116.212 39.8981
116.212 39.8981
116.212 39.8981
116.212 39.8981
116.212 39.8981
116.212 39.8981
116.212 39.8981
116.212 39.898
116.212 39.898
116.209 39.9023
116.223 39.9023
116.223 39.8972
116.255 39.8957
116.304 39.8913
116.304 39.8886
116.297 39.8867
116.289 39.8904
116.289 39.8951
116.289 39.8993
116.289 39.898
116.31 39.8955
116.311 39.8956
116.318 39.896
116.315 39.8961
116.317 39.906
116.321 39.8985
116.312 39.896
116.312 39.896
116.311 39.901
116.307 39.9064
116.304 39.9105
116.303 39.9077
116.299 39.9066
116.291 39.9227
116.29 39.9229
116.288 39.9227
116.294 39.9225
116.304 39.9118
116.304 39.9086
116.304 39.8902
116.303 39.8841
116.301 39.8805
116.3 39.8812
116.304 39.8929
116.304 39.9019
116.304 39.9217
116.285 39.9231
116.28 39.9231
116.269 39.9428
116.268 39.9448
116.269 39.9274
116.27 39.9314
116.294 39.931
116.296 39.931
116.308 39.9311
116.314 39.9292
116.311 39.9227
116.305 39.9231
116.304 39.9104
116.3 39.9065
116.289 39.9063
116.299 39.9061
116.306 39.9071
116.306 39.9071
116.302 39.9075
116.302 39.9075
116.299 39.9064
116.296 39.9106
116.301 39.9118
116.309 39.9099
116.34 39.9171
116.347 39.9171
116.35 39.9257
116.349 39.9401
116.355 39.9453
116.352 39.9431
116.349 39.9337
116.339 39.9311
116.338 39.9311
116.338 39.9238
116.338 39.9224
116.345 39.9126
116.212 39.8969
116.212 39.8969
116.212 39.8969
116.212 39.8969
116.212 39.8969
116.212 39.8969
116.212 39.8969
116.212 39.8969
116.212 39.8969
116.212 39.8969
116.212 39.8969
116.212 39.8969
116.212 39.8969
116.212 39.8969
116.212 39.8969
116.212 39.8969
116.212 39.8969
116.212 39.8969
116.212 39.8969
116.212 39.8969
116.212 39.8969
116.212 39.8969
116.212 39.8969
116.212 39.8969
116.258 39.9061
116.258 39.9061
116.268 39.9097
116.268 39.9104
116.267 39.9064
116.267 39.9064
116.258 39.9107
116.259 39.9125
116.268 39.9115
116.268 39.9084
116.272 39.873
116.277 39.8655
116.281 39.8347
116.288 39.8293
116.307 39.8243
116.307 39.8238
116.296 39.8296
116.282 39.8352
116.281 39.8358
116.281 39.8382
116.281 39.8382
116.28 39.8398
116.264 39.8644
116.254 39.8616
116.254 39.8631
116.256 39.8615
116.26 39.8638
116.266 39.8679
116.271 39.8773
116.27 39.8806
116.268 39.8892
116.27 39.8966
116.268 39.9049
116.271 39.906
116.267 39.9063
116.267 39.9063
116.24 39.9062
116.229 39.9062
116.211 39.9062
116.197 39.9062
116.198 39.9092
116.2 39.9093
116.219 39.9026
116.234 39.9018
116.235 39.9008
116.235 39.9008
116.234 39.902
116.248 39.9026
116.254 39.9017
116.239 39.9027
116.228 39.9027
116.224 39.911
116.227 39.9134
116.221 39.9237
116.212 39.9237
116.192 39.9264
116.193 39.9303
116.194 39.9337
116.192 39.9302
116.191 39.9287
116.191 39.9247
116.192 39.9241
116.192 39.924
116.183 39.9219
116.183 39.9219
116.183 39.9219
116.183 39.9219
116.183 39.9219
116.192 39.9175
116.193 39.9138
116.2 39.9092
116.197 39.9033
116.208 39.9025
116.209 39.9017
116.212 39.898
116.212 39.8982
116.212 39.8982
116.212 39.8984
116.208 39.9
116.208 39.9022
116.209 39.9037
116.211 39.8985
116.215 39.8978
116.223 39.8972
116.216 39.8978
116.218 39.9026
116.226 39.9026
116.228 39.9109
116.23 39.9157
116.233 39.925
116.235 39.9249
116.247 39.9165
116.247 39.9111
116.255 39.9062
116.258 39.9062
116.277 39.9061
116.279 39.906
116.299 39.9062
116.304 39.9028
116.304 39.8957
116.312 39.8956
116.315 39.895
116.316 39.895
116.316 39.895
116.318 39.8956
116.315 39.9048
116.315 39.9048
116.316 39.9069
116.311 39.9098
116.311 39.9098
116.304 39.9107
116.304 39.9197
116.294 39.923
116.282 39.9237
116.292 39.9226
116.3 39.9225
116.304 39.9115
116.304 39.9032
116.305 39.8814
116.304 39.8675
116.309 39.8666
116.307 39.8679
116.305 39.8813
116.305 39.8825
116.305 39.8869
116.309 39.8956
116.343 39.8963
116.357 39.8981
116.373 39.8985
116.382 39.8988
116.386 39.9035
116.386 39.9035
116.385 39.9133
116.385 39.9197
116.384 39.9209
116.376 39.9213
116.376 39.9128
116.374 39.9109
116.374 39.9109
116.374 39.9109
116.374 39.9109
116.372 39.9117
116.372 39.9126
116.36 39.9128
116.358 39.9127
116.354 39.9126
116.353 39.9125
116.352 39.9126
116.352 39.9126
116.352 39.9126
116.35 39.9125
116.349 39.9125
116.34 39.9126
116.339 39.9126
116.328 39.9121
116.327 39.9096
116.315 39.9073
116.315 39.9019
116.311 39.8986
116.307 39.8958
116.258 39.8958
116.242 39.8958
116.212 39.8985
116.212 39.8984
116.212 39.8984
116.212 39.8985
116.212 39.8983
116.212 39.8983
116.212 39.8983
116.212 39.8983
116.212 39.8983
116.212 39.8983
116.212 39.8983
116.212 39.8983
116.212 39.8983
116.212 39.8983
116.212 39.8983
116.212 39.8983
116.212 39.8983
116.212 39.8983
116.212 39.8983
116.212 39.8983
116.212 39.8983
116.212 39.8983
116.212 39.8983
116.212 39.8983
116.212 39.8983
116.212 39.8983
116.212 39.8983
116.212 39.8983
116.212 39.8983
116.212 39.8983
116.212 39.8983
116.212 39.8983
116.212 39.8983
116.212 39.8983
116.212 39.8983
116.212 39.8983
116.212 39.8983
116.212 39.8983
116.212 39.8983
116.212 39.8983
116.212 39.8983
116.212 39.8983
116.212 39.8983
116.212 39.8983
116.212 39.8983
116.212 39.8983
116.212 39.8983
116.212 39.8983
116.212 39.8983
116.212 39.8984
116.205 39.9055
116.205 39.9055
116.177 39.9061
116.176 39.9062
116.175 39.906
116.175 39.906
116.199 39.9061
116.2 39.9061
116.218 39.9025
116.22 39.9025
116.215 39.9022
116.215 39.9022
116.247 39.9027
116.247 39.9031
116.268 39.9063
116.268 39.9063
116.277 39.906
116.277 39.906
116.289 39.9044
116.289 39.9036
116.275 39.8989
116.275 39.8989
116.275 39.8989
116.271 39.8992
116.271 39.8992
116.271 39.8992
116.268 39.8919
116.268 39.891
116.287 39.8646
116.287 39.8646
116.283 39.8717
116.283 39.8729
116.289 39.8881
116.289 39.8881
116.31 39.8955
116.329 39.8959
116.365 39.8982
116.375 39.8986
116.378 39.8987
116.392 39.8987
116.393 39.9055
116.41 39.9067
116.421 39.9045
116.417 39.9024
116.414 39.9
116.413 39.8998
116.406 39.8996
116.404 39.8995
116.394 39.899
116.389 39.8989
116.372 39.9028
116.368 39.9028
116.368 39.9028
116.362 39.8995
116.36 39.8983
116.357 39.8981
116.337 39.8966
116.343 39.8954
116.346 39.897
116.34 39.9015
116.337 39.9019
116.337 39.9019
116.329 39.9031
116.329 39.9054
116.326 39.9064
116.318 39.9064
116.316 39.9086
116.311 39.8959
116.288 39.8959
116.265 39.8958
116.247 39.896
116.243 39.8964
116.219 39.8958
116.213 39.8979
116.212 39.898
116.211 39.898
116.211 39.898
116.211 39.898
116.211 39.898
116.211 39.898
116.211 39.898
116.211 39.898
116.211 39.898
116.211 39.898
116.211 39.898
116.211 39.898
116.212 39.8981
116.212 39.8981
116.212 39.8986
116.212 39.8986
116.208 39.8998
116.215 39.9029
116.222 39.9026
116.211 39.8983
116.215 39.901
116.253 39.9026
116.266 39.9061
116.267 39.9061
116.28 39.906
116.282 39.906
116.304 39.9061
116.304 39.9088
116.298 39.9229
116.295 39.9272
116.304 39.9397
116.304 39.95
116.301 39.969
116.3 39.9741
116.307 39.9745
116.315 39.9663
116.305 39.9622
116.303 39.9312
116.296 39.9311
116.28 39.9264
116.279 39.9233
116.297 39.9225
116.304 39.9144
116.304 39.9084
116.29 39.9117
116.289 39.9103
116.289 39.9081
116.289 39.9079
116.308 39.91
116.311 39.9073
116.302 39.9073
116.302 39.9073
116.302 39.9073
116.302 39.9073
116.302 39.9073
116.296 39.9076
116.291 39.9257
116.291 39.9349
116.28 39.9741
116.28 39.9741
116.286 39.9798
116.287 39.9926
116.289 39.9923
116.316 39.9843
116.347 39.9883
116.347 39.9919
116.347 40.0033
116.347 40.0058
116.345 40.0152
116.345 40.0152
116.345 40.0152
116.346 40.0115
116.347 39.996
116.347 39.9753
116.347 39.9672
116.33 39.9664
116.328 39.9664
116.316 39.966
116.313 39.971
116.311 39.9791
116.311 39.9813
116.311 39.984
116.315 39.9842
116.36 39.9858
116.376 39.9862
116.388 39.9731
116.384 39.9672
116.371 39.9669
116.365 39.9668
116.355 39.9666
116.329 39.9663
116.314 39.9655
116.304 39.9425
116.293 39.9449
116.289 39.9402
116.297 39.931
116.305 39.9311
116.32 39.9274
116.32 39.9269
116.326 39.9269
116.319 39.9256
116.296 39.9228
116.296 39.9228
116.291 39.9212
116.289 39.9131
116.289 39.9104
116.289 39.9091
116.289 39.9074
116.278 39.9064
116.269 39.9063
116.25 39.9063
116.243 39.9063
116.224 39.9027
116.209 39.9028
116.212 39.8984
116.286 39.9986
116.212 39.8993
116.212 39.8993
116.22 39.9026
116.223 39.9006
116.241 39.9027
116.245 39.9026
116.241 39.9061
116.24 39.9027
116.232 39.9027
116.213 39.8976
116.212 39.8987
116.204 39.8992
116.207 39.8992
116.223 39.8997
116.227 39.9026
116.247 39.9026
116.247 39.906
116.247 39.918
116.247 39.9235
116.247 39.9238
116.247 39.9137
116.247 39.9078
116.235 39.9062
116.216 39.9062
116.215 39.9062
116.213 39.8995
116.213 39.9021
116.227 39.9027
116.222 39.9016
116.215 39.9026
116.218 39.8979
116.214 39.8982
116.209 39.9061
116.209 39.9061
116.214 39.9059
116.214 39.9059
116.214 39.9057
116.214 39.9057
116.213 39.9056
116.213 39.9058
116.213 39.9058
116.213 39.9058
116.213 39.9058
116.213 39.9058
116.213 39.9058
116.213 39.9058
116.213 39.9058
116.213 39.9058
116.213 39.9058
116.213 39.9058
116.214 39.9047
116.212 39.8984
116.212 39.8979
116.212 39.8978
116.212 39.8978
116.212 39.8978
116.212 39.8978
116.212 39.8978
116.212 39.8978
116.212 39.8978
116.212 39.8978
116.212 39.8978
116.212 39.8978
116.212 39.8978
116.212 39.8978
116.212 39.8978
116.212 39.8978
116.212 39.8978
116.212 39.8978
116.212 39.8978
116.212 39.8978
116.212 39.8978
116.212 39.8978
116.212 39.8978
116.212 39.8978
116.212 39.8978
116.212 39.898
116.212 39.898
116.223 39.8942
116.223 39.8941
116.223 39.8941
116.223 39.8941
116.218 39.8959
116.21 39.8972
116.212 39.898
116.212 39.898
116.212 39.898
116.212 39.898
116.212 39.898
116.212 39.898
116.212 39.898
116.212 39.898
116.212 39.898
116.212 39.898
116.212 39.898
116.212 39.898
116.212 39.898
116.212 39.898
116.212 39.898
116.212 39.898
116.212 39.898
116.212 39.898
116.212 39.898
116.212 39.898
116.212 39.898
116.212 39.8986
116.212 39.899
116.226 39.9061
116.228 39.9061
116.221 39.8972
116.219 39.8977
116.211 39.8972
116.211 39.8972
116.203 39.9025
116.199 39.9026
116.199 39.9026
116.192 39.9207
116.212 39.8981
116.212 39.8981
116.212 39.8981
116.21 39.8958
116.21 39.8957
116.261 39.8957
116.358 39.8881
116.344 39.8972
116.319 39.8958
116.276 39.8958
116.214 39.8978
116.212 39.898
116.212 39.8982
116.212 39.8987
116.208 39.8943
116.27 39.8957
116.338 39.8964
116.35 39.9095
116.35 39.9244
116.357 39.9354
116.357 39.9355
116.35 39.9089
116.334 39.8963
116.302 39.8958
116.272 39.8958
116.246 39.8958
116.216 39.8978
116.212 39.898
116.212 39.8982
116.212 39.8982
116.212 39.8982
116.212 39.8982
116.212 39.8982
116.212 39.8982
116.212 39.8982
116.212 39.8982
116.212 39.8982
116.212 39.8982
116.212 39.8982
116.212 39.8982
116.212 39.8982
116.212 39.8982
116.212 39.8982
116.212 39.8982
116.212 39.8982
116.212 39.8982
116.212 39.8982
116.212 39.8982
116.212 39.8982
116.212 39.8982
116.212 39.8982
116.212 39.8982
116.218 39.9032
116.212 39.9136
116.212 39.9136
116.212 39.9136
116.212 39.9136
116.212 39.9136
116.212 39.9136
116.212 39.9136
116.212 39.9136
116.212 39.9136
116.212 39.9136
116.212 39.9136
116.212 39.9136
116.212 39.9136
116.212 39.9136
116.212 39.9136
116.212 39.9136
116.212 39.9136
116.212 39.9136
116.212 39.9136
116.212 39.9136
116.212 39.9136
116.212 39.9136
