116.455 39.9134
116.455 39.9049
116.455 39.9028
116.46 39.8993
116.46 39.8993
116.46 39.8993
116.46 39.8993
116.46 39.8993
116.46 39.8993
116.468 39.8992
116.471 39.898
116.469 39.8922
116.467 39.8922
116.467 39.8922
116.456 39.8921
116.453 39.8921
116.421 39.8921
116.416 39.8918
116.396 39.8909
116.396 39.8908
116.377 39.8881
116.371 39.888
116.358 39.888
116.323 39.8888
116.321 39.8887
116.304 39.8861
116.304 39.8861
116.314 39.8951
116.314 39.8952
116.316 39.895
116.316 39.8951
116.307 39.8954
116.307 39.8954
116.308 39.8955
116.308 39.8955
116.308 39.8955
116.308 39.8955
116.308 39.8955
116.331 39.896
116.347 39.8969
116.35 39.9083
116.35 39.9208
116.349 39.9406
116.387 39.9475
116.403 39.9476
116.41 39.9465
116.411 39.9419
116.411 39.9372
116.411 39.9349
116.395 39.9321
116.391 39.9321
116.388 39.9222
116.371 39.9223
116.37 39.9227
116.369 39.9227
116.368 39.9226
116.365 39.9226
116.362 39.9297
116.362 39.9303
116.362 39.9303
116.361 39.9394
116.371 39.9473
116.378 39.9667
116.381 39.9667
116.388 39.9805
116.376 39.9808
116.383 39.9811
116.4 39.9868
116.402 39.9869
116.402 39.9969
116.409 39.9975
116.409 39.9975
116.401 39.9873
116.401 39.9761
116.41 39.9675
116.411 39.9676
116.425 39.968
116.433 39.9659
116.439 39.9601
116.439 39.9601
116.438 39.9594
116.448 39.9567
116.449 39.9559
116.446 39.9467
116.439 39.9399
116.439 39.9399
116.428 39.9402
116.437 39.9492
116.437 39.9492
116.45 39.9549
116.45 39.9548
116.455 39.9504
116.455 39.9335
116.455 39.9148
116.484 39.9016
116.481 39.8588
116.481 39.8588
116.434 39.8309
116.367 39.8301
116.309 39.8295
116.293 39.8319
116.287 39.8389
116.287 39.8402
116.298 39.8435
116.304 39.845
116.312 39.8468
116.315 39.8468
116.323 39.8469
116.341 39.8561
116.343 39.8802
116.343 39.8976
116.335 39.9019
116.335 39.9019
116.329 39.9038
116.329 39.9038
116.33 39.9127
116.332 39.9126
116.332 39.9126
116.336 39.9105
116.336 39.9105
116.323 39.9095
116.322 39.9102
116.322 39.9103
116.32 39.9099
116.331 39.9127
116.332 39.9127
116.347 39.9125
116.348 39.9125
116.35 39.9009
116.351 39.8993
116.343 39.8797
116.343 39.8723
116.35 39.8511
116.353 39.85
116.353 39.8442
116.351 39.8446
116.341 39.8543
116.342 39.8589
116.342 39.8593
116.342 39.8593
116.342 39.8593
116.342 39.8593
116.342 39.8616
116.347 39.8757
116.348 39.8772
116.346 39.8884
116.34 39.8885
116.34 39.8885
116.332 39.8871
116.332 39.8872
116.346 39.888
116.347 39.9011
116.346 39.9037
116.35 39.9126
116.35 39.9126
116.353 39.9068
116.35 39.902
116.347 39.9005
116.346 39.9064
116.342 39.9172
116.329 39.9206
116.317 39.9224
116.296 39.9327
116.294 39.9401
116.346 39.9392
116.345 39.9389
116.319 39.9439
116.316 39.9656
116.348 39.9753
116.347 39.9863
116.358 39.9752
116.359 39.9708
116.359 39.9671
116.358 39.9671
116.349 39.9563
116.35 39.9168
116.351 39.9004
116.344 39.8677
116.344 39.8677
116.435 39.8563
116.435 39.8563
116.447 39.8598
116.437 39.8577
116.411 39.8559
116.393 39.8559
116.394 39.8539
116.394 39.8415
116.395 39.836
116.396 39.8158
116.396 39.8122
116.405 39.8037
116.41 39.8038
116.413 39.8058
116.381 39.8021
116.371 39.8114
116.371 39.8109
116.371 39.8012
116.371 39.7988
116.374 39.7707
116.374 39.766
116.371 39.7414
116.372 39.7373
116.342 39.7211
116.336 39.7141
116.363 39.6902
116.366 39.6866
116.366 39.6866
116.366 39.6866
116.366 39.6866
116.366 39.6866
116.366 39.6866
116.366 39.6866
116.366 39.6866
116.366 39.6866
116.366 39.6866
116.366 39.6866
116.366 39.6866
116.366 39.6866
116.366 39.6866
116.366 39.6866
116.366 39.6866
116.366 39.6866
116.366 39.6866
116.366 39.6866
116.367 39.6865
116.367 39.6865
116.368 39.6848
116.341 39.7124
116.339 39.7197
116.34 39.7344
116.339 39.7373
116.336 39.7691
116.342 39.7921
116.339 39.8219
116.353 39.8424
116.341 39.8528
116.343 39.8906
116.351 39.9012
116.347 39.9237
116.347 39.9244
116.35 39.918
116.35 39.918
116.35 39.9127
116.35 39.908
116.357 39.9058
116.391 39.9061
116.41 39.9065
116.41 39.9053
116.412 39.8959
116.412 39.8945
116.421 39.8826
116.455 39.8805
116.455 39.8781
116.447 39.8662
116.433 39.8646
116.421 39.8644
116.438 39.8706
116.445 39.8704
116.454 39.8723
116.454 39.8705
116.454 39.8659
116.428 39.8575
116.416 39.8564
116.408 39.856
116.403 39.856
116.403 39.856
116.401 39.856
116.382 39.8694
116.421 39.8699
116.438 39.8966
116.43 39.9044
116.435 39.9069
116.436 39.912
116.431 39.9156
116.428 39.9392
116.39 39.9478
116.39 39.9478
116.383 39.9617
116.377 39.9616
116.374 39.966
116.308 39.9633
116.273 40.0125
116.282 40.0071
116.295 39.9754
116.302 39.9598
116.304 39.934
116.305 39.8739
116.305 39.8739
116.309 39.8655
116.304 39.8671
116.306 39.8622
116.306 39.8622
116.306 39.8622
116.303 39.8598
116.312 39.8549
116.319 39.8487
116.321 39.8479
116.334 39.8474
116.334 39.8474
116.334 39.8474
116.334 39.8474
116.334 39.8474
116.334 39.8474
116.334 39.8474
116.334 39.8474
116.359 39.8526
116.367 39.8642
116.368 39.8669
116.393 39.8693
116.394 39.8386
116.397 39.8349
116.401 39.8397
116.397 39.8509
116.395 39.8543
116.395 39.8541
116.395 39.8541
116.395 39.8541
116.387 39.8558
116.387 39.8558
116.386 39.8558
116.33 39.8477
116.325 39.8477
116.309 39.8651
116.307 39.8664
116.307 39.8664
116.31 39.8569
116.33 39.8207
116.33 39.8163
116.33 39.8188
116.33 39.8188
116.334 39.8217
116.34 39.8368
116.383 39.8556
116.442 39.8577
116.455 39.8698
116.456 39.9121
116.456 39.9319
116.441 39.9323
116.441 39.9321
116.455 39.927
116.455 39.9244
116.455 39.8983
116.455 39.8915
116.455 39.8697
116.454 39.8677
116.441 39.8578
116.435 39.8577
116.421 39.8572
116.415 39.8709
116.413 39.8911
116.406 39.8977
116.405 39.9038
116.405 39.9074
116.405 39.9079
116.412 39.9018
116.412 39.9016
116.412 39.8961
116.405 39.8869
116.403 39.8868
116.392 39.8758
116.392 39.874
116.381 39.8559
116.381 39.8559
116.38 39.8426
116.38 39.8424
116.376 39.8307
116.376 39.8314
116.376 39.8314
116.378 39.8325
116.378 39.8325
116.378 39.8325
116.376 39.8309
116.376 39.8309
116.374 39.8305
116.373 39.8307
116.369 39.8436
116.368 39.8637
116.368 39.8767
116.367 39.8771
116.348 39.8764
116.347 39.8764
116.341 39.8677
116.342 39.8634
116.341 39.8565
116.341 39.8565
116.341 39.8565
116.341 39.8565
116.341 39.8565
116.341 39.8565
116.341 39.8565
116.341 39.8565
116.341 39.8565
116.341 39.8565
116.341 39.8565
116.341 39.8565
116.339 39.8494
116.335 39.8479
116.313 39.8543
116.308 39.8531
116.317 39.8499
116.333 39.8474
116.333 39.8474
116.361 39.8541
116.41 39.8557
116.455 39.8717
116.456 39.9114
116.456 39.9358
116.461 39.9681
116.506 40.0086
116.511 40.0132
116.523 40.0185
116.579 40.0465
116.586 40.0769
116.587 40.079
116.581 40.0749
116.581 40.0697
116.569 40.0635
116.564 40.0644
116.562 40.0697
116.564 40.0701
116.564 40.0614
116.566 40.0609
116.579 40.0596
116.581 40.0595
116.58 40.0478
116.579 40.0475
116.55 40.0281
116.536 40.0233
116.494 39.9975
116.484 39.9887
116.447 39.9565
116.454 39.9524
116.455 39.9512
116.456 39.9441
116.457 39.9441
116.457 39.9445
116.457 39.9445
116.457 39.9445
116.457 39.9445
116.455 39.9446
116.455 39.9432
116.455 39.9329
116.455 39.9329
116.455 39.9226
116.455 39.9226
116.455 39.9123
116.455 39.9123
116.431 39.9104
116.431 39.9104
116.444 39.912
116.445 39.912
116.455 39.9066
116.455 39.9056
116.466 39.8992
116.472 39.9033
116.456 39.906
116.455 39.9038
116.455 39.894
116.455 39.894
116.448 39.9072
116.436 39.9072
116.428 39.9072
116.42 39.9071
116.407 39.9074
116.407 39.9074
116.412 39.9075
116.412 39.9075
116.412 39.9004
116.412 39.9004
116.413 39.8925
116.419 39.8826
116.433 39.8727
116.442 39.8832
116.456 39.8855
116.456 39.8864
116.471 39.8901
116.471 39.8835
116.467 39.8832
116.456 39.8834
116.455 39.8772
116.455 39.8704
116.451 39.8639
116.447 39.8604
116.407 39.856
116.387 39.8559
116.387 39.8559
116.382 39.8648
116.387 39.884
116.387 39.884
116.369 39.8881
116.354 39.8881
116.328 39.8942
116.328 39.8942
116.323 39.9087
116.323 39.9091
116.338 39.9126
116.35 39.9109
116.35 39.9109
116.35 39.9109
116.35 39.9109
116.35 39.9109
116.35 39.9109
116.35 39.9109
116.35 39.9109
116.35 39.9109
116.35 39.9109
116.35 39.9099
116.328 39.9063
116.319 39.9062
116.29 39.9063
116.283 39.9063
116.192 39.9061
116.202 39.9061
116.227 39.9061
116.232 39.9061
116.251 39.9061
116.269 39.9281
116.282 39.956
116.313 39.9647
116.309 39.9649
116.303 39.9558
116.304 39.9338
116.304 39.9115
116.304 39.9004
116.304 39.9004
116.306 39.8724
116.316 39.8512
116.325 39.8475
116.336 39.8476
116.337 39.8669
116.331 39.869
116.322 39.8833
116.333 39.8885
116.343 39.8717
116.34 39.8501
116.339 39.823
116.34 39.8016
116.334 39.7771
116.336 39.7623
116.338 39.7425
116.342 39.7211
116.342 39.7211
116.342 39.7211
116.342 39.7211
116.34 39.7209
116.332 39.7235
116.332 39.7235
116.33 39.7236
116.33 39.7236
116.33 39.7236
116.33 39.7236
116.33 39.7236
116.33 39.7236
116.33 39.7236
116.33 39.7236
116.33 39.7236
116.33 39.7236
116.33 39.7236
116.33 39.7236
116.33 39.7236
116.33 39.7236
116.33 39.7236
116.33 39.7236
116.33 39.7236
116.33 39.7236
116.33 39.7236
116.33 39.7236
116.33 39.7236
116.33 39.7236
116.33 39.7236
116.33 39.7236
116.33 39.7236
116.33 39.7236
116.33 39.7236
116.33 39.7236
116.33 39.7236
116.33 39.7236
116.33 39.7236
116.33 39.7235
116.338 39.7206
116.342 39.7096
116.363 39.6899
116.367 39.6867
116.367 39.6866
116.367 39.6866
116.367 39.6866
116.367 39.6866
116.367 39.6866
116.367 39.6866
116.367 39.6866
116.367 39.6866
116.367 39.6866
116.367 39.6866
116.367 39.6866
116.367 39.6866
116.367 39.6866
116.367 39.6866
116.367 39.6866
116.367 39.6866
116.367 39.6866
116.367 39.6866
116.367 39.6866
116.367 39.6866
116.367 39.6866
116.367 39.6866
116.367 39.6866
116.367 39.6866
116.367 39.6865
116.367 39.6866
116.353 39.6966
116.339 39.7201
116.339 39.7211
116.339 39.7391
116.339 39.744
116.339 39.744
116.336 39.7741
116.336 39.7751
116.343 39.7896
116.342 39.7945
116.348 39.8296
116.354 39.8445
116.354 39.8445
116.358 39.8445
116.347 39.8446
116.341 39.8668
116.321 39.8758
116.32 39.8868
116.32 39.8878
116.32 39.8879
116.305 39.8787
116.305 39.8784
116.299 39.8784
116.301 39.8804
116.301 39.8805
116.305 39.8905
116.305 39.8908
116.307 39.8955
116.307 39.8955
116.338 39.8964
116.365 39.8983
116.377 39.8986
116.393 39.8988
116.405 39.9044
116.411 39.9092
116.411 39.9224
116.411 39.9224
116.411 39.9272
116.415 39.9322
116.42 39.9265
116.42 39.9172
116.42 39.9144
116.412 39.9143
116.412 39.9143
116.412 39.9093
116.412 39.9049
116.412 39.8959
116.411 39.8958
116.419 39.8962
116.409 39.8916
116.394 39.8853
116.39 39.885
116.39 39.885
116.371 39.8492
116.37 39.8461
116.371 39.8459
116.366 39.8493
116.368 39.8671
116.368 39.8678
116.368 39.8683
116.37 39.8693
116.343 39.8769
116.343 39.8839
116.345 39.8967
116.348 39.8969
116.35 39.9054
116.351 39.9073
116.351 39.9107
116.351 39.9109
116.35 39.9111
116.348 39.897
116.353 39.8671
116.406 39.8705
116.408 39.8642
116.408 39.8578
116.408 39.8566
116.402 39.8531
116.402 39.8536
116.403 39.8555
116.39 39.8558
116.341 39.8556
116.331 39.8669
116.328 39.8655
116.328 39.8656
116.335 39.8612
116.342 39.8595
116.342 39.8595
116.342 39.8593
116.342 39.8593
116.342 39.8593
116.342 39.8593
116.341 39.8573
116.338 39.849
116.34 39.8374
116.36 39.8297
116.381 39.8304
116.378 39.8327
116.378 39.8327
116.378 39.8327
116.378 39.8327
116.378 39.8327
116.378 39.8327
116.377 39.8321
116.373 39.8306
116.374 39.8444
116.374 39.8484
116.365 39.8494
116.364 39.8494
116.353 39.845
116.341 39.8528
116.324 39.8668
116.315 39.8683
116.31 39.8667
116.306 39.8705
116.306 39.8714
116.306 39.8732
116.312 39.8765
116.315 39.8854
116.316 39.8918
116.316 39.8919
116.305 39.8915
116.305 39.8932
116.316 39.895
116.314 39.896
116.304 39.8774
116.301 39.8797
116.301 39.8797
116.301 39.8799
116.305 39.8833
116.305 39.8836
116.318 39.8956
116.32 39.8956
116.323 39.904
116.323 39.9054
116.33 39.9023
116.336 39.8966
116.351 39.9003
116.351 39.9004
116.351 39.9094
116.351 39.909
116.354 39.9118
116.354 39.9123
116.362 39.9127
116.375 39.9129
116.376 39.9117
116.376 39.9086
116.377 39.9063
116.395 39.9063
116.41 39.9068
116.416 39.9062
116.421 39.9044
116.421 39.9044
116.415 39.9018
116.412 39.9061
116.412 39.9129
116.411 39.9283
116.425 39.9322
116.428 39.9319
116.432 39.9324
116.429 39.9324
116.437 39.9276
116.441 39.9216
116.444 39.9194
116.444 39.9128
116.444 39.9124
116.452 39.9122
116.452 39.9122
116.455 39.9121
116.463 39.9152
116.471 39.9142
116.474 39.9142
116.48 39.9142
116.5 39.9146
116.507 39.9149
116.512 39.9141
116.506 39.915
116.492 39.9146
116.479 39.9143
116.472 39.9123
116.472 39.9079
116.471 39.9035
116.469 39.8993
116.468 39.8992
116.468 39.892
116.457 39.8922
116.456 39.8922
116.455 39.874
116.455 39.8724
116.443 39.8703
116.439 39.8706
116.445 39.8703
116.44 39.8796
116.409 39.8708
116.382 39.8656
116.381 39.8751
116.381 39.88
116.379 39.8842
116.379 39.885
116.379 39.8871
116.379 39.8871
116.371 39.888
116.359 39.888
116.349 39.8884
116.346 39.8885
116.346 39.8885
116.342 39.8846
116.342 39.8846
116.344 39.8762
116.36 39.8769
116.368 39.8787
116.368 39.8874
116.368 39.8916
116.334 39.8885
116.322 39.8887
116.32 39.8824
116.319 39.8747
116.307 39.8618
116.296 39.8547
116.296 39.8547
116.307 39.8567
116.308 39.8567
116.334 39.8474
116.348 39.8636
116.348 39.8639
116.348 39.8761
116.388 39.8888
116.408 39.8959
116.41 39.8959
116.412 39.8925
116.415 39.8745
116.433 39.8652
116.436 39.8645
116.436 39.8645
116.433 39.8753
116.428 39.8825
116.424 39.8884
116.43 39.9
116.444 39.9071
116.452 39.9078
116.455 39.9036
116.455 39.8715
116.455 39.8715
116.469 39.8391
116.47 39.8379
116.477 39.8491
116.469 39.8568
116.453 39.8645
116.455 39.8694
116.455 39.8832
116.43 39.88
116.433 39.8733
116.423 39.8893
116.413 39.8952
116.406 39.8915
116.37 39.888
116.355 39.8949
116.349 39.8948
116.35 39.9072
116.367 39.9084
116.37 39.9085
116.352 39.9078
116.351 39.9098
116.351 39.9101
116.351 39.9112
116.351 39.9164
116.35 39.9198
116.35 39.9207
116.35 39.9212
116.35 39.9217
116.35 39.9222
116.35 39.9228
116.35 39.9287
116.35 39.9287
116.35 39.9288
116.35 39.9291
116.35 39.9294
116.35 39.9298
116.35 39.9303
116.35 39.9307
116.35 39.9312
116.35 39.9316
116.349 39.9404
116.349 39.941
116.36 39.9452
116.36 39.9452
116.361 39.9459
116.361 39.9459
116.362 39.9463
116.363 39.9467
116.365 39.947
116.365 39.9472
116.367 39.9473
116.368 39.9473
116.369 39.9474
116.37 39.9474
116.37 39.9473
116.371 39.9472
116.372 39.9472
116.372 39.9472
116.373 39.9471
116.373 39.947
116.374 39.947
116.374 39.9473
116.374 39.9485
116.374 39.949
116.374 39.9495
116.374 39.9498
116.375 39.95
116.375 39.95
116.378 39.95
116.378 39.95
116.378 39.95
116.378 39.95
116.378 39.95
116.378 39.95
116.378 39.95
116.379 39.95
116.379 39.95
116.38 39.95
116.38 39.95
116.381 39.95
116.382 39.95
116.382 39.95
116.383 39.95
116.384 39.95
116.384 39.95
116.385 39.95
116.385 39.95
116.385 39.95
116.385 39.95
116.387 39.9501
116.387 39.9501
116.387 39.9501
116.387 39.9501
116.387 39.95
116.387 39.9498
116.387 39.9494
116.387 39.9489
116.387 39.9482
116.387 39.9479
116.387 39.9477
116.387 39.9477
116.386 39.9477
116.386 39.9477
116.385 39.9477
116.384 39.9477
116.384 39.9477
116.383 39.9477
116.382 39.9477
116.381 39.9477
116.381 39.9477
116.379 39.9477
116.379 39.9477
116.378 39.9477
116.378 39.9477
116.377 39.9477
116.376 39.9477
116.375 39.9476
116.374 39.9476
116.373 39.9476
116.373 39.9476
116.372 39.9476
116.371 39.9476
116.371 39.9477
116.37 39.9476
116.368 39.9476
116.367 39.9475
116.366 39.9475
116.366 39.9475
116.365 39.9474
116.364 39.9472
116.364 39.947
116.363 39.9468
116.363 39.9466
116.362 39.9464
116.361 39.9459
116.359 39.9452
116.359 39.9452
116.358 39.945
116.358 39.9448
116.357 39.9447
116.357 39.9445
116.356 39.9443
116.355 39.9442
116.354 39.9438
116.353 39.9436
116.353 39.9434
116.352 39.9432
116.351 39.943
116.351 39.9428
116.349 39.9421
116.349 39.9416
116.349 39.9412
116.349 39.9407
116.349 39.9402
116.349 39.9398
116.348 39.9395
116.348 39.9393
116.347 39.9392
116.346 39.9392
116.346 39.9393
116.346 39.9393
116.346 39.9394
116.346 39.9396
116.346 39.9398
116.346 39.9404
116.346 39.9408
116.346 39.9398
116.346 39.9396
116.346 39.9393
116.346 39.9392
116.346 39.9392
116.346 39.9392
116.346 39.9392
116.346 39.9392
116.346 39.9392
116.346 39.9392
116.346 39.9392
116.346 39.9392
116.346 39.9391
116.345 39.939
116.345 39.9389
116.344 39.9388
116.344 39.9388
116.344 39.9388
116.343 39.9387
116.343 39.9387
116.343 39.9385
116.342 39.9384
116.341 39.9383
116.341 39.938
116.34 39.9378
116.34 39.9376
116.339 39.9375
116.339 39.9371
116.339 39.9367
116.339 39.936
116.339 39.936
116.338 39.936
116.338 39.936
116.338 39.936
116.338 39.936
116.338 39.936
116.338 39.9361
116.338 39.9361
116.337 39.9361
116.337 39.9361
116.336 39.9361
116.336 39.9361
116.335 39.936
116.334 39.936
116.334 39.9359
116.334 39.9359
116.333 39.9358
116.333 39.9357
116.332 39.9356
116.331 39.9355
116.331 39.9355
116.33 39.9354
116.329 39.9353
116.329 39.9352
116.328 39.9351
116.328 39.935
116.327 39.9311
116.328 39.9301
116.328 39.9283
116.328 39.9275
116.328 39.9275
116.328 39.9272
116.328 39.927
116.328 39.9269
116.328 39.9267
116.328 39.9263
116.328 39.9259
116.328 39.9256
116.328 39.9255
116.325 39.9254
116.325 39.9254
116.325 39.9254
116.324 39.9254
116.324 39.9255
116.324 39.9255
116.324 39.9255
116.324 39.9254
116.324 39.9254
116.324 39.9255
116.324 39.9256
116.324 39.9257
116.324 39.9265
116.324 39.9267
116.323 39.9268
116.323 39.9269
116.322 39.9268
116.322 39.9268
116.32 39.9269
116.32 39.9269
116.32 39.9269
116.32 39.9269
116.32 39.927
116.32 39.9287
116.32 39.9293
116.32 39.93
116.32 39.9304
116.32 39.9307
116.32 39.9308
116.32 39.9308
116.32 39.9308
116.32 39.9308
116.32 39.9308
116.32 39.9308
116.32 39.9308
116.32 39.9308
116.32 39.9308
116.32 39.9308
116.32 39.9308
116.32 39.9308
116.32 39.9309
116.32 39.9312
116.32 39.9317
116.32 39.9322
116.32 39.9327
116.32 39.9331
116.32 39.9331
116.32 39.9331
116.32 39.9331
116.32 39.9331
116.32 39.9331
116.32 39.9333
116.32 39.9335
116.32 39.9339
116.32 39.9346
116.32 39.9359
116.32 39.9371
116.32 39.9371
116.32 39.9371
116.32 39.9371
116.32 39.9372
116.32 39.9376
116.32 39.9381
116.319 39.9387
116.319 39.9395
116.319 39.9402
116.319 39.9409
116.319 39.9416
116.319 39.9423
116.319 39.943
116.319 39.9436
116.319 39.9444
116.319 39.945
116.319 39.9463
116.318 39.9476
116.318 39.9482
116.318 39.9489
116.318 39.9495
116.318 39.9499
116.318 39.9499
116.318 39.9499
116.318 39.9499
116.318 39.9499
116.318 39.9499
116.318 39.9499
116.318 39.9499
116.318 39.9499
116.318 39.9499
116.318 39.95
116.318 39.9502
116.318 39.9506
116.318 39.9512
116.318 39.9518
116.317 39.9543
116.317 39.9548
116.317 39.9552
116.318 39.9555
116.318 39.9555
116.319 39.9556
116.319 39.9556
116.32 39.9557
116.322 39.9558
116.322 39.9558
116.322 39.9558
116.323 39.9558
116.324 39.9559
116.325 39.9559
116.325 39.9559
116.325 39.9559
116.325 39.9559
116.325 39.9559
116.325 39.9559
116.325 39.9559
116.325 39.9559
116.325 39.9559
116.325 39.9559
116.325 39.9559
116.325 39.956
116.325 39.956
116.326 39.956
116.327 39.956
116.327 39.9561
116.328 39.9561
116.329 39.9561
116.329 39.9556
116.329 39.9542
116.329 39.9535
116.33 39.9521
116.33 39.9498
116.331 39.9493
116.331 39.9488
116.331 39.9484
116.331 39.9484
116.332 39.948
116.332 39.948
116.332 39.9477
116.333 39.9473
116.335 39.9462
116.335 39.9458
116.336 39.9455
116.338 39.9447
116.339 39.9445
116.34 39.9442
116.34 39.9441
116.341 39.944
116.341 39.9439
116.341 39.9439
116.341 39.9438
116.341 39.9438
116.341 39.9437
116.342 39.9435
116.342 39.9433
116.343 39.9432
116.343 39.9431
116.343 39.943
116.344 39.943
116.344 39.9428
116.345 39.9426
116.345 39.9424
116.345 39.942
116.345 39.9416
116.346 39.9413
116.346 39.9409
116.346 39.9405
116.346 39.9403
116.346 39.9401
116.346 39.9395
116.346 39.9391
116.346 39.9391
116.346 39.9391
116.346 39.9391
116.346 39.9391
116.346 39.9391
116.346 39.9391
116.346 39.9391
116.346 39.9391
116.346 39.9391
116.346 39.9391
116.346 39.9391
116.346 39.9391
116.346 39.9391
116.346 39.9391
116.346 39.9391
116.346 39.9391
116.346 39.9391
116.346 39.9391
116.346 39.9391
116.346 39.9391
116.346 39.9391
116.346 39.9391
116.346 39.9391
116.346 39.9391
116.346 39.9391
116.346 39.9391
116.346 39.9391
116.346 39.9391
116.346 39.9391
116.346 39.9391
116.346 39.9391
116.346 39.9391
116.346 39.9391
116.346 39.9391
116.346 39.9391
116.346 39.9391
116.346 39.9391
116.346 39.9391
116.346 39.9391
116.346 39.9391
116.346 39.9391
116.346 39.9391
116.346 39.9391
116.346 39.9391
116.346 39.9391
116.346 39.9391
116.346 39.9391
116.346 39.9391
116.346 39.9391
116.346 39.9391
116.346 39.9391
116.346 39.939
116.346 39.939
116.345 39.9389
116.345 39.9389
116.344 39.9388
116.344 39.9387
116.343 39.9386
116.343 39.9385
116.341 39.938
116.34 39.9378
116.339 39.9374
116.338 39.9373
116.337 39.9372
116.337 39.9372
116.335 39.9371
116.335 39.9371
116.334 39.9371
116.333 39.937
116.333 39.937
116.333 39.937
116.332 39.937
116.33 39.9369
116.328 39.9369
116.327 39.937
116.326 39.937
116.325 39.9371
116.325 39.9372
116.324 39.9372
116.323 39.9373
116.321 39.9374
116.318 39.9377
116.317 39.9377
116.316 39.9378
116.315 39.9379
116.314 39.938
116.313 39.9381
116.313 39.9382
116.311 39.9384
116.31 39.9389
116.309 39.9392
116.308 39.9395
116.308 39.9398
116.307 39.9401
116.306 39.9404
116.306 39.9406
116.305 39.9408
116.304 39.941
116.303 39.9415
116.304 39.9406
116.304 39.9401
116.304 39.9395
116.304 39.939
116.304 39.9384
116.304 39.938
116.304 39.9374
116.304 39.9368
116.304 39.936
116.304 39.9353
116.304 39.929
116.304 39.9282
116.304 39.9257
116.304 39.9248
116.304 39.924
116.304 39.9231
116.304 39.9224
116.304 39.9215
116.304 39.9207
116.304 39.9166
116.304 39.9159
116.304 39.9153
116.304 39.9145
116.304 39.9131
116.304 39.9123
116.304 39.9109
116.304 39.91
116.304 39.9098
116.304 39.9092
116.304 39.9086
116.304 39.9082
116.304 39.9078
116.304 39.9076
116.303 39.9074
116.303 39.907
116.302 39.9067
116.302 39.9057
116.302 39.9054
116.303 39.9051
116.303 39.9049
116.304 39.9042
116.304 39.9037
116.304 39.9032
116.304 39.9029
116.304 39.9027
116.304 39.9027
116.304 39.9027
116.304 39.9027
116.304 39.9027
116.304 39.9025
116.304 39.9025
116.304 39.9025
116.304 39.9025
116.304 39.9024
116.304 39.9021
116.304 39.9018
116.304 39.9013
116.304 39.9008
116.304 39.9002
116.304 39.8997
116.304 39.8992
116.304 39.8987
116.304 39.8981
116.304 39.8975
116.303 39.8971
116.303 39.8961
116.302 39.896
116.302 39.896
116.301 39.896
116.3 39.896
116.3 39.896
116.299 39.8961
116.298 39.896
116.294 39.896
116.293 39.896
116.293 39.8959
116.292 39.8959
116.291 39.896
116.29 39.896
116.29 39.896
116.289 39.8961
116.289 39.8962
116.289 39.8966
116.289 39.8971
116.289 39.8975
116.289 39.8979
116.289 39.8982
116.289 39.8986
116.289 39.8989
116.289 39.899
116.288 39.899
116.288 39.899
116.287 39.899
116.286 39.899
116.286 39.899
116.285 39.899
116.282 39.8991
116.282 39.8991
116.282 39.8991
116.282 39.8991
116.282 39.8991
116.282 39.8991
116.282 39.8991
116.282 39.8991
116.282 39.899
116.282 39.899
116.282 39.899
116.282 39.899
116.282 39.899
116.283 39.899
116.283 39.899
116.283 39.899
116.284 39.899
116.285 39.899
116.285 39.899
116.286 39.899
116.287 39.899
116.287 39.899
116.288 39.899
116.289 39.899
116.289 39.899
116.289 39.899
116.289 39.899
116.289 39.899
116.289 39.899
116.289 39.899
116.289 39.899
116.289 39.899
116.289 39.899
116.289 39.899
116.289 39.899
116.289 39.8988
116.289 39.8984
116.289 39.898
116.289 39.8976
116.29 39.8955
116.29 39.8956
116.291 39.8956
116.292 39.8956
116.293 39.8956
116.294 39.8956
116.295 39.8956
116.295 39.8956
116.296 39.8956
116.297 39.8956
116.298 39.8956
116.298 39.8956
116.299 39.8956
116.3 39.8955
116.301 39.8954
116.302 39.895
116.303 39.895
116.304 39.895
116.304 39.8948
116.304 39.8948
116.304 39.8945
116.304 39.8945
116.304 39.8935
116.304 39.8923
116.304 39.8918
116.304 39.8914
116.304 39.8912
116.304 39.8905
116.304 39.8899
116.304 39.8894
116.304 39.889
116.304 39.8885
116.304 39.8881
116.304 39.8877
116.304 39.8877
116.304 39.8876
116.304 39.8872
116.304 39.8867
116.304 39.8847
116.304 39.8831
116.304 39.8824
116.305 39.8817
116.305 39.8811
116.305 39.8804
116.305 39.8797
116.305 39.8789
116.305 39.8784
116.305 39.8779
116.305 39.8773
116.305 39.8768
116.305 39.8764
116.305 39.8761
116.305 39.8761
116.305 39.8761
116.305 39.8761
116.305 39.876
116.304 39.8759
116.304 39.8757
116.304 39.8755
116.304 39.8753
116.304 39.8751
116.304 39.875
116.304 39.8748
116.304 39.8747
116.304 39.8745
116.304 39.8745
116.304 39.8745
116.304 39.8745
116.304 39.8745
116.304 39.8745
116.304 39.8745
116.304 39.8745
116.304 39.8745
116.304 39.8745
116.304 39.8745
116.304 39.8745
116.304 39.8744
116.304 39.8743
116.304 39.8742
116.304 39.8741
116.304 39.874
116.304 39.874
116.304 39.8739
116.304 39.8738
116.304 39.8737
116.304 39.8737
116.304 39.8737
116.304 39.8737
116.304 39.8737
116.304 39.8737
116.305 39.8737
116.305 39.8736
116.305 39.8736
116.305 39.8736
116.305 39.8736
116.305 39.8733
116.305 39.8733
116.305 39.8733
116.305 39.8733
116.305 39.8733
116.305 39.8733
116.305 39.8733
116.305 39.8733
116.305 39.8733
116.305 39.8733
116.305 39.8733
116.305 39.8733
116.305 39.8733
116.305 39.8733
116.305 39.8731
116.305 39.8729
116.305 39.8725
116.305 39.8719
116.306 39.8713
116.306 39.8707
116.306 39.8702
116.305 39.8696
116.305 39.8691
116.305 39.8685
116.305 39.8679
116.304 39.8674
116.304 39.8669
116.303 39.8665
116.303 39.8661
116.304 39.8656
116.304 39.8656
116.304 39.8656
116.304 39.8656
116.304 39.8656
116.304 39.8656
116.304 39.8656
116.304 39.8654
116.304 39.8654
116.304 39.8653
116.304 39.8652
116.305 39.865
116.305 39.8648
116.305 39.8646
116.306 39.8643
116.306 39.8641
116.306 39.8638
116.306 39.8635
116.306 39.8632
116.307 39.8628
116.307 39.8625
116.307 39.8621
116.307 39.8617
116.307 39.8613
116.307 39.8608
116.307 39.8604
116.308 39.86
116.308 39.8597
116.308 39.8592
116.309 39.8588
116.309 39.8583
116.309 39.8578
116.31 39.8574
116.31 39.8571
116.31 39.8571
116.31 39.8571
116.31 39.8571
116.31 39.8571
116.31 39.8571
116.31 39.8571
116.31 39.8571
116.31 39.8571
116.31 39.8571
116.31 39.8571
116.31 39.8571
116.31 39.8571
116.31 39.8571
116.31 39.8571
116.31 39.8571
116.31 39.8571
116.31 39.857
116.31 39.8568
116.311 39.8565
116.311 39.8561
116.311 39.8556
116.312 39.8551
116.312 39.8546
116.313 39.8543
116.313 39.8539
116.314 39.8535
116.314 39.8531
116.314 39.8527
116.315 39.8522
116.315 39.8518
116.315 39.8518
116.315 39.8513
116.315 39.8513
116.316 39.8509
116.316 39.8505
116.317 39.8502
116.317 39.8498
116.318 39.8495
116.318 39.8492
116.319 39.8489
116.319 39.8486
116.32 39.8484
116.321 39.8481
116.321 39.8479
116.322 39.8478
116.323 39.8475
116.326 39.8475
116.327 39.8475
116.327 39.8475
116.327 39.8475
116.327 39.8475
116.327 39.8475
116.327 39.8475
116.327 39.8475
116.327 39.8475
116.328 39.8474
116.329 39.8474
116.33 39.8474
116.331 39.8474
116.331 39.8474
116.332 39.8474
116.333 39.8474
116.334 39.8474
116.335 39.8474
116.335 39.8475
116.337 39.8475
116.337 39.8475
116.339 39.8468
116.339 39.8467
116.339 39.8466
116.339 39.8466
116.339 39.8466
116.339 39.8466
116.339 39.8466
116.339 39.8466
116.339 39.8466
116.339 39.8466
116.339 39.8466
116.339 39.8466
116.339 39.8466
116.339 39.8466
116.339 39.8466
116.339 39.8466
116.339 39.8466
116.339 39.8466
116.339 39.8466
116.339 39.8466
116.339 39.8466
116.339 39.8466
116.339 39.8466
116.339 39.8466
116.339 39.8466
116.339 39.8466
116.339 39.8466
116.339 39.8466
116.339 39.8466
116.339 39.8466
116.339 39.8466
116.339 39.8466
116.339 39.8466
116.339 39.8466
116.339 39.8466
116.339 39.8466
116.339 39.8466
116.339 39.8466
116.339 39.8466
116.339 39.8466
116.339 39.8466
116.339 39.8466
116.339 39.8466
116.339 39.8466
116.339 39.8466
116.339 39.8466
116.339 39.8466
116.339 39.8466
116.339 39.8466
116.339 39.8466
116.339 39.8466
116.342 39.7211
116.342 39.7211
116.353 39.6964
116.354 39.6963
116.367 39.6866
116.367 39.6866
116.367 39.6866
116.367 39.6866
116.439 39.8528
116.439 39.8528
116.367 39.6866
116.367 39.6866
116.367 39.6866
116.367 39.6866
116.367 39.6866
116.367 39.6866
116.367 39.6866
116.367 39.6866
116.367 39.6866
116.367 39.6866
116.367 39.6866
116.367 39.6866
116.367 39.6866
116.367 39.6866
116.367 39.6866
116.367 39.6865
116.367 39.6865
116.367 39.6865
116.367 39.6865
116.367 39.6865
116.367 39.6865
116.367 39.6865
116.367 39.6865
116.368 39.6849
116.35 39.6973
116.338 39.7169
116.34 39.7243
116.339 39.7452
116.337 39.764
116.338 39.7767
116.343 39.7888
116.339 39.811
116.34 39.8272
116.353 39.8377
116.353 39.843
116.353 39.8443
116.353 39.8496
116.38 39.8555
116.38 39.8555
116.381 39.8768
116.381 39.8787
116.375 39.8811
116.375 39.8806
116.391 39.8693
116.387 39.8558
116.382 39.8558
116.409 39.8556
116.409 39.8559
116.397 39.8558
116.387 39.8559
116.387 39.8559
116.387 39.8559
116.387 39.8559
116.387 39.8559
116.386 39.8558
116.334 39.8477
116.304 39.8568
116.291 39.8527
116.291 39.8527
116.291 39.8527
116.304 39.8567
116.305 39.858
116.306 39.8568
116.321 39.848
116.33 39.8475
116.341 39.8479
116.364 39.8685
116.376 39.8693
116.381 39.8607
116.381 39.8597
116.388 39.8559
116.388 39.8559
116.388 39.8559
116.387 39.8559
116.368 39.8559
116.368 39.8559
116.368 39.8559
116.368 39.8559
116.368 39.8559
116.368 39.8559
116.368 39.8559
116.368 39.8559
116.359 39.8517
116.355 39.849
116.416 39.9014
116.437 39.8969
116.438 39.8889
116.455 39.8828
116.455 39.8762
116.453 39.8658
116.451 39.8622
116.455 39.8724
116.463 39.9069
116.492 39.9066
116.5 39.908
116.5 39.908
116.492 39.907
116.486 39.907
116.456 39.9073
116.455 39.9062
116.455 39.8796
116.455 39.877
116.452 39.8647
116.449 39.8627
116.417 39.8567
116.417 39.8565
116.409 39.8559
116.409 39.8559
116.358 39.8663
116.359 39.864
116.343 39.874
116.35 39.8974
116.351 39.9076
116.341 39.9171
116.34 39.9171
116.343 39.917
116.35 39.9104
116.35 39.9067
116.356 39.8978
116.347 39.8883
116.347 39.8805
116.345 39.8764
116.342 39.8683
116.341 39.8577
116.334 39.8479
116.335 39.8475
116.34 39.8385
116.348 39.8413
116.348 39.8413
116.353 39.84
116.353 39.84
116.351 39.8446
116.34 39.8451
116.339 39.8248
116.34 39.7997
116.342 39.7893
116.335 39.7736
116.336 39.7621
116.338 39.7475
116.339 39.7321
116.339 39.7319
116.34 39.7256
116.337 39.7141
116.344 39.7058
116.351 39.6971
116.351 39.6971
116.351 39.6971
116.351 39.6971
116.351 39.6971
116.351 39.6971
116.351 39.6971
116.351 39.6971
116.351 39.6971
116.351 39.6971
116.351 39.6971
116.351 39.6971
116.351 39.6971
116.367 39.6866
116.367 39.6866
116.268 39.9404
116.367 39.6865
116.367 39.6865
116.367 39.6865
116.367 39.6865
116.367 39.6865
116.367 39.6865
116.365 39.6837
116.363 39.6841
116.363 39.6841
116.368 39.6842
116.369 39.6866
116.367 39.6866
116.367 39.6865
116.367 39.6865
116.367 39.6865
116.367 39.6865
116.367 39.6865
116.367 39.6865
116.367 39.6865
116.367 39.6865
116.367 39.6865
116.367 39.6865
116.367 39.6865
116.367 39.6865
116.367 39.6865
116.367 39.6865
116.367 39.6865
116.367 39.6865
116.367 39.6865
116.367 39.6865
116.367 39.6865
116.367 39.6865
116.367 39.6865
116.367 39.6865
116.367 39.6865
116.367 39.6866
116.367 39.6866
116.367 39.6867
116.365 39.6899
116.357 39.6955
116.342 39.7105
116.34 39.7218
116.34 39.7332
116.339 39.7471
116.337 39.7615
116.336 39.7739
116.342 39.7908
116.34 39.8023
116.341 39.8276
116.353 39.8324
116.353 39.843
116.353 39.843
116.353 39.8434
116.361 39.8445
116.361 39.8445
116.373 39.8491
116.381 39.8494
116.384 39.8595
116.388 39.8576
116.38 39.8634
116.378 39.8617
116.378 39.857
116.378 39.857
116.381 39.8569
116.382 39.853
116.382 39.8524
116.383 39.8536
116.394 39.8434
116.398 39.8339
116.398 39.8339
116.398 39.8339
116.397 39.8498
116.396 39.8531
116.381 39.856
116.381 39.8744
116.381 39.8749
116.388 39.8849
116.392 39.885
116.407 39.8958
116.411 39.8957
116.417 39.8957
116.43 39.9058
116.455 39.9203
116.456 39.9457
116.453 39.9477
116.453 39.9475
116.455 39.934
116.455 39.9307
116.455 39.9186
116.455 39.9122
116.453 39.9077
116.456 39.9066
116.472 39.9042
116.472 39.8996
116.47 39.8922
116.471 39.8835
116.474 39.8694
116.474 39.8686
116.471 39.8826
116.48 39.8992
116.48 39.8986
116.483 39.8926
116.481 39.8616
116.455 39.8738
116.447 39.9071
116.401 39.9067
116.364 39.9059
116.34 39.9125
116.321 39.9096
116.32 39.9097
116.307 39.896
116.306 39.896
116.316 39.892
116.316 39.892
116.32 39.8829
116.32 39.8828
116.318 39.8748
116.309 39.8866
116.304 39.8935
116.303 39.8881
116.295 39.8834
116.293 39.8834
116.297 39.8885
116.307 39.8842
116.313 39.8869
116.32 39.8841
116.32 39.8825
116.321 39.877
116.33 39.8759
116.335 39.8818
116.336 39.8959
116.339 39.9122
116.346 39.901
116.346 39.901
116.347 39.8906
116.347 39.8897
116.347 39.8877
116.365 39.8982
116.378 39.9001
116.378 39.8908
116.378 39.8891
116.38 39.8818
116.381 39.8802
116.449 39.875
116.458 39.8749
116.455 39.8719
116.455 39.8763
116.439 39.8575
116.409 39.8558
116.377 39.8559
116.347 39.8503
116.339 39.8076
116.342 39.791
116.335 39.7782
116.336 39.7628
116.338 39.7465
116.339 39.7332
116.339 39.7211
116.342 39.7211
116.342 39.7211
116.34 39.7204
116.34 39.7148
116.365 39.6925
116.365 39.6874
116.367 39.6866
116.367 39.6866
116.367 39.6866
116.367 39.6866
116.367 39.6866
116.367 39.6866
116.367 39.6866
116.367 39.6866
116.367 39.6866
116.367 39.6866
116.367 39.6866
116.367 39.6866
116.367 39.6866
116.367 39.6866
116.367 39.6866
116.367 39.6866
116.367 39.6866
116.367 39.6866
116.367 39.6866
116.367 39.6866
116.367 39.6866
116.369 39.6872
116.369 39.6871
116.369 39.6871
116.369 39.6871
116.369 39.6871
116.369 39.6871
116.369 39.6871
116.369 39.6871
116.369 39.6871
116.369 39.6871
116.369 39.6871
116.369 39.6871
116.369 39.6871
116.369 39.6871
116.369 39.6871
116.369 39.6871
116.369 39.6871
116.369 39.6871
116.369 39.6871
116.369 39.6871
116.369 39.6871
116.369 39.6871
116.369 39.6871
116.369 39.6871
116.369 39.6871
116.369 39.6871
116.369 39.6871
116.369 39.6871
116.367 39.6866
116.367 39.6866
116.363 39.6906
116.354 39.6964
116.339 39.721
116.34 39.7265
116.339 39.7219
116.339 39.7209
116.349 39.6983
116.36 39.6939
116.366 39.6878
116.366 39.6878
116.366 39.6878
116.366 39.6878
116.366 39.6878
116.366 39.6878
116.366 39.6878
116.366 39.6878
116.367 39.6881
116.387 39.6729
116.387 39.6729
116.395 39.669
116.405 39.6638
116.405 39.6638
116.407 39.6638
116.407 39.6638
116.409 39.6413
116.409 39.6326
116.41 39.5997
116.413 39.5915
116.42 39.5756
116.42 39.5756
116.42 39.5756
116.42 39.5756
116.42 39.5756
116.42 39.5756
116.42 39.5756
116.42 39.5756
116.42 39.5756
116.42 39.5756
116.42 39.5756
116.42 39.5756
116.42 39.5756
116.42 39.5756
116.42 39.5756
116.42 39.5756
116.42 39.5756
116.42 39.5756
116.42 39.5756
116.42 39.5756
116.42 39.5756
116.42 39.5756
116.42 39.5756
116.42 39.5756
116.42 39.5756
116.42 39.5756
116.42 39.5755
116.42 39.5755
116.42 39.5755
116.42 39.5755
116.42 39.5755
116.42 39.5755
116.42 39.5755
116.42 39.5755
116.42 39.5755
116.42 39.5755
116.42 39.5755
116.42 39.5755
116.42 39.5755
116.42 39.5755
116.42 39.5755
116.42 39.5755
116.42 39.5755
116.42 39.5755
116.42 39.5755
116.42 39.5755
116.42 39.5755
116.42 39.5755
116.42 39.5755
116.42 39.5755
116.42 39.5755
116.42 39.5755
116.42 39.5755
116.42 39.5755
116.42 39.5755
116.42 39.5755
116.42 39.5755
116.42 39.5755
116.42 39.5755
116.42 39.5755
116.42 39.5755
116.42 39.5755
116.42 39.5755
116.42 39.5755
116.42 39.5755
116.42 39.5755
116.42 39.5755
116.42 39.5755
116.42 39.5755
116.42 39.5755
116.42 39.5755
116.42 39.5755
116.42 39.5755
