116.303 39.962
116.296 39.9713
116.296 39.9713
116.293 39.961
116.285 39.9567
116.283 39.9563
116.29 39.9573
116.3 39.96
116.304 39.9616
116.327 39.966
116.33 39.9678
116.33 39.9681
116.33 39.9683
116.33 39.9683
116.33 39.9683
116.33 39.9683
116.33 39.9683
116.33 39.9683
116.33 39.9683
116.33 39.9683
116.33 39.9683
116.33 39.9683
116.33 39.9683
116.33 39.9683
116.33 39.9683
116.33 39.9683
116.33 39.9683
116.33 39.9683
116.33 39.9683
116.33 39.9683
116.33 39.9683
116.33 39.9683
116.33 39.9683
116.33 39.9683
116.33 39.9683
116.33 39.9683
116.33 39.9683
116.33 39.9683
116.33 39.9683
116.33 39.9683
116.33 39.9683
116.33 39.9683
116.33 39.9683
116.33 39.9683
116.328 39.9685
116.328 39.971
116.328 39.971
116.332 39.9727
116.323 39.9753
116.314 39.9686
116.303 39.9519
116.304 39.9398
116.304 39.9282
116.312 39.9222
116.317 39.9222
116.32 39.9355
116.33 39.9368
116.352 39.9429
116.386 39.9473
116.388 39.9474
116.396 39.9501
116.393 39.9521
116.39 39.9677
116.38 39.9671
116.375 39.9671
116.348 39.9832
116.331 39.9916
116.331 39.989
116.331 39.989
116.334 39.9978
116.336 39.9993
116.346 39.9997
116.343 39.9997
116.334 39.9917
116.333 39.9917
116.327 39.986
116.327 39.9784
116.328 39.9628
116.331 39.9564
116.341 39.9568
116.355 39.9566
116.364 39.9513
116.376 39.9473
116.376 39.9473
116.394 39.9474
116.402 39.9416
116.402 39.9408
116.402 39.9405
116.405 39.9395
116.402 39.955
116.41 39.9606
116.417 39.9624
116.417 39.961
116.415 39.9608
116.412 39.9636
116.412 39.965
116.412 39.9664
116.406 39.9677
116.381 39.9671
116.363 39.9668
116.36 39.9708
116.36 39.9708
116.348 39.9749
116.333 39.9752
116.32 39.9797
116.311 39.9816
116.311 39.9821
116.311 39.9834
116.342 39.9851
116.35 39.9921
116.363 39.9884
116.363 39.9869
116.359 39.9881
116.359 39.9881
116.359 39.9881
116.359 39.9921
116.357 40.0001
116.337 39.9995
116.345 39.9996
116.334 39.9994
116.347 39.9945
116.35 39.9921
116.359 39.9917
116.359 39.9962
116.359 39.9998
116.339 39.9994
116.347 39.9847
116.349 39.9411
116.349 39.9411
116.349 39.9411
116.327 39.9371
116.326 39.9372
116.319 39.9337
116.306 39.9322
116.311 39.9556
116.316 39.9655
116.318 39.9656
116.326 39.9664
116.304 39.9389
116.291 39.9229
116.299 39.9209
116.307 39.9269
116.315 39.927
116.32 39.9333
116.35 39.9384
116.35 39.9507
116.357 39.9513
116.357 39.9513
116.349 39.9616
116.349 39.9634
116.352 39.9736
116.352 39.9736
116.352 39.9736
116.35 39.9736
116.338 39.9666
116.338 39.9666
116.33 39.9665
116.317 39.966
116.308 39.9633
116.303 39.9538
116.303 39.9538
116.303 39.9538
116.303 39.9553
116.297 39.9603
116.273 39.971
116.264 39.9685
116.268 39.9684
116.3 39.9838
116.37 39.9861
116.411 39.9802
116.418 39.9873
116.428 39.9875
116.425 39.9821
116.414 39.9822
116.414 39.9877
116.358 39.9859
116.294 39.9814
116.304 39.9398
116.304 39.9491
116.304 39.9495
116.304 39.9495
116.304 39.9394
116.304 39.9394
116.304 39.9389
116.311 39.9532
116.311 39.9535
116.315 39.9665
116.315 39.967
116.322 39.9657
116.322 39.9657
116.359 39.9663
116.432 39.9671
116.478 39.9215
116.49 39.9171
116.487 39.9144
116.487 39.9144
116.486 39.9143
116.464 39.9152
116.447 39.9216
116.449 39.9325
116.51 39.9388
116.508 39.9449
116.509 39.9387
116.484 39.9325
116.467 39.9326
116.455 39.9325
116.45 39.9325
116.45 39.9325
116.45 39.9325
116.45 39.9325
116.449 39.9325
116.449 39.9325
116.449 39.9325
116.449 39.9325
116.45 39.9324
116.449 39.9325
116.449 39.9325
116.449 39.9325
116.449 39.9352
116.454 39.9473
116.454 39.9478
116.452 39.9475
116.462 39.9602
116.462 39.9602
116.462 39.9601
116.462 39.9606
116.49 39.995
116.49 39.995
116.492 39.998
116.498 40.0029
116.483 40.0014
116.476 40.0006
116.462 39.9938
116.469 39.9849
116.469 39.9849
116.469 39.9849
116.463 39.9795
116.472 39.9773
116.526 40.0197
116.578 40.0459
116.58 40.0475
116.586 40.0535
116.581 40.0701
116.581 40.0781
116.584 40.0524
116.579 40.0469
116.537 40.0236
116.513 40.0146
116.492 39.9965
116.475 39.9808
116.449 39.9795
116.445 39.9732
116.416 39.968
116.397 39.9676
116.388 39.9705
116.393 39.9674
116.393 39.9674
116.388 39.9618
116.406 39.9676
116.445 39.9814
116.457 39.9977
116.452 39.9996
116.461 40.0002
116.462 39.9933
116.464 39.9839
116.469 39.9848
116.462 39.994
116.462 40.0012
116.467 40.0007
116.466 39.9935
116.462 39.9787
116.464 39.9629
116.337 39.8885
116.46 39.9584
116.471 39.9685
116.476 39.9698
116.484 39.9204
116.464 39.9084
116.464 39.9084
116.463 39.9098
116.472 39.9142
116.475 39.9142
116.49 39.9217
116.493 39.9218
116.497 39.9304
116.48 39.9218
116.48 39.8517
116.421 39.831
116.395 39.8249
116.396 39.8098
116.39 39.7951
116.391 39.7908
116.393 39.7908
116.389 39.8006
116.395 39.8017
116.396 39.8122
116.396 39.8159
116.397 39.8307
116.394 39.863
116.415 39.8693
116.421 39.8979
116.417 39.9022
116.418 39.9032
116.421 39.9063
116.421 39.9063
116.421 39.9109
116.421 39.9135
116.422 39.9279
116.426 39.928
116.428 39.9189
116.429 39.9069
116.429 39.9069
116.468 39.9072
116.464 39.9075
116.471 39.9123
116.472 39.914
116.484 39.9258
116.484 39.9322
116.484 39.9442
116.484 39.9508
116.476 39.9563
116.476 39.9569
116.472 39.9584
116.472 39.9584
116.472 39.9584
116.472 39.9584
116.472 39.9584
116.472 39.9584
116.472 39.9584
116.472 39.9584
116.472 39.9584
116.472 39.9584
116.472 39.9584
116.472 39.9584
116.472 39.9584
116.472 39.9584
116.472 39.9584
116.472 39.9584
116.472 39.9584
116.472 39.9584
116.472 39.9584
116.472 39.9584
116.472 39.9584
116.472 39.9584
116.472 39.9584
116.472 39.9584
116.472 39.9584
116.472 39.9584
116.472 39.9584
116.472 39.9584
116.472 39.9584
116.472 39.9584
116.472 39.9584
116.472 39.9584
116.472 39.9584
116.472 39.9584
116.472 39.9584
116.472 39.9584
116.472 39.9584
116.472 39.9584
116.472 39.9584
116.472 39.9584
116.472 39.9584
116.472 39.9584
116.472 39.9584
116.472 39.9584
116.472 39.9584
116.472 39.9584
116.472 39.9584
116.472 39.9584
116.472 39.9584
116.472 39.9584
116.472 39.9584
116.472 39.9584
116.472 39.9584
116.472 39.9584
116.472 39.9584
116.472 39.9584
116.472 39.9584
116.47 39.9578
116.469 39.9552
116.484 39.9498
116.477 39.9042
116.437 39.8929
116.424 39.8937
116.424 39.8937
116.419 39.9034
116.419 39.9034
116.421 39.9035
116.421 39.9035
116.43 39.9032
116.453 39.892
116.466 39.892
116.472 39.898
116.472 39.9014
116.472 39.9025
116.472 39.9069
116.472 39.9144
116.456 39.9181
116.456 39.9282
116.455 39.9283
116.455 39.9283
116.455 39.9243
116.446 39.922
116.444 39.9269
116.444 39.938
116.458 39.9487
116.483 39.9573
116.487 39.9579
116.479 39.96
116.484 39.9363
116.494 39.9144
116.508 39.915
116.511 39.9153
116.517 39.9158
116.524 39.9094
116.523 39.9021
116.524 39.9067
116.516 39.913
116.512 39.9068
116.491 39.9071
116.485 39.9145
116.484 39.9192
116.484 39.9293
116.49 39.961
116.483 39.9576
116.467 39.9515
116.455 39.9427
116.439 39.9399
116.429 39.9397
116.428 39.9328
116.423 39.9397
116.424 39.9432
116.45 39.9399
116.467 39.9517
116.483 39.9573
116.487 39.9579
116.493 39.9597
116.494 39.9598
116.494 39.9598
116.494 39.9598
116.494 39.9598
116.494 39.9598
116.494 39.9598
116.494 39.9598
116.494 39.9597
116.494 39.9598
116.494 39.9598
116.491 39.9606
116.49 39.9614
116.483 39.9572
116.477 39.9551
116.476 39.9566
116.476 39.9566
116.476 39.9566
116.476 39.9566
116.476 39.9566
116.476 39.9566
116.476 39.9567
116.467 39.947
116.472 39.9254
116.471 39.9072
116.472 39.9083
116.472 39.9075
116.519 39.9076
116.557 39.908
116.575 39.913
116.562 39.9148
116.559 39.915
116.543 39.9149
116.527 39.9157
116.524 39.9066
116.513 39.9051
116.49 39.9041
116.486 39.9077
116.476 39.9072
116.472 39.9072
116.455 39.8976
116.449 39.8976
116.445 39.8977
116.442 39.898
116.439 39.8936
116.439 39.8936
116.439 39.8936
116.439 39.8936
116.439 39.8936
116.439 39.8936
116.435 39.8913
116.435 39.8913
116.437 39.8974
116.428 39.9434
116.402 39.9588
116.401 39.9815
116.409 39.9946
116.409 39.9907
116.409 39.9907
116.409 39.9907
116.41 39.9937
116.497 39.9303
116.496 39.9241
116.476 39.9144
116.471 39.9217
116.467 39.927
116.459 39.9277
116.456 39.9278
116.456 39.9278
116.456 39.9278
116.456 39.9277
116.456 39.9277
116.456 39.9277
116.456 39.9277
116.456 39.9277
116.456 39.9277
116.456 39.9277
116.456 39.9277
116.451 39.9295
116.45 39.9296
116.449 39.932
116.449 39.932
116.449 39.9321
116.428 39.9198
116.428 39.9178
116.414 39.9159
116.411 39.9173
116.405 39.9189
116.394 39.9221
116.388 39.9404
116.388 39.9404
116.375 39.967
116.365 39.9668
116.347 39.9665
116.347 39.9623
116.341 39.9484
116.337 39.9471
116.342 39.9488
116.342 39.9488
116.342 39.9488
116.342 39.9488
116.342 39.9488
116.342 39.9487
116.342 39.9487
116.342 39.9487
116.342 39.9487
116.342 39.9487
116.342 39.9487
116.342 39.9487
116.342 39.9487
116.346 39.9392
116.348 39.9363
116.359 39.9226
116.357 39.9225
116.349 39.9222
116.354 39.9202
116.354 39.9133
116.354 39.9132
116.354 39.9129
116.354 39.9129
116.354 39.913
116.354 39.9132
116.354 39.9132
116.354 39.9132
116.354 39.9131
116.354 39.9132
116.354 39.913
116.354 39.913
116.354 39.913
116.354 39.913
116.354 39.913
116.354 39.913
116.354 39.913
116.354 39.913
116.354 39.913
116.354 39.913
116.354 39.913
116.354 39.913
116.354 39.9128
116.349 39.9059
116.338 39.9061
116.315 39.899
116.31 39.896
116.268 39.8975
116.259 39.896
116.259 39.8919
116.259 39.8914
116.259 39.8942
116.258 39.8937
116.258 39.8937
116.258 39.8937
116.258 39.8937
116.256 39.894
116.256 39.894
116.256 39.894
116.256 39.894
116.256 39.894
116.256 39.894
116.256 39.894
116.256 39.894
116.254 39.8936
116.254 39.8936
116.259 39.9053
116.272 39.9062
116.31 39.9062
116.327 39.9061
116.389 39.9061
116.397 39.9063
116.427 39.9071
116.43 39.9093
116.44 39.9486
116.45 39.9552
116.462 39.9602
116.462 39.9602
116.462 39.9601
116.462 39.9602
116.483 39.979
116.484 39.9837
116.488 39.9937
116.488 39.9937
116.488 39.9937
116.488 39.9937
116.488 39.9937
116.488 39.9937
116.488 39.9937
116.488 39.9937
116.502 40.0067
116.507 40.011
116.506 40.0111
116.506 40.0111
116.506 40.0111
116.506 40.0111
116.506 40.0111
116.506 40.0111
116.506 40.0111
116.506 40.0111
116.506 40.0111
116.506 40.0111
116.506 40.0111
116.506 40.0111
116.506 40.0111
116.506 40.0111
116.506 40.0111
116.506 40.0111
116.506 40.0111
116.506 40.0111
116.506 40.0111
116.506 40.0111
116.506 40.0111
116.506 40.0111
116.501 40.0058
116.495 40.0018
116.461 40.0074
116.461 40.0002
116.444 39.9757
116.429 39.9685
116.46 40.0138
116.51 40.0123
116.57 40.0374
116.578 40.0461
116.584 40.055
116.583 40.0659
116.585 40.0768
116.587 40.0783
116.583 40.0624
116.581 40.0488
116.535 40.0229
116.517 40.0167
116.481 39.9871
116.479 39.9897
116.46 39.9873
116.46 39.9873
116.457 39.9851
116.461 39.9787
116.461 39.9787
116.46 39.979
116.46 39.979
116.46 39.979
116.46 39.979
116.466 39.9823
116.481 39.988
116.494 39.9867
116.484 39.9867
116.482 39.9876
116.473 39.9939
116.466 39.9996
116.466 39.9996
116.466 39.9996
116.466 39.999
116.467 39.9974
116.467 39.9974
116.467 39.9974
116.467 39.9974
116.464 39.9917
116.461 39.9784
116.45 39.9591
116.445 39.9589
116.45 39.9552
116.455 39.9329
116.474 39.9323
116.485 39.9123
116.485 39.9123
116.484 39.9132
116.484 39.9214
116.473 39.927
116.488 39.9205
116.49 39.9171
116.482 39.9143
116.468 39.9147
116.463 39.9178
116.461 39.9225
116.461 39.9243
116.461 39.9272
116.462 39.9284
116.461 39.9319
116.458 39.9326
116.458 39.9326
116.446 39.9324
116.438 39.9324
116.438 39.9389
116.434 39.9399
116.428 39.9434
116.434 39.9589
116.433 39.959
116.433 39.9605
116.44 39.9556
116.44 39.9555
116.428 39.9532
116.428 39.9532
116.428 39.9152
116.428 39.9152
116.429 39.9582
116.44 39.9623
116.439 39.9631
116.448 39.9786
116.469 39.9958
116.468 39.9967
116.473 40.0128
116.473 40.0123
116.475 40.014
116.474 40.0125
116.461 40.0183
116.442 40.0221
116.442 40.0221
116.441 40.031
116.412 40.0302
116.412 40.0283
116.407 40.0658
116.407 40.0658
116.407 40.0658
116.407 40.0658
116.407 40.0658
116.407 40.0658
116.407 40.0658
116.407 40.0658
116.407 40.0658
116.407 40.0658
116.407 40.0658
116.407 40.0658
116.408 40.0656
116.407 40.0598
116.407 40.0575
116.406 40.0444
116.407 40.0427
116.411 40.0175
116.408 39.9989
116.408 39.9989
116.401 39.9883
116.411 39.9808
116.418 39.972
116.419 39.9684
116.419 39.9684
116.417 39.9607
116.42 39.9606
116.412 39.9579
116.407 39.9577
116.412 39.9595
116.413 39.9577
116.414 39.9577
116.418 39.9578
116.423 39.961
116.408 39.9579
116.407 39.9579
116.408 39.9607
116.408 39.9607
116.41 39.9607
116.418 39.9608
116.419 39.9609
116.419 39.969
116.418 39.9707
116.418 39.9801
116.418 39.9817
116.408 39.982
116.404 39.9821
116.402 39.9924
116.402 39.9935
116.401 39.9923
116.401 39.9922
116.4 39.9908
116.4 39.9908
116.395 39.9886
116.395 39.9886
116.395 39.9886
116.395 39.9886
116.396 39.9886
116.396 39.9886
116.396 39.9886
116.396 39.9886
116.401 39.9744
116.402 39.9583
116.402 39.9483
116.389 39.9507
116.391 39.9652
116.391 39.9653
116.399 39.9588
116.399 39.9588
116.414 39.9479
116.465 39.9711
116.526 40.0195
116.584 40.0537
116.586 40.0788
116.582 40.0793
116.582 40.0681
116.577 40.0628
116.577 40.0628
116.563 40.0677
116.567 40.0705
116.565 40.0708
116.565 40.0708
116.565 40.0708
116.565 40.0708
116.565 40.0708
116.565 40.0708
116.565 40.0708
116.565 40.0708
116.565 40.0708
116.565 40.0708
116.565 40.0708
116.565 40.0708
116.565 40.0708
116.565 40.0708
116.565 40.0708
116.565 40.0708
116.565 40.0708
116.565 40.0708
116.565 40.0708
116.565 40.0708
116.565 40.0708
116.565 40.0708
116.565 40.0708
116.565 40.0708
116.565 40.0708
116.565 40.0708
116.565 40.0708
116.565 40.0708
116.565 40.0708
116.565 40.0708
116.565 40.0708
116.565 40.0708
116.565 40.0708
116.565 40.0708
116.565 40.0708
116.565 40.0708
116.565 40.0708
116.565 40.0708
116.565 40.0708
116.565 40.0708
116.565 40.0708
116.565 40.0708
116.565 40.0708
116.565 40.0708
116.565 40.0708
116.565 40.0708
116.565 40.0708
116.565 40.0708
116.564 40.0703
116.564 40.0703
116.563 40.0668
116.567 40.0639
116.567 40.0638
116.567 40.0638
116.574 40.063
116.574 40.063
116.574 40.063
116.577 40.0627
116.583 40.0609
116.583 40.0609
116.583 40.0609
116.583 40.0621
116.583 40.0621
116.583 40.0621
116.583 40.0621
116.583 40.0631
116.583 40.0631
116.583 40.0631
116.582 40.0644
116.582 40.0644
116.582 40.0659
116.582 40.0666
116.582 40.0669
116.582 40.0669
116.582 40.0669
116.582 40.0669
116.582 40.0669
116.582 40.0669
116.582 40.0688
116.581 40.0697
116.581 40.0719
116.582 40.0748
116.583 40.0758
116.583 40.0758
116.583 40.0758
116.583 40.0758
116.583 40.0758
116.583 40.0758
116.583 40.0758
116.583 40.0758
116.585 40.0766
116.583 40.0502
116.583 40.0502
116.519 40.0173
116.454 39.9622
116.39 39.9672
116.317 39.9659
116.293 39.9452
116.285 39.9439
116.311 39.9381
116.322 39.9372
116.35 39.9398
116.374 39.9474
116.414 39.948
116.443 39.9518
116.464 39.9713
116.48 39.986
116.489 39.9946
116.489 39.9946
116.517 40.0245
116.528 40.042
116.542 40.0574
116.552 40.0793
116.555 40.0994
116.561 40.1154
116.589 40.1169
116.613 40.1164
116.632 40.1163
116.664 40.1149
116.693 40.1239
116.719 40.1213
116.749 40.1326
116.771 40.142
116.806 40.1478
116.832 40.1504
117.112 40.1504
117.112 40.1498
117.116 40.1359
117.099 40.1441
117.112 40.1505
117.112 40.1522
117.084 40.1642
117.049 40.2028
117.05 40.2032
117.079 40.1763
117.082 40.1667
117.101 40.1538
117.1 40.1537
117.101 40.1538
117.1 40.1568
117.096 40.1613
117.049 40.2028
117.047 40.2053
117.046 40.2059
117.045 40.2439
117.045 40.2439
117.045 40.2439
117.045 40.2439
117.045 40.2439
117.045 40.2439
117.045 40.2439
117.045 40.2439
117.045 40.2439
117.045 40.2439
117.045 40.2439
117.045 40.2439
117.041 40.2092
117.041 40.2092
117.045 40.2062
117.051 40.2033
117.051 40.2033
117.05 40.2022
117.05 40.2022
117.05 40.2022
117.05 40.2022
117.05 40.2022
117.05 40.2022
117.05 40.2022
117.05 40.2022
117.05 40.2022
117.05 40.2022
117.05 40.2022
117.05 40.2022
117.05 40.2022
117.05 40.2022
117.05 40.2022
117.05 40.2022
117.05 40.2022
117.05 40.2022
117.05 40.2022
117.05 40.2022
117.054 40.1932
117.093 40.161
117.094 40.1606
117.105 40.1492
117.105 40.1413
117.105 40.1413
117.1 40.1572
117.099 40.1577
117.099 40.1577
117.055 40.1915
117.055 40.1915
117.054 40.1926
117.051 40.2009
117.051 40.2009
117.051 40.2009
117.053 40.1991
117.053 40.1991
117.053 40.1991
117.053 40.1991
117.053 40.1991
117.053 40.1991
117.053 40.1991
117.053 40.1991
117.053 40.1991
117.053 40.1991
117.053 40.1991
117.053 40.1991
117.053 40.1991
117.053 40.1991
117.053 40.1991
117.053 40.1991
117.053 40.1991
117.053 40.1991
117.053 40.1991
117.053 40.1991
117.053 40.1991
117.053 40.1991
117.053 40.1991
117.053 40.1991
117.053 40.1991
117.053 40.1991
117.053 40.1991
117.053 40.1991
117.053 40.1991
117.053 40.1991
117.053 40.1991
117.053 40.1991
117.053 40.1991
117.053 40.1991
117.053 40.1991
117.053 40.1991
117.05 40.203
117.05 40.203
117.05 40.2045
117.05 40.2045
117.05 40.2046
117.05 40.203
117.049 40.2016
117.049 40.2016
117.049 40.2016
117.049 40.2016
117.049 40.2016
117.049 40.2028
117.049 40.2028
117.049 40.2028
117.049 40.2028
117.049 40.2028
117.049 40.2028
117.05 40.2045
117.05 40.2036
117.054 40.1927
117.074 40.1801
117.09 40.1618
117.099 40.1546
117.101 40.1539
117.101 40.1539
117.101 40.1539
117.101 40.1539
117.101 40.154
117.099 40.1534
117.083 40.1649
117.077 40.1787
117.053 40.1977
117.053 40.1951
117.079 40.175
117.084 40.1637
117.099 40.1497
117.101 40.1446
117.098 40.1447
117.097 40.1446
117.097 40.1446
117.097 40.1446
117.097 40.1446
117.097 40.1446
117.097 40.1446
117.097 40.1446
117.097 40.1446
117.097 40.1446
117.097 40.1446
117.097 40.1446
117.097 40.1446
117.097 40.1446
117.097 40.1446
117.097 40.1446
117.097 40.1446
117.097 40.1446
117.097 40.1446
117.097 40.1446
117.097 40.1446
117.097 40.1446
117.097 40.1446
117.099 40.1442
117.101 40.1459
117.099 40.1492
117.101 40.1539
117.101 40.1539
117.101 40.1539
117.101 40.1539
117.101 40.1539
117.101 40.1539
117.101 40.1539
117.101 40.1539
117.101 40.1539
117.101 40.1539
117.101 40.1539
117.101 40.1539
117.101 40.1539
117.101 40.1539
117.089 40.1624
117.071 40.1819
117.056 40.1905
117.042 40.2084
117.041 40.2099
117.045 40.2062
117.049 40.2017
117.055 40.1921
117.055 40.1921
117.055 40.1919
116.367 40.0003
116.367 40.0003
117.053 40.1991
117.052 40.201
117.05 40.2009
117.053 40.2009
117.053 40.2003
117.053 40.2004
117.049 40.2028
117.049 40.2021
117.051 40.2029
117.051 40.2029
117.051 40.2029
117.051 40.2029
117.051 40.2029
117.051 40.2029
117.051 40.2029
117.051 40.2029
117.053 40.2042
117.053 40.2045
117.053 40.2045
117.053 40.2045
117.053 40.1991
117.053 40.1991
117.053 40.1995
117.054 40.2021
117.05 40.2044
117.05 40.2044
117.05 40.2044
117.05 40.2042
117.05 40.2042
117.04 40.2099
117.041 40.2099
117.042 40.2086
117.042 40.2086
117.042 40.2086
117.042 40.2086
117.042 40.2086
117.045 40.2067
117.049 40.1989
117.078 40.1766
117.099 40.1488
117.089 40.1319
117.088 40.1258
117.088 40.1219
117.088 40.1219
117.088 40.1219
117.09 40.1338
117.09 40.1382
117.098 40.1523
117.099 40.1538
117.101 40.1539
117.101 40.1539
117.091 40.1616
117.089 40.1623
117.052 40.1952
117.05 40.197
117.05 40.2045
117.05 40.2045
117.05 40.2045
117.05 40.2045
117.05 40.2045
117.05 40.2045
117.05 40.2045
117.05 40.2045
117.05 40.2045
117.05 40.2045
117.05 40.2045
117.05 40.2045
117.05 40.2045
117.05 40.2045
117.05 40.2045
117.05 40.2045
117.05 40.2045
117.05 40.2045
117.05 40.2045
117.05 40.2045
117.05 40.2045
117.05 40.2045
117.05 40.2045
117.05 40.2045
117.05 40.2045
117.05 40.2045
117.05 40.2045
117.05 40.2045
117.05 40.2045
117.05 40.2045
117.05 40.2045
117.055 40.1921
117.055 40.1921
117.08 40.1734
117.08 40.1712
117.101 40.1537
117.101 40.1537
117.101 40.1538
117.101 40.1535
117.105 40.15
117.098 40.1442
117.098 40.1442
117.06 40.1444
117.028 40.1427
116.988 40.1415
116.951 40.1499
116.904 40.1525
116.873 40.152
116.799 40.1471
116.762 40.1397
116.735 40.1236
116.695 40.1245
116.674 40.1146
116.63 40.1164
116.623 40.1165
116.6 40.1168
116.564 40.1166
116.552 40.0834
116.535 40.0535
116.529 40.0436
116.508 40.0229
116.468 40.0234
116.468 40.0234
116.461 40.0193
116.461 40.0193
116.457 40.0012
116.457 40.0009
116.457 39.9979
116.457 39.9979
116.449 39.9802
116.446 39.9665
116.446 39.9665
116.449 39.9553
116.506 40.0082
116.587 40.0782
116.587 40.0787
116.581 40.0717
116.58 40.0625
116.557 40.059
116.472 39.9864
116.469 39.9846
116.468 39.9842
116.451 39.9832
116.451 39.9831
116.444 39.9746
116.406 39.9677
116.398 39.9661
116.4 39.9636
116.401 39.9578
116.393 39.9558
116.398 39.9501
116.402 39.9475
116.404 39.9393
116.402 39.9482
116.402 39.9521
116.402 39.9565
116.429 39.9678
116.429 39.9584
116.433 39.9569
116.439 39.9482
116.447 39.9509
116.447 39.9509
116.455 39.9364
116.461 39.9218
116.472 39.912
116.471 39.9145
116.46 39.9165
116.452 39.9539
116.434 39.9469
116.415 39.9481
116.415 39.9481
116.41 39.9487
116.41 39.9488
116.411 39.9498
116.411 39.9498
116.411 39.9498
116.413 39.9514
116.413 39.9515
116.414 39.9526
116.415 39.9526
116.419 39.9575
116.418 39.9787
116.446 40.0024
116.461 40.0038
116.467 40.0033
116.468 39.9919
116.47 39.9908
116.47 39.9908
116.47 39.9908
116.47 39.9908
116.47 39.9908
116.47 39.9908
116.47 39.9908
116.47 39.9908
116.47 39.9908
116.47 39.9908
116.47 39.9908
116.47 39.9908
116.47 39.9908
116.47 39.9908
116.47 39.9908
116.47 39.9908
116.471 39.9898
116.461 39.978
116.405 39.9872
116.331 39.985
116.269 39.9627
116.268 39.9092
116.23 39.9063
116.21 39.9097
116.21 39.9141
116.21 39.9074
116.21 39.9074
116.239 39.9061
116.244 39.9061
116.259 39.9026
116.259 39.8863
116.255 39.8615
116.254 39.8548
116.251 39.8593
116.272 39.8714
116.315 39.8877
116.354 39.8878
116.371 39.8878
116.374 39.8878
116.374 39.8879
116.369 39.8879
116.367 39.88
116.365 39.8805
116.364 39.8878
116.368 39.8878
116.373 39.8952
116.373 39.8951
116.368 39.8977
116.368 39.8999
116.367 39.9174
116.367 39.9308
116.373 39.9471
116.374 39.9813
116.402 39.9943
116.402 39.9965
116.4 40.0044
116.4 40.0048
116.401 39.9887
116.401 39.9859
116.456 39.9746
116.459 39.9721
116.47 39.9596
116.471 39.9586
116.477 39.9556
116.477 39.9556
116.477 39.9556
116.477 39.9556
116.477 39.9556
116.477 39.9556
116.477 39.9556
116.476 39.9547
116.468 39.944
116.466 39.9326
116.479 39.9323
116.468 39.9417
116.484 39.9579
116.488 39.9607
116.483 39.9417
116.483 39.9373
116.468 39.9325
116.467 39.9459
116.466 39.9438
116.456 39.9467
116.451 39.9474
116.449 39.949
116.462 39.9538
116.462 39.9539
116.46 39.9587
116.427 39.9716
116.389 39.9868
116.344 39.992
116.331 39.9916
116.333 39.9916
116.337 39.9994
116.347 39.993
116.359 39.9856
116.359 39.9806
116.34 39.9664
116.32 39.9338
116.305 39.9312
116.295 39.9272
116.305 39.9397
116.32 39.9378
116.317 39.9551
116.316 39.9647
116.328 39.9726
116.333 39.9751
116.348 39.9782
116.358 39.9804
116.364 39.9671
116.366 39.9474
116.374 39.9467
116.39 39.9346
116.427 39.9323
116.454 39.9323
116.471 39.9216
116.509 39.9219
116.537 39.915
116.547 39.9118
116.549 39.91
116.524 39.9087
116.524 39.9087
116.515 39.9178
116.511 39.924
116.521 39.9403
116.531 39.9469
116.509 39.9806
116.494 39.9994
116.51 40.0135
116.519 40.0269
116.531 40.0479
116.547 40.062
116.553 40.0844
116.556 40.1044
116.581 40.1168
116.604 40.1166
116.626 40.1164
116.656 40.1159
116.689 40.1212
116.718 40.1213
116.759 40.1388
116.787 40.1459
116.823 40.149
116.846 40.1516
116.885 40.1522
116.911 40.1522
116.946 40.1502
116.973 40.1453
117.008 40.1403
117.013 40.142
117.013 40.142
117.016 40.1414
117.013 40.1645
117.011 40.1748
117.017 40.1925
117.034 40.1947
117.055 40.192
117.051 40.1962
117.041 40.209
117.053 40.1942
117.06 40.1863
117.097 40.1594
117.104 40.1546
117.104 40.1546
117.101 40.147
117.099 40.1504
117.101 40.154
117.101 40.154
117.103 40.1444
117.049 40.1455
116.98 40.1435
116.912 40.1522
116.845 40.1516
116.778 40.144
116.722 40.1213
116.669 40.1146
116.624 40.1164
116.566 40.1165
116.552 40.0831
116.537 40.0549
116.517 40.0247
116.507 40.0108
116.505 40.0094
116.505 40.0094
116.497 40.0026
116.475 39.9922
116.467 39.9978
116.467 39.9973
116.467 39.9973
116.467 39.9973
116.482 39.9878
116.45 39.9554
116.455 39.9091
116.455 39.9065
116.456 39.9121
116.492 39.9068
116.528 39.9044
116.533 39.9049
116.519 39.908
116.51 39.9068
116.463 39.9071
116.452 39.8832
116.423 39.8828
116.415 39.8647
116.408 39.8637
116.415 39.8754
116.413 39.8978
116.415 39.8981
116.455 39.8841
116.473 39.883
116.508 39.8648
116.504 39.8613
116.508 39.8683
116.436 39.8924
116.431 39.8964
116.433 39.8931
116.429 39.9133
116.44 39.9489
116.493 39.997
116.493 39.997
116.573 40.041
116.587 40.0789
116.578 40.0464
116.507 40.0093
116.461 40.0098
116.461 40.0073
116.483 39.988
116.427 39.9468
116.432 39.8982
116.412 39.8961
116.412 39.8974
116.412 39.909
116.412 39.9118
116.411 39.9293
116.405 39.9479
116.361 39.9567
116.357 39.9644
116.361 39.9662
116.349 39.9354
116.359 39.8981
116.376 39.8985
116.377 39.8986
116.378 39.8987
116.381 39.9007
116.385 39.9207
116.39 39.9346
116.386 39.9427
116.387 39.9426
116.388 39.9396
116.395 39.9394
116.411 39.9478
116.419 39.9556
116.425 39.9619
116.419 39.9585
116.419 39.9585
116.419 39.9536
116.419 39.9523
116.419 39.9523
116.419 39.9523
116.419 39.9523
116.419 39.9523
116.419 39.9523
116.419 39.9523
116.419 39.9523
116.419 39.9523
116.419 39.9524
116.417 39.9579
116.419 39.9674
116.414 39.9836
116.415 39.9867
116.418 39.9768
116.419 39.9571
116.419 39.9548
116.415 39.9527
116.413 39.9505
116.41 39.9495
116.411 39.9478
116.445 39.9399
116.451 39.9348
116.451 39.9348
116.445 39.9324
116.438 39.9351
116.433 39.9398
116.417 39.9528
116.413 39.9527
116.412 39.9499
116.402 39.9562
116.403 39.9576
116.397 39.9501
116.401 39.9502
116.401 39.9502
116.402 39.9499
