116.385 39.854
116.386 39.854
116.385 39.8541
116.386 39.854
116.386 39.854
116.386 39.8539
116.385 39.8539
116.385 39.8538
116.385 39.8537
116.385 39.854
116.385 39.8541
116.385 39.8541
116.385 39.8541
116.385 39.8539
116.385 39.854
116.385 39.8538
116.385 39.8541
116.385 39.8541
116.385 39.854
116.385 39.8538
116.385 39.8541
116.385 39.8535
116.385 39.8542
116.385 39.8542
116.385 39.854
116.385 39.8538
116.386 39.8541
116.385 39.854
116.385 39.854
116.385 39.8541
116.385 39.8541
116.385 39.8538
116.386 39.8538
116.385 39.8539
116.385 39.8538
116.385 39.8539
116.385 39.8539
116.385 39.8538
116.385 39.8537
116.385 39.8538
116.385 39.8537
116.385 39.8538
116.388 39.8554
116.456 39.9096
116.456 39.9167
116.473 39.9141
116.486 39.9141
116.483 39.9083
116.468 39.9072
116.466 39.9093
116.463 39.9121
116.455 39.9142
116.456 39.9415
116.433 39.9664
116.4 39.9676
116.396 39.9688
116.389 39.9544
116.388 39.9421
116.388 39.9409
116.388 39.9392
116.39 39.9359
116.39 39.9316
116.384 39.9209
116.379 39.9212
116.379 39.9212
116.371 39.9158
116.368 39.9106
116.361 39.9078
116.351 39.9059
116.347 39.906
116.334 39.9063
116.331 39.9064
116.323 39.9091
116.328 39.908
116.328 39.908
116.329 39.9116
116.338 39.9127
116.338 39.9127
116.339 39.9203
116.338 39.9266
116.338 39.9301
116.345 39.9268
116.347 39.9288
116.347 39.9303
116.35 39.9363
116.349 39.9506
116.35 39.9439
116.349 39.9315
116.35 39.9206
116.35 39.9086
116.35 39.9011
116.342 39.8843
116.339 39.8817
116.347 39.888
116.347 39.8948
116.357 39.8973
116.359 39.9081
116.366 39.9118
116.376 39.9203
116.397 39.9223
116.403 39.9332
116.402 39.9443
116.402 39.9603
116.412 39.968
116.414 39.9764
116.411 39.968
116.401 39.9803
116.401 39.9803
116.381 39.9868
116.369 39.9874
116.368 39.9866
116.347 39.9838
116.351 39.9637
116.348 39.9718
116.347 39.992
116.337 39.9962
116.347 39.9859
116.349 39.9412
116.367 39.9312
116.387 39.932
116.365 39.9313
116.341 39.9311
116.298 39.9522
116.301 39.9605
116.301 39.9725
116.327 39.9752
116.331 39.9915
116.333 39.9916
116.327 39.98
116.359 39.9695
116.35 39.9286
116.339 39.9172
116.339 39.9172
116.35 39.9206
116.347 39.9722
116.35 39.911
116.357 39.8936
116.37 39.8878
116.395 39.8855
116.385 39.8539
116.385 39.8539
116.385 39.854
116.385 39.854
116.385 39.854
116.385 39.854
116.385 39.8541
116.385 39.8541
116.385 39.8541
116.385 39.854
116.385 39.854
116.385 39.854
116.385 39.8541
116.385 39.8539
116.385 39.8539
116.385 39.854
116.385 39.8541
116.385 39.8541
116.385 39.8541
116.385 39.8541
116.385 39.8539
116.385 39.8539
116.385 39.8539
116.385 39.8538
116.385 39.8539
116.385 39.854
116.385 39.8539
116.385 39.8538
116.385 39.8538
116.385 39.8539
116.385 39.854
116.385 39.854
116.385 39.854
116.385 39.8539
116.385 39.8539
116.385 39.8539
116.385 39.8538
116.385 39.8538
116.385 39.8539
116.385 39.8538
116.385 39.854
116.385 39.854
116.385 39.8539
116.385 39.8539
116.385 39.8539
116.385 39.8539
116.385 39.8539
116.385 39.8539
116.385 39.8539
116.385 39.8538
116.385 39.8538
116.385 39.8539
116.385 39.854
116.385 39.854
116.385 39.8539
116.385 39.8536
116.385 39.8537
116.385 39.8536
116.385 39.8537
116.385 39.8538
116.385 39.8539
116.385 39.8539
116.385 39.8539
116.385 39.8537
116.385 39.8536
116.385 39.8535
116.385 39.8538
116.385 39.8536
116.385 39.8537
116.385 39.8542
116.385 39.854
116.385 39.8543
116.385 39.854
116.385 39.854
116.385 39.8541
116.385 39.854
116.385 39.8539
116.385 39.8539
116.385 39.8539
116.385 39.8539
116.385 39.8539
116.385 39.8539
116.385 39.8539
116.385 39.8533
116.385 39.8539
116.385 39.8539
116.385 39.8537
116.385 39.8544
116.385 39.8543
116.385 39.8541
116.385 39.8541
116.385 39.8541
116.385 39.8542
116.385 39.8541
116.385 39.854
116.385 39.8542
116.385 39.8541
116.386 39.854
116.386 39.854
116.385 39.8538
116.385 39.8539
116.385 39.854
116.385 39.8537
116.385 39.854
116.385 39.854
116.385 39.8538
116.385 39.8538
116.385 39.854
116.385 39.8541
116.385 39.8541
116.385 39.8539
116.385 39.854
116.385 39.854
116.385 39.854
116.385 39.8539
116.385 39.854
116.385 39.8538
116.385 39.854
116.385 39.8539
116.385 39.8538
116.385 39.8538
116.385 39.8537
116.385 39.8538
116.385 39.8538
116.385 39.8539
116.385 39.8538
116.385 39.854
116.385 39.854
116.385 39.8541
116.385 39.8541
116.385 39.8542
116.385 39.8541
116.385 39.8537
116.385 39.8537
116.385 39.8541
116.385 39.8539
116.385 39.8539
116.385 39.8536
116.385 39.8537
116.385 39.8537
116.385 39.8539
116.385 39.854
116.385 39.854
116.385 39.854
116.385 39.8541
116.385 39.8539
116.385 39.8539
116.385 39.8539
116.385 39.8537
116.385 39.854
116.385 39.854
116.385 39.8539
116.385 39.8538
116.385 39.854
116.385 39.8538
116.385 39.8536
116.385 39.854
116.385 39.854
116.385 39.854
116.385 39.854
116.385 39.8539
116.386 39.8555
116.394 39.8432
116.396 39.8304
116.442 39.8287
116.47 39.8039
116.498 39.7769
116.507 39.7638
116.532 39.7558
116.535 39.7571
116.535 39.7571
116.536 39.7586
116.542 39.7629
116.537 39.763
116.537 39.7602
116.537 39.7604
116.537 39.7604
116.539 39.7609
116.519 39.7846
116.503 39.8043
116.487 39.8128
116.446 39.8312
116.381 39.8307
116.38 39.8418
116.381 39.8517
116.381 39.8554
116.385 39.8536
116.385 39.8537
116.385 39.8538
116.385 39.8538
116.385 39.8539
116.385 39.854
116.385 39.854
116.385 39.8539
116.385 39.8539
116.385 39.854
116.385 39.8541
116.385 39.854
116.385 39.854
116.385 39.8539
116.385 39.8539
116.385 39.8539
116.385 39.8536
116.385 39.8538
116.385 39.8535
116.385 39.8537
116.385 39.8541
116.385 39.854
116.385 39.8541
116.385 39.8542
116.393 39.8821
116.41 39.8868
116.416 39.8824
116.443 39.8832
116.45 39.8839
116.45 39.8905
116.454 39.8921
116.455 39.9033
116.452 39.9055
116.455 39.884
116.395 39.8212
116.399 39.8035
116.414 39.791
116.403 39.7852
116.403 39.7852
116.413 39.7942
116.4 39.8038
116.398 39.8037
116.396 39.8138
116.393 39.831
116.324 39.8293
116.268 39.9121
116.27 39.9515
116.275 39.9531
116.278 39.9548
116.296 39.9584
116.3 39.9527
116.298 39.9561
116.3 39.9749
116.327 39.9848
116.337 39.9962
116.327 39.9914
116.31 39.9845
116.297 39.9722
116.3 39.9721
116.304 39.9313
116.319 39.931
116.348 39.931
116.388 39.9475
116.403 39.9472
116.412 39.9605
116.412 39.9605
116.411 39.9818
116.411 40.0033
116.406 40.0448
116.407 40.0785
116.407 40.0782
116.406 40.0449
116.412 39.9637
116.41 39.9409
116.411 39.9232
116.412 39.9041
116.428 39.8812
116.433 39.8726
116.427 39.8671
116.417 39.8702
116.383 39.864
116.39 39.87
116.424 39.8569
116.426 39.8595
116.441 39.8772
116.449 39.8832
116.454 39.8894
116.454 39.8893
116.454 39.8892
116.454 39.8895
116.454 39.8897
116.454 39.8895
116.454 39.8894
116.454 39.8894
116.735 40.1559
116.735 40.1559
116.454 39.8894
116.454 39.8894
116.454 39.8895
116.454 39.8893
116.454 39.8893
116.454 39.8893
116.454 39.8894
116.454 39.8893
116.454 39.8893
116.454 39.8894
116.454 39.8894
116.454 39.8893
116.454 39.8894
116.454 39.8894
116.454 39.8893
116.454 39.8894
116.454 39.8894
116.454 39.8894
116.454 39.8893
116.454 39.8893
116.454 39.8894
116.454 39.8893
116.454 39.8895
116.454 39.8893
116.454 39.8892
116.454 39.8891
116.454 39.8891
116.454 39.8892
116.454 39.8893
116.455 39.8892
116.454 39.8893
116.454 39.8893
116.454 39.8894
116.454 39.8894
116.454 39.8894
116.454 39.8892
116.454 39.8894
116.454 39.8894
116.454 39.8894
116.454 39.8893
116.454 39.8893
116.454 39.8894
116.454 39.8892
116.454 39.8892
116.454 39.8891
116.454 39.8892
116.454 39.8892
116.454 39.8894
116.454 39.8894
116.454 39.8893
116.454 39.8893
116.454 39.8893
116.454 39.8892
116.454 39.8893
116.454 39.8892
116.454 39.8892
116.454 39.8892
116.454 39.8894
116.454 39.8893
116.454 39.8893
116.454 39.8893
116.454 39.8894
116.454 39.8894
116.454 39.8894
116.454 39.8892
116.454 39.8894
116.454 39.8892
116.454 39.8894
116.454 39.8893
116.454 39.8893
116.454 39.8894
116.454 39.8894
116.454 39.8894
116.454 39.8894
116.454 39.8894
116.454 39.8894
116.454 39.8893
116.454 39.8891
116.454 39.8892
116.454 39.889
116.454 39.889
116.454 39.8888
116.454 39.8888
116.454 39.8889
116.454 39.8893
116.454 39.8891
116.454 39.8892
116.454 39.8894
116.454 39.8892
116.454 39.8892
116.454 39.8893
116.454 39.8893
116.454 39.8895
116.454 39.8893
116.454 39.8893
116.454 39.8892
116.454 39.8892
116.454 39.8893
116.454 39.8892
116.454 39.8894
116.454 39.8894
116.454 39.8893
116.454 39.8893
116.454 39.8894
116.454 39.8894
116.454 39.8893
116.454 39.8893
116.454 39.889
116.455 39.8863
116.467 39.8919
116.467 39.8922
116.471 39.8841
116.471 39.8841
116.471 39.883
116.471 39.883
116.469 39.8922
116.466 39.8958
116.457 39.8991
116.457 39.8993
116.457 39.8993
116.457 39.8993
116.457 39.8993
116.457 39.8993
116.457 39.8993
116.457 39.8993
116.461 39.8994
116.468 39.8922
116.456 39.8922
116.439 39.8925
116.436 39.896
116.436 39.8971
116.452 39.892
116.467 39.8922
116.47 39.8919
116.472 39.8983
116.472 39.9002
116.47 39.8993
116.469 39.8993
116.469 39.8993
116.469 39.8993
116.458 39.8994
116.458 39.8994
116.456 39.9117
116.456 39.9117
116.447 39.9131
116.445 39.9147
116.455 39.9181
116.472 39.9132
116.467 39.9071
116.44 39.9072
116.422 39.9072
116.412 39.9084
116.409 39.9144
116.408 39.9085
116.403 39.9068
116.397 39.9138
116.38 39.9211
116.371 39.9212
116.369 39.9134
116.355 39.9126
116.351 39.9094
116.352 39.9078
116.351 39.9076
116.351 39.9126
116.352 39.9176
116.357 39.913
116.357 39.9066
116.352 39.9042
116.361 39.9077
116.368 39.9061
116.368 39.9009
116.368 39.8951
116.368 39.8951
116.368 39.8901
116.368 39.8828
116.368 39.8669
116.378 39.8556
116.403 39.853
116.385 39.8558
116.382 39.8555
116.386 39.8553
116.386 39.8538
116.385 39.8537
116.385 39.8538
116.385 39.854
116.385 39.8539
116.385 39.8541
116.385 39.8539
116.385 39.8542
116.385 39.8541
116.385 39.854
116.385 39.8541
116.385 39.8541
116.385 39.8538
116.385 39.8537
116.385 39.8538
116.385 39.8539
116.385 39.8538
116.385 39.8538
116.385 39.8539
116.385 39.8539
116.385 39.8538
116.385 39.8541
116.385 39.8541
116.385 39.8541
116.385 39.854
116.385 39.8541
116.385 39.8539
116.385 39.854
116.385 39.854
116.385 39.8541
116.385 39.8541
116.385 39.8541
116.385 39.854
116.385 39.854
116.385 39.854
116.385 39.8541
116.385 39.854
116.385 39.8541
116.385 39.8542
116.385 39.854
116.385 39.8539
116.385 39.8539
116.385 39.8539
116.385 39.8538
116.385 39.854
116.385 39.8539
116.385 39.8539
116.385 39.8538
116.385 39.8538
116.385 39.8539
116.385 39.8539
116.385 39.8541
116.385 39.8537
116.385 39.8539
116.385 39.8537
116.385 39.8539
116.385 39.8538
116.385 39.8538
116.385 39.854
116.385 39.8539
116.385 39.8539
116.385 39.8539
116.385 39.8537
116.385 39.8537
116.385 39.8537
116.385 39.8537
116.385 39.8539
116.385 39.8538
116.385 39.8538
116.385 39.8539
116.385 39.8539
116.385 39.854
116.385 39.854
116.385 39.854
116.385 39.8539
116.385 39.8539
116.385 39.8539
116.385 39.8541
116.385 39.854
116.385 39.8538
116.385 39.854
116.385 39.8539
116.385 39.8539
116.385 39.854
116.385 39.8539
116.385 39.854
116.385 39.8541
116.385 39.8541
116.385 39.8541
116.385 39.8541
116.385 39.854
116.385 39.854
116.385 39.8539
116.385 39.8539
116.385 39.8541
116.385 39.854
116.385 39.8539
116.385 39.8539
116.385 39.8539
116.385 39.8538
116.385 39.8539
116.385 39.8538
116.385 39.8539
116.385 39.8537
116.385 39.8538
116.385 39.8539
116.385 39.8538
116.385 39.8539
116.385 39.854
116.385 39.854
116.385 39.854
116.385 39.854
116.385 39.854
116.385 39.854
116.385 39.8539
116.385 39.854
116.385 39.8538
116.385 39.8539
116.385 39.8539
116.385 39.8539
116.385 39.8539
116.385 39.8539
116.385 39.854
116.385 39.854
116.385 39.8541
116.385 39.8543
116.385 39.8539
116.385 39.8538
116.385 39.8538
116.385 39.8538
116.385 39.8539
116.385 39.8539
116.385 39.8538
116.385 39.854
116.385 39.8539
116.385 39.8537
116.385 39.8538
116.385 39.8538
116.385 39.8538
116.385 39.8537
116.385 39.8539
116.385 39.8538
116.385 39.854
116.385 39.8538
116.385 39.8538
116.385 39.8537
116.385 39.8539
116.385 39.8538
116.385 39.854
116.385 39.854
116.385 39.854
116.385 39.8539
116.385 39.8539
116.385 39.8539
116.385 39.8539
116.385 39.8537
116.385 39.854
116.385 39.854
116.385 39.8539
116.385 39.8539
116.385 39.854
116.385 39.854
116.385 39.8539
116.385 39.854
116.385 39.854
116.385 39.8538
116.385 39.8541
116.385 39.8541
116.385 39.8543
116.385 39.8542
116.385 39.8542
116.385 39.8541
116.385 39.8541
116.389 39.8555
116.388 39.8531
116.384 39.8559
116.376 39.8537
116.413 39.8556
116.417 39.8492
116.421 39.8385
116.421 39.837
116.422 39.839
116.422 39.8426
116.424 39.8569
116.426 39.859
116.425 39.8625
116.432 39.8645
116.439 39.8745
116.457 39.9031
116.484 39.933
116.564 40.0701
116.564 40.0701
116.564 40.0701
116.564 40.0701
116.567 40.0712
116.567 40.0712
116.567 40.0712
116.567 40.0712
116.567 40.0712
116.567 40.0712
116.567 40.0712
116.567 40.0712
116.567 40.0713
116.567 40.0712
116.567 40.0712
116.567 40.0712
116.567 40.0713
116.567 40.0713
116.567 40.0713
116.567 40.0713
116.567 40.0713
116.567 40.0713
116.567 40.0713
116.567 40.0713
116.567 40.0713
116.567 40.0713
116.567 40.0713
116.567 40.0713
116.567 40.0713
116.567 40.0712
116.567 40.0713
116.567 40.0713
116.567 40.0713
116.567 40.0713
116.567 40.0713
116.567 40.0712
116.567 40.0712
116.567 40.0713
116.567 40.0713
116.567 40.0712
116.567 40.0712
116.567 40.0712
116.567 40.0713
116.564 40.0711
116.564 40.0707
116.562 40.0695
116.563 40.068
116.563 40.068
116.563 40.068
116.58 40.0624
116.58 40.0623
116.582 40.0621
116.583 40.0603
116.583 40.0613
116.583 40.0614
116.582 40.0679
116.581 40.0739
116.581 40.0765
116.583 40.0793
116.583 40.0793
116.579 40.0473
116.521 40.018
116.509 39.9809
116.569 39.9086
116.577 39.9158
116.573 39.9135
116.552 39.9148
116.529 39.9154
116.529 39.9154
116.527 39.9156
116.515 39.9158
116.487 39.9145
116.481 39.9577
116.455 39.9539
116.439 39.9504
116.438 39.9528
116.456 39.9489
116.461 39.9312
116.461 39.9233
116.435 39.9228
116.429 39.9249
116.437 39.9324
116.444 39.9324
116.455 39.94
116.475 39.9542
116.489 39.9617
116.494 39.9633
116.484 39.9706
116.484 39.9852
116.473 39.9708
116.471 39.9686
116.454 39.9536
116.455 39.9436
116.445 39.9325
116.435 39.9231
116.432 39.9227
116.433 39.9228
116.441 39.912
116.441 39.912
116.444 39.9144
116.444 39.9147
116.447 39.9209
116.472 39.9216
116.481 39.9318
116.479 39.9312
116.472 39.9299
116.472 39.9078
116.471 39.9072
116.466 39.9088
116.465 39.9087
116.455 39.9032
116.449 39.8864
116.425 39.8839
116.422 39.8918
116.405 39.8916
116.382 39.8883
116.347 39.8795
116.35 39.8609
116.362 39.8494
116.374 39.8492
116.386 39.8538
116.385 39.854
116.385 39.854
116.385 39.8541
116.385 39.854
116.385 39.854
116.385 39.854
116.385 39.8542
116.385 39.8537
116.385 39.854
116.385 39.8539
116.385 39.8539
116.385 39.8541
116.385 39.8541
116.385 39.854
116.385 39.8539
116.385 39.854
116.386 39.8541
116.385 39.8541
116.386 39.8542
116.385 39.8541
116.385 39.8539
116.385 39.8538
116.385 39.8537
116.385 39.8536
116.385 39.8536
116.385 39.8537
116.385 39.8537
116.385 39.8536
116.385 39.8536
116.385 39.8537
116.385 39.8534
116.385 39.8537
116.385 39.8537
116.385 39.8541
116.385 39.8541
116.385 39.8539
116.385 39.854
116.385 39.854
116.385 39.8539
116.385 39.854
116.385 39.854
116.385 39.8541
116.385 39.8541
116.385 39.8541
116.385 39.8541
116.385 39.8539
116.385 39.854
116.385 39.8539
116.385 39.8539
116.385 39.854
116.385 39.854
116.385 39.8539
116.385 39.854
116.385 39.8541
116.385 39.8542
116.385 39.8541
116.385 39.8541
116.385 39.8538
116.385 39.854
116.385 39.8541
116.385 39.854
116.385 39.854
116.385 39.854
116.385 39.854
116.385 39.8541
116.385 39.8541
116.385 39.854
116.385 39.8537
116.385 39.8539
116.385 39.854
116.385 39.854
116.385 39.8539
116.385 39.8539
116.385 39.8539
116.385 39.8538
116.385 39.8539
116.385 39.8538
116.385 39.8539
116.385 39.854
116.385 39.8542
116.385 39.8541
116.385 39.8541
116.385 39.854
116.385 39.8541
116.385 39.8539
116.385 39.8536
116.385 39.8537
116.385 39.8539
116.385 39.8537
116.385 39.8539
116.385 39.8539
116.385 39.8541
116.385 39.854
116.385 39.854
116.385 39.854
116.385 39.8537
116.385 39.8538
116.385 39.8537
116.385 39.8537
116.385 39.8537
116.385 39.8537
116.385 39.8536
116.385 39.8539
116.385 39.8538
116.385 39.8538
116.385 39.8539
116.385 39.8539
116.385 39.8539
116.385 39.8541
116.385 39.8536
116.385 39.8537
116.385 39.8538
116.385 39.8537
116.385 39.854
116.385 39.8538
116.385 39.854
116.385 39.854
116.385 39.8541
116.385 39.8539
116.385 39.8539
116.385 39.8541
116.385 39.8542
116.385 39.8539
116.385 39.8539
116.385 39.854
116.385 39.8539
116.385 39.8539
116.385 39.8539
116.385 39.8539
116.385 39.854
116.385 39.8539
116.386 39.854
116.385 39.8539
116.385 39.854
116.385 39.8538
116.385 39.8539
116.385 39.854
116.385 39.854
116.385 39.8544
116.385 39.8543
116.385 39.8543
116.385 39.8543
116.385 39.8541
116.385 39.854
116.385 39.8542
116.385 39.854
116.385 39.854
116.385 39.8542
116.385 39.8541
116.385 39.8544
116.385 39.8539
116.386 39.8548
116.387 39.8526
116.393 39.8558
116.304 39.8665
116.283 39.8582
116.277 39.8549
116.288 39.854
116.286 39.8649
116.268 39.8983
116.261 39.9027
116.261 39.9027
116.261 39.9027
116.266 39.8988
116.275 39.906
116.277 39.9026
116.282 39.9063
116.298 39.8956
116.357 39.8979
116.368 39.8881
116.347 39.8899
116.347 39.9017
116.347 39.9128
116.35 39.9151
116.35 39.9151
116.35 39.9151
116.351 39.9088
116.352 39.9083
116.351 39.9078
116.351 39.9076
116.346 39.9126
116.323 39.9096
116.289 39.9104
116.286 39.9089
116.279 39.9224
116.277 39.9267
116.277 39.9268
116.277 39.9268
116.279 39.9235
116.224 39.8958
116.218 39.8922
116.224 39.8977
116.202 39.9062
116.192 39.9225
116.194 39.9383
116.195 39.9326
116.2 39.9325
116.2 39.9324
116.192 39.9295
116.177 39.9257
116.121 39.9377
116.121 39.9377
116.105 39.9511
116.099 39.9585
116.125 39.949
116.153 39.9291
116.172 39.9227
116.195 39.9223
116.206 39.9388
116.209 39.942
116.209 39.942
116.209 39.9487
116.215 39.9536
116.257 39.9455
116.27 39.948
116.28 39.9559
116.284 39.931
116.275 39.9264
116.275 39.9259
116.275 39.9259
116.275 39.9259
116.28 39.9264
116.319 39.9221
116.338 39.9218
116.35 39.9125
116.352 39.9077
116.35 39.9186
116.374 39.9476
116.387 39.9501
116.387 39.9501
116.387 39.9548
116.379 39.95
116.366 39.9475
116.362 39.9449
116.365 39.9393
116.35 39.9279
116.347 39.9203
116.332 39.9269
116.316 39.927
116.327 39.9268
116.311 39.9269
116.316 39.9269
116.32 39.9269
116.323 39.9269
116.319 39.9308
116.322 39.9268
116.328 39.9233
116.339 39.9373
116.398 39.9476
116.41 39.9452
116.428 39.933
116.47 39.9856
116.475 39.9842
116.464 39.9912
116.449 39.9799
116.47 39.9654
116.47 39.9654
116.484 39.9115
116.48 39.8545
116.441 39.8297
116.44 39.8148
116.436 39.8154
116.448 39.8188
116.441 39.8373
116.433 39.8529
116.401 39.8557
116.359 39.8533
116.361 39.8574
116.359 39.8574
116.359 39.8586
116.432 39.8693
116.438 39.8919
116.434 39.9227
116.446 39.9256
116.444 39.9216
116.444 39.9216
116.415 39.9481
116.389 39.9664
116.359 39.9667
116.359 39.9667
116.332 39.974
116.332 39.9739
116.332 39.9739
116.332 39.9739
116.332 39.974
116.333 39.9666
116.349 39.9517
116.35 39.9041
116.368 39.8849
116.368 39.8698
116.381 39.8565
116.386 39.854
116.386 39.8541
116.386 39.854
116.386 39.854
116.386 39.854
116.385 39.8539
116.385 39.8539
116.385 39.8537
116.385 39.8537
116.385 39.8537
116.385 39.8536
116.385 39.8535
116.385 39.8536
116.386 39.8535
116.386 39.8535
116.385 39.8536
116.385 39.8538
116.385 39.8538
116.386 39.8539
116.385 39.854
116.385 39.854
116.385 39.854
116.385 39.8541
116.385 39.854
116.385 39.8539
116.385 39.8539
116.385 39.8538
116.386 39.8539
116.386 39.8539
116.386 39.8538
116.386 39.8539
116.386 39.8539
116.386 39.8542
116.386 39.854
116.385 39.854
116.385 39.8541
116.385 39.8539
116.385 39.9163
116.385 39.9163
116.385 39.9163
116.385 39.8539
116.385 39.8538
116.385 39.8539
116.385 39.8539
116.386 39.854
116.386 39.854
116.385 39.854
116.385 39.8539
116.385 39.8539
116.385 39.8539
116.386 39.8542
116.386 39.854
116.386 39.8539
116.385 39.854
116.386 39.8539
116.386 39.854
116.385 39.8539
116.385 39.854
116.385 39.854
116.385 39.8539
116.385 39.854
116.386 39.8541
116.385 39.854
116.385 39.8538
116.385 39.8538
116.385 39.8538
116.385 39.854
116.385 39.854
116.385 39.8539
116.385 39.8539
116.385 39.8541
116.385 39.854
116.385 39.8539
116.385 39.854
116.385 39.854
116.385 39.854
116.385 39.854
116.385 39.854
116.385 39.854
116.385 39.8539
116.385 39.8539
116.386 39.854
116.385 39.8539
116.385 39.8539
116.386 39.8539
116.386 39.8539
116.385 39.8538
116.386 39.8539
116.385 39.8539
116.385 39.8538
116.385 39.8536
116.385 39.8537
116.385 39.8539
116.385 39.8539
116.385 39.8537
116.385 39.8537
116.385 39.854
116.385 39.8539
116.385 39.8539
116.385 39.8539
116.385 39.8539
116.385 39.8539
116.385 39.8538
116.385 39.8538
116.385 39.8537
116.385 39.8539
116.385 39.8539
116.385 39.8541
116.385 39.854
116.385 39.854
116.385 39.854
116.385 39.8541
116.385 39.854
116.385 39.8541
116.385 39.854
116.385 39.8539
116.385 39.8539
116.385 39.854
116.385 39.854
116.386 39.8539
116.385 39.8541
116.385 39.854
116.385 39.8541
116.385 39.8541
116.385 39.8538
116.386 39.8542
116.385 39.8541
116.385 39.8543
116.385 39.8543
116.385 39.8541
116.385 39.8541
116.385 39.854
116.385 39.854
116.385 39.8539
116.385 39.854
116.385 39.854
116.385 39.854
116.385 39.854
116.385 39.8539
116.386 39.8541
116.386 39.854
116.386 39.854
116.386 39.854
116.385 39.8541
116.386 39.8539
116.386 39.8541
116.386 39.8539
116.386 39.8539
116.386 39.8539
116.385 39.854
116.385 39.8542
116.385 39.8538
116.385 39.854
116.385 39.8542
116.385 39.8542
116.385 39.854
116.385 39.8541
116.385 39.854
116.386 39.8539
116.386 39.854
116.385 39.854
116.385 39.854
116.386 39.8539
116.386 39.854
116.386 39.8539
116.386 39.8538
116.386 39.8539
116.385 39.8537
116.385 39.8539
116.385 39.8537
116.385 39.8537
116.385 39.8537
116.385 39.854
116.385 39.8538
116.385 39.8539
116.385 39.8538
116.385 39.8541
116.385 39.8543
116.385 39.8541
116.385 39.8541
116.385 39.854
116.385 39.854
116.388 39.8555
116.388 39.8527
116.388 39.8526
116.388 39.8554
116.418 39.8565
116.455 39.8897
116.456 39.9383
116.479 39.9558
116.489 39.9616
116.477 39.9558
116.477 39.9558
116.476 39.9558
116.468 39.9412
116.456 39.9166
116.466 39.9068
116.489 39.9013
116.484 39.9014
116.494 39.9146
116.529 39.9154
116.525 39.9158
116.506 39.9069
116.48 39.8993
116.471 39.8983
116.467 39.8922
116.463 39.8921
116.454 39.8923
116.452 39.8955
116.431 39.8924
116.399 39.8867
116.396 39.8857
116.401 39.8878
116.401 39.8878
116.401 39.8878
116.401 39.8868
116.409 39.8869
116.415 39.8644
116.432 39.8671
116.435 39.8977
116.435 39.9064
116.43 39.9118
116.43 39.9118
116.429 39.9228
116.419 39.9141
116.412 39.9047
116.401 39.8994
116.376 39.8987
116.357 39.8981
116.322 39.892
116.315 39.8833
116.326 39.8956
116.351 39.9124
116.375 39.913
116.376 39.9065
116.371 39.8985
116.37 39.8984
116.369 39.8984
116.368 39.8884
116.388 39.889
116.365 39.888
116.345 39.8968
116.349 39.9407
116.35 39.9465
116.355 39.9496
116.365 39.9514
116.37 39.9412
116.373 39.9264
116.37 39.9315
116.35 39.947
116.316 39.9658
116.305 39.9617
116.305 39.9617
116.316 39.9626
116.315 39.9556
116.305 39.9558
116.334 39.9663
116.406 39.9674
116.412 39.9502
116.41 39.9497
116.407 39.948
116.349 39.9382
116.353 39.9158
116.351 39.9076
116.35 39.9171
116.328 39.9312
116.336 39.9311
116.366 39.9312
116.403 39.9319
116.411 39.9238
116.412 39.9119
116.412 39.9113
116.411 39.9114
116.409 39.9071
116.412 39.9
116.423 39.8896
116.427 39.8895
116.417 39.8942
116.421 39.8925
116.418 39.8837
116.428 39.8826
116.429 39.8663
116.429 39.8663
116.431 39.8672
116.429 39.867
116.429 39.8672
116.429 39.8672
116.429 39.8672
116.429 39.8671
116.436 39.8646
116.434 39.8646
116.418 39.8643
116.406 39.8638
116.412 39.8979
116.415 39.8692
116.381 39.8559
116.381 39.8504
116.391 39.8519
116.408 39.8555
116.413 39.8621
116.415 39.8758
116.416 39.8586
116.359 39.8538
116.311 39.8567
116.296 39.8585
116.296 39.8604
116.306 39.8567
116.322 39.8666
116.368 39.8686
116.38 39.8547
116.38 39.8478
116.38 39.8478
116.385 39.854
116.385 39.854
116.385 39.854
116.385 39.8541
116.385 39.8539
116.386 39.8539
116.386 39.8539
116.385 39.8539
116.385 39.854
116.385 39.8539
116.385 39.8539
116.385 39.8541
116.385 39.8539
116.385 39.8541
116.385 39.8539
116.385 39.8538
116.385 39.8538
116.385 39.8539
116.385 39.8539
116.385 39.854
116.385 39.854
116.385 39.854
116.385 39.854
116.385 39.8539
116.386 39.854
116.385 39.8539
116.385 39.854
116.386 39.8541
116.385 39.854
116.385 39.854
116.385 39.8539
116.385 39.8539
116.385 39.8538
116.385 39.854
116.385 39.854
116.385 39.854
116.385 39.8539
116.385 39.8539
116.385 39.8539
116.385 39.8539
116.385 39.854
116.385 39.854
116.385 39.854
116.385 39.8539
116.385 39.854
116.385 39.8539
116.385 39.854
116.385 39.854
116.385 39.854
116.385 39.8538
116.385 39.8539
116.385 39.8539
116.385 39.8538
116.385 39.8537
116.385 39.8542
116.385 39.8541
116.385 39.8539
116.386 39.8539
116.386 39.8539
116.386 39.8539
116.386 39.8539
116.385 39.8538
116.385 39.854
116.386 39.854
116.385 39.8537
116.385 39.8536
116.385 39.8538
116.385 39.8539
116.385 39.8537
116.385 39.8538
116.385 39.854
116.385 39.854
116.385 39.8539
116.385 39.8539
116.385 39.8539
116.385 39.8539
116.385 39.8538
116.385 39.8538
116.385 39.8537
116.385 39.8539
116.385 39.8538
116.385 39.8538
116.385 39.8539
116.385 39.854
116.385 39.8541
116.385 39.854
116.385 39.8539
116.385 39.854
116.385 39.854
116.385 39.854
116.385 39.8538
116.385 39.8539
116.385 39.854
116.385 39.854
116.385 39.854
116.386 39.8539
116.385 39.8541
116.385 39.8541
116.385 39.854
116.385 39.8539
116.385 39.854
116.385 39.8541
116.385 39.8541
116.385 39.8543
116.386 39.8543
116.385 39.8541
116.385 39.8541
116.385 39.854
116.385 39.854
116.385 39.8539
116.385 39.854
116.385 39.854
116.385 39.854
116.385 39.854
116.385 39.854
116.385 39.8541
116.386 39.854
116.386 39.8539
116.386 39.854
116.386 39.8541
116.386 39.8539
116.386 39.854
116.386 39.8539
116.386 39.854
116.386 39.8539
116.385 39.8541
116.385 39.8541
116.385 39.8541
116.385 39.8541
116.385 39.8541
116.385 39.8541
116.385 39.8541
116.385 39.8541
116.385 39.854
116.385 39.854
116.386 39.854
116.386 39.854
116.386 39.854
116.386 39.8539
116.386 39.8538
116.386 39.8539
116.386 39.8539
116.386 39.8539
116.386 39.8539
116.385 39.8537
116.385 39.854
116.385 39.8538
116.385 39.854
116.385 39.8538
116.385 39.8538
116.385 39.8539
116.385 39.8539
116.385 39.8541
116.385 39.8542
116.385 39.8541
116.385 39.8541
116.385 39.8541
116.386 39.8541
116.386 39.8541
116.385 39.8541
116.385 39.854
116.385 39.8538
116.385 39.854
116.385 39.8541
116.385 39.854
116.385 39.8539
116.385 39.8539
116.386 39.8539
116.394 39.8646
116.437 39.87
116.43 39.9094
116.43 39.9094
116.422 39.9486
116.419 39.9519
116.434 39.9583
116.458 39.9659
116.48 39.9729
116.478 39.971
116.488 39.9623
116.457 39.9483
116.444 39.9368
116.444 39.9368
116.439 39.9212
116.44 39.9202
116.435 39.9119
116.444 39.9207
116.44 39.9231
116.428 39.9162
116.421 39.899
116.428 39.892
116.419 39.8921
