116.269 39.9485
116.269 39.9283
116.28 39.9453
116.282 39.9454
116.282 39.9562
116.269 39.9622
116.269 39.9554
116.267 39.9273
116.259 39.9275
116.268 39.9084
116.304 39.9454
116.309 39.9502
116.309 39.9502
116.309 39.9502
116.318 39.951
116.323 39.937
116.346 39.9387
116.34 39.9561
116.317 39.9572
116.305 39.9622
116.288 39.958
116.282 39.9115
116.29 39.9169
116.299 39.9117
116.311 39.9089
116.305 39.9085
116.305 39.9086
116.305 39.9086
116.305 39.9086
116.303 39.9588
116.303 39.9588
116.302 39.9745
116.302 39.9745
116.305 39.9802
116.305 39.9748
116.314 39.9681
116.315 39.9659
116.318 39.9497
116.319 39.934
116.319 39.9316
116.308 39.9229
116.314 39.937
116.314 39.937
116.32 39.9231
116.328 39.9204
116.328 39.9147
116.332 39.9061
116.343 39.8996
116.343 39.8694
116.36 39.8681
116.384 39.8642
116.392 39.8702
116.413 39.8697
116.414 39.8854
116.413 39.8942
116.411 39.8959
116.406 39.8918
116.406 39.8918
116.394 39.8853
116.379 39.8856
116.375 39.888
116.36 39.8882
116.351 39.8882
116.342 39.87
116.319 39.8668
116.307 39.8568
116.297 39.8657
116.289 39.8847
116.3 39.8955
116.299 39.8956
116.304 39.8828
116.311 39.8829
116.303 39.8828
116.277 39.8736
116.305 39.8855
116.296 39.8993
116.304 39.9046
116.304 39.882
116.304 39.8811
116.304 39.8811
116.304 39.8811
116.302 39.8774
116.305 39.8927
116.302 39.9069
116.3 39.9065
116.301 39.9117
116.303 39.9074
116.304 39.9012
116.306 39.8841
116.307 39.8813
116.305 39.9027
116.303 39.9231
116.304 39.9239
116.304 39.911
116.301 39.9066
116.295 39.9064
116.289 39.9083
116.282 39.9172
116.271 39.9187
116.268 39.9161
116.268 39.9061
116.284 39.906
116.289 39.9001
116.288 39.8917
116.284 39.8884
116.284 39.8884
116.268 39.9119
116.269 39.9651
116.328 39.9847
116.396 39.9868
116.391 39.987
116.379 39.9861
116.388 39.9747
116.419 39.9447
116.42 39.9233
116.42 39.9141
116.405 39.923
116.376 39.9213
116.374 39.9324
116.373 39.9584
116.347 39.9676
116.316 39.9659
116.304 39.9557
116.303 39.9384
116.299 39.9383
116.298 39.9618
116.285 39.923
116.285 39.923
116.254 39.9233
116.172 39.9246
116.141 39.9235
116.127 39.9307
116.126 39.934
116.109 39.922
116.1 39.8964
116.105 39.9048
116.094 39.9332
116.095 39.9379
116.106 39.9298
116.106 39.9127
116.127 39.8871
116.224 39.8922
116.247 39.9062
116.268 39.9164
116.269 39.9296
116.281 39.9454
116.3 39.9421
116.313 39.9524
116.339 39.9568
116.343 39.9469
116.348 39.9363
116.35 39.9123
116.342 39.8879
116.342 39.8879
116.344 39.8764
116.368 39.8689
116.394 39.8774
116.382 39.8795
116.379 39.8874
116.361 39.8883
116.357 39.897
116.351 39.9123
116.339 39.9172
116.328 39.9267
116.318 39.9269
116.3 39.9269
116.297 39.9228
116.289 39.9133
116.271 39.899
116.268 39.8892
116.258 39.8772
116.258 39.8772
116.247 39.8765
116.258 39.8883
116.26 39.8927
116.253 39.8957
116.307 39.8957
116.317 39.8956
116.306 39.895
116.306 39.8951
116.303 39.8964
116.277 39.8979
116.277 39.8979
116.277 39.9117
116.277 39.9063
116.268 39.9082
116.259 39.9148
116.269 39.9255
116.277 39.9558
116.275 39.96
116.292 39.9576
116.294 39.9626
116.291 39.9669
116.269 39.9644
116.268 39.9402
116.27 39.9399
116.27 39.9399
116.292 39.9451
116.327 39.9365
116.338 39.9309
116.358 39.931
116.378 39.9317
116.402 39.9319
116.411 39.9266
116.411 39.9186
116.408 39.911
116.407 39.9093
116.397 39.9065
116.39 39.8991
116.381 39.8882
116.369 39.888
116.361 39.8819
116.353 39.8768
116.336 39.867
116.313 39.8668
116.311 39.8668
116.306 39.8695
116.306 39.8729
116.31 39.8811
116.305 39.8769
116.289 39.8652
116.288 39.8493
116.277 39.8558
116.278 39.8605
116.268 39.8921
116.272 39.899
116.274 39.899
116.277 39.899
116.289 39.899
116.301 39.9055
116.305 39.9121
116.304 39.9304
116.304 39.9304
116.304 39.9497
116.315 39.9555
116.329 39.9565
116.328 39.9656
116.349 39.9662
116.348 39.9822
116.347 39.9978
116.344 40.0064
116.333 40.0022
116.322 39.9961
116.31 39.9981
116.31 39.9981
116.322 39.9969
116.327 39.9916
116.327 39.9756
116.328 39.9667
116.339 39.958
116.342 39.9511
116.339 39.9366
116.338 39.9322
116.338 39.9234
116.329 39.917
116.328 39.9142
116.315 39.9072
116.31 39.896
116.31 39.896
116.301 39.9064
116.29 39.9063
116.268 39.9085
116.26 39.9173
116.27 39.9399
116.304 39.9318
116.301 39.9656
116.299 39.9836
116.311 39.9783
116.319 39.9749
116.337 39.975
116.348 39.986
116.337 39.9754
116.331 39.9754
116.315 39.9798
116.317 39.9842
116.384 39.9865
116.433 39.987
116.427 39.9795
116.418 39.9706
116.419 39.9531
116.419 39.9404
116.42 39.9251
116.42 39.9251
116.412 39.9143
116.408 39.9142
116.411 39.9165
116.412 39.9008
116.412 39.9008
116.413 39.8865
116.392 39.8782
116.393 39.8642
116.378 39.8559
116.337 39.8481
116.311 39.8565
116.306 39.8737
116.305 39.9028
116.289 39.9117
116.277 39.9166
116.289 39.907
116.305 39.8784
116.328 39.8478
116.305 39.8773
116.291 39.896
116.267 39.8972
116.247 39.8886
116.233 39.8885
116.199 39.9074
116.2 39.9265
116.174 39.9252
116.167 39.9234
116.141 39.938
116.141 39.938
116.121 39.9542
116.087 39.9444
116.076 39.9404
116.091 39.942
116.105 39.9245
116.1 39.8952
116.108 39.9187
116.091 39.9421
116.091 39.942
116.12 39.9378
116.158 39.9232
116.192 39.9215
116.204 39.9025
116.208 39.8942
116.339 39.8482
116.385 39.8556
116.396 39.8513
116.413 39.8556
116.437 39.8701
116.437 39.8701
116.43 39.9021
116.429 39.9323
116.428 39.9447
116.411 39.9481
116.402 39.9603
116.401 39.9678
116.302 39.985
116.302 39.985
116.292 39.9826
116.301 39.9648
116.302 39.9613
116.303 39.9539
116.308 39.963
116.358 39.9664
116.41 39.9677
116.439 39.9627
116.455 39.9462
116.455 39.9462
116.455 39.9237
116.428 39.9323
116.419 39.9515
116.412 39.9605
116.411 39.9681
116.392 39.9738
116.388 39.9672
116.374 39.9755
116.355 39.9754
116.346 39.9665
116.346 39.9665
116.303 39.9574
116.299 39.9429
116.291 39.92
116.289 39.9131
116.278 39.9116
116.261 39.9062
116.247 39.8958
116.225 39.8904
116.19 39.8879
116.118 39.8856
116.105 39.9055
116.109 39.9216
116.109 39.9216
116.109 39.9216
116.12 39.9378
116.151 39.9227
116.17 39.9058
116.193 39.9061
116.2 39.9059
116.222 39.9061
116.246 39.9026
116.271 39.8789
116.276 39.8918
116.281 39.8989
116.289 39.899
116.298 39.8959
116.301 39.9059
116.304 39.8994
116.304 39.8994
116.304 39.8994
116.304 39.8995
116.304 39.8995
116.304 39.8995
116.296 39.9007
116.296 39.9044
116.296 39.9044
116.296 39.9046
116.296 39.9049
116.304 39.9192
116.304 39.9151
116.304 39.8969
116.304 39.8849
116.409 39.8413
116.41 39.8371
116.41 39.8371
116.41 39.8371
116.41 39.8371
116.41 39.8371
116.41 39.8371
116.41 39.8371
116.41 39.8371
116.41 39.8371
116.409 39.8407
116.408 39.8527
116.408 39.8544
116.379 39.8558
116.381 39.8639
116.399 39.8706
116.418 39.87
116.431 39.8771
116.434 39.89
116.43 39.903
116.429 39.9228
116.443 39.9216
116.438 39.9267
116.444 39.9222
116.441 39.9164
116.435 39.9222
116.428 39.9361
116.445 39.9535
116.445 39.9535
116.454 39.9764
116.462 39.9855
116.461 39.9889
116.442 39.9842
116.418 39.9924
116.401 39.9873
116.377 39.9811
116.404 39.9871
116.417 39.9873
116.408 39.9802
116.401 39.9684
116.386 39.9868
116.321 39.9847
116.302 39.9851
116.302 39.9851
116.31 39.9846
116.327 39.988
116.306 39.9851
116.318 39.9843
116.383 39.9864
116.389 39.9571
116.423 39.9483
116.423 39.9483
116.429 39.9078
116.421 39.9044
116.421 39.9041
116.406 39.9026
116.413 39.9141
116.429 39.9232
116.429 39.9129
116.432 39.9143
116.414 39.9231
116.419 39.9229
116.443 39.9215
116.459 39.9165
116.463 39.92
116.452 39.9324
116.428 39.9331
116.403 39.9477
116.406 39.9477
116.414 39.9579
116.423 39.9483
116.429 39.9038
116.429 39.9038
116.415 39.9006
116.415 39.9006
116.412 39.8999
116.391 39.8988
116.349 39.8973
116.318 39.8998
116.305 39.9103
116.29 39.917
116.279 39.9063
116.247 39.9062
116.226 39.8976
116.223 39.8961
116.105 39.9041
116.106 39.9297
116.103 39.9383
116.081 39.9417
116.075 39.9389
116.075 39.9389
116.096 39.9367
116.106 39.9297
116.107 39.9156
116.104 39.8971
116.107 39.931
116.173 39.9247
116.199 39.9059
116.209 39.9045
116.215 39.9026
116.247 39.9027
116.247 39.9194
116.26 39.9278
116.26 39.9278
116.268 39.912
116.3 39.8957
116.314 39.8955
116.306 39.8954
116.306 39.895
116.307 39.8952
116.329 39.8963
116.343 39.8736
116.4 39.8706
116.43 39.8683
116.416 39.8645
116.416 39.8645
116.408 39.8653
116.368 39.8694
116.379 39.8693
116.378 39.8592
116.354 39.8526
116.327 39.8477
116.315 39.8468
116.303 39.8461
116.292 39.8415
116.278 39.8507
116.272 39.8743
116.287 39.8956
116.289 39.8985
116.299 39.906
116.299 39.906
116.304 39.9214
116.318 39.927
116.327 39.927
116.312 39.9313
116.286 39.9311
116.296 39.9268
116.295 39.9292
116.282 39.9282
116.269 39.9352
116.282 39.9431
116.29 39.953
116.282 39.9582
116.291 39.9249
116.302 39.9057
116.304 39.8826
116.312 39.8829
116.315 39.8872
116.312 39.8774
116.315 39.887
116.324 39.8886
116.336 39.888
116.34 39.8882
116.34 39.8882
116.357 39.8879
116.357 39.8933
116.351 39.9019
116.351 39.909
116.351 39.9079
116.35 39.9313
116.356 39.9494
116.349 39.9422
116.349 39.9289
116.35 39.9234
116.35 39.9126
116.365 39.8982
116.377 39.8986
116.389 39.8909
116.413 39.8853
116.415 39.8685
116.415 39.8601
116.403 39.8558
116.381 39.8559
116.352 39.852
116.331 39.8474
116.359 39.8567
116.358 39.8661
116.368 39.8766
116.368 39.885
116.368 39.885
116.368 39.8864
116.368 39.8912
116.368 39.9006
116.368 39.9024
116.368 39.9031
116.368 39.9044
116.367 39.9084
116.367 39.9133
116.355 39.9127
116.35 39.9218
116.35 39.9423
116.364 39.9738
116.364 39.9669
116.409 39.9675
116.412 39.9636
116.419 39.9671
116.419 39.9671
116.418 39.9815
116.415 39.9821
116.409 39.9908
116.381 39.9868
116.363 39.9918
116.359 39.9997
116.346 40.0128
116.346 40.0066
116.334 39.9924
116.347 39.9752
116.327 39.9791
116.321 39.9891
116.319 39.9847
116.28 39.9745
116.269 39.9257
116.279 39.9133
116.274 39.9234
116.294 39.9444
116.304 39.9352
116.313 39.952
116.333 39.9474
116.347 39.9387
116.347 39.9387
116.337 39.9374
116.318 39.9478
116.322 39.9517
116.308 39.9394
116.304 39.9044
116.314 39.8952
116.315 39.895
116.305 39.8986
116.296 39.9133
116.289 39.9464
116.286 39.9442
116.304 39.9333
116.308 39.9396
116.311 39.9542
116.303 39.9487
116.295 39.9271
116.295 39.9263
116.295 39.9281
116.304 39.932
116.285 39.923
116.259 39.9203
116.252 39.9066
116.231 39.9063
116.198 39.9062
116.192 39.9216
116.18 39.9184
116.193 39.914
116.181 39.9098
116.173 39.9248
116.163 39.9233
116.126 39.934
116.096 39.9371
116.1 39.9306
116.104 39.8981
116.107 39.9142
116.101 39.9436
116.078 39.9405
116.1 39.9317
116.104 39.8971
116.1 39.8964
116.1 39.8964
116.1 39.8964
116.1 39.8964
116.1 39.8964
116.1 39.8964
116.099 39.8946
116.109 39.9181
116.111 39.9274
116.11 39.9353
116.183 39.9213
116.2 39.9109
116.205 39.8991
116.224 39.8923
116.224 39.8923
116.223 39.8908
116.24 39.8883
116.254 39.892
116.261 39.9043
116.289 39.9054
116.289 39.8882
116.291 39.8678
116.288 39.8655
116.305 39.8832
116.305 39.8992
116.305 39.8992
116.305 39.8992
116.304 39.903
116.294 39.896
116.291 39.896
116.291 39.8959
116.291 39.896
116.291 39.896
116.291 39.896
116.291 39.896
116.291 39.896
116.289 39.8989
116.289 39.8989
116.278 39.8991
116.255 39.8959
116.238 39.8961
116.232 39.896
116.287 39.8957
116.347 39.8966
116.368 39.8969
116.353 39.8985
116.343 39.8969
116.289 39.8954
116.268 39.8884
116.226 39.8959
116.167 39.8902
116.098 39.8959
116.105 39.9023
116.101 39.9297
116.101 39.9297
116.077 39.94
116.075 39.9389
116.097 39.9365
116.108 39.9265
116.104 39.8991
116.107 39.914
116.095 39.9381
116.073 39.9379
116.074 39.9393
116.075 39.9392
116.089 39.9424
116.106 39.9332
116.105 39.9061
116.135 39.8881
116.198 39.8884
116.269 39.8957
116.269 39.8957
116.34 39.8965
116.35 39.9299
116.405 39.9477
116.425 39.9399
116.411 39.9324
116.379 39.9319
116.359 39.9393
116.377 39.9317
116.4 39.9299
116.397 39.9147
116.385 39.9206
116.383 39.8884
116.368 39.8932
116.368 39.9063
116.359 39.9222
116.358 39.9392
116.371 39.9583
116.365 39.9498
116.35 39.9254
116.342 39.8949
116.367 39.8688
116.394 39.8642
116.394 39.8751
116.394 39.8751
116.379 39.8832
116.373 39.8882
116.37 39.8914
116.368 39.8979
116.346 39.9
116.337 39.9033
116.34 39.921
116.35 39.9361
116.394 39.9475
116.402 39.9506
116.402 39.9563
116.391 39.9619
116.388 39.9687
116.37 39.9755
116.373 39.9754
116.349 39.9753
116.319 39.975
116.305 39.9745
116.307 39.9744
116.307 39.9624
116.318 39.9555
116.327 39.9354
116.32 39.9307
116.342 39.9381
116.349 39.9649
116.347 39.9993
116.349 40.0214
116.353 40.0291
116.341 40.0343
116.325 40.0347
116.304 40.0355
116.275 40.0326
116.272 40.0249
116.256 40.0019
116.211 39.9924
116.204 39.9917
116.221 39.9956
116.251 40.0047
116.277 40
116.288 39.9954
116.299 39.9851
116.303 39.9764
116.311 39.9746
116.315 39.9663
116.319 39.9645
116.319 39.965
116.303 39.9497
116.284 39.923
116.25 39.9237
116.25 39.9237
116.227 39.9237
116.193 39.9237
116.165 39.9234
116.158 39.9286
116.154 39.9288
116.176 39.9255
116.183 39.9301
116.201 39.9264
116.185 39.935
116.191 39.9467
116.195 39.9326
116.233 39.9284
116.243 39.9172
116.256 39.9164
116.268 39.9078
116.289 39.8921
116.29 39.8884
116.268 39.9035
116.259 39.9235
116.252 39.9063
116.258 39.9164
116.268 39.9066
116.289 39.9062
116.311 39.898
116.322 39.8956
116.322 39.8956
116.348 39.867
116.378 39.8619
116.361 39.8546
116.327 39.848
116.299 39.8568
116.286 39.8487
116.277 39.8596
116.271 39.8786
116.272 39.923
116.312 39.9224
116.312 39.9224
116.304 39.9234
116.275 39.9233
116.259 39.9279
116.284 39.9229
116.304 39.9093
116.278 39.9063
116.261 39.9063
116.22 39.9063
116.206 39.9154
116.206 39.9154
116.19 39.9236
116.157 39.9234
116.126 39.9343
116.101 39.9289
116.1 39.9326
116.088 39.943
116.076 39.9399
116.076 39.9399
116.076 39.9399
116.077 39.9405
116.099 39.9329
116.103 39.8952
116.104 39.8966
116.106 39.9298
116.101 39.9436
116.083 39.9418
116.104 39.9252
116.099 39.8965
116.1 39.8964
116.105 39.9044
116.107 39.9303
116.094 39.9426
116.088 39.9637
116.063 39.9858
116.063 39.9858
116.035 39.9868
116.019 39.9957
116.015 39.9741
115.982 39.9695
115.981 39.9695
115.975 39.9677
115.979 39.9691
115.996 39.9716
116.011 39.9838
116.034 39.9995
116.06 39.9803
116.086 39.971
116.092 39.9504
116.108 39.9261
116.099 39.8955
116.1 39.8965
116.105 39.8993
116.101 39.929
116.094 39.9423
116.093 39.95
116.095 39.9505
116.095 39.9505
116.095 39.9505
116.095 39.9505
116.092 39.9423
