116.482 39.9872
116.431 39.9483
116.395 39.9476
116.378 39.9475
116.366 39.9472
116.351 39.9431
116.35 39.9277
116.35 39.9192
116.35 39.9002
116.35 39.9002
116.344 39.8747
116.347 39.8925
116.346 39.9051
116.347 39.9295
116.353 39.9223
116.353 39.9105
116.362 39.9173
116.367 39.9309
116.366 39.9386
116.377 39.9473
116.402 39.9567
116.401 39.9774
116.402 40.0028
116.398 40.0036
116.403 40.0245
116.407 40.008
116.394 39.9992
116.376 39.9865
116.328 39.9851
116.316 39.9866
116.328 39.9953
116.339 39.9995
116.339 39.9995
116.335 40.0052
116.345 39.9995
116.334 39.9993
116.334 39.9992
116.347 39.9813
116.304 39.9619
116.296 39.9412
116.277 39.9453
116.272 39.97
116.272 39.97
116.28 39.9892
116.275 39.9772
116.284 39.9583
116.269 39.9621
116.269 39.9294
116.259 39.9063
116.23 39.9063
116.216 39.9237
116.252 39.9228
116.259 39.9227
116.289 39.9175
116.299 39.9226
116.31 39.9268
116.32 39.9231
116.303 39.9227
116.304 39.9119
116.304 39.908
116.308 39.9061
116.315 39.9061
116.328 39.906
116.333 39.9059
116.333 39.9059
116.341 39.9059
116.359 39.9059
116.366 39.9058
116.401 39.9065
116.408 39.9038
116.411 39.9032
116.403 39.8999
116.393 39.8993
116.368 39.8984
116.358 39.8981
116.303 39.8877
116.304 39.9014
116.304 39.9014
116.304 39.9194
116.302 39.9592
116.346 39.9624
116.343 39.9568
116.339 39.9659
116.339 39.9659
116.34 39.9623
116.336 39.9638
116.363 39.9662
116.382 39.9619
116.39 39.9671
116.412 39.974
116.442 39.9755
116.451 39.9686
116.449 39.9657
116.442 39.9628
116.406 39.9678
116.388 39.9677
116.431 39.9678
116.459 39.9489
116.467 39.934
116.438 39.9323
116.428 39.9242
116.429 39.9111
116.439 39.8857
116.41 39.8703
116.383 39.8749
116.387 39.8822
116.381 39.8518
116.394 39.8529
116.409 39.8436
116.409 39.8436
116.424 39.8569
116.462 39.8698
116.445 39.877
116.465 39.8685
116.462 39.881
116.456 39.8916
116.456 39.9064
116.451 39.9123
116.441 39.9071
116.415 39.9229
116.42 39.9274
116.437 39.9295
116.438 39.9255
116.455 39.8766
116.426 39.8573
116.359 39.854
116.348 39.8444
116.364 39.855
116.422 39.8562
116.422 39.8465
116.423 39.8571
116.394 39.8511
116.362 39.8299
116.291 39.8295
116.281 39.8368
116.279 39.8631
116.289 39.8881
116.293 39.9062
116.329 39.906
116.368 39.9057
116.405 39.9072
116.411 39.9197
116.433 39.9323
116.44 39.9255
116.44 39.9255
116.439 39.9257
116.438 39.926
116.437 39.9261
116.437 39.9282
116.453 39.9324
116.455 39.8838
116.411 39.8557
116.359 39.8528
116.358 39.8492
116.371 39.869
116.428 39.8695
116.43 39.9079
116.437 39.9271
116.444 39.9391
116.449 39.9465
116.449 39.9465
116.449 39.9465
116.449 39.9465
116.455 39.9479
116.462 39.9602
116.471 39.9689
116.483 39.9884
116.488 39.9939
116.488 39.9939
116.506 40.011
116.506 40.0111
116.506 40.0111
116.506 40.0111
116.506 40.011
116.477 39.9831
116.449 39.9793
116.445 39.9707
116.446 39.9703
116.446 39.9703
116.446 39.9703
116.447 39.9572
116.458 39.9443
116.447 39.9399
116.43 39.9397
116.409 39.9479
116.37 39.9476
116.365 39.9538
116.363 39.988
116.363 39.9863
116.407 39.9871
116.422 39.9875
116.455 39.9756
116.428 39.9821
116.428 39.9821
116.466 39.9652
116.462 39.9501
116.444 39.9429
116.444 39.9429
116.426 39.9398
116.402 39.9415
116.402 39.9514
116.412 39.9579
116.419 39.9533
116.419 39.9515
116.41 39.9434
116.402 39.9395
116.403 39.9331
116.39 39.932
116.382 39.9211
116.368 39.9152
116.367 39.9248
116.367 39.9364
116.367 39.9471
116.405 39.9477
116.405 39.9477
116.424 39.9492
116.423 39.9498
116.419 39.9553
116.419 39.9668
116.431 39.9823
116.425 39.9819
116.425 39.9802
116.42 39.9762
116.418 39.9789
116.414 39.9829
116.415 39.9868
116.387 39.9862
116.398 40.008
116.4 40.0038
116.411 40.0043
116.418 39.9929
116.401 39.9878
116.396 39.9739
116.397 39.9739
116.399 39.9739
116.352 39.9664
116.319 39.969
116.319 39.9749
116.311 39.9789
116.311 39.9789
116.302 39.9744
116.301 39.9696
116.308 39.9747
116.346 39.9751
116.356 39.9663
116.379 39.9629
116.386 39.9668
116.411 39.9675
116.418 39.9742
116.418 39.979
116.427 39.9876
116.469 39.9763
116.47 39.9675
116.454 39.9536
116.455 39.9479
116.449 39.9324
116.439 39.9325
116.426 39.9325
116.402 39.9354
116.402 39.9475
116.401 39.9679
116.401 39.9887
116.424 39.9676
116.455 39.9493
116.457 39.9325
116.446 39.9324
116.43 39.9323
116.428 39.9271
116.428 39.9144
116.421 39.9074
116.42 39.9037
116.42 39.9037
116.412 39.906
116.408 39.9141
116.411 39.9229
116.42 39.925
116.42 39.9398
116.419 39.9467
116.445 39.9535
116.483 39.9863
116.485 39.9789
116.481 39.9801
116.467 39.9829
116.459 39.977
116.458 39.9761
116.428 39.9879
116.374 39.9864
116.31 39.9843
116.302 39.9624
116.303 39.9426
116.303 39.9426
116.288 39.9473
116.308 39.9394
116.35 39.9405
116.391 39.9476
116.428 39.9373
116.429 39.9141
116.432 39.9065
116.435 39.9057
116.431 39.9072
116.425 39.9072
116.415 39.9142
116.411 39.9259
116.397 39.9394
116.389 39.9475
116.38 39.95
116.376 39.9615
116.389 39.9504
116.402 39.9487
116.425 39.9582
116.435 39.9558
116.429 39.9582
116.429 39.9582
116.419 39.9694
116.418 39.9848
116.401 39.99
116.408 39.988
116.304 39.9744
116.311 39.9795
116.3 39.9842
116.303 39.9979
116.315 39.991
116.331 39.9916
116.334 39.9874
116.334 39.9874
116.334 39.9871
116.333 39.9917
116.327 39.9915
116.31 39.9851
116.309 39.9844
116.283 39.9814
116.286 39.9806
116.268 39.943
116.267 39.9063
116.267 39.9061
116.288 39.9062
116.304 39.8909
116.303 39.8832
116.311 39.8835
116.312 39.8756
116.304 39.8859
116.313 39.8956
116.315 39.8956
116.336 39.8961
116.368 39.8985
116.367 39.9302
116.401 39.9395
116.405 39.9393
116.405 39.9395
116.405 39.9395
116.405 39.9395
116.405 39.9395
116.405 39.9395
116.405 39.9395
116.405 39.9395
116.405 39.9395
116.405 39.9395
116.405 39.9395
116.405 39.9395
116.414 39.9396
116.415 39.9396
116.415 39.9396
116.414 39.9396
116.414 39.9396
116.414 39.9396
116.411 39.9395
116.419 39.951
116.424 39.9396
116.415 39.9396
116.415 39.9396
116.428 39.9316
116.442 39.9071
116.472 39.9098
116.484 39.9184
116.484 39.9184
116.51 39.9191
116.512 39.9213
116.548 39.9227
116.603 39.9235
116.636 39.9261
116.637 39.9271
116.617 39.925
116.592 39.9247
116.563 39.9231
116.52 39.9226
116.495 39.922
116.512 39.9209
116.507 39.922
116.495 39.9303
116.495 39.9305
116.497 39.9304
116.497 39.9304
116.497 39.9304
116.497 39.9304
116.497 39.9304
116.497 39.9304
116.497 39.9304
116.479 39.9218
116.515 39.9222
116.557 39.918
116.558 39.9227
116.523 39.9226
116.512 39.922
116.484 39.9312
116.484 39.9312
116.472 39.9655
116.473 39.9706
116.484 39.9863
116.488 39.9937
116.488 39.9937
116.489 39.9941
116.506 40.011
116.467 40.0103
116.457 40.0121
116.457 40.0118
116.456 40.0115
116.459 40
116.442 39.9935
116.421 39.9922
116.42 40.0009
116.415 39.9923
116.411 39.9821
116.411 39.9774
116.424 39.9821
116.434 39.9656
116.452 39.9536
116.455 39.923
116.451 39.9183
116.454 39.953
116.475 39.9769
116.484 39.9705
116.484 39.9705
116.509 39.9744
116.534 39.9697
116.527 39.9645
116.511 39.9506
116.496 39.9351
116.484 39.9325
116.484 39.9325
116.475 39.93
116.461 39.9072
116.456 39.9113
116.447 39.9202
116.444 39.921
116.435 39.9232
116.444 39.9399
116.455 39.9365
116.455 39.9152
116.458 39.9064
116.459 39.9051
116.459 39.9047
116.459 39.9049
116.466 39.9068
116.483 39.88
116.479 39.8343
116.479 39.8343
116.467 39.8026
116.479 39.7998
116.486 39.8137
116.467 39.8367
116.455 39.8444
116.448 39.8526
116.452 39.8375
116.447 39.8544
116.432 39.8625
116.433 39.8632
116.432 39.8637
116.429 39.8642
116.425 39.8608
116.432 39.8574
116.452 39.8641
116.465 39.8748
116.471 39.8915
116.467 39.8942
116.482 39.8827
116.502 39.8785
116.502 39.8798
116.484 39.8837
116.486 39.892
116.46 39.8921
116.467 39.8944
116.459 39.8921
116.459 39.8921
116.433 39.8948
116.423 39.896
116.418 39.9029
116.43 39.9034
116.43 39.899
116.426 39.896
116.422 39.8958
116.413 39.8991
116.413 39.8991
116.414 39.9067
116.412 39.9027
116.418 39.9068
116.428 39.8996
116.427 39.8959
116.419 39.8958
116.412 39.8985
116.406 39.8996
116.404 39.8959
116.412 39.8933
116.413 39.8921
116.435 39.8925
116.447 39.879
116.456 39.8749
116.46 39.8847
116.444 39.8923
116.422 39.8923
116.413 39.8918
116.389 39.8892
116.37 39.888
116.352 39.8881
116.326 39.8887
116.32 39.8895
116.32 39.8903
116.32 39.8903
116.32 39.8903
116.32 39.8903
116.32 39.8903
116.32 39.8903
116.32 39.8903
116.32 39.8903
116.32 39.8903
116.32 39.8903
116.32 39.8903
116.32 39.8903
116.323 39.8935
116.353 39.8979
116.367 39.8984
116.384 39.8988
116.402 39.8994
116.435 39.8976
116.451 39.8921
116.454 39.8924
116.459 39.8881
116.457 39.8859
116.457 39.8848
116.467 39.8919
116.467 39.8921
116.449 39.8976
116.441 39.8974
116.424 39.8923
116.407 39.8916
116.379 39.8882
116.363 39.8879
116.363 39.8879
116.318 39.8921
116.315 39.892
116.305 39.886
116.304 39.9088
116.336 39.9646
116.34 39.9575
116.354 39.9662
116.351 39.9638
116.387 39.9665
116.411 39.9479
116.429 39.9139
116.412 39.9033
116.408 39.9143
116.411 39.9224
116.426 39.9323
116.415 39.9323
116.429 39.9322
116.411 39.9323
116.402 39.9604
116.376 39.9669
116.332 39.9732
116.347 39.9709
116.302 39.9614
116.29 39.9575
116.275 39.9601
116.28 39.951
116.282 39.9537
116.269 39.9617
116.269 39.9203
116.259 39.9021
116.241 39.8886
116.25 39.8883
116.259 39.9021
116.269 39.916
116.286 39.9179
116.295 39.9307
116.319 39.9374
116.317 39.9586
116.328 39.9638
116.336 39.9635
116.363 39.9566
116.432 39.9254
116.44 39.9256
116.438 39.9256
116.438 39.9287
116.405 39.9081
116.411 39.922
116.44 39.9255
116.445 39.943
116.449 39.9465
116.449 39.9464
116.449 39.9464
116.437 39.9639
116.41 39.9874
116.395 39.9927
116.404 40.008
116.408 40.0079
116.401 40.0042
116.376 39.9809
116.376 39.9809
116.385 39.9811
116.385 39.981
116.385 39.9811
116.385 39.9811
116.385 39.9811
116.385 39.9811
116.387 39.9812
116.416 39.9879
116.416 39.9879
116.41 40.0092
116.431 40.0322
116.412 40.0311
116.409 40.0015
116.408 39.9938
116.407 39.9942
116.407 39.9939
116.408 39.9939
116.407 39.9939
116.407 39.9938
116.407 39.9938
116.407 39.9939
116.407 39.9939
116.407 39.994
116.407 39.994
116.407 39.994
116.407 39.9935
116.407 39.9935
116.407 39.9935
116.407 39.9935
116.407 39.9935
116.407 39.9935
116.407 39.9935
116.407 39.9935
116.407 39.9935
116.407 39.9935
116.407 39.9935
116.401 39.9789
116.416 39.9677
116.423 39.9679
116.449 39.9496
116.468 39.9519
116.492 39.9597
116.492 39.9597
116.484 39.9864
116.507 40.0107
116.507 40.011
116.507 40.011
116.506 40.0109
116.482 39.988
116.459 39.9761
116.393 39.8558
116.394 39.8401
116.396 39.8161
116.389 39.7959
116.392 39.79
116.393 39.8016
116.396 39.8122
116.395 39.8338
116.394 39.8545
116.405 39.8869
116.406 39.8989
116.405 39.9143
116.405 39.9143
116.4 39.9271
116.403 39.9393
116.401 39.9658
116.401 39.9712
116.404 39.9813
116.405 39.9836
116.401 39.9817
116.402 39.9608
116.402 39.9373
116.405 39.9175
116.403 39.9293
116.39 39.9379
116.408 39.9396
116.419 39.9325
116.39 39.9334
116.391 39.9474
116.428 39.9455
116.429 39.9091
116.454 39.9067
116.458 39.9056
116.472 39.9068
116.472 39.9162
116.469 39.9297
116.463 39.9219
116.463 39.9219
116.456 39.922
116.431 39.9232
116.413 39.923
116.4 39.9259
116.409 39.932
116.444 39.9318
116.427 39.9324
116.455 39.9399
116.458 39.9566
116.483 39.9716
116.489 39.9706
116.489 39.9705
116.455 39.9753
116.393 39.9869
116.328 39.985
116.31 39.9836
116.31 39.9762
116.33 39.9751
116.35 39.9751
116.365 39.9497
116.366 39.9408
116.367 39.9239
116.367 39.9207
116.367 39.9148
116.366 39.9123
116.367 39.9132
116.367 39.9225
116.367 39.9377
116.367 39.9403
116.366 39.9466
116.402 39.9503
116.407 39.9676
116.445 40
116.464 40.0102
116.473 40.0117
116.473 40.0115
116.467 40.009
116.467 40.0037
116.458 39.9857
116.422 39.9877
116.372 39.9869
116.354 39.9664
116.302 39.9593
116.293 39.9452
116.288 39.9463
116.318 39.9374
116.318 39.9524
116.312 39.9649
116.322 39.9659
116.333 39.9608
116.33 39.9609
116.328 39.9653
116.328 39.9653
116.323 39.9663
116.32 39.9662
116.319 39.9733
116.336 39.975
116.349 39.9752
116.363 39.9753
116.381 39.9754
116.375 39.976
116.363 39.9863
116.405 39.9869
116.415 39.9872
116.452 39.9773
116.466 39.9823
116.462 39.9787
116.453 39.9772
116.439 39.9864
116.415 39.9877
116.408 39.987
116.416 39.9873
116.418 39.9821
116.418 39.9794
116.412 39.9694
116.418 39.9792
116.444 39.9825
116.457 39.985
116.462 39.998
116.459 39.9767
116.458 39.9763
116.484 39.9477
116.483 39.9043
116.441 39.9072
116.435 39.9134
116.435 39.9134
116.435 39.9134
116.432 39.9168
116.435 39.9253
116.456 39.9633
116.467 39.9821
116.464 39.9858
116.464 39.9857
116.482 39.9724
116.497 39.9643
116.497 39.9706
116.49 39.9707
116.49 39.9707
116.49 39.9707
116.49 39.9707
116.472 39.9787
116.46 39.9768
116.459 39.9769
116.459 39.9769
116.459 39.9769
116.458 39.9763
116.471 39.9647
116.484 39.9131
116.527 39.9081
116.597 39.9078
116.638 39.9056
116.663 39.9075
116.684 39.9136
116.692 39.9195
116.685 39.9142
116.659 39.9074
116.638 39.9057
116.642 39.9003
116.627 39.9057
116.593 39.9111
116.567 39.9143
116.567 39.9143
116.543 39.9149
116.521 39.9161
116.485 39.9143
116.476 39.9218
116.478 39.9323
116.483 39.9551
116.497 39.9656
116.497 39.9703
116.474 39.9778
116.46 39.9789
116.466 39.9682
116.467 39.9462
116.456 39.9325
116.438 39.9324
116.411 39.9325
116.42 39.9319
116.42 39.9339
116.415 39.9482
116.401 39.9668
116.401 39.9933
116.395 40.0013
116.401 39.9975
116.409 39.9905
116.402 39.9933
116.401 39.996
116.418 39.992
116.417 39.9878
116.417 39.9877
116.417 39.9878
116.416 39.9921
116.415 39.9852
116.417 39.9878
116.417 39.9878
116.417 39.9878
116.418 39.9752
116.42 39.9579
116.419 39.9484
116.414 39.9395
116.417 39.9396
116.41 39.9495
116.421 39.9608
116.416 39.968
116.388 39.9694
116.396 39.9727
116.388 39.9761
116.375 39.9866
116.373 40.0004
116.37 40.0084
116.401 39.9938
116.422 39.9821
116.431 39.9823
116.431 39.9821
116.431 39.9821
116.431 39.9821
116.431 39.9821
116.431 39.9821
116.431 39.9821
116.431 39.9821
116.431 39.9821
116.431 39.9821
116.443 39.9834
116.459 39.9758
116.467 39.9769
116.467 39.977
116.467 39.9748
116.501 40.0054
116.5 40.0067
116.503 40.0072
116.506 40.011
116.506 40.011
116.506 40.011
116.506 40.011
116.489 40.0042
116.467 40.0129
116.457 40.0111
116.457 40.0118
116.457 40.0117
116.457 40.0117
116.457 40.0117
116.456 40.0116
116.456 40.0115
116.46 39.9872
116.449 39.98
116.433 39.9669
116.423 39.9609
116.399 39.9609
116.396 39.964
116.393 39.9653
116.386 39.9671
116.349 40.0213
116.35 40.0156
116.352 40.0069
116.337 39.9996
116.347 39.9916
116.344 39.9666
116.303 39.956
116.294 39.9449
116.268 39.9425
116.266 39.9496
116.24 39.9417
116.247 39.9169
116.258 39.9165
116.332 39.8961
116.368 39.8977
116.369 39.8877
116.385 39.8884
116.411 39.8916
116.428 39.9218
116.402 39.9482
116.403 39.9672
116.406 39.9674
116.412 39.9737
116.425 39.981
116.411 39.9735
116.357 39.9664
116.303 39.9509
116.29 39.9462
116.282 39.9578
116.275 39.9626
116.282 39.9603
116.289 39.9475
116.289 39.9121
116.289 39.8977
116.278 39.899
116.289 39.9038
116.304 39.9112
116.305 39.9221
116.314 39.9224
116.304 39.9271
116.317 39.9376
116.327 39.9508
116.339 39.9595
116.351 39.9662
116.354 39.9662
116.364 39.9638
116.379 39.9444
116.379 39.9444
116.385 39.95
116.379 39.9624
116.395 39.9621
116.402 39.9513
116.412 39.9581
116.409 39.9578
116.412 39.9673
116.388 39.9756
116.366 39.9974
116.38 40.0084
116.396 40.004
116.397 40.0035
116.402 40.0199
116.406 40.0461
116.392 40.0563
116.377 40.0675
116.352 40.0796
116.322 40.0838
116.328 40.0784
116.311 40.0684
116.308 40.0429
116.308 40.0429
116.308 40.0365
116.3 40.0435
116.307 40.0288
116.306 40.0316
116.305 40.0329
116.309 40.0032
116.321 39.9912
116.334 39.9955
116.335 39.9847
116.359 39.9753
116.361 39.9752
116.397 39.9674
116.419 39.9579
116.426 39.9578
116.438 39.9538
116.458 39.9572
116.452 39.9541
116.441 39.9618
116.429 39.9768
116.452 39.964
116.455 39.9413
116.455 39.8895
116.45 39.8814
116.455 39.8797
116.46 39.8595
116.484 39.8416
116.502 39.829
116.482 39.8439
116.484 39.8844
116.484 39.9319
116.472 39.9258
116.469 39.9216
116.46 39.9122
116.442 39.912
116.435 39.9189
116.444 39.936
116.441 39.9561
116.445 39.9463
116.437 39.9287
116.434 39.9296
116.434 39.9314
116.449 39.9271
116.453 39.9476
116.441 39.9219
116.423 39.9484
116.423 39.9484
116.354 39.9437
116.318 39.9495
116.311 39.9755
116.304 39.9837
116.31 39.9808
116.317 39.9652
116.323 39.9658
116.32 39.9268
116.304 39.9175
116.307 39.8844
116.32 39.8793
116.334 39.8885
116.368 39.8879
116.406 39.8915
116.412 39.8997
116.411 39.9218
116.417 39.9322
116.426 39.9507
116.445 39.9657
116.449 39.9791
116.457 39.985
116.455 39.9759
116.45 39.979
116.432 39.988
116.432 39.988
116.411 39.9978
116.413 40.0312
116.421 40.0313
116.41 40.01
116.401 40.0041
116.412 39.9948
116.401 39.9943
116.409 39.9819
116.4 39.974
116.38 39.9755
116.371 39.9789
116.369 39.9697
116.401 39.9674
116.41 39.9625
116.402 39.9607
116.387 39.9813
116.374 39.9996
116.381 39.9825
116.39 39.9671
116.449 39.9557
116.463 39.9324
116.489 39.933
116.51 39.9463
116.511 39.9305
116.515 39.9222
116.49 39.9218
116.458 39.922
116.466 39.8724
116.462 39.8723
116.456 39.9116
116.437 39.9224
116.422 39.923
116.422 39.923
116.444 39.9213
116.466 39.9217
116.49 39.9217
116.496 39.93
116.506 39.9148
116.545 39.9147
116.548 39.9214
116.524 39.9395
116.51 39.9571
116.497 39.9668
116.494 39.9706
116.536 39.9706
116.549 39.9697
116.518 39.9622
116.511 39.9394
116.51 39.9153
116.488 39.9216
116.56 39.9228
116.558 39.923
116.515 39.9227
116.473 39.9217
116.447 39.9203
116.449 39.9215
116.449 39.9215
116.437 39.9266
116.438 39.9268
116.437 39.9281
116.437 39.9289
116.417 39.9482
116.349 39.9412
116.304 39.9455
116.299 39.9538
116.322 39.966
116.359 39.9707
116.363 39.9783
116.371 39.9752
116.376 39.9667
116.424 39.9681
116.448 39.9557
116.473 39.9797
116.497 40.0025
116.507 40.0111
116.507 40.011
116.507 40.011
116.507 40.011
116.501 40.0059
116.472 39.9875
116.462 39.978
116.463 39.9808
116.463 39.9808
116.463 39.9809
116.468 39.9813
116.447 39.9568
116.455 39.9035
116.434 39.8576
116.395 39.8195
116.389 39.7995
116.392 39.7904
116.393 39.8014
116.393 39.8014
116.396 39.8121
116.395 39.8361
116.394 39.8668
116.384 39.8849
116.378 39.8979
116.376 39.9129
116.367 39.931
116.358 39.9419
116.349 39.9305
116.394 39.8639
116.423 39.8697
116.43 39.9018
116.426 39.9396
116.41 39.9396
116.402 39.9468
116.412 39.956
116.419 39.9482
116.434 39.9398
116.419 39.9528
116.426 39.953
116.428 39.9248
116.44 39.8787
116.425 39.8672
116.428 39.8646
116.432 39.8762
116.438 39.8919
116.425 39.9087
116.412 39.9143
116.403 39.9266
116.39 39.9322
116.361 39.9311
116.353 39.9357
116.369 39.9312
116.388 39.932
116.42 39.9271
116.421 39.9177
116.407 39.9068
116.373 39.9059
116.368 39.9105
116.371 39.9162
116.385 39.906
116.419 39.9068
116.437 39.897
116.445 39.8785
116.44 39.8806
116.425 39.8829
116.412 39.8966
116.412 39.9085
116.411 39.9212
116.432 39.923
116.452 39.9187
116.496 39.9146
116.512 39.9215
116.512 39.9215
116.515 39.94
116.546 39.9478
116.551 39.9643
116.551 39.9643
116.547 39.9734
116.55 39.9582
116.546 39.9741
116.522 39.9766
116.497 39.9675
116.492 39.9546
116.484 39.9652
116.483 39.9883
116.479 39.9849
116.489 39.9706
116.489 39.9704
116.489 39.9704
116.489 39.9704
116.489 39.9704
116.473 39.9703
116.455 39.9478
116.434 39.9398
116.413 39.9396
116.409 39.9393
116.412 39.9149
116.412 39.8999
116.41 39.8955
116.412 39.8947
116.416 39.8825
116.428 39.8805
116.413 39.8908
116.406 39.8991
116.405 39.907
116.412 39.9111
116.411 39.9288
116.419 39.9396
116.441 39.9399
116.441 39.9399
116.439 39.94
116.428 39.9336
116.438 39.8956
116.415 39.87
116.409 39.8559
116.409 39.8389
116.408 39.8489
116.407 39.8642
116.415 39.879
116.411 39.8958
116.405 39.9059
116.405 39.9073
116.419 39.923
116.428 39.9351
116.456 39.9404
116.443 39.94
116.42 39.9398
116.411 39.9397
116.42 39.9279
116.42 39.9144
116.419 39.9143
116.405 39.9226
116.402 39.9355
116.402 39.9355
116.402 39.9568
116.421 39.968
116.445 39.9589
116.46 39.9677
116.444 39.9757
116.425 39.9774
116.419 39.9617
116.402 39.9578
116.399 39.9505
116.389 39.9477
116.35 39.9289
116.337 39.8965
116.303 39.8903
116.303 39.8835
116.314 39.8955
116.342 39.8956
116.37 39.8984
116.393 39.8987
116.405 39.9063
116.408 39.9137
116.405 39.9239
116.402 39.9393
116.425 39.9411
116.411 39.9427
116.411 39.9427
116.405 39.9479
116.402 39.9493
116.402 39.9517
116.402 39.9516
116.408 39.9578
116.408 39.9578
116.419 39.9662
116.418 39.9779
116.404 39.9818
116.413 39.982
116.425 39.986
116.443 39.9721
116.445 39.9753
116.459 39.9867
116.467 39.9955
116.466 39.9936
116.459 39.9891
116.462 39.9893
116.449 39.9795
116.4 39.9871
116.377 39.981
116.39 39.9865
116.39 39.9865
116.408 39.987
116.415 39.9821
116.392 39.9869
116.328 39.9851
116.309 39.9992
116.312 40.0164
116.346 40.011
116.368 39.9729
116.373 39.9566
116.378 39.9828
116.373 39.9836
116.373 39.9836
116.331 40.0052
116.334 39.9918
116.352 39.9922
116.371 39.9857
116.413 39.9871
116.363 39.9667
116.388 39.9473
116.359 39.9453
116.355 39.954
116.355 39.954
116.359 39.9566
116.366 39.9475
116.399 39.9395
116.412 39.9396
116.419 39.9478
116.429 39.9596
116.431 39.9628
116.426 39.9875
116.464 39.9768
116.464 39.9768
116.465 39.9775
116.46 39.9791
116.467 39.998
116.473 40.0008
116.473 40.0008
116.473 40.0008
116.467 39.9974
116.467 39.9975
116.467 39.9976
116.459 39.9974
116.458 39.9997
116.476 39.9912
116.497 40.0022
116.497 40.0022
116.5 40.0064
116.5 40.0063
116.5 40.0063
116.5 40.0063
116.5 40.0063
116.5 40.0063
116.5 40.0063
116.5 40.0063
116.5 40.0063
116.5 40.0063
116.5 40.0063
116.5 40.0063
116.5 40.0063
116.5 40.0063
116.5 40.0063
116.5 40.0063
116.5 40.0063
116.5 40.0063
116.5 40.0063
116.5 40.0063
116.5 40.0063
116.5 40.0063
116.5 40.0063
116.5 40.0063
116.5 40.0063
116.5 40.0063
116.5 40.0063
116.5 40.0065
116.496 40.0021
116.484 40.0015
116.462 39.9959
116.462 40.0031
116.463 40.0202
116.477 40.0201
116.489 40.0086
116.487 39.9996
116.478 39.9899
116.466 39.9998
116.467 40.0078
116.461 40.0059
116.447 39.9945
116.424 39.9924
116.423 40.0001
116.418 39.9936
116.419 39.962
116.419 39.962
116.419 39.9486
116.429 39.9309
116.451 39.9323
116.455 39.8911
116.461 39.883
116.459 39.8749
116.419 39.8827
116.421 39.8922
116.421 39.8922
116.413 39.8958
116.412 39.9151
116.411 39.9281
116.41 39.9443
116.401 39.9478
116.356 39.9443
116.328 39.9369
116.308 39.9558
116.309 39.9625
116.319 39.9429
116.334 39.931
116.328 39.9244
116.327 39.9311
116.35 39.9326
116.385 39.9474
116.389 39.9474
116.406 39.9477
116.478 39.9748
116.502 39.987
116.511 40.0002
116.484 39.9874
116.497 39.9725
116.497 39.9754
116.487 39.9707
116.484 39.9718
116.463 39.9616
116.473 39.9535
116.483 39.933
116.501 39.9303
116.501 39.9302
116.496 39.9296
116.471 39.9216
116.455 39.9212
116.438 39.9072
116.421 39.9042
116.406 39.8996
116.386 39.899
116.361 39.8982
116.303 39.8963
116.296 39.8864
116.294 39.8863
116.306 39.8683
116.306 39.8683
116.348 39.8668
116.434 39.8732
116.432 39.8757
116.43 39.8781
116.423 39.8798
116.416 39.8641
116.432 39.8645
116.452 39.8639
116.457 39.9068
116.489 39.9107
116.508 39.9151
116.508 39.9151
116.541 39.9147
116.541 39.9144
116.535 39.9152
116.512 39.9154
116.487 39.9145
116.472 39.921
