116.385 39.9866
116.377 39.9863
116.327 39.9848
116.31 39.9846
116.311 39.976
116.31 39.9644
116.303 39.9547
116.304 39.9314
116.304 39.9204
116.304 39.9121
116.304 39.9104
116.304 39.9025
116.304 39.8847
116.308 39.8846
116.31 39.8858
116.312 39.8759
116.312 39.8668
116.311 39.8668
116.305 39.867
116.31 39.8571
116.31 39.8571
116.322 39.8477
116.339 39.8335
116.339 39.8241
116.339 39.8232
116.339 39.8232
116.339 39.8212
116.341 39.8209
116.368 39.8048
116.394 39.8016
116.412 39.7985
116.415 39.7861
116.404 39.7752
116.382 39.7497
116.382 39.7497
116.382 39.7497
116.38 39.7495
116.377 39.746
116.377 39.746
116.377 39.746
116.375 39.7637
116.372 39.7894
116.385 39.8051
116.398 39.8137
116.398 39.8143
116.396 39.8123
116.383 39.8054
116.375 39.7632
116.377 39.7462
116.369 39.7383
116.382 39.7498
116.382 39.7498
116.382 39.7498
116.401 39.7239
116.382 39.7497
116.382 39.7498
116.382 39.7498
116.382 39.7498
116.375 39.7593
116.372 39.7859
116.372 39.7903
116.366 39.8047
116.366 39.8056
116.355 39.8161
116.341 39.8208
116.34 39.8235
116.331 39.8297
116.281 39.8382
116.268 39.9039
116.269 39.9462
116.282 39.9541
116.287 39.9522
116.285 39.9528
116.291 39.9573
116.299 39.9568
116.304 39.9436
116.329 39.9367
116.339 39.9371
116.343 39.938
116.349 39.9351
116.35 39.9279
116.35 39.9161
116.352 39.9137
116.352 39.9137
116.35 39.9078
116.247 39.8666
116.363 39.8981
116.378 39.8982
116.38 39.8911
116.378 39.8906
116.378 39.8884
116.378 39.8883
116.384 39.8822
116.384 39.8877
116.392 39.8894
116.393 39.8666
116.393 39.8591
116.381 39.863
116.371 39.8762
116.37 39.8725
116.368 39.8758
116.357 39.8768
116.345 39.8821
116.341 39.867
116.341 39.867
116.357 39.8528
116.361 39.8445
116.348 39.8446
116.339 39.8468
116.339 39.8468
116.339 39.8468
116.339 39.8043
116.335 39.7751
116.364 39.7702
116.376 39.7461
116.376 39.7461
116.377 39.7462
116.377 39.7462
116.377 39.7462
116.377 39.7462
116.377 39.7462
116.377 39.7462
116.377 39.7462
116.377 39.7462
116.377 39.7462
116.377 39.7462
116.377 39.7462
116.377 39.7462
116.377 39.7462
116.377 39.7462
116.377 39.7462
116.377 39.7462
116.377 39.7462
116.377 39.7462
116.377 39.7462
116.377 39.7462
116.377 39.7462
116.377 39.7462
116.377 39.7462
116.377 39.7462
116.377 39.7462
116.377 39.7462
116.377 39.7462
116.377 39.7462
116.377 39.7462
116.377 39.7462
116.377 39.7462
116.377 39.7462
116.377 39.7462
116.377 39.7462
116.377 39.7462
116.377 39.7462
116.377 39.7462
116.377 39.7462
116.377 39.7462
116.377 39.7462
116.377 39.7462
116.377 39.7462
116.377 39.7462
116.377 39.7462
116.377 39.7462
116.377 39.7462
116.377 39.7462
116.377 39.7462
116.377 39.7462
116.377 39.7462
116.377 39.7462
116.377 39.7462
116.377 39.7462
116.377 39.7462
116.377 39.7462
116.377 39.7462
116.377 39.7462
116.377 39.7462
116.377 39.7462
116.377 39.7462
116.377 39.7462
116.377 39.7462
116.377 39.7462
116.377 39.7462
116.377 39.7462
116.377 39.7462
116.377 39.7462
116.377 39.7462
116.377 39.7462
116.377 39.7462
116.377 39.7462
116.377 39.7462
116.377 39.7462
116.377 39.7462
116.377 39.7462
116.377 39.7462
116.377 39.7462
116.377 39.7462
116.377 39.7462
116.377 39.7462
116.377 39.7462
116.377 39.7462
116.377 39.7462
116.377 39.7462
116.377 39.7462
116.377 39.7462
116.377 39.7462
116.377 39.7462
116.377 39.7462
116.377 39.7462
116.377 39.7462
116.377 39.7462
116.377 39.7462
116.377 39.7462
116.377 39.7462
116.377 39.7462
116.377 39.7462
116.377 39.7462
116.377 39.7462
116.377 39.7462
116.377 39.7462
116.377 39.7462
116.377 39.7462
116.377 39.7462
116.377 39.7462
116.377 39.7462
116.377 39.7462
116.377 39.7462
116.377 39.7462
116.377 39.7462
116.377 39.7462
116.377 39.7462
116.377 39.7462
116.377 39.7462
116.376 39.7466
116.371 39.7698
116.351 39.7854
116.37 39.7947
116.361 39.8222
116.36 39.8337
116.36 39.8337
116.36 39.8337
116.36 39.8337
116.36 39.8338
116.36 39.8337
116.36 39.8337
116.359 39.8478
116.4 39.8556
116.419 39.8563
116.414 39.8562
116.414 39.8561
116.395 39.8528
116.397 39.8511
116.413 39.8557
116.415 39.8563
116.369 39.856
116.343 39.8496
116.338 39.8501
116.321 39.8465
116.314 39.8469
116.281 39.8396
116.278 39.8372
116.278 39.8365
116.281 39.8275
116.275 39.8261
116.281 39.8337
116.278 39.8347
116.284 39.8317
116.286 39.8355
116.285 39.8355
116.266 39.8378
116.261 39.8544
116.28 39.8746
116.304 39.8822
116.305 39.88
116.305 39.8797
116.305 39.8797
116.305 39.8797
116.305 39.8797
116.305 39.8797
116.305 39.8788
116.292 39.8637
116.305 39.8647
116.315 39.8472
116.328 39.8475
116.309 39.865
116.321 39.8665
116.324 39.8665
116.334 39.8666
116.341 39.8568
116.328 39.8479
116.327 39.8556
116.341 39.8603
116.341 39.8603
116.341 39.8603
116.341 39.8603
116.341 39.8603
116.341 39.8567
116.334 39.8473
116.334 39.8474
116.334 39.8474
116.334 39.8474
116.334 39.8472
116.335 39.8475
116.343 39.8835
116.353 39.8879
116.353 39.8878
116.358 39.8782
116.358 39.8782
116.359 39.8675
116.403 39.8705
116.408 39.8577
116.41 39.8557
116.416 39.8448
116.409 39.8409
116.406 39.8409
116.399 39.8345
116.389 39.8197
116.38 39.8038
116.372 39.8034
116.371 39.809
116.378 39.8254
116.396 39.8316
116.394 39.8524
116.405 39.8554
116.413 39.8553
116.415 39.8684
116.439 39.8739
116.438 39.8937
116.428 39.9235
116.442 39.9255
116.443 39.9255
116.438 39.9266
116.439 39.9412
116.423 39.9395
116.419 39.9368
116.42 39.9262
116.42 39.9212
116.418 39.9206
116.405 39.9224
116.386 39.9217
116.372 39.9265
116.372 39.9265
116.371 39.9217
116.367 39.9132
116.367 39.9098
116.368 39.9064
116.368 39.8989
116.368 39.89
116.368 39.89
116.368 39.8775
116.368 39.8688
116.381 39.8609
116.389 39.8575
116.393 39.8573
116.393 39.8573
116.393 39.8573
116.393 39.8573
116.393 39.8573
116.424 39.8571
116.432 39.8574
116.439 39.8562
116.433 39.8527
116.426 39.8573
116.422 39.86
116.423 39.8601
116.417 39.8566
116.41 39.8605
116.411 39.8606
116.415 39.8566
116.415 39.8563
116.415 39.8563
116.394 39.8535
116.397 39.8507
116.399 39.8555
116.416 39.8629
116.415 39.8819
116.413 39.8946
116.418 39.8992
116.419 39.9034
116.438 39.8948
116.433 39.8694
116.405 39.8709
116.393 39.8624
116.393 39.8624
116.39 39.8559
116.34 39.8456
116.34 39.8011
116.339 39.7824
116.338 39.7827
116.338 39.7827
116.338 39.7827
116.338 39.7827
116.338 39.7827
116.338 39.7827
116.338 39.7827
116.338 39.7827
116.338 39.7827
116.338 39.7827
116.338 39.7827
116.338 39.7827
116.338 39.7827
116.338 39.7827
116.338 39.7827
116.337 39.7826
116.338 39.7828
116.338 39.7828
116.338 39.7828
116.338 39.7828
116.338 39.7828
116.338 39.7828
116.338 39.7828
116.338 39.7828
116.338 39.7828
116.338 39.7828
116.338 39.7828
116.335 39.7785
116.356 39.7713
116.375 39.7638
116.376 39.7463
116.377 39.746
116.377 39.746
116.377 39.746
116.377 39.746
116.377 39.746
116.377 39.746
116.377 39.746
116.377 39.746
116.377 39.746
116.377 39.746
116.377 39.746
116.377 39.746
116.377 39.746
116.377 39.746
116.377 39.746
116.377 39.746
116.377 39.746
116.377 39.746
116.377 39.746
116.377 39.746
116.377 39.746
116.377 39.746
116.377 39.746
116.377 39.746
116.377 39.746
116.377 39.746
116.377 39.746
116.377 39.746
116.377 39.746
116.377 39.746
116.377 39.746
116.377 39.746
116.377 39.746
116.377 39.746
116.377 39.746
116.377 39.746
116.377 39.746
116.377 39.746
116.377 39.746
116.377 39.746
116.377 39.746
116.377 39.746
116.377 39.746
116.377 39.746
116.377 39.746
116.377 39.746
116.377 39.746
116.377 39.746
116.377 39.746
116.377 39.746
116.409 39.856
116.409 39.856
116.409 39.856
116.409 39.856
116.409 39.856
116.409 39.856
116.409 39.856
116.409 39.856
116.409 39.856
116.409 39.856
116.409 39.856
116.409 39.856
116.409 39.856
116.409 39.856
116.409 39.856
116.409 39.856
116.409 39.856
116.409 39.856
116.409 39.856
116.409 39.856
116.409 39.856
116.409 39.856
116.409 39.856
116.409 39.856
116.409 39.856
116.409 39.856
116.409 39.856
116.409 39.856
116.409 39.856
116.409 39.856
116.409 39.856
116.409 39.856
116.409 39.856
116.409 39.856
116.409 39.856
116.409 39.856
116.409 39.856
116.409 39.856
116.409 39.856
116.409 39.856
116.409 39.856
116.409 39.856
116.409 39.856
116.409 39.856
116.409 39.856
116.409 39.856
116.409 39.856
116.409 39.856
116.409 39.856
116.409 39.856
116.409 39.856
116.409 39.856
116.409 39.856
116.409 39.856
116.409 39.856
116.409 39.856
116.409 39.856
116.409 39.856
116.409 39.856
116.377 39.7462
116.377 39.7462
116.377 39.7462
116.377 39.7462
116.377 39.7462
116.377 39.7462
116.375 39.7599
116.358 39.7707
116.353 39.788
116.372 39.7965
116.371 39.8144
116.364 39.8301
116.359 39.8337
116.359 39.8527
116.407 39.8557
116.452 39.8644
116.455 39.887
116.456 39.916
116.455 39.9143
116.452 39.9091
116.449 39.913
116.449 39.913
116.456 39.9174
116.461 39.9232
116.46 39.9278
116.456 39.9309
116.458 39.9325
116.448 39.9324
116.444 39.9242
116.444 39.9165
116.444 39.9089
116.453 39.9069
116.453 39.8954
116.452 39.8942
116.433 39.9018
116.429 39.9222
116.433 39.9229
116.438 39.9196
116.435 39.9138
116.455 39.9087
116.455 39.9075
116.455 39.911
116.455 39.9083
116.455 39.9083
116.454 39.8959
116.438 39.8926
116.434 39.8831
116.432 39.8671
116.424 39.8629
116.418 39.8569
116.412 39.856
116.443 39.8581
116.456 39.9019
116.483 39.9048
116.492 39.9065
116.507 39.9064
116.52 39.9076
116.506 39.9069
116.492 39.9071
116.484 39.9321
116.462 39.9326
116.446 39.9325
116.434 39.9325
116.421 39.9324
116.403 39.9321
116.403 39.9266
116.404 39.925
116.4 39.9125
116.392 39.9063
116.369 39.906
116.368 39.9067
116.368 39.9112
116.367 39.91
116.367 39.9107
116.364 39.8984
116.342 39.8929
116.342 39.8649
116.341 39.8603
116.341 39.8603
116.341 39.8603
116.341 39.8577
116.341 39.8577
116.333 39.8474
116.338 39.844
116.338 39.8442
116.342 39.8657
116.35 39.8873
116.367 39.8877
116.377 39.8826
116.377 39.8829
116.377 39.8828
116.381 39.8795
116.383 39.8593
116.393 39.8573
116.393 39.8573
116.393 39.8573
116.393 39.8573
116.393 39.8573
116.393 39.8574
116.382 39.8678
116.379 39.8871
116.374 39.8987
116.368 39.9034
116.368 39.905
116.367 39.9088
116.368 39.9083
116.35 39.9061
116.335 39.8886
116.335 39.8886
116.324 39.8836
116.32 39.8826
116.32 39.8816
116.322 39.869
116.309 39.867
116.307 39.8736
116.32 39.8726
116.32 39.8726
116.325 39.867
116.325 39.867
116.333 39.8479
116.338 39.9294
116.328 39.8474
116.339 39.8098
116.339 39.806
116.333 39.7971
116.328 39.7824
116.331 39.7831
116.331 39.7831
116.332 39.783
116.325 39.7742
116.326 39.7459
116.326 39.7381
116.327 39.7304
116.333 39.7292
116.339 39.8094
116.303 39.8293
116.277 39.8483
116.275 39.8453
116.279 39.8418
116.28 39.8347
116.287 39.8341
116.279 39.8341
116.294 39.8314
116.286 39.8321
116.282 39.8212
116.285 39.8305
116.287 39.8647
116.308 39.8762
116.313 39.8785
116.308 39.8761
116.306 39.884
116.304 39.8809
116.304 39.8809
116.304 39.8809
116.304 39.8809
116.31 39.8579
116.339 39.8466
116.34 39.8274
116.342 39.789
116.334 39.76
116.339 39.7384
116.339 39.7249
116.34 39.7242
116.345 39.7351
116.376 39.7448
116.378 39.7474
116.378 39.7474
116.377 39.7491
116.377 39.7491
116.377 39.7491
116.378 39.7469
116.367 39.7361
116.368 39.7366
116.367 39.7366
116.367 39.7368
116.367 39.7368
116.367 39.7368
116.367 39.7368
116.367 39.7368
116.367 39.7368
116.367 39.7367
116.367 39.7367
116.367 39.7367
116.367 39.7367
116.367 39.7367
116.367 39.7367
116.367 39.7367
116.367 39.7367
116.367 39.7367
116.367 39.7367
116.367 39.7367
116.367 39.7367
116.367 39.7367
116.366 39.737
116.378 39.7474
116.378 39.7473
116.377 39.7463
116.376 39.7465
116.376 39.747
116.376 39.747
116.376 39.747
116.376 39.747
116.376 39.747
116.376 39.747
116.376 39.747
116.376 39.747
116.376 39.747
116.376 39.747
116.376 39.747
116.376 39.747
116.376 39.747
116.376 39.747
116.376 39.747
116.376 39.747
116.376 39.747
116.376 39.747
116.376 39.747
116.376 39.747
116.376 39.747
116.376 39.747
116.376 39.747
116.376 39.747
116.376 39.747
116.376 39.747
116.376 39.747
116.376 39.747
116.376 39.747
116.376 39.747
116.376 39.747
116.376 39.747
116.376 39.747
116.376 39.747
116.376 39.747
116.376 39.747
116.376 39.747
116.376 39.747
116.376 39.747
116.376 39.747
116.376 39.747
116.376 39.747
116.376 39.747
116.376 39.747
116.376 39.747
116.376 39.747
116.376 39.747
116.376 39.747
116.376 39.747
116.376 39.747
116.376 39.747
116.376 39.747
116.376 39.747
116.376 39.747
116.376 39.747
116.376 39.747
116.376 39.747
116.376 39.747
116.376 39.747
116.376 39.747
116.376 39.747
116.376 39.747
116.376 39.747
116.376 39.747
116.376 39.747
116.376 39.747
116.376 39.747
116.376 39.747
116.376 39.747
116.376 39.747
116.376 39.747
116.376 39.747
116.376 39.747
116.376 39.747
116.376 39.747
116.376 39.747
116.376 39.747
116.376 39.747
116.376 39.747
116.376 39.747
116.376 39.747
116.376 39.747
116.376 39.747
116.376 39.747
116.376 39.747
116.376 39.747
116.376 39.747
116.376 39.747
116.376 39.747
116.376 39.747
116.376 39.747
116.376 39.747
116.376 39.747
116.377 39.7462
116.377 39.7462
116.377 39.7462
116.377 39.7462
116.375 39.7579
116.356 39.7738
116.371 39.7952
116.371 39.8029
116.371 39.803
116.396 39.8029
116.411 39.8014
116.412 39.7978
116.412 39.7999
116.396 39.8251
116.394 39.8518
116.42 39.8699
116.434 39.8981
116.419 39.9034
116.418 39.9063
116.418 39.9069
116.421 39.9035
116.437 39.8941
116.434 39.8805
116.433 39.8717
116.427 39.864
116.427 39.864
116.432 39.8611
116.422 39.8408
116.422 39.8397
116.426 39.86
116.425 39.8644
116.429 39.8577
116.417 39.8565
116.417 39.8564
116.4 39.8558
116.397 39.8508
116.394 39.8531
116.407 39.8552
116.415 39.8609
116.403 39.856
116.392 39.8558
116.382 39.8557
116.381 39.8554
116.381 39.8554
116.381 39.8554
116.391 39.8524
116.391 39.8525
116.394 39.8489
116.381 39.847
116.381 39.8554
116.381 39.8768
116.387 39.8839
116.392 39.8821
116.393 39.8569
116.393 39.8565
116.336 39.8478
116.304 39.8836
116.314 39.8952
116.314 39.8952
116.315 39.8949
116.316 39.892
116.305 39.8841
116.304 39.8811
116.304 39.8807
116.305 39.8804
116.281 39.8645
116.277 39.8658
116.288 39.877
116.288 39.877
116.304 39.8806
116.304 39.8806
116.305 39.8805
116.305 39.8798
116.339 39.8483
116.394 39.8538
116.397 39.8508
116.394 39.8559
116.388 39.8576
116.388 39.8578
116.388 39.8576
116.388 39.8576
116.392 39.8573
116.382 39.8683
116.379 39.8827
116.378 39.8984
116.378 39.8984
116.369 39.9039
116.369 39.9039
116.369 39.9078
116.368 39.9119
116.371 39.9133
116.372 39.9111
116.374 39.9096
116.375 39.9097
116.376 39.9073
116.377 39.9064
116.385 39.906
116.421 39.9042
116.421 39.9034
116.421 39.9034
116.438 39.8943
116.415 39.87
116.37 39.8697
116.366 39.8705
116.358 39.8681
116.359 39.8506
116.359 39.8352
116.36 39.8336
116.36 39.8336
116.36 39.8336
116.363 39.8445
116.372 39.8387
116.373 39.8394
116.381 39.8508
116.417 39.8559
116.419 39.8534
116.418 39.8543
116.431 39.851
116.431 39.851
116.431 39.8503
116.422 39.8481
116.416 39.8411
116.409 39.8409
116.408 39.8478
116.408 39.8552
116.449 39.8615
116.462 39.8685
116.453 39.8651
116.432 39.8627
116.439 39.8623
116.439 39.8637
116.42 39.8571
116.415 39.8563
116.385 39.8593
116.384 39.8593
116.393 39.8573
116.393 39.8571
116.393 39.8571
116.381 39.8559
116.381 39.8543
116.373 39.8453
116.368 39.8328
116.373 39.8358
116.365 39.8457
116.368 39.8669
116.368 39.881
116.362 39.8896
116.362 39.8918
116.368 39.8825
116.358 39.8773
116.358 39.8704
116.358 39.8676
116.393 39.8653
116.395 39.8274
116.396 39.8093
116.412 39.8009
116.42 39.782
116.446 39.751
116.463 39.7193
116.494 39.6849
116.507 39.6755
116.521 39.6741
116.521 39.6741
116.521 39.6741
116.521 39.6741
116.521 39.6741
116.521 39.6741
116.521 39.6741
116.521 39.6741
116.521 39.6742
116.521 39.6742
116.521 39.6742
116.521 39.6745
116.521 39.6744
116.521 39.6743
116.521 39.6743
116.521 39.6743
116.521 39.6743
116.521 39.6743
116.521 39.6743
116.521 39.6743
116.521 39.6742
116.521 39.6742
116.521 39.6742
116.521 39.6742
116.521 39.6742
116.521 39.6742
116.521 39.6742
116.521 39.6742
116.521 39.6742
116.521 39.6742
116.521 39.6742
116.521 39.6742
116.521 39.6742
116.521 39.6742
116.521 39.6742
116.521 39.6742
116.521 39.6742
116.521 39.6742
116.521 39.6742
116.521 39.6742
116.521 39.6742
116.521 39.6742
116.521 39.6742
116.521 39.6742
116.521 39.6742
116.521 39.6742
116.521 39.6742
116.521 39.6742
116.521 39.6742
116.501 39.6761
116.437 39.7224
116.382 39.7201
116.377 39.7462
116.377 39.7462
116.377 39.7462
116.377 39.7462
116.377 39.7462
116.377 39.7462
116.377 39.7462
116.377 39.7462
116.377 39.7462
116.377 39.7462
116.377 39.7462
116.377 39.7462
116.377 39.7462
116.377 39.7462
116.377 39.7462
116.377 39.7462
116.377 39.7462
116.377 39.7462
116.377 39.7462
116.377 39.7462
116.377 39.7462
116.377 39.7462
116.377 39.7462
116.377 39.7462
116.377 39.7462
116.377 39.7462
116.377 39.7462
116.377 39.7462
116.377 39.7462
116.377 39.7462
116.377 39.7462
116.377 39.7462
116.377 39.7462
116.377 39.7462
116.377 39.7462
116.377 39.7462
116.377 39.7462
116.377 39.7462
116.377 39.7462
116.377 39.7462
116.377 39.7462
116.377 39.7462
116.377 39.7462
116.377 39.7462
116.377 39.7462
116.377 39.7462
116.377 39.7462
116.377 39.7462
116.377 39.7462
116.377 39.7462
116.377 39.7462
116.377 39.7462
116.377 39.7462
116.377 39.7462
116.377 39.7462
116.377 39.7462
116.377 39.7462
116.377 39.7462
116.377 39.7462
116.377 39.7462
116.377 39.7462
116.377 39.7462
116.377 39.7462
116.377 39.7462
116.377 39.7462
116.377 39.7462
116.377 39.7462
116.377 39.7462
116.377 39.7462
116.377 39.7462
116.377 39.7462
116.377 39.7462
116.377 39.7462
116.377 39.7462
116.377 39.7462
116.377 39.7462
116.377 39.7462
116.377 39.7462
116.377 39.7462
116.377 39.7462
116.377 39.7462
116.377 39.7462
116.377 39.7462
116.377 39.7462
116.377 39.7462
116.377 39.7462
116.377 39.7462
116.377 39.7462
116.377 39.7462
116.377 39.7462
116.377 39.7462
116.377 39.7462
116.377 39.7462
116.377 39.7462
116.376 39.7489
116.376 39.7489
116.374 39.7718
116.372 39.7963
116.371 39.8033
116.381 39.8267
116.388 39.8525
116.381 39.8559
116.373 39.8567
116.373 39.8569
116.381 39.8562
116.37 39.8493
116.373 39.8446
116.377 39.8302
116.374 39.8194
116.38 39.8138
116.382 39.8161
116.396 39.8079
116.396 39.8069
116.382 39.8054
116.36 39.7932
116.357 39.7981
116.352 39.793
116.352 39.7929
116.352 39.7931
116.352 39.793
116.352 39.7931
116.356 39.7923
116.371 39.7983
116.371 39.8114
116.372 39.794
116.378 39.768
116.382 39.7668
116.374 39.7643
116.374 39.7644
116.374 39.7644
116.374 39.7644
116.337 39.7618
116.339 39.7306
116.334 39.7312
116.333 39.7308
116.333 39.7318
116.334 39.7309
116.333 39.7308
116.333 39.7308
116.333 39.7308
116.334 39.731
116.334 39.731
116.334 39.731
116.334 39.7311
116.34 39.7306
116.376 39.7462
116.377 39.7463
116.376 39.7518
116.345 39.7769
116.323 39.8479
116.305 39.889
116.317 39.8951
116.315 39.888
116.303 39.8959
116.278 39.8986
116.278 39.9024
116.288 39.9061
116.297 39.9058
116.304 39.8883
116.304 39.8878
116.315 39.8833
116.314 39.8831
116.314 39.8831
116.306 39.884
116.31 39.857
116.31 39.857
116.321 39.848
116.321 39.8479
116.321 39.8474
116.321 39.8476
116.338 39.844
116.314 39.8533
116.264 39.8643
116.254 39.8625
116.254 39.8625
116.259 39.8591
116.275 39.8453
116.284 39.8421
116.291 39.8417
116.304 39.8372
116.315 39.8465
116.352 39.8517
116.415 39.8557
116.42 39.8565
116.409 39.8407
116.409 39.838
116.401 39.8422
116.382 39.8439
116.381 39.828
116.371 39.8113
116.372 39.8013
116.373 39.8004
116.363 39.827
116.34 39.8497
116.34 39.8497
116.32 39.8464
116.314 39.8493
116.315 39.8471
116.326 39.8474
116.338 39.8304
116.338 39.8287
116.348 39.8506
116.369 39.8548
116.371 39.8542
116.359 39.8494
116.359 39.8494
116.358 39.849
116.353 39.8337
116.339 39.8213
116.34 39.8129
116.346 39.8123
116.346 39.8192
116.351 39.7837
116.374 39.7679
116.377 39.7463
116.377 39.7463
116.378 39.7474
116.376 39.7492
116.377 39.7462
116.377 39.7469
116.38 39.7467
116.38 39.7468
116.38 39.7468
116.38 39.7468
116.38 39.7468
116.38 39.7468
116.38 39.7468
116.38 39.7468
116.38 39.7468
116.38 39.7468
116.38 39.7467
116.38 39.7467
116.38 39.7467
116.38 39.7467
116.38 39.7467
116.38 39.7467
116.38 39.7467
116.379 39.7466
116.379 39.7467
116.379 39.7467
116.38 39.7467
116.38 39.7467
116.379 39.7465
116.38 39.7466
116.38 39.7467
116.38 39.7467
116.38 39.7467
116.378 39.7474
116.378 39.7473
116.378 39.7473
116.377 39.7463
116.377 39.7463
116.377 39.7463
116.377 39.7463
116.377 39.7463
116.377 39.7463
116.377 39.7463
116.377 39.7463
116.377 39.7463
116.377 39.7463
116.377 39.7463
116.377 39.7463
116.377 39.7463
116.377 39.7463
116.377 39.7463
116.377 39.7463
116.377 39.7463
116.377 39.7463
116.377 39.7463
116.377 39.7463
116.377 39.7463
116.377 39.7463
116.377 39.7463
116.377 39.7463
116.377 39.7463
116.377 39.7463
116.377 39.7463
116.377 39.7463
116.377 39.7463
116.377 39.7463
116.377 39.7463
116.377 39.7463
116.377 39.7463
116.377 39.7463
116.377 39.7463
116.377 39.7463
116.377 39.7463
116.377 39.7463
116.377 39.7463
116.377 39.7463
116.377 39.7463
116.377 39.7463
116.377 39.7463
116.377 39.7463
116.377 39.7463
116.377 39.7463
116.377 39.7463
116.377 39.7463
116.377 39.7463
116.377 39.7463
116.377 39.7463
116.377 39.7463
116.377 39.7463
116.377 39.7463
116.377 39.7463
116.377 39.7463
116.377 39.7463
116.377 39.7463
116.377 39.7463
116.377 39.7463
116.377 39.7463
116.377 39.7463
116.377 39.7463
116.377 39.7463
116.377 39.7463
116.377 39.7463
116.377 39.7463
116.377 39.7463
116.377 39.7463
116.377 39.7463
116.377 39.7463
116.377 39.7463
116.377 39.7463
116.377 39.7463
116.377 39.7463
116.377 39.7463
116.377 39.7463
116.377 39.7463
116.377 39.7463
116.377 39.7463
116.377 39.7463
116.377 39.7463
116.377 39.7463
116.377 39.7463
116.377 39.7463
116.377 39.7463
116.377 39.7463
116.377 39.7463
116.377 39.7463
116.377 39.7463
116.377 39.7463
116.377 39.7463
116.377 39.7463
116.377 39.7463
116.377 39.7463
116.377 39.7463
116.377 39.7463
116.377 39.7463
116.377 39.7463
116.377 39.7463
116.377 39.7463
116.377 39.7463
116.377 39.7463
116.377 39.7463
116.377 39.7463
116.377 39.7463
116.377 39.7463
116.377 39.7463
116.377 39.7463
116.377 39.7463
116.377 39.7463
116.377 39.7463
116.377 39.7463
116.377 39.7463
116.377 39.7463
116.377 39.7463
116.377 39.7463
116.377 39.7463
116.377 39.7463
116.377 39.7463
116.377 39.7463
116.377 39.7463
116.377 39.7463
116.377 39.7463
116.377 39.7463
116.377 39.7463
116.377 39.7463
116.377 39.7463
116.377 39.7463
116.377 39.7463
116.377 39.7463
116.377 39.7463
116.377 39.7463
116.377 39.7463
116.377 39.7463
116.377 39.7463
116.377 39.7463
116.377 39.7463
116.377 39.7463
116.377 39.7463
116.377 39.7463
116.377 39.7463
116.377 39.7463
116.377 39.7463
116.377 39.7463
116.377 39.7463
116.377 39.7463
116.377 39.7463
116.377 39.7463
116.377 39.7463
116.377 39.7463
116.377 39.7463
116.377 39.7463
116.377 39.7463
116.377 39.7463
116.377 39.7463
116.377 39.7463
116.377 39.7463
116.377 39.7463
116.377 39.7463
116.377 39.7463
116.377 39.7463
116.377 39.7463
116.377 39.7463
116.377 39.7463
116.377 39.7463
116.377 39.7463
116.377 39.7463
116.377 39.7463
116.377 39.7463
116.377 39.7463
116.377 39.7463
116.377 39.7463
116.377 39.7463
116.377 39.7463
116.377 39.7463
116.377 39.7463
116.377 39.7463
116.377 39.7463
116.377 39.7463
116.377 39.7463
116.377 39.7463
116.377 39.7463
116.377 39.7463
116.377 39.7463
116.377 39.7463
116.377 39.7463
116.377 39.7463
116.377 39.7463
116.377 39.7463
116.377 39.7463
116.377 39.7463
116.377 39.7463
116.377 39.7463
116.377 39.7463
116.377 39.7463
116.377 39.7463
116.377 39.7463
116.377 39.7463
116.377 39.7463
116.377 39.7463
116.377 39.7463
116.377 39.7463
116.377 39.7463
116.377 39.7463
116.377 39.7463
116.377 39.7463
116.377 39.7463
116.377 39.7463
116.377 39.7463
116.377 39.7463
116.377 39.7463
116.377 39.7463
116.377 39.7463
116.377 39.7463
116.377 39.7463
116.377 39.7463
116.377 39.7463
116.377 39.7463
116.377 39.7463
116.377 39.7463
116.377 39.7463
116.377 39.7463
116.377 39.7463
116.377 39.7463
116.377 39.7463
116.377 39.7463
116.377 39.7463
116.377 39.7463
116.377 39.7463
116.377 39.7463
116.377 39.7463
116.377 39.7463
116.377 39.7463
116.377 39.7463
116.377 39.7463
116.377 39.7463
116.377 39.7463
116.377 39.7463
116.377 39.7463
116.377 39.7463
116.377 39.7463
116.377 39.7463
116.377 39.7463
116.377 39.7463
116.377 39.7463
116.377 39.7463
116.377 39.7463
116.377 39.7463
116.377 39.7463
116.377 39.7463
116.377 39.7463
116.377 39.7463
116.377 39.7463
116.377 39.7463
116.377 39.7463
116.377 39.7463
116.377 39.7463
116.377 39.7463
116.377 39.7463
116.377 39.7463
116.377 39.7463
116.377 39.7463
116.377 39.7463
116.377 39.7463
116.377 39.7463
116.377 39.7463
116.377 39.7463
116.377 39.7463
116.377 39.7463
116.377 39.7463
116.377 39.7463
116.377 39.7463
116.377 39.7463
116.377 39.7463
116.377 39.7463
116.377 39.7463
116.377 39.7463
116.377 39.7463
116.377 39.7463
116.377 39.7463
116.377 39.7463
116.377 39.7463
116.377 39.7463
116.377 39.7463
116.377 39.7463
116.377 39.7463
116.377 39.7463
116.377 39.7463
116.377 39.7463
116.377 39.7463
116.377 39.7463
116.377 39.7463
116.377 39.7463
116.377 39.7463
116.377 39.7463
116.377 39.7463
116.377 39.7463
116.377 39.7463
116.377 39.7463
116.377 39.7463
116.377 39.7463
116.377 39.7463
116.377 39.7463
116.497 39.933
116.497 39.933
116.377 39.7463
116.377 39.7463
116.377 39.7463
116.377 39.7463
116.377 39.7463
116.377 39.7463
116.377 39.7463
116.377 39.7463
116.377 39.7463
116.377 39.7463
116.377 39.7463
116.377 39.7463
116.377 39.7463
116.377 39.7463
116.377 39.7463
116.377 39.7463
116.377 39.7463
116.377 39.7463
116.377 39.7463
116.377 39.7463
116.377 39.7463
116.377 39.7463
116.377 39.7463
116.377 39.7463
116.377 39.7463
116.377 39.7463
116.377 39.7463
116.377 39.7463
116.377 39.7463
116.377 39.7463
116.377 39.7463
116.377 39.7463
116.377 39.7463
116.377 39.7463
116.377 39.7463
116.377 39.7463
116.377 39.7463
116.377 39.7463
116.377 39.7463
116.377 39.7463
116.377 39.7463
116.377 39.7463
116.377 39.7463
116.377 39.7463
116.377 39.7463
116.377 39.7463
116.377 39.7463
116.377 39.7463
116.377 39.7463
116.377 39.7463
116.377 39.7463
116.377 39.7463
116.377 39.7463
116.377 39.7463
116.377 39.7463
116.377 39.7463
116.377 39.7463
116.377 39.7463
116.377 39.7463
116.377 39.7463
116.377 39.7463
116.377 39.7463
116.377 39.7463
116.377 39.7463
116.377 39.7463
116.377 39.7463
116.377 39.7463
116.377 39.7463
116.377 39.7463
116.377 39.7463
116.377 39.7463
116.377 39.7463
116.377 39.7463
116.377 39.7463
116.377 39.7463
116.377 39.7463
116.377 39.7463
116.377 39.7463
116.377 39.7463
116.377 39.7463
116.377 39.7463
116.377 39.7463
116.377 39.7463
116.377 39.7463
116.376 39.7462
116.376 39.7476
116.374 39.7701
116.373 39.777
116.356 39.7734
116.372 39.7955
116.388 39.8062
116.388 39.8062
116.371 39.8002
116.353 39.789
116.371 39.8039
116.372 39.8216
116.34 39.8233
116.34 39.8237
116.342 39.8288
116.284 39.8309
116.284 39.8309
116.261 39.8646
116.256 39.8795
116.262 39.8795
116.305 39.8809
116.345 39.8499
116.388 39.8528
116.388 39.8521
116.388 39.8525
116.415 39.865
116.414 39.8916
116.433 39.8942
116.421 39.8992
116.43 39.8993
116.434 39.8806
116.428 39.8816
116.433 39.8831
116.429 39.8798
116.429 39.88
116.434 39.88
116.434 39.8843
116.448 39.8922
116.466 39.892
116.469 39.9018
116.472 39.9014
116.463 39.8988
116.458 39.8995
116.467 39.8921
116.466 39.892
116.456 39.892
116.454 39.8837
116.455 39.8807
116.455 39.8697
116.453 39.8565
116.45 39.8569
116.455 39.8642
116.454 39.8641
116.426 39.8573
116.421 39.8426
116.421 39.8427
116.434 39.8344
116.437 39.8378
116.437 39.8378
116.433 39.8317
116.433 39.8317
116.422 39.8449
116.422 39.8445
116.422 39.8387
116.426 39.8364
116.448 39.8186
116.445 39.8004
116.442 39.8007
116.437 39.8038
116.435 39.8034
116.412 39.8017
116.416 39.7798
116.416 39.7751
116.405 39.7554
116.378 39.7475
116.378 39.7475
116.378 39.7475
116.378 39.7475
116.378 39.7475
116.378 39.7475
116.378 39.7475
116.378 39.7475
116.378 39.7475
116.378 39.7475
116.378 39.7475
116.378 39.7475
116.378 39.7475
116.378 39.7475
116.378 39.7475
116.378 39.7475
116.378 39.7475
116.378 39.7475
116.378 39.7475
116.378 39.7475
116.378 39.7475
116.378 39.7475
116.378 39.7475
116.378 39.7475
116.378 39.7475
116.378 39.7475
116.378 39.7475
116.375 39.7617
116.372 39.7972
116.371 39.814
116.371 39.814
116.371 39.814
116.371 39.8092
116.373 39.7757
116.378 39.7474
116.378 39.7474
116.378 39.7474
116.378 39.7474
116.378 39.7474
116.378 39.7473
116.378 39.7473
116.378 39.7474
116.378 39.7474
116.378 39.7474
116.378 39.7474
116.378 39.7474
