116.409 40.0554
116.407 40.0521
116.411 39.9725
116.411 39.9725
116.411 39.9719
116.411 39.9719
116.411 39.9719
116.411 39.9719
116.411 39.9719
116.411 39.9719
116.411 39.9719
116.411 39.9719
116.411 39.9719
116.411 39.9719
116.411 39.9719
116.411 39.9719
116.408 39.9678
116.347 39.9224
116.316 39.9641
116.355 39.9612
116.364 39.9566
116.363 39.9794
116.349 39.9801
116.349 39.9801
116.358 39.9661
116.366 40.0164
116.582 40.0672
116.563 40.068
116.566 40.0715
116.566 40.0715
116.566 40.0715
116.566 40.0715
116.566 40.0715
116.566 40.0715
116.566 40.0715
116.566 40.0715
116.566 40.0715
116.566 40.0715
116.566 40.0715
116.566 40.0715
116.566 40.0715
116.564 40.0702
116.566 40.064
116.569 40.0635
116.583 40.0613
116.583 40.0613
116.583 40.0632
116.583 40.0632
116.583 40.0632
116.582 40.0638
116.582 40.0663
116.582 40.0679
116.582 40.0684
116.582 40.0684
116.582 40.0695
116.581 40.0707
116.581 40.0707
116.581 40.0734
116.583 40.0748
116.406 40.1255
116.402 40.1267
116.408 40.0823
116.406 40.0475
116.412 40.0266
116.411 40.001
116.349 40.0186
116.349 40.0186
116.349 40.0186
116.349 40.0186
116.349 40.0186
116.351 40.0168
116.351 40.0168
116.371 39.9879
116.41 39.9871
116.407 40.042
116.429 40.0367
116.456 40.0137
116.473 40.0126
116.487 40.0083
116.49 40.0132
116.492 40.0142
116.492 40.0142
116.492 40.0142
116.492 40.0142
116.492 40.0142
116.492 40.0142
116.492 40.0142
116.492 40.0142
116.492 40.0142
116.492 40.0142
116.492 40.0142
116.492 40.0142
116.492 40.0142
116.492 40.0142
116.492 40.0142
116.492 40.0142
116.492 40.0142
116.492 40.0142
116.492 40.0142
116.492 40.0142
116.492 40.0142
116.492 40.0142
116.492 40.0142
116.492 40.0142
116.492 40.0142
116.492 40.0142
116.492 40.0142
116.492 40.0142
116.492 40.0142
116.492 40.0142
116.492 40.0142
116.492 40.0142
116.492 40.0142
116.492 40.0142
116.492 40.0142
116.492 40.0142
116.492 40.0142
116.492 40.0142
116.492 40.0142
116.492 40.0142
116.492 40.0142
116.492 40.0142
116.492 40.0142
116.492 40.0142
116.492 40.0142
116.492 40.0142
116.492 40.0142
116.492 40.0142
116.472 40.0087
116.305 40.0416
116.318 40.0506
116.302 40.0455
116.264 40.0834
116.31 40.0516
116.309 40.0362
116.305 40.034
116.312 40.012
116.33 39.9968
116.334 39.9872
116.334 39.9873
116.334 39.9873
116.334 39.9872
116.335 39.9811
116.335 39.9811
116.335 39.9811
116.335 39.9811
116.335 39.9811
116.347 39.9933
116.342 39.9918
116.443 39.9031
116.45 39.9073
116.499 39.9347
116.49 39.9275
116.446 39.9607
116.433 39.8934
116.421 39.8985
116.432 39.8985
116.43 39.9022
116.528 39.9163
116.523 39.916
116.501 39.9148
116.381 39.9892
116.374 39.9822
116.374 39.9822
116.333 39.9608
116.339 39.9581
116.331 39.966
116.331 39.966
116.332 39.9715
116.332 39.9715
116.379 39.95
116.392 39.95
116.379 39.9811
116.402 39.9971
116.402 39.9971
116.41 39.9976
116.418 39.9903
116.418 39.9888
116.418 39.9855
116.418 39.9793
116.415 39.9821
116.425 39.9939
116.409 39.9908
116.325 40.0832
116.314 40.0829
116.309 40.0707
116.313 40.0476
116.401 40.0071
116.434 39.952
116.475 39.9999
116.473 40.001
116.473 40.001
116.473 40.0009
116.457 39.9996
116.472 39.9814
116.445 39.9398
116.45 39.9553
116.473 39.9705
116.444 39.998
116.473 40.0126
116.486 40.0082
116.489 40.0124
116.489 40.0124
116.489 40.0132
116.489 40.0132
116.489 40.0132
116.489 40.0132
116.489 40.0132
116.489 40.0132
116.491 40.0134
116.491 40.0134
116.492 40.0142
116.492 40.0142
116.492 40.0142
116.492 40.0142
116.492 40.0142
116.492 40.0142
116.492 40.0142
116.492 40.0142
116.492 40.0142
116.492 40.0142
116.492 40.0142
116.492 40.0142
116.492 40.0142
116.492 40.0142
116.492 40.0142
116.492 40.0142
116.492 40.0142
116.492 40.0142
116.492 40.0142
116.492 40.0142
116.492 40.0142
116.492 40.0142
116.492 40.0142
116.492 40.0142
116.492 40.0142
116.491 40.014
116.489 40.0132
116.479 40.0076
116.469 39.9733
116.475 39.9655
116.47 39.9055
116.452 39.9323
116.469 39.9364
116.458 39.9489
116.438 39.9499
116.41 39.9364
116.41 39.9459
116.419 39.9538
116.429 39.9569
116.436 39.9583
116.442 39.9658
116.442 39.9658
116.443 39.9256
116.427 39.9038
116.36 39.9442
116.359 39.9911
116.359 39.9911
116.359 39.9911
116.359 39.9911
116.359 39.9909
116.359 39.9909
116.359 39.9901
116.359 39.9901
116.359 39.99
116.359 39.9901
116.359 39.9901
116.359 39.9901
116.359 39.9901
116.359 39.9901
116.342 39.9919
116.327 39.9913
116.296 39.9736
116.405 39.9073
116.45 39.8928
116.466 39.9089
116.418 39.935
116.419 39.9446
116.419 39.947
116.424 39.9609
116.419 39.9671
116.411 39.9842
116.418 39.9879
116.338 39.9311
116.346 39.9386
116.338 39.9449
116.319 39.9656
116.423 39.9608
116.419 39.9689
116.418 39.9792
116.433 39.9599
116.44 39.9625
116.446 39.9766
116.448 39.9812
116.448 39.9812
116.448 39.9812
116.449 39.9956
116.5 39.9618
116.493 39.972
116.451 39.9858
116.472 40.0049
116.49 39.9073
116.469 39.9124
116.444 39.9079
116.345 40.0318
116.344 40.0139
116.346 40.0083
116.334 39.9974
116.364 39.9709
116.364 39.9841
116.482 40.008
116.489 40.0129
116.49 40.0132
116.49 40.0132
116.49 40.0132
116.49 40.0132
116.49 40.0132
116.49 40.0132
116.49 40.0132
116.49 40.0132
116.49 40.0132
116.49 40.0132
116.49 40.0132
116.49 40.0132
116.49 40.0132
116.49 40.0132
116.491 40.0133
116.491 40.0133
116.491 40.0133
116.491 40.0133
116.491 40.0133
116.491 40.0133
116.491 40.0133
116.491 40.0133
116.422 39.837
116.422 39.837
109.534 39.9257
116.492 40.0142
116.492 40.0142
116.492 40.0142
116.49 40.0086
116.473 40.0103
116.462 39.9959
116.457 39.9903
116.457 39.9903
116.457 39.9902
116.427 39.9069
116.429 39.9195
116.439 39.9403
116.432 39.9229
116.446 39.9323
116.456 39.9447
116.46 39.9587
116.478 39.975
116.476 39.9908
116.485 40.0063
116.491 40.0137
116.491 40.014
116.497 40.0077
116.509 40.0129
116.529 40.0443
116.552 40.0799
116.57 40.1236
116.622 40.159
116.636 40.2011
116.638 40.2928
116.671 40.3246
116.747 40.3332
116.795 40.3561
116.829 40.3673
116.843 40.3724
116.84 40.3726
116.84 40.3819
116.834 40.383
116.834 40.3829
116.834 40.3829
116.834 40.3829
116.834 40.3829
116.834 40.3829
116.84 40.3758
116.845 40.3734
116.845 40.3734
116.845 40.3734
116.84 40.375
116.834 40.383
116.845 40.3825
116.845 40.3755
116.845 40.3753
116.853 40.3769
116.853 40.3769
116.857 40.3792
116.862 40.3811
116.838 40.3826
116.835 40.3828
116.834 40.3829
116.834 40.3828
116.834 40.3828
116.834 40.3828
116.834 40.3828
116.834 40.3828
116.834 40.3828
116.834 40.3828
116.834 40.3828
116.834 40.3828
116.834 40.3828
116.834 40.3828
116.834 40.3828
116.834 40.3828
116.834 40.3828
116.834 40.3828
116.834 40.3828
116.824 40.3879
116.824 40.39
116.835 40.3828
116.835 40.3829
116.835 40.3829
116.843 40.3723
116.837 40.3749
116.828 40.3752
116.837 40.3748
116.84 40.3719
116.84 40.3794
116.835 40.3826
116.835 40.3826
116.834 40.383
116.834 40.3831
116.834 40.3831
116.834 40.3831
116.834 40.3831
116.834 40.3831
116.834 40.3831
116.834 40.3831
116.834 40.3831
116.834 40.3831
116.834 40.3831
116.834 40.3831
116.834 40.3831
116.834 40.3831
116.834 40.3831
116.834 40.3831
116.833 40.3734
116.831 40.3663
116.822 40.3313
116.834 40.3678
116.865 40.383
116.864 40.3843
116.864 40.3842
116.834 40.3834
116.84 40.3823
116.842 40.372
116.842 40.3716
116.842 40.3716
116.842 40.3716
116.842 40.3716
116.842 40.3716
116.842 40.3733
116.849 40.3852
116.849 40.3855
116.849 40.3855
116.849 40.3855
116.836 40.3825
116.834 40.3829
116.834 40.3829
116.834 40.3829
116.835 40.3826
116.835 40.3826
116.835 40.3826
116.838 40.3825
116.86 40.3742
116.911 40.3995
116.97 40.4016
116.97 40.4016
116.991 40.3999
116.991 40.3999
116.991 40.4001
116.991 40.4003
116.99 40.3997
116.99 40.3997
116.966 40.4053
116.888 40.3897
116.84 40.3751
116.834 40.383
116.846 40.3825
116.864 40.3843
116.839 40.3876
116.834 40.383
116.86 40.3803
116.865 40.3843
116.849 40.3876
116.834 40.3831
116.84 40.3825
116.865 40.3843
116.84 40.3876
116.834 40.3831
116.834 40.383
116.834 40.383
116.834 40.383
116.834 40.383
116.834 40.383
116.834 40.383
116.834 40.383
116.834 40.383
116.834 40.383
116.834 40.383
116.834 40.383
116.834 40.3831
116.835 40.3826
116.85 40.3749
116.889 40.3903
116.946 40.4067
116.977 40.3997
116.991 40.3999
116.991 40.3999
116.991 40.3999
116.991 40.3999
116.991 40.3999
116.991 40.3999
116.991 40.3999
116.991 40.3999
116.991 40.3999
116.991 40.3999
116.991 40.3999
116.991 40.3999
116.991 40.3999
116.991 40.3999
116.991 40.3999
116.991 40.3999
116.991 40.3999
116.991 40.3999
116.969 40.4023
116.834 40.3829
116.834 40.3829
116.834 40.3829
116.834 40.3829
116.834 40.3829
116.834 40.3829
116.834 40.3829
116.834 40.3829
116.834 40.3829
116.834 40.3829
116.834 40.3829
116.834 40.3829
116.834 40.3829
116.834 40.3829
116.834 40.3829
116.834 40.3829
116.834 40.3829
116.834 40.3829
116.834 40.3829
116.834 40.3829
116.834 40.3829
116.834 40.3829
116.834 40.3829
116.835 40.3828
116.845 40.3774
116.845 40.3708
116.845 40.3708
116.84 40.3718
116.84 40.3715
116.84 40.3715
116.84 40.3715
116.84 40.3715
116.842 40.3719
116.859 40.38
116.865 40.3831
116.865 40.3844
116.865 40.3844
116.865 40.3844
116.865 40.3844
116.859 40.38
116.861 40.3808
116.86 40.3806
116.841 40.4086
116.832 40.4604
116.812 40.4881
116.81 40.5176
116.812 40.5594
116.831 40.582
116.849 40.6044
116.872 40.5936
116.879 40.5897
116.879 40.5897
116.879 40.5897
116.879 40.5897
116.879 40.5897
116.879 40.5897
116.879 40.5897
116.879 40.5897
116.879 40.5897
116.879 40.5897
116.879 40.5897
116.879 40.5897
116.879 40.5897
116.879 40.5897
116.879 40.5897
116.879 40.5897
116.879 40.5897
116.879 40.5897
116.879 40.5897
116.879 40.5897
116.879 40.5897
116.879 40.5897
116.879 40.5897
116.879 40.5897
116.879 40.5897
116.879 40.5897
116.879 40.5897
116.879 40.5897
