116.366 39.9473
116.358 39.9447
116.349 39.9403
116.343 39.948
116.336 39.9567
116.327 39.975
116.328 39.9679
116.328 39.9679
116.328 39.9677
116.328 39.9678
116.328 39.9679
116.328 39.9679
116.328 39.9679
116.33 39.9676
116.33 39.9676
116.33 39.9675
116.33 39.9675
116.33 39.9676
116.33 39.9675
116.33 39.9675
116.33 39.9675
116.33 39.9675
116.33 39.9675
116.329 39.9665
116.304 39.9622
116.297 39.959
116.292 39.9639
116.302 39.9744
116.307 39.9796
116.305 39.984
116.346 39.9852
116.347 39.9891
116.341 40.0064
116.329 39.9915
116.31 39.9874
116.31 39.9874
116.274 40.0228
116.276 40.0204
116.273 40.011
116.31 40.0167
116.305 40.034
116.317 40.0348
116.323 40.0345
116.34 40.0297
116.355 40.0116
116.374 39.9678
116.373 39.9516
116.373 39.9444
116.374 39.9334
116.374 39.9277
116.38 39.9318
116.369 39.9314
116.316 19.5365
116.367 39.9254
116.367 39.9242
116.355 39.9224
116.335 39.9219
116.335 39.9219
116.32 39.9263
116.319 39.9407
116.317 39.9577
116.331 39.9662
116.351 39.9664
116.375 39.9685
116.372 39.988
116.356 40.0106
116.335 40.0376
116.315 40.0651
116.323 40.0758
116.307 40.0734
116.316 40.0627
116.293 40.0486
116.305 40.0357
116.305 40.0345
116.308 40.0198
116.33 40.0075
116.328 39.9915
116.327 39.9759
116.346 39.9396
116.346 39.9374
116.341 39.9526
116.341 39.9526
116.337 39.961
116.328 39.9657
116.34 39.9575
116.344 39.9433
116.32 39.9377
116.308 39.935
116.301 39.9673
116.289 39.9953
116.275 40.0007
116.26 40.0211
116.246 40.0434
116.2 40.0399
116.172 40.0406
116.172 40.0406
116.172 40.0406
116.172 40.0406
116.172 40.0406
116.172 40.0406
116.172 40.0406
116.172 40.0406
116.172 40.0406
116.172 40.0406
116.172 40.0406
116.172 40.0406
116.172 40.0406
116.172 40.0406
116.172 40.0406
116.172 40.0406
116.173 40.0434
116.199 40.0396
116.202 40.0356
116.223 40.042
116.256 40.0384
116.265 40.0308
116.283 40.0027
116.313 39.9843
116.376 39.9863
116.417 39.9877
116.401 40.0006
116.395 40.0029
116.401 39.9996
116.404 40.0062
116.405 40.0207
116.47 40.0137
116.506 40.0099
116.506 40.0099
116.538 40.0224
116.573 40.0336
116.588 40.0422
116.571 40.0347
116.537 40.0222
116.498 40.0002
116.512 40.0015
116.506 39.9994
116.546 40.0078
116.457 39.9901
116.457 39.9901
116.456 39.9955
116.449 39.9925
116.457 39.9945
116.449 39.9792
116.451 39.9545
116.463 39.945
116.463 39.9451
116.463 39.9451
116.463 39.9451
116.463 39.9451
116.463 39.9451
116.461 39.9325
116.456 39.9357
116.456 39.9357
116.456 39.9357
116.456 39.9357
116.456 39.9357
116.456 39.9357
116.456 39.9357
116.456 39.9357
116.456 39.9357
116.456 39.9357
116.456 39.9445
116.455 39.9519
116.434 39.9658
116.424 39.9683
116.405 39.9679
116.346 39.9664
116.299 39.9596
116.291 39.9658
116.294 39.9826
116.277 40.0194
116.262 40.0304
116.213 40.0391
116.177 40.0403
116.172 40.0405
116.172 40.0406
116.172 40.0405
116.172 40.0406
116.172 40.0406
116.172 40.0406
116.172 40.0405
116.172 40.0405
116.172 40.0405
116.172 40.0405
116.172 40.0406
116.172 40.0406
116.172 40.0406
116.172 40.0405
116.172 40.0406
116.172 40.0406
116.172 40.0406
116.172 40.0405
116.172 40.0405
116.172 40.0406
116.172 40.0406
116.172 40.0406
116.172 40.0405
116.172 40.0406
116.172 40.0406
116.172 40.0406
116.172 40.0406
116.172 40.0405
116.172 40.0406
116.172 40.0406
116.172 40.0406
116.172 40.0406
116.172 40.0406
116.172 40.0406
116.172 40.0406
116.172 40.0406
116.172 40.0406
116.172 40.0406
116.172 40.0406
116.172 40.0406
116.172 40.0407
116.172 40.0407
116.172 40.0406
116.172 40.0406
116.172 40.0406
116.19 40.0388
116.22 40.041
116.254 40.0402
116.265 40.031
116.247 40.0433
116.247 40.0433
116.204 40.0395
116.2 40.04
116.202 40.0361
116.225 40.0428
116.283 39.9983
116.289 39.9934
116.296 39.9716
116.296 39.9672
116.293 39.9594
116.275 39.9602
116.281 39.9601
116.289 39.9571
116.303 39.9611
116.322 39.9658
116.333 39.9682
116.34 39.9742
116.346 39.9721
116.347 39.9391
116.346 39.9394
116.344 39.9997
116.334 39.9939
116.33 39.9916
116.33 39.9916
116.31 39.9897
116.31 39.9897
116.302 39.9812
116.3 39.9811
116.296 39.9585
116.303 39.9496
116.35 39.9433
116.345 39.9568
116.343 39.9568
116.329 39.9562
116.338 39.9289
116.346 39.9171
116.352 39.9156
116.347 39.9224
116.343 39.9316
116.331 39.9355
116.328 39.9274
116.337 39.9217
116.339 39.9125
116.35 39.9123
116.35 39.9099
116.363 39.9059
116.368 39.9058
116.395 39.9064
116.415 39.9069
116.43 39.9031
116.461 39.8986
116.467 39.8957
116.467 39.8957
116.467 39.8957
116.467 39.8957
116.456 39.8961
116.455 39.8956
116.456 39.9019
116.451 39.9107
116.456 39.9113
116.456 39.9273
116.456 39.9415
116.464 39.9701
116.428 39.9878
116.396 39.9885
116.411 39.9849
116.411 39.9826
116.426 39.9821
116.407 39.9681
116.407 39.9689
116.407 39.9691
116.407 39.9691
116.396 39.9685
116.396 39.9711
116.391 39.9674
116.371 39.9669
116.364 39.9745
116.36 39.9753
116.349 39.9753
116.347 39.986
116.324 39.9849
116.31 39.9826
116.311 39.9801
116.309 39.9983
116.309 39.9929
116.306 39.9986
116.299 39.9858
116.31 39.9724
116.313 39.9706
116.314 39.9673
116.301 39.9685
116.286 39.9968
116.267 40.004
116.259 40.0319
116.223 40.0422
116.188 40.039
116.188 40.039
116.172 40.0406
116.172 40.0406
116.172 40.0406
116.172 40.0406
116.172 40.0406
116.172 40.0406
116.172 40.0406
116.172 40.0405
116.172 40.0406
116.172 40.0406
116.172 40.0406
116.172 40.0406
116.172 40.0406
116.172 40.0406
116.172 40.0406
116.172 40.0406
116.172 40.0406
116.172 40.0407
116.172 40.0406
116.172 40.0406
116.172 40.0406
116.172 40.0406
116.172 40.0406
116.172 40.0406
116.172 40.0406
116.172 40.0406
116.172 40.0406
116.172 40.0406
116.184 40.0394
116.216 40.04
116.25 40.0421
116.264 40.0305
116.293 39.9867
116.312 39.9747
116.311 39.9809
116.309 40.0004
116.312 40.0143
116.309 40.0039
116.311 39.9751
116.327 39.9751
116.339 39.9749
116.34 39.9728
116.335 39.9781
116.329 39.9752
116.319 39.9684
116.319 39.9687
116.319 39.9662
116.319 39.9662
116.315 39.9659
116.3 39.9787
116.3 39.9836
116.31 39.9776
116.306 39.9746
116.286 39.9809
116.267 39.922
116.27 39.8802
116.28 39.8403
116.284 39.8479
116.298 39.8567
116.291 39.8649
116.307 39.8676
116.315 39.8829
116.335 39.8809
116.331 39.8815
116.323 39.8758
116.32 39.8831
116.344 39.8867
116.364 39.9058
116.406 39.9066
116.42 39.9151
116.42 39.9389
116.42 39.9389
116.42 39.9529
116.42 39.953
116.419 39.9482
116.425 39.9143
116.418 39.9142
116.42 39.9321
116.434 39.9071
116.456 39.9083
116.456 39.9145
116.447 39.9325
116.42 39.9334
116.411 39.9396
116.397 39.9395
116.385 39.9454
116.377 39.9477
116.356 39.9567
116.341 39.9529
116.321 39.9505
116.319 39.9429
116.294 39.9311
116.279 39.922
116.293 39.9226
116.304 39.9331
116.301 39.9677
116.283 40.0014
116.267 40.0302
116.244 40.0431
116.244 40.0431
116.2 40.0401
116.173 40.0405
116.173 40.0406
116.173 40.0405
116.173 40.0406
116.173 40.0406
116.173 40.0406
116.173 40.0406
116.173 40.0406
116.173 40.0406
116.173 40.0406
116.173 40.0406
116.173 40.0405
116.173 40.0406
116.173 40.0406
116.173 40.0406
116.173 40.0405
116.173 40.0405
116.173 40.0405
116.173 40.0405
116.173 40.0406
116.173 40.0404
116.173 40.0404
116.173 40.0405
116.173 40.0405
116.173 40.0405
116.173 40.0405
116.173 40.0406
116.173 40.0405
116.173 40.0406
116.173 40.0406
116.173 40.0406
116.173 40.0405
116.173 40.0406
116.173 40.0406
116.173 40.0406
116.173 40.0406
116.173 40.0406
116.173 40.0406
116.173 40.0406
116.173 40.0406
116.173 40.0407
116.174 40.0431
116.205 40.0392
116.22 40.0678
116.263 40.0825
116.303 40.0786
116.303 40.0786
116.302 40.0563
116.287 40.0417
116.267 40.031
116.287 39.9973
116.302 39.9614
116.304 39.9433
116.34 39.9372
116.345 39.9385
116.309 39.9393
116.272 39.9455
116.268 39.9137
116.244 39.9062
116.24 39.913
116.24 39.913
116.24 39.913
116.24 39.9129
116.24 39.9129
116.24 39.913
116.239 39.9129
116.239 39.9151
116.239 39.9151
116.259 39.9114
116.259 39.9062
116.259 39.9062
116.268 39.9102
116.272 39.9417
116.282 39.9442
116.268 39.9383
116.269 39.9207
116.288 39.9228
116.322 39.922
116.338 39.9218
116.347 39.9192
116.34 39.9171
116.334 39.922
116.328 39.9226
116.341 39.922
116.358 39.9224
116.373 39.9212
116.383 39.9208
116.396 39.9209
116.401 39.917
116.4 39.9066
116.391 39.9062
116.358 39.8982
116.323 39.8952
116.323 39.8952
116.315 39.8898
116.311 39.885
116.305 39.8892
116.341 39.8963
116.353 39.8863
116.347 39.8871
116.347 39.8997
116.35 39.9018
116.35 39.9018
116.35 39.9018
116.347 39.9088
116.339 39.9127
116.338 39.9314
116.346 39.9394
116.299 39.9429
116.268 39.9126
116.259 39.9044
116.259 39.9045
116.259 39.8994
116.259 39.8881
116.258 39.8945
116.258 39.8945
116.258 39.8945
116.258 39.8945
116.258 39.8945
116.258 39.8945
116.259 39.8996
116.259 39.8965
116.254 39.8895
116.259 39.8995
116.271 39.9062
116.294 39.9062
116.315 39.8966
116.315 39.9019
116.331 39.906
116.351 39.9019
116.351 39.9134
116.35 39.9234
116.36 39.9455
116.409 39.9478
116.451 39.9592
116.484 39.9792
116.494 39.9922
116.487 39.9906
116.483 39.9827
116.474 39.9776
116.465 39.9838
116.451 39.9824
116.42 39.9877
116.415 39.9821
116.412 40.0004
116.412 40.0004
116.406 40.0456
116.414 40.0604
116.41 40.064
116.421 40.078
116.408 40.0784
116.403 40.0666
116.379 40.0621
116.35 40.0608
116.336 40.0582
116.323 40.054
116.302 40.0425
116.306 40.0296
116.293 40.0236
116.273 40.0199
116.267 40.0306
116.254 40.04
116.219 40.0407
116.179 40.048
116.146 40.0515
116.116 40.0592
116.149 40.0527
116.149 40.0527
116.172 40.0405
116.172 40.0406
116.172 40.0406
116.172 40.0406
116.172 40.0406
116.172 40.0406
116.172 40.0406
116.17 40.0276
116.17 40.0276
116.17 40.0276
116.17 40.0276
116.17 40.0276
116.17 40.0276
116.17 40.0276
116.17 40.0276
116.17 40.0276
116.17 40.0276
116.17 40.0276
116.17 40.0276
116.17 40.0276
116.17 40.0276
116.17 40.0275
116.17 40.0275
116.17 40.0276
116.17 40.0275
116.17 40.0283
116.17 40.0405
116.173 40.0406
116.173 40.0406
116.173 40.0406
116.173 40.0405
116.173 40.0406
116.173 40.0405
116.173 40.0406
116.173 40.0406
116.173 40.0405
116.173 40.0406
116.173 40.0406
116.18 40.0408
116.204 40.0333
116.217 40.0401
116.253 40.0406
116.267 40.0301
116.266 40.0195
116.278 40.0175
116.287 39.9953
116.299 39.9915
116.299 39.9861
116.3 39.9833
116.311 39.9786
116.325 39.9845
116.351 39.9921
116.352 39.992
116.347 39.9993
116.346 39.9999
116.347 39.9861
116.43 39.968
116.454 39.9325
116.452 39.9319
116.454 39.9323
116.426 39.9528
116.426 39.9528
116.35 39.9254
116.327 39.896
116.317 39.8961
116.317 39.8961
116.317 39.8961
116.317 39.8961
116.317 39.8961
116.317 39.8961
116.304 39.8949
116.304 39.8656
116.315 39.847
116.307 39.8298
116.307 39.825
116.307 39.8413
116.327 39.8475
116.319 30.6543
116.319 30.6543
116.319 39.8958
116.306 39.9057
116.297 39.9337
116.294 39.9393
116.294 39.9391
116.301 39.942
116.303 39.954
116.303 39.9505
116.304 39.8984
116.316 39.895
116.345 39.9568
116.298 39.9797
116.289 39.9957
116.273 40.0237
116.251 40.0415
116.244 40.0433
116.203 40.0396
116.177 40.0403
116.172 40.0406
116.172 40.0406
116.172 40.0405
116.172 40.0406
116.172 40.0406
116.172 40.0405
116.172 40.0405
116.172 40.0406
116.172 40.0406
116.172 40.0406
116.172 40.0406
116.172 40.0406
116.172 40.0406
116.172 40.0406
116.172 40.0405
116.172 40.0406
116.172 40.0405
116.172 40.0405
116.172 40.0405
116.172 40.0405
116.172 40.0405
116.172 40.0405
116.172 40.0406
116.172 40.0406
116.172 40.0406
116.172 40.0406
116.172 40.0406
116.172 40.0406
116.172 40.0406
116.172 40.0406
116.172 40.0406
116.172 40.0406
116.172 40.0405
116.172 40.0405
116.172 40.0406
116.172 40.0406
116.172 40.0405
116.172 40.0406
116.172 40.0406
116.172 40.0406
116.172 40.0405
116.172 40.0406
116.172 40.0406
116.172 40.0406
116.172 40.0405
116.172 40.0406
116.172 40.0406
116.172 40.0406
116.172 40.0405
116.172 40.0405
116.172 40.0406
116.172 40.0405
116.172 40.0405
116.172 40.0406
116.172 40.0406
116.172 40.0406
116.172 40.0405
116.172 40.0406
116.172 40.0406
116.172 40.0406
116.172 40.0406
116.172 40.0406
116.172 40.0406
116.172 40.0406
116.172 40.0406
116.198 40.0394
116.238 40.0446
116.263 40.0304
116.276 40.0202
116.295 39.976
116.309 39.9389
116.319 39.9356
116.304 39.9396
116.286 39.9467
116.279 39.9511
116.279 39.9511
116.285 39.9602
116.297 39.9587
116.317 39.9573
116.316 39.9655
116.333 39.9667
116.333 39.9673
116.349 39.9322
116.35 39.9136
116.347 39.8903
116.347 39.88
116.354 39.867
116.433 39.8658
116.421 39.8644
116.416 39.8571
116.42 39.8511
116.418 39.8539
116.417 39.8538
116.417 39.8538
116.417 39.8537
116.417 39.8538
116.417 39.8536
116.417 39.8538
116.415 39.8636
116.408 39.8871
116.393 39.8852
116.393 39.8852
116.387 39.8852
116.393 39.8661
116.406 39.8577
116.419 39.8565
116.419 39.8496
116.415 39.8484
116.416 39.8594
116.379 39.8698
116.368 39.8868
116.357 39.8924
116.368 39.8947
116.358 39.888
116.358 39.888
116.321 39.8888
116.311 39.8853
116.307 39.881
116.307 39.881
116.295 39.8834
116.281 39.8883
116.294 39.8854
116.289 39.8977
116.292 39.906
116.292 39.9061
116.292 39.906
116.293 39.906
116.292 39.9061
116.294 39.906
116.289 39.896
116.277 39.8941
116.277 39.8941
116.298 39.8956
116.351 39.9094
116.352 39.9082
116.351 39.9094
116.35 39.9244
116.345 39.9343
116.34 39.9363
116.338 39.9318
116.324 39.9268
116.317 39.9223
116.317 39.9223
116.316 39.922
116.326 39.9268
116.331 39.9366
116.378 39.9474
116.427 39.9434
116.443 39.9323
116.472 39.9323
116.469 39.9356
116.465 39.9446
116.467 39.9438
116.466 39.9327
116.473 39.9325
116.472 39.9228
116.472 39.9132
116.466 39.8993
116.459 39.8967
116.458 39.8967
116.456 39.9028
116.454 39.9119
116.456 39.941
116.431 39.9675
116.407 39.9675
116.396 39.9694
116.388 39.9834
116.37 39.9931
116.373 39.9809
116.362 39.9753
116.351 39.9753
116.35 39.9457
116.35 39.901
116.315 39.8962
116.315 39.9058
116.304 39.91
116.304 39.9309
116.304 39.9542
116.339 39.9663
116.384 39.9668
116.364 39.9722
116.363 39.9855
116.359 39.9943
116.357 40.0108
116.348 40.0237
116.327 40.049
116.313 40.0739
116.309 40.0574
116.263 40.0477
116.244 40.0444
116.198 40.0402
116.171 40.0406
116.171 40.0406
116.171 40.0406
116.171 40.0405
116.171 40.0405
116.171 40.0405
116.171 40.0405
116.171 40.0405
116.171 40.0405
116.171 40.0406
116.171 40.0406
116.171 40.0405
116.171 40.0405
116.171 40.0405
116.171 40.0405
116.171 40.0405
116.171 40.0405
116.171 40.0405
116.171 40.0405
116.171 40.0405
116.171 40.0405
116.171 40.0405
116.171 40.0405
116.171 40.0405
116.171 40.0405
116.171 40.0405
116.171 40.0405
116.171 40.0405
116.171 40.0405
116.171 40.0405
116.171 40.0405
116.171 40.0405
116.171 40.0405
116.171 40.0404
116.171 40.0405
116.171 40.0404
116.171 40.0405
116.171 40.0405
116.171 40.0405
116.171 40.0405
116.171 40.0405
116.171 40.0405
116.171 40.0405
116.171 40.0405
116.171 40.0405
116.171 40.0405
116.171 40.0405
116.171 40.0405
116.171 40.0405
116.171 40.0405
116.171 40.0405
116.171 40.0405
116.171 40.0404
116.171 40.0404
116.171 40.0406
116.171 40.0405
116.171 40.0405
116.171 40.0404
116.171 40.0405
116.171 40.0405
116.171 40.0405
116.171 40.0404
116.171 40.0405
116.171 40.0405
116.171 40.0405
116.171 40.0405
116.171 40.0406
116.171 40.0405
116.171 40.0405
116.171 40.0405
116.171 40.0405
116.171 40.0405
116.171 40.0405
116.171 40.0405
116.171 40.0405
116.171 40.0405
116.171 40.0405
116.171 40.0405
116.171 40.0405
116.171 40.0405
116.171 40.0405
116.171 40.0405
116.171 40.0405
116.171 40.0405
116.171 40.0405
116.171 40.0405
116.171 40.0405
116.171 40.0405
116.171 40.0405
116.171 40.0405
116.171 40.0405
116.171 40.0405
116.171 40.0405
116.171 40.0405
116.171 40.0404
116.171 40.0405
116.171 40.0405
116.171 40.0405
116.171 40.0405
116.171 40.0405
116.171 40.0405
116.171 40.0405
116.171 40.0405
116.171 40.0404
116.171 40.0405
116.171 40.0405
116.171 40.0405
116.171 40.0405
116.171 40.0405
116.171 40.0404
116.171 40.0405
116.171 40.0405
116.171 40.0405
116.171 40.0405
116.171 40.0405
116.171 40.0405
116.171 40.0405
116.171 40.0405
116.171 40.0405
116.171 40.0405
116.171 40.0405
116.171 40.0405
116.171 40.0405
116.171 40.0405
116.171 40.0405
116.171 40.0404
116.171 40.0405
116.171 40.0405
116.171 40.0405
116.171 40.0405
116.171 40.0405
116.171 40.0405
116.171 40.0405
116.171 40.0405
116.171 40.0405
116.171 40.0405
116.171 40.0405
116.171 40.0405
116.171 40.0405
116.171 40.0405
116.171 40.0405
116.171 40.0405
116.171 40.0405
116.171 40.0405
116.172 40.0406
116.172 40.0405
116.172 40.0406
116.172 40.0406
116.172 40.0406
116.172 40.0406
116.172 40.0406
116.2 40.04
116.203 40.0339
116.203 40.0339
116.216 40.04
116.252 40.0418
116.262 40.0474
116.289 40.0538
116.26 40.0474
116.254 40.042
116.269 40.028
116.27 40.0272
116.281 40.0144
116.297 39.971
116.297 39.971
116.328 39.965
116.332 39.9478
116.346 39.9406
116.358 39.937
116.338 39.9228
116.336 39.922
116.328 39.9275
116.338 39.9268
116.35 39.9104
116.371 39.9057
116.4 39.9025
116.404 39.8926
116.397 39.8993
116.385 39.9136
116.374 39.9223
116.376 39.9312
116.371 39.9263
116.354 39.9224
116.323 39.922
116.3 39.9229
116.296 39.9363
116.275 39.9454
116.265 39.9399
116.265 39.9399
116.239 39.9579
116.226 39.9718
116.269 39.9674
116.278 39.9601
116.282 39.9516
116.283 39.9663
116.31 39.984
116.314 39.9796
116.307 39.9797
116.309 39.9795
116.31 39.9795
116.303 39.9745
116.299 39.9662
116.298 39.9666
116.302 39.9614
116.305 39.962
116.305 39.9619
116.33 39.9679
116.33 39.9679
116.33 39.9678
116.329 39.9665
116.329 39.9665
116.314 39.9689
116.304 39.9616
116.314 39.969
116.32 39.9749
116.332 39.974
116.347 39.975
116.345 39.9669
116.332 39.9664
116.299 39.9597
116.279 39.9559
116.279 39.9501
116.295 39.9443
116.304 39.9039
116.315 39.8948
116.323 39.9011
116.303 39.8964
116.297 39.8871
116.303 39.8882
116.329 39.8885
116.337 39.8838
116.35 39.9072
116.353 39.9127
116.35 39.9169
116.346 39.939
116.322 39.9373
116.304 39.9236
116.299 39.9182
116.304 39.912
116.305 39.909
116.304 39.9222
116.304 39.9442
116.317 39.97
116.314 39.9749
116.31 39.9841
116.281 40.0112
116.263 40.0305
116.25 40.042
116.241 40.0363
116.244 40.0433
116.229 40.0439
116.229 40.0439
116.19 40.0388
116.172 40.0406
116.172 40.0406
116.172 40.0405
116.172 40.0406
116.172 40.0406
116.172 40.0406
116.172 40.0406
116.172 40.0406
116.172 40.0405
116.172 40.0406
116.172 40.0405
116.172 40.0406
116.172 40.0406
116.172 40.0406
116.172 40.0406
116.172 40.0405
116.172 40.0406
116.172 40.0405
116.172 40.0405
116.172 40.0405
116.172 40.0405
116.172 40.0406
116.172 40.0406
116.172 40.0406
116.172 40.0406
116.172 40.0406
116.172 40.0406
116.172 40.0406
116.172 40.0406
116.172 40.0406
116.172 40.0406
116.172 40.0406
116.172 40.0406
116.172 40.0405
116.172 40.0406
116.172 40.0406
116.172 40.0406
116.172 40.0405
116.172 40.0405
116.172 40.0405
116.172 40.0405
116.172 40.0405
116.172 40.0405
116.172 40.0405
116.172 40.0405
116.172 40.0405
116.172 40.0405
116.172 40.0405
116.172 40.0405
116.172 40.0405
116.172 40.0405
116.172 40.0405
116.172 40.0405
116.172 40.0405
116.172 40.0405
116.172 40.0405
116.172 40.0405
116.172 40.0406
116.172 40.0405
116.172 40.0405
116.172 40.0405
116.172 40.0406
116.172 40.0405
116.172 40.0405
116.172 40.0405
116.172 40.0405
116.172 40.0405
116.172 40.0405
116.172 40.0406
116.172 40.0405
116.172 40.0406
116.172 40.0405
116.172 40.0405
116.172 40.0405
116.172 40.0406
116.172 40.0406
116.172 40.0406
116.172 40.0406
116.172 40.0406
116.172 40.0406
116.172 40.0406
116.172 40.0407
116.172 40.0406
116.172 40.0406
116.172 40.0406
116.172 40.0405
116.172 40.0405
116.172 40.0406
116.172 40.0406
116.172 40.0406
116.172 40.0405
116.172 40.0406
116.172 40.0405
116.172 40.0406
116.172 40.0407
116.172 40.0406
116.172 40.0406
116.172 40.0406
116.172 40.0406
116.172 40.0406
116.172 40.0405
116.172 40.0405
116.172 40.0406
116.172 40.0406
116.172 40.0406
116.172 40.0406
116.172 40.0406
116.172 40.0406
116.172 40.0405
116.172 40.0406
116.172 40.0405
116.172 40.0406
116.172 40.0405
116.172 40.0405
116.172 40.0405
116.172 40.0406
116.172 40.0406
116.172 40.0406
116.172 40.0406
116.172 40.0405
116.172 40.0405
116.172 40.0405
116.172 40.0405
116.172 40.0405
116.172 40.0405
116.172 40.0405
116.172 40.0405
116.172 40.0405
116.172 40.0405
116.172 40.0404
116.172 40.0405
116.172 40.0405
116.172 40.0404
116.172 40.0406
116.172 40.0405
116.172 40.0405
116.172 40.0405
116.172 40.0405
116.172 40.0405
116.172 40.0406
116.172 40.0405
116.172 40.0405
116.172 40.0405
116.172 40.0406
116.172 40.0405
116.172 40.0405
116.172 40.0405
116.172 40.0405
116.172 40.0405
116.172 40.0405
116.172 40.0405
116.172 40.0405
116.172 40.0405
116.172 40.0405
116.172 40.0406
116.172 40.0405
116.172 40.0405
116.172 40.0406
116.172 40.0405
116.172 40.0406
116.172 40.0406
116.172 40.0406
116.172 40.0406
116.172 40.0406
116.172 40.0406
116.172 40.0406
116.172 40.0406
116.172 40.0406
116.172 40.0406
116.172 40.0406
116.172 40.0406
116.172 40.0407
116.172 40.0406
116.172 40.0406
116.172 40.0406
116.172 40.0405
116.172 40.0406
116.172 40.0406
116.172 40.0406
116.172 40.0406
116.172 40.0406
116.172 40.0406
116.172 40.0406
116.172 40.0406
116.172 40.0406
116.172 40.0406
116.172 40.0406
116.172 40.0406
116.172 40.0405
116.172 40.0405
116.173 40.0405
116.189 40.0456
116.205 40.0437
116.205 40.0438
116.205 40.0438
116.205 40.0436
116.205 40.0436
116.205 40.0436
116.205 40.0436
116.205 40.0436
116.205 40.0437
116.205 40.0437
116.205 40.0436
116.205 40.0437
116.205 40.0437
116.205 40.0436
116.205 40.0436
116.205 40.0436
116.205 40.0436
116.205 40.0436
116.205 40.0436
116.205 40.0435
116.205 40.0436
116.205 40.0435
116.205 40.0436
116.205 40.0437
116.205 40.0436
116.205 40.0436
116.205 40.0436
116.205 40.0436
116.205 40.0436
116.205 40.0435
116.205 40.0437
116.205 40.0437
116.205 40.0437
116.196 40.041
116.173 40.0406
116.172 40.0406
116.172 40.0405
116.151 40.0512
116.149 40.051
116.149 40.051
116.149 40.051
116.149 40.051
116.149 40.051
116.149 40.051
116.149 40.051
116.149 40.051
116.149 40.051
116.149 40.0511
116.149 40.0511
116.149 40.0511
116.167 40.0443
116.172 40.0407
116.174 40.0405
116.174 40.0405
116.194 40.0414
116.205 40.0438
116.205 40.0438
116.211 40.0633
116.21 40.0629
116.21 40.0629
116.21 40.063
116.21 40.063
116.21 40.0629
116.21 40.0629
116.21 40.0629
116.21 40.063
116.215 40.0466
116.205 40.0437
116.205 40.0436
116.205 40.0436
116.205 40.0436
116.205 40.0436
116.205 40.0436
116.205 40.0437
116.205 40.0437
116.205 40.0437
116.205 40.0437
116.205 40.0437
116.205 40.0437
116.205 40.0437
116.205 40.0437
116.205 40.0437
116.205 40.0437
116.205 40.0437
116.205 40.0437
116.205 40.0437
116.205 40.0438
116.205 40.0438
116.205 40.0437
116.205 40.0437
116.205 40.0438
116.205 40.0438
116.205 40.0437
116.205 40.0437
116.205 40.0437
116.205 40.0437
116.205 40.0437
116.205 40.0438
116.205 40.0438
116.205 40.0438
116.205 40.0438
116.205 40.0437
116.205 40.0437
116.205 40.0437
116.205 40.0437
116.205 40.0437
116.205 40.0437
116.205 40.0437
116.205 40.0437
116.205 40.0437
116.205 40.0437
116.205 40.0437
116.205 40.0437
116.205 40.0437
116.205 40.0437
116.205 40.0438
116.187 40.0461
116.172 40.0406
116.172 40.0406
116.172 40.0406
116.172 40.0406
116.172 40.0405
116.172 40.0406
116.173 40.0406
116.173 40.0405
116.172 40.0406
116.172 40.0406
116.172 40.0406
116.172 40.0405
116.172 40.0406
116.172 40.0405
116.172 40.0406
116.172 40.0406
116.172 40.0406
116.173 40.0406
116.172 40.0405
116.172 40.0405
116.172 40.0406
116.172 40.0406
116.172 40.0405
116.173 40.0406
116.173 40.0406
116.172 40.0406
116.172 40.0406
116.172 40.0406
116.172 40.0406
116.173 40.0405
116.172 40.0405
116.172 40.0405
116.172 40.0406
116.172 40.0406
116.172 40.0406
116.173 40.0406
116.172 40.0406
116.172 40.0405
116.172 40.0406
116.172 40.0406
116.172 40.0406
116.172 40.0406
116.172 40.0405
116.172 40.0406
116.173 40.0406
116.172 40.0405
116.173 40.0406
116.173 40.0406
116.172 40.0406
116.173 40.0406
116.172 40.0406
116.173 40.0406
116.172 40.0406
116.172 40.0406
116.172 40.0406
116.173 40.0407
116.173 40.0406
116.172 40.0406
116.172 40.0406
116.172 40.0406
116.172 40.0406
116.172 40.0407
116.172 40.0406
116.172 40.0408
116.172 40.0407
116.172 40.0407
116.173 40.0406
116.172 40.0406
116.624 39.9125
116.624 39.9125
116.173 40.0406
116.173 40.0405
116.172 40.0406
116.172 40.0405
116.173 40.0406
116.173 40.0406
116.172 40.0406
116.173 40.0406
116.173 40.0406
116.172 40.0406
116.172 40.0405
116.172 40.0406
116.173 40.0406
116.172 40.0406
116.173 40.0406
116.173 40.0406
116.173 40.0406
116.173 40.0406
116.172 40.0406
116.172 40.0405
116.172 40.0405
116.173 40.0405
116.172 40.0406
116.173 40.0405
116.173 40.0405
116.173 40.0405
116.173 40.0406
116.172 40.0406
116.172 40.0406
116.173 40.0406
116.173 40.0406
116.172 40.0406
116.172 40.0406
116.173 40.0406
116.173 40.0406
116.173 40.0406
116.172 40.0406
116.173 40.0405
116.172 40.0405
116.172 40.0405
116.173 40.0405
116.173 40.0405
116.172 40.0405
116.173 40.0405
116.173 40.0405
116.172 40.0405
116.173 40.0406
116.173 40.0406
116.172 40.0406
116.172 40.0405
116.173 40.0406
116.172 40.0405
116.173 40.0406
116.172 40.0405
116.172 40.0405
116.173 40.0405
116.173 40.0405
116.173 40.0405
116.173 40.0405
116.173 40.0405
116.173 40.0406
116.172 40.0406
116.173 40.0406
116.173 40.0406
116.173 40.0406
116.173 40.0406
116.172 40.0405
116.172 40.0406
116.173 40.0406
116.172 40.0406
116.172 40.0406
116.172 40.0406
116.172 40.0405
116.172 40.0406
116.172 40.0406
116.172 40.0407
116.172 40.0406
116.172 40.0406
116.172 40.0406
116.172 40.0406
116.173 40.0406
116.172 40.0406
116.172 40.0406
116.172 40.0407
116.172 40.0406
116.172 40.0406
116.172 40.0406
116.172 40.0406
116.172 40.0406
116.173 40.0406
116.172 40.0406
116.172 40.0406
116.172 40.0406
116.172 40.0406
116.172 40.0406
116.172 40.0406
116.165 40.0468
116.165 40.0469
116.171 40.0441
116.182 40.0396
116.172 40.044
116.167 40.0414
116.167 40.0414
116.167 40.0406
116.167 40.0406
116.16 40.0322
116.16 40.0322
116.16 40.0322
116.159 40.0327
116.159 40.0327
116.159 40.0341
116.159 40.0341
116.159 40.0341
116.159 40.0341
116.159 40.0341
116.159 40.0341
116.16 40.0349
116.168 40.0424
116.168 40.0424
116.168 40.0424
116.168 40.0424
116.168 40.0424
116.168 40.0424
116.168 40.0423
116.168 40.0425
116.168 40.0424
116.168 40.0424
116.168 40.0424
116.168 40.0424
116.168 40.0424
116.168 40.0424
116.168 40.0425
116.168 40.0425
116.168 40.0425
116.168 40.0425
116.168 40.0425
116.168 40.0425
116.168 40.0425
116.168 40.0425
116.168 40.0425
116.168 40.0425
116.167 40.0416
116.172 40.0406
116.173 40.0406
116.173 40.0406
116.173 40.0355
116.176 40.0349
116.176 40.0349
116.176 40.0349
116.176 40.0349
116.176 40.0349
116.176 40.0349
116.176 40.035
116.176 40.035
116.176 40.0348
116.176 40.0348
116.176 40.0344
116.176 40.0344
116.177 40.0403
116.177 40.0403
116.177 40.0403
116.177 40.0403
116.177 40.0403
116.177 40.0403
116.177 40.0403
