116.318 39.9796
116.319 39.9722
116.316 39.9661
116.316 39.9661
116.303 39.95
116.306 39.9308
116.315 39.9264
116.305 39.9398
116.35 39.942
116.375 39.9727
116.41 39.9872
116.412 39.9871
116.418 39.9892
116.41 39.9914
116.408 39.9891
116.374 39.9799
116.373 39.9506
116.355 39.9439
116.349 39.932
116.347 39.9226
116.345 39.9223
116.337 39.9284
116.339 39.9376
116.439 39.9624
116.319 39.9444
116.33 39.9562
116.355 39.9666
116.348 39.9745
116.347 39.9691
116.334 39.9666
116.328 39.9729
116.453 39.9325
116.327 39.9794
116.324 39.9918
116.322 39.993
116.309 39.9975
116.316 39.9909
116.316 39.9908
116.328 39.9843
116.347 39.9633
116.35 39.9479
116.349 39.9391
116.35 39.9286
116.334 39.8961
116.305 39.9359
116.304 39.9441
116.316 39.9552
116.316 39.9552
116.317 39.959
116.32 39.9656
116.322 39.9658
116.327 39.9751
116.327 39.9751
116.322 39.9801
116.323 39.9797
116.323 39.9796
116.323 39.9796
116.323 39.9796
116.323 39.9796
116.325 39.9797
116.345 39.9751
116.363 39.9753
116.372 39.9753
116.389 39.9493
116.389 39.9493
116.405 39.9476
116.405 39.9476
116.428 39.933
116.427 39.9249
116.429 39.9159
116.423 39.8992
116.417 39.896
116.411 39.8951
116.411 39.8951
116.413 39.8862
116.415 39.8831
116.429 39.88
116.437 39.88
116.434 39.881
116.439 39.8744
116.429 39.8695
116.397 39.8706
116.37 39.8689
116.36 39.869
116.363 39.8568
116.359 39.8589
116.362 39.8719
116.366 39.8772
116.369 39.8874
116.368 39.8915
116.369 39.8935
116.387 39.899
116.388 39.8955
116.403 39.8913
116.411 39.8916
116.433 39.8923
116.45 39.8927
116.451 39.8923
116.433 39.8963
116.417 39.8958
116.412 39.9065
116.419 39.914
116.43 39.9039
116.439 39.8962
116.442 39.8986
116.445 39.8976
116.45 39.8876
116.452 39.8845
116.437 39.8831
116.422 39.8917
116.418 39.8957
116.416 39.8958
116.421 39.8993
116.429 39.9189
116.414 39.9481
116.374 39.9496
116.37 39.9921
116.355 40.013
116.342 40.0257
116.339 40.0257
116.345 40.025
116.346 40.0068
116.347 39.9926
116.346 39.9763
116.347 39.9717
116.348 39.9841
116.337 39.9899
116.338 39.9896
116.347 39.984
116.343 39.9666
116.343 39.9667
116.343 39.9667
116.342 39.9666
116.327 39.9827
116.326 39.9664
116.319 39.9661
116.352 39.9663
116.352 39.9663
116.406 39.9676
116.412 39.9735
116.418 39.9739
116.426 39.9571
116.426 39.9506
116.417 39.9396
116.411 39.9323
116.412 39.9145
116.416 39.8958
116.423 39.8992
116.433 39.898
116.434 39.88
116.428 39.8808
116.428 39.8808
116.422 39.891
116.393 39.8901
116.352 39.8881
116.31 39.8571
116.315 39.8468
116.315 39.8468
116.303 39.8375
116.303 39.8375
116.307 39.8356
116.32 39.8464
116.306 39.8694
116.314 39.8949
116.314 39.8948
116.368 39.9099
116.385 39.9211
116.42 39.9397
116.426 39.9578
116.453 39.9531
116.477 39.9745
116.491 39.9902
116.521 40.0166
116.568 40.0332
116.62 40.0328
116.656 40.0608
116.735 40.0631
116.797 40.0666
116.862 40.0739
116.939 40.0804
116.998 40.0761
117.017 40.1127
117.017 40.1127
117.017 40.1127
117.017 40.1127
117.017 40.1127
117.017 40.1127
117.017 40.1127
117.017 40.1126
117.017 40.1126
117.017 40.1126
117.017 40.1126
117.017 40.1126
117.017 40.1126
117.017 40.1126
117.017 40.1126
117.017 40.1126
117.017 40.1126
117.017 40.1127
117.017 40.1127
117.017 40.1127
117.017 40.1127
117.017 40.1127
117.017 40.1127
117.017 40.1127
117.017 40.1127
117.017 40.1127
117.017 40.1127
117.017 40.1127
117.017 40.1127
117.017 40.1127
117.017 40.1127
117.017 40.1127
117.017 40.1127
117.017 40.1127
117.017 40.1127
117.017 40.1127
117.017 40.1127
117.017 40.1127
117.017 40.1127
117.017 40.1127
117.017 40.1127
117.017 40.1127
117.017 40.1127
117.017 40.1127
117.017 40.1127
117.017 40.1127
117.017 40.1127
117.017 40.1127
117.017 40.1127
117.017 40.1127
117.017 40.1127
117.017 40.1127
117.017 40.1126
117.017 40.1127
117.017 40.1127
117.017 40.1127
117.017 40.1127
117.017 40.1127
117.017 40.1127
117.017 40.1127
117.017 40.1127
117.017 40.1127
117.017 40.1127
117.017 40.1127
117.017 40.1127
117.017 40.1127
117.017 40.1127
117.017 40.1127
117.017 40.1127
117.017 40.1124
117.09 40.1425
117.085 40.1362
117.085 40.1362
117.085 40.1361
117.1 40.1487
117.116 40.1587
117.117 40.1617
117.116 40.1598
117.101 40.1443
117.101 40.1443
117.094 40.1386
117.085 40.1362
117.085 40.1362
117.085 40.1362
117.085 40.1362
117.09 40.1382
117.05 40.1455
116.994 40.1401
116.921 40.1518
116.849 40.152
116.784 40.1456
116.712 40.1222
116.661 40.1154
116.608 40.1166
116.564 40.1165
116.551 40.0779
116.531 40.0467
116.517 40.0247
116.498 40.003
116.472 39.9794
116.47 39.9777
116.47 39.9776
116.471 39.9773
116.47 39.9777
116.47 39.9777
116.471 39.9782
116.484 39.9686
116.487 39.966
116.483 39.9573
116.457 39.9482
116.467 39.9337
116.462 39.9329
116.457 39.9321
116.455 39.9121
116.429 39.9058
116.423 39.9038
116.426 39.9037
116.415 39.9007
116.405 39.9023
116.406 39.9093
116.405 39.9072
116.39 39.9054
116.378 39.8987
116.379 39.8984
116.388 39.8945
116.369 39.8881
116.369 39.8944
116.368 39.895
116.358 39.8981
116.305 39.8959
116.304 39.9396
116.375 39.888
116.304 39.9467
116.303 39.9473
116.283 39.9475
116.273 39.9526
116.282 39.946
116.29 39.9271
116.299 39.9222
116.304 39.9114
116.301 39.8806
116.3 39.8811
116.304 39.9126
116.315 39.9378
116.346 39.9386
116.346 39.9392
116.337 39.9453
116.318 39.9532
116.316 39.9656
116.318 39.9657
116.343 39.9663
116.382 39.967
116.414 39.9677
116.419 39.9716
116.429 39.9877
116.451 39.987
116.451 39.9914
116.457 40.0018
116.452 40
116.451 39.9986
116.465 40.0122
116.505 40.0075
116.575 40.043
116.587 40.0773
116.587 40.0784
116.581 40.0766
116.582 40.0637
116.563 40.0688
116.567 40.071
116.567 40.071
116.567 40.071
116.567 40.071
116.567 40.071
116.567 40.071
116.567 40.071
116.567 40.071
116.567 40.071
116.567 40.071
116.567 40.071
116.567 40.071
116.567 40.071
116.567 40.071
116.567 40.071
116.567 40.071
116.567 40.071
116.567 40.071
116.567 40.071
116.567 40.071
116.567 40.071
116.567 40.071
116.567 40.071
116.567 40.071
116.567 40.0709
116.567 40.0709
116.567 40.0709
116.567 40.0709
116.567 40.0709
116.563 40.0679
116.582 40.0645
116.582 40.0677
116.582 40.0693
116.581 40.07
116.581 40.0706
116.581 40.0764
116.582 40.0759
116.582 40.0759
116.587 40.077
116.588 40.0774
116.588 40.0774
116.579 40.0468
116.511 40.0132
116.462 39.9718
116.403 39.9872
116.273 39.9709
116.269 39.9174
116.228 39.8496
116.226 39.8473
116.231 39.8413
116.25 39.8638
116.282 39.8324
116.303 39.8291
116.286 39.8322
116.33 39.906
116.339 39.9039
116.343 39.9058
116.362 39.9027
116.362 39.9004
116.218 39.899
116.268 39.8992
116.27 39.8991
116.274 39.8989
116.275 39.8989
116.275 39.8989
116.283 39.9261
116.297 39.9226
116.304 39.9189
116.284 39.9063
116.26 39.9062
116.258 39.8915
116.247 39.8919
116.26 39.899
116.295 39.9291
116.295 39.9293
116.312 39.9269
116.328 39.9254
116.348 39.9221
116.348 39.9221
116.398 39.8992
116.419 39.9033
116.42 39.9034
116.421 39.9034
116.421 39.9034
116.42 39.9035
116.434 39.9048
116.434 39.9048
116.435 39.9047
116.435 39.9052
116.435 39.9059
116.437 39.9213
116.437 39.9213
116.455 39.9273
116.459 39.9307
116.457 39.9268
116.456 39.9275
116.461 39.928
116.461 39.9259
116.46 39.9279
116.456 39.8938
116.45 39.8958
116.476 39.8992
116.48 39.8989
116.48 39.8988
116.48 39.8988
116.48 39.8987
116.48 39.8987
116.48 39.8987
116.48 39.8985
116.48 39.8986
116.48 39.8986
116.48 39.8986
116.48 39.8986
116.48 39.8984
116.48 39.8985
116.48 39.8985
116.48 39.8987
116.48 39.8987
116.48 39.8985
116.48 39.8986
116.48 39.8986
116.48 39.8986
116.48 39.8986
116.48 39.8986
116.48 39.8986
116.481 39.8984
116.48 39.8985
116.48 39.8986
116.48 39.8987
116.48 39.8987
116.48 39.8987
116.48 39.8988
116.48 39.8987
116.48 39.8987
116.48 39.8987
116.48 39.8987
116.48 39.8987
116.48 39.8987
116.48 39.8987
116.48 39.8987
116.48 39.8987
116.48 39.8987
116.48 39.8986
116.48 39.8986
116.48 39.8986
116.48 39.8984
116.48 39.8986
116.48 39.8986
116.48 39.8988
116.48 39.8987
116.48 39.8987
116.48 39.8985
116.48 39.8987
116.48 39.8987
116.48 39.8986
116.48 39.8987
116.48 39.8976
116.481 39.8972
116.48 39.8978
116.457 39.8922
116.447 39.8602
116.408 39.853
116.405 39.8526
116.407 39.8526
116.412 39.8561
116.388 39.8533
116.401 39.8582
116.407 39.8708
116.425 39.8828
116.45 39.8925
116.477 39.8993
116.472 39.9065
116.48 39.8978
116.48 39.8978
116.456 39.8922
116.412 39.8918
116.379 39.8882
116.358 39.888
116.315 39.8888
116.315 39.892
116.305 39.8875
116.305 39.9007
116.304 39.919
116.314 39.9306
116.314 39.9377
116.344 39.9385
116.389 39.9475
116.427 39.9474
116.441 39.9412
116.439 39.9412
116.449 39.9398
116.454 39.9323
116.481 39.9323
116.485 39.9137
116.486 39.914
116.494 39.9147
116.484 39.9128
116.446 39.9028
116.445 39.903
116.456 39.9107
116.456 39.9269
116.456 39.9197
116.456 39.9281
116.456 39.9476
116.464 39.9631
116.48 39.9765
116.49 39.9952
116.506 40.0111
116.506 40.011
116.506 40.0109
116.506 40.0109
116.506 40.0109
116.506 40.0108
116.506 40.0111
116.506 40.0112
116.506 40.0112
116.506 40.0111
116.506 40.0112
116.498 40.0002
116.484 39.9773
116.471 39.9688
116.449 39.9794
116.431 39.9901
116.418 39.9906
116.421 39.9874
116.441 39.9716
116.426 39.9686
116.418 39.9903
116.411 39.9968
116.403 40.0009
116.401 39.9983
116.347 39.9646
116.347 39.9575
116.347 39.957
116.343 39.9568
116.343 39.9568
116.321 39.9558
116.305 39.9601
116.305 39.9614
116.313 39.9648
116.325 39.9662
116.386 39.9665
116.396 39.9478
116.419 39.9478
116.41 39.9419
116.41 39.9419
116.413 39.9506
116.412 39.9609
116.412 39.9677
116.412 39.9677
116.396 39.9676
116.395 39.9677
116.394 39.9676
116.366 39.9648
116.39 39.9678
116.348 39.9695
116.347 39.9726
116.347 39.9711
116.39 39.9671
116.456 39.8996
116.456 39.8996
116.451 39.955
116.44 39.9435
116.436 39.9472
116.436 39.9472
116.436 39.9472
116.435 39.9472
116.429 39.9533
116.429 39.9577
116.424 39.9481
116.428 39.9258
116.429 39.9144
116.423 39.904
116.423 39.9063
116.452 39.9067
116.457 39.9058
116.468 39.9074
116.464 39.9092
116.456 39.9269
116.453 39.9532
116.426 39.9682
116.376 39.967
116.359 39.9715
116.359 39.9674
116.348 39.9748
116.347 39.9736
116.349 39.9554
116.35 39.9462
116.336 39.9374
116.336 39.9374
116.318 39.9449
116.329 39.9554
116.328 39.9564
116.319 39.9426
116.304 39.9325
116.298 39.9309
116.298 39.9309
116.301 39.9309
116.301 39.9309
116.301 39.9309
116.301 39.931
116.301 39.931
116.301 39.9309
116.3 39.94
116.304 39.9309
116.304 39.9144
116.304 39.9104
116.315 39.9013
116.304 39.9042
116.304 39.9153
116.312 39.9269
116.317 39.9268
116.327 39.9268
116.337 39.9228
116.337 39.9228
116.358 39.9225
116.357 39.9083
116.367 39.9058
116.385 39.906
116.399 39.9065
116.409 39.9069
116.427 39.9072
116.444 39.9071
116.493 39.9067
116.524 39.9062
116.52 39.9051
116.519 39.9101
116.516 39.9144
116.504 39.9149
116.478 39.9143
116.476 39.9144
116.472 39.9107
116.472 39.9076
116.444 39.912
116.434 39.9213
116.411 39.9243
116.416 39.9309
116.41 39.9469
116.413 39.9507
116.413 39.9537
116.415 39.9535
116.415 39.9535
116.419 39.956
116.419 39.9485
116.432 39.9395
116.43 39.9325
116.435 39.9472
116.435 39.9472
116.435 39.9472
116.435 39.947
116.434 39.9399
116.391 39.9395
116.389 39.952
116.396 39.9665
116.393 39.9321
116.377 39.9318
116.369 39.9314
116.35 39.922
116.35 39.9096
116.316 39.9097
116.315 39.8969
116.305 39.9109
116.31 39.9268
116.314 39.9269
116.303 39.9589
116.3 39.9753
116.365 39.9572
116.403 39.9326
116.415 39.9395
116.411 39.939
116.411 39.9404
116.449 39.9382
116.449 39.9347
116.431 39.9325
116.432 39.9228
116.433 39.9227
116.441 39.9256
116.453 39.9323
116.455 39.928
116.455 39.9279
116.455 39.9279
116.455 39.9279
116.455 39.9276
116.446 39.9256
116.431 39.9324
116.414 39.9477
116.414 39.9477
116.419 39.9496
116.508 40.0113
116.508 40.0113
116.508 40.0113
116.508 40.0113
116.508 40.0113
116.522 40.0305
116.55 40.0674
116.56 40.1137
116.633 40.1162
116.694 40.1241
116.769 40.1416
116.834 40.1508
116.905 40.1524
116.974 40.145
116.978 40.1395
116.972 40.1166
116.997 40.1152
117.017 40.1127
117.017 40.1127
117.017 40.1127
117.017 40.1127
117.017 40.1127
117.017 40.1127
117.017 40.1127
117.017 40.1127
117.017 40.1127
117.017 40.1127
117.017 40.1127
117.017 40.1127
117.017 40.1127
117.017 40.1127
117.017 40.1127
117.017 40.1127
117.017 40.1127
117.017 40.1127
117.017 40.1127
117.017 40.1127
117.017 40.1127
117.017 40.1127
117.017 40.1127
117.017 40.1127
117.017 40.1127
117.017 40.1127
117.017 40.1127
117.017 40.1127
117.017 40.1127
117.017 40.1127
117.017 40.1127
117.017 40.1127
117.017 40.1127
117.017 40.1127
117.017 40.1127
117.017 40.1127
117.017 40.1127
117.017 40.1127
117.017 40.1127
117.017 40.1127
117.017 40.1127
117.017 40.1127
117.017 40.1127
117.017 40.1127
117.017 40.1127
117.017 40.1127
117.017 40.1127
117.017 40.1127
117.017 40.1127
117.017 40.1127
117.017 40.1127
117.017 40.1127
117.017 40.1127
117.017 40.1127
117.017 40.1127
117.017 40.1127
117.017 40.1127
117.017 40.1127
117.014 40.1112
117.016 40.1383
117.066 40.1439
117.073 40.1441
117.085 40.1364
117.085 40.1364
117.085 40.1364
117.085 40.1364
117.085 40.1364
117.085 40.1353
117.089 40.1384
117.089 40.1384
117.095 40.1389
117.095 40.1389
117.095 40.1389
117.092 40.1446
117.101 40.1466
117.101 40.1467
117.101 40.147
117.112 40.1469
117.095 40.1441
117.089 40.1377
117.089 40.1381
117.089 40.1384
117.094 40.1381
117.094 40.1375
117.089 40.1382
117.089 40.1382
117.061 40.1442
117.016 40.1287
117.011 40.1134
116.996 40.1233
116.972 40.1172
116.972 40.1172
116.951 40.1501
116.885 40.1522
116.885 40.1522
116.824 40.1491
116.757 40.138
116.686 40.1192
116.663 40.1153
116.663 40.1153
116.663 40.1153
116.663 40.1153
116.663 40.1153
116.621 40.1165
116.561 40.1171
116.55 40.0722
116.468 39.9972
116.468 39.9973
116.468 39.9973
116.468 39.9974
116.468 39.9974
116.467 39.9958
116.467 39.9982
116.467 39.9975
116.467 39.9974
116.442 39.9936
116.418 39.9937
116.418 39.9941
116.416 39.9973
116.401 40.0031
116.399 40.0021
116.401 40.0012
116.401 39.9926
116.402 39.9921
116.388 39.9758
116.379 39.9645
116.379 39.9646
116.411 39.9669
116.41 39.9668
116.814 40.1484
116.405 39.9607
116.401 39.9798
116.381 39.9955
116.381 39.9964
116.376 39.9864
116.327 39.979
116.327 39.979
116.313 39.9796
116.313 39.9796
116.31 39.9815
116.339 39.9856
116.334 39.9859
116.334 39.9873
116.334 39.9872
116.334 39.9873
116.334 39.9871
116.334 39.9872
116.334 39.9916
116.351 39.9921
116.363 39.9869
116.363 39.9864
116.371 39.9755
116.371 39.9755
116.371 39.9755
116.371 39.9755
116.371 39.9755
116.371 39.9755
116.371 39.9755
116.371 39.9755
116.371 39.9755
116.371 39.9755
116.374 39.9806
116.369 40.0075
116.37 40.0006
116.381 39.9893
116.376 40.0004
116.38 39.9756
116.387 39.981
116.388 39.9729
116.396 39.9666
116.402 39.9546
116.397 39.9395
116.392 39.9394
116.388 39.9474
116.411 39.941
116.411 39.9261
116.411 39.9261
116.42 39.9376
116.419 39.9498
116.419 39.9669
116.439 39.96
116.438 39.9594
116.426 39.9514
116.419 39.9383
116.42 39.9211
116.421 39.9047
116.421 39.9047
116.421 39.9043
116.421 39.9039
116.42 39.904
116.401 39.8995
116.371 39.906
116.35 39.9496
116.347 39.9892
116.333 39.9917
116.319 39.992
116.319 39.992
116.31 39.9848
116.328 39.9915
116.334 39.9864
116.339 39.9756
116.34 39.9758
116.339 39.9757
116.347 39.9822
116.363 39.9806
116.385 39.9811
116.396 39.9697
116.396 39.9697
116.396 39.9689
116.392 39.9618
116.402 39.9442
116.39 39.9391
116.39 39.9391
116.39 39.938
116.395 39.922
116.389 39.8972
116.404 39.8914
116.41 39.8958
116.412 39.8978
116.412 39.8974
116.406 39.8988
116.405 39.9087
116.405 39.922
116.403 39.9262
116.411 39.9259
116.407 39.9131
116.407 39.9131
116.407 39.9129
116.407 39.9128
116.407 39.9126
116.407 39.9121
116.407 39.9124
116.412 39.9012
116.412 39.898
116.406 39.8975
116.406 39.8975
116.386 39.8992
116.386 39.8993
116.368 39.8942
116.369 39.8954
116.369 39.8953
116.378 39.8883
116.384 39.8862
116.406 39.8916
116.417 39.9025
116.453 39.9077
116.453 39.9084
116.451 39.909
116.481 39.9068
116.483 39.9522
116.499 40.0019
116.574 40.0426
116.587 40.0777
116.587 40.0777
116.581 40.0716
116.564 40.0643
116.533 40.0741
116.523 40.0748
116.549 40.0644
116.567 40.0704
116.568 40.0636
116.583 40.0604
116.583 40.0604
116.583 40.0616
116.583 40.0622
116.582 40.0639
116.582 40.0651
116.582 40.065
116.582 40.0667
116.582 40.0677
116.582 40.0677
116.581 40.0705
116.581 40.0707
116.581 40.0707
116.58 40.0757
116.582 40.0764
116.583 40.0747
116.584 40.0763
116.584 40.0763
116.584 40.0763
116.586 40.0768
116.587 40.0773
116.587 40.0773
116.587 40.0773
116.587 40.0773
116.587 40.0773
116.587 40.0773
116.566 40.0347
116.484 39.989
116.42 39.9877
116.346 39.9855
116.3 39.9847
116.299 39.9916
116.299 39.9793
116.313 39.9747
116.32 39.9691
116.303 39.9614
116.304 39.9373
116.32 39.9225
116.326 39.9083
116.327 39.9085
116.315 39.9021
116.331 39.8959
116.357 39.898
116.398 39.8992
116.411 39.901
116.427 39.9071
116.427 39.9071
116.438 39.9211
116.438 39.9264
116.438 39.9266
116.438 39.9269
116.434 39.9485
116.441 39.9607
116.464 39.9716
116.501 40.0056
117.086 40.1364
117.086 40.1364
117.086 40.1364
117.086 40.1364
117.086 40.1364
117.086 40.1364
117.086 40.1364
117.086 40.1364
117.086 40.1364
117.086 40.1364
117.086 40.1364
117.086 40.1364
117.086 40.1364
117.086 40.1364
117.086 40.1364
117.086 40.1364
117.086 40.1364
117.086 40.1364
117.086 40.1364
117.086 40.1364
117.086 40.1364
117.086 40.1364
117.086 40.1364
117.086 40.1364
117.086 40.1364
117.086 40.1364
117.086 40.1364
117.086 40.1364
117.086 40.1364
117.086 40.1364
117.086 40.1364
117.086 40.1364
117.086 40.138
117.084 40.1441
117.017 40.1124
117.017 40.1127
117.017 40.1127
117.017 40.1127
117.011 40.1135
117.041 40.1446
117.04 40.1446
117.055 40.1451
117.087 40.1354
117.087 40.141
117.057 40.1448
117 40.1394
117.001 40.1395
117.002 40.1397
116.997 40.1269
116.986 40.1221
116.974 40.1162
116.997 40.1153
117.017 40.1127
117.017 40.1127
117.017 40.1126
117.017 40.1126
117.017 40.1126
117.017 40.1126
117.017 40.1126
117.017 40.1126
117.017 40.1126
117.017 40.1126
117.017 40.1126
117.017 40.1126
117.017 40.1126
117.017 40.1126
117.017 40.1126
117.017 40.1126
117.017 40.1126
117.017 40.1126
117.017 40.1126
117.017 40.1126
117.017 40.1126
117.017 40.1126
117.017 40.1126
117.017 40.1126
117.017 40.1126
117.017 40.1129
117.017 40.1127
117.086 40.1364
117.014 40.0979
117.017 40.1127
117.017 40.1127
117.017 40.1127
117.017 40.1127
117.017 40.1127
117.017 40.1127
117.017 40.1127
117.017 40.1127
117.017 40.1127
117.017 40.1127
117.017 40.1127
117.017 40.1127
117.017 40.1127
117.017 40.1127
117.017 40.1127
117.017 40.1127
117.017 40.1127
117.017 40.1127
117.017 40.1127
117.025 40.1422
117.089 40.1428
117.107 40.1389
117.107 40.1389
117.107 40.1389
117.102 40.1443
117.102 40.1445
117.102 40.1446
117.102 40.1447
117.1 40.1488
117.059 40.1445
117.016 40.1346
117.017 40.1127
117.017 40.1127
117.017 40.1127
117.017 40.1127
117.017 40.1127
117.017 40.1127
117.017 40.1127
117.017 40.1127
117.017 40.1127
117.017 40.1127
117.017 40.1127
117.017 40.1127
117.017 40.1127
117.017 40.1127
117.017 40.1127
117.017 40.1127
117.017 40.1126
117.017 40.1126
117.017 40.1126
117.017 40.1126
117.011 40.1129
116.972 40.1172
116.972 40.1172
116.972 40.1172
116.972 40.1172
116.972 40.117
116.997 40.1233
117.017 40.1126
116.993 40.1229
116.972 40.1171
116.972 40.1171
116.972 40.1172
116.972 40.1172
116.972 40.1172
116.972 40.1172
116.972 40.1172
116.972 40.1172
116.972 40.1171
116.972 40.1171
116.972 40.1171
116.972 40.1171
116.972 40.1171
116.972 40.1171
116.972 40.1171
116.972 40.1171
116.972 40.1171
116.972 40.1171
116.972 40.1171
116.972 40.1171
116.972 40.1171
116.972 40.1171
116.972 40.1171
116.972 40.1171
116.972 40.1171
116.972 40.1171
116.972 40.1171
116.972 40.1171
116.972 40.1171
116.972 40.1171
116.972 40.1171
116.972 40.1171
116.972 40.1171
116.972 40.1171
116.972 40.1171
116.972 40.1171
116.972 40.1171
116.972 40.1171
116.972 40.1171
116.972 40.1171
116.972 40.1171
116.972 40.1171
116.972 40.1171
116.972 40.1171
116.972 40.1171
116.972 40.1171
116.972 40.1171
116.972 40.1171
116.972 40.1171
116.972 40.1171
116.972 40.1171
116.972 40.1171
116.972 40.1171
116.972 40.1171
116.972 40.1171
116.972 40.1171
116.972 40.1171
116.972 40.1171
116.972 40.1171
116.972 40.1171
116.972 40.1171
116.972 40.1171
116.972 40.1171
116.972 40.1171
116.972 40.1171
116.972 40.1171
116.972 40.1171
116.972 40.1171
116.972 40.1171
116.972 40.1171
116.972 40.1171
116.972 40.1171
116.972 40.1171
116.972 40.1171
116.972 40.1171
116.972 40.1171
116.972 40.1171
116.972 40.1171
116.972 40.1171
116.972 40.1171
116.972 40.1171
116.972 40.1171
116.972 40.1171
116.972 40.1171
116.972 40.1171
116.972 40.1171
116.972 40.1171
116.972 40.1171
116.972 40.1171
116.972 40.1171
116.972 40.1171
116.972 40.1171
116.972 40.1171
116.972 40.1171
116.972 40.1171
116.972 40.1171
116.972 40.1171
116.972 40.1171
116.972 40.1171
116.972 40.1171
116.972 40.1171
116.972 40.1171
116.972 40.1171
116.972 40.1171
116.972 40.1171
116.972 40.1171
116.972 40.1171
116.972 40.1171
116.972 40.1173
116.972 40.1172
116.972 40.1172
116.972 40.1172
116.972 40.1172
116.972 40.1172
116.972 40.1172
116.972 40.1172
116.972 40.1172
116.972 40.1171
116.972 40.1171
116.972 40.1171
116.972 40.1171
116.972 40.1171
116.972 40.1171
116.972 40.1171
116.972 40.1171
116.972 40.1171
116.972 40.1171
116.972 40.1171
116.972 40.1168
116.972 40.1168
116.972 40.1169
117.014 40.1557
117.008 40.1879
117.008 40.1879
117.008 40.1879
117.008 40.1883
117.008 40.1884
117.009 40.1895
117.019 40.1915
117.019 40.1915
117.019 40.1915
117.019 40.1916
117.018 40.193
117.015 40.1499
116.997 40.1233
116.997 40.1233
116.997 40.1233
116.999 40.1343
117.01 40.1787
117.009 40.1877
117.008 40.1885
117.02 40.191
117.02 40.191
117.02 40.1916
117.02 40.1917
117.02 40.1917
117.02 40.1917
117.02 40.1917
117.02 40.1917
117.02 40.1917
117.02 40.1917
117.02 40.1917
117.02 40.1917
117.02 40.1917
117.02 40.1917
117.02 40.1917
117.02 40.1917
117.02 40.1917
117.02 40.1917
117.02 40.1917
117.02 40.1917
117.02 40.1917
117.02 40.1917
117.02 40.1917
117.02 40.1917
117.02 40.1917
117.02 40.1917
117.02 40.1917
117.02 40.1917
117.02 40.1917
117.02 40.1917
117.02 40.1917
117.02 40.1917
117.02 40.1917
117.014 40.0979
117.014 40.0979
117.019 40.1917
117.02 40.1919
117.02 40.1918
117.02 40.1918
117.02 40.1917
117.02 40.1918
117.02 40.1918
117.02 40.1918
117.02 40.1917
117.02 40.1919
117.02 40.1918
117.02 40.1918
117.02 40.1918
117.02 40.1918
117.02 40.1918
117.019 40.1921
117.019 40.1921
117.019 40.1921
117.02 40.1916
117.02 40.1916
117.02 40.1916
117.02 40.1916
117.02 40.1916
117.02 40.1916
117.02 40.1916
117.019 40.193
117.015 40.152
116.992 40.1226
117.006 40.14
117.016 40.1834
117.02 40.1918
117.013 40.1639
117.01 40.1109
116.997 40.1152
116.997 40.1232
116.997 40.1233
116.995 40.1234
116.973 40.1164
116.961 40.1178
116.939 40.1441
116.939 40.1442
116.939 40.1442
116.978 40.1408
116.972 40.1172
116.972 40.1171
116.972 40.1172
116.972 40.1172
116.972 40.1172
116.972 40.1172
116.972 40.1172
116.972 40.1172
116.978 40.1188
116.999 40.1356
117.015 40.1411
117.068 40.1439
117.093 40.136
117.093 40.1361
117.094 40.1361
117.093 40.1361
117.094 40.1364
117.089 40.1385
117.089 40.1384
117.089 40.1384
117.089 40.1446
117.029 40.1427
117.017 40.1116
117.017 40.1127
117.017 40.1127
117.017 40.1127
117.017 40.1127
117.017 40.1127
117.017 40.1127
117.017 40.1127
117.017 40.1127
117.017 40.1127
117.017 40.1127
117.017 40.1127
117.017 40.1127
117.017 40.1127
117.017 40.1127
117.017 40.1127
117.017 40.1127
117.017 40.1127
117.017 40.1127
117.017 40.1127
117.017 40.1127
117.017 40.1127
117.017 40.1127
117.017 40.1127
117.017 40.1127
117.017 40.1127
117.017 40.1127
117.017 40.1127
117.017 40.1127
117.017 40.1127
117.017 40.1127
117.017 40.1127
117.017 40.1127
117.017 40.1127
117.017 40.1127
117.017 40.1127
117.017 40.1127
117.017 40.1127
117.017 40.1127
117.017 40.1127
117.017 40.1127
117.017 40.1127
117.017 40.1127
117.017 40.1127
117.017 40.1127
117.017 40.1127
115.035 38.659
115.035 38.659
117.017 40.1127
117.017 40.1127
117.017 40.1127
117.017 40.1127
117.017 40.1127
117.017 40.1127
117.017 40.1127
117.017 40.1127
117.017 40.1127
117.017 40.1127
117.017 40.1127
117.017 40.1127
117.017 40.1127
117.017 40.1127
117.017 40.1127
117.017 40.1127
117.017 40.1127
117.017 40.1126
117.017 40.1126
117.017 40.1126
117.017 40.1126
117.017 40.1126
117.017 40.1126
117.017 40.1126
117.017 40.1126
117.017 40.1126
117.017 40.1126
117.017 40.1126
117.017 40.1126
117.017 40.1126
117.017 40.1126
117.017 40.1127
117.017 40.1126
117.017 40.1126
117.017 40.1126
117.017 40.1126
117.017 40.1126
117.017 40.1126
117.017 40.1126
117.017 40.1126
117.017 40.1126
117.017 40.1126
117.017 40.1126
117.017 40.1126
117.017 40.1126
117.017 40.1126
117.017 40.1126
117.017 40.1126
117.017 40.1126
117.017 40.1126
117.017 40.1126
117.017 40.1126
117.017 40.1126
117.017 40.1126
117.017 40.1126
117.017 40.1126
117.017 40.1126
117.017 40.1126
117.017 40.1126
117.017 40.1126
117.017 40.1126
117.017 40.1126
117.017 40.1126
117.017 40.1126
117.017 40.1126
117.017 40.1126
117.017 40.1126
117.017 40.1126
117.017 40.1126
117.017 40.1126
117.017 40.1126
117.017 40.1126
117.017 40.1126
117.017 40.1126
117.017 40.1126
117.017 40.1126
117.017 40.1126
117.017 40.1126
117.017 40.1126
117.017 40.1126
117.017 40.1126
117.017 40.1126
117.017 40.1126
117.017 40.1126
117.017 40.1126
117.017 40.1126
117.017 40.1126
117.017 40.1126
117.017 40.1126
117.017 40.1126
117.017 40.1126
117.017 40.1126
117.017 40.1126
117.017 40.1126
117.017 40.1126
117.017 40.1126
117.017 40.1126
117.017 40.1126
117.017 40.1126
117.017 40.1126
117.017 40.1126
117.017 40.1126
117.017 40.1126
117.017 40.1126
117.017 40.1126
117.017 40.1126
117.017 40.1126
117.017 40.1126
117.017 40.1126
117.017 40.1126
117.017 40.1126
117.017 40.1126
117.016 40.1125
117.016 40.1126
117.017 40.1125
117.017 40.1125
117.017 40.1125
117.017 40.1125
117.017 40.1125
117.017 40.1124
117.017 40.1124
117.017 40.1124
117.016 40.1127
117.016 40.1127
117.016 40.1127
117.016 40.1126
117.016 40.1126
117.016 40.1126
117.016 40.1126
117.016 40.1126
117.016 40.1126
117.016 40.1126
117.016 40.1126
117.016 40.1126
117.016 40.1126
117.017 40.1126
117.017 40.1126
117.017 40.1126
117.017 40.1126
117.017 40.1126
117.017 40.1129
117.017 40.1126
117.017 40.1126
117.017 40.1126
117.017 40.1126
117.017 40.1126
117.017 40.1125
117.017 40.1125
117.017 40.1126
117.017 40.1126
117.017 40.1126
117.017 40.1126
117.017 40.1126
117.017 40.1126
117.017 40.1126
117.017 40.1126
117.017 40.1126
117.017 40.1126
117.017 40.1126
117.017 40.1126
117.017 40.1126
117.017 40.1126
117.017 40.1126
117.017 40.1126
117.017 40.1126
117.017 40.1126
117.017 40.1126
117.017 40.1126
117.017 40.1126
117.017 40.1126
117.017 40.1126
117.017 40.1126
117.017 40.1126
117.019 40.1917
117.017 40.1127
117.017 40.1127
117.017 40.1127
117.017 40.1127
117.017 40.1126
117.017 40.1128
117.017 40.1131
117.017 40.113
117.017 40.1129
117.017 40.1129
117.017 40.1129
117.017 40.1129
117.017 40.1128
117.017 40.1128
117.017 40.1128
117.017 40.1128
117.017 40.1128
117.017 40.1128
117.017 40.1128
117.017 40.1128
117.017 40.1128
117.017 40.1128
117.017 40.1127
117.017 40.1127
117.017 40.1127
117.017 40.1127
117.017 40.1127
117.017 40.1127
117.017 40.1127
117.017 40.1127
117.017 40.1127
117.017 40.1127
