116.396 39.891
116.395 39.8907
116.395 39.8907
116.38 39.8883
116.38 39.8883
116.353 39.8881
116.327 39.8888
116.32 39.8921
116.32 39.8921
116.319 39.892
116.315 39.8886
116.322 39.8867
116.326 39.8867
116.33 39.8868
116.344 39.8875
116.344 39.8865
116.337 39.8966
116.338 39.9056
116.338 39.9056
116.339 39.9128
116.338 39.9207
116.338 39.9208
116.338 39.9293
116.33 39.95
116.329 39.9543
116.332 39.9661
116.341 39.9661
116.348 39.9662
116.348 39.9811
116.35 39.9853
116.358 39.9856
116.362 39.9923
116.363 39.981
116.364 39.9768
116.37 39.9752
116.374 39.9678
116.377 39.9665
116.377 39.9665
116.39 39.967
116.388 39.9729
116.388 39.9737
116.391 39.9865
116.402 39.9895
116.404 39.9906
116.405 39.9906
116.405 39.9906
116.41 39.9937
116.418 39.9922
116.418 39.9898
116.418 39.9802
116.418 39.9692
116.419 39.9588
116.412 39.95
116.416 39.9479
116.419 39.9425
116.42 39.9287
116.42 39.9233
116.42 39.915
116.455 39.9067
116.445 39.8978
116.444 39.898
116.428 39.8924
116.406 39.8916
116.406 39.8916
116.369 39.888
116.362 39.8885
116.375 39.8972
116.392 39.8987
116.411 39.9047
116.418 39.9106
116.419 39.9106
116.428 39.9217
116.427 39.9109
116.42 39.9107
116.42 39.9108
116.42 39.9106
116.42 39.9105
116.516 39.9089
116.516 39.9089
116.516 39.9086
116.516 39.9088
116.516 39.9088
116.517 39.9093
116.534 39.9077
116.571 39.9088
116.572 39.9089
116.598 39.9077
116.624 39.9054
116.638 39.9054
116.638 39.9023
116.638 39.9023
116.639 39.9007
116.638 39.8996
116.638 39.8996
116.657 39.9157
116.658 39.9192
116.655 39.919
116.651 39.9142
116.651 39.9142
116.654 39.9188
116.654 39.9189
116.657 39.9196
116.658 39.919
116.658 39.919
116.658 39.919
116.658 39.919
116.658 39.919
116.658 39.919
116.658 39.919
116.658 39.919
116.658 39.919
116.658 39.919
116.658 39.919
116.657 39.9159
116.653 39.8996
116.641 39.9003
116.641 39.9003
116.638 39.8995
116.633 39.9012
116.637 39.8914
116.632 39.8908
116.629 39.8905
116.632 39.8909
116.633 39.8906
116.636 39.8956
116.609 39.9049
116.527 39.9084
116.446 39.9072
116.413 39.9071
116.42 39.9107
116.421 39.9143
116.42 39.9284
116.42 39.9349
116.406 39.9478
116.391 39.9487
116.389 39.9482
116.41 39.9477
116.419 39.9398
116.419 39.9353
116.427 39.926
116.43 39.9036
116.429 39.8996
116.434 39.8833
116.445 39.8752
116.445 39.8718
116.445 39.8719
116.445 39.8719
116.445 39.8719
116.445 39.8718
116.445 39.8718
116.445 39.8718
116.445 39.8743
116.445 39.8743
116.44 39.8845
116.429 39.8829
116.403 39.8868
116.389 39.8795
116.389 39.8795
116.389 39.8795
116.389 39.8849
116.393 39.8851
116.415 39.8916
116.432 39.8922
116.432 39.8922
116.438 39.8922
116.423 39.8923
116.407 39.8917
116.397 39.891
116.379 39.8883
116.378 39.8982
116.378 39.8992
116.368 39.9052
116.37 39.906
116.365 39.9076
116.359 39.9165
116.352 39.9202
116.35 39.9253
116.366 39.9312
116.371 39.9312
116.367 39.9314
116.352 39.9332
116.349 39.9533
116.349 39.9654
116.327 39.9753
116.314 39.9751
116.313 39.9751
116.321 39.9659
116.341 39.9661
116.355 39.9548
116.365 39.9515
116.365 39.9502
116.38 39.9441
116.392 39.9319
116.402 39.9325
116.396 39.9327
116.365 39.9312
116.35 39.9311
116.35 39.9311
116.341 39.9311
116.32 39.9311
116.32 39.9311
116.304 39.9244
116.272 39.9231
116.265 39.9231
116.259 39.9268
116.256 39.9281
116.258 39.9278
116.275 39.9313
116.303 39.931
116.305 39.931
116.329 39.931
116.347 39.9309
116.348 39.9309
116.358 39.9309
116.373 39.9315
116.376 39.9316
116.398 39.9321
116.417 39.9323
116.42 39.9323
116.437 39.9324
116.442 39.9219
116.441 39.9221
116.431 39.9231
116.428 39.913
116.428 39.913
116.427 39.9108
116.418 39.9102
116.42 39.9108
116.428 39.9141
116.428 39.9141
116.429 39.9123
116.435 39.9019
116.455 39.8848
116.456 39.884
116.461 39.8847
116.468 39.883
116.47 39.883
116.497 39.875
116.526 39.8683
116.537 39.868
116.566 39.8667
116.568 39.8642
116.568 39.8684
116.518 39.8689
116.472 39.8701
116.472 39.8701
116.457 39.8701
116.44 39.8761
116.439 39.8835
116.428 39.9322
116.411 39.9479
116.376 39.9477
116.374 39.9497
116.373 39.9425
116.383 39.9416
116.387 39.9393
116.39 39.9341
116.393 39.9229
116.396 39.922
116.396 39.922
116.405 39.9139
116.412 39.9072
116.412 39.9024
116.418 39.8991
116.419 39.8991
116.43 39.9049
116.43 39.9049
116.434 39.9168
116.435 39.9155
116.431 39.9073
116.428 39.92
116.428 39.9214
116.428 39.9214
116.428 39.9283
116.421 39.9484
116.412 39.9585
116.408 39.9615
116.408 39.9604
116.411 39.9499
116.419 39.9425
116.419 39.9393
116.42 39.9309
116.42 39.9238
116.42 39.9205
116.418 39.9104
116.42 39.9107
116.43 39.9061
116.432 39.8978
116.445 39.8774
116.45 39.8707
116.448 39.8702
116.445 39.8717
116.445 39.8715
116.445 39.8717
116.445 39.8717
116.445 39.8788
116.455 39.883
116.465 39.8922
116.466 39.8927
116.457 39.8923
116.45 39.8976
116.442 39.8995
116.439 39.8953
116.418 39.9027
116.422 39.9036
116.433 39.8927
116.434 39.8832
116.445 39.8788
116.44 39.8783
116.43 39.9003
116.421 39.9071
116.374 39.9059
116.354 39.9113
116.362 39.9293
116.364 39.9291
116.367 39.9309
116.373 39.9424
116.373 39.9424
116.376 39.9499
116.385 39.9501
116.401 39.9481
116.354 39.9438
116.349 39.9565
116.334 39.9567
116.323 39.9559
116.318 39.9519
116.332 39.9564
116.342 39.9568
116.377 39.9665
116.377 39.9666
116.377 39.9666
116.377 39.9666
116.426 39.9681
116.448 39.9583
116.449 39.9586
116.45 39.9505
116.444 39.9456
116.44 39.9433
116.423 39.9404
116.423 39.9404
116.425 39.9432
116.427 39.9355
116.427 39.9143
116.426 39.9144
116.428 39.9109
116.429 39.8998
116.43 39.8996
116.433 39.8928
116.439 39.8939
116.438 39.894
116.439 39.8938
116.439 39.8938
116.439 39.8938
116.439 39.8938
116.432 39.8984
116.431 39.8991
116.429 39.9115
116.421 39.9483
116.412 39.948
116.412 39.948
116.365 39.9472
116.344 39.9428
116.343 39.9451
116.344 39.9451
116.344 39.9452
116.344 39.9452
116.344 39.9454
116.344 39.9454
116.344 39.9454
116.343 39.945
116.343 39.945
116.343 39.945
116.343 39.945
116.344 39.9433
116.357 39.9445
116.366 39.9472
116.416 39.9481
116.428 39.918
116.429 39.9157
116.43 39.8994
116.439 39.8937
116.439 39.8937
116.439 39.8937
116.454 39.8918
116.436 39.8977
116.421 39.9101
116.421 39.9128
116.428 39.9121
116.43 39.902
116.483 39.9054
116.496 39.9221
116.496 39.9263
116.496 39.9303
116.483 39.9217
116.479 39.9218
116.459 39.9221
116.445 39.9216
116.445 39.9216
116.44 39.9219
116.433 39.9197
116.429 39.9192
116.429 39.9225
116.427 39.9109
116.427 39.9119
116.427 39.9123
116.423 39.9206
116.428 39.9202
116.428 39.9098
116.408 39.9068
116.4 39.9066
116.396 39.9064
116.393 39.9064
116.391 39.9063
116.391 39.9063
116.391 39.9063
116.378 39.9059
116.362 39.906
116.356 39.9061
116.333 39.9078
116.338 39.9126
116.359 39.9171
116.367 39.9177
116.371 39.9213
116.38 39.9318
116.388 39.932
116.396 39.932
116.411 39.9322
116.425 39.9323
116.426 39.9324
116.437 39.932
116.444 39.9255
116.448 39.9256
116.445 39.9216
116.445 39.9216
116.444 39.9215
116.455 39.9059
116.455 39.8937
116.464 39.8918
116.471 39.8837
116.471 39.8701
116.462 39.8702
116.445 39.8709
116.445 39.8726
116.445 39.8726
116.445 39.8725
116.449 39.8702
116.445 39.8711
116.445 39.871
116.445 39.8746
116.445 39.8792
116.449 39.8833
116.45 39.8896
116.45 39.8961
116.442 39.8994
116.439 39.8973
116.429 39.9123
116.399 39.9477
116.383 39.9468
116.378 39.9466
116.388 39.9392
116.39 39.9344
116.39 39.9325
116.396 39.9206
116.404 39.914
116.407 39.9128
116.418 39.9107
116.42 39.9107
117.099 40.1425
116.429 39.912
116.422 39.8923
116.422 39.8923
116.399 39.8867
116.389 39.8796
116.388 39.8795
116.402 39.8912
116.421 39.8989
116.42 39.8993
116.43 39.8991
116.434 39.8833
116.435 39.883
116.45 39.8722
116.445 39.8718
116.445 39.8718
116.445 39.8718
116.445 39.8717
116.445 39.8717
116.445 39.8718
116.445 39.8718
116.445 39.8718
116.445 39.8746
116.424 39.8994
116.429 39.9036
116.434 39.8881
116.445 39.8751
116.445 39.8751
116.445 39.8717
116.454 39.8661
116.451 39.864
116.451 39.864
116.431 39.8674
116.445 39.8719
116.445 39.8719
116.444 39.8721
116.444 39.8721
116.439 39.882
116.418 39.8701
116.344 39.8969
116.341 39.8966
116.317 39.9061
116.323 39.8964
116.323 39.8964
116.353 39.882
116.368 39.8878
116.368 39.8994
116.368 39.9019
116.343 39.8902
116.34 39.8501
116.338 39.8479
116.354 39.8522
116.391 39.8498
116.391 39.8498
116.438 39.8703
116.445 39.872
116.445 39.8721
116.449 39.8832
116.455 39.8936
116.455 39.8936
116.456 39.906
116.441 39.9164
116.435 39.9091
116.431 39.9074
116.428 39.9339
116.438 39.9498
116.438 39.9523
116.436 39.9645
116.386 39.9672
116.368 39.9805
116.375 39.9756
116.375 39.9748
116.329 39.9663
116.323 39.8886
116.33 39.8835
116.332 39.876
116.342 39.8882
116.343 39.8862
116.35 39.9084
116.361 39.9311
116.37 39.9314
116.383 39.9319
116.419 39.9323
116.42 39.9351
116.427 39.9329
116.43 39.9377
116.43 39.9377
116.443 39.9398
116.463 39.9149
116.472 39.9141
116.489 39.9141
116.511 39.9152
116.512 39.9216
116.511 39.9254
116.509 39.9297
116.511 39.9223
116.512 39.9204
116.516 39.9137
116.482 39.9071
116.471 39.9072
116.471 39.9072
116.442 39.8988
116.439 39.8977
116.435 39.8979
116.427 39.9086
116.421 39.9108
116.419 39.9103
116.42 39.9107
116.613 39.9047
116.65 39.9068
116.669 39.9077
116.67 39.9078
116.668 39.9082
116.668 39.9078
116.652 39.907
116.652 39.9054
116.673 39.9091
116.686 39.9305
116.689 39.9312
116.718 39.9407
116.658 39.9219
116.655 39.9217
116.652 39.9072
116.651 39.9054
116.643 39.9062
116.651 39.9054
116.656 39.9057
116.656 39.9057
116.668 39.9085
116.663 39.9076
116.664 39.9075
116.668 39.9083
116.668 39.908
116.646 39.8909
116.637 39.8956
116.572 39.9094
116.515 39.9072
116.438 39.9072
116.421 39.9107
116.42 39.9108
116.42 39.9109
116.426 39.9142
116.43 39.9054
116.433 39.8935
116.445 39.8802
116.445 39.8751
116.452 39.8749
116.471 39.8828
116.483 39.8919
116.485 39.8994
116.481 39.8994
116.506 39.9066
116.535 39.9151
116.541 39.915
116.522 39.916
116.516 39.9131
116.492 39.907
116.484 39.8685
116.484 39.8745
116.483 39.8811
116.474 39.8698
116.481 39.8688
116.471 39.8668
116.471 39.8893
116.483 39.8914
116.473 39.8832
116.473 39.8832
116.462 39.8828
116.455 39.8883
116.456 39.9248
116.446 39.9467
116.444 39.9464
116.423 39.9232
116.411 39.9231
116.404 39.9284
116.409 39.9235
116.397 39.9227
116.368 39.9226
116.377 39.9316
116.387 39.932
116.39 39.932
116.396 39.9222
116.397 39.9142
116.41 39.909
116.42 39.9107
116.43 39.9065
116.437 39.8914
116.435 39.8914
116.432 39.8832
116.419 39.8827
116.418 39.8826
116.418 39.8826
116.415 39.8561
116.377 39.856
116.375 39.856
116.359 39.8576
116.359 39.864
116.36 39.864
116.369 39.8772
116.387 39.8794
116.389 39.8794
116.406 39.8869
116.407 39.9011
116.408 39.9009
116.413 39.8901
116.41 39.872
116.409 39.872
116.412 39.8695
116.432 39.8671
116.433 39.8672
116.448 39.8749
116.439 39.8888
116.438 39.8911
116.428 39.9233
116.411 39.9295
116.411 39.931
116.437 39.9323
116.452 39.9323
116.455 39.9323
116.45 39.94
116.419 39.9482
116.416 39.9481
116.351 39.9428
116.353 39.9367
116.362 39.9315
116.362 39.9312
116.39 39.9314
116.39 39.9314
116.399 39.9138
116.399 39.9138
116.4 39.9138
116.412 39.91
116.42 39.9108
116.42 39.9108
116.42 39.9108
116.42 39.9106
116.42 39.9106
116.42 39.9106
116.42 39.9106
116.42 39.9106
116.42 39.9106
116.42 39.9106
116.42 39.9106
116.42 39.9106
116.42 39.9106
116.42 39.9106
116.42 39.9106
116.42 39.9106
116.42 39.9106
116.42 39.9106
116.42 39.9107
116.42 39.9108
116.42 39.9175
116.42 39.9272
116.411 39.9323
116.373 39.9316
116.367 39.9346
116.365 39.9421
116.366 39.9428
116.369 39.9472
116.373 39.938
116.35 39.9311
116.346 39.9269
116.346 39.9269
116.338 39.9301
116.35 39.9314
116.35 39.9443
116.348 39.9792
116.368 39.9792
116.372 39.9791
116.373 39.9568
116.35 39.9316
116.35 39.9183
116.366 39.8878
116.366 39.8878
116.368 39.8822
116.375 39.8819
116.386 39.8794
116.391 39.8787
116.406 39.8708
116.429 39.8634
116.429 39.8635
116.428 39.8671
116.357 39.8818
116.362 39.8877
116.353 39.8881
116.329 39.8887
116.308 39.8847
116.304 39.8873
116.304 39.9008
116.35 39.9003
116.35 39.8885
116.351 39.8948
116.368 39.8926
116.381 39.8795
116.387 39.885
116.392 39.885
116.415 39.8804
116.428 39.8813
116.434 39.883
116.445 39.8822
116.439 39.8863
116.438 39.8955
116.43 39.9068
116.419 39.9107
116.42 39.9201
116.42 39.9278
116.417 39.9324
116.391 39.9322
116.384 39.9321
116.363 39.9312
116.349 39.9519
116.348 39.9695
116.347 39.9955
116.343 40.0039
