116.466 39.9738
116.462 39.9718
116.461 39.9581
116.462 39.9575
116.469 39.9519
116.496 39.9267
116.47 39.9073
116.466 39.9075
116.488 39.9217
116.5 39.9301
116.496 39.9341
116.477 39.9327
116.467 39.944
116.434 39.9401
116.429 39.9397
116.429 39.9143
116.438 39.8912
116.411 39.8699
116.38 39.8695
116.381 39.8817
116.379 39.8877
116.376 39.9046
116.375 39.9213
116.373 39.9355
116.374 39.9502
116.382 39.9669
116.388 39.981
116.282 39.976
116.256 39.9722
116.344 39.8969
116.321 39.896
116.315 39.8965
116.315 39.9053
116.304 39.9141
116.304 39.9355
116.318 39.9659
116.345 39.9662
116.363 39.9662
116.371 39.9605
116.359 39.9567
116.35 39.9492
116.341 39.938
116.344 39.9428
116.329 39.9564
116.318 39.9556
116.322 39.9369
116.328 39.9276
116.32 39.929
116.305 39.9312
116.295 39.9394
116.313 39.9377
116.336 39.9365
116.351 39.9391
116.353 39.9348
116.353 39.9348
116.338 39.9223
116.339 39.9092
116.306 39.9062
116.293 39.9063
116.291 39.9061
116.312 39.8992
116.304 39.9107
116.304 39.9519
116.35 39.966
116.348 39.9748
116.364 39.9767
116.384 39.9754
116.411 39.9742
116.415 39.9676
116.412 39.9664
116.41 39.9496
116.424 39.9397
116.455 39.94
116.462 39.9689
116.482 39.9878
116.473 39.999
116.477 39.9834
116.451 39.9779
116.386 39.9867
116.335 39.9847
116.347 39.9654
116.347 40.0046
116.347 40.0046
116.346 40.0084
116.348 39.9784
116.378 39.9666
116.436 39.9646
116.455 39.9328
116.465 39.9247
116.483 39.9323
116.494 39.9547
116.492 39.9595
116.497 39.9654
116.496 39.9657
116.496 39.9657
116.496 39.9657
116.496 39.9656
116.496 39.9657
116.496 39.9656
116.496 39.9656
116.496 39.9654
116.496 39.9658
116.496 39.9658
116.497 39.9659
116.497 39.9659
116.496 39.9658
116.496 39.9658
116.496 39.9658
116.496 39.9658
116.496 39.9658
116.496 39.9658
116.496 39.9656
116.496 39.9657
116.496 39.9657
116.496 39.9657
116.496 39.9657
116.496 39.9657
116.496 39.9657
116.496 39.9663
116.496 39.9656
116.496 39.9656
116.496 39.9656
116.496 39.9655
116.496 39.9655
116.496 39.9657
116.496 39.9657
116.496 39.9657
116.496 39.9657
116.496 39.9659
116.496 39.9659
116.496 39.9659
116.496 39.9648
116.496 39.9656
116.496 39.9657
116.496 39.9657
116.496 39.9657
116.496 39.9657
116.496 39.9657
116.496 39.9657
116.496 39.9657
116.496 39.9657
116.496 39.9657
116.496 39.9658
116.496 39.966
116.496 39.9653
116.496 39.9656
116.496 39.9657
116.496 39.9657
116.496 39.9658
116.496 39.9658
116.496 39.9657
116.496 39.9659
116.496 39.9657
116.496 39.9657
116.496 39.9657
116.496 39.9657
116.496 39.9657
116.496 39.9657
116.496 39.9657
116.496 39.9657
116.496 39.9657
116.496 39.9656
116.496 39.9656
116.496 39.9656
116.496 39.9656
116.496 39.9656
116.496 39.9656
116.496 39.9656
116.496 39.9656
116.496 39.9656
116.496 39.9658
116.496 39.9657
116.496 39.9658
116.496 39.9653
116.496 39.9655
116.496 39.9655
116.496 39.9654
116.496 39.9654
116.496 39.9654
116.496 39.9655
116.496 39.9655
116.496 39.9655
116.496 39.9658
116.496 39.9657
116.496 39.9658
116.496 39.9657
116.496 39.9658
116.496 39.9657
116.496 39.9659
116.496 39.9659
116.496 39.9663
116.489 39.9615
116.476 39.9549
116.477 39.9551
116.484 39.9672
116.476 39.9761
116.467 39.9824
116.457 39.9888
116.476 39.9767
116.488 39.975
116.497 39.9692
116.49 39.9619
116.484 39.9666
116.466 39.9479
116.466 39.9479
116.455 39.9449
116.429 39.9398
116.373 39.9476
116.361 39.946
116.35 39.9125
116.354 39.98
116.347 39.9874
116.345 39.9917
116.347 39.9661
116.388 39.9637
116.405 39.9477
116.428 39.9254
116.429 39.9115
116.406 39.9071
116.412 39.91
116.414 39.9238
116.434 39.9223
116.446 39.9219
116.428 39.9235
116.411 39.9308
116.402 39.9357
116.402 39.9357
116.411 39.9325
116.434 39.9322
116.44 39.9258
116.435 39.9227
116.436 39.9323
116.461 39.9325
116.483 39.931
116.503 39.9146
116.497 39.9148
116.478 39.9141
116.483 39.893
116.481 39.8708
116.462 39.8677
116.462 39.8826
116.456 39.8928
116.452 39.9074
116.444 39.9174
116.444 39.9248
116.451 39.9322
116.451 39.9268
116.456 39.9266
116.457 39.952
116.447 39.9508
116.447 39.9513
116.447 39.9516
116.447 39.9512
116.447 39.9512
116.448 39.9507
116.448 39.9507
116.441 39.9466
116.444 39.96
116.426 39.9682
116.409 39.9678
116.389 39.9671
116.372 39.9668
116.346 39.9664
116.331 39.9663
116.317 39.9661
116.311 39.9744
116.311 39.9759
116.304 39.9744
116.296 39.967
116.291 39.9661
116.294 39.9729
116.31 39.9774
116.311 39.9748
116.327 39.9801
116.334 39.9957
116.332 39.9906
116.316 39.9913
116.31 39.9847
116.31 39.9802
116.313 39.9742
116.313 39.9556
116.302 39.961
116.302 39.9631
116.3 39.9802
116.293 39.9841
116.293 39.9841
116.289 39.9513
116.289 39.9159
116.289 39.9121
116.289 39.9083
116.289 39.9067
116.289 39.8906
116.299 39.8888
116.306 39.8839
116.317 39.8884
116.32 39.8909
116.328 39.8958
116.336 39.8973
116.338 39.9061
116.339 39.9121
116.346 39.908
116.325 39.922
116.308 39.9228
116.298 39.9358
116.312 39.938
116.317 39.952
116.318 39.9657
116.314 39.9688
116.32 39.967
116.305 39.9623
116.304 39.9231
116.303 39.9052
116.304 39.925
116.322 39.9311
116.349 39.9316
116.37 39.9314
116.39 39.9321
116.397 39.9395
116.4 39.9395
116.414 39.9396
116.445 39.9398
116.461 39.9329
116.483 39.9324
116.498 39.9293
116.489 39.9436
116.492 39.9595
116.497 39.9632
116.496 39.9657
116.496 39.9657
116.496 39.9657
116.496 39.9657
116.496 39.9657
116.496 39.9656
116.496 39.9656
116.496 39.9656
116.496 39.9656
116.496 39.9661
116.496 39.9658
116.496 39.9658
116.496 39.9658
116.496 39.9656
116.496 39.9656
116.496 39.9655
116.496 39.9655
116.496 39.9656
116.496 39.9657
116.496 39.9658
116.497 39.9661
116.496 39.9659
116.496 39.9658
116.496 39.9658
116.496 39.9658
116.496 39.9658
116.496 39.9658
116.496 39.9658
116.496 39.9658
116.496 39.9658
116.496 39.9658
116.496 39.9658
116.496 39.9658
116.496 39.9658
116.496 39.9658
116.496 39.9657
116.496 39.9657
116.496 39.9658
116.496 39.9658
116.496 39.9657
116.496 39.9657
116.496 39.9657
116.496 39.9653
116.496 39.9657
116.496 39.9657
116.496 39.9656
116.496 39.9657
116.496 39.9658
116.496 39.9659
116.496 39.9661
116.496 39.9657
116.496 39.9657
116.496 39.9657
116.496 39.9657
116.496 39.9657
116.496 39.9657
116.496 39.9658
116.496 39.9655
116.496 39.9656
116.496 39.9655
116.496 39.9658
116.496 39.9657
116.496 39.9657
116.496 39.9657
116.496 39.9657
116.496 39.9657
116.496 39.9657
116.496 39.9657
116.496 39.9657
116.496 39.9656
116.496 39.9655
116.496 39.9657
116.496 39.9656
116.496 39.9657
116.496 39.9657
116.496 39.9659
116.496 39.9657
116.496 39.9657
116.496 39.9661
116.496 39.9658
116.496 39.9659
116.496 39.9654
116.496 39.9657
116.496 39.9658
116.496 39.9659
116.496 39.9655
116.496 39.9659
116.496 39.9658
116.496 39.9655
116.496 39.9657
116.496 39.9659
116.496 39.9656
116.496 39.9656
116.496 39.9656
116.496 39.9655
116.496 39.9655
116.496 39.9655
116.496 39.9655
116.496 39.9656
116.496 39.9656
116.496 39.9656
116.496 39.9656
116.496 39.9656
116.496 39.9656
116.496 39.9656
116.496 39.9656
116.496 39.9656
116.496 39.9656
116.496 39.9655
116.496 39.9656
116.496 39.9652
116.496 39.9653
116.496 39.9656
116.496 39.9656
116.496 39.9656
116.496 39.9656
116.496 39.9656
116.496 39.9655
116.496 39.9659
116.497 39.9657
116.497 39.9657
116.496 39.9657
116.496 39.9657
116.496 39.9657
116.496 39.9658
116.496 39.9658
116.496 39.9657
116.496 39.9655
116.496 39.9656
116.496 39.9658
116.496 39.9663
116.496 39.9653
116.496 39.9653
116.496 39.9653
116.494 39.9632
116.48 39.9564
116.475 39.9542
116.456 39.9481
116.455 39.9325
116.455 39.9163
116.45 39.8832
116.43 39.883
116.422 39.8916
116.423 39.8992
116.449 39.9026
116.466 39.9719
116.518 40.0168
116.571 40.0422
116.556 40.0581
116.562 40.0697
116.555 40.0684
116.555 40.0684
116.556 40.0568
116.556 40.0568
116.572 40.0402
116.505 40.0081
116.448 39.9566
116.425 39.94
116.419 39.9474
116.427 39.9406
116.455 39.9399
116.455 39.921
116.47 39.9066
116.492 39.9065
116.462 39.9283
116.457 39.9326
116.442 39.9322
116.431 39.9314
116.438 39.9362
116.438 39.928
116.428 39.9284
116.415 39.9323
116.403 39.932
116.403 39.932
116.383 39.932
116.383 39.932
116.358 39.931
116.326 39.9312
116.324 39.937
116.338 39.9322
116.338 39.9238
116.351 39.9222
116.354 39.917
116.366 39.9101
116.36 39.9123
116.35 39.919
116.35 39.9371
116.308 39.9397
116.302 39.9594
116.301 39.9712
116.3 39.9834
116.307 39.9842
116.303 39.9549
116.304 39.9377
116.304 39.9301
116.304 39.9246
116.304 39.9003
116.297 39.8873
116.31 39.8856
116.321 39.8885
116.351 39.8882
116.366 39.8879
116.366 39.8879
116.378 39.888
116.393 39.89
116.413 39.8917
116.432 39.8926
116.432 39.8983
116.428 39.9228
116.437 39.9324
116.454 39.9323
116.449 39.9473
116.449 39.933
116.429 39.9324
116.428 39.9183
116.43 39.9029
116.415 39.8958
116.411 39.8958
116.421 39.892
116.454 39.8926
116.459 39.8875
116.456 39.8912
116.46 39.9067
116.466 39.9078
116.481 39.9064
116.496 39.9657
116.496 39.9657
116.496 39.9657
116.496 39.9657
116.496 39.9656
116.496 39.9659
116.496 39.9659
116.496 39.9659
116.496 39.9659
116.496 39.9659
116.496 39.9659
116.496 39.9657
116.496 39.9657
116.496 39.9657
116.496 39.9656
116.496 39.9656
116.496 39.9657
116.496 39.9657
116.496 39.9657
116.496 39.9657
116.496 39.9657
116.496 39.9657
116.496 39.9657
116.496 39.9657
116.496 39.9657
116.496 39.9657
116.496 39.9657
116.496 39.9658
116.496 39.9658
116.496 39.9657
116.496 39.9657
116.496 39.9657
116.496 39.9657
116.496 39.9657
116.496 39.9657
116.496 39.9657
116.496 39.9657
116.303 39.8929
116.303 39.8929
116.303 39.8929
116.496 39.9657
116.496 39.9657
116.496 39.9657
116.496 39.9657
116.496 39.9657
116.496 39.9657
116.496 39.9657
116.496 39.9657
116.496 39.9657
116.496 39.9657
116.496 39.9657
116.496 39.9657
116.496 39.9657
116.496 39.9657
116.496 39.9657
116.496 39.9657
116.496 39.9657
116.496 39.9657
116.496 39.9657
116.496 39.9657
116.496 39.9657
116.496 39.9657
116.496 39.9657
116.496 39.9657
116.496 39.9657
116.496 39.9657
116.496 39.9658
116.496 39.9658
116.496 39.9658
116.496 39.9657
116.496 39.9657
116.496 39.9657
116.496 39.9657
116.496 39.9657
116.496 39.9657
116.496 39.9657
116.496 39.9657
116.496 39.9657
116.496 39.9657
116.496 39.9657
116.496 39.9655
116.496 39.9661
116.496 39.9661
116.496 39.9661
116.496 39.9661
116.496 39.9658
116.496 39.9658
116.496 39.9658
116.496 39.9658
116.496 39.9658
116.496 39.9658
116.496 39.9657
116.496 39.9657
116.496 39.9657
116.496 39.9657
116.496 39.9657
116.496 39.9657
116.496 39.9657
116.496 39.9657
116.496 39.9657
116.496 39.9657
116.496 39.9657
116.496 39.9657
116.496 39.9657
116.496 39.9657
116.496 39.9657
116.496 39.9657
116.496 39.9657
116.496 39.9657
116.495 39.9525
116.479 39.9325
116.472 39.922
116.466 39.9134
116.466 39.9134
116.456 39.9198
116.444 39.924
116.449 39.9315
116.443 39.9325
116.439 39.9391
116.428 39.9391
116.43 39.9009
116.413 39.8957
116.415 39.8726
116.418 39.8536
116.425 39.8567
116.419 39.8644
116.419 39.8644
116.418 39.8644
116.403 39.8708
116.345 39.8674
116.338 39.8966
116.339 39.9138
116.329 39.9217
116.336 39.9368
116.35 39.95
116.355 39.9545
116.365 39.95
116.366 39.943
116.353 39.9391
116.341 39.9527
116.348 39.9568
116.373 39.9565
116.373 39.9565
116.385 39.9524
116.387 39.951
116.399 39.9499
116.41 39.9396
116.411 39.9261
116.403 39.9299
116.404 39.9392
116.411 39.9327
116.421 39.9322
116.447 39.9324
116.472 39.9324
116.479 39.9216
116.483 39.922
116.473 39.9213
116.473 39.9213
116.477 39.9143
116.472 39.9136
116.458 39.9118
116.464 39.9184
116.461 39.9292
116.468 39.9355
116.463 39.9445
116.485 39.9583
116.495 39.9658
116.495 39.9661
116.495 39.9661
116.495 39.9661
116.495 39.9661
116.495 39.9661
116.495 39.9661
116.495 39.9661
116.495 39.9661
116.495 39.9661
116.495 39.9657
116.493 39.966
116.492 39.9665
116.491 39.9666
116.484 39.9709
116.483 39.9868
116.511 40.0155
116.527 40.0399
116.549 40.0638
116.555 40.0992
116.578 40.1168
116.612 40.1165
116.661 40.1153
116.699 40.1247
116.756 40.1372
116.816 40.1485
116.874 40.1519
116.945 40.1502
117.011 40.1406
117.073 40.1439
117.104 40.1441
117.108 40.1443
117.108 40.1443
117.108 40.1444
117.113 40.1442
117.128 40.1476
117.128 40.1474
117.128 40.1474
117.128 40.1474
117.128 40.1474
117.128 40.1474
117.128 40.1474
117.128 40.1474
117.128 40.1474
117.128 40.1474
117.129 40.1474
117.129 40.1474
117.128 40.1474
117.128 40.1474
117.128 40.1475
117.128 40.1475
117.128 40.1476
117.128 40.1476
117.128 40.1479
117.129 40.1481
117.128 40.148
117.128 40.1472
117.128 40.1474
117.128 40.1474
117.128 40.1474
117.151 40.1642
117.144 40.181
117.144 40.181
117.144 40.181
117.144 40.181
117.144 40.181
117.144 40.1809
117.144 40.1809
117.144 40.1809
117.144 40.1809
117.144 40.1809
117.144 40.1809
117.144 40.181
117.144 40.181
117.144 40.181
117.144 40.181
117.144 40.181
117.144 40.181
117.144 40.181
117.144 40.181
117.144 40.181
117.144 40.181
117.144 40.181
117.144 40.181
117.144 40.181
117.144 40.181
117.144 40.181
117.144 40.181
117.144 40.181
117.144 40.1812
117.144 40.1812
117.144 40.1812
117.144 40.1811
117.144 40.1811
117.144 40.1811
117.144 40.1811
117.144 40.1811
117.144 40.1811
117.144 40.1811
117.144 40.1811
117.144 40.1811
117.144 40.1811
117.144 40.181
117.144 40.181
117.144 40.181
117.144 40.1808
117.144 40.1803
117.15 40.1647
117.129 40.1479
117.129 40.1472
117.129 40.1472
117.129 40.1471
117.129 40.1471
117.129 40.1471
117.119 40.1491
117.097 40.1594
117.097 40.1596
117.12 40.1489
117.129 40.1472
117.129 40.1472
117.129 40.1472
117.129 40.1472
117.129 40.1472
117.129 40.1472
117.129 40.1472
117.129 40.1472
117.129 40.1472
117.129 40.1471
117.129 40.1471
117.129 40.147
117.129 40.1472
117.129 40.1474
117.129 40.1468
117.129 40.1471
117.129 40.1471
117.129 40.1471
117.129 40.1471
117.129 40.1471
117.129 40.1471
117.129 40.1471
117.128 40.1471
117.129 40.1471
117.129 40.1471
117.129 40.1472
117.129 40.1471
117.129 40.1471
117.129 40.1471
117.129 40.1471
117.129 40.1471
117.129 40.147
117.129 40.1471
117.129 40.1471
117.129 40.1471
117.129 40.1471
117.13 40.1464
117.129 40.1474
117.129 40.1472
117.129 40.1473
117.129 40.1473
117.129 40.1473
117.129 40.1473
117.129 40.1473
117.129 40.1472
117.129 40.1471
117.128 40.1469
117.128 40.1469
117.129 40.1472
117.128 40.1469
117.13 40.1478
117.129 40.1475
117.129 40.1473
117.129 40.1472
117.129 40.1472
117.136 40.1562
117.129 40.147
117.129 40.147
117.129 40.1472
117.129 40.1472
117.129 40.1471
117.129 40.1471
117.129 40.1471
117.129 40.1471
117.129 40.1471
117.129 40.1471
117.129 40.1471
117.129 40.1471
117.129 40.1471
117.129 40.1472
117.129 40.1472
117.129 40.1472
117.129 40.1472
117.129 40.1472
117.128 40.1472
117.129 40.1474
117.129 40.1474
117.129 40.1473
117.129 40.147
117.129 40.1471
117.129 40.1471
117.129 40.1471
117.129 40.1471
117.129 40.1471
117.129 40.1471
117.129 40.1471
117.129 40.1471
117.129 40.1471
117.129 40.1471
117.129 40.1471
117.129 40.1471
117.129 40.1471
117.13 40.1477
117.129 40.1471
117.129 40.1471
117.129 40.1471
117.129 40.1472
117.129 40.1471
117.129 40.1471
117.129 40.1472
117.129 40.1471
117.129 40.1472
117.128 40.1472
117.129 40.1472
117.129 40.1471
117.129 40.1471
117.129 40.1472
117.129 40.1472
117.129 40.1473
117.129 40.1472
117.129 40.1472
117.129 40.1472
117.129 40.1472
117.129 40.1469
117.129 40.1469
117.129 40.1467
117.129 40.1466
117.129 40.1471
117.129 40.1471
117.129 40.1472
117.129 40.1472
117.124 40.1446
117.113 40.1441
117.113 40.1443
117.112 40.1444
117.117 40.1397
117.117 40.1405
117.129 40.1481
117.128 40.1475
117.129 40.1474
117.129 40.1475
117.128 40.1475
117.128 40.1475
117.129 40.1472
117.129 40.1474
117.129 40.1475
117.129 40.1474
117.128 40.1483
117.128 40.1478
117.128 40.1476
117.128 40.1476
117.128 40.1483
117.128 40.1482
117.128 40.1478
117.128 40.1474
117.128 40.1475
117.128 40.1476
117.128 40.1476
117.128 40.1476
117.128 40.1476
117.128 40.1476
117.128 40.1476
117.128 40.1476
117.128 40.1476
117.129 40.1475
117.129 40.1474
117.129 40.1474
117.129 40.1474
117.129 40.1474
117.129 40.1474
117.128 40.1475
117.129 40.1475
117.129 40.1475
117.129 40.1475
117.129 40.1474
117.129 40.1474
117.129 40.1474
117.129 40.1474
117.129 40.1474
117.129 40.1474
117.128 40.1475
117.128 40.1481
117.128 40.1479
117.128 40.1482
117.128 40.1482
117.128 40.1482
117.128 40.1482
117.128 40.1482
117.129 40.1475
117.129 40.1474
117.129 40.1474
117.137 40.1572
117.152 40.1801
117.144 40.1828
117.144 40.1828
117.144 40.1828
117.144 40.1828
117.144 40.1828
117.144 40.1828
117.144 40.1828
117.144 40.1828
117.144 40.1828
117.144 40.1828
117.144 40.1828
117.144 40.1828
117.144 40.1828
117.144 40.1828
117.144 40.1828
117.129 40.1476
117.129 40.1476
117.129 40.1476
117.129 40.1476
117.129 40.1476
117.129 40.1476
117.129 40.1476
117.129 40.1476
117.129 40.1476
117.129 40.1476
117.129 40.1476
117.129 40.1476
117.129 40.1476
117.129 40.1475
117.129 40.1473
117.129 40.1474
117.129 40.1476
117.129 40.1475
117.129 40.1475
117.129 40.1475
117.129 40.1475
117.129 40.1475
117.129 40.1475
117.129 40.1475
117.129 40.1477
117.129 40.1477
117.151 40.1635
117.145 40.183
117.144 40.1823
117.144 40.1809
117.144 40.1809
117.144 40.1809
117.144 40.1809
117.144 40.1809
117.144 40.1809
117.144 40.1809
117.144 40.1809
117.144 40.1809
117.144 40.1809
117.144 40.1809
117.144 40.1808
117.144 40.1808
117.144 40.1808
117.144 40.1808
117.144 40.1808
117.144 40.1808
117.144 40.1808
117.144 40.181
117.144 40.1809
117.144 40.1807
117.144 40.1808
117.144 40.1809
117.144 40.1809
117.144 40.1809
117.144 40.1809
117.144 40.1809
117.144 40.1809
117.144 40.1809
117.144 40.181
117.144 40.181
117.144 40.181
117.144 40.181
117.144 40.181
117.144 40.181
117.144 40.181
117.144 40.181
117.144 40.181
117.144 40.181
117.144 40.181
117.144 40.181
117.144 40.181
117.144 40.181
117.144 40.181
117.144 40.181
117.144 40.1809
117.144 40.1808
117.144 40.1808
117.144 40.1808
117.144 40.1808
117.144 40.1808
117.144 40.1808
117.144 40.1808
117.144 40.1808
117.144 40.1808
117.144 40.1808
117.144 40.1808
117.144 40.1808
117.144 40.1808
117.144 40.1808
117.144 40.1808
117.144 40.1808
117.144 40.1808
117.144 40.1808
117.143 40.1819
117.143 40.1819
117.149 40.1629
117.117 40.1433
117.114 40.1345
117.114 40.1345
117.114 40.1345
117.114 40.1345
117.114 40.1344
117.114 40.1344
117.114 40.1344
117.114 40.1344
117.114 40.1344
117.114 40.1344
117.114 40.1344
117.114 40.1344
117.114 40.1344
117.114 40.1344
117.114 40.1344
117.114 40.1344
117.114 40.1344
117.114 40.1343
117.114 40.1343
117.114 40.1343
117.114 40.1343
117.114 40.1343
117.114 40.1343
117.114 40.1343
117.114 40.1343
117.114 40.1344
117.114 40.1344
117.114 40.1344
117.114 40.1344
117.114 40.1344
117.114 40.1344
117.114 40.1343
117.114 40.1343
117.114 40.1343
117.114 40.1343
117.114 40.1343
117.114 40.1343
117.114 40.1343
117.114 40.1343
117.114 40.1343
117.114 40.1344
117.114 40.1344
117.114 40.1344
117.114 40.1344
117.114 40.1343
117.114 40.1344
117.114 40.1344
117.114 40.1344
117.114 40.1344
117.114 40.1343
117.114 40.1344
117.114 40.1344
117.114 40.1344
117.114 40.1344
117.114 40.1344
117.114 40.1344
117.114 40.1344
117.114 40.1344
117.114 40.1345
117.114 40.1345
117.114 40.1344
117.114 40.1343
117.114 40.1343
117.114 40.1344
117.114 40.1343
117.114 40.1343
117.114 40.1343
117.114 40.1343
117.114 40.1343
117.114 40.1343
117.114 40.1343
117.114 40.1343
117.114 40.1343
117.114 40.1343
117.114 40.1343
117.114 40.1343
117.114 40.1343
117.114 40.1342
117.114 40.1344
117.114 40.1344
117.114 40.1344
117.114 40.1342
117.114 40.1345
117.114 40.1343
117.114 40.1343
117.114 40.1343
117.114 40.1343
117.114 40.1343
117.114 40.134
117.114 40.1341
117.114 40.1343
117.117 40.1358
117.136 40.1566
117.148 40.1835
117.144 40.181
117.143 40.1806
117.144 40.1803
117.144 40.1808
117.144 40.1809
117.144 40.1808
117.144 40.1807
117.144 40.1809
117.144 40.1809
117.144 40.1809
117.144 40.1809
117.144 40.1809
117.144 40.1809
117.144 40.1809
117.144 40.1809
117.144 40.1809
117.144 40.1809
117.144 40.1809
117.144 40.1809
117.144 40.1809
117.144 40.1809
117.144 40.1809
117.144 40.1809
117.144 40.1809
117.144 40.181
117.144 40.181
117.144 40.181
117.144 40.181
117.144 40.181
117.144 40.1811
117.144 40.1809
117.144 40.1809
117.144 40.1808
117.144 40.1808
117.144 40.1812
117.144 40.181
117.144 40.181
117.144 40.1806
117.144 40.1803
117.145 40.1802
117.145 40.1803
117.145 40.1803
117.145 40.1803
117.145 40.1803
117.145 40.1803
117.145 40.1803
117.145 40.1803
117.145 40.1803
117.145 40.1803
117.145 40.1803
117.145 40.1803
117.145 40.1803
117.145 40.1803
117.145 40.1803
117.145 40.1803
117.145 40.1803
117.145 40.1803
117.145 40.1803
117.145 40.1803
117.145 40.1803
117.145 40.1802
117.145 40.1802
117.144 40.1805
117.145 40.1802
117.145 40.1802
117.145 40.1802
117.145 40.1802
117.145 40.1802
117.145 40.1802
117.144 40.1806
117.144 40.1806
117.145 40.1803
117.145 40.1804
117.145 40.1804
117.145 40.1804
117.145 40.1804
117.145 40.1803
117.146 40.1835
117.144 40.1802
117.141 40.1777
117.135 40.1559
117.123 40.1457
117.123 40.1455
117.123 40.1462
117.123 40.1457
117.123 40.1456
117.123 40.1459
117.123 40.1457
117.128 40.1491
117.128 40.1491
117.123 40.1456
117.123 40.1455
117.123 40.1456
117.123 40.1456
117.123 40.1456
117.123 40.1456
117.123 40.1457
117.123 40.1456
117.123 40.1456
117.123 40.1456
117.123 40.1456
117.123 40.1456
117.123 40.1456
117.123 40.1455
117.123 40.1455
117.123 40.1454
117.123 40.1458
117.123 40.1456
117.123 40.1455
117.123 40.1455
117.123 40.1452
117.123 40.1454
117.122 40.1455
117.123 40.1453
117.122 40.1454
117.123 40.1457
117.122 40.1458
117.122 40.1452
117.123 40.1457
117.123 40.1457
117.123 40.1457
117.123 40.1457
117.123 40.1457
117.123 40.1457
117.123 40.1457
117.123 40.1457
117.123 40.1457
117.123 40.1457
117.123 40.1457
117.123 40.1459
117.123 40.1459
117.123 40.1458
117.123 40.1457
117.123 40.1457
117.123 40.1457
117.123 40.1457
117.123 40.1457
117.123 40.1457
117.123 40.1457
117.123 40.1457
117.123 40.1458
117.123 40.1455
117.123 40.1456
117.123 40.1455
117.123 40.1455
117.123 40.1453
117.123 40.1452
117.123 40.1452
117.123 40.1452
117.123 40.1455
117.123 40.1456
117.123 40.1456
117.123 40.1456
117.123 40.1458
117.123 40.1455
117.123 40.1457
117.123 40.1456
117.123 40.1457
117.123 40.1457
117.123 40.1458
117.123 40.1458
117.123 40.1457
117.123 40.1457
117.123 40.1457
117.123 40.1457
117.123 40.1457
117.123 40.1457
117.123 40.1457
117.123 40.1456
117.123 40.1456
117.123 40.1456
117.123 40.1456
117.123 40.1457
117.123 40.1457
117.123 40.1457
117.123 40.1457
117.123 40.1457
117.123 40.1457
117.123 40.1456
117.123 40.1457
117.123 40.1457
117.123 40.1457
117.123 40.1456
117.129 40.1472
117.129 40.1472
117.129 40.1472
117.129 40.1472
117.129 40.1475
117.129 40.1474
117.129 40.1474
117.129 40.1471
117.129 40.1471
117.129 40.1471
117.129 40.1471
117.129 40.1471
117.129 40.1473
117.129 40.1473
117.129 40.1472
117.128 40.1472
117.129 40.1472
117.129 40.147
117.129 40.1341
117.128 40.1446
117.129 40.1471
117.129 40.1471
117.129 40.147
117.129 40.147
117.129 40.147
117.129 40.1471
117.129 40.1471
117.129 40.1471
117.129 40.1471
117.129 40.1471
117.129 40.1471
117.129 40.1471
117.129 40.1469
117.129 40.1469
117.129 40.1474
117.129 40.1471
117.129 40.1472
117.129 40.1473
117.128 40.147
117.128 40.1471
117.128 40.1471
117.116 40.1432
117.129 40.1472
117.129 40.1471
117.129 40.1471
117.128 40.1472
117.128 40.1472
117.128 40.1472
117.129 40.1469
117.12 40.1449
117.13 40.1475
117.129 40.1473
117.129 40.1472
117.129 40.1472
117.129 40.1472
117.129 40.1472
117.129 40.1472
117.129 40.1472
117.129 40.1472
117.129 40.1472
117.129 40.1472
117.129 40.1472
117.129 40.1471
117.129 40.1472
117.129 40.1472
117.129 40.1471
117.129 40.1471
117.129 40.1472
117.129 40.1472
117.129 40.1471
117.129 40.1471
117.129 40.1471
117.129 40.1471
117.129 40.1471
117.129 40.1471
117.129 40.1471
117.129 40.1471
117.129 40.1471
117.129 40.1471
117.129 40.1471
117.129 40.1471
117.129 40.1471
117.129 40.1471
117.129 40.1472
117.129 40.147
117.129 40.1472
117.129 40.1471
117.129 40.1471
117.129 40.1472
117.129 40.1471
117.129 40.1471
117.129 40.147
117.129 40.147
117.129 40.147
117.129 40.147
117.129 40.147
117.129 40.147
117.129 40.147
117.129 40.147
117.129 40.1472
117.129 40.1471
117.129 40.1472
117.129 40.1472
117.129 40.1472
117.129 40.1472
117.129 40.1472
117.129 40.1471
117.129 40.1471
117.129 40.1471
117.129 40.1467
117.128 40.1468
117.129 40.1467
117.129 40.1467
117.129 40.1467
117.129 40.147
117.129 40.147
117.129 40.147
117.129 40.1475
117.129 40.1482
117.129 40.1475
117.129 40.1474
117.129 40.1474
117.129 40.1474
117.129 40.1474
117.129 40.1474
117.129 40.1473
117.129 40.1473
117.135 40.156
117.145 40.1613
117.179 40.1669
117.193 40.1987
117.198 40.2058
117.178 40.1929
117.155 40.165
117.131 40.1521
117.129 40.1475
117.129 40.1475
117.129 40.1475
117.129 40.1475
117.129 40.1475
117.129 40.1475
117.129 40.1475
117.129 40.1475
117.129 40.1475
117.129 40.1475
117.125 40.1454
117.123 40.1456
117.123 40.146
117.123 40.1455
117.123 40.1457
117.123 40.1457
117.123 40.1461
117.123 40.1458
117.123 40.1454
117.123 40.1449
117.123 40.1453
117.123 40.1453
117.123 40.1457
117.123 40.1457
117.123 40.1456
117.123 40.1456
117.123 40.1456
117.123 40.1456
117.123 40.1456
117.123 40.1456
117.123 40.1456
117.123 40.1454
117.123 40.1457
117.123 40.1456
117.123 40.1457
117.123 40.1457
117.123 40.1457
117.123 40.1453
117.123 40.1451
117.123 40.1452
117.123 40.1452
117.123 40.1453
117.123 40.1453
117.123 40.1454
117.123 40.1455
117.123 40.1455
117.123 40.1455
117.123 40.1455
117.123 40.1454
117.123 40.1454
117.123 40.1455
117.123 40.1455
117.123 40.145
117.131 40.1522
117.165 40.1665
117.185 40.1945
117.199 40.2057
116.803 40.1513
117.178 40.193
117.164 40.1882
117.14 40.1589
117.123 40.1457
117.123 40.1457
