116.303 40.0405
116.292 40.0525
116.327 40.0476
116.353 40.0213
116.408 40.0388
116.42 40.0392
116.42 40.0397
116.419 40.0376
116.401 39.998
116.402 39.9515
116.403 39.9325
116.401 39.9395
116.408 39.9396
116.446 39.9419
116.446 39.9419
116.441 39.9464
116.441 39.9464
116.433 39.9316
116.433 39.9316
116.407 39.9321
116.359 39.931
116.34 39.922
116.336 39.9208
116.32 39.9222
116.304 39.9072
116.304 39.8911
116.301 39.8798
116.303 39.8826
116.314 39.8962
116.314 39.8962
116.314 39.8962
116.314 39.8962
116.314 39.8962
116.314 39.8962
116.314 39.8962
116.314 39.8962
116.314 39.8962
116.314 39.8962
116.348 39.8874
116.348 39.8874
116.361 39.8832
116.368 39.8975
116.368 39.9029
116.359 39.9059
116.333 39.9083
116.334 39.91
116.334 39.91
116.351 39.917
116.372 39.9314
116.396 39.9319
116.423 39.9271
116.423 39.9261
116.423 39.932
116.429 39.9322
116.431 39.9324
116.448 39.9324
116.451 39.932
116.456 39.9232
116.455 39.9099
116.478 39.9068
116.524 39.9225
116.548 39.92
116.522 39.916
116.473 39.907
116.472 39.9079
116.438 39.9068
116.408 39.9074
116.384 39.9061
116.35 39.9073
116.306 39.8952
116.314 39.8951
116.323 39.9006
116.328 39.9097
116.35 39.9066
116.381 39.9473
116.389 39.9636
116.403 39.9608
116.419 39.9611
116.411 39.9609
116.408 39.9608
116.391 39.9616
116.396 39.9619
116.35 39.9286
116.351 39.8993
116.315 39.8817
116.315 39.8817
116.325 39.8751
116.335 39.8883
116.345 39.8909
116.325 39.8633
116.349 39.8763
116.432 39.8691
116.455 39.875
116.459 39.8877
116.441 39.8453
116.443 39.8453
116.462 39.8698
116.459 39.8875
116.337 39.8965
116.314 39.895
116.333 39.9128
116.337 39.9126
116.34 39.9268
116.34 39.9268
116.34 39.9268
116.34 39.9268
116.34 39.9268
116.34 39.9268
116.34 39.9268
116.34 39.927
116.34 39.9269
116.34 39.9269
116.34 39.9269
116.34 39.9269
116.34 39.9269
116.34 39.9269
116.34 39.9269
116.34 39.9269
116.34 39.9269
116.339 39.9269
116.34 39.9269
116.335 39.913
116.34 39.9121
116.303 39.9574
116.37 39.9473
116.432 39.9481
116.463 39.9621
116.481 39.9871
116.506 40.0108
116.503 40.0071
116.47 40.0073
116.457 39.9962
116.481 39.9573
116.468 39.9147
116.466 39.9325
116.456 39.9512
116.446 39.9489
116.44 39.9121
116.437 39.9058
116.443 39.9166
116.444 39.916
116.471 39.8993
116.456 39.9014
116.472 39.9138
116.472 39.9291
116.432 39.9398
116.422 39.9406
116.437 39.9481
116.484 39.9667
116.483 39.9647
116.484 39.9277
116.474 39.9085
116.473 39.9068
116.49 39.8722
116.49 39.8734
116.455 39.8764
116.455 39.8765
116.456 39.9364
116.476 39.9563
116.476 39.9562
116.476 39.9562
116.476 39.9563
116.474 39.9584
116.472 39.9586
116.471 39.9588
116.471 39.9588
116.471 39.9588
116.452 39.9454
116.433 39.9544
116.432 39.9582
116.419 39.9333
116.39 39.9483
116.382 39.9503
116.454 39.9616
116.469 39.9847
116.47 39.963
116.47 39.963
116.469 39.9568
116.466 39.9535
116.463 39.9459
116.449 39.9357
116.446 39.9419
116.436 39.9854
116.398 39.9932
116.408 39.9813
116.408 39.9813
116.408 39.9813
116.418 39.9833
116.402 39.9918
116.404 39.994
116.41 39.9785
116.412 39.9642
116.427 39.9339
116.429 39.9131
116.429 39.9131
116.419 39.8922
116.379 39.8881
116.371 39.8763
116.371 39.8753
116.384 39.8844
116.384 39.8852
116.365 39.8879
116.328 39.896
116.328 39.896
116.321 39.896
116.305 39.9065
116.306 39.9349
116.317 39.9376
116.345 39.9386
116.345 39.9386
116.348 39.965
116.363 39.9752
116.357 39.9661
116.363 39.9662
116.348 39.9661
116.362 39.9661
116.396 39.9664
116.396 39.9647
116.425 39.958
116.429 39.959
116.43 39.9583
116.411 39.9607
116.411 39.9607
116.428 39.9395
116.43 39.9391
116.439 39.9351
116.452 39.9324
116.452 39.9324
116.46 39.9465
116.443 39.9517
116.433 39.955
116.416 39.958
116.394 39.9501
116.421 39.9579
116.422 39.9579
116.411 39.9819
116.418 39.9821
116.457 39.9896
116.457 39.991
116.469 39.9552
116.439 39.9517
116.444 39.9588
116.476 39.9825
116.524 40.0335
116.564 40.0703
116.566 40.0712
116.566 40.0712
116.566 40.0712
116.566 40.0712
116.566 40.0712
116.566 40.0712
116.566 40.0712
116.566 40.0712
116.566 40.0712
116.57 40.0634
116.583 40.0622
116.582 40.0649
116.582 40.0689
116.581 40.0743
116.58 40.0761
116.582 40.0763
116.587 40.0775
116.587 40.0775
116.496 40
116.477 39.9071
116.471 39.9058
116.471 39.9058
116.451 39.9221
116.397 39.9222
116.391 39.927
116.392 39.9614
116.392 39.9614
116.392 39.9614
116.392 39.9614
116.392 39.9614
116.391 39.9612
116.392 39.9613
116.392 39.9614
116.392 39.9614
116.392 39.9614
116.392 39.9614
116.392 39.9614
116.392 39.9614
116.392 39.9614
116.392 39.9614
116.392 39.9614
116.392 39.9614
116.392 39.9614
116.392 39.9614
116.392 39.9614
116.392 39.9614
116.392 39.9614
116.392 39.9612
116.423 39.9609
116.43 39.9678
116.427 39.94
116.414 39.9482
116.412 39.948
116.444 39.9452
116.458 39.9524
116.488 39.9339
116.488 39.934
116.471 39.9654
116.49 39.9949
116.49 39.9949
116.506 40.0106
116.506 40.0106
116.506 40.0106
116.506 40.0106
116.506 40.0106
116.506 40.0106
116.506 40.0106
116.475 40.0004
116.477 39.9888
116.469 39.9847
116.468 39.9835
116.484 39.9702
116.486 39.9614
116.469 39.9323
116.469 39.9323
116.479 39.9317
116.478 39.9326
116.456 39.9458
116.456 39.9458
116.466 39.934
116.466 39.9326
116.455 39.9218
116.455 39.9218
116.455 39.9147
116.472 39.9127
116.454 39.9047
116.437 39.9028
116.44 39.9061
116.421 39.9135
116.425 39.9076
116.425 39.8923
116.425 39.8895
116.421 39.8954
116.421 39.9034
116.421 39.9034
116.423 39.9034
116.407 39.8997
116.405 39.9003
116.405 39.9075
116.412 39.9073
116.444 39.9068
116.451 39.9047
116.441 39.9031
116.406 39.9067
116.397 39.9186
116.407 39.9079
116.434 39.9071
116.453 39.8689
116.454 39.8665
116.44 39.9071
116.431 39.9073
116.433 39.905
116.435 39.9053
116.443 39.9018
116.443 39.907
116.448 39.9069
116.458 39.9327
116.458 39.9326
116.448 39.9511
116.454 39.9538
116.428 39.9355
116.429 39.9136
116.403 39.9065
116.357 39.8998
116.357 39.8912
116.343 39.8884
116.33 39.8671
116.314 39.8668
116.305 39.8785
116.311 39.8813
116.32 39.8832
116.321 39.8755
116.33 39.8804
116.353 39.8878
116.383 39.8882
116.413 39.8916
116.424 39.8923
116.454 39.8922
116.456 39.949
116.371 39.9668
116.338 39.9752
116.49 39.9955
116.505 40.0102
116.505 40.0102
116.505 40.0102
116.505 40.0102
116.505 40.0102
116.505 40.0102
116.505 40.0102
116.505 40.0102
116.505 40.0102
116.505 40.0102
116.505 40.0102
116.505 40.0102
116.505 40.0102
116.505 40.0102
116.505 40.0102
116.505 40.0102
116.505 40.0102
116.505 40.0102
116.505 40.0102
116.505 40.0102
116.505 40.0102
116.505 40.0102
116.505 40.0101
116.505 40.0101
116.505 40.0101
116.505 40.0101
116.505 40.0101
116.505 40.0102
116.505 40.0102
116.505 40.0102
116.505 40.0102
116.505 40.0102
116.505 40.0102
116.505 40.0102
116.505 40.0102
116.505 40.0102
116.505 40.0102
116.505 40.0102
116.505 40.0102
116.505 40.0102
116.505 40.0102
116.505 40.0102
116.505 40.0102
116.505 40.0102
116.505 40.0102
116.505 40.0102
116.505 40.0102
116.505 40.0103
116.505 40.0103
116.505 40.0102
116.505 40.0102
116.505 40.0102
116.505 40.0102
116.505 40.0102
116.505 40.0102
116.505 40.0102
116.505 40.0102
116.505 40.0102
116.505 40.0102
116.505 40.0102
116.505 40.0102
116.505 40.0102
116.505 40.0102
116.505 40.0102
116.505 40.0102
116.505 40.0102
116.505 40.0102
116.505 40.0102
116.505 40.0102
116.505 40.0102
116.505 40.0102
116.505 40.0102
116.505 40.0102
116.505 40.0102
116.505 40.0102
116.505 40.0102
116.505 40.0102
116.505 40.0102
116.505 40.0102
116.505 40.0102
116.505 40.01
116.472 40.0038
116.486 39.9134
116.505 40.0101
116.472 39.9321
116.46 39.9427
116.444 39.9298
116.439 39.9479
116.435 39.9536
116.455 39.9486
116.465 39.9456
116.443 39.9478
116.441 39.9494
116.437 39.9465
116.434 39.952
116.411 39.9607
116.411 39.9607
116.402 39.9606
116.403 39.9306
116.403 39.926
116.39 39.9061
116.368 39.9043
116.368 39.8693
116.396 39.8535
116.455 39.8735
116.456 39.9311
116.477 39.9552
116.477 39.9552
116.47 39.9549
116.456 39.9473
116.458 39.9515
116.432 39.9325
116.43 39.9325
116.413 39.9579
116.382 39.9617
116.382 39.9646
116.392 39.968
116.393 39.9679
116.455 39.9496
116.471 39.9541
116.449 39.9451
116.426 39.9577
116.409 39.9608
116.389 39.9592
116.366 39.9475
116.366 39.9454
116.343 39.946
116.338 39.9471
116.348 39.9853
116.426 39.9823
116.401 39.9719
116.401 39.9727
116.563 40.0702
116.566 40.0713
116.566 40.0712
116.566 40.0712
116.566 40.0712
116.55 40.0641
116.504 40.0328
116.463 40.0194
116.462 40.0193
116.46 40.0022
116.46 39.9864
116.47 39.954
116.463 39.9475
116.464 39.9505
116.449 39.9491
116.43 39.9583
116.402 39.9549
116.397 39.9502
116.369 39.9497
116.361 39.9513
116.374 39.9668
116.426 39.9822
116.432 39.9823
116.409 39.982
116.403 39.9974
116.418 39.9853
116.414 39.979
116.415 39.9879
116.405 39.9828
116.411 39.9786
116.351 39.9857
116.317 40.0119
116.305 40.0333
116.304 40.0353
116.26 40.0298
116.255 40.0395
116.285 40.0224
116.295 40.0219
116.303 40.0446
116.294 40.0518
116.306 40.0308
116.327 40.0006
116.326 39.9747
116.317 39.966
116.328 39.9667
116.318 39.9516
116.349 39.9381
116.351 39.9187
116.355 39.9311
116.35 39.9305
116.342 39.9482
116.343 39.9386
116.308 39.95
116.311 39.9555
116.303 39.8957
116.392 39.8693
116.399 39.8598
116.415 39.8657
116.436 39.883
116.408 39.8526
116.413 39.8366
116.408 39.8465
116.421 39.8595
116.447 39.8749
116.455 39.8998
116.451 39.8906
116.456 39.9337
116.477 39.9557
116.477 39.9556
116.477 39.9556
116.477 39.9556
116.468 39.952
116.465 39.9107
116.465 39.9107
116.434 39.9499
116.428 39.9514
116.428 39.9514
116.428 39.9515
116.428 39.9515
116.428 39.9515
116.428 39.9517
116.428 39.9517
116.428 39.9515
116.428 39.9515
116.428 39.9515
116.428 39.9515
116.428 39.9515
116.428 39.9515
116.428 39.9515
116.428 39.9515
116.428 39.9515
116.428 39.9518
116.428 39.9516
116.428 39.9516
116.428 39.9517
116.428 39.9516
116.428 39.9516
116.428 39.9516
116.428 39.9516
116.414 39.9581
116.399 39.9502
116.423 39.9041
116.403 39.9321
116.389 39.9537
116.423 39.9038
116.423 39.9039
116.423 39.9039
116.419 39.9459
116.402 39.9493
116.391 39.9468
116.387 39.9524
116.396 39.9192
116.396 39.9183
116.376 39.9521
116.373 39.954
116.333 39.922
116.334 39.922
116.327 39.9325
116.369 39.9418
116.349 39.95
116.318 39.9511
116.472 39.9209
116.323 39.9651
116.323 39.9653
116.382 39.9007
116.382 39.9007
116.385 39.9005
116.39 39.9369
116.373 39.9551
116.367 39.9614
116.367 39.9614
116.374 39.9286
116.388 39.943
116.388 39.9447
116.367 39.967
116.389 39.9641
116.418 39.9848
116.419 39.9873
116.418 39.9849
116.373 39.9533
116.323 39.9372
116.319 39.9421
116.348 39.9219
116.347 39.922
116.433 39.9394
116.477 39.9547
116.477 39.9555
116.469 39.9525
116.468 39.9518
116.456 39.9102
116.455 39.9092
116.472 39.8984
116.472 39.9106
116.468 39.944
116.454 39.9539
116.45 39.9496
116.477 39.9756
116.466 39.9481
116.437 39.9488
116.43 39.9582
116.396 39.9638
116.411 39.9933
116.42 40.0033
116.431 39.9968
116.422 39.9855
116.419 39.968
116.456 39.905
116.442 39.8838
116.439 39.8907
116.436 39.8643
116.44 39.8781
116.456 39.8879
116.456 39.9219
116.473 39.9637
116.472 39.9787
116.505 40.0104
116.505 40.0101
116.506 40.0108
116.505 40.0096
116.485 39.9866
116.414 39.9879
116.415 39.9888
116.412 39.9686
116.455 39.9542
116.45 39.8749
116.443 39.8749
116.466 39.8748
116.502 39.8726
116.54 39.9081
116.498 40.0003
116.546 39.9999
116.546 39.9999
116.522 40.0168
116.555 40.0981
116.623 40.1163
116.743 40.1276
116.856 40.1521
116.988 40.1415
117.09 40.1344
117.108 40.1095
117.107 40.1156
117.113 40.1323
117.113 40.1323
117.11 40.1324
117.11 40.1324
117.11 40.1324
117.11 40.1324
117.11 40.1324
117.11 40.1324
117.11 40.1324
117.109 40.1323
117.11 40.1324
117.11 40.1324
117.11 40.1324
117.11 40.1324
117.11 40.1324
117.11 40.1324
117.11 40.1325
117.11 40.1325
117.11 40.1325
117.11 40.1325
117.11 40.1325
117.11 40.1325
117.11 40.1325
117.11 40.1325
117.11 40.1325
117.11 40.1325
117.11 40.1325
117.11 40.1325
117.11 40.1325
117.11 40.1325
117.11 40.1325
117.11 40.1324
117.11 40.1325
117.11 40.1325
117.11 40.1325
117.11 40.1325
117.11 40.1325
117.11 40.1325
117.11 40.1325
117.11 40.1325
117.11 40.1324
117.11 40.1324
117.11 40.1324
117.11 40.1324
117.11 40.1324
117.11 40.1324
117.11 40.1324
117.11 40.1324
117.11 40.1324
117.11 40.1324
117.11 40.1324
117.11 40.1324
117.11 40.1324
117.11 40.1324
117.11 40.1324
117.11 40.1324
117.11 40.1324
117.11 40.1324
117.11 40.1324
117.11 40.1324
117.11 40.1324
117.11 40.1324
117.11 40.1324
117.11 40.1324
117.11 40.1324
117.11 40.1324
117.11 40.1324
117.11 40.1324
117.11 40.1324
117.11 40.1324
117.11 40.1325
117.11 40.1325
117.11 40.1325
117.11 40.1325
117.11 40.1325
117.11 40.1325
117.11 40.1325
117.11 40.1325
117.11 40.1325
116.854 40.152
117.11 40.1324
117.11 40.1324
117.11 40.1324
117.11 40.1324
117.11 40.1324
117.049 40.1454
116.916 40.1521
116.78 40.1449
116.664 40.1152
116.558 40.1109
116.529 40.0442
116.505 40.0104
116.503 40.0072
116.472 40.0037
116.442 39.9941
116.452 39.9876
116.484 39.916
116.463 39.8783
116.46 39.8779
116.461 39.8831
116.472 39.9323
116.476 39.9324
116.469 39.9379
116.469 39.9379
116.464 39.9486
116.429 39.932
116.391 39.922
116.39 39.9221
116.388 39.9483
116.387 39.9496
116.385 39.9524
116.374 39.95
116.371 39.9176
116.388 39.9016
116.385 39.9091
116.404 39.9169
116.403 39.9332
116.402 39.9495
116.402 39.9573
116.373 39.9866
116.362 39.993
116.364 39.981
116.373 39.9486
116.373 39.9557
116.349 39.9512
116.355 39.9508
116.427 39.9428
116.451 39.8961
116.452 39.8965
116.43 39.9084
116.353 39.9059
116.357 39.9126
116.395 39.9062
116.403 39.9123
116.401 39.9046
116.37 39.8984
116.368 39.8777
116.381 39.8469
116.385 39.8401
116.381 39.8458
116.391 39.8493
116.391 39.8535
116.409 39.847
116.414 39.8494
116.426 39.8645
116.432 39.8673
116.419 39.9034
116.411 39.9248
116.408 39.9392
116.402 39.9477
116.397 39.9434
116.39 39.9468
116.366 39.9464
116.366 39.9464
116.366 39.9464
116.331 39.9663
116.329 39.9574
116.35 39.9565
116.395 39.9392
116.398 39.9392
116.418 39.9395
116.415 39.9395
116.419 39.944
116.419 39.9458
116.446 39.9398
116.449 39.9399
116.447 39.9573
116.477 39.9556
116.477 39.9556
116.477 39.9556
116.469 39.9522
116.447 39.9581
116.447 39.9581
116.436 39.9583
116.463 39.9405
116.439 39.95
116.41 39.9481
116.402 39.9423
116.402 39.9408
116.35 39.9311
116.322 39.9269
116.421 39.9482
116.48 39.9858
116.505 40.0104
116.482 39.988
116.473 40.0006
116.462 40.0037
116.474 39.9845
116.464 39.9859
116.462 39.9783
116.466 39.9514
116.465 39.9512
116.42 39.9581
116.413 39.9579
116.365 39.9429
116.36 39.9438
116.402 39.9476
116.442 39.9323
116.419 39.9469
116.419 39.9477
116.42 39.9314
116.419 39.9415
116.416 39.9483
116.389 39.9524
116.402 39.997
116.4 40.0036
116.402 39.9578
116.402 39.9578
116.402 39.9493
116.436 39.9537
116.434 39.9536
116.436 39.9467
116.436 39.9467
116.401 39.9064
116.388 39.8958
116.377 39.8989
116.347 39.9033
116.419 39.9483
116.597 40.1168
116.703 40.1241
116.815 40.1484
116.943 40.1504
117.064 40.1441
117.108 40.1006
117.107 40.1155
117.117 40.1315
117.11 40.1324
117.11 40.1324
117.11 40.1324
117.11 40.1324
117.11 40.1324
117.11 40.1324
117.11 40.1324
117.11 40.1324
117.11 40.1324
117.11 40.1324
117.11 40.1324
117.11 40.1324
117.11 40.1325
117.11 40.1325
117.11 40.1324
117.11 40.1324
117.11 40.1324
117.11 40.1324
117.11 40.1324
117.11 40.1325
117.11 40.1325
117.11 40.1325
117.11 40.1324
117.11 40.1324
117.11 40.1324
117.11 40.1324
117.11 40.1324
117.11 40.1324
117.11 40.1324
117.11 40.1324
117.11 40.1324
117.109 40.1324
117.11 40.1351
117.117 40.1356
117.11 40.1324
117.11 40.1324
117.108 40.1124
117.11 40.1325
117.1 40.0846
117.108 40.1098
117.11 40.1321
117.124 40.1441
117.214 40.1686
117.256 40.1903
117.255 40.2355
117.255 40.2356
117.255 40.2356
117.255 40.2356
117.273 40.2052
117.273 40.2052
117.313 40.1863
117.345 40.1818
117.345 40.1818
117.345 40.1818
117.345 40.1818
117.345 40.1818
117.345 40.1818
117.345 40.1818
117.345 40.1818
117.345 40.1817
117.345 40.1817
117.345 40.1817
117.345 40.1818
117.345 40.1818
117.345 40.1818
117.345 40.1817
117.345 40.1817
117.345 40.1817
117.345 40.1817
117.345 40.1817
117.345 40.1817
117.345 40.1817
117.345 40.1817
117.345 40.1817
117.345 40.1818
117.345 40.1818
117.345 40.1818
117.345 40.1818
117.345 40.1818
117.345 40.1818
117.345 40.1818
117.345 40.1818
117.345 40.1817
117.313 40.186
117.268 40.2057
