116.355 39.9126
116.352 39.9133
116.345 39.9059
116.29 39.9064
116.268 39.9037
116.268 39.9035
116.286 39.9061
116.289 39.8913
116.3 39.8885
116.309 39.8854
116.318 39.8831
116.319 39.8829
116.318 39.883
116.319 39.8831
116.318 39.883
116.319 39.8831
116.319 39.8831
116.318 39.8831
116.319 39.8831
116.32 39.8832
116.33 39.8774
116.33 39.8672
116.375 39.8693
116.414 39.872
116.419 39.874
116.419 39.8736
116.419 39.8739
116.419 39.8739
116.419 39.8741
116.419 39.8738
116.419 39.8738
116.419 39.8738
116.419 39.8738
116.419 39.8738
116.419 39.8739
116.419 39.8739
116.419 39.8738
116.419 39.8738
116.419 39.8738
116.419 39.8737
116.419 39.8739
116.419 39.874
116.419 39.874
116.419 39.874
116.419 39.874
116.419 39.8739
116.419 39.8739
116.419 39.8739
116.419 39.8739
116.419 39.8737
116.417 39.8721
116.404 39.8659
116.404 39.8659
116.404 39.8659
116.404 39.8653
116.414 39.864
116.415 39.8679
116.379 39.8697
116.348 39.8726
116.348 39.8751
116.353 39.8766
116.37 39.8773
116.379 39.8854
116.379 39.8872
116.379 39.89
116.378 39.8933
116.378 39.9025
116.361 39.9026
116.36 39.9239
116.362 39.93
116.362 39.9382
116.351 39.9392
116.304 39.9423
116.299 39.9836
116.303 39.9838
116.311 39.9754
116.319 39.9425
116.32 39.9316
116.337 39.931
116.348 39.931
116.383 39.932
116.38 39.9322
116.371 39.9266
116.434 39.9072
116.47 39.9066
116.485 39.9098
116.484 39.9097
116.47 39.9145
116.456 39.9178
116.445 39.9256
116.446 39.9273
116.444 39.9149
116.449 39.9069
116.455 39.8934
116.45 39.8916
116.45 39.8815
116.443 39.8832
116.445 39.8726
116.439 39.8646
116.402 39.8557
116.344 39.8495
116.321 39.8464
116.314 39.8412
116.317 39.8413
116.318 39.8465
116.341 39.8474
116.353 39.8514
116.359 39.8587
116.37 39.8688
116.378 39.8694
116.381 39.8571
116.381 39.8506
116.377 39.8506
116.383 39.8437
116.379 39.8439
116.381 39.8516
116.384 39.8639
116.394 39.8714
116.389 39.8809
116.389 39.8811
116.389 39.881
116.389 39.881
116.388 39.8849
116.378 39.8909
116.378 39.8888
116.373 39.88
116.373 39.88
116.376 39.8817
116.393 39.88
116.399 39.8637
116.425 39.8644
116.425 39.8644
116.44 39.878
116.439 39.8921
116.447 39.8976
116.456 39.9027
116.456 39.9141
116.438 39.9631
116.366 39.9666
116.347 39.99
116.343 40.0032
116.343 40.0032
116.328 39.9665
116.34 39.9566
116.373 39.9315
116.403 39.9317
116.42 39.9229
116.442 39.9216
116.456 39.9176
116.487 39.9216
116.521 39.9225
116.564 39.9229
116.616 39.9246
116.649 39.9211
116.684 39.9154
116.681 39.9249
116.685 39.929
116.685 39.929
116.685 39.9288
116.685 39.929
116.685 39.9291
116.685 39.9287
116.685 39.9288
116.685 39.929
116.685 39.929
116.685 39.929
116.685 39.9291
116.685 39.929
116.685 39.9291
116.685 39.929
116.685 39.9291
116.685 39.929
116.685 39.9291
116.685 39.929
116.685 39.9289
116.685 39.9289
116.685 39.929
116.685 39.9289
116.685 39.9289
116.685 39.929
116.685 39.929
116.685 39.9289
116.685 39.9289
116.685 39.929
116.685 39.9289
116.685 39.9289
116.685 39.9289
116.685 39.9289
116.685 39.9289
116.685 39.9289
116.685 39.929
116.685 39.929
116.685 39.9289
116.685 39.9289
116.685 39.9289
116.685 39.9289
116.685 39.929
116.685 39.9289
116.685 39.9289
116.685 39.929
116.685 39.9288
116.685 39.9289
116.685 39.9288
116.685 39.9289
116.685 39.9288
116.685 39.9288
116.685 39.9289
116.685 39.929
116.685 39.9289
116.685 39.9289
116.685 39.929
116.685 39.929
116.686 39.9278
116.686 39.9278
116.657 39.9218
116.579 39.9089
116.505 39.9067
116.455 39.9081
116.472 39.9009
116.486 39.9055
116.492 39.9065
116.492 39.9065
116.492 39.9065
116.498 39.9065
116.492 39.907
116.472 39.9043
116.47 39.893
116.467 39.8951
116.467 39.8951
116.456 39.8994
116.456 39.9113
116.451 39.9125
116.44 39.9164
116.434 39.9214
116.435 39.922
116.435 39.9246
116.435 39.9246
116.434 39.9245
116.432 39.9233
116.431 39.9234
116.415 39.9231
116.41 39.9143
116.403 39.9261
116.403 39.9394
116.41 39.946
116.412 39.9623
116.412 39.9633
116.441 39.9609
116.45 39.9546
116.443 39.9601
116.44 39.9559
116.438 39.9565
116.438 39.9566
116.438 39.9565
116.439 39.9564
116.439 39.9564
116.439 39.9565
116.439 39.9562
116.456 39.9426
116.455 39.9064
116.455 39.9041
116.454 39.9051
116.44 39.9071
116.422 39.9071
116.405 39.9085
116.408 39.9106
116.411 39.9089
116.412 39.9023
116.412 39.9009
116.413 39.8925
116.415 39.8759
116.409 39.856
116.408 39.8569
116.408 39.8569
116.407 39.8705
116.439 39.8827
116.429 39.9163
116.413 39.9481
116.373 39.9605
116.379 39.9627
116.379 39.9627
116.379 39.9629
116.379 39.9629
116.379 39.963
116.379 39.9631
116.379 39.9632
116.379 39.9632
116.379 39.9624
116.379 39.963
116.387 39.967
116.434 39.9654
116.453 39.953
116.455 39.9381
116.467 39.9323
116.475 39.9233
116.475 39.9249
116.475 39.9249
116.475 39.9249
116.475 39.925
116.483 39.9072
116.505 39.9058
116.492 39.9065
116.493 39.9065
116.493 39.9065
116.493 39.9065
116.493 39.9066
116.517 39.9076
116.457 39.9073
116.455 39.8834
116.428 39.883
116.419 39.8822
116.428 39.8813
116.433 39.8914
116.412 39.8933
116.412 39.8953
116.408 39.8958
116.414 39.8814
116.414 39.8814
116.424 39.8656
116.429 39.8645
116.432 39.8604
116.436 39.8573
116.441 39.8346
116.459 39.8255
116.465 39.836
116.451 39.839
116.447 39.8543
116.453 39.8645
116.461 39.883
116.483 39.8821
116.484 39.8923
116.49 39.9065
116.518 39.9073
116.52 39.914
116.52 39.9151
116.525 39.9156
116.53 39.9141
116.53 39.9143
116.541 39.9148
116.545 39.91
116.525 39.908
116.534 39.9436
116.5 39.9916
116.541 40.025
116.584 40.0541
116.587 40.0791
116.581 40.0765
116.575 40.063
116.566 40.0703
116.567 40.0711
116.567 40.0711
116.567 40.0711
116.567 40.0711
116.567 40.0711
116.567 40.0711
116.567 40.0711
116.567 40.0711
116.567 40.0711
116.567 40.0711
116.567 40.0711
116.567 40.0711
116.567 40.0712
116.567 40.0711
116.567 40.0711
116.567 40.0711
116.567 40.0711
116.567 40.0712
116.567 40.0711
116.567 40.0711
116.567 40.0711
116.567 40.0711
116.565 40.0711
116.562 40.0693
116.563 40.0672
116.556 40.0631
116.581 40.0595
116.583 40.0595
116.583 40.0621
116.583 40.062
116.583 40.062
116.583 40.0604
116.583 40.0604
116.583 40.0604
116.583 40.0628
116.581 40.0708
116.581 40.0755
116.587 40.0768
116.587 40.0768
116.587 40.0792
116.579 40.0473
116.52 40.0174
116.461 39.9682
116.427 39.9397
116.421 39.9143
116.4 39.9167
116.4 39.9178
116.4 39.9288
116.39 39.937
116.389 39.9519
116.389 39.9519
116.389 39.9652
116.389 39.9652
116.391 39.9619
116.39 39.9618
116.379 39.9649
116.379 39.965
116.379 39.9639
116.379 39.9639
116.379 39.9639
116.379 39.9639
116.379 39.9639
116.379 39.9639
116.379 39.9621
116.412 39.9581
116.414 39.9526
116.416 39.9559
116.435 39.9481
116.447 39.9508
116.447 39.9508
116.45 39.9546
116.45 39.9545
116.45 39.9546
116.45 39.9547
116.45 39.9546
116.451 39.9542
116.455 39.9238
116.469 39.9216
116.496 39.9217
116.496 39.9217
116.509 39.9197
116.478 39.9143
116.478 39.9143
116.475 39.9236
116.464 39.922
116.44 39.9221
116.441 39.9321
116.441 39.9321
116.441 39.9321
116.441 39.9321
116.441 39.9321
116.441 39.9321
116.441 39.9321
116.441 39.9322
116.441 39.9321
116.441 39.9321
116.441 39.9322
116.441 39.9322
116.441 39.9322
116.441 39.9322
116.441 39.9321
116.441 39.9321
116.441 39.9324
116.406 39.9321
116.369 39.9314
116.347 39.9326
116.357 39.9391
116.357 39.9391
116.373 39.9315
116.387 39.932
116.387 39.932
116.387 39.932
116.388 39.932
116.411 39.9361
116.411 39.9361
116.411 39.9361
116.427 39.9322
116.441 39.9322
116.441 39.9321
116.441 39.9321
116.441 39.9321
116.441 39.9322
116.441 39.9321
116.441 39.9322
116.441 39.9321
116.441 39.9321
116.441 39.9322
116.441 39.9322
116.441 39.9324
116.413 39.9481
116.399 39.9616
116.4 39.9621
116.428 39.9288
116.444 39.9194
116.474 39.9069
116.578 39.9085
116.615 39.9125
116.676 39.9226
116.684 39.9153
116.684 39.9153
116.685 39.9275
116.685 39.9288
116.685 39.9288
116.685 39.9289
116.685 39.929
116.685 39.9289
116.685 39.9289
116.685 39.9289
116.685 39.9289
116.685 39.929
116.685 39.9288
116.685 39.9288
116.685 39.9288
116.686 39.929
116.685 39.9284
116.64 39.9215
116.591 39.911
116.585 39.9205
116.585 39.9204
116.585 39.9204
116.585 39.9204
116.585 39.9204
116.585 39.9203
116.585 39.9215
116.574 39.9562
116.559 40.0042
116.548 40.0263
116.576 40.0437
116.582 40.049
116.584 40.0604
116.582 40.0712
116.587 40.0782
116.583 40.0795
116.583 40.0756
116.582 40.0491
116.571 40.0359
116.563 40.0316
116.556 40.0166
116.565 39.9767
116.579 39.9498
116.584 39.9247
116.585 39.9204
116.585 39.9194
116.566 39.9089
116.524 39.9087
116.491 39.907
116.491 39.907
116.492 39.9065
116.482 39.907
116.472 39.9071
116.467 39.8922
116.45 39.8952
116.443 39.898
116.438 39.8884
116.438 39.8884
116.433 39.8665
116.431 39.861
116.428 39.8643
116.455 39.8767
116.456 39.8905
116.458 39.9054
116.472 39.9064
116.468 39.8993
116.46 39.8994
116.452 39.8962
116.443 39.898
116.456 39.8998
116.457 39.9059
116.472 39.9028
116.456 39.9024
116.435 39.9054
116.435 39.9054
116.435 39.9061
116.43 39.902
116.425 39.8865
116.415 39.8722
116.407 39.8673
116.396 39.864
116.38 39.8698
116.368 39.8811
116.368 39.8882
116.361 39.8821
116.368 39.8691
116.392 39.8514
116.392 39.8513
116.392 39.8511
116.392 39.8512
116.392 39.8512
116.392 39.8511
116.392 39.8511
116.392 39.851
116.392 39.8511
116.392 39.8511
116.392 39.8511
116.392 39.8509
116.392 39.8509
116.392 39.8509
116.392 39.851
116.392 39.8511
116.392 39.8513
116.391 39.8513
116.392 39.8509
116.392 39.85
116.392 39.851
116.392 39.8507
116.392 39.8513
116.392 39.8515
116.392 39.8513
116.394 39.8691
116.401 39.8867
116.412 39.8917
116.412 39.9054
116.412 39.9066
116.411 39.92
116.42 39.917
116.413 39.917
116.411 39.9213
116.43 39.9231
116.433 39.9225
116.443 39.9374
116.437 39.9297
116.428 39.9164
116.428 39.9164
116.432 39.9051
116.432 39.9052
116.435 39.9046
116.418 39.9072
116.412 39.9084
116.412 39.9023
116.412 39.9002
116.412 39.8978
116.404 39.8916
116.4 39.8989
116.4 39.899
116.386 39.9047
116.378 39.906
116.37 39.9074
116.37 39.9086
116.372 39.912
116.368 39.9134
116.359 39.9128
116.357 39.9093
116.357 39.9066
116.337 39.8668
116.31 39.8664
116.276 39.8632
116.275 39.8631
116.275 39.8631
116.276 39.8631
116.294 39.865
116.343 39.866
116.343 39.896
116.351 39.9006
116.385 39.9104
116.387 39.926
116.393 39.9394
116.402 39.9393
116.397 39.9321
116.397 39.9321
116.39 39.9316
116.386 39.9218
116.385 39.9083
116.385 39.8998
116.389 39.8971
116.385 39.8887
116.385 39.8887
116.38 39.8882
116.378 39.8851
116.378 39.885
116.381 39.882
116.385 39.8821
116.406 39.8869
116.425 39.8828
116.447 39.8832
116.455 39.883
116.461 39.8829
116.465 39.8781
116.464 39.8782
116.452 39.8832
116.404 39.8657
116.404 39.8657
116.404 39.8658
116.404 39.8657
116.404 39.8658
116.404 39.8657
116.404 39.8657
116.404 39.8657
116.404 39.8657
116.404 39.8656
116.404 39.8657
116.404 39.8656
116.404 39.8657
116.404 39.8657
116.404 39.8657
116.404 39.8657
116.404 39.8657
116.404 39.8657
116.404 39.8657
116.404 39.8657
116.404 39.8657
116.399 39.8639
116.389 39.882
116.388 39.8849
116.415 39.883
116.428 39.8829
116.445 39.8776
116.441 39.8762
116.434 39.8908
116.434 39.8861
116.428 39.8924
116.406 39.8902
116.379 39.8919
116.376 39.9114
116.368 39.8987
116.368 39.8883
116.432 39.8913
116.432 39.8913
116.421 39.8959
116.406 39.8998
116.42 39.9214
116.422 39.9036
116.425 39.9036
116.444 39.9214
116.49 39.9141
116.512 39.9153
116.487 39.9145
116.463 39.9173
116.457 39.9325
116.456 39.9325
116.428 39.9265
116.44 39.8781
116.41 39.8643
116.42 39.9146
116.401 39.9066
116.337 39.8965
116.315 39.8961
116.337 39.891
116.358 39.8822
116.358 39.8824
116.388 39.8889
116.421 39.892
116.439 39.8983
116.45 39.896
116.456 39.9028
116.456 39.9161
116.474 39.9142
116.493 39.9216
116.54 39.9224
116.547 39.923
116.533 39.939
116.53 39.9386
116.537 39.9269
116.54 39.9248
116.552 39.9228
116.592 39.9245
116.621 39.9255
116.684 39.9153
116.681 39.9239
116.685 39.929
116.685 39.929
116.685 39.929
116.685 39.9291
116.686 39.929
116.685 39.9291
116.685 39.9288
116.685 39.929
116.685 39.929
116.685 39.929
116.685 39.9289
116.685 39.9289
116.685 39.9289
116.686 39.9289
116.685 39.929
116.685 39.929
116.685 39.929
116.685 39.9289
116.685 39.9288
116.685 39.929
116.685 39.9289
116.685 39.929
116.685 39.929
116.685 39.929
116.685 39.9289
116.685 39.9289
116.685 39.9289
116.685 39.9289
116.685 39.9289
116.685 39.9288
116.685 39.9289
116.685 39.9288
116.71 39.8811
116.71 39.8811
116.715 39.8621
116.718 39.8338
116.724 39.7833
116.76 39.7721
116.781 39.7516
116.815 39.6884
116.814 39.6361
116.814 39.6259
116.814 39.6404
116.815 39.6936
116.789 39.7588
116.78 39.7896
116.775 39.8228
116.744 39.8527
116.728 39.8913
116.708 39.9016
116.682 39.9038
116.655 39.9071
116.638 39.9057
116.63 39.9051
116.63 39.9052
116.63 39.9052
116.63 39.9052
116.63 39.9052
116.63 39.9052
116.63 39.9052
116.63 39.9052
116.63 39.9052
116.63 39.9052
116.63 39.9052
116.63 39.9052
116.629 39.9053
116.589 39.9083
116.514 39.9069
116.47 39.9104
116.47 39.9121
116.458 39.9124
116.456 39.9134
116.455 39.9192
116.462 39.9069
116.489 39.9065
116.492 39.9065
116.492 39.9065
116.492 39.9064
116.492 39.9065
116.492 39.9065
116.492 39.9065
116.502 39.9058
116.489 39.9071
116.489 39.9071
116.493 39.9339
116.493 39.9303
116.496 39.9281
116.479 39.9231
116.477 39.9269
116.464 39.922
116.455 39.9139
116.455 39.901
116.444 39.8972
116.442 39.8995
116.433 39.8924
116.413 39.8931
116.413 39.8948
116.45 39.8921
116.454 39.8921
116.455 39.8923
116.456 39.9083
116.461 39.9251
116.463 39.9243
116.463 39.9242
116.463 39.9242
116.463 39.9242
116.463 39.9242
116.463 39.9244
116.463 39.9243
116.463 39.9243
116.463 39.9243
116.463 39.9243
116.463 39.9242
116.463 39.9243
116.463 39.9243
116.467 39.9225
116.467 39.9219
116.456 39.9323
116.455 39.9541
116.462 39.9566
116.462 39.9504
116.462 39.9468
116.431 39.9675
116.367 39.9667
116.367 39.9667
116.302 39.9607
116.303 39.9494
116.297 39.9438
116.297 39.9438
116.287 39.9463
116.306 39.9397
116.307 39.9397
116.307 39.9397
116.307 39.9395
116.307 39.9396
116.307 39.9397
116.307 39.9397
116.306 39.9397
116.306 39.9397
116.306 39.9397
116.306 39.9393
116.306 39.9396
116.306 39.9395
116.307 39.9397
116.307 39.9395
116.35 39.9401
116.388 39.9433
116.388 39.9408
116.39 39.9378
116.393 39.9228
116.401 39.917
116.404 39.9172
116.412 39.9149
116.427 39.914
116.428 39.9137
116.429 39.9084
116.44 39.9119
116.442 39.919
116.444 39.9132
116.444 39.9156
116.455 39.9161
116.467 39.9069
116.483 39.8737
116.504 39.8676
116.504 39.8681
116.535 39.868
116.561 39.8767
116.572 39.8995
116.58 39.9185
116.58 39.9186
116.58 39.9186
116.58 39.9186
116.567 39.9231
116.533 39.9224
116.515 39.9166
116.507 39.9172
116.494 39.9146
116.49 39.9066
116.493 39.9065
116.491 39.907
116.492 39.9065
116.492 39.9065
116.492 39.9065
116.492 39.9065
116.492 39.9065
116.524 39.908
116.56 39.908
116.57 39.9087
116.582 39.9116
116.585 39.9151
116.584 39.9152
116.577 39.9131
116.595 39.9089
116.622 39.9053
116.626 39.8978
116.626 39.897
116.604 39.8884
116.579 39.8746
116.579 39.8746
116.568 39.8676
116.525 39.8687
116.498 39.8745
116.484 39.882
116.484 39.8833
116.483 39.8892
116.482 39.8645
116.474 39.8425
116.514 39.8074
116.557 39.7587
116.611 39.7117
116.667 39.6655
116.732 39.6378
116.77 39.6244
116.763 39.621
116.763 39.6211
116.763 39.6211
116.763 39.6211
116.763 39.6211
116.763 39.6211
116.763 39.6211
116.763 39.6211
116.763 39.6211
116.763 39.6211
116.763 39.6211
116.763 39.6211
116.763 39.6211
116.763 39.6211
116.764 39.622
116.762 39.6217
116.762 39.6217
116.762 39.6216
116.762 39.6217
116.762 39.6217
116.762 39.6217
116.762 39.6217
116.762 39.6217
116.762 39.6217
116.762 39.6217
116.762 39.6216
116.762 39.6216
116.762 39.6216
116.762 39.6216
116.762 39.6216
116.762 39.6216
116.762 39.6216
116.762 39.6216
116.762 39.6216
116.762 39.6216
116.762 39.6216
116.762 39.6216
116.762 39.6217
116.762 39.6217
116.762 39.6217
116.762 39.6217
116.762 39.6217
116.762 39.6217
116.762 39.6217
116.762 39.6217
116.762 39.6217
116.762 39.6217
116.762 39.6217
116.762 39.6216
116.762 39.6217
116.762 39.6216
116.762 39.6217
116.762 39.6216
116.762 39.6216
116.762 39.6217
116.762 39.6217
116.762 39.6217
116.762 39.6217
116.762 39.6217
116.762 39.6217
116.762 39.6217
116.762 39.6217
116.762 39.6217
116.762 39.6217
116.762 39.6217
116.762 39.6217
116.762 39.6217
116.762 39.6216
116.762 39.6217
116.762 39.6217
116.762 39.6217
116.762 39.6216
116.762 39.6216
116.762 39.6216
116.762 39.6216
116.762 39.6217
116.762 39.6217
116.762 39.6217
116.762 39.6217
116.762 39.6217
116.762 39.6217
116.762 39.6217
116.762 39.6216
116.762 39.6217
116.762 39.6216
116.762 39.6216
116.762 39.6216
116.762 39.6216
116.762 39.6216
116.762 39.6216
116.763 39.6217
116.762 39.6216
116.762 39.6216
116.762 39.6216
116.762 39.6216
116.762 39.6216
116.762 39.622
116.774 39.6813
116.785 39.7272
116.776 39.7706
116.774 39.8042
116.773 39.8302
116.74 39.8553
116.715 39.8787
116.686 39.9006
116.684 39.9154
116.685 39.9261
116.686 39.9284
116.686 39.9284
116.686 39.9284
116.686 39.9283
116.686 39.9284
116.686 39.9284
116.686 39.9284
116.686 39.9284
116.686 39.9284
116.686 39.9284
116.686 39.9284
116.686 39.9284
116.686 39.9284
116.686 39.9284
116.686 39.9284
116.686 39.9284
116.686 39.9284
116.686 39.9284
116.686 39.9284
116.686 39.9284
116.686 39.9284
116.686 39.9284
116.686 39.9284
116.686 39.9284
116.686 39.9285
116.686 39.9284
116.685 39.9286
116.654 39.9217
116.585 39.9086
116.556 39.9099
116.556 39.9102
116.556 39.9102
116.556 39.9102
116.556 39.9102
116.556 39.9102
116.556 39.9101
116.556 39.9101
116.557 39.915
116.544 39.9084
116.52 39.9651
116.511 40.0132
116.579 40.0469
116.582 40.0794
116.521 40.0305
116.502 40.0038
116.483 39.9803
116.488 39.9612
116.487 39.9599
116.484 39.929
116.508 39.9219
116.542 39.9225
116.591 39.9243
116.602 39.9192
116.602 39.92
116.593 39.9112
116.583 39.9119
116.56 39.9149
116.544 39.9149
116.519 39.9161
116.498 39.9148
116.497 39.9147
116.496 39.9211
116.509 39.9159
116.509 39.919
116.51 39.9164
116.51 39.9166
116.51 39.9168
116.49 39.9143
116.472 39.9143
116.45 39.9191
116.434 39.9228
116.401 39.923
116.395 39.924
116.391 39.927
116.376 39.9184
116.372 39.9028
116.368 39.8969
116.378 39.8879
116.387 39.8804
116.387 39.8803
116.387 39.8803
116.387 39.8803
116.387 39.8803
116.387 39.8803
116.39 39.8849
116.393 39.8653
116.406 39.8637
116.422 39.8564
116.422 39.8564
116.422 39.8559
116.431 39.8646
116.431 39.8644
116.433 39.8706
116.434 39.8813
116.43 39.9027
116.426 39.904
116.428 39.8963
116.425 39.8874
116.42 39.8758
116.415 39.8725
116.412 39.8954
116.412 39.8957
116.413 39.8967
116.42 39.8861
116.423 39.8906
116.421 39.8991
116.418 39.9033
116.43 39.8921
116.434 39.8847
116.416 39.8796
116.408 39.8559
116.408 39.8447
116.4 39.8351
116.4 39.8347
116.396 39.8525
116.407 39.8555
116.408 39.8629
116.415 39.8642
116.419 39.8793
116.416 39.8595
116.409 39.841
116.407 39.8409
116.394 39.8638
116.359 39.8652
116.365 39.8644
116.362 39.8585
116.362 39.8584
116.362 39.8584
116.362 39.8584
116.362 39.8584
116.362 39.8584
116.362 39.8584
116.362 39.8584
116.358 39.867
116.372 39.8773
116.371 39.8773
116.358 39.8786
116.353 39.8869
116.357 39.8879
116.378 39.888
116.384 39.8858
116.403 39.8868
116.418 39.8919
116.449 39.892
116.452 39.892
116.47 39.8919
116.475 39.899
116.472 39.9112
116.481 39.9216
116.495 39.9217
116.512 39.9176
116.538 39.9223
116.585 39.9241
116.634 39.9245
116.633 39.9192
116.626 39.9141
116.663 39.9221
116.684 39.9153
116.682 39.9256
116.686 39.9289
116.686 39.9291
116.686 39.9291
116.686 39.9289
116.685 39.929
116.663 39.9223
116.651 39.9069
116.637 39.9124
116.648 39.8999
116.655 39.8883
116.67 39.8912
116.683 39.8906
116.683 39.8907
116.682 39.8906
116.683 39.8906
116.682 39.8906
116.683 39.8906
116.683 39.8906
116.687 39.8911
116.714 39.878
116.771 39.8334
116.771 39.8334
116.779 39.7936
116.787 39.7661
116.803 39.7396
116.808 39.7356
116.785 39.7252
116.812 39.7066
116.814 39.6687
116.814 39.6242
116.822 39.6218
116.822 39.6217
116.822 39.6218
116.822 39.6218
116.822 39.6218
116.822 39.6218
116.822 39.6218
116.822 39.6218
116.822 39.6217
116.822 39.6218
116.822 39.6218
116.822 39.6217
116.822 39.6217
116.822 39.6217
116.822 39.6217
116.822 39.6217
116.822 39.6217
116.822 39.6217
116.822 39.6217
116.822 39.6217
116.822 39.6217
116.822 39.6218
116.822 39.6217
116.822 39.6217
116.822 39.6217
116.822 39.6217
116.822 39.6217
116.822 39.6217
116.822 39.6217
116.822 39.6217
116.822 39.6217
116.822 39.6218
116.822 39.6218
116.822 39.6217
116.822 39.6217
116.822 39.6217
116.822 39.6218
116.822 39.6218
116.822 39.6218
116.822 39.6218
116.822 39.6218
116.822 39.6218
116.822 39.6218
116.822 39.6218
116.822 39.6218
116.822 39.6218
116.822 39.6218
116.822 39.6218
116.822 39.6218
116.822 39.6218
116.822 39.6218
116.822 39.6218
116.822 39.6218
116.822 39.6218
116.822 39.6218
116.822 39.6218
116.822 39.6218
116.822 39.6218
116.822 39.6218
116.822 39.6218
116.822 39.6218
116.822 39.6218
116.822 39.6218
116.822 39.6218
116.822 39.6218
116.822 39.6218
116.822 39.6218
116.822 39.6218
116.822 39.6218
116.819 40.3755
116.822 39.6219
116.822 39.6218
116.822 39.6218
116.822 39.6217
116.822 39.6217
116.822 39.6217
116.822 39.6217
116.822 39.6217
116.822 39.6217
116.822 39.6217
116.822 39.6217
116.822 39.6217
116.822 39.6217
116.822 39.6217
116.822 39.6217
116.822 39.6218
116.822 39.6218
116.822 39.6217
116.822 39.6217
116.822 39.6217
116.822 39.6217
116.822 39.6217
116.822 39.6217
116.822 39.6217
116.822 39.6217
116.822 39.6217
116.822 39.6217
116.822 39.6217
116.822 39.6217
116.822 39.6218
116.822 39.6217
116.822 39.6217
116.822 39.6217
116.822 39.6217
116.822 39.6217
116.822 39.6217
116.822 39.6217
116.822 39.6217
116.822 39.6217
116.822 39.6217
116.822 39.6217
116.822 39.6217
116.822 39.6217
116.822 39.6217
116.822 39.6217
116.822 39.6217
116.822 39.6217
116.822 39.6218
116.822 39.6218
116.822 39.6218
116.822 39.6218
116.822 39.6219
116.823 39.6219
116.823 39.6219
116.823 39.6219
116.823 39.6219
116.822 39.6218
116.823 39.6219
116.823 39.6219
116.823 39.6219
116.823 39.6219
116.822 39.6219
116.822 39.6219
116.822 39.6219
116.822 39.6219
116.822 39.6219
116.822 39.6219
116.822 39.6219
116.823 39.6219
116.822 39.6219
116.822 39.6219
116.823 39.6219
116.823 39.6219
116.823 39.6219
116.823 39.6219
116.823 39.6219
116.823 39.6219
116.823 39.6219
116.823 39.6219
116.823 39.6219
116.823 39.6219
116.823 39.6219
116.823 39.6219
116.823 39.6219
116.823 39.6219
116.823 39.6219
116.823 39.6219
116.823 39.6219
116.822 39.6218
116.823 39.6219
116.823 39.6219
116.823 39.6219
116.823 39.6219
116.822 39.6218
116.823 39.6219
116.823 39.6219
116.822 39.6218
116.823 39.6219
116.822 39.6219
116.823 39.622
116.823 39.6219
116.823 39.622
116.823 39.6219
116.823 39.6219
116.822 39.6219
116.822 39.6219
116.822 39.6219
116.823 39.6219
116.823 39.6219
116.823 39.6219
116.823 39.6219
116.823 39.6219
116.823 39.6219
116.823 39.6219
116.821 39.6218
116.811 39.6133
116.779 39.5908
116.745 39.6215
116.673 39.6611
116.611 39.7119
116.553 39.7646
116.515 39.8081
116.484 39.8297
116.439 39.831
116.374 39.8305
116.372 39.8412
116.372 39.8412
116.372 39.8412
116.372 39.8412
116.369 39.8362
116.369 39.8361
116.369 39.8361
116.369 39.836
116.369 39.836
116.369 39.8361
116.369 39.8362
116.369 39.8361
116.369 39.8361
116.369 39.8361
116.369 39.836
116.369 39.836
116.369 39.8361
116.369 39.8361
116.369 39.8361
116.369 39.8361
116.369 39.8361
116.369 39.8361
116.369 39.8361
116.369 39.8361
116.369 39.8361
116.369 39.8361
116.369 39.836
116.369 39.836
116.369 39.836
116.369 39.836
116.369 39.8361
116.369 39.8361
116.369 39.8361
116.369 39.8361
116.369 39.8361
116.373 39.8398
116.38 39.8479
116.412 39.8557
116.412 39.8557
116.455 39.877
116.474 39.9069
116.545 39.9079
116.594 39.9101
116.633 39.9191
116.684 39.9153
116.685 39.9261
116.685 39.929
116.685 39.929
116.685 39.9291
116.685 39.9291
116.685 39.9292
116.685 39.929
116.685 39.929
116.685 39.929
116.685 39.929
116.685 39.929
116.685 39.929
116.685 39.929
116.685 39.929
116.686 39.9291
116.685 39.9289
116.685 39.929
116.685 39.9289
116.685 39.929
116.685 39.9291
116.685 39.9289
116.685 39.9291
116.685 39.9291
116.685 39.9291
116.685 39.9291
116.685 39.929
116.685 39.9291
116.685 39.9291
116.685 39.929
116.686 39.9291
116.685 39.929
116.685 39.929
116.685 39.929
116.685 39.929
116.685 39.9291
116.686 39.929
116.686 39.929
116.685 39.9289
116.686 39.9291
116.686 39.929
116.685 39.929
116.686 39.9289
116.685 39.929
116.685 39.929
116.685 39.929
116.685 39.9289
116.685 39.929
116.685 39.9289
116.685 39.9289
116.685 39.9289
116.685 39.9289
116.685 39.929
116.685 39.9289
116.685 39.9291
116.685 39.9291
116.685 39.9291
116.685 39.929
116.685 39.9289
116.685 39.9291
116.685 39.929
116.685 39.929
116.685 39.929
116.685 39.929
116.685 39.9289
116.685 39.929
116.685 39.9289
116.685 39.9289
116.685 39.929
116.686 39.9289
116.686 39.9289
116.685 39.9289
116.685 39.929
116.685 39.929
116.685 39.929
116.685 39.9289
116.685 39.9291
116.685 39.9291
116.685 39.9289
116.685 39.929
116.685 39.929
116.685 39.9289
116.686 39.9287
116.685 39.929
116.685 39.9289
116.685 39.9288
116.685 39.9291
116.685 39.929
116.685 39.9291
116.685 39.929
116.685 39.9292
116.685 39.9292
116.685 39.929
116.685 39.9291
116.685 39.9291
116.686 39.929
116.686 39.9291
116.685 39.929
116.685 39.929
116.685 39.9291
116.685 39.9291
116.685 39.929
116.685 39.9289
116.685 39.929
116.685 39.929
116.685 39.929
116.685 39.929
116.686 39.929
116.686 39.929
116.685 39.929
116.685 39.9289
116.685 39.929
116.685 39.9289
116.685 39.9289
116.685 39.929
116.685 39.929
116.685 39.9289
116.685 39.9289
116.685 39.9288
116.685 39.929
116.685 39.929
116.685 39.9289
116.685 39.9288
116.685 39.9289
116.685 39.9288
116.685 39.9288
116.685 39.9288
116.685 39.9288
116.685 39.9288
116.685 39.929
116.685 39.929
116.685 39.9288
116.685 39.929
116.685 39.9288
116.685 39.9288
116.685 39.9289
116.685 39.929
116.686 39.929
116.686 39.929
116.686 39.929
116.685 39.929
116.685 39.929
116.685 39.9289
116.685 39.929
116.685 39.929
116.685 39.9289
116.686 39.929
116.685 39.929
116.686 39.9289
116.686 39.9289
116.686 39.929
116.685 39.929
116.685 39.9288
116.685 39.9289
116.685 39.9291
116.685 39.929
116.685 39.929
116.685 39.9288
116.685 39.9288
116.685 39.929
116.685 39.9289
116.685 39.929
116.685 39.929
116.685 39.929
116.685 39.929
116.685 39.9292
116.685 39.9291
116.685 39.929
116.685 39.929
116.685 39.929
116.685 39.9291
116.685 39.9291
116.685 39.929
116.68 39.9252
116.651 39.9216
116.633 39.9255
116.615 39.925
116.615 39.925
116.612 39.924
116.585 39.9188
116.585 39.9133
116.561 39.9148
116.537 39.915
116.524 39.9153
116.523 39.9159
116.505 39.9134
116.505 39.9134
116.488 39.9145
116.464 39.9153
116.447 39.9205
116.43 39.9233
116.412 39.9481
116.402 39.9512
116.412 39.9578
116.413 39.9579
116.411 39.9679
116.363 39.9666
116.309 39.9635
116.301 39.9311
116.287 39.9161
116.287 39.9161
116.289 39.9072
116.304 39.901
116.335 39.8962
116.351 39.867
116.401 39.8706
116.42 39.8635
116.421 39.8626
116.419 39.8644
116.396 39.8641
116.393 39.8754
116.414 39.8697
116.429 39.8666
116.42 39.8649
116.416 39.8643
116.427 39.8678
116.428 39.8681
116.424 39.8672
116.446 39.8921
116.45 39.8953
116.439 39.897
116.422 39.8921
116.419 39.8816
116.42 39.8736
116.431 39.8829
116.429 39.9147
116.429 39.9147
116.412 39.9482
116.412 39.9482
116.403 39.9479
116.388 39.9405
116.389 39.9389
116.4 39.9395
116.41 39.9394
116.432 39.9322
116.436 39.9322
116.456 39.9135
116.475 39.9066
116.472 39.9073
116.495 39.9143
116.495 39.9138
116.496 39.9145
116.484 39.93
116.456 39.9754
116.456 39.9763
116.44 39.9699
116.39 39.9673
116.388 39.9655
116.388 39.9655
116.388 39.9655
116.388 39.9656
116.388 39.9655
116.388 39.9655
116.388 39.9655
116.388 39.9655
116.388 39.9654
116.388 39.9654
116.388 39.9655
116.388 39.9654
116.388 39.9654
116.388 39.9654
116.388 39.9655
116.388 39.965
116.388 39.9469
116.388 39.9396
116.388 39.9396
116.39 39.9324
