116.401 39.9674
116.413 39.9676
116.418 39.9675
116.432 39.9609
116.439 39.955
116.455 39.9542
116.455 39.9542
116.457 39.9558
116.443 39.9536
116.433 39.9458
116.412 39.9498
116.438 39.9398
116.451 39.9474
116.477 39.9549
116.49 39.9527
116.492 39.9545
116.487 39.9629
116.484 39.9832
116.493 39.9767
116.485 39.9752
116.486 39.9752
116.508 39.9741
116.528 39.9748
116.528 39.9748
116.488 39.9753
116.484 39.9598
116.443 39.9473
116.429 39.9434
116.397 39.9477
116.349 39.9396
116.35 39.9258
116.348 39.9126
116.347 39.9113
116.346 39.9099
116.347 39.9
116.346 39.8884
116.343 39.8824
116.343 39.8824
116.34 39.838
116.341 39.7963
116.34 39.7291
116.318 39.6538
116.32 39.5709
116.32 39.5178
116.312 39.4768
116.308 39.4748
116.285 39.4326
116.271 39.3966
116.25 39.3599
116.249 39.3131
116.262 39.2319
116.258 39.1931
116.263 39.1494
116.245 39.1165
116.23 39.1183
116.243 39.1156
116.264 39.1422
116.262 39.233
116.25 39.281
116.249 39.3366
116.259 39.3785
116.283 39.4201
116.304 39.4606
116.316 39.4879
116.319 39.53
116.321 39.5819
116.32 39.6197
116.318 39.6653
116.327 39.704
116.34 39.7235
116.339 39.7399
116.339 39.7399
116.336 39.7737
116.341 39.798
116.35 39.8296
116.384 39.8303
116.43 39.8306
116.464 39.8355
116.48 39.8509
116.484 39.8775
116.484 39.9184
116.474 39.93
116.472 39.9227
116.467 39.9285
116.469 39.9297
116.492 39.9218
116.495 39.9239
116.479 39.9236
116.461 39.9283
116.461 39.9283
116.461 39.9296
116.472 39.9323
116.472 39.9219
116.481 39.9219
116.487 39.9144
116.496 39.9144
116.499 39.9145
116.489 39.9145
116.476 39.9667
116.479 39.9698
116.484 39.9753
116.512 40.0001
116.498 39.9868
116.498 39.9868
116.496 39.9706
116.492 39.9753
116.49 39.9753
116.477 39.9829
116.45 39.9591
116.44 39.961
116.416 39.958
116.406 39.9599
116.412 39.9578
116.414 39.9579
116.414 39.9579
116.437 39.9641
116.428 39.9879
116.294 39.9869
116.283 40.0005
116.276 39.9958
116.27 40.0015
116.269 40.0015
116.286 39.9957
116.291 39.9958
116.306 39.9839
116.319 39.9748
116.324 39.9749
116.333 39.9661
116.355 39.9524
116.364 39.9661
116.364 39.9661
116.385 39.9669
116.397 39.9671
116.399 39.9673
116.459 39.9324
116.455 39.9089
116.447 39.8977
116.456 39.9104
116.472 39.9178
116.478 39.9141
116.5 39.9148
116.5 39.9151
116.49 39.9272
116.501 39.9302
116.501 39.9303
116.501 39.9302
116.501 39.9302
116.501 39.9301
116.501 39.9302
116.501 39.9302
116.501 39.9302
116.501 39.9301
116.501 39.9302
116.501 39.9302
116.501 39.9303
116.455 39.916
116.421 39.907
116.42 39.9176
116.419 39.9394
116.413 39.9396
116.433 39.9396
116.46 39.9323
116.47 39.9359
116.472 39.9324
116.501 39.9303
116.501 39.9303
116.474 39.9325
116.445 39.9324
116.44 39.9316
116.474 39.9324
116.505 39.9375
116.525 39.9603
116.496 39.9278
116.483 39.9102
116.483 39.9102
116.489 39.91
116.491 39.927
116.501 39.9302
116.501 39.9302
116.501 39.9302
116.501 39.9302
116.501 39.9302
116.501 39.9302
116.501 39.9302
116.501 39.9302
116.501 39.9302
116.501 39.9302
116.501 39.9302
116.501 39.9302
116.501 39.9302
116.501 39.9303
116.501 39.9302
116.501 39.9303
116.501 39.9302
116.501 39.9302
116.501 39.9302
116.501 39.9302
116.501 39.9303
116.501 39.9302
116.501 39.9302
116.501 39.9302
116.501 39.9303
116.501 39.9302
116.501 39.9302
116.501 39.9302
116.48 39.9587
116.465 39.9912
116.462 40.002
116.464 39.9879
116.463 39.9872
116.457 39.985
116.457 39.985
116.457 39.985
116.457 39.985
116.457 39.985
116.457 39.985
116.438 39.9682
116.35 39.9434
116.349 39.943
116.349 39.9567
116.35 39.9214
116.343 39.8749
116.31 39.8667
116.307 39.8678
116.328 39.8885
116.373 39.8879
116.432 39.8922
116.455 39.8881
116.456 39.8846
116.439 39.9072
116.408 39.9108
116.42 39.9298
116.426 39.9562
116.436 39.9582
116.439 39.96
116.439 39.96
116.439 39.96
116.436 39.9646
116.455 39.988
116.457 39.9978
116.473 40.0008
116.468 40.0006
116.468 40.0006
116.443 39.9941
116.443 39.9941
116.457 39.9947
116.456 39.9945
116.456 39.9941
116.46 39.9814
116.454 39.9622
116.455 39.9462
116.445 39.9216
116.438 39.912
116.455 39.9122
116.456 39.9399
116.475 39.9544
116.472 39.9654
116.479 39.9757
116.498 39.9836
116.498 39.9844
116.498 39.9844
116.497 39.9866
116.497 39.9866
116.497 39.9867
116.489 39.9915
116.489 39.9915
116.489 39.9915
116.489 39.9915
116.489 39.9916
116.511 39.9784
116.51 39.975
116.51 39.975
116.51 39.9753
116.51 39.9753
116.51 39.9751
116.51 39.9752
116.51 39.9752
116.51 39.9752
116.51 39.9751
116.51 39.9752
116.51 39.9752
116.497 39.9674
116.497 39.9677
116.484 39.979
116.485 39.9777
116.478 39.9754
116.486 39.9586
116.462 39.9516
116.462 39.9516
116.46 39.9583
116.453 39.9549
116.453 39.9547
116.453 39.9547
116.452 39.9551
116.46 39.9673
116.485 39.9757
116.484 39.9759
116.481 39.9779
116.472 39.9643
116.483 39.9188
116.499 39.9147
116.495 39.9173
116.501 39.9165
116.485 39.9219
116.472 39.922
116.472 39.9124
116.463 39.9108
116.454 39.9035
116.454 39.9035
116.459 39.907
116.472 39.9053
116.47 39.8922
116.47 39.8922
116.467 39.8921
116.465 39.8921
116.456 39.9044
116.47 39.9061
116.47 39.8922
116.469 39.8923
116.467 39.8922
116.455 39.8689
116.423 39.857
116.403 39.8558
116.394 39.857
116.394 39.8677
116.422 39.8698
116.439 39.8746
116.436 39.8976
116.421 39.9034
116.421 39.9034
116.422 39.9035
116.422 39.9035
116.422 39.9035
116.43 39.8993
116.431 39.9021
116.448 39.907
116.456 39.9102
116.456 39.9272
116.456 39.9272
116.456 39.944
116.442 39.9606
116.445 39.9653
116.441 39.9618
116.451 39.951
116.453 39.9475
116.452 39.9324
116.452 39.9271
116.451 39.9271
116.439 39.9256
116.421 39.923
116.42 39.9122
116.421 39.9074
116.421 39.9042
116.412 39.9079
116.409 39.908
116.407 39.9082
116.412 39.9073
116.426 39.907
116.429 39.9156
116.438 39.9206
116.436 39.9191
116.436 39.9191
116.434 39.9073
116.433 39.9072
116.433 39.9064
116.448 39.907
116.456 39.9304
116.456 39.9318
116.466 39.9324
116.465 39.9414
116.465 39.9502
116.468 39.9447
116.456 39.9325
116.452 39.9539
116.432 39.9672
116.386 39.9671
116.355 39.9664
116.345 39.9664
116.335 39.9663
116.31 39.9639
116.304 39.9389
116.304 39.9275
116.304 39.9126
116.304 39.9001
116.304 39.8846
116.299 39.8772
116.277 39.8612
116.278 39.8425
116.28 39.8407
116.278 39.8522
116.27 39.8802
116.305 39.8957
116.314 39.8954
116.315 39.8949
116.323 39.905
116.329 39.912
116.345 39.9126
116.351 39.9107
116.357 39.9126
116.368 39.9083
116.368 39.9083
116.358 39.9169
116.368 39.9763
116.368 39.9763
116.364 39.9745
116.364 39.9675
116.388 39.9671
116.409 39.9679
116.411 39.9676
116.426 39.9531
116.419 39.9399
116.42 39.9316
116.42 39.9316
116.42 39.9316
116.42 39.9316
116.432 39.9481
116.483 39.9873
116.551 40.0283
116.584 40.0579
116.587 40.079
116.581 40.0711
116.563 40.07
116.565 40.0711
116.565 40.071
116.565 40.071
116.565 40.0711
116.565 40.071
116.565 40.071
116.565 40.071
116.565 40.071
116.565 40.071
116.565 40.071
116.565 40.071
116.565 40.071
116.565 40.071
116.565 40.071
116.565 40.071
116.565 40.071
116.565 40.071
116.565 40.071
116.564 40.071
116.569 40.0634
116.572 40.0632
116.58 40.0624
116.582 40.0641
116.582 40.0641
116.582 40.0641
116.582 40.0682
116.582 40.0682
116.581 40.0735
116.581 40.0735
116.581 40.0754
116.581 40.0764
116.582 40.0764
116.587 40.0778
116.587 40.0785
116.566 40.0349
116.483 39.9875
116.456 39.9479
116.464 39.9455
116.469 39.9397
116.469 39.9364
116.481 39.9577
116.427 39.988
116.415 39.9888
116.399 39.9899
116.404 39.9672
116.404 39.9673
116.408 39.9802
116.419 39.9638
116.419 39.9638
116.419 39.949
116.419 39.949
116.426 39.9526
116.426 39.9526
116.426 39.9526
116.426 39.9526
116.426 39.9528
116.426 39.9535
116.412 39.9596
116.401 39.956
116.401 39.956
116.408 39.9394
116.437 39.9397
116.448 39.9354
116.444 39.9256
116.44 39.9257
116.439 39.9256
116.439 39.9256
116.439 39.9255
116.438 39.9259
116.438 39.9259
116.438 39.9257
116.438 39.9267
116.438 39.927
116.438 39.9269
116.437 39.9281
116.437 39.9284
116.438 39.9288
116.437 39.9289
116.358 39.9449
116.358 39.9404
116.349 39.958
116.328 39.9665
116.323 39.9672
116.319 39.9661
116.295 39.9628
116.301 39.9523
116.301 39.9524
116.301 39.9523
116.301 39.9524
116.301 39.9523
116.301 39.9523
116.301 39.9523
116.301 39.9523
116.301 39.9525
116.301 39.9525
116.302 39.9525
116.32 39.9659
116.406 39.9675
116.448 39.9566
116.492 39.996
116.559 40.0316
116.559 40.0316
116.579 40.0467
116.587 40.077
116.587 40.0786
116.582 40.0669
116.557 40.0594
116.564 40.0471
116.564 40.0471
116.564 40.0471
116.564 40.0471
116.564 40.0471
116.564 40.0471
116.564 40.0471
116.564 40.0471
116.564 40.047
116.564 40.047
116.566 40.0405
116.55 40.0269
116.521 40.0165
116.494 39.9961
116.49 39.9907
116.49 39.9907
116.49 39.9907
116.485 39.9866
116.473 39.971
116.484 39.9657
116.462 39.9718
116.457 39.9749
116.464 39.9838
116.474 39.9704
116.492 39.96
116.493 39.9564
116.493 39.963
116.493 39.9629
116.483 39.953
116.482 39.9072
116.472 39.9073
116.472 39.9041
116.472 39.9023
116.472 39.903
116.472 39.9053
116.475 39.9142
116.477 39.9141
116.484 39.9322
116.477 39.9609
116.483 39.9703
116.51 39.9752
116.526 39.9762
116.503 39.9714
116.493 39.9713
116.494 39.9728
116.493 39.9731
116.493 39.9731
116.49 39.9912
116.508 40.0092
116.508 40.0096
116.508 40.0095
116.508 40.0095
116.508 40.0095
116.508 40.0096
116.508 40.0093
116.508 40.0095
116.508 40.0094
116.508 40.0093
116.508 40.0092
116.508 40.0095
116.505 40.0069
116.489 39.9923
116.493 39.9789
116.484 39.9757
116.484 39.9756
116.484 39.9756
116.484 39.9763
116.484 39.9763
116.477 39.9828
116.442 39.9839
116.415 39.9877
116.414 39.9877
116.413 39.9876
116.368 39.9954
116.37 39.9988
116.359 40.0001
116.363 39.9874
116.364 39.9757
116.364 39.9674
116.393 39.9672
116.412 39.9709
116.418 39.9789
116.444 39.9822
116.456 39.9844
116.457 39.985
116.457 39.985
116.457 39.9849
116.457 39.985
116.457 39.9851
116.457 39.9851
116.457 39.9851
116.457 39.985
116.457 39.9851
116.457 39.985
116.457 39.985
116.457 39.985
116.457 39.985
116.457 39.985
116.457 39.9851
116.457 39.985
116.456 39.9847
116.394 39.9869
116.368 39.9954
116.374 39.9796
116.374 39.9793
116.36 39.9665
116.308 39.9631
116.304 39.9248
116.302 39.8957
116.313 39.8956
116.323 39.9007
116.323 39.9046
116.35 39.9059
116.381 39.906
116.401 39.9066
116.42 39.907
116.454 39.9073
116.454 39.9073
116.452 39.9126
116.445 39.9216
116.431 39.9265
116.431 39.9265
116.431 39.9288
116.437 39.9323
116.45 39.9323
116.456 39.947
116.461 39.9494
116.459 39.946
116.447 39.9399
116.444 39.9258
116.444 39.9236
116.444 39.9236
116.444 39.915
116.438 39.9085
116.438 39.9067
116.436 39.9057
116.449 39.9069
116.459 39.9165
116.467 39.9229
116.469 39.9383
116.467 39.9516
116.473 39.9636
116.481 39.967
116.481 39.967
116.481 39.9669
116.481 39.9669
116.481 39.9669
116.481 39.9669
116.49 39.9608
116.492 39.9526
116.493 39.957
116.479 39.9594
116.457 39.9601
116.452 39.9585
116.459 39.9588
116.475 39.9699
116.489 39.9914
116.496 39.9964
116.497 39.9792
116.492 39.9753
116.491 39.9753
116.484 39.9752
116.486 39.9652
116.469 39.9989
116.47 39.9999
116.452 39.9995
116.438 39.9871
116.385 39.9867
116.347 39.9923
116.344 39.9993
116.347 39.9876
116.355 39.9638
116.351 39.9638
116.373 39.9666
116.393 39.9671
116.393 39.9671
116.393 39.9669
116.393 39.9669
116.393 39.967
116.393 39.9671
116.393 39.9671
116.418 39.9677
116.429 39.9565
116.444 39.9463
116.46 39.9585
116.46 39.9585
116.46 39.9584
116.46 39.9582
116.441 39.9615
116.419 39.9561
116.43 39.9582
116.443 39.964
116.448 39.9789
116.464 39.9911
116.453 39.9958
116.461 40.0024
116.462 39.9987
116.471 39.9792
116.493 39.9725
116.477 39.9829
116.471 39.9784
116.412 39.9874
116.346 40.0057
116.349 39.992
116.363 39.986
116.382 39.9759
116.388 39.9706
116.411 39.9478
116.433 39.9389
116.4 39.9477
116.35 39.9473
116.301 39.9693
116.324 39.975
116.347 39.968
116.347 39.968
116.365 39.9662
116.364 39.9662
116.364 39.9663
116.37 39.9665
116.418 39.9677
116.445 39.9684
116.449 39.979
116.457 39.985
116.457 39.985
116.457 39.985
116.457 39.985
116.457 39.9851
116.457 39.985
116.457 39.985
116.457 39.985
116.457 39.985
116.457 39.985
116.457 39.9851
116.457 39.985
116.457 39.985
116.457 39.985
116.457 39.985
116.457 39.985
116.457 39.985
116.457 39.985
116.457 39.985
116.457 39.985
116.457 39.985
116.457 39.985
116.457 39.985
116.457 39.985
116.457 39.985
116.457 39.985
116.457 39.985
116.457 39.985
116.457 39.985
116.457 39.985
116.457 39.985
116.457 39.985
116.457 39.985
116.457 39.985
116.457 39.985
116.457 39.985
116.457 39.985
116.457 39.985
116.457 39.985
116.457 39.985
116.457 39.985
116.457 39.985
116.457 39.985
116.457 39.985
116.457 39.985
116.457 39.985
116.457 39.985
116.457 39.985
116.457 39.985
116.457 39.985
116.457 39.985
116.457 39.985
116.457 39.985
116.457 39.985
116.456 39.9847
116.448 39.9805
116.457 39.9945
116.554 40.0292
116.582 40.0496
116.582 40.0714
116.587 40.0785
116.582 40.0767
116.582 40.0642
116.556 40.0625
116.531 40.0476
116.505 40.0284
116.471 40.0219
116.461 40.006
116.459 39.9865
116.442 39.9932
116.457 39.9899
116.46 39.9869
116.448 39.9783
116.452 39.9654
116.441 39.971
116.388 39.9673
116.387 39.9477
116.349 39.9358
116.35 39.9053
116.339 39.8887
116.347 39.8879
116.367 39.8878
116.378 39.888
116.415 39.8918
116.442 39.8922
116.456 39.9014
116.484 39.9214
116.484 39.9342
116.483 39.9699
116.484 39.9725
116.49 39.9701
116.49 39.9702
116.496 39.9707
116.495 39.9705
116.496 39.9706
116.494 39.9707
116.494 39.9728
116.494 39.9727
116.498 39.9843
116.498 39.9843
116.489 39.9915
116.49 39.9915
116.489 39.9915
116.489 39.9915
116.489 39.9915
116.489 39.9915
116.489 39.9915
116.491 39.9869
116.512 39.9764
116.494 39.9706
116.474 39.9705
116.462 39.9572
116.468 39.9444
116.468 39.9453
116.468 39.9444
116.483 39.931
116.484 39.8991
116.488 39.892
116.471 39.892
116.456 39.8965
116.456 39.8977
116.456 39.8981
116.485 39.9086
116.477 39.9324
116.477 39.9322
116.478 39.9322
116.466 39.9293
116.461 39.9249
116.456 39.9221
116.455 39.914
116.393 39.9063
116.389 39.8894
116.389 39.8894
116.367 39.888
116.361 39.885
116.361 39.885
116.357 39.8875
116.358 39.8979
116.368 39.9026
116.368 39.9049
116.369 39.9076
116.37 39.9076
116.37 39.9089
116.37 39.9096
116.368 39.9097
116.362 39.9058
116.342 39.8953
116.336 39.8793
116.33 39.8718
116.321 39.8808
116.321 39.8816
116.343 39.8857
116.35 39.8722
116.355 39.8703
116.356 39.8718
116.358 39.8696
116.358 39.862
116.381 39.8557
116.408 39.8468
116.407 39.8454
116.408 39.8535
116.409 39.8555
116.432 39.8573
116.441 39.8367
116.448 39.8183
116.446 39.8052
116.437 39.8037
116.437 39.8037
116.419 39.8023
116.413 39.8016
116.417 39.7936
116.416 39.796
116.412 39.7981
116.416 39.8019
116.434 39.8034
116.449 39.8057
116.449 39.8057
116.448 39.8227
116.474 39.841
116.455 39.8775
116.455 39.9186
116.456 39.9418
116.458 39.9479
116.462 39.9498
116.464 39.9335
116.466 39.9339
116.459 39.9325
116.455 39.9214
116.44 39.9071
116.405 39.9066
116.382 39.906
116.36 39.9059
116.36 39.9059
116.331 39.9063
116.334 39.9012
116.323 39.8974
116.333 39.8962
116.323 39.9058
116.337 39.9126
116.344 39.9126
116.35 39.9203
116.35 39.9369
116.362 39.9462
116.362 39.9461
116.362 39.9462
116.369 39.9472
116.389 39.9391
116.4 39.9395
116.405 39.9394
116.411 39.9402
116.412 39.95
116.419 39.9487
116.428 39.9361
116.438 39.9329
116.446 39.9323
116.456 39.9119
116.469 39.909
116.469 39.9089
116.455 39.891
116.456 39.8669
116.461 39.8699
116.483 39.871
116.505 39.9066
116.517 39.9142
116.517 39.9142
116.5 39.9149
116.499 39.9148
116.505 39.9148
116.506 39.9148
116.494 39.9147
116.481 39.9074
116.468 39.9058
116.461 39.8959
116.471 39.8993
116.457 39.896
116.456 39.8976
116.456 39.8976
116.456 39.8976
116.455 39.9223
116.462 39.9686
116.52 40.0175
116.52 40.0175
116.58 40.0474
116.587 40.0779
116.582 40.0684
116.563 40.0657
116.564 40.0642
116.555 40.0545
116.555 40.0545
116.567 40.0453
116.567 40.0424
116.466 39.9728
116.404 39.9872
116.269 39.9282
116.256 39.9274
116.258 39.9279
116.275 39.9229
116.304 39.9255
116.322 39.9269
116.327 39.931
116.327 39.931
116.349 39.931
116.349 39.931
116.349 39.9552
116.342 39.9568
116.354 39.9465
116.355 39.951
116.365 39.9536
116.348 39.9059
116.33 39.9062
116.323 39.8958
116.352 39.9124
116.368 39.9137
116.385 39.9319
116.396 39.9319
116.396 39.9319
116.411 39.9174
116.412 39.9085
116.411 39.9082
116.412 39.9079
116.428 39.9312
116.442 39.9607
116.445 39.9657
116.452 39.9539
116.462 39.947
116.462 39.947
116.462 39.9465
116.449 39.9266
116.449 39.9267
116.449 39.9267
116.449 39.9267
116.449 39.9267
116.449 39.9268
116.449 39.9275
116.466 39.9323
116.495 39.9346
116.523 39.9403
116.541 39.9433
116.536 39.9404
116.492 39.9338
116.482 39.8748
116.471 39.885
116.47 39.8944
116.456 39.9017
116.456 39.9119
116.471 39.9058
116.471 39.9056
116.471 39.9058
116.47 39.9057
116.469 39.9057
116.469 39.9057
116.469 39.9059
116.469 39.9058
116.469 39.906
116.469 39.9058
116.469 39.9059
116.469 39.9058
116.469 39.9057
116.469 39.9058
116.469 39.9058
116.469 39.9058
116.468 39.9059
116.472 39.9193
116.461 39.922
116.449 39.9342
116.448 39.9344
116.441 39.9323
116.455 39.9123
116.459 39.8912
116.459 39.8898
116.456 39.8918
116.452 39.8938
116.433 39.8949
116.421 39.9034
116.421 39.9034
116.421 39.9034
116.421 39.9034
116.421 39.9034
116.421 39.9034
116.421 39.9034
116.421 39.9034
116.421 39.9034
116.421 39.9034
116.421 39.9034
116.421 39.9034
116.422 39.9034
116.422 39.9034
116.422 39.9034
116.422 39.9034
116.422 39.9036
116.422 39.9036
116.438 39.873
116.42 39.871
116.418 39.873
116.425 39.8869
116.418 39.8992
116.421 39.9034
116.421 39.9034
116.421 39.9034
116.421 39.9034
116.421 39.9034
116.421 39.9034
116.421 39.9034
116.421 39.9034
116.421 39.9034
116.421 39.9034
116.422 39.9035
116.44 39.8764
116.416 39.8721
116.416 39.8721
116.424 39.8893
116.423 39.8914
116.421 39.8991
116.422 39.9034
116.43 39.9045
116.471 39.9024
116.456 39.8922
116.446 39.896
116.456 39.9064
116.449 39.9119
116.455 39.9021
116.455 39.9014
116.428 39.8799
116.432 39.8672
116.419 39.8569
116.408 39.8447
116.415 39.8445
116.415 39.8444
116.415 39.8445
116.415 39.8445
116.415 39.8445
116.408 39.8492
116.417 39.856
116.455 39.8746
116.455 39.9257
116.461 39.9595
116.48 39.9699
116.491 39.9705
116.492 39.9704
116.492 39.9704
116.492 39.9704
116.492 39.9704
116.492 39.9704
116.492 39.9703
116.492 39.9704
116.493 39.9726
116.494 39.9725
116.497 39.9792
116.494 39.9792
116.485 39.9643
116.491 39.9527
116.489 39.9527
116.491 39.9605
116.488 39.9627
116.473 39.9957
116.473 40.0018
116.455 39.9995
116.455 39.9995
116.457 39.9936
116.466 39.9826
116.474 39.9845
116.45 39.9589
116.444 39.9219
116.435 39.9137
116.438 39.9091
116.444 39.915
116.444 39.9078
116.455 39.8718
116.457 39.8748
116.465 39.883
116.471 39.8831
116.471 39.8924
116.472 39.9065
116.479 39.9224
116.479 39.9224
116.469 39.9361
116.486 39.9592
116.497 39.9675
116.516 39.9783
116.508 39.9741
116.504 39.9532
116.493 39.9547
116.484 39.9647
116.493 39.9576
116.49 39.9543
116.484 39.965
116.484 39.9864
116.48 39.9893
116.473 40.0001
116.468 40.0041
116.467 40.0008
116.531 40.0046
116.467 39.9991
116.461 40.0021
116.451 39.9543
116.448 39.9255
116.448 39.9255
116.446 39.925
116.444 39.9355
116.432 39.9822
116.441 39.9843
116.452 39.9876
116.467 39.993
116.467 39.993
116.47 39.9804
116.443 39.9539
116.435 39.9414
116.429 39.9128
116.409 39.9074
116.418 39.9141
116.42 39.9321
116.435 39.9323
116.451 39.9323
116.463 39.9179
116.463 39.9171
116.472 39.9215
116.512 39.9181
116.507 39.915
116.476 39.9142
116.456 39.9231
116.454 39.9478
116.434 39.9467
116.433 39.9582
116.454 39.9537
116.476 39.9668
116.489 39.9615
116.493 39.9553
116.489 39.9616
116.469 39.9746
116.541 40.025
116.559 40.0494
116.559 40.0491
116.566 40.0324
116.522 40.0168
116.489 39.9925
116.491 39.9896
116.491 39.9896
116.48 39.9892
116.458 40.0036
116.435 39.9879
116.401 39.9755
116.402 39.944
116.402 39.944
116.408 39.9395
116.45 39.9325
116.45 39.9335
116.444 39.9379
116.427 39.9399
116.416 39.9433
116.411 39.9478
116.411 39.9478
116.422 39.9317
116.422 39.9315
116.449 39.9324
116.457 39.9067
116.461 39.9068
116.472 39.9102
116.498 39.9146
116.524 39.9159
116.524 39.9159
116.515 39.9187
116.515 39.9187
116.515 39.9187
116.515 39.919
116.511 39.9377
116.509 39.9455
116.516 39.9433
116.524 39.9324
116.524 39.9264
116.505 39.922
116.484 39.9498
116.432 39.9877
116.428 39.9874
116.428 39.9834
116.419 39.972
116.419 39.9721
116.418 39.9871
116.397 39.9933
116.398 39.9933
116.405 39.987
116.406 39.987
116.466 39.9683
116.483 39.9223
116.483 39.9223
116.511 39.9218
116.512 39.9174
116.512 39.918
116.467 39.9219
116.446 39.9579
116.455 39.9348
116.454 39.9325
116.45 39.9325
116.455 39.9543
116.451 39.9549
116.442 39.9634
116.435 39.9651
116.375 39.9725
116.373 39.9843
116.374 39.9809
116.342 39.9856
116.347 39.9851
116.352 39.9802
116.364 39.9669
116.374 39.9651
116.394 39.9671
116.395 39.9671
116.418 39.9782
116.432 39.9821
116.433 39.9819
116.446 39.9709
116.446 39.9709
116.451 39.9872
116.453 39.9877
116.472 39.9785
116.477 39.9754
116.497 39.9669
116.494 39.964
116.475 39.9699
116.471 39.9718
116.433 39.9874
116.411 40.0016
116.412 40.0311
116.406 40.0324
116.406 40.0324
116.406 40.0324
116.406 40.0324
116.402 40.0207
116.369 40.004
116.374 39.9673
116.34 39.9568
116.336 39.9545
116.347 39.9567
116.348 39.9567
116.34 39.8323
116.33 39.8149
116.329 39.8081
116.338 39.8212
116.341 39.8308
116.366 39.8299
116.44 39.8308
116.476 39.8672
116.478 39.8702
116.471 39.8924
116.456 39.9074
116.463 39.9161
116.467 39.9293
116.463 39.9286
116.444 39.9593
116.376 39.9669
116.333 39.9679
116.385 39.9501
116.339 39.9221
116.295 39.9228
116.28 39.9203
116.292 39.9226
116.293 39.9226
116.333 39.9218
116.368 39.9227
116.4 39.9229
116.427 39.923
116.448 39.922
116.472 39.9216
116.497 39.9303
116.497 39.9303
116.501 39.9303
116.501 39.9303
116.501 39.9303
116.501 39.9302
116.496 39.933
116.458 39.9325
116.436 39.9324
116.396 39.9477
116.349 39.9348
116.411 39.9322
116.419 39.9628
116.421 39.9809
116.421 39.9809
116.419 39.9679
116.448 39.9399
116.441 39.9316
116.441 39.932
116.46 39.9585
116.477 39.9755
116.477 39.9756
116.489 39.9707
116.488 39.9707
116.488 39.9634
116.476 39.9701
116.475 39.9703
116.454 39.9532
116.454 39.9532
116.449 39.9357
116.449 39.9352
116.455 39.9519
116.434 39.9846
116.428 39.9825
116.425 39.985
116.425 39.985
116.425 39.985
116.475 39.9621
116.467 39.9325
116.467 39.9325
116.464 39.9306
116.465 39.9292
116.465 39.9292
116.465 39.9292
116.465 39.9292
116.466 39.9293
116.472 39.9097
116.462 39.9072
116.471 39.9297
116.476 39.9324
116.466 39.9683
116.418 39.9946
116.418 39.9967
116.418 39.9819
116.419 39.9536
116.419 39.9536
116.42 39.9265
116.403 39.9067
116.389 39.9016
116.398 39.9063
116.412 39.9089
116.412 39.9123
116.428 39.9203
116.438 39.8721
116.393 39.867
116.395 39.8331
116.372 39.8199
116.371 39.8127
116.373 39.8224
116.381 39.8285
116.38 39.8419
116.396 39.8555
116.408 39.8554
116.431 39.8574
116.396 39.8559
116.376 39.8695
116.343 39.8974
116.314 39.895
116.315 39.8948
116.315 39.8948
116.307 39.8955
116.307 39.8955
116.308 39.8955
116.304 39.9267
116.315 39.9659
116.329 39.9753
116.327 39.9843
116.315 39.9987
116.31 39.9975
116.316 39.9911
116.339 39.985
116.363 39.9858
116.367 39.9858
116.365 39.9572
116.405 39.9676
116.439 39.9599
116.439 39.9599
116.439 39.9599
116.452 39.954
116.452 39.9549
116.453 39.953
116.461 39.9245
116.461 39.9233
116.468 39.9441
116.48 39.9586
116.472 39.9654
116.473 39.9706
116.484 39.9863
116.505 39.9994
116.515 39.9965
116.501 40.0024
116.501 40.0024
116.501 40.0024
116.501 40.0024
116.501 40.0024
116.501 40.0024
116.501 40.0024
116.501 40.0024
116.501 40.0024
116.501 40.0024
116.501 40.0024
116.501 40.0023
116.501 40.0023
116.501 40.0023
116.501 40.0024
116.501 40.0023
116.501 40.0024
116.501 40.0023
116.501 40.0024
116.501 40.0023
116.501 40.0024
116.501 40.0024
116.501 40.0023
116.501 40.0024
116.501 40.0024
116.501 40.0024
116.501 40.0024
116.501 40.0024
116.501 40.0024
116.501 40.0024
116.501 40.0024
116.501 40.0024
116.501 40.0024
116.501 40.0024
116.501 40.0024
116.501 40.0024
116.501 40.0024
116.501 40.0025
116.501 40.0024
116.501 40.0024
116.501 40.0025
116.501 40.0024
116.501 40.0024
116.501 40.0025
116.501 40.0024
116.501 40.0024
116.501 40.0024
116.501 40.0024
116.501 40.0024
116.501 40.0024
116.501 40.0024
116.501 40.0024
116.501 40.0024
116.501 40.0024
116.501 40.0024
116.501 40.0024
116.501 40.0024
116.501 40.0024
116.501 40.0024
116.501 40.0024
116.501 40.0025
116.501 40.0024
116.501 40.0024
116.501 40.0024
116.501 40.0024
116.501 40.0024
116.501 40.0023
116.501 40.0023
116.501 40.0024
116.501 40.0024
116.501 40.0024
116.501 40.0023
116.501 40.0023
116.381 39.8473
116.381 39.8473
116.501 40.0023
116.501 40.0024
116.501 40.0023
116.501 40.0023
116.501 40.0023
116.501 40.0024
116.501 40.0023
116.501 40.0024
116.501 40.0024
116.501 40.0024
116.501 40.0024
116.501 40.0023
116.501 40.0023
116.501 40.0023
116.501 40.0023
116.501 40.0023
116.501 40.0024
116.501 40.0023
116.501 40.0023
116.501 40.0023
116.501 40.0023
116.501 40.0023
116.501 40.0024
116.501 40.0023
116.501 40.0024
116.501 40.0024
116.501 40.0024
116.501 40.0024
116.501 40.0024
116.501 40.0024
116.501 40.0024
116.501 40.0024
116.501 40.0024
116.501 40.0024
116.501 40.0024
116.501 40.0024
116.501 40.0024
116.501 40.0024
116.501 40.0024
116.501 40.0024
116.501 40.0024
116.501 40.0024
116.501 40.0024
116.501 40.0024
116.501 40.0024
116.501 40.0024
116.501 40.0024
116.501 40.0024
116.501 40.0024
116.501 40.0024
116.501 40.0024
116.501 40.0024
116.501 40.0024
116.501 40.0024
116.501 40.0024
116.501 40.0023
116.501 40.0024
116.501 40.0024
116.501 40.0024
116.501 40.0024
116.501 40.0024
116.501 40.0024
116.501 40.0024
116.501 40.0024
116.501 40.0024
116.501 40.0024
116.501 40.0024
116.501 40.0024
116.501 40.0024
116.501 40.0023
116.501 40.0023
116.501 40.0023
116.501 40.0024
116.501 40.0024
116.501 40.0023
116.501 40.0023
116.501 40.0024
116.501 40.0024
116.501 40.0024
116.501 40.0024
116.501 40.0024
116.501 40.0024
116.501 40.0024
116.501 40.0024
116.501 40.0024
116.501 40.0024
116.501 40.0023
116.501 40.0023
116.501 40.0024
116.501 40.0024
116.501 40.0023
116.501 40.0023
116.501 40.0024
116.501 40.0024
116.501 40.0024
116.501 40.0024
116.501 40.0024
116.501 40.0024
116.501 40.0024
116.501 40.0024
116.501 40.0024
116.501 40.0024
116.501 40.0024
116.501 40.0024
116.501 40.0024
116.501 40.0024
116.501 40.0024
116.501 40.0024
116.501 40.0023
116.501 40.0024
116.501 40.0024
116.501 40.0024
116.501 40.0024
116.501 40.0024
116.501 40.0024
116.501 40.0024
116.501 40.0024
116.501 40.0024
116.501 40.0023
116.501 40.0024
116.501 40.0024
116.501 40.0024
116.501 40.0024
116.501 40.0024
116.501 40.0024
116.501 40.0024
116.501 40.0024
116.501 40.0024
116.501 40.0024
116.386 39.7189
116.386 39.7189
116.501 40.0024
116.501 40.0023
116.501 40.0024
116.501 40.0024
116.501 40.0024
116.501 40.0023
116.501 40.0024
116.501 40.0023
116.501 40.0023
116.501 40.0024
116.501 40.0024
116.501 40.0024
116.501 40.0024
116.501 40.0024
116.501 40.0023
116.501 40.0023
116.501 40.0023
116.501 40.0023
116.501 40.0024
116.501 40.0024
116.501 40.0024
116.501 40.0024
116.501 40.0024
116.501 40.0024
116.501 40.0024
116.501 40.0024
116.501 40.0023
116.501 40.0024
116.501 40.0023
116.501 40.0024
116.501 40.0024
116.501 40.0024
116.501 40.0024
116.501 40.0023
116.501 40.0024
116.501 40.0024
116.501 40.0024
116.501 40.0023
116.501 40.0023
116.501 40.0023
116.501 40.0023
116.501 40.0023
116.501 40.0024
116.501 40.0024
116.501 40.0024
116.501 40.0023
116.501 40.0023
116.501 40.0024
116.501 40.0023
116.501 40.0024
116.501 40.0023
116.501 40.0023
116.501 40.0023
116.501 40.0023
116.501 40.0023
116.501 40.0024
116.501 40.0024
116.501 40.0023
116.501 40.0023
116.501 40.0024
116.501 40.0024
116.501 40.0023
116.501 40.0024
116.501 40.0024
116.501 40.0023
116.501 40.0023
116.501 40.0024
116.501 40.0024
116.501 40.0024
116.501 40.0024
116.501 40.0023
116.501 40.0024
116.501 40.0024
116.501 40.0024
116.501 40.0024
116.501 40.0024
116.501 40.0024
116.501 40.0024
116.501 40.0023
116.501 40.0024
116.501 40.0023
116.501 40.0023
116.501 40.0023
116.501 40.0024
116.501 40.0024
116.501 40.0024
116.501 40.0024
116.501 40.0024
116.501 40.0024
116.501 40.0024
116.501 40.0024
116.501 40.0024
116.501 40.0024
116.501 40.0024
116.501 40.0024
116.501 40.0024
116.501 40.0024
116.501 40.0023
116.501 40.0024
116.491 39.9894
116.496 39.9868
116.484 39.9887
116.45 39.9549
116.447 39.9505
116.427 39.9477
116.405 39.9478
116.382 39.9501
116.389 39.9579
116.396 39.9665
116.411 39.9676
116.415 39.9677
116.423 39.9647
116.422 39.9643
116.444 39.9541
116.438 39.9454
116.421 39.9485
116.416 39.9483
116.414 39.9483
116.413 39.9482
116.411 39.9481
116.41 39.9486
116.419 39.9476
116.444 39.9425
116.471 39.9528
116.49 39.9543
116.484 39.9664
116.467 39.9825
116.463 39.9965
116.476 40.0004
116.459 40.0001
116.424 39.9879
116.418 39.9742
116.418 39.9742
116.424 39.9713
116.418 39.9729
116.447 39.9807
116.457 39.9955
116.466 40.0064
116.467 40.0096
116.466 40.0039
116.461 39.9888
116.457 39.9901
116.476 39.9913
116.508 40.0105
116.514 40.0118
116.514 40.0118
116.494 39.9961
116.495 39.9792
116.484 39.9695
116.484 39.9689
116.483 39.9673
116.485 39.9646
116.483 39.9576
116.485 39.9618
116.485 39.9597
116.484 39.9234
116.437 39.9006
116.425 39.8924
116.444 39.8922
116.469 39.8919
116.474 39.8992
116.467 39.8921
116.472 39.8972
116.456 39.8921
116.421 39.8976
116.421 39.9049
116.42 39.9211
116.42 39.9211
116.438 39.9197
116.438 39.9197
116.438 39.9197
116.439 39.9209
116.444 39.9256
116.444 39.9451
116.462 39.9537
116.484 39.9578
116.493 39.9574
116.473 39.9536
116.455 39.9324
