116.42 39.9682
116.402 39.9679
116.407 39.9818
116.411 39.9821
116.411 39.9821
116.412 39.9695
116.412 39.9631
116.418 39.9578
116.441 39.9613
116.446 39.9677
116.418 39.9732
116.419 39.9871
116.431 39.982
116.431 39.9821
116.431 39.982
116.431 39.982
116.418 39.9781
116.421 39.982
116.416 39.9877
116.361 39.9859
116.32 39.9847
116.3 39.9841
116.302 39.9616
116.305 39.9407
116.334 39.9373
116.302 39.9421
116.304 39.9444
116.3 39.9757
116.305 39.9786
116.305 39.9786
116.311 39.9743
116.317 39.9532
116.319 39.9389
116.339 39.9372
116.35 39.9287
116.35 39.9144
116.342 39.8941
116.361 39.8681
116.362 39.8693
116.358 39.8727
116.365 39.8772
116.368 39.8861
116.368 39.8951
116.368 39.896
116.368 39.8969
116.357 39.8981
116.329 39.8962
116.323 39.9034
116.331 39.9127
116.341 39.9126
116.347 39.9125
116.355 39.9126
116.359 39.9205
116.362 39.9289
116.371 39.9314
116.396 39.932
116.41 39.9321
116.419 39.9322
116.427 39.9323
116.437 39.9324
116.438 39.9373
116.439 39.9429
116.439 39.9509
116.441 39.9613
116.422 39.9681
116.404 39.9676
116.384 39.9673
116.375 39.9739
116.351 40.0173
116.373 39.9855
116.392 39.9866
116.402 39.9905
116.401 39.9933
116.401 39.991
116.401 39.9744
116.404 39.971
116.404 39.9673
116.412 39.9559
116.419 39.9486
116.419 39.9486
116.428 39.9243
116.443 39.9219
116.438 39.9321
116.426 39.9344
116.42 39.9381
116.428 39.9423
116.435 39.9471
116.435 39.9471
116.435 39.9471
116.435 39.9471
116.44 39.9611
116.449 39.9659
116.448 39.9656
116.444 39.9736
116.451 39.9813
116.463 39.9908
116.457 40.0101
116.457 39.9958
116.466 39.9934
116.47 39.9965
116.418 39.9944
116.414 39.9676
116.419 39.9547
116.41 39.9485
116.417 39.9396
116.441 39.9438
116.439 39.9498
116.433 39.9596
116.431 39.9615
116.433 39.9559
116.442 39.9502
116.48 39.9216
116.438 39.9087
116.435 39.922
116.438 39.9257
116.438 39.9268
116.438 39.9287
116.412 39.9481
116.333 39.9688
116.34 39.9661
116.28 39.9534
116.303 39.9498
116.308 39.906
116.304 39.8848
116.284 39.8578
116.289 39.8447
116.283 39.8582
116.289 39.8853
116.351 39.9078
116.347 39.9124
116.317 39.8669
116.309 39.8669
116.357 39.8879
116.361 39.898
116.36 39.888
116.367 39.8981
116.387 39.8886
116.433 39.8919
116.439 39.8919
116.43 39.9058
116.439 39.9324
116.439 39.9397
116.439 39.9496
116.438 39.9567
116.483 39.9323
116.496 39.9349
116.528 39.9179
116.514 39.9224
116.511 39.939
116.497 39.9636
116.494 39.9706
116.49 39.9707
116.485 39.9708
116.483 39.9776
116.491 39.9792
116.508 39.9995
116.51 40.011
116.51 40.0114
116.51 40.0114
116.51 40.0113
116.51 40.0113
116.51 40.0113
116.51 40.0113
116.51 40.0113
116.51 40.0113
116.51 40.0113
116.511 40.0108
116.51 40.0114
116.493 39.9956
116.484 39.9873
116.477 39.9828
116.468 39.9818
116.461 39.978
116.43 39.9771
116.418 39.9782
116.422 39.9874
116.422 39.9874
116.464 39.968
116.46 39.9586
116.475 39.9765
116.468 39.9818
116.468 39.9818
116.468 39.9819
116.463 39.9849
116.458 39.9879
116.467 39.9823
116.47 39.9652
116.479 39.9596
116.485 39.9215
116.507 39.9231
116.502 39.9218
116.524 39.9158
116.52 39.9157
116.499 39.9219
116.496 39.9346
116.472 39.9325
116.463 39.9442
116.459 39.9508
116.462 39.9573
116.462 39.9573
116.466 39.975
116.457 39.9913
116.462 39.996
116.462 39.9786
116.434 39.9871
116.382 39.9868
116.382 39.9821
116.376 39.9755
116.365 39.9754
116.349 39.9753
116.339 39.9756
116.352 39.9854
116.401 39.987
116.454 39.9757
116.492 39.996
116.55 40.0278
116.582 40.0493
116.587 40.0791
116.584 40.0765
116.588 40.0544
116.589 40.048
116.574 40.0394
116.554 40.0284
116.554 40.0284
116.519 40.016
116.495 39.9974
116.489 39.9702
116.489 39.9703
116.489 39.9703
116.489 39.9703
116.489 39.9703
116.489 39.9703
116.489 39.9703
116.489 39.9703
116.489 39.9703
116.476 39.9697
116.46 39.9587
116.452 39.952
116.449 39.9478
116.444 39.9329
116.444 39.9205
116.444 39.9094
116.421 39.9131
116.424 39.9178
116.428 39.9192
116.428 39.9157
116.42 39.9207
116.42 39.9251
116.426 39.9322
116.438 39.9323
116.446 39.9323
116.454 39.9323
116.466 39.9325
116.466 39.9483
116.461 39.9579
116.477 39.9697
116.477 39.9697
116.479 39.9743
116.467 39.9823
116.457 39.9887
116.441 39.9927
116.443 39.9943
116.457 40.001
116.441 39.9928
116.442 39.9933
116.458 39.9958
116.481 39.9885
116.49 39.9866
116.515 39.9913
116.492 39.9868
116.476 39.9834
116.455 39.9958
116.441 39.9927
116.442 39.9929
116.442 39.9931
116.442 39.9932
116.457 39.9958
116.48 39.9961
116.469 39.9964
116.466 39.993
116.458 39.996
116.441 39.9925
116.441 39.9925
116.441 39.9929
116.442 39.993
116.442 39.9933
116.442 39.9933
116.457 40.0104
116.452 39.9996
116.429 39.9881
116.334 39.9941
116.347 39.9864
116.367 39.986
116.402 39.9927
116.401 39.9761
116.407 39.9577
116.429 39.9531
116.435 39.9476
116.402 39.9496
116.419 39.9579
116.434 39.9499
116.455 39.9498
116.461 39.9299
116.471 39.9215
116.498 39.9217
116.511 39.9298
116.496 39.9219
116.473 39.9217
116.456 39.922
116.455 39.8865
116.455 39.8865
116.45 39.8807
116.456 39.894
116.448 39.9119
116.444 39.9144
116.444 39.9146
116.444 39.9146
116.444 39.9146
116.444 39.9146
116.444 39.9146
116.444 39.9147
116.444 39.9147
116.444 39.9147
116.445 39.9149
116.445 39.9147
116.444 39.921
116.441 39.9317
116.445 39.9322
116.445 39.9322
116.455 39.9227
116.472 39.9215
116.511 39.9219
116.512 39.921
116.484 39.9218
116.461 39.9262
116.461 39.9324
116.48 39.9341
116.457 39.9323
116.458 39.9275
116.457 39.9276
116.449 39.9338
116.465 39.951
116.485 39.9583
116.458 39.9739
116.462 39.9786
116.482 39.9725
116.484 39.9412
116.503 39.9066
116.566 39.9082
116.588 39.8931
116.598 39.8879
116.585 39.8927
116.572 39.9007
116.54 39.9096
116.513 39.9068
116.467 39.9072
116.454 39.9185
116.445 39.9322
116.449 39.9433
116.468 39.9661
116.488 39.9605
116.484 39.97
116.49 39.9703
116.489 39.9704
116.489 39.9703
116.489 39.9703
116.489 39.9703
116.489 39.9703
116.489 39.9703
116.489 39.9703
116.489 39.9703
116.489 39.9703
116.489 39.9703
116.489 39.9703
116.489 39.9703
116.489 39.9703
116.489 39.9703
116.489 39.9703
116.489 39.9703
116.489 39.9703
116.489 39.9703
116.489 39.9703
116.489 39.9703
116.489 39.9703
116.489 39.9703
116.489 39.9703
116.489 39.9703
116.489 39.9703
116.49 39.9706
116.481 39.9731
116.462 39.9854
116.447 39.9878
116.442 39.9931
116.442 39.9934
116.442 39.9935
116.442 39.9935
116.449 39.9956
116.47 39.987
116.477 39.9752
116.504 39.9718
116.539 39.9734
116.539 39.9734
116.511 39.9762
116.489 39.9707
116.478 39.975
116.463 39.9847
116.45 39.9857
116.442 39.9931
116.442 39.9934
116.467 39.9973
116.469 39.9958
116.455 39.9958
116.441 39.9927
116.475 39.9895
116.481 39.9881
116.507 40.0108
116.51 40.0115
116.51 40.0114
116.51 40.0112
116.51 40.011
116.51 40.0109
116.51 40.0113
116.51 40.0112
116.508 40.0093
116.485 39.9887
116.477 39.9838
116.45 39.9656
116.449 39.9657
116.449 39.9659
116.449 39.9659
116.444 39.9742
116.456 39.9844
116.462 39.9951
116.457 39.9891
116.467 39.9746
116.45 39.955
116.452 39.9533
116.455 39.9494
116.438 39.9399
116.428 39.9276
116.421 39.9072
116.406 39.9079
116.413 39.9134
116.43 39.923
116.43 39.923
116.434 39.9227
116.428 39.9232
116.425 39.9072
116.412 39.9083
116.411 39.9217
116.411 39.934
116.41 39.9429
116.413 39.9505
116.416 39.9527
116.419 39.9652
116.406 39.9678
116.4 39.9756
116.413 39.982
116.412 40.0013
116.411 39.9811
116.412 39.9641
116.417 39.9579
116.456 39.9523
116.455 39.9372
116.455 39.9372
116.455 39.9205
116.447 39.9071
116.426 39.9072
116.421 39.9074
116.449 39.892
116.451 39.8924
116.427 39.8926
116.439 39.9021
116.504 39.9066
116.52 39.9131
116.515 39.9219
116.502 39.9304
116.503 39.9307
116.503 39.9307
116.503 39.9307
116.503 39.9307
116.503 39.9307
116.503 39.9307
116.503 39.9307
116.503 39.9307
116.503 39.9307
116.503 39.9307
116.503 39.9307
116.503 39.9307
116.503 39.9304
116.501 39.9302
116.5 39.9303
116.502 39.9218
116.544 39.9225
116.548 39.9229
116.548 39.9229
116.497 39.9303
116.501 39.9302
116.501 39.9301
116.501 39.9301
116.496 39.9273
116.486 39.9219
116.49 39.9175
116.477 39.9144
116.467 39.9149
116.455 39.9088
116.455 39.9088
116.455 39.9
116.458 39.8919
116.456 39.8897
116.456 39.8914
116.458 39.8994
116.458 39.8994
116.458 39.8994
116.454 39.9041
116.444 39.8975
116.437 39.8975
116.428 39.9393
116.402 39.9567
116.402 39.9476
116.403 39.9282
116.407 39.9285
116.411 39.9174
116.403 39.907
116.408 39.9141
116.432 39.923
116.443 39.9218
116.454 39.9181
116.467 39.9287
116.455 39.9275
116.442 39.9072
116.422 39.8993
116.422 39.8993
116.412 39.8978
116.413 39.8989
116.412 39.912
116.411 39.928
116.402 39.9401
116.4 39.9577
116.396 39.9558
116.427 39.9478
116.455 39.9394
116.452 39.9173
116.451 39.9159
116.465 39.9147
116.477 39.9216
116.501 39.9302
116.501 39.9302
116.486 39.9325
116.465 39.9325
116.438 39.9324
116.439 39.9211
116.438 39.922
116.452 39.9168
116.452 39.9167
116.456 39.8937
116.444 39.9223
116.438 39.9264
116.437 39.9265
116.438 39.927
116.428 39.923
116.435 39.9047
116.435 39.9055
116.474 39.9068
116.484 39.9411
116.494 39.9638
116.481 39.9567
116.455 39.9424
116.449 39.9323
116.441 39.9257
116.428 39.932
116.38 39.9476
116.362 39.9393
116.382 39.9319
116.411 39.9322
116.437 39.9274
116.44 39.9256
116.439 39.9257
116.438 39.9258
116.438 39.9262
116.438 39.9273
116.428 39.9197
116.403 39.9066
116.371 39.8985
116.377 39.8985
116.384 39.8865
116.384 39.8867
116.384 39.8867
116.384 39.8867
116.384 39.8867
116.384 39.8867
116.384 39.8867
116.384 39.8867
116.384 39.8867
116.384 39.8867
116.384 39.8867
116.384 39.8867
116.384 39.8867
116.384 39.8867
116.384 39.8867
116.384 39.8867
116.384 39.8867
116.384 39.8867
116.384 39.8867
116.384 39.8867
116.384 39.8867
116.384 39.8867
116.384 39.8867
116.384 39.8867
116.384 39.8867
116.384 39.8867
116.407 39.8556
116.428 39.8607
116.438 39.8646
116.45 39.8749
116.464 39.883
116.47 39.8856
116.472 39.8884
116.472 39.8884
116.455 39.8936
116.426 39.9072
116.386 39.9061
116.351 39.9059
116.305 39.9077
116.305 39.9268
116.305 39.9268
116.333 39.931
116.362 39.9309
116.42 39.9323
116.443 39.9398
116.458 39.9486
116.484 39.9395
116.498 39.9353
116.531 39.9402
116.571 39.9128
116.551 39.9149
116.522 39.9226
116.496 39.9234
116.438 39.9019
116.438 39.9019
116.398 39.8864
116.387 39.8842
116.393 39.8851
116.413 39.8881
116.424 39.8928
116.424 39.8924
116.437 39.8924
116.46 39.8921
116.471 39.8918
116.484 39.918
116.471 39.9654
116.498 40.0005
116.51 40.0112
116.501 40.0034
116.491 39.9869
116.493 39.9707
116.491 39.9707
116.47 39.9805
116.468 39.9839
116.468 39.9817
116.468 39.9817
116.46 39.9774
116.456 39.9846
116.468 39.9818
116.468 39.9837
116.476 40.0002
116.473 40.0007
116.472 39.9869
116.467 39.982
116.463 39.9904
116.468 39.9817
116.463 39.9844
116.463 39.9844
116.468 39.9818
116.457 39.9924
116.449 40.0004
116.462 39.9962
116.462 39.9779
116.451 39.9544
116.455 39.9124
116.447 39.9124
116.444 39.9301
116.449 39.9335
116.449 39.9484
116.455 39.9267
116.471 39.9216
116.476 39.9217
116.456 39.922
116.444 39.925
116.438 39.9324
116.42 39.9388
116.444 39.943
116.455 39.9478
116.486 40.0017
116.482 39.9881
116.47 39.9805
116.468 39.9818
116.468 39.9818
116.468 39.9974
116.468 39.9837
116.468 39.9818
116.451 40.0001
116.453 39.9956
116.453 39.9956
116.462 39.9933
116.442 39.9931
116.442 39.9932
116.462 39.9932
116.469 39.9833
116.468 39.9818
116.477 39.9752
116.489 39.9704
116.489 39.9704
116.489 39.9704
116.489 39.9704
116.489 39.9704
116.489 39.9704
116.485 39.9707
116.467 39.9821
116.457 39.9898
116.415 39.992
116.44 39.9845
116.442 39.993
116.442 39.9932
116.442 39.9935
116.451 39.9964
116.442 39.9932
116.464 39.9973
116.48 39.9946
116.457 39.9959
116.439 39.9896
116.31 39.9889
116.334 39.9916
116.348 39.9755
116.343 39.9626
116.349 39.9546
116.35 39.9078
116.318 39.896
116.322 39.906
116.339 39.9129
116.343 39.931
116.357 39.931
116.385 39.932
116.417 39.9322
116.444 39.9323
116.444 39.9441
116.444 39.9441
116.433 39.955
116.435 39.9647
116.439 39.9883
116.442 39.9929
116.442 39.9932
116.442 39.9934
116.45 39.9956
116.46 39.996
116.442 39.993
116.462 39.9959
116.441 39.9929
116.449 39.9957
116.474 40.0008
116.447 39.9956
116.442 39.9931
116.442 39.9933
116.46 39.9959
116.479 39.9943
116.457 39.9959
116.442 39.9936
116.442 39.9934
116.457 39.9952
116.444 39.9945
116.441 39.9928
116.442 39.9931
116.442 39.9932
116.442 39.9932
116.442 39.9935
116.442 39.9935
116.461 39.9959
116.477 39.9971
116.466 39.9984
116.442 39.9934
116.45 39.9956
116.466 39.9992
116.442 39.9933
116.451 39.997
116.455 39.9956
116.468 39.9852
116.459 39.9962
116.442 39.994
116.45 39.986
116.463 39.9795
116.448 39.9957
116.448 39.9957
116.442 39.9934
116.451 39.9915
116.442 39.994
116.442 39.9934
116.449 39.9956
116.481 39.9881
116.507 40.011
116.511 40.0147
116.531 40.0481
116.551 40.0767
116.558 40.111
116.612 40.1165
116.658 40.1156
116.703 40.124
116.765 40.1404
116.829 40.1499
116.893 40.1526
116.893 40.1526
116.958 40.1486
117.022 40.142
117.088 40.144
117.101 40.1465
117.106 40.1316
117.106 40.1313
117.106 40.1313
117.106 40.1313
117.106 40.1313
117.106 40.1313
117.106 40.1313
117.106 40.1313
117.106 40.1313
117.106 40.1313
117.106 40.1313
117.106 40.1313
117.106 40.1313
117.106 40.1313
117.106 40.1313
117.106 40.1313
117.106 40.1313
117.106 40.1313
117.106 40.1313
117.106 40.1313
117.106 40.1313
117.106 40.1313
117.106 40.1313
117.09 40.1336
117.085 40.1329
117.076 40.1118
117.076 40.1115
117.089 40.1312
117.117 40.1321
117.117 40.1304
117.117 40.1304
117.117 40.1304
117.117 40.1304
117.117 40.1304
117.117 40.1304
117.117 40.1304
117.117 40.1304
117.117 40.1304
117.117 40.1304
117.117 40.1304
117.117 40.1304
117.117 40.1304
117.117 40.1304
117.117 40.1304
117.117 40.1304
117.117 40.1304
117.116 40.1262
117.108 40.109
117.108 40.1089
117.108 40.1089
117.082 40.1039
117.065 40.0867
117.001 40.0681
116.947 40.0832
116.793 40.0663
116.633 40.0563
116.608 40.034
116.571 40.0348
116.509 40.0108
116.483 39.987
116.447 39.9553
116.385 39.9478
116.369 39.9418
116.369 39.9417
116.369 39.9417
116.369 39.9417
116.369 39.9417
116.369 39.9417
116.369 39.9417
116.369 39.9417
116.369 39.9417
116.369 39.9417
116.369 39.9417
116.369 39.9417
116.369 39.9417
116.369 39.9417
116.369 39.9417
116.369 39.9417
116.369 39.9417
116.369 39.9417
116.369 39.9417
116.369 39.9417
116.366 39.9465
116.364 39.9657
116.295 39.9585
116.278 39.9624
116.274 39.965
116.274 39.9648
116.274 39.9648
116.274 39.9648
116.274 39.9648
116.274 39.9648
116.274 39.9648
116.274 39.9648
116.274 39.9603
116.283 39.9532
116.283 39.9532
116.283 39.9532
116.283 39.9532
116.283 39.9532
116.283 39.9532
116.278 39.9598
116.278 39.9624
116.289 39.953
116.328 39.9368
116.366 39.9449
116.37 39.9414
116.37 39.9414
116.37 39.9413
116.37 39.9413
116.36 39.9455
116.309 39.9391
116.279 39.9509
116.274 39.965
116.274 39.965
116.274 39.965
116.274 39.965
116.274 39.965
116.274 39.965
116.274 39.965
116.274 39.965
116.274 39.965
116.274 39.965
116.274 39.965
116.274 39.965
116.274 39.965
116.274 39.965
116.274 39.965
116.274 39.965
116.274 39.965
116.274 39.965
116.274 39.965
116.274 39.965
116.274 39.965
116.274 39.965
116.274 39.965
116.274 39.965
116.274 39.965
116.274 39.965
116.274 39.965
116.274 39.965
116.274 39.965
116.274 39.965
116.274 39.965
116.274 39.965
116.274 39.965
116.28 39.9559
116.302 39.9606
116.343 39.9663
116.404 39.9675
116.441 39.9611
116.461 39.9577
116.477 39.9741
116.484 39.9777
116.491 39.9867
116.508 40.0099
116.508 40.0099
116.511 40.0115
116.51 40.0115
116.51 40.0115
116.522 40.0167
116.556 40.0289
116.605 40.0343
116.634 40.0564
116.703 40.0607
116.778 40.0661
116.848 40.0726
116.937 40.0801
116.998 40.0685
117.049 40.0851
117.067 40.0865
117.064 40.0997
117.063 40.1022
117.063 40.1022
117.063 40.1022
117.064 40.1007
117.064 40.1007
117.064 40.1007
117.064 40.1007
117.064 40.1007
117.064 40.1007
117.064 40.1007
117.064 40.1007
117.064 40.1007
117.064 40.1007
117.064 40.1007
117.064 40.1007
117.064 40.1007
117.064 40.1007
117.064 40.1007
117.064 40.1007
117.064 40.1007
117.064 40.1007
117.064 40.1007
117.064 40.1007
117.064 40.1007
117.064 40.1007
117.064 40.1007
117.064 40.1007
117.059 40.0992
117.059 40.0994
117.059 40.0994
117.059 40.0994
117.059 40.0994
117.059 40.0994
117.059 40.0994
117.059 40.0994
117.059 40.0994
117.059 40.0994
117.059 40.0994
117.059 40.0994
117.059 40.0994
117.061 40.0996
117.079 40.103
117.079 40.1268
117.106 40.1316
117.106 40.1317
117.106 40.1317
117.106 40.1317
117.106 40.1317
117.106 40.1317
117.106 40.1317
117.106 40.1317
117.106 40.1317
117.106 40.1317
117.106 40.1317
117.106 40.1317
117.106 40.1317
117.106 40.1317
117.106 40.1317
117.106 40.1317
117.106 40.1317
117.106 40.1317
117.106 40.1317
117.106 40.1317
117.106 40.1317
117.106 40.1317
117.106 40.1317
117.106 40.1317
117.106 40.1316
117.106 40.1319
117.106 40.1317
117.106 40.1317
117.106 40.1317
117.106 40.1317
117.106 40.1317
117.106 40.1317
117.106 40.1317
117.106 40.1317
117.106 40.1317
117.106 40.1317
117.106 40.1317
117.106 40.1317
117.106 40.1317
117.106 40.1317
117.106 40.1317
117.106 40.1317
117.106 40.1317
117.106 39.9096
117.106 39.9096
117.106 40.1317
117.077 40.1266
117.075 40.1146
117.067 40.1003
117.061 40.1003
117.061 40.1003
117.064 40.1008
117.077 40.1097
117.077 40.1097
117.075 40.118
117.103 40.1322
117.082 40.1189
117.079 40.1032
117.062 40.097
117.051 40.0854
117.003 40.0684
117.01 40.1112
117.016 40.1397
117.005 40.1072
116.996 40.1061
116.996 40.1061
117.009 40.1039
117.003 40.0686
117.048 40.0846
117.062 40.0979
117.063 40.1019
117.064 40.1007
117.064 40.1008
117.075 40.1025
117.108 40.1082
117.107 40.1163
117.135 40.135
117.161 40.1387
117.186 40.138
117.192 40.1375
117.192 40.1376
117.192 40.1376
117.192 40.1376
117.192 40.1376
117.192 40.1376
117.192 40.1376
117.192 40.1376
117.192 40.1376
117.192 40.1376
117.192 40.1376
117.192 40.1376
117.192 40.1376
117.192 40.1376
117.192 40.1376
117.192 40.1376
117.192 40.1376
117.192 40.1376
117.192 40.1376
117.192 40.1376
117.192 40.1376
117.192 40.1376
117.192 40.1376
117.192 40.1376
