116.689 39.8659
116.689 39.8659
116.698 39.8721
116.684 39.9022
116.664 39.9074
116.671 39.9079
116.681 39.9124
116.695 39.9166
116.73 39.9123
116.73 39.9123
116.73 39.9123
116.73 39.9116
116.73 39.9021
116.732 39.8969
116.738 39.8885
116.742 39.889
116.746 39.8934
116.732 39.8969
116.732 39.8969
116.732 39.8968
116.732 39.8968
116.732 39.8968
116.732 39.8968
116.732 39.8968
116.732 39.8968
116.732 39.8968
116.732 39.8968
116.732 39.8968
116.732 39.8968
116.732 39.8968
116.732 39.8968
116.732 39.8968
116.732 39.8968
116.732 39.8968
116.728 39.892
116.727 39.8722
116.727 39.8718
116.714 39.8486
116.719 39.8233
116.72 39.8233
116.724 39.8234
116.724 39.8234
116.718 39.8312
116.714 39.8427
116.706 39.8642
116.684 39.8704
116.656 39.8881
116.656 39.8888
116.631 39.9037
116.595 39.9083
116.595 39.9083
116.571 39.9031
116.571 39.9086
116.566 39.909
116.538 39.9151
116.506 39.9151
116.447 39.9026
116.431 39.8694
116.377 39.8696
116.38 39.8696
116.39 39.8701
116.461 39.9034
116.471 39.9037
116.508 39.9152
116.475 39.9626
116.415 39.9875
116.356 39.9803
116.359 39.9769
116.347 39.9686
116.347 39.9686
116.35 39.925
116.339 39.9148
116.304 39.9111
116.304 39.932
116.319 39.9373
116.319 39.9373
116.333 39.9367
116.349 39.9389
116.35 39.9384
116.349 39.9334
116.35 39.9268
116.35 39.8976
116.354 39.8672
116.367 39.8686
116.383 39.8698
116.384 39.8701
116.358 39.8702
116.358 39.8758
116.358 39.8849
116.404 39.8913
116.408 39.8915
116.412 39.8992
116.42 39.907
116.429 39.9072
116.429 39.9072
116.435 39.9057
116.429 39.9104
116.429 39.9213
116.429 39.9222
116.407 39.923
116.404 39.9259
116.403 39.931
116.414 39.9395
116.422 39.9396
116.43 39.9395
116.441 39.9398
116.449 39.9323
116.449 39.9323
116.457 39.9484
116.458 39.9487
116.462 39.9491
116.462 39.9491
116.462 39.9491
116.462 39.9492
116.462 39.9492
116.462 39.9492
116.462 39.9492
116.45 39.9472
116.445 39.9465
116.435 39.9412
116.426 39.9482
116.41 39.948
116.385 39.9477
116.367 39.9476
116.366 39.9475
116.366 39.9459
116.381 39.9501
116.383 39.9522
116.373 39.9547
116.38 39.9615
116.38 39.9616
116.374 39.9616
116.375 39.9703
116.347 39.9909
116.345 39.9921
116.334 39.992
116.346 39.9994
116.347 39.9922
116.347 39.9782
116.356 39.9751
116.364 39.9748
116.364 39.9675
116.369 39.9663
116.369 39.9663
116.369 39.9664
116.376 39.9613
116.382 39.9615
116.389 39.9573
116.375 39.9539
116.373 39.9543
116.369 39.9566
116.365 39.9542
116.364 39.9649
116.376 39.9668
116.426 39.9682
116.44 39.9619
116.455 39.9515
116.472 39.9018
116.472 39.902
116.472 39.9075
116.472 39.9161
116.472 39.9147
116.472 39.9147
116.472 39.9093
116.47 39.9072
116.462 39.9071
116.448 39.9071
116.44 39.9072
116.438 39.9072
116.429 39.9084
116.423 39.9048
116.423 39.9048
116.423 39.9067
116.444 39.9069
116.455 39.9185
116.456 39.9238
116.456 39.9324
116.456 39.9324
116.444 39.9593
116.445 39.96
116.45 39.9547
116.45 39.9547
116.45 39.9547
116.45 39.9547
116.452 39.9536
116.455 39.95
116.455 39.9337
116.46 39.9323
116.476 39.9324
116.501 39.9363
116.511 39.9353
116.507 39.934
116.512 39.9209
116.512 39.9171
116.492 39.9146
116.492 39.9146
116.491 39.9147
116.487 39.9144
116.487 39.9144
116.482 39.9052
116.437 39.8932
116.426 39.8924
116.413 39.8932
116.42 39.8993
116.417 39.8992
116.427 39.9071
116.428 39.9251
116.428 39.9276
116.437 39.9324
116.444 39.9272
116.444 39.9259
116.444 39.9218
116.455 39.9181
116.454 39.9182
116.472 39.9138
116.472 39.9138
116.465 39.9072
116.463 39.9072
116.466 39.9068
116.469 39.9067
116.472 39.9122
116.472 39.9134
116.483 39.9142
116.507 39.9219
116.51 39.9219
116.511 39.9391
116.511 39.9394
116.511 39.938
116.515 39.9186
116.52 39.9154
116.534 39.9078
116.56 39.9064
116.56 39.9043
116.567 39.9007
116.583 39.8925
116.585 39.8927
116.604 39.8883
116.628 39.891
116.629 39.8903
116.632 39.8719
116.626 39.8624
116.63 39.8624
116.678 39.862
116.697 39.8465
116.697 39.8459
116.716 39.8363
116.724 39.8234
116.724 39.8234
116.713 39.8392
116.69 39.8687
116.684 39.8702
116.661 39.8843
116.661 39.8847
116.634 39.8994
116.595 39.9084
116.557 39.9085
116.512 39.9067
116.504 39.9068
116.484 39.8792
116.453 39.832
116.445 39.831
116.445 39.831
116.396 39.805
116.396 39.8032
116.391 39.7896
116.391 39.7896
116.413 39.8982
116.412 39.8991
116.42 39.907
116.448 39.907
116.457 39.9068
116.47 39.9073
116.42 39.9071
116.413 39.907
116.38 39.9059
116.349 39.9018
116.347 39.9019
116.346 39.9081
116.343 39.8994
116.342 39.8632
116.374 39.8557
116.381 39.8557
116.387 39.8556
116.405 39.8555
116.407 39.8555
116.43 39.8574
116.437 39.8444
116.438 39.8451
116.439 39.8552
116.455 39.8865
116.455 39.8885
116.456 39.9132
116.455 39.9147
116.455 39.9136
116.456 39.913
116.465 39.9291
116.467 39.9296
116.479 39.9318
116.479 39.9235
116.479 39.9235
116.484 39.9136
116.456 39.9299
116.456 39.9425
116.456 39.955
116.457 39.9605
116.457 39.9605
116.462 39.9542
116.462 39.9542
116.462 39.9542
116.463 39.9441
116.463 39.9431
116.468 39.9377
116.468 39.9378
116.468 39.9378
116.466 39.9336
116.458 39.9325
116.452 39.9324
116.445 39.9324
116.438 39.9316
116.43 39.9301
116.428 39.929
116.43 39.9396
116.436 39.9398
116.433 39.9398
116.405 39.9395
116.402 39.9454
116.405 39.9475
116.389 39.9588
116.388 39.9751
116.388 39.9826
116.38 39.9965
116.377 40.0004
116.377 40.0004
116.389 39.9504
116.392 39.9474
116.392 39.9474
116.427 39.9417
116.428 39.9323
116.43 39.9041
116.429 39.9072
116.434 39.9071
116.453 39.9069
116.455 39.8978
116.455 39.8923
116.455 39.893
116.46 39.8484
116.454 39.9052
116.453 39.9067
116.455 39.9067
116.463 39.9152
116.463 39.9156
116.462 39.922
116.465 39.929
116.467 39.9288
116.467 39.9236
116.472 39.9085
116.472 39.9084
116.47 39.9071
116.47 39.9071
116.47 39.9071
116.469 39.9068
116.495 39.9485
116.49 39.9423
116.466 39.9235
116.452 39.8699
116.446 39.856
116.438 39.8257
116.466 39.9125
116.472 39.9325
116.474 39.9504
116.453 39.9743
116.462 39.9783
116.471 39.9857
116.472 39.9788
116.46 39.9723
116.46 39.9723
116.424 39.9877
116.365 39.9861
116.348 39.9859
116.341 39.9752
116.347 39.9591
116.324 39.9374
116.323 39.937
116.323 39.937
116.323 39.937
116.323 39.937
116.323 39.937
116.353 39.9414
116.353 39.9414
116.354 39.9415
116.35 39.9398
116.355 39.951
116.363 39.9512
116.365 39.9509
116.372 39.9473
116.402 39.947
116.402 39.94
116.403 39.9393
116.41 39.9394
116.41 39.9483
116.418 39.9528
116.419 39.9627
116.425 39.9615
116.419 39.961
116.425 39.9581
116.426 39.9575
116.433 39.9584
116.431 39.9616
116.437 39.9636
116.437 39.9636
116.437 39.9635
116.434 39.9584
116.433 39.9537
116.438 39.9497
116.451 39.9542
116.451 39.9542
116.451 39.9542
116.455 39.9493
116.459 39.949
116.477 39.9548
116.489 39.9618
116.494 39.9633
116.502 39.9577
116.503 39.9549
116.493 39.9526
116.479 39.9558
116.458 39.9488
116.456 39.9502
116.446 39.9584
116.439 39.9598
116.434 39.9584
116.419 39.9544
116.419 39.9532
116.419 39.9492
116.419 39.9403
116.416 39.9396
116.412 39.9404
116.42 39.9481
116.436 39.9481
116.467 39.9658
116.484 39.9401
116.483 39.9333
116.493 39.9302
116.496 39.9267
116.516 39.9158
116.524 39.9157
116.524 39.9157
116.524 39.9157
116.54 39.9149
116.547 39.9148
116.571 39.9096
116.585 39.908
116.595 39.9077
116.614 39.9047
116.637 39.8941
116.647 39.8908
116.66 39.8847
116.66 39.8847
116.677 39.8721
116.685 39.8697
116.722 39.8236
116.724 39.8234
116.724 39.8235
116.718 39.8347
116.717 39.836
116.699 39.8661
116.683 39.8704
116.669 39.8775
116.642 39.8923
116.585 39.9114
116.562 39.9147
116.557 39.9151
116.528 39.9156
116.486 39.907
116.475 39.907
116.43 39.9073
116.423 39.9043
116.423 39.9043
116.423 39.9043
116.456 39.9068
116.462 39.9068
116.471 39.9072
116.471 39.9072
116.471 39.9073
116.471 39.9073
116.471 39.9073
116.47 39.9074
116.47 39.9074
116.47 39.9074
116.47 39.9074
116.464 39.9072
116.456 39.9072
116.455 39.8733
116.408 39.856
116.408 39.856
116.404 39.8526
116.416 39.8556
116.441 39.8575
116.441 39.8575
116.462 39.8688
116.462 39.8689
116.462 39.8689
116.462 39.8689
116.462 39.8689
116.462 39.8689
116.462 39.869
116.455 39.8754
116.455 39.8939
116.422 39.9072
116.41 39.9066
116.41 39.9066
116.423 39.907
116.43 39.9071
116.455 39.9103
116.456 39.9111
116.455 39.9187
116.447 39.9572
116.423 39.9683
116.414 39.968
116.407 39.9741
116.405 39.974
116.411 39.9714
116.412 39.9567
116.41 39.9485
116.414 39.9479
116.428 39.9191
116.428 39.9111
116.428 39.9111
116.431 39.907
116.445 39.907
116.454 39.9068
116.459 39.9122
116.472 39.9024
116.472 39.9003
116.472 39.8992
116.489 39.9064
116.49 39.9065
116.495 39.9066
116.517 39.9081
116.515 39.9153
116.508 39.9151
116.508 39.9152
116.504 39.9149
116.489 39.9144
116.489 39.9079
116.489 39.9081
116.489 39.9081
116.489 39.9081
116.484 39.9126
116.499 39.9149
116.484 39.9143
116.467 39.9146
116.456 39.9176
116.445 39.9216
116.44 39.9211
116.44 39.9167
116.431 39.9142
116.428 39.9315
116.375 39.9475
116.357 39.9444
116.353 39.9433
116.347 39.9223
116.337 39.9221
116.336 39.9222
116.32 39.9223
116.305 39.9231
116.304 39.921
116.304 39.9088
116.304 39.9081
116.303 39.9076
116.299 39.9064
116.29 39.9064
116.289 39.9061
116.285 39.8953
116.286 39.8956
116.293 39.8956
116.315 39.8996
116.316 39.9073
116.327 39.9096
116.346 39.9056
116.346 39.9056
116.352 39.9058
116.357 39.8991
116.35 39.9054
116.35 39.9207
116.354 39.9434
116.361 39.9456
116.378 39.9502
116.384 39.9524
116.383 39.9524
116.383 39.9524
116.383 39.9524
116.383 39.9524
116.383 39.9524
116.383 39.9524
116.383 39.9524
116.383 39.9525
116.383 39.9525
116.383 39.9525
116.383 39.9525
116.383 39.9525
116.383 39.9525
116.383 39.9525
116.383 39.9525
116.383 39.9525
116.383 39.9524
116.387 39.9504
116.355 39.944
116.349 39.9424
116.343 39.9448
116.357 39.9391
116.358 39.9392
116.372 39.9314
116.39 39.932
116.39 39.9349
116.396 39.9395
116.396 39.9395
116.401 39.9395
116.405 39.9394
116.426 39.9396
116.443 39.9397
116.446 39.9398
116.453 39.9537
116.583 40.0795
116.583 40.0758
116.586 40.0675
116.586 40.0675
116.586 40.0674
116.586 40.0674
116.586 40.0674
116.586 40.0673
116.586 40.0673
116.586 40.0673
116.586 40.0673
116.586 40.0673
116.586 40.0673
116.587 40.061
116.593 40.0492
116.606 40.0427
116.631 40.0335
116.639 40.0238
116.646 40.01
116.646 40.01
116.653 39.9649
116.654 39.9576
116.652 39.928
116.657 39.9203
116.672 39.9085
116.703 39.8864
116.691 39.8723
116.689 39.8678
116.698 39.8391
116.698 39.8392
116.712 39.8376
116.724 39.8234
116.72 39.8157
116.72 39.8157
116.72 39.8157
116.72 39.8157
116.72 39.8157
116.72 39.8157
116.72 39.8157
116.72 39.8157
116.72 39.8157
116.72 39.8157
116.72 39.8157
116.721 39.8161
115.962 39.759
116.724 39.8233
116.723 39.8235
116.714 39.8409
116.699 39.8661
116.698 39.8665
116.675 39.8733
116.651 39.8918
116.639 39.8936
116.628 39.9054
116.591 39.9111
116.58 39.9125
116.565 39.9145
116.558 39.9343
116.557 39.9401
116.545 39.947
116.537 39.9403
116.537 39.9314
116.535 39.9264
116.528 39.9157
116.52 39.9145
116.496 39.9069
116.444 39.9072
116.425 39.9072
116.4 39.9066
116.379 39.8988
116.369 39.8985
116.342 39.8965
116.313 39.8955
116.313 39.8955
116.315 39.8988
116.323 39.8993
116.328 39.8958
116.343 39.8845
116.341 39.8768
116.341 39.8815
116.341 39.8855
116.336 39.8774
116.331 39.876
116.331 39.8772
116.34 39.89
116.336 39.8884
116.333 39.8761
116.336 39.8821
116.337 39.8907
116.336 39.8957
116.343 39.8825
116.342 39.8674
116.347 39.8504
116.407 39.8557
116.427 39.8544
116.427 39.8403
116.422 39.841
116.422 39.8504
116.422 39.8504
116.536 40.0806
116.54 40.0665
116.552 40.0545
116.438 39.8723
116.43 39.9118
116.429 39.95
116.429 39.95
116.424 39.9493
116.421 39.9557
116.418 39.9558
116.412 39.9575
116.412 39.9575
116.367 39.9666
116.348 39.9836
116.299 39.9849
116.299 39.9897
116.298 39.9926
116.316 39.991
116.321 39.9912
116.328 39.9845
116.375 39.9732
116.373 39.9556
116.38 39.9474
116.402 39.9356
116.402 39.9326
116.403 39.9231
116.4 39.9318
116.408 39.932
116.429 39.9323
116.444 39.9461
116.454 39.9477
116.461 39.9496
116.463 39.9454
116.463 39.9454
116.463 39.9454
116.463 39.9454
116.464 39.9435
116.468 39.9407
116.472 39.9323
116.484 39.9216
116.496 39.9217
116.515 39.9217
116.515 39.9157
116.507 39.9149
116.485 39.9142
116.452 39.919
116.445 39.9215
116.435 39.9227
116.423 39.9484
116.423 39.9484
116.418 39.9482
116.416 39.9481
116.412 39.9481
116.411 39.9481
116.399 39.9478
116.375 39.9482
116.374 39.9614
116.373 39.9839
116.356 40.0117
116.343 40.0272
116.32 40.0576
116.311 40.0752
116.31 40.0728
116.308 40.0724
116.323 40.0534
116.33 40.0439
116.34 40.0221
116.272 40.011
116.249 40.0016
116.215 39.9798
116.202 39.9235
116.192 39.9228
116.192 39.9137
116.193 39.9083
116.193 39.9076
116.202 39.9061
116.224 39.9062
116.231 39.9061
116.246 39.9062
116.259 39.914
116.259 39.9189
116.27 39.923
116.302 39.9226
116.306 39.9225
116.321 39.9219
116.336 39.9216
116.342 39.922
116.358 39.9225
116.358 39.9225
116.371 39.9233
116.374 39.9264
116.373 39.9362
116.381 39.9434
116.388 39.9403
116.4 39.9475
116.445 39.953
116.465 39.9717
116.507 40.0091
116.579 40.0471
116.583 40.0649
116.581 40.0793
116.587 40.0617
116.59 40.0526
116.607 40.0426
116.638 40.0341
116.657 40.0365
116.682 40.0387
116.719 40.0393
116.719 40.0302
116.725 40.0177
116.736 40.0003
116.733 39.9888
116.733 39.9888
116.735 39.9685
116.732 39.9838
116.719 39.9865
116.712 39.9611
116.726 39.9359
116.729 39.9241
116.73 39.9021
116.734 39.8748
116.729 39.8737
116.715 39.8599
116.718 39.8317
116.723 39.8238
116.724 39.8235
116.724 39.8235
116.724 39.8235
116.724 39.8235
116.724 39.8235
116.724 39.8235
116.724 39.8235
116.724 39.8235
116.718 39.8346
116.716 39.849
116.714 39.8486
116.721 39.8233
116.719 39.8238
116.718 39.8281
116.715 39.8489
116.707 39.8641
116.685 39.8705
116.672 39.8754
116.663 39.8824
116.652 39.8989
116.652 39.9036
116.652 39.907
116.651 39.924
116.652 39.9401
116.655 39.9539
116.67 39.9971
116.671 40.0195
116.665 40.0366
116.656 40.0777
116.656 40.0777
116.655 40.1011
116.653 40.1105
116.668 40.129
116.691 40.1328
116.705 40.1489
116.718 40.1861
116.724 40.2027
116.747 40.2106
116.776 40.2442
116.792 40.2602
116.787 40.2831
116.815 40.3212
116.827 40.3371
116.828 40.3413
116.826 40.3702
116.826 40.3702
116.826 40.3702
116.827 40.371
