116.319 39.9096
116.336 39.897
116.336 39.8931
116.352 39.888
116.368 39.8861
116.368 39.8861
116.364 39.8776
116.344 39.876
116.342 39.8858
116.307 39.8663
116.327 39.8474
116.311 39.8566
116.286 39.854
116.278 39.8423
116.281 39.8351
116.281 39.8351
116.274 39.8453
116.278 39.8459
116.281 39.8668
116.264 39.8961
116.255 39.8883
116.258 39.9025
116.252 39.9063
116.247 39.9188
116.248 39.9061
116.259 39.9034
116.258 39.8892
116.276 39.8656
116.277 39.8556
116.277 39.8536
116.277 39.8535
116.277 39.8534
116.276 39.8533
116.278 39.861
116.264 39.8643
116.273 39.8736
116.259 39.8904
116.275 39.9062
116.283 39.9062
116.289 39.9062
116.342 39.9057
116.337 39.9023
116.337 39.9023
116.338 39.9066
116.328 39.9218
116.32 39.9332
116.318 39.9517
116.319 39.9384
116.322 39.931
116.342 39.9255
116.33 39.9218
116.319 39.9223
116.29 39.9229
116.269 39.9252
116.247 39.9133
116.253 39.9164
116.259 39.9068
116.263 39.9025
116.266 39.8959
116.27 39.8787
116.275 39.8676
116.272 39.876
116.268 39.9037
116.277 39.9177
116.277 39.9087
116.277 39.906
116.277 39.9016
116.277 39.8998
116.277 39.8998
116.277 39.8999
116.25 39.8959
116.196 39.9236
116.194 39.9236
116.233 39.9062
116.268 39.8857
116.24 39.8598
116.216 39.8444
116.207 39.8253
116.171 39.7815
116.113 39.7375
116.077 39.7162
116.016 39.7059
116 39.7011
115.979 39.6896
115.928 39.6794
115.911 39.6653
115.911 39.6656
115.911 39.6656
115.911 39.6656
115.911 39.6656
115.911 39.6655
115.911 39.6656
115.911 39.6656
115.911 39.6656
115.911 39.6656
115.911 39.6656
115.911 39.6655
115.911 39.6655
115.911 39.6655
115.911 39.6656
115.911 39.6655
115.911 39.6655
115.911 39.6655
115.911 39.6656
115.911 39.6656
115.911 39.6656
115.911 39.6655
115.911 39.6655
115.911 39.6656
115.911 39.6655
115.911 39.6656
115.911 39.6655
115.911 39.6655
115.911 39.6655
115.911 39.6655
115.911 39.6655
115.911 39.6655
115.911 39.6655
115.911 39.6655
115.911 39.6655
115.911 39.6655
115.911 39.6655
115.911 39.6654
115.911 39.6655
115.911 39.6655
115.911 39.6655
115.911 39.6655
115.911 39.6655
115.911 39.6655
115.911 39.6655
115.911 39.6656
115.911 39.6655
115.911 39.6656
115.911 39.6656
115.911 39.6656
115.911 39.6656
115.911 39.6656
115.911 39.6656
115.911 39.6656
115.911 39.6656
115.911 39.6656
115.911 39.6656
115.911 39.6656
115.911 39.6656
115.911 39.6656
115.911 39.6656
115.911 39.6656
115.911 39.6656
115.911 39.6656
115.911 39.6656
115.911 39.6656
115.911 39.6656
115.911 39.6656
115.911 39.6656
115.911 39.6656
115.911 39.6655
115.911 39.6655
115.911 39.6655
115.911 39.6655
115.911 39.6655
115.911 39.6655
115.911 39.6656
115.911 39.6656
115.911 39.6656
115.911 39.6655
115.911 39.6655
115.911 39.6656
115.911 39.6655
115.911 39.6655
115.911 39.6656
115.911 39.6654
115.911 39.6656
115.911 39.6655
115.911 39.6655
115.911 39.6656
115.911 39.6655
115.911 39.6656
115.911 39.6656
115.911 39.6655
115.911 39.6655
115.911 39.6656
115.911 39.6655
115.911 39.6656
115.911 39.6656
115.911 39.6656
115.911 39.6655
115.911 39.6655
115.911 39.6655
115.911 39.6656
115.911 39.6656
115.911 39.6656
115.911 39.6654
115.911 39.6655
115.911 39.6655
115.911 39.6655
115.911 39.6655
115.911 39.6656
115.911 39.6655
115.911 39.6656
115.911 39.6655
115.911 39.6655
115.911 39.6655
115.911 39.6655
115.911 39.6655
115.911 39.6655
115.911 39.6656
115.911 39.6655
115.911 39.6655
115.911 39.6656
115.917 39.6742
115.965 39.678
115.965 39.678
115.985 39.6957
116.006 39.7026
116.057 39.7131
116.106 39.7206
116.129 39.7374
116.156 39.7555
116.2 39.7506
116.2 39.7506
116.217 39.7642
116.267 39.7689
116.281 39.8022
116.284 39.8261
116.286 39.8355
116.29 39.8435
116.277 39.8543
116.284 39.863
116.307 39.8661
116.33 39.8667
116.347 39.8682
116.364 39.8686
116.416 39.87
116.454 39.9056
116.455 39.8979
116.449 39.862
116.449 39.862
116.406 39.8558
116.378 39.8604
116.378 39.8604
116.378 39.8776
116.348 39.8822
116.339 39.8884
116.324 39.8887
116.311 39.8864
116.272 39.8642
116.259 39.8612
116.275 39.8639
116.273 39.8718
116.274 39.8692
116.274 39.8692
116.274 39.8692
116.274 39.8693
116.274 39.8693
116.304 39.8574
116.308 39.8654
116.308 39.8654
116.329 39.8667
116.329 39.8667
116.391 39.8702
116.43 39.9233
116.421 39.9232
116.4 39.9229
116.403 39.9117
116.4 39.9226
116.4 39.9226
116.397 39.9321
116.367 39.9314
116.35 39.9217
116.351 39.9007
116.337 39.8873
116.333 39.876
116.321 39.8817
116.32 39.8885
116.32 39.896
116.315 39.9059
116.304 39.8989
116.304 39.8854
116.324 39.8666
116.376 39.8694
116.395 39.8641
116.407 39.8655
116.394 39.8751
116.381 39.8789
116.365 39.8688
116.343 39.8775
116.344 39.8971
116.304 39.9002
116.308 39.9223
116.304 39.9229
116.277 39.9232
116.269 39.9263
116.268 39.9165
116.259 39.9229
116.259 39.9265
116.259 39.9265
116.263 39.9324
116.266 39.9286
116.278 39.9228
116.289 39.9175
116.277 39.9118
116.268 39.9063
116.246 39.9027
116.208 39.9026
116.203 39.9002
116.216 39.9026
116.224 39.8924
116.246 39.8883
116.267 39.9059
116.271 39.8753
116.281 39.8751
116.289 39.8651
116.277 39.861
116.28 39.8371
116.284 39.8155
116.284 39.7955
116.242 39.7685
116.202 39.7612
116.134 39.7408
116.116 39.7295
116.116 39.7295
116.083 39.7169
116.029 39.7075
116 39.7011
115.985 39.696
115.952 39.6768
115.915 39.6733
115.911 39.6656
115.911 39.6657
115.911 39.6658
115.911 39.6657
115.911 39.6657
115.911 39.6657
115.911 39.6657
115.911 39.6657
115.911 39.6657
115.911 39.6657
115.911 39.6657
115.911 39.6657
115.911 39.6656
115.911 39.6657
115.911 39.6657
115.911 39.6657
115.911 39.6652
115.915 39.6651
115.915 39.6651
115.915 39.6651
115.915 39.6651
115.915 39.665
115.915 39.6651
115.915 39.6651
115.915 39.6651
115.915 39.6651
115.915 39.6651
115.915 39.6651
115.915 39.6651
115.915 39.665
115.915 39.6651
115.915 39.665
115.915 39.6651
115.915 39.665
115.915 39.6651
115.911 39.6652
115.911 39.6652
115.911 39.6652
115.911 39.6652
115.911 39.6652
115.911 39.6652
115.911 39.6652
115.911 39.6655
115.911 39.6655
115.911 39.6656
115.911 39.6655
115.911 39.6655
115.911 39.6655
115.911 39.6655
115.911 39.6655
115.911 39.6655
115.911 39.6655
115.911 39.6656
115.911 39.6655
115.911 39.6655
115.911 39.6655
115.911 39.6656
115.911 39.6655
115.911 39.6655
115.911 39.6655
115.911 39.6655
115.911 39.6654
115.911 39.6654
115.911 39.6655
115.911 39.6656
115.911 39.6655
115.911 39.6655
115.911 39.6655
115.911 39.6655
115.911 39.6655
115.911 39.6656
115.911 39.6656
115.911 39.6654
115.911 39.6655
115.911 39.6656
115.911 39.6656
115.911 39.6656
115.911 39.6656
115.911 39.6655
115.911 39.6655
115.911 39.6656
115.911 39.6655
115.911 39.6656
115.911 39.6656
115.911 39.6656
115.911 39.6656
115.911 39.6656
115.911 39.6656
115.911 39.6656
115.911 39.6656
115.911 39.6656
115.911 39.6656
115.911 39.6656
115.911 39.6656
115.911 39.6655
115.911 39.6655
115.911 39.6655
115.911 39.6655
115.911 39.6656
115.911 39.6656
115.911 39.6655
115.911 39.6656
115.911 39.6656
115.911 39.6656
115.911 39.6656
115.911 39.6655
115.911 39.6655
115.911 39.6656
115.911 39.6655
115.911 39.6655
115.911 39.6656
115.911 39.6656
115.911 39.6656
115.911 39.6655
115.911 39.6656
115.911 39.6654
115.911 39.6655
115.911 39.6656
115.911 39.6655
115.911 39.6655
115.911 39.6656
115.911 39.6656
115.911 39.6656
115.911 39.6655
115.911 39.6656
115.911 39.6655
115.911 39.6656
115.911 39.6656
115.911 39.6655
115.911 39.6654
115.911 39.6655
115.911 39.6655
115.911 39.6656
115.911 39.6655
115.911 39.6655
115.911 39.6655
115.911 39.6655
115.911 39.6655
115.911 39.6655
115.911 39.6656
115.911 39.6655
115.911 39.6655
115.911 39.6655
115.911 39.6655
115.911 39.6655
115.911 39.6656
115.911 39.6655
115.911 39.6655
115.911 39.6655
115.911 39.6655
115.911 39.6655
115.911 39.6655
115.911 39.6656
115.911 39.6655
115.911 39.6657
115.911 39.6655
115.911 39.6655
115.911 39.6655
115.911 39.6655
115.911 39.6656
115.911 39.6656
115.911 39.6656
115.911 39.6655
115.914 39.67
115.942 39.6786
115.942 39.6786
115.986 39.6966
116.021 39.7058
116.075 39.7157
116.108 39.7238
116.13 39.7381
116.165 39.7513
116.2 39.7506
116.217 39.7608
116.265 39.7687
116.283 39.7854
116.286 39.8062
116.284 39.8274
116.287 39.8398
116.297 39.8432
116.282 39.8411
116.283 39.8495
116.278 39.8481
116.273 39.8717
116.313 39.8958
116.315 39.8949
116.316 39.8884
116.305 39.8929
116.289 39.8988
116.259 39.9036
116.248 39.9063
116.258 39.9062
116.267 39.9061
116.267 39.9061
116.278 39.9061
116.287 39.906
116.289 39.891
116.291 39.8856
116.281 39.8661
116.277 39.8583
116.273 39.8457
116.288 39.8555
116.313 39.8544
116.324 39.8479
116.309 39.8649
116.298 39.8658
116.295 39.8789
116.336 39.8852
116.336 39.8852
116.336 39.8852
116.328 39.8887
116.315 39.8959
116.304 39.9116
116.304 39.9334
116.298 39.9433
116.284 39.9411
116.281 39.956
116.281 39.956
116.282 39.9573
116.268 39.9382
116.313 39.8957
116.323 39.8922
116.306 39.8954
116.259 39.8962
116.247 39.8954
116.262 39.9235
116.262 39.9235
116.262 39.9234
116.262 39.9235
116.263 39.9236
116.262 39.9238
116.262 39.9236
116.262 39.9232
116.26 39.9234
116.266 39.9275
116.279 39.9225
116.277 39.9015
116.271 39.8991
116.269 39.8809
116.253 39.8884
116.253 39.8884
116.275 39.9062
116.287 39.9062
116.306 39.9062
116.317 39.899
116.322 39.8991
116.337 39.8921
116.337 39.8884
116.335 39.8888
116.317 39.8883
116.289 39.897
116.288 39.9063
116.268 39.9062
116.268 39.8845
116.276 39.866
116.277 39.8504
116.278 39.8482
116.284 39.8605
116.28 39.8644
116.232 39.8533
116.22 39.8453
116.207 39.8224
116.165 39.7794
116.089 39.7188
116.026 39.7063
116 39.7011
115.971 39.6821
115.922 39.6761
115.911 39.6657
115.911 39.6656
115.911 39.6656
115.911 39.6656
115.911 39.6656
115.911 39.6656
115.911 39.6656
115.911 39.6656
115.911 39.6656
115.911 39.6656
115.911 39.6658
115.911 39.6656
115.911 39.6656
115.911 39.6656
115.911 39.6656
115.911 39.6656
115.911 39.6656
115.911 39.6656
115.911 39.6656
115.911 39.6655
115.911 39.6656
115.911 39.6656
115.911 39.6655
115.911 39.6655
115.911 39.6656
115.911 39.6656
115.911 39.6656
115.911 39.6656
115.911 39.6656
115.911 39.6656
115.911 39.6656
115.911 39.6656
115.911 39.6656
115.911 39.6656
115.911 39.6655
115.911 39.6656
115.911 39.6656
115.911 39.6656
115.911 39.6656
115.911 39.6656
115.911 39.6655
115.911 39.6655
115.911 39.6656
115.911 39.6656
115.911 39.6655
115.911 39.6655
115.911 39.6656
115.911 39.6656
115.911 39.6656
115.911 39.6655
115.911 39.6655
115.911 39.6656
115.911 39.6656
115.911 39.6655
115.911 39.6656
115.911 39.6656
115.911 39.6655
115.911 39.6656
115.911 39.6655
115.911 39.6656
115.911 39.6655
115.911 39.6656
115.911 39.6656
115.911 39.6656
115.911 39.6655
115.911 39.6655
115.911 39.6655
115.911 39.6655
115.911 39.6656
115.911 39.6656
115.911 39.6656
115.911 39.6656
115.911 39.6656
115.911 39.6656
115.911 39.6656
115.911 39.6656
115.911 39.6656
115.911 39.6656
115.911 39.6656
115.911 39.6656
115.911 39.6656
115.911 39.6656
115.911 39.6656
115.911 39.6657
115.911 39.6656
115.911 39.6656
115.911 39.6656
115.911 39.6656
115.911 39.6656
115.911 39.6656
115.911 39.6656
115.911 39.6656
115.911 39.6656
115.911 39.6656
115.911 39.6655
115.911 39.6655
115.911 39.6656
115.911 39.6654
115.911 39.6656
115.911 39.6656
115.911 39.6655
115.911 39.6655
115.911 39.6656
115.911 39.6656
115.911 39.6656
115.911 39.6656
115.911 39.6656
115.911 39.6656
115.911 39.6655
115.911 39.6656
115.911 39.6656
115.911 39.6655
115.911 39.6655
115.911 39.6656
115.911 39.6656
115.911 39.6655
115.911 39.6656
115.911 39.6656
115.911 39.6655
115.911 39.6655
115.911 39.6655
115.911 39.6655
115.911 39.6656
115.911 39.6656
115.911 39.6656
115.911 39.6656
115.911 39.6656
115.911 39.6655
115.911 39.6656
115.911 39.6656
115.911 39.6656
115.911 39.6656
115.911 39.6655
115.911 39.6656
115.911 39.6655
115.911 39.6655
115.911 39.6656
115.911 39.6656
115.911 39.6656
115.911 39.6656
115.911 39.6655
115.911 39.6655
115.911 39.6655
115.911 39.6656
115.911 39.6655
115.911 39.6656
115.911 39.6656
115.911 39.6655
115.914 39.6658
115.922 39.6758
115.97 39.681
116.011 39.7039
116.011 39.7039
116.018 39.7058
116.067 39.7146
116.108 39.7239
116.129 39.7377
116.148 39.7491
116.194 39.75
116.194 39.75
116.231 39.7682
116.279 39.7731
116.282 39.7922
116.284 39.8135
116.28 39.8348
116.287 39.8378
116.278 39.847
116.296 39.8569
116.293 39.8654
116.288 39.8624
116.275 39.8724
116.275 39.8727
116.259 39.888
116.259 39.8987
116.275 39.8991
116.279 39.8991
116.288 39.899
116.283 39.9063
116.268 39.9028
116.247 39.9071
116.257 39.9165
116.259 39.9068
116.268 39.8867
116.297 39.8653
116.291 39.8653
116.278 39.8581
116.279 39.8391
116.281 39.8343
116.281 39.8343
116.287 39.8337
116.287 39.8337
116.281 39.8386
116.281 39.8642
116.289 39.8756
116.295 39.8788
116.295 39.8788
116.295 39.8788
116.297 39.8798
116.289 39.8805
116.304 39.9045
116.353 39.8879
116.357 39.886
116.357 39.8858
116.365 39.8817
116.381 39.8775
116.392 39.8755
116.391 39.8796
116.372 39.8562
116.372 39.8561
116.372 39.8561
116.339 39.8482
116.339 39.8482
116.301 39.8567
116.288 39.8648
116.288 39.8648
116.273 39.8704
116.235 39.8578
116.219 39.8451
116.205 39.8392
116.202 39.8134
116.155 39.7715
116.102 39.721
116.051 39.712
116.001 39.7011
115.993 39.699
115.972 39.6831
115.921 39.6756
115.915 39.6674
115.915 39.6674
115.915 39.6674
115.915 39.6674
115.915 39.6673
115.915 39.6673
115.915 39.6673
115.915 39.6673
115.915 39.6674
115.915 39.6673
115.915 39.6673
115.915 39.6673
115.915 39.6673
115.915 39.6673
115.915 39.6673
115.915 39.6673
115.915 39.6673
115.915 39.6673
115.915 39.6673
115.915 39.6673
115.915 39.6673
115.915 39.6673
115.915 39.6673
115.915 39.6673
115.915 39.6673
115.915 39.6673
115.915 39.6673
115.915 39.6673
115.915 39.6673
115.915 39.6673
115.915 39.6673
115.915 39.6673
115.915 39.6673
115.915 39.6673
115.915 39.6674
115.915 39.6674
115.915 39.6674
115.915 39.6673
115.915 39.6673
115.915 39.6673
115.915 39.6673
115.915 39.6674
115.915 39.6674
115.915 39.6674
115.915 39.6674
115.915 39.6673
115.915 39.6673
115.915 39.6673
115.911 39.6656
115.911 39.6656
115.911 39.6657
115.911 39.6657
115.911 39.6657
115.911 39.6657
115.911 39.6655
115.911 39.6656
115.911 39.6656
115.911 39.6656
115.911 39.6655
115.911 39.6656
115.911 39.6656
115.911 39.6656
115.911 39.6656
115.911 39.6654
115.911 39.6656
115.911 39.6656
115.911 39.6656
115.911 39.6656
115.911 39.6656
115.911 39.6656
115.911 39.6655
115.911 39.6656
115.911 39.6656
115.911 39.6656
115.911 39.6656
115.911 39.6656
115.911 39.6657
115.911 39.6656
115.911 39.6655
115.911 39.6656
115.911 39.6656
115.911 39.6656
115.911 39.6656
115.911 39.6656
115.911 39.6656
115.911 39.6656
115.911 39.6655
115.911 39.6656
115.911 39.6656
115.911 39.6656
115.911 39.6656
115.911 39.6656
115.911 39.6656
115.911 39.6656
115.911 39.6656
115.911 39.6656
115.911 39.6656
115.911 39.6656
115.911 39.6656
115.911 39.6655
115.911 39.6656
115.911 39.6656
115.911 39.6655
115.911 39.6655
115.911 39.6656
115.911 39.6655
115.911 39.6655
115.911 39.6656
115.911 39.6655
115.911 39.6655
115.911 39.6656
115.911 39.6655
115.911 39.6656
115.911 39.6655
115.911 39.6656
115.911 39.6656
115.911 39.6655
115.911 39.6655
115.911 39.6655
115.911 39.6655
115.911 39.6656
115.911 39.6655
115.911 39.6656
115.911 39.6656
115.911 39.6656
115.911 39.6656
115.911 39.6655
115.911 39.6656
115.911 39.6657
115.911 39.6657
115.911 39.6656
115.911 39.6656
115.911 39.6656
115.911 39.6656
115.911 39.6656
115.911 39.6656
115.911 39.6656
115.911 39.6656
115.911 39.6656
115.911 39.6656
115.911 39.6656
115.911 39.6656
115.911 39.6656
115.911 39.6656
115.911 39.6656
115.911 39.6656
115.911 39.6656
115.911 39.6655
115.911 39.6656
115.911 39.6656
115.911 39.6655
115.911 39.6656
115.911 39.6656
115.911 39.6655
115.911 39.6655
115.911 39.6656
115.911 39.6656
115.911 39.6656
115.911 39.6655
115.911 39.6654
115.911 39.6655
115.911 39.6655
115.911 39.6656
115.911 39.6655
115.911 39.6656
115.911 39.6656
115.911 39.6655
115.911 39.6656
115.911 39.6656
115.911 39.6655
115.911 39.6655
115.911 39.6655
115.911 39.6655
115.911 39.6656
115.911 39.6655
115.911 39.6655
115.911 39.6656
115.911 39.6655
115.911 39.6656
115.911 39.6656
115.911 39.6655
115.911 39.6656
115.911 39.6655
115.911 39.6655
115.911 39.6655
115.911 39.6656
115.911 39.6656
115.911 39.6656
115.911 39.6655
115.911 39.6655
115.911 39.6656
115.911 39.6656
115.911 39.6656
115.911 39.6655
115.911 39.6656
115.911 39.6656
115.911 39.6655
115.911 39.6656
115.911 39.6655
115.911 39.6656
115.911 39.6656
115.911 39.6656
115.911 39.6655
115.911 39.6656
115.911 39.6656
115.911 39.6656
115.911 39.6656
115.911 39.6656
115.911 39.6656
115.911 39.6656
115.911 39.6656
115.911 39.6656
115.911 39.6656
115.911 39.6656
115.911 39.6656
115.911 39.6656
115.911 39.6656
115.911 39.6657
115.911 39.6652
115.904 39.6666
115.904 39.6666
115.904 39.6666
115.904 39.6667
115.904 39.6666
115.904 39.6666
115.904 39.6667
115.909 39.6651
115.911 39.6656
115.911 39.6655
115.911 39.6655
115.911 39.6655
115.911 39.6656
115.911 39.6655
115.911 39.6655
115.911 39.6655
115.911 39.6655
115.911 39.6655
115.911 39.6655
115.911 39.6656
115.911 39.6655
115.911 39.6656
115.911 39.6655
115.911 39.6655
115.911 39.6655
115.911 39.6655
115.911 39.6656
115.911 39.6655
115.911 39.6656
115.911 39.6655
115.911 39.6655
115.911 39.6655
115.911 39.6655
115.911 39.6655
115.911 39.6656
115.911 39.6655
115.911 39.6655
115.911 39.6656
115.911 39.6656
115.911 39.6655
115.911 39.6656
115.911 39.6656
115.911 39.6655
115.911 39.6655
115.911 39.6655
115.911 39.6655
115.911 39.6656
115.911 39.6656
115.911 39.6656
115.911 39.6656
115.911 39.6655
115.911 39.6656
115.911 39.6655
115.911 39.6655
115.911 39.6655
115.911 39.6654
115.911 39.6656
115.911 39.6656
115.911 39.6656
115.911 39.6657
115.911 39.6657
115.911 39.6656
115.911 39.6657
115.911 39.6656
115.911 39.6656
115.911 39.6656
115.911 39.6656
115.911 39.6656
115.911 39.6655
115.911 39.6657
115.911 39.6656
115.911 39.6656
115.911 39.6655
115.911 39.6656
115.911 39.6656
115.911 39.6656
115.911 39.6656
115.911 39.6655
115.911 39.6656
115.911 39.6655
115.911 39.6656
115.911 39.6655
115.911 39.6656
115.911 39.6655
115.911 39.6655
115.911 39.6655
115.911 39.6655
115.911 39.6655
115.911 39.6655
115.911 39.6655
115.911 39.6655
115.911 39.6656
115.911 39.6655
115.911 39.6656
115.911 39.6655
115.911 39.6655
115.911 39.6655
115.911 39.6656
115.911 39.6656
115.911 39.6656
115.911 39.6656
115.911 39.6655
115.911 39.6656
115.911 39.6656
115.911 39.6656
115.911 39.6655
115.911 39.6655
115.911 39.6656
115.911 39.6655
115.911 39.6655
115.911 39.6656
115.911 39.6655
115.911 39.6656
115.911 39.6656
115.911 39.6655
115.911 39.6656
115.911 39.6655
115.911 39.6655
115.911 39.6656
115.911 39.6655
115.911 39.6655
115.911 39.6655
115.911 39.6655
115.911 39.6655
115.911 39.6656
115.911 39.6656
115.911 39.6656
115.911 39.6656
115.911 39.6656
115.911 39.6656
115.911 39.6656
115.911 39.6656
115.911 39.6656
115.911 39.6656
115.911 39.6655
115.911 39.6655
115.911 39.6655
115.911 39.6655
115.911 39.6655
115.911 39.6656
115.911 39.6656
115.911 39.6656
115.911 39.6655
115.911 39.6656
115.911 39.6655
115.911 39.6655
115.911 39.6655
115.911 39.6656
115.911 39.6656
115.911 39.6656
115.911 39.6656
115.911 39.6655
115.911 39.6655
115.911 39.6655
115.911 39.6655
115.911 39.6655
115.911 39.6655
115.911 39.6655
115.911 39.6655
115.911 39.6655
115.911 39.6654
115.911 39.6655
115.911 39.6655
115.911 39.6655
115.911 39.6654
115.911 39.6655
115.911 39.6655
115.911 39.6656
115.911 39.6655
115.911 39.6655
115.911 39.6655
115.911 39.6655
115.911 39.6655
115.911 39.6656
115.911 39.6655
115.911 39.6655
115.911 39.6656
115.911 39.6656
115.911 39.6656
115.911 39.6655
115.911 39.6656
115.911 39.6655
115.911 39.6656
115.911 39.6656
115.911 39.6656
115.911 39.6656
115.911 39.6655
115.911 39.6655
115.911 39.6656
115.911 39.6656
115.911 39.6656
115.911 39.6656
115.911 39.6656
115.911 39.6656
115.911 39.6655
115.911 39.6656
115.911 39.6656
115.911 39.6656
115.911 39.6655
115.911 39.6655
115.911 39.6655
115.911 39.6656
115.911 39.6656
115.911 39.6655
115.911 39.6656
115.911 39.6655
115.911 39.6656
115.911 39.6655
115.911 39.6655
115.911 39.6655
115.911 39.6655
115.911 39.6656
115.911 39.6656
115.911 39.6656
115.911 39.6656
115.911 39.6656
115.911 39.6655
115.911 39.6655
115.911 39.6655
115.911 39.6656
115.911 39.6656
115.911 39.6656
115.911 39.6656
115.911 39.6656
115.911 39.6656
115.911 39.6656
115.911 39.6655
115.911 39.6656
115.911 39.6655
115.911 39.6656
115.911 39.6654
115.911 39.6655
115.911 39.6655
115.911 39.6655
115.911 39.6655
115.911 39.6656
115.911 39.6656
115.911 39.6655
115.911 39.6655
115.911 39.6655
115.911 39.6655
115.911 39.6654
115.911 39.6655
115.911 39.6655
115.911 39.6655
115.911 39.6655
115.911 39.6655
115.911 39.6654
115.911 39.6655
115.911 39.6655
115.911 39.6655
115.911 39.6656
115.911 39.6655
115.911 39.6655
115.911 39.6655
115.911 39.6655
115.911 39.6655
115.911 39.6657
115.911 39.6655
115.911 39.6656
115.911 39.6656
115.911 39.6656
115.911 39.6656
115.911 39.6656
115.911 39.6656
115.911 39.6656
115.911 39.6656
115.911 39.6655
115.911 39.6656
115.911 39.6655
115.911 39.6657
115.911 39.6656
115.911 39.6656
115.911 39.6655
115.925 39.6775
115.975 39.6851
116.002 39.7012
116.065 39.7144
116.109 39.7243
116.142 39.7453
116.208 39.7516
116.245 39.7685
116.286 39.7813
116.281 39.8045
116.284 39.8291
116.28 39.8405
116.291 39.8788
116.306 39.8952
116.268 39.9059
116.27 39.9554
116.269 39.9478
116.27 39.9537
116.267 39.9273
116.294 39.931
116.305 39.9222
116.316 39.9269
116.316 39.9269
116.326 39.9098
116.326 39.9098
116.298 39.9118
116.317 39.9097
116.339 39.9058
116.346 39.8984
116.354 39.8976
116.368 39.8975
116.357 39.8981
116.324 39.8887
116.304 39.893
116.304 39.9232
116.279 39.9265
116.269 39.9182
116.253 39.9206
116.266 39.9061
116.279 39.8959
116.279 39.8959
116.305 39.8687
116.281 39.8582
116.256 39.8658
116.259 39.847
116.279 39.8426
116.277 39.8603
116.271 39.8956
116.295 39.9062
116.304 39.8931
116.304 39.8931
116.31 39.8856
116.305 39.9016
116.278 39.9064
116.279 39.9222
116.269 39.9279
116.263 39.946
116.268 39.9461
116.284 39.9581
116.275 39.9399
116.246 39.946
116.229 39.9468
116.283 39.9457
116.302 39.9588
116.327 39.9661
116.303 39.9469
116.289 39.9412
116.294 39.9226
116.304 39.8984
116.369 39.8689
116.387 39.8686
116.359 39.869
116.358 39.8668
116.358 39.8589
116.326 39.8477
116.29 39.8565
116.28 39.8644
116.232 39.8554
116.232 39.8554
116.204 39.8429
116.178 39.8396
116.169 39.8165
116.173 39.8126
116.191 39.8076
116.203 39.8294
116.201 39.8124
116.153 39.7692
116.107 39.7308
116.076 39.7161
116.023 39.706
115.999 39.7003
115.978 39.6928
115.978 39.6928
115.978 39.6915
115.972 39.6829
115.932 39.6791
115.918 39.6646
115.911 39.6655
115.911 39.6655
115.911 39.6655
115.911 39.6656
115.911 39.6656
115.911 39.6656
115.911 39.6656
115.911 39.6656
115.911 39.6656
115.911 39.6656
115.911 39.6656
115.911 39.6656
115.911 25.1715
115.911 25.1715
115.911 39.6656
115.911 39.6655
115.911 39.6656
115.911 39.6656
115.911 39.6656
115.911 39.6656
115.911 39.6656
115.911 39.6655
115.911 39.6656
115.911 39.6656
115.911 39.6656
115.911 39.6656
115.911 39.6656
115.911 39.6656
115.911 39.6656
115.911 39.6655
115.911 39.6656
115.911 39.6656
115.911 39.6656
115.911 39.6656
115.911 39.6656
115.911 39.6657
115.911 39.6656
115.911 39.6656
115.911 39.6656
115.911 39.6655
115.911 39.6656
115.911 39.6656
115.911 39.6656
115.911 39.6656
115.911 39.6656
115.911 39.6656
115.911 39.6655
115.911 39.6657
115.911 39.6656
115.911 39.6654
115.911 39.6655
115.911 39.6656
115.911 39.6656
115.911 39.6656
115.911 39.6656
115.911 39.6656
115.911 39.6656
115.911 39.6655
115.911 39.6656
115.911 39.6655
115.911 39.6656
115.911 39.6656
115.911 39.6656
115.911 39.6655
115.911 39.6656
115.911 39.6656
115.911 39.6656
115.911 39.6656
115.911 39.6656
115.911 39.6655
115.911 39.6656
115.911 39.6655
115.911 39.6655
115.911 39.6656
115.911 39.6656
115.911 39.6656
115.911 39.6656
115.911 39.6656
115.911 39.6656
115.911 39.6656
115.911 39.6655
115.911 39.6655
115.911 39.6656
115.911 39.6655
115.911 39.6656
115.911 39.6656
115.911 39.6655
115.911 39.6656
115.911 39.6656
115.911 39.6656
115.911 39.6656
115.911 39.6655
115.911 39.6656
115.911 39.6656
115.911 39.6656
115.911 39.6656
115.911 39.6656
115.911 39.6656
115.911 39.6656
115.911 39.6656
115.911 39.6656
115.911 39.6656
115.911 39.6656
115.911 39.6656
115.911 39.6655
115.911 39.6656
115.911 39.6656
115.911 39.6656
115.911 39.6656
115.911 39.6655
115.911 39.6656
115.911 39.6656
115.911 39.6655
115.911 39.6655
115.911 39.6656
115.911 39.6656
115.911 39.6656
115.911 39.6655
115.911 39.6656
115.911 39.6656
115.911 39.6656
115.911 39.6656
115.911 39.6656
115.911 39.6656
115.911 39.6656
115.911 39.6656
115.911 39.6656
115.911 39.6655
115.911 39.6656
115.911 39.6655
115.911 39.6656
115.911 39.6656
115.911 39.6656
115.911 39.6656
115.911 39.6656
115.911 39.6656
115.911 39.6655
115.911 39.6655
115.911 39.6656
115.911 39.6655
115.911 39.6656
115.911 39.6656
115.911 39.6656
115.911 39.6655
115.911 39.6656
115.911 39.6656
115.911 39.6655
115.911 39.6656
115.911 39.6656
115.911 39.6656
115.911 39.6655
115.911 39.6656
115.911 39.6655
115.911 39.6655
115.911 39.6655
115.911 39.6655
115.911 39.6655
115.911 39.6656
115.911 39.6656
115.911 39.6656
115.911 39.6656
115.911 39.6656
115.911 39.6656
115.911 39.6656
115.911 39.6656
115.911 39.6655
115.911 39.6655
115.911 39.6656
115.911 39.6656
115.911 39.6655
115.911 39.6656
115.911 39.6656
115.911 39.6656
115.911 39.6655
115.911 39.6656
115.911 39.6656
115.911 39.6656
115.911 39.6656
115.911 39.6656
115.911 39.6656
115.911 39.6656
115.911 39.6656
115.911 39.6655
115.911 39.6657
115.911 39.6656
115.911 39.6657
115.911 39.6655
115.911 39.6655
115.914 39.6668
115.927 39.6787
115.974 39.6839
116.008 39.7032
116.056 39.713
116.106 39.7215
116.129 39.7377
116.156 39.7554
116.205 39.7512
116.214 39.7532
116.247 39.7685
116.283 39.7781
116.281 39.8014
116.284 39.8237
116.286 39.8348
116.318 39.8271
116.319 39.829
116.34 39.8423
116.343 39.8757
116.352 39.888
116.368 39.8879
116.374 39.8898
116.368 39.8749
116.365 39.8533
116.364 39.8448
116.364 39.8448
116.364 39.8448
116.354 39.8448
116.353 39.8415
116.34 39.8452
116.312 39.8559
116.312 39.8559
116.278 39.8989
116.269 39.8826
116.286 39.8295
116.339 39.8213
116.365 39.8083
116.371 39.7953
116.372 39.7955
116.392 39.8015
116.396 39.816
116.383 39.8307
116.381 39.8328
116.339 39.8242
116.336 39.7689
116.336 39.7689
116.338 39.7306
116.339 39.7458
116.336 39.7748
116.316 39.7933
116.307 39.8179
116.299 39.8392
116.279 39.8419
116.288 39.858
116.278 39.8624
116.259 39.8798
116.247 39.8988
116.218 39.9027
116.2 39.9096
116.201 39.9199
116.201 39.9199
116.257 39.9228
116.277 39.9127
116.296 39.9112
116.277 39.9064
116.259 39.906
116.259 39.9006
116.282 39.9149
116.282 39.9181
116.278 39.9185
116.269 39.9196
116.267 39.9066
116.291 39.9062
116.326 39.9059
116.305 39.9108
116.289 39.9111
116.277 39.9055
116.258 39.8884
116.247 39.9023
116.247 39.9207
116.249 39.9282
116.268 39.924
116.258 39.9091
116.231 39.9062
