116.471 39.9719
116.471 39.9719
116.471 39.9719
116.471 39.9719
116.463 39.9614
116.451 39.9557
116.451 39.956
116.455 39.911
116.457 39.9059
116.456 39.9054
116.468 39.9066
116.472 39.9024
116.471 39.8942
116.455 39.8845
116.433 39.8576
116.418 39.8566
116.418 39.8482
116.418 39.8482
116.418 39.8482
116.422 39.8572
116.415 39.871
116.415 39.874
116.416 39.8575
116.408 39.8606
116.409 39.8602
116.416 39.8575
116.416 39.863
116.415 39.8738
116.415 39.8784
116.412 39.8956
116.409 39.8957
116.406 39.9014
116.406 39.9036
116.412 39.9059
116.412 39.908
116.412 39.9085
116.412 39.9085
116.412 39.9084
116.412 39.9083
116.412 39.9083
116.412 39.9083
116.401 39.9066
116.39 39.8988
116.379 39.8883
116.368 39.8938
116.369 39.8938
116.368 39.8976
116.385 39.8988
116.393 39.9016
116.411 39.9066
116.435 39.9058
116.432 39.9071
116.432 39.9071
116.424 39.9073
116.424 39.9073
116.424 39.9073
116.424 39.9073
116.421 39.9137
116.412 39.914
116.402 39.9169
116.402 39.9169
116.412 39.9129
116.412 39.9129
116.412 39.9118
116.412 39.9009
116.412 39.8972
116.411 39.8954
116.409 39.8955
116.405 39.9005
116.405 39.9017
116.393 39.905
116.38 39.906
116.358 39.9063
116.35 39.9157
116.35 39.9281
116.334 39.9371
116.323 39.9375
116.319 39.9323
116.32 39.9234
116.328 39.9168
116.328 39.9097
116.323 39.9064
116.318 39.9098
116.315 39.9098
116.312 39.9099
116.309 39.9099
116.305 39.9107
116.303 39.9113
116.303 39.9115
116.3 39.9117
116.297 39.9117
116.308 39.9199
116.308 39.9199
116.309 39.9224
116.324 39.9219
116.326 39.9218
116.346 39.9222
116.347 39.9223
116.347 39.9235
116.343 39.9228
116.343 39.9228
116.343 39.9254
116.343 39.9254
116.347 39.9239
116.359 39.922
116.366 39.9103
116.367 39.9103
116.365 39.906
116.36 39.9061
116.347 39.906
116.331 39.9065
116.322 39.9062
116.312 39.9063
116.304 39.948
116.303 39.9476
116.3 39.9425
116.3 39.9426
116.3 39.9426
116.283 39.9475
116.275 39.953
116.279 39.9544
116.289 39.9544
116.282 39.9226
116.289 39.9227
116.304 39.9227
116.322 39.922
116.33 39.9216
116.338 39.9236
116.343 39.9268
116.343 39.9335
116.328 39.9311
116.305 39.9311
116.304 39.9168
116.304 39.9099
116.304 39.8987
116.308 39.8591
116.32 39.8393
116.317 39.8394
116.307 39.8355
116.307 39.8351
116.315 39.8458
116.318 39.8465
116.323 39.8481
116.307 39.8624
116.309 39.8649
116.314 39.8876
116.345 39.8882
116.366 39.8878
116.388 39.8889
116.412 39.8915
116.453 39.8923
116.456 39.893
116.458 39.896
116.459 39.896
116.467 39.8931
116.464 39.8922
116.464 39.8922
116.464 39.8922
116.464 39.8922
116.464 39.8922
116.464 39.8922
116.464 39.8922
116.464 39.8922
116.464 39.8922
116.464 39.8922
116.464 39.8922
116.464 39.8922
116.464 39.8922
116.464 39.8922
116.464 39.8922
116.464 39.8922
116.464 39.8922
116.464 39.8922
116.464 39.8922
116.464 39.8922
116.464 39.8922
116.464 39.8922
116.464 39.8922
116.464 39.8922
116.464 39.8922
116.464 39.8922
116.464 39.8922
116.464 39.8922
116.464 39.8922
116.464 39.8922
116.459 39.8922
116.454 39.9074
116.449 39.9072
116.45 39.9182
116.451 39.9072
116.404 39.9068
116.39 39.9219
116.387 39.9268
116.39 39.9269
116.39 39.9269
116.39 39.9269
116.399 39.932
116.411 39.9241
116.412 39.9072
116.413 39.8858
116.414 39.856
116.338 39.847
116.342 39.8581
116.367 39.8686
116.368 39.8729
116.368 39.8932
116.368 39.8978
116.369 39.9039
116.412 39.9079
116.406 39.9141
116.404 39.9141
116.429 39.9125
116.48 39.9045
116.404 39.9067
116.384 39.8926
116.378 39.8902
116.372 39.888
116.355 39.8881
116.344 39.8889
116.357 39.898
116.368 39.8984
116.37 39.9055
116.37 39.9055
116.379 39.9059
116.393 39.9062
116.412 39.9165
116.411 39.9226
116.411 39.9356
116.417 39.9396
116.437 39.9398
116.444 39.9461
116.455 39.9295
116.455 39.9295
116.455 39.918
116.454 39.9187
116.641 40.3176
116.641 40.3176
116.444 39.9228
116.444 39.9363
116.444 39.943
116.447 39.9512
116.447 39.9511
116.447 39.9511
116.447 39.9511
116.447 39.9511
116.447 39.9511
116.449 39.9498
116.444 39.9452
116.435 39.9408
116.42 39.9397
116.391 39.9394
116.383 39.932
116.363 39.9311
116.35 39.931
116.343 39.9231
116.343 39.9254
116.343 39.9254
116.343 39.9254
116.343 39.9254
116.343 39.9254
116.343 39.9254
116.343 39.9254
116.343 39.9254
116.343 39.9254
116.343 39.9254
116.343 39.9254
116.343 39.9254
116.343 39.9254
116.343 39.9254
116.343 39.9254
116.343 39.9254
116.343 39.9254
116.343 39.9254
116.343 39.9254
116.343 39.9254
116.343 39.9254
116.343 39.9254
116.343 39.9254
116.343 39.9254
116.343 39.9254
116.343 39.9254
116.343 39.9254
116.343 39.9254
116.343 39.9254
116.343 39.9254
116.343 39.9254
116.343 39.9254
116.343 39.9254
116.343 39.9254
116.343 39.9254
116.343 39.9254
116.343 39.9254
116.343 39.9254
116.343 39.9254
116.343 39.9254
116.343 39.9254
116.343 39.9254
116.343 39.9254
116.343 39.9254
116.343 39.9254
116.343 39.9254
116.343 39.9254
116.343 39.9254
116.343 39.9254
116.417 39.9481
116.475 39.9805
116.54 40.0246
116.579 40.0465
116.583 40.0647
116.509 40.0118
116.509 40.0118
116.471 39.9719
116.475 39.9723
116.483 39.9873
116.579 40.0469
116.582 40.0726
116.583 40.0628
116.542 40.0256
116.531 40.0215
116.482 39.9874
116.48 39.9864
116.48 39.9768
116.468 39.9661
116.45 39.9498
116.444 39.9417
116.44 39.9246
116.432 39.923
116.429 39.9231
116.42 39.918
116.42 39.9133
116.412 39.9114
116.428 39.9468
116.458 39.9571
116.477 39.9696
116.477 39.9696
116.47 39.9675
116.456 39.9556
116.455 39.9548
116.442 39.9608
116.442 39.9608
116.441 39.9707
116.441 39.971
116.457 39.9847
116.458 39.9855
116.472 39.9788
116.472 39.9788
116.481 39.9869
116.5 40.0043
116.501 40.0052
116.519 40.0271
116.521 40.029
116.521 40.0335
116.521 40.0335
116.522 40.0336
116.522 40.0336
116.522 40.0336
116.522 40.0336
116.522 40.0336
116.522 40.0336
116.522 40.0336
116.522 40.0336
116.522 40.0336
116.522 40.0336
116.522 40.0336
116.522 40.0336
116.522 40.0336
116.522 40.0336
116.522 40.0336
116.522 40.0336
116.522 40.0336
116.522 40.0336
116.522 40.0336
116.522 40.0336
116.522 40.0336
116.522 40.0336
116.522 40.0336
116.522 40.0336
116.522 40.0336
116.522 40.0336
116.522 40.0336
116.522 40.0336
116.522 40.0336
116.499 40.0248
116.499 40.0227
116.489 40.0086
116.489 40.0086
116.488 40.0087
116.486 40.0067
116.486 40.0067
116.486 40.0067
116.486 40.0067
116.48 40.004
116.477 40.0042
116.462 39.9942
116.462 39.9942
116.462 39.9942
116.458 39.996
116.436 39.9878
116.413 39.9821
116.407 39.9865
116.407 39.987
116.432 39.9857
116.433 39.9853
116.425 39.9824
116.419 39.972
116.418 39.9793
116.418 39.9831
116.444 39.9824
116.484 39.9415
116.473 39.9041
116.47 39.8992
116.462 39.8991
116.454 39.9036
116.456 39.9116
116.456 39.9333
116.461 39.9466
116.463 39.9459
116.466 39.9327
116.483 39.9202
116.483 39.9202
116.486 39.9136
116.485 39.9126
116.481 39.9074
116.473 39.9096
116.47 39.9092
116.466 39.9073
116.457 39.9122
116.452 39.9186
116.455 39.9076
116.449 39.912
116.452 39.9135
116.453 39.9134
116.444 39.9225
116.444 39.9319
116.435 39.9415
116.435 39.9415
116.431 39.9438
116.432 39.9446
116.441 39.9491
116.442 39.95
116.455 39.9479
116.436 39.9648
116.421 39.9878
116.405 39.9937
116.405 39.9937
116.395 39.9871
116.374 39.97
116.364 39.9653
116.362 39.9604
116.362 39.9604
116.365 39.9541
116.366 39.9497
116.365 39.9483
116.356 39.9446
116.353 39.9477
116.351 39.9506
116.35 39.9489
116.35 39.9435
116.349 39.933
116.349 39.933
116.349 39.923
116.349 39.923
116.338 39.922
116.335 39.9217
116.347 39.9218
116.357 39.9224
116.358 39.921
116.367 39.9173
116.371 39.9156
116.371 39.9134
116.368 39.9107
116.368 39.9031
116.368 39.9011
116.368 39.899
116.368 39.8954
116.368 39.8885
116.361 39.877
116.361 39.877
116.358 39.8828
116.358 39.883
116.358 39.8866
116.358 39.8866
116.366 39.8878
116.367 39.8878
116.381 39.8881
116.404 39.8913
116.414 39.8845
116.415 39.8795
116.435 39.8577
116.419 39.8567
116.399 39.8558
116.382 39.8559
116.378 39.844
116.369 39.8433
116.368 39.8431
116.365 39.8448
116.37 39.8492
116.379 39.8481
116.381 39.8519
116.387 39.8555
116.398 39.8554
116.408 39.8602
116.416 39.8697
116.413 39.8909
116.427 39.9071
116.429 39.9043
116.458 39.8994
116.468 39.8993
116.468 39.8993
116.468 39.8993
116.468 39.8993
116.468 39.8993
116.468 39.8993
116.468 39.8993
116.468 39.8993
116.468 39.8993
116.468 39.8993
116.468 39.8993
116.468 39.8993
116.471 39.8987
116.468 39.8922
116.467 39.8922
116.456 39.8922
116.459 39.8878
116.457 39.8874
116.455 39.8956
116.456 39.9038
116.462 39.9123
116.485 39.9142
116.511 39.9153
116.512 39.9103
116.51 39.9103
116.506 39.907
116.495 39.9071
116.473 39.9072
116.472 39.9091
116.466 39.9076
116.468 39.9085
116.477 39.9141
116.492 39.9099
116.493 39.9104
116.49 39.91
116.487 39.91
116.488 39.9143
116.515 39.9156
116.522 39.9158
116.514 39.9156
116.503 39.9148
116.488 39.9144
116.472 39.9094
116.485 39.9217
116.496 39.9315
116.496 39.9345
116.483 39.9301
116.473 39.9299
116.472 39.924
116.484 39.9011
116.484 39.9011
116.478 39.847
116.466 39.835
116.472 39.8401
116.473 39.853
116.462 39.8589
116.458 39.87
116.462 39.8758
116.456 39.8832
116.435 39.8831
116.411 39.8867
116.407 39.8716
116.404 39.8677
116.405 39.8672
116.408 39.8638
116.408 39.8605
116.381 39.8514
116.38 39.8426
116.381 39.8462
116.381 39.8539
116.401 39.8554
116.401 39.8546
116.407 39.8525
116.414 39.8416
116.415 39.8417
116.413 39.8435
116.413 39.8435
116.416 39.8559
116.416 39.8563
116.432 39.8645
116.433 39.8652
116.436 39.883
116.443 39.8832
116.455 39.8847
116.456 39.8898
116.456 39.8898
116.454 39.8957
116.454 39.8958
116.467 39.8953
116.467 39.8952
116.467 39.8952
116.467 39.8952
116.467 39.8951
116.467 39.8951
116.467 39.8951
116.467 39.8951
116.467 39.8951
116.467 39.8951
116.467 39.8951
116.467 39.8951
116.467 39.8945
116.484 39.9111
116.511 39.9236
116.506 39.9342
116.506 39.9342
116.507 39.9336
116.509 39.9221
116.496 39.9225
116.499 39.9306
116.499 39.9307
116.494 39.9302
116.52 39.9403
116.545 39.9405
116.553 39.9402
116.538 39.9403
116.532 39.9404
116.507 39.9379
116.498 39.9354
116.475 39.9274
116.472 39.9297
116.462 39.9218
116.463 39.9187
116.472 39.9124
116.472 39.9081
116.467 39.8955
116.467 39.895
116.467 39.895
116.465 39.8958
116.472 39.9049
116.47 39.904
116.467 39.895
116.467 39.895
116.466 39.895
116.466 39.895
116.466 39.895
116.466 39.895
116.466 39.895
116.466 39.895
116.466 39.895
116.466 39.895
116.466 39.8949
116.466 39.8949
116.466 39.8949
116.466 39.8949
116.466 39.8949
116.466 39.8949
116.466 39.8949
116.466 39.8949
116.466 39.8949
116.466 39.895
116.466 39.895
116.466 39.895
116.466 39.895
116.466 39.895
116.466 39.895
116.466 39.895
116.466 39.895
116.466 39.8949
116.466 39.8949
116.466 39.8949
116.466 39.895
116.466 39.895
116.466 39.8949
116.466 39.8949
116.466 39.8949
116.466 39.8949
116.466 39.8949
116.466 39.8949
116.467 39.8949
116.466 39.8949
116.466 39.8949
116.466 39.8949
116.466 39.8949
116.466 39.8949
116.466 39.8949
116.466 39.8949
116.466 39.895
116.466 39.895
116.466 39.895
116.466 39.895
116.466 39.895
116.466 39.895
116.466 39.895
116.466 39.895
116.466 39.895
116.466 39.895
116.466 39.895
116.466 39.895
116.466 39.895
116.466 39.895
116.466 39.895
116.466 39.895
116.466 39.895
116.466 39.895
116.466 39.895
116.466 39.895
116.466 39.8949
116.466 39.8949
116.466 39.8949
116.466 39.8949
116.466 39.8949
116.466 39.8949
116.467 39.8949
116.467 39.8949
116.467 39.8949
116.467 39.8949
116.467 39.8949
116.467 39.8949
116.467 39.8949
116.467 39.8949
116.467 39.8949
116.467 39.8949
116.472 39.9025
116.484 39.941
116.484 39.9883
116.579 40.0467
116.583 40.076
116.587 40.0769
116.584 40.0797
116.581 40.0793
116.581 40.0687
116.582 40.0651
116.57 40.0632
116.57 40.0632
116.569 40.0635
116.552 40.08
116.552 40.08
116.551 40.0759
116.55 40.0718
116.55 40.0718
116.55 40.0718
116.55 40.0718
116.55 40.0718
116.55 40.0718
116.55 40.0718
116.55 40.0718
116.55 40.0718
116.55 40.0718
116.55 40.0718
116.55 40.0718
116.55 40.0718
116.55 40.0718
116.55 40.0718
116.55 40.0718
116.55 40.0718
116.55 40.0718
116.55 40.0718
116.55 40.0718
116.55 40.0718
116.55 40.0718
116.55 40.0718
116.55 40.0718
116.55 40.0718
116.55 40.0718
116.55 40.0718
116.55 40.0718
116.55 40.0718
116.55 40.0718
116.549 40.0638
116.541 40.057
116.528 40.0419
116.525 40.0365
116.525 40.0337
116.525 40.0337
116.525 40.0337
116.525 40.0337
116.525 40.0337
116.525 40.0337
116.525 40.0337
116.525 40.0337
116.525 40.0337
116.525 40.0337
116.525 40.0337
116.525 40.0337
116.525 40.0337
116.525 40.0337
116.525 40.0337
116.528 40.0337
116.522 40.0315
116.494 39.9997
116.471 39.9786
116.446 39.9563
116.458 39.9441
116.458 39.9441
116.458 39.9441
116.45 39.9473
116.44 39.9453
116.438 39.9428
116.438 39.9422
116.427 39.94
116.429 39.9115
116.438 39.883
116.445 39.8819
116.445 39.8751
116.45 39.8748
116.455 39.8802
116.428 39.883
116.416 39.8826
116.414 39.8854
116.422 39.892
116.429 39.9096
116.429 39.948
116.45 39.9791
116.381 39.9866
116.327 39.987
116.337 39.9917
116.347 39.9867
116.347 39.9882
116.346 39.992
116.335 39.9917
116.33 39.9915
116.331 39.9915
116.331 39.9915
116.331 39.9915
116.327 39.9915
116.3 39.9842
116.3 39.9842
116.295 39.9856
116.299 39.9852
116.302 39.9838
116.311 39.9752
116.311 39.9752
116.309 39.9639
116.303 39.9617
116.297 39.9515
116.298 39.9511
116.304 39.9426
116.304 39.9375
116.304 39.9375
116.304 39.9376
116.304 39.9226
116.304 39.9108
116.304 39.9083
116.303 39.9077
116.302 39.9075
116.302 39.9075
116.301 39.9068
116.301 39.9067
116.293 39.906
116.289 39.9161
116.291 39.9309
116.291 39.9366
116.276 39.9774
116.287 39.9926
116.29 39.992
116.308 39.9837
116.31 39.9813
116.327 39.9751
116.345 39.975
116.363 39.9753
116.381 39.9754
116.388 39.9606
116.389 39.9586
116.389 39.9586
116.391 39.9474
116.394 39.9474
116.401 39.9473
116.401 39.9474
116.402 39.9347
116.417 39.9322
116.428 39.9273
116.435 39.8977
116.449 39.883
116.45 39.8761
116.452 39.8762
116.45 39.8788
116.45 39.8797
116.454 39.8704
116.462 39.8723
116.455 39.8822
116.455 39.8826
116.456 39.8908
116.456 39.8908
116.455 39.9074
116.451 39.9105
116.451 39.9106
116.444 39.9206
116.435 39.9228
116.435 39.9228
116.425 39.9232
116.424 39.9232
116.456 39.9749
116.456 39.9749
116.407 39.9132
116.406 39.9129
116.406 39.9128
116.406 39.9128
116.405 39.9173
116.403 39.9305
116.402 39.939
116.408 39.9396
116.411 39.9355
116.404 39.932
116.403 39.932
116.404 39.9258
116.405 39.9195
116.411 39.9174
116.419 39.9229
116.429 39.9231
116.428 39.9391
116.454 39.9399
116.463 39.9435
116.463 39.9447
116.445 39.959
116.439 39.9603
116.432 39.9583
116.423 39.9582
116.372 39.9669
116.34 39.9752
116.328 39.9753
116.311 39.9793
116.311 39.9793
116.311 39.9762
116.329 39.9751
116.347 39.966
116.35 39.927
116.354 39.9156
116.346 39.9018
116.345 39.9018
116.335 39.8965
116.289 39.896
116.276 39.8989
116.273 39.8988
116.273 39.8988
116.276 39.8991
116.277 39.8998
116.277 39.9058
116.276 39.913
116.276 39.913
116.277 39.9068
116.286 39.9062
116.312 39.9061
116.316 39.9061
116.342 39.9059
116.35 39.9057
116.368 39.904
116.368 39.8944
116.368 39.8891
116.368 39.8891
116.368 39.875
116.36 39.864
116.359 39.8498
116.369 39.8459
116.369 39.8459
116.371 39.8492
116.371 39.8492
116.381 39.855
116.339 39.8482
116.321 39.8412
116.311 39.8494
116.305 39.8503
116.31 39.8478
116.315 39.8467
116.315 39.8468
116.32 39.8464
116.368 39.8555
116.389 39.8555
116.442 39.8554
116.449 39.847
116.448 39.8501
116.446 39.8598
116.431 39.8578
116.415 39.8562
116.415 39.8562
116.366 39.8555
116.36 39.8445
116.362 39.8445
116.368 39.8659
116.381 39.8572
116.387 39.8554
116.399 39.8554
116.399 39.8554
116.395 39.856
116.4 39.8638
116.405 39.8633
116.405 39.8633
116.405 39.8633
116.396 39.8712
116.343 39.8798
116.315 39.8949
116.317 39.8952
116.323 39.8965
116.331 39.906
116.356 39.9057
116.376 39.9057
116.399 39.901
116.395 39.9016
116.4 39.9065
116.4 39.9065
116.402 39.914
116.402 39.914
116.402 39.914
116.41 39.923
116.411 39.9228
116.411 39.9189
116.411 39.9082
116.378 39.9059
116.344 39.906
116.331 39.906
116.332 39.906
116.37 39.9042
116.4 39.9065
116.412 39.9071
116.412 39.9071
116.415 39.8824
116.418 39.8542
116.422 39.8427
116.422 39.8473
116.418 39.8559
116.417 39.8565
116.415 39.8704
116.414 39.8839
116.413 39.8993
116.412 39.9066
116.412 39.9078
116.412 39.9078
116.412 39.9078
116.412 39.9078
116.412 39.9078
116.412 39.9079
116.412 39.9078
116.412 39.9078
116.412 39.9078
116.434 40.0232
116.434 40.0232
116.412 39.9078
116.411 39.9181
116.411 39.9289
116.411 39.9395
116.434 39.9398
116.444 39.9401
116.449 39.9492
116.446 39.9519
116.446 39.9519
116.446 39.9519
116.446 39.9519
116.446 39.9519
116.446 39.9519
116.446 39.9519
116.446 39.9519
116.446 39.9519
116.446 39.9519
116.446 39.9519
116.454 39.9534
116.394 39.9674
116.364 39.973
116.359 39.9874
116.357 39.9883
116.359 39.9863
116.359 39.9863
116.358 39.9861
116.347 39.9704
116.348 39.9585
116.349 39.9357
116.349 39.9357
116.349 39.9357
116.349 39.9357
116.349 39.9357
116.349 39.9357
116.349 39.9357
116.349 39.9357
116.349 39.9357
116.349 39.9357
116.349 39.9357
116.349 39.9357
116.349 39.9357
116.349 39.9357
116.349 39.9357
116.349 39.9357
116.349 39.9357
116.349 39.9357
116.349 39.9357
116.349 39.9357
116.349 39.9357
116.349 39.9357
116.349 39.9357
116.349 39.9357
116.349 39.9357
116.349 39.9357
116.349 39.9357
116.349 39.9357
116.349 39.9357
116.349 39.9357
116.349 39.9357
116.349 39.9357
116.349 39.9357
116.349 39.9357
116.349 39.9357
116.349 39.9357
116.349 39.9357
116.349 39.9357
116.348 39.9356
116.348 39.9357
116.348 39.9357
116.348 39.9357
116.349 39.9356
116.349 39.9356
116.349 39.9356
116.349 39.9357
109.184 25.5835
116.349 39.9356
116.349 39.9356
116.349 39.9356
116.349 39.9356
116.349 39.9356
116.349 39.9356
116.349 39.9357
116.349 39.9357
116.349 39.9357
116.349 39.9357
116.349 39.9357
116.349 39.9357
116.349 39.9357
116.349 39.9357
116.349 39.9357
116.344 39.9312
116.338 39.9311
116.347 39.931
116.349 39.931
116.367 39.9312
116.387 39.9319
116.387 39.9319
116.411 39.9303
116.411 39.9235
116.412 39.9088
116.412 39.907
116.412 39.907
116.421 39.9053
116.421 39.9051
116.421 39.9047
116.421 39.9047
116.421 39.9046
116.421 39.9046
116.421 39.9046
116.421 39.9046
116.421 39.9045
116.421 39.9045
116.421 39.9044
116.421 39.9044
116.421 39.9042
116.421 39.9042
116.42 39.904
116.42 39.904
116.42 39.904
116.421 39.9038
116.43 39.8991
116.439 39.8922
116.432 39.9071
116.452 39.9079
116.441 39.9072
116.423 39.9074
116.421 39.9049
116.421 39.9049
116.421 39.9047
116.421 39.9046
116.421 39.9045
116.42 39.9042
116.42 39.9042
116.42 39.9043
116.42 39.9042
116.42 39.9041
116.42 39.9041
116.42 39.9038
116.42 39.9038
116.413 39.9
116.406 39.8921
116.393 39.8605
116.395 39.8545
116.404 39.8556
116.414 39.8556
116.416 39.8635
116.415 39.8793
116.415 39.8823
116.413 39.8942
116.413 39.8991
116.412 39.9055
116.412 39.9102
116.411 39.9207
116.419 39.923
116.427 39.9231
116.428 39.9269
116.428 39.9466
116.487 40.0064
116.483 40.0046
116.466 40.005
116.461 40.0038
116.463 39.9918
116.463 39.9918
116.462 39.9898
116.463 39.9849
116.463 39.9773
116.464 39.9678
116.461 39.9594
116.456 39.9552
116.445 39.9466
116.438 39.9427
116.433 39.94
116.426 39.9399
116.419 39.9455
116.419 39.9477
116.427 39.9395
116.43 39.9365
116.43 39.9393
116.435 39.9351
116.444 39.9326
116.449 39.9324
116.452 39.9314
116.449 39.9288
116.449 39.9366
116.449 39.9468
116.454 39.9477
116.463 39.9461
116.461 39.9427
116.456 39.9478
116.449 39.9481
116.453 39.9522
116.455 39.9496
116.455 39.9496
116.455 39.9484
116.45 39.9564
116.521 40.0335
116.521 40.0335
116.521 40.0335
116.521 40.0335
116.521 40.0335
116.521 40.0335
116.521 40.0335
116.521 40.0335
116.521 40.0335
116.521 40.0335
116.521 40.0335
116.521 40.0335
116.521 40.0335
116.521 40.0335
116.521 40.0335
116.521 40.0335
116.521 40.0335
116.521 40.0335
116.521 40.0335
116.521 40.0335
116.521 40.0335
116.521 40.0335
116.521 40.0335
116.517 40.0237
116.517 40.0237
116.497 40.0027
116.495 40.0005
116.472 39.9787
116.47 39.9768
116.444 39.9541
116.443 39.9535
116.44 39.9488
116.58 40.0754
116.577 40.06
116.484 39.9059
116.568 40.0609
116.535 40.0538
116.517 40.0238
116.485 39.9893
116.426 39.9479
116.43 39.9039
116.421 39.9044
116.418 39.905
116.418 39.9064
116.421 39.9062
116.412 39.9078
116.411 39.9224
116.411 39.9322
116.405 39.9197
116.4 39.914
116.407 39.9138
116.407 39.9134
116.407 39.9134
116.407 39.9134
116.407 39.9132
116.407 39.9132
116.407 39.9131
116.407 39.913
116.407 39.913
116.406 39.9123
116.406 39.9123
116.406 39.9123
116.407 39.9124
116.407 39.9141
116.427 39.9233
116.419 39.9507
116.418 39.9803
116.416 39.9877
116.415 39.9877
116.415 39.9877
116.415 39.9877
116.415 39.9877
116.414 39.9877
116.385 39.9869
116.369 40.0087
116.369 40.0121
116.397 40.0082
116.401 39.9946
116.401 39.9946
116.401 39.9935
116.425 39.9877
116.483 39.9718
116.476 39.9759
116.474 39.975
116.471 39.9719
116.469 39.9669
116.453 39.9527
116.427 39.9683
116.356 39.9664
116.32 39.966
116.319 39.966
116.318 39.966
116.325 39.9659
116.382 39.9668
116.401 39.9609
116.41 39.9559
116.409 39.9557
116.402 39.9572
116.386 39.9672
116.352 39.9666
116.349 39.968
116.363 39.9753
116.364 39.9695
116.349 39.9675
116.349 39.9751
116.373 39.9753
116.379 39.9754
116.385 39.9619
116.384 39.9618
116.391 39.9619
116.395 39.9621
116.412 39.959
116.416 39.9579
116.419 39.9557
116.419 39.953
116.428 39.932
116.428 39.9259
116.377 39.9059
116.377 39.9059
116.331 39.9063
116.382 39.8555
116.385 39.8488
116.383 39.8555
116.393 39.8556
116.408 39.8529
116.408 39.8525
116.408 39.8549
116.407 39.8559
116.407 39.8555
116.408 39.864
116.408 39.8688
116.408 39.8688
116.41 39.8683
116.409 39.8718
116.415 39.8775
116.413 39.8914
116.412 39.9002
116.394 39.8989
116.369 39.8984
116.323 39.8961
116.32 39.8949
116.323 39.9009
116.352 39.9057
116.368 39.903
116.368 39.9129
116.35 39.9331
116.347 39.9841
116.334 39.9925
116.334 39.9925
116.334 39.9925
116.347 39.986
116.347 39.9858
116.366 39.9858
116.37 39.9858
116.55 40.0689
116.553 40.0883
116.562 40.1161
116.585 40.136
116.603 40.1496
116.632 40.1652
116.636 40.1986
116.637 40.2182
116.639 40.2403
116.632 40.2674
116.636 40.2859
116.646 40.3102
116.68 40.3262
116.718 40.3272
116.757 40.3378
116.785 40.3512
116.806 40.3614
116.812 40.3665
116.807 40.3678
116.807 40.3679
116.807 40.3679
116.807 40.3679
116.807 40.3679
116.807 40.3679
116.807 40.3679
116.807 40.3679
116.807 40.3679
116.807 40.3679
116.807 40.3679
116.807 40.3679
116.807 40.3679
116.807 40.3679
116.807 40.3679
116.807 40.3679
116.807 40.3679
116.807 40.3679
116.807 40.3679
116.807 40.3679
116.807 40.3679
116.807 40.3679
116.807 40.3679
116.807 40.3679
116.807 40.3678
116.815 40.3667
116.828 40.3672
116.844 40.3689
116.855 40.3721
116.885 40.3843
116.885 40.3843
116.892 40.3792
116.931 40.374
116.959 40.3644
116.977 40.3669
116.977 40.3676
116.978 40.3695
116.978 40.3695
116.977 40.3673
116.962 40.3675
116.931 40.3777
116.903 40.3787
116.881 40.3831
116.854 40.375
116.837 40.375
116.827 40.3736
116.81 40.3727
116.808 40.3661
116.818 40.374
116.833 40.3699
116.821 40.3666
116.821 40.3666
116.806 40.3617
116.75 40.3347
116.722 40.3275
116.677 40.3258
116.654 40.3202
116.642 40.3025
116.639 40.3004
116.639 40.3004
116.639 40.3004
116.639 40.3008
116.639 40.3009
116.639 40.3009
116.639 40.3009
116.639 40.3009
116.639 40.3009
116.639 40.3009
116.639 40.3009
116.639 40.3009
116.639 40.3009
116.639 40.3009
116.639 40.3009
116.639 40.3009
116.639 40.3009
116.639 40.3009
116.639 40.3009
116.639 40.3009
116.639 40.3009
116.639 40.3009
116.639 40.3009
116.639 40.3009
116.639 40.3009
116.639 40.3009
116.639 40.3009
116.639 40.3009
116.832 40.3701
116.832 40.3701
116.807 40.3677
116.807 40.3677
116.807 40.3677
116.807 40.3677
116.807 40.3677
116.807 40.3677
116.807 40.3677
116.807 40.3677
116.807 40.3677
116.807 40.3677
116.807 40.3677
116.807 40.3677
116.807 40.3677
116.807 40.3677
116.807 40.3677
116.807 40.3677
116.807 40.3677
116.807 40.3677
116.807 40.3677
116.807 40.3677
116.807 40.3677
116.807 40.3677
116.807 40.3677
116.807 40.3677
