116.452 40.0001
116.452 40.0001
116.452 40
116.451 40.0001
116.451 40.0001
116.452 39.9998
116.462 40.0075
116.452 40.0001
116.452 39.9999
116.452 39.9999
116.462 40.0037
116.462 40.0037
116.462 40.0037
116.462 40.0037
116.462 40.0037
116.582 40.0771
116.581 40.0706
116.573 40.0604
116.564 40.0625
116.564 40.0625
116.564 40.0628
116.564 40.0634
116.564 40.0634
116.563 40.0682
116.563 40.0682
116.563 40.0682
116.563 40.0682
116.563 40.0682
116.565 40.0709
116.565 40.0708
116.565 40.0708
116.565 40.0708
116.565 40.0708
116.565 40.0708
116.565 40.0709
116.565 40.0707
116.565 40.0708
116.565 40.0708
116.565 40.0709
116.565 40.0709
116.565 40.0709
116.565 40.0709
116.565 40.0709
116.565 40.0709
116.565 40.0709
116.565 40.0709
116.565 40.0709
116.565 40.0709
116.565 40.0709
116.565 40.0709
116.565 40.0709
116.564 40.0643
116.582 40.0649
116.582 40.0649
116.582 40.0649
116.587 40.079
116.585 40.0762
116.547 40.0269
116.484 39.9887
116.48 39.9579
116.48 39.9579
116.467 39.9502
116.481 39.9577
116.465 39.9743
116.476 39.9916
116.468 39.9972
116.464 39.997
116.462 40
116.461 40.0001
116.469 39.9811
116.482 39.9726
116.484 39.9744
116.484 39.9775
116.478 39.9824
116.462 39.9939
116.467 40.0036
116.467 40.0036
116.467 40.0036
116.467 40.0036
116.457 39.9965
116.462 39.9783
116.447 39.9573
116.44 39.9509
116.44 39.9509
116.44 39.9509
116.44 39.9509
116.44 39.9509
116.44 39.9509
116.44 39.9509
116.406 39.9092
116.406 39.892
116.395 39.8855
116.393 39.8792
116.392 39.8724
116.392 39.8724
116.392 39.8724
116.392 39.8724
116.307 39.8263
116.307 39.8264
116.302 39.834
116.302 39.834
116.302 39.834
116.302 39.834
116.271 39.8785
116.271 39.8785
116.271 39.8785
116.433 39.9046
116.433 39.9046
116.433 39.9046
116.433 39.9046
116.433 39.9046
116.433 39.9046
116.433 39.9046
116.433 39.9046
116.433 39.9046
116.357 39.8975
116.357 39.8975
116.357 39.8975
116.357 39.8975
116.329 39.9311
116.329 39.9311
116.329 39.9311
116.329 39.9311
116.329 39.9311
116.351 39.9416
116.351 39.9422
116.351 39.9394
116.351 39.9394
116.351 39.9393
116.342 39.9384
116.342 39.9384
116.342 39.9384
116.342 39.9384
116.342 39.9384
116.342 39.9384
116.342 39.9384
116.342 39.9384
116.342 39.9384
116.342 39.9384
116.342 39.9384
116.342 39.9384
116.342 39.9384
116.342 39.9384
116.342 39.9384
116.342 39.9384
116.342 39.9384
116.342 39.9384
116.342 39.9384
116.342 39.9384
116.342 39.9384
116.342 39.9384
116.342 39.9384
116.342 39.9384
116.342 39.9384
116.342 39.9384
116.342 39.9384
116.342 39.9384
116.342 39.9384
116.342 39.9384
116.342 39.9384
116.342 39.9384
116.342 39.9384
116.342 39.9384
116.342 39.9384
116.342 39.9384
116.342 39.9384
116.342 39.9384
116.342 39.9384
116.342 39.9384
116.342 39.9384
116.342 39.9384
116.342 39.9384
116.342 39.9384
116.342 39.9384
116.342 39.9384
116.342 39.9384
116.342 39.9384
116.342 39.9384
116.342 39.9384
116.342 39.9384
116.342 39.9384
116.342 39.9384
116.342 39.9384
116.342 39.9384
116.342 39.9384
116.342 39.9384
116.342 39.9384
116.342 39.9384
116.342 39.9384
116.342 39.9384
116.342 39.9384
116.342 39.9384
116.342 39.9384
116.342 39.9384
116.342 39.9384
116.342 39.9384
116.342 39.9384
116.342 39.9384
116.342 39.9384
116.342 39.9384
116.342 39.9384
116.342 39.9384
116.342 39.9384
116.342 39.9384
116.342 39.9384
116.342 39.9384
116.347 39.9741
116.332 39.9694
116.333 39.9683
116.397 39.9674
116.397 39.9674
116.397 39.9674
116.397 39.9674
116.397 39.9674
116.397 39.9674
116.397 39.9674
116.397 39.9674
116.397 39.9674
116.397 39.9674
116.397 39.9674
116.397 39.9674
116.397 39.9674
116.397 39.9674
116.397 39.9674
116.397 39.9674
116.397 39.9674
116.397 39.9674
116.397 39.9674
116.397 39.9674
116.397 39.9674
116.397 39.9674
116.397 39.9674
116.397 39.9674
116.397 39.9674
116.397 39.9674
116.397 39.9674
116.397 39.9674
116.397 39.9674
116.397 39.9674
116.397 39.9674
116.433 39.9066
116.433 39.9066
116.433 39.9066
116.433 39.9066
116.433 39.9066
116.433 39.9066
116.433 39.9066
116.433 39.9066
116.433 39.9066
116.433 39.9066
116.433 39.9066
116.433 39.9066
116.433 39.9066
116.433 39.9066
116.433 39.9066
116.433 39.9066
116.433 39.9066
116.433 39.9066
116.433 39.9066
116.433 39.9066
116.493 39.9739
116.494 39.9728
116.493 39.9708
116.488 39.9707
116.489 39.9707
116.489 39.9707
116.489 39.9707
116.489 39.9707
116.489 39.9707
116.489 39.9707
116.489 39.9707
116.489 39.9707
116.489 39.9707
116.489 39.9707
116.489 39.9707
116.489 39.9707
116.489 39.9707
116.489 39.9707
116.489 39.9707
116.489 39.9707
116.489 39.9707
116.489 39.9707
116.489 39.9707
116.489 39.9707
116.489 39.9707
116.485 39.9789
116.462 39.972
116.407 39.9872
116.347 39.9864
116.347 39.9864
116.347 39.9917
116.359 39.9946
116.366 39.9858
116.427 39.9822
116.427 39.9822
116.414 39.9799
116.424 39.9821
116.424 39.9821
116.452 39.9992
116.457 39.998
116.457 39.998
116.442 39.9935
116.452 40.0008
116.452 40.0008
116.463 39.9847
116.451 39.9598
116.455 39.9372
116.446 39.922
116.446 39.922
116.44 39.9218
116.444 39.9187
116.452 39.9061
116.448 39.9032
116.448 39.9032
116.437 39.9057
116.484 39.9158
116.484 39.9158
116.484 39.9158
116.484 39.9158
116.484 39.9158
116.484 39.9158
116.484 39.9158
116.484 39.9158
116.484 39.9158
116.484 39.9158
116.484 39.9158
116.484 39.9158
116.484 39.9158
116.484 39.9158
116.431 39.9073
116.433 39.9049
116.435 39.9054
116.435 39.9054
116.435 39.9054
116.435 39.9054
116.435 39.9054
116.435 39.9054
116.435 39.9054
116.435 39.9054
116.435 39.9054
116.435 39.9054
116.435 39.9054
116.435 39.9054
116.435 39.9054
116.435 39.9054
116.435 39.9054
116.435 39.9054
116.435 39.9054
116.435 39.9054
116.435 39.9054
116.435 39.9054
116.435 39.9054
116.435 39.9054
116.435 39.9054
116.435 39.9054
116.435 39.9054
116.435 39.9054
116.435 39.9054
116.435 39.9054
116.435 39.9054
116.435 39.9054
116.435 39.9054
116.435 39.9054
116.435 39.9054
116.435 39.9054
116.435 39.9054
116.435 39.9054
116.435 39.9054
116.435 39.9054
116.455 39.9338
116.455 39.9338
116.455 39.9338
116.455 39.9338
116.455 39.9338
116.455 39.9338
116.455 39.9338
116.455 39.9338
116.455 39.9338
116.455 39.9338
116.477 39.9697
116.477 39.9697
116.461 39.9717
116.45 39.9791
116.368 39.995
116.368 39.995
116.368 39.995
116.368 39.995
116.368 39.995
116.368 39.995
116.368 39.995
116.368 39.995
116.368 39.995
116.368 39.995
116.368 39.995
116.368 39.995
116.368 39.995
116.368 39.995
116.368 39.995
116.368 39.995
116.368 39.995
116.368 39.995
116.368 39.995
116.368 39.995
116.368 39.995
116.452 39.9875
116.477 39.9756
116.49 39.9705
116.49 39.9704
116.489 39.9703
116.489 39.9703
116.489 39.9703
116.489 39.9703
116.489 39.9703
116.489 39.9703
116.489 39.9703
116.489 39.9703
116.487 39.9596
116.462 39.95
116.444 39.9438
116.423 39.9397
116.423 39.9398
116.455 39.9398
116.465 39.9123
116.465 39.9123
116.467 39.9125
116.444 39.9152
116.444 39.9211
116.444 39.9211
116.444 39.9211
116.444 39.9211
116.444 39.9211
116.357 39.8977
116.329 39.9064
116.298 39.9138
116.298 39.9138
116.29 39.9171
116.29 39.9171
116.29 39.9171
116.29 39.9171
116.29 39.9171
116.29 39.9171
116.29 39.9171
116.29 39.9171
116.29 39.9171
116.319 39.9475
116.318 39.9475
116.318 39.9476
116.318 39.9485
116.304 39.9498
116.304 39.9352
116.306 39.8714
116.306 39.8714
116.306 39.8714
116.306 39.8714
116.306 39.8714
116.306 39.8714
116.306 39.8714
116.306 39.8714
116.306 39.8714
116.306 39.8714
116.306 39.8714
116.306 39.8714
116.306 39.8714
116.306 39.8714
116.306 39.8714
116.306 39.8714
116.306 39.8714
116.306 39.8714
116.306 39.8714
116.306 39.8714
116.306 39.8714
116.306 39.8714
116.306 39.8714
116.306 39.8714
116.306 39.8714
116.306 39.8714
116.306 39.8714
116.306 39.8714
116.306 39.8714
116.306 39.8714
116.306 39.8714
116.306 39.8714
116.306 39.8714
116.306 39.8714
116.306 39.8714
116.306 39.8714
116.306 39.8714
116.306 39.8714
116.306 39.8714
116.306 39.8714
116.306 39.8714
116.306 39.8714
116.315 39.9655
116.311 39.9811
116.324 39.9913
116.324 39.9913
116.324 39.9913
116.324 39.9913
116.37 39.9914
116.425 39.9877
116.471 40.0138
116.5 40.0054
116.508 40.0113
116.508 40.0113
116.547 40.0615
116.551 40.0721
116.551 40.0721
116.556 40.1073
116.589 40.1395
116.589 40.1395
116.636 40.1698
116.636 40.1698
116.654 40.1921
116.684 40.2186
116.721 40.2678
116.756 40.2847
116.766 40.29
116.796 40.2986
116.797 40.3004
116.753 40.2845
116.748 40.2844
116.758 40.2875
116.775 40.2909
116.775 40.2909
116.775 40.2909
116.775 40.2909
116.775 40.2909
116.775 40.2909
116.775 40.2909
116.775 40.2909
116.775 40.2909
116.775 40.2909
116.775 40.2909
116.775 40.2909
116.775 40.2909
116.775 40.2909
116.775 40.2909
116.775 40.2909
116.775 40.2909
116.775 40.2909
116.775 40.2909
116.775 40.2909
116.775 40.2909
116.775 40.2909
116.775 40.2909
116.775 40.2909
116.775 40.2909
116.775 40.2909
116.775 40.2909
116.775 40.2909
116.775 40.2909
116.775 40.2909
116.775 40.2909
116.775 40.2909
116.404 39.9819
116.404 39.9819
116.404 39.9819
116.404 39.9819
116.404 39.9819
116.404 39.9819
116.404 39.9819
116.404 39.9819
116.404 39.9819
116.404 39.9819
116.404 39.9819
116.404 39.9819
116.404 39.9819
116.404 39.9819
116.404 39.9819
116.404 39.9819
116.404 39.9819
116.404 39.9819
116.404 39.9819
116.511 40.0314
116.512 40.0311
116.522 40.0337
116.505 40.0082
116.457 39.9743
116.465 39.9921
116.47 40.0007
116.47 40.0007
116.469 40.0009
116.461 39.9999
116.449 39.995
116.452 39.9995
116.452 39.9995
116.452 39.9995
116.368 39.8926
116.368 39.8926
116.452 39.9995
116.452 39.9995
116.457 39.9892
116.457 39.9892
116.483 39.9867
116.484 39.9796
116.484 39.9796
116.484 39.9732
116.47 39.9674
116.461 39.9599
116.462 39.9548
116.466 39.9535
116.467 39.9536
116.468 39.9521
116.459 39.949
116.455 39.9447
116.455 39.9447
116.455 39.9447
116.455 39.9447
116.455 39.9447
116.455 39.9447
116.439 39.9077
116.439 39.9077
116.439 39.9077
116.439 39.9077
116.462 39.8968
116.462 39.8968
116.456 39.9027
116.456 39.9125
116.456 39.9363
116.396 39.9686
116.396 39.9686
116.396 39.9686
116.396 39.9686
116.401 39.9812
116.418 39.9768
116.418 39.9687
116.406 39.9578
116.403 39.9578
116.402 39.9642
116.402 39.9642
116.402 39.9642
116.402 39.9642
116.402 39.9642
116.402 39.9642
116.402 39.9642
116.402 39.9642
116.402 39.9642
116.402 39.9642
116.402 39.9642
116.402 39.9642
116.402 39.9642
116.402 39.9642
116.402 39.9642
116.402 39.9642
116.402 39.9642
116.402 39.9642
116.402 39.9642
116.402 39.9642
116.402 39.9642
116.402 39.9642
116.402 39.9642
116.402 39.9642
116.402 39.9642
116.402 39.9642
116.402 39.9642
116.402 39.9642
116.402 39.9642
116.402 39.9642
116.402 39.9642
116.402 39.9642
116.402 39.9642
116.402 39.9642
116.402 39.9642
116.402 39.9642
116.402 39.9642
116.402 39.9642
116.402 39.9642
116.402 39.9642
116.402 39.9642
116.402 39.9642
116.402 39.9642
116.402 39.9642
116.402 39.9642
116.402 39.9642
116.402 39.9642
116.402 39.9642
116.402 39.9642
116.402 39.9642
116.402 39.9642
116.402 39.9642
116.402 39.9642
116.402 39.9642
116.402 39.9642
116.402 39.9642
116.402 39.9642
116.402 39.9642
116.402 39.9642
116.402 39.9642
116.402 39.9642
116.402 39.9642
116.402 39.9642
116.402 39.9642
116.402 39.9642
116.402 39.9642
116.402 39.9642
116.402 39.9642
116.402 39.9642
116.402 39.9642
116.402 39.9642
116.402 39.9642
116.402 39.9642
116.402 39.9642
116.402 39.9642
116.402 39.9642
116.402 39.9642
116.402 39.9642
116.402 39.9642
116.402 39.9642
116.402 39.9642
116.402 39.9642
116.402 39.9642
116.402 39.9642
116.402 39.9642
116.402 39.9642
116.402 39.9642
116.402 39.9642
116.402 39.9642
116.402 39.9642
116.402 39.9642
116.402 39.9642
116.402 39.9642
116.402 39.9642
116.402 39.9642
116.402 39.9642
116.402 39.9642
116.402 39.9642
116.402 39.9642
116.402 39.9642
116.402 39.9642
116.402 39.9642
116.402 39.9642
116.402 39.9642
116.402 39.9642
116.402 39.9642
116.402 39.9642
116.402 39.9642
116.402 39.9642
116.402 39.9642
116.402 39.9642
116.402 39.9642
116.402 39.9642
116.402 39.9642
116.402 39.9642
116.402 39.9642
116.402 39.9642
116.402 39.9642
116.402 39.9642
116.402 39.9642
116.402 39.9642
116.402 39.9642
116.402 39.9642
116.402 39.9642
116.402 39.9642
116.402 39.9642
116.402 39.9642
116.402 39.9642
116.402 39.9642
116.402 39.9642
116.402 39.9642
116.402 39.9642
116.402 39.9642
116.402 39.9642
116.402 39.9642
116.402 39.9642
116.402 39.9642
116.402 39.9642
116.402 39.9642
116.402 39.9642
116.402 39.9642
116.402 39.9642
116.402 39.9642
116.402 39.9642
116.402 39.9642
116.402 39.9642
116.402 39.9642
116.402 39.9642
116.402 39.9642
116.402 39.9642
116.402 39.9642
116.402 39.9642
116.402 39.9642
116.402 39.9642
116.402 39.9642
116.402 39.9642
116.402 39.9642
116.402 39.9642
116.402 39.9642
116.402 39.9642
116.402 39.9642
116.402 39.9642
116.402 39.9642
116.402 39.9642
116.402 39.9642
116.402 39.9642
116.402 39.9642
116.402 39.9642
116.571 40.0606
116.571 40.0606
116.571 40.0606
116.571 40.0606
116.571 40.0606
116.571 40.0606
116.571 40.0606
116.571 40.0606
116.571 40.0606
116.571 40.0606
116.571 40.0606
116.571 40.0606
116.571 40.0606
116.571 40.0606
116.571 40.0606
116.571 40.0606
116.571 40.0606
116.571 40.0606
116.571 40.0606
116.571 40.0606
116.571 40.0606
116.571 40.0606
116.571 40.0606
116.571 40.0606
116.571 40.0606
116.571 40.0606
116.571 40.0606
116.571 40.0606
116.571 40.0606
116.571 40.0606
116.571 40.0606
116.571 40.0606
116.571 40.0606
116.571 40.0606
116.571 40.0606
116.571 40.0606
116.571 40.0606
116.571 40.0606
116.571 40.0606
116.571 40.0606
116.571 40.0606
116.571 40.0606
116.571 40.0606
116.571 40.0606
116.571 40.0606
116.452 40.002
116.452 40.0003
116.452 40.0001
116.452 40.0001
116.452 40.0001
116.452 40.0001
116.452 40.0001
116.452 40.0001
116.451 40.0001
116.511 40.0312
116.45 40.001
116.452 39.9998
116.427 39.9878
116.416 39.9876
116.416 39.9876
116.416 39.9876
116.416 39.9876
116.416 39.9876
116.416 39.9876
116.416 39.9876
116.416 39.9876
116.416 39.9876
116.416 39.9876
116.416 39.9876
116.416 39.9876
116.347 39.9616
116.347 39.9616
116.347 39.9616
116.347 39.9616
116.347 39.9616
116.347 39.9616
116.347 39.9616
116.347 39.9616
116.347 39.9616
116.347 39.9616
116.347 39.9616
116.347 39.9616
116.347 39.9616
116.347 39.9616
116.347 39.9616
116.347 39.9616
116.347 39.9616
116.347 39.9616
116.347 39.9616
116.347 39.9616
116.347 39.9616
116.347 39.9616
116.347 39.9616
116.347 39.9616
116.347 39.9616
116.347 39.9616
116.347 39.9616
116.347 39.9616
116.347 39.9616
116.347 39.9616
116.347 39.9616
116.347 39.9616
116.347 39.9616
116.347 39.9616
116.347 39.9616
116.347 39.9616
116.347 39.9616
116.347 39.9616
116.347 39.9616
116.347 39.9616
116.347 39.9616
116.347 39.9616
116.347 39.9616
116.347 39.9616
116.347 39.9616
116.452 40.0022
116.452 40.0022
116.452 40.0022
116.452 40.0022
116.452 40.0022
116.452 40.0022
116.452 40.0022
116.452 40.0022
116.452 40.0022
116.452 40.0022
116.452 40.0022
116.452 40.0022
116.452 40.0022
116.452 40.0022
116.452 40.0022
116.452 40.0022
116.452 40.0022
116.452 40.0022
116.452 40.0022
116.452 40.0022
116.452 40.0022
116.452 40.0022
116.452 40.0022
116.452 40.0022
116.452 40.0022
116.452 40.0022
116.452 40.0022
116.452 40.0022
116.287 39.8906
116.294 39.8957
116.308 39.8847
116.32 39.8886
116.338 39.8884
116.338 39.8884
116.338 39.8884
116.338 39.8884
116.338 39.8884
116.338 39.8884
116.338 39.8884
116.338 39.8884
116.338 39.8884
116.338 39.8884
116.338 39.8884
116.338 39.8884
116.338 39.8884
116.338 39.8884
116.338 39.8884
116.338 39.8884
116.338 39.8884
116.338 39.8884
116.338 39.8884
116.477 39.9198
116.475 39.9177
116.472 39.9254
116.472 39.9321
116.434 39.9394
116.426 39.9581
116.427 39.9576
116.428 39.9581
116.428 39.9581
116.439 39.9457
116.433 39.9456
116.436 39.9398
116.436 39.9398
116.428 39.9343
116.428 39.9343
116.428 39.9343
116.428 39.9343
116.428 39.9343
116.428 39.9343
116.428 39.9343
116.428 39.9343
116.428 39.9343
116.428 39.9343
116.428 39.9343
116.428 39.9343
116.428 39.9343
116.428 39.9343
116.339 40.0791
116.331 40.0788
116.331 40.0788
116.299 40.0792
116.299 40.0792
116.299 40.0792
116.299 40.0792
116.299 40.0792
116.299 40.0792
116.299 40.0792
116.299 40.0792
116.299 40.0792
116.299 40.0792
116.299 40.0792
116.299 40.0792
116.299 40.0792
116.299 40.0792
116.299 40.0792
116.299 40.0792
116.299 40.0792
116.299 40.0792
116.444 39.9468
116.444 39.9468
116.444 39.9468
116.484 39.9897
116.484 39.9897
116.484 39.9897
116.484 39.9897
116.484 39.9897
116.484 39.9897
116.484 39.9897
116.484 39.9897
116.484 39.9897
116.484 39.9897
116.484 39.9897
116.484 39.9897
116.484 39.9897
116.484 39.9897
116.484 39.9897
116.484 39.9897
116.484 39.9897
116.484 39.9897
116.484 39.9897
116.484 39.9897
116.484 39.9897
116.484 39.9897
116.484 39.9897
116.484 39.9897
116.484 39.9897
116.484 39.9897
116.484 39.9897
116.484 39.9897
116.484 39.9897
116.484 39.9897
116.484 39.9897
116.484 39.9897
116.484 39.9897
116.484 39.9897
116.484 39.9897
116.484 39.9897
116.484 39.9897
116.484 39.9897
116.484 39.9897
116.484 39.9897
116.484 39.9897
116.484 39.9897
116.484 39.9897
116.484 39.9897
116.484 39.9897
116.484 39.9897
116.484 39.9897
116.484 39.9897
116.484 39.9897
116.484 39.9897
116.484 39.9897
116.484 39.9897
116.484 39.9897
116.484 39.9897
116.484 39.9897
116.484 39.9897
116.484 39.9897
116.484 39.9897
116.484 39.9897
116.484 39.9897
116.484 39.9897
116.484 39.9897
116.484 39.9897
116.484 39.9897
116.484 39.9897
116.484 39.9897
116.484 39.9897
116.484 39.9897
116.484 39.9897
116.484 39.9897
116.484 39.9897
116.484 39.9897
116.484 39.9897
116.484 39.9897
116.484 39.9897
116.484 39.9897
116.484 39.9897
116.484 39.9897
116.484 39.9897
116.484 39.9897
116.484 39.9897
116.484 39.9897
116.484 39.9897
116.484 39.9897
116.484 39.9897
116.484 39.9897
116.484 39.9897
116.484 39.9897
116.484 39.9897
116.484 39.9897
116.484 39.9897
116.484 39.9897
116.484 39.9897
116.484 39.9897
116.484 39.9897
116.484 39.9897
116.484 39.9897
116.484 39.9897
116.484 39.9897
116.484 39.9897
116.484 39.9897
116.484 39.9897
116.484 39.9897
116.484 39.9897
116.484 39.9897
116.484 39.9897
116.484 39.9897
116.484 39.9897
116.484 39.9897
116.484 39.9897
116.484 39.9897
116.484 39.9897
116.484 39.9897
116.484 39.9897
116.484 39.9897
116.484 39.9897
116.484 39.9897
116.484 39.9897
116.484 39.9897
116.484 39.9897
116.484 39.9897
116.484 39.9897
116.484 39.9897
116.484 39.9897
116.484 39.9897
116.484 39.9897
116.484 39.9897
116.484 39.9897
116.484 39.9897
116.484 39.9897
116.484 39.9897
116.484 39.9897
116.484 39.9897
116.484 39.9897
116.484 39.9897
116.484 39.9897
116.451 40.0012
116.451 40.0012
116.451 40.0012
116.451 40.0012
116.451 40.0012
116.451 40.0012
116.451 40.0012
116.451 40.0012
116.451 40.0012
116.451 40.0012
116.451 40.0012
116.451 40.0012
116.451 40.0012
116.451 40.0012
116.451 40.0012
116.451 40.0012
116.451 40.0012
116.451 40.0012
116.451 40.0012
116.451 40.0012
116.451 40.0012
116.451 40.0012
116.451 40.0012
116.451 40.0012
116.451 40.0012
116.451 40.0012
116.451 40.0012
116.451 40.0012
116.451 40.0012
116.451 40.0012
116.451 40.0012
116.451 40.0012
116.451 40.0012
116.451 40.0012
116.451 40.0012
116.451 40.0012
116.451 40.0012
116.451 40.0012
116.451 40.0012
116.451 40.0012
116.451 40.0012
116.451 40.0012
116.451 40.0012
116.451 40.0012
116.451 40.0012
116.451 40.0012
116.451 40.0012
116.451 40.0012
116.451 40.0012
116.451 40.0012
116.451 40.0012
116.451 40.0012
116.451 40.0012
116.451 40.0012
116.451 40.0012
116.451 40.0012
116.451 40.0012
116.451 40.0012
116.451 40.0012
116.451 40.0012
116.451 40.0012
116.451 40.0012
116.451 40.0012
116.451 40.0012
116.451 40.0012
116.451 40.0012
116.451 40.0012
116.451 40.0012
116.451 40.0012
116.451 40.0012
116.451 40.0012
116.451 40.0012
116.451 40.0012
116.451 40.0012
116.451 40.0012
116.451 40.0012
116.451 40.0012
116.451 40.0012
116.451 40.0012
116.451 40.0012
116.451 40.0012
116.451 40.0012
116.451 40.0012
116.451 40.0012
116.451 40.0012
116.451 40.0012
116.451 40.0012
116.451 40.0012
116.451 40.0012
116.451 40.0012
116.451 40.0012
116.451 40.0012
116.775 40.2911
116.775 40.2911
116.775 40.291
116.775 40.291
116.775 40.291
116.775 40.291
116.775 40.291
116.775 40.291
116.775 40.291
116.775 40.291
116.775 40.291
116.775 40.291
116.775 40.291
116.775 40.291
116.775 40.291
116.775 40.291
116.775 40.291
116.775 40.291
116.775 40.291
116.775 40.291
116.775 40.291
116.775 40.291
116.775 40.291
116.775 40.291
116.775 40.291
116.775 40.291
116.775 40.291
116.775 40.291
116.775 40.291
116.775 40.291
116.775 40.291
116.775 40.291
116.775 40.291
116.775 40.291
116.775 40.291
116.775 40.291
116.775 40.291
116.775 40.291
116.775 40.291
116.775 40.291
116.775 40.291
116.775 40.291
116.775 40.291
116.775 40.291
116.775 40.291
116.775 40.291
116.775 40.291
116.775 40.291
116.775 40.291
116.775 40.291
116.775 40.291
116.775 40.291
116.775 40.291
116.775 40.291
116.775 40.291
116.775 40.291
116.775 40.291
116.775 40.291
116.775 40.291
116.775 40.291
116.775 40.291
116.775 40.291
116.775 40.291
116.775 40.291
116.775 40.291
116.775 40.291
116.775 40.291
116.775 40.291
116.775 40.291
116.775 40.291
116.775 40.291
116.775 40.291
116.775 40.291
116.775 40.291
116.775 40.291
116.775 40.291
116.775 40.291
116.775 40.291
116.775 40.291
116.775 40.291
116.775 40.291
116.775 40.291
116.775 40.291
116.775 40.291
116.775 40.291
116.775 40.291
116.775 40.291
116.775 40.291
116.775 40.291
116.775 40.291
116.775 40.291
116.775 40.291
116.775 40.291
116.775 40.291
116.775 40.291
116.775 40.291
116.775 40.291
116.775 40.291
116.775 40.291
116.775 40.291
116.775 40.291
116.775 40.291
116.775 40.291
116.775 40.291
116.775 40.291
116.775 40.291
116.775 40.291
116.775 40.291
116.775 40.291
116.775 40.291
116.775 40.291
116.775 40.291
116.775 40.291
116.775 40.291
116.775 40.291
116.775 40.291
116.775 40.291
116.775 40.291
116.775 40.291
116.775 40.291
116.775 40.291
116.775 40.291
116.775 40.291
116.775 40.291
116.775 40.291
116.775 40.291
116.775 40.291
116.775 40.291
116.775 40.291
116.775 40.291
116.775 40.291
116.775 40.291
116.775 40.291
116.775 40.291
116.775 40.291
116.775 40.291
116.775 40.291
116.775 40.291
116.775 40.291
116.775 40.291
116.775 40.291
116.775 40.291
116.775 40.291
116.775 40.291
116.775 40.291
116.775 40.291
116.775 40.291
116.775 40.291
116.775 40.291
116.775 40.291
116.775 40.291
116.775 40.291
116.775 40.291
116.775 40.291
116.775 40.291
116.775 40.291
116.775 40.291
116.775 40.291
116.775 40.291
116.775 40.291
116.775 40.291
116.775 40.291
116.775 40.291
116.774 40.2894
116.755 40.2839
116.749 40.2855
116.768 40.2898
116.795 40.2969
116.784 40.2925
116.748 40.2845
116.748 40.2845
116.748 40.2845
116.748 40.2845
116.748 40.2845
116.748 40.2845
116.748 40.2845
116.748 40.2845
116.748 40.2845
116.748 40.2845
116.748 40.2844
116.748 40.2844
116.748 40.2844
116.748 40.2844
116.748 40.2844
116.748 40.2843
116.749 40.285
116.741 40.2763
116.71 40.2563
116.71 40.2563
116.71 40.2563
116.71 40.2563
116.775 40.2911
116.775 40.2911
116.775 40.2911
116.775 40.2911
116.532 40.0496
116.532 40.0496
116.532 40.0496
116.532 40.0496
116.532 40.0496
116.532 40.0496
116.452 39.8946
116.452 39.8946
116.452 39.8946
116.452 39.8946
116.452 39.8946
116.452 39.8946
116.452 39.8946
116.575 39.9129
116.57 39.9138
116.57 39.9138
116.504 39.9148
116.495 39.9146
116.484 39.8991
116.484 39.8991
116.482 39.8651
116.479 39.8476
116.482 39.8394
116.453 39.8645
116.44 39.8801
116.434 39.8832
116.434 39.8832
116.434 39.8832
116.434 39.8832
116.434 39.8832
116.434 39.8832
116.434 39.8832
116.434 39.8832
116.434 39.8832
116.434 39.8832
116.39 39.9613
116.342 39.9733
116.347 39.9713
116.361 39.9453
116.361 39.9453
116.361 39.9453
116.361 39.9453
116.361 39.9453
116.455 39.9463
116.456 39.9322
116.475 39.9274
116.477 39.9322
116.477 39.9322
116.455 39.9284
116.455 39.8819
116.455 39.8819
116.455 39.8819
116.455 39.8819
116.446 39.881
116.455 39.8836
116.455 39.8919
116.452 39.8921
116.46 39.9033
116.46 39.9033
116.46 39.9033
116.46 39.9033
116.463 39.9122
116.463 39.9122
116.463 39.9122
116.463 39.9122
116.397 39.9322
116.397 39.9322
116.397 39.9322
116.397 39.9322
116.397 39.9322
116.397 39.9322
116.397 39.9322
116.289 39.906
116.282 39.915
116.282 39.915
116.282 39.9153
116.327 39.9096
116.347 39.9123
116.347 39.9123
116.347 39.9123
116.347 39.9123
116.347 39.9123
116.347 39.9123
116.347 39.9123
116.347 39.9123
116.347 39.9123
116.368 39.9082
116.367 39.9259
116.366 39.9476
116.364 39.9702
116.389 39.9865
116.396 39.9866
116.396 39.9866
116.451 39.986
116.457 39.9948
116.461 39.996
116.461 39.996
116.461 39.996
116.461 39.996
116.461 39.996
116.461 39.996
116.461 39.996
116.461 39.996
116.477 39.9997
116.476 40.0091
116.476 40.0091
116.512 40.0162
116.542 40.0578
116.556 40.1039
116.592 40.1427
116.637 40.1698
116.654 40.2036
116.671 40.2112
116.682 40.2156
116.721 40.2671
116.758 40.2875
116.778 40.2907
116.799 40.3022
116.76 40.2886
116.749 40.2847
116.775 40.2909
116.775 40.291
116.775 40.291
116.775 40.291
116.775 40.291
116.775 40.291
116.775 40.291
116.775 40.291
116.775 40.291
116.775 40.291
116.775 40.291
116.775 40.291
116.775 40.291
116.775 40.291
116.775 40.291
116.775 40.291
116.775 40.291
116.775 40.291
116.775 40.291
116.775 40.291
116.775 40.291
116.775 40.291
116.775 40.291
116.775 40.291
116.775 40.291
116.775 40.291
116.775 40.291
116.775 40.291
116.775 40.291
116.775 40.291
116.775 40.291
116.775 40.291
116.775 40.291
116.775 40.291
116.775 40.291
116.775 40.291
116.775 40.291
116.775 40.291
116.775 40.291
116.775 40.291
116.775 40.291
116.775 40.291
116.775 40.291
116.775 40.291
116.775 40.291
116.775 40.291
116.775 40.291
116.775 40.291
116.775 40.291
116.775 40.291
116.775 40.291
116.775 40.291
116.775 40.291
116.775 40.291
116.775 40.291
116.775 40.291
116.775 40.291
116.775 40.291
116.775 40.291
116.775 40.291
116.775 40.291
116.775 40.291
116.775 40.291
116.775 40.291
116.775 40.291
116.775 40.291
116.775 40.291
116.775 40.291
116.775 40.291
116.775 40.291
116.775 40.291
116.775 40.291
116.775 40.291
116.775 40.291
116.775 40.291
116.775 40.291
116.775 40.291
116.775 40.291
116.775 40.291
116.775 40.291
116.775 40.291
116.775 40.291
116.775 40.291
116.775 40.291
116.775 40.291
116.775 40.291
116.775 40.291
116.775 40.291
116.775 40.291
116.775 40.291
116.775 40.291
116.775 40.291
116.775 40.291
116.775 40.291
116.775 40.291
116.775 40.291
116.775 40.291
116.775 40.291
116.775 40.291
116.775 40.291
116.775 40.291
116.775 40.291
116.775 40.291
116.775 40.291
116.775 40.291
116.775 40.291
116.775 40.291
116.775 40.291
116.775 40.291
116.775 40.291
116.775 40.291
116.775 40.291
116.775 40.291
116.775 40.291
116.775 40.291
116.775 40.291
116.775 40.291
116.775 40.291
116.775 40.291
116.775 40.291
116.775 40.291
116.775 40.291
116.775 40.291
116.775 40.291
116.775 40.291
116.775 40.291
116.775 40.291
116.775 40.291
116.775 40.291
116.775 40.291
116.775 40.291
116.775 40.291
116.775 40.291
116.775 40.291
116.775 40.291
116.775 40.291
116.775 40.291
116.775 40.291
116.775 40.291
116.775 40.291
116.775 40.291
116.775 40.291
116.775 40.291
116.775 40.291
116.775 40.291
116.775 40.291
116.775 40.291
116.775 40.291
116.775 40.291
116.775 40.291
116.775 40.291
116.775 40.291
116.775 40.291
116.775 40.291
116.775 40.291
116.775 40.2909
116.791 40.2948
116.795 40.2952
116.795 40.2952
116.795 40.2952
116.801 40.3081
116.828 40.3402
116.828 40.3711
116.822 40.378
116.822 40.3781
116.822 40.3781
116.822 40.3782
116.822 40.3782
116.822 40.3781
116.822 40.3781
116.821 40.3782
116.838 40.3749
116.867 40.3773
116.893 40.3928
116.902 40.3956
116.902 40.3956
116.902 40.3956
116.902 40.3956
116.902 40.3956
116.902 40.3956
116.902 40.3956
116.533 40.0511
116.533 40.0511
117.174 40.5031
117.174 40.5032
117.174 40.5034
117.174 40.5035
117.174 40.5035
117.174 40.5035
117.174 40.5035
117.174 40.5035
117.174 40.5035
117.174 40.5035
117.174 40.5035
117.174 40.5035
117.174 40.5035
117.174 40.5034
117.174 40.5034
117.174 40.5035
117.174 40.5035
117.174 40.5035
117.174 40.5035
117.174 40.5035
117.174 40.5035
117.174 40.5035
117.174 40.5035
117.174 40.5035
117.175 40.5079
117.175 40.5078
117.193 40.5083
117.227 40.531
117.25 40.5407
117.263 40.5431
117.277 40.5466
117.278 40.5467
117.278 40.5468
117.278 40.5468
117.278 40.5465
117.278 40.5465
117.278 40.5467
117.278 40.5468
117.278 40.5468
117.278 40.5468
117.278 40.5468
117.278 40.5468
117.278 40.5468
117.278 40.5468
117.278 40.5468
117.278 40.5468
117.278 40.5468
117.278 40.5468
117.278 40.5468
117.278 40.5468
117.278 40.5468
117.278 40.5468
117.278 40.5468
117.278 40.5468
117.278 40.5468
