116.388 39.9628
116.389 39.9525
116.388 39.9478
116.381 39.9476
116.374 39.9476
116.371 39.9475
116.362 39.9462
116.359 39.9451
116.355 39.944
116.35 39.9427
116.345 39.9427
116.345 39.9427
116.343 39.9481
116.344 39.9567
116.348 39.9566
116.361 39.9571
116.356 39.9567
116.35 39.9436
116.343 39.9386
116.308 39.9394
116.304 39.9392
116.304 39.9238
116.295 39.9228
116.295 39.9226
116.303 39.9226
116.304 39.9413
116.303 39.9539
116.302 39.9613
116.301 39.9696
116.3 39.9776
116.305 39.9745
116.313 39.9712
116.315 39.9713
116.312 39.9743
116.311 39.9772
116.319 39.9781
116.319 39.9752
116.327 39.9751
116.327 39.9786
116.327 39.9866
116.342 39.9919
116.347 39.992
116.363 40
116.363 40
116.374 39.997
116.371 39.9958
116.371 39.9959
116.381 39.9887
116.381 39.9825
116.38 39.9811
116.388 39.9768
116.388 39.9692
116.39 39.9671
116.396 39.9619
116.399 39.9577
116.402 39.9483
116.401 39.9482
116.39 39.9479
116.389 39.9584
116.389 39.9584
116.391 39.9621
116.391 39.9621
116.391 39.9621
116.391 39.9621
116.391 39.9621
116.391 39.9621
116.404 39.9674
116.405 39.9674
116.411 39.9687
116.395 39.9674
116.375 39.9741
116.374 39.9961
116.375 39.9963
116.387 39.9786
116.388 39.9769
116.389 39.9502
116.389 39.9502
116.394 39.95
116.391 39.9557
116.392 39.9558
116.396 39.9648
116.393 39.962
116.392 39.962
116.39 39.9619
116.39 39.9619
116.384 39.9622
116.384 39.9622
116.376 39.9712
116.377 39.9712
116.388 39.9694
116.388 39.9694
116.388 39.9693
116.409 39.9676
116.412 39.9677
116.434 39.9607
116.434 39.9607
116.424 39.9582
116.423 39.9581
116.408 39.948
116.408 39.948
116.391 39.9476
116.391 39.9476
116.391 39.9476
116.382 39.9476
116.382 39.9476
116.359 39.945
116.358 39.9448
116.349 39.9378
116.349 39.9376
116.35 39.927
116.35 39.927
116.35 39.9194
116.35 39.9192
116.35 39.9074
116.35 39.9069
116.333 39.8963
116.332 39.8962
116.321 39.8959
116.32 39.8959
116.323 39.8954
116.323 39.9005
116.323 39.9012
116.326 39.9065
116.326 39.9065
116.325 39.9063
116.325 39.9064
116.318 39.9063
116.317 39.9063
116.304 39.9155
116.304 39.9171
116.304 39.9271
116.318 39.9311
116.318 39.9311
116.319 39.9312
116.319 39.9312
116.32 39.9388
116.32 39.9391
116.316 39.9624
116.316 39.9629
116.313 39.9706
116.313 39.9711
116.311 39.9831
116.31 39.9833
116.312 39.9908
116.327 39.9854
116.327 39.985
116.329 39.966
116.329 39.966
116.353 39.9663
116.353 39.9663
116.354 39.9663
116.377 39.9668
116.377 39.9668
116.392 39.9672
116.394 39.9673
116.412 39.9716
116.412 39.9729
116.411 39.9708
116.411 39.9706
116.411 39.9706
116.411 39.9706
116.411 39.9706
116.411 39.9706
116.411 39.9684
116.39 39.967
116.391 39.9671
116.391 39.9622
116.391 39.9619
116.399 39.9589
116.399 39.9583
116.401 39.9607
116.401 39.9607
116.428 39.9736
116.432 39.9853
116.431 39.9852
116.412 39.9821
116.412 39.9821
116.41 39.9869
116.41 39.9867
116.402 39.9817
116.401 39.9815
116.401 39.9637
116.401 39.9629
116.392 39.9548
116.392 39.954
116.402 39.9502
116.402 39.9502
116.389 39.9501
116.389 39.9491
116.352 39.9432
116.351 39.9428
116.35 39.9281
116.35 39.9279
116.35 39.9221
116.35 39.9219
116.35 39.9098
116.35 39.9095
116.35 39.9095
116.347 39.8971
116.347 39.8971
116.346 39.8971
116.304 39.8959
116.304 39.8959
116.289 39.8962
116.289 39.8778
116.289 39.8778
116.288 39.8605
116.288 39.859
116.3 39.8567
116.301 39.8567
116.305 39.8776
116.305 39.8786
116.316 39.8882
116.318 39.8885
116.344 39.8879
116.344 39.8871
116.35 39.9044
116.35 39.9062
116.35 39.925
116.35 39.9262
116.399 39.932
116.405 39.9246
116.405 39.9255
116.402 39.9426
116.402 39.9437
116.401 39.9671
116.402 39.9924
116.402 39.9924
116.411 39.9979
116.412 39.9993
116.418 39.997
116.418 39.996
116.408 39.9889
116.408 39.9878
116.417 39.9974
116.418 39.9974
116.418 39.9799
116.418 39.9795
116.419 39.9595
116.419 39.9586
116.398 39.9501
116.397 39.9501
116.386 39.9501
116.387 39.9501
116.431 39.948
116.433 39.9481
116.462 39.95
116.464 39.9506
116.489 39.9616
116.489 39.9616
116.488 39.9622
116.497 39.9737
116.497 39.9752
116.488 39.9603
116.487 39.9596
116.456 39.9481
116.456 39.9481
116.438 39.94
116.438 39.9398
116.416 39.9323
116.414 39.9323
116.403 39.9279
116.402 39.947
116.402 39.948
116.397 39.9613
116.389 39.9604
116.389 39.9584
116.361 39.946
116.36 39.9453
116.357 39.9923
116.358 39.9924
116.354 40.0052
116.354 40.0056
116.374 39.9808
116.376 39.9809
116.375 39.9753
116.375 39.9747
116.32 39.966
116.317 39.9659
116.304 39.9217
116.304 39.9195
116.314 39.8954
116.317 39.8956
116.318 39.8956
116.318 39.8956
116.341 39.9126
116.341 39.9126
116.343 39.9126
116.35 39.937
116.35 39.9386
116.381 39.9433
116.381 39.9433
116.381 39.9433
116.381 39.9433
116.381 39.9433
116.381 39.9433
116.374 39.9629
116.375 39.9768
116.375 39.9768
116.375 39.9768
116.375 39.9768
116.375 39.9768
116.375 39.9769
116.375 39.9769
116.375 39.9769
116.375 39.9769
116.375 39.9769
116.376 39.9783
116.384 39.9861
116.414 39.9875
116.443 39.9832
116.469 39.9666
116.484 39.9461
116.484 39.9186
116.484 39.8938
116.442 39.8312
116.441 39.8304
116.443 39.8254
116.443 39.8254
116.443 39.8254
116.443 39.8254
116.443 39.8254
116.443 39.8254
116.443 39.8254
116.443 39.8254
116.443 39.8254
116.443 39.8254
116.443 39.8254
116.443 39.8254
116.443 39.8254
116.443 39.8254
116.443 39.8254
116.444 39.826
116.444 39.826
116.448 39.8229
116.443 39.8282
116.443 39.8282
116.443 39.8282
116.443 39.8282
116.443 39.8282
116.443 39.8282
116.441 39.8418
116.441 39.8428
116.433 39.8559
116.433 39.8567
116.433 39.8638
116.433 39.8642
116.44 39.8798
116.44 39.8811
116.43 39.9075
116.43 39.9081
116.428 39.9359
116.428 39.9368
116.402 39.9485
116.402 39.9494
116.399 39.9578
116.399 39.9578
116.4 39.9596
116.4 39.9596
116.393 39.962
116.391 39.9623
116.391 39.9623
116.389 39.9619
116.389 39.9622
116.382 39.9811
116.381 39.9811
116.378 39.9832
116.378 39.9834
116.378 39.9834
116.378 39.9834
116.377 39.981
116.389 39.9865
116.402 39.9861
116.402 39.9928
116.41 39.9936
116.418 39.9921
116.42 39.9921
116.42 39.9921
116.42 39.9921
116.42 39.9921
116.42 39.9921
116.421 39.9945
116.421 39.9945
116.421 39.9946
116.421 39.9946
116.421 39.9946
116.421 39.9946
116.421 39.9946
116.421 39.9946
116.421 39.9946
116.423 39.9947
116.418 39.9882
116.412 39.9876
116.381 39.9873
116.381 39.9963
116.377 39.9831
116.377 39.9831
116.377 39.9831
116.377 39.9831
116.377 39.9831
116.377 39.9831
116.377 39.9831
116.377 39.9831
116.377 39.9831
116.377 39.9831
116.377 39.9831
116.377 39.9831
116.377 39.9831
116.377 39.9831
116.377 39.9831
116.378 39.9818
116.385 39.981
116.385 39.981
116.385 39.981
116.385 39.981
116.385 39.981
116.385 39.981
116.385 39.981
116.385 39.981
116.388 39.9672
116.387 39.9665
116.396 39.9661
116.392 39.9653
116.391 39.9622
116.396 39.9655
116.396 39.9623
116.396 39.964
116.396 39.964
116.396 39.964
116.396 39.964
116.396 39.964
116.396 39.964
116.396 39.964
116.396 39.964
116.396 39.964
116.396 39.964
116.405 39.9675
116.408 39.9676
116.412 39.9737
116.411 39.977
116.413 39.9844
116.414 39.9844
116.411 39.9783
116.412 39.9687
116.405 39.9678
116.405 39.9678
116.405 39.9678
116.405 39.9678
116.389 39.9635
116.389 39.962
116.392 39.9671
116.392 39.9671
116.392 39.9671
116.396 39.9643
116.392 39.9654
116.391 39.9622
116.391 39.9621
116.391 39.9621
116.391 39.9621
116.393 39.962
116.396 39.9667
116.401 39.9761
116.401 39.9822
116.401 39.9837
116.401 39.9837
116.401 39.9837
116.401 39.9837
116.401 39.9837
116.401 39.9821
116.401 39.9678
116.404 39.9611
116.404 39.9608
116.401 39.9608
116.396 39.9671
116.394 39.962
116.399 39.9602
116.402 39.9498
116.389 39.9481
116.4 39.9501
116.396 39.9502
116.39 39.9502
116.377 39.9475
116.354 39.9437
116.35 39.9295
116.348 39.9224
116.329 39.9217
116.329 39.9217
116.334 39.9216
116.349 39.9222
116.359 39.9225
116.367 39.9244
116.373 39.9315
116.377 39.9335
116.373 39.9389
116.378 39.95
116.387 39.9515
116.387 39.9501
116.399 39.9501
116.402 39.9574
116.403 39.9606
116.402 39.9579
116.393 39.9558
116.389 39.962
116.395 39.9671
116.402 39.971
116.405 39.969
116.407 39.9636
116.399 39.9608
116.394 39.9654
116.396 39.9642
116.392 39.9644
116.389 39.9563
116.382 39.9523
116.389 39.9501
116.401 39.9476
116.419 39.9521
116.419 39.9574
116.418 39.9608
116.402 39.9607
116.401 39.9703
116.409 39.9679
116.39 39.9674
116.388 39.9688
116.389 39.9479
116.415 39.948
116.428 39.936
116.43 39.9056
116.421 39.904
116.421 39.904
116.429 39.9116
116.428 39.9346
116.409 39.9479
116.402 39.9595
116.385 39.9672
116.375 39.9759
116.376 39.9768
116.376 39.9768
116.375 39.9768
116.375 39.9768
116.38 39.9782
116.38 39.9782
116.38 39.9782
116.381 39.9785
116.381 39.9785
116.381 39.9785
116.381 39.9785
116.381 39.9785
116.381 39.9785
116.381 39.9785
116.381 39.9785
116.381 39.9785
116.381 39.9785
116.381 39.9785
116.381 39.9785
116.381 39.9785
116.381 39.9785
116.381 39.9785
116.381 39.9785
116.381 39.9785
116.381 39.9785
116.381 39.9785
116.381 39.9785
116.381 39.9785
116.381 39.9785
116.381 39.9785
116.38 39.9783
116.38 39.9783
116.38 39.9783
116.38 39.9783
116.38 39.9783
116.38 39.9783
116.38 39.9783
116.38 39.9783
116.38 39.9783
116.38 39.9783
116.38 39.9783
116.38 39.9783
116.38 39.9783
116.38 39.9783
116.38 39.9783
116.38 39.9783
116.38 39.9781
116.381 39.9811
116.394 39.9866
116.402 39.9876
116.374 39.9789
116.375 39.9757
116.375 39.9754
116.385 39.9755
116.388 39.9754
116.394 39.9714
116.394 39.9684
116.393 39.9684
116.393 39.9686
116.393 39.9686
116.393 39.9686
116.393 39.9686
116.393 39.9686
116.393 39.9686
116.393 39.9686
116.393 39.9686
116.388 39.9733
116.388 39.9797
116.378 39.9811
116.377 39.9808
116.378 39.981
116.381 39.9785
116.381 39.9785
116.381 39.9785
116.381 39.9785
116.377 39.9815
116.377 39.9815
116.378 39.984
116.378 39.9842
116.378 39.9842
116.378 39.9842
116.378 39.9842
116.378 39.9842
116.378 39.9842
116.377 39.9838
116.377 39.9839
116.377 39.9839
116.377 39.9839
116.377 39.9839
116.377 39.9839
116.377 39.9839
116.377 39.9839
116.377 39.9839
116.377 39.9839
116.377 39.9839
116.377 39.9818
116.383 39.9811
116.383 39.9811
116.389 39.9627
116.388 39.9619
116.397 39.9615
116.399 39.9597
116.402 39.9648
116.41 39.9675
116.411 39.9711
116.413 39.9676
116.438 39.9628
116.449 39.9557
116.456 39.9469
116.456 39.9371
116.455 39.9226
116.455 39.9185
116.465 39.9147
116.472 39.9131
116.472 39.9073
116.472 39.9073
116.472 39.9072
116.471 39.8988
116.471 39.8918
116.471 39.8747
116.463 39.8701
116.456 39.87
116.459 39.8699
116.462 39.8747
116.456 39.8749
116.45 39.8785
116.45 39.8796
116.461 39.8748
116.466 39.87
116.462 39.8771
116.462 39.8802
116.462 39.8824
116.458 39.8831
116.456 39.8832
116.452 39.8832
116.439 39.8832
116.434 39.8882
116.428 39.8925
116.425 39.8956
116.422 39.8961
116.415 39.8958
116.413 39.8989
116.412 39.9022
116.412 39.9111
116.412 39.9169
116.411 39.9285
116.411 39.9285
116.411 39.9318
116.411 39.9318
116.411 39.9349
116.411 39.9369
116.411 39.9389
116.411 39.9425
116.419 39.9481
116.434 39.9482
116.452 39.9537
116.453 39.953
116.455 39.949
116.456 39.9515
116.449 39.9563
116.445 39.959
116.428 39.9683
116.406 39.9677
116.375 39.9668
116.353 39.9664
116.316 39.9661
116.313 39.971
116.309 39.9796
116.311 39.9795
116.328 39.9725
116.328 39.9725
116.328 39.9725
116.331 39.9661
116.337 39.9661
116.378 39.9669
116.403 39.9675
116.411 39.9754
116.411 39.9819
116.412 40.0007
116.414 40.008
116.407 40.0014
116.405 39.9975
116.401 39.9918
116.401 39.9786
116.401 39.9648
116.417 39.948
116.417 39.948
116.419 39.944
116.455 39.925
116.462 39.9155
116.471 39.9143
116.478 39.9141
116.483 39.9143
116.49 39.9217
116.496 39.9218
116.481 39.9217
116.472 39.9218
116.465 39.9219
116.463 39.92
116.456 39.9178
116.455 39.9124
116.455 39.9046
116.452 39.8977
116.442 39.8925
116.432 39.8926
116.422 39.8961
116.421 39.8987
116.418 39.9033
116.421 39.9039
116.421 39.9045
116.421 39.9041
116.412 39.8998
116.39 39.8988
116.378 39.8988
116.358 39.8982
116.355 39.8981
116.29 39.8959
116.267 39.8884
116.255 39.888
116.255 39.888
116.253 39.8854
116.255 39.8876
116.259 39.8991
116.261 39.9062
116.269 39.9165
116.279 39.923
116.304 39.9404
116.303 39.9554
116.301 39.9656
116.302 39.9585
116.304 39.9219
116.291 39.9063
116.289 39.9103
116.299 39.9117
116.313 39.9098
116.33 39.9127
116.339 39.9126
116.345 39.9187
116.345 39.9171
116.35 39.9281
116.36 39.9451
116.373 39.9505
116.374 39.9621
116.379 39.9713
116.379 39.9713
116.388 39.9693
116.383 39.9617
116.394 39.9671
116.411 39.9685
116.405 39.9681
116.41 39.9675
116.417 39.9782
116.418 39.9741
116.409 39.9679
116.403 39.971
116.394 39.9675
116.388 39.9732
116.417 39.9874
116.438 39.9638
116.438 39.9638
116.438 39.9638
116.397 39.9675
116.386 39.9672
116.376 39.977
116.376 39.9769
116.375 39.977
116.38 39.9782
116.38 39.9781
116.38 39.9781
116.385 39.9754
116.385 39.9754
116.395 39.9755
116.396 39.9726
116.396 39.9726
116.396 39.9729
116.388 39.9811
116.387 39.9813
116.387 39.9813
116.377 39.9828
116.378 39.984
116.378 39.9841
116.377 39.9813
116.376 39.9754
116.375 39.9754
116.379 39.9667
116.379 39.9633
116.374 39.9614
116.396 39.9724
116.396 39.9724
116.396 39.9724
116.396 39.9724
116.396 39.9738
116.4 39.9756
116.401 39.9765
116.406 39.9901
116.405 39.9875
116.401 39.9844
116.396 39.9739
116.395 39.9731
116.396 39.9723
116.396 39.9723
116.396 39.9723
116.396 39.973
116.401 39.9705
116.401 39.9609
116.399 39.958
116.399 39.9578
116.399 39.9577
116.393 39.9622
116.391 39.962
116.391 39.962
116.391 39.962
116.391 39.962
116.391 39.962
116.4 39.9672
116.402 39.9587
116.402 39.9558
116.402 39.9558
116.398 39.9501
116.402 39.95
116.446 39.9543
116.444 39.9596
116.455 39.9488
116.455 39.9483
116.462 39.9469
116.459 39.9459
116.454 39.9527
116.448 39.9567
116.439 39.9644
116.438 39.9638
116.399 39.9675
116.396 39.9685
116.381 39.9623
116.381 39.9645
116.381 39.9645
116.381 39.9645
116.381 39.9645
116.381 39.9645
116.381 39.9645
116.381 39.9644
116.379 39.9641
116.361 39.9665
116.353 39.9664
116.307 39.963
116.303 39.9615
116.297 39.9606
116.297 39.9603
116.297 39.9596
116.282 39.9563
116.279 39.956
116.27 39.9531
116.268 39.9439
116.259 39.9233
116.257 39.9233
116.237 39.9256
116.233 39.9246
116.212 39.9235
116.202 39.9235
116.181 39.9236
116.176 39.9231
116.154 39.9272
116.154 39.9266
116.178 39.926
116.182 39.9269
116.182 39.9269
116.198 39.9326
116.204 39.9323
116.235 39.9283
116.242 39.9282
116.262 39.9277
116.267 39.9273
116.283 39.9308
116.289 39.931
116.3 39.9414
116.305 39.9403
116.319 39.9461
116.318 39.95
116.336 39.963
116.375 39.9693
116.382 39.9801
116.382 39.9807
116.427 39.9877
116.429 39.9878
116.458 39.9857
116.459 39.9863
116.473 40.0024
116.472 40.0035
116.465 39.9979
116.464 39.9971
116.454 39.9841
116.454 39.9841
116.454 39.9841
116.454 39.9841
116.454 39.9841
116.454 39.9841
116.454 39.9841
116.454 39.9758
116.454 39.9758
116.455 39.9751
116.484 39.9308
116.484 39.9293
116.472 39.91
116.472 39.91
116.455 39.918
116.444 39.9319
116.444 39.9319
116.425 39.9399
116.425 39.94
116.414 39.9351
116.414 39.9351
116.402 39.9425
116.402 39.9427
116.403 39.9483
116.403 39.9483
116.403 39.9483
116.401 39.968
116.401 39.9681
116.406 39.9772
116.406 39.9772
116.412 39.9695
116.412 39.9686
116.413 39.9479
116.414 39.9479
116.42 39.9307
116.42 39.9144
116.417 39.9024
116.416 39.9018
116.42 39.9157
116.42 39.9168
116.428 39.93
116.428 39.931
116.438 39.9396
116.434 39.9532
116.434 39.9532
116.433 39.9634
116.432 39.9629
116.412 39.9582
116.412 39.9591
116.402 39.9514
116.402 39.9507
116.402 39.9507
116.389 39.9572
116.389 39.9572
116.389 39.9635
116.389 39.9635
116.389 39.9635
116.389 39.9635
116.389 39.9635
116.389 39.9635
116.389 39.9656
116.389 39.9656
116.389 39.9656
116.389 39.9656
116.389 39.9656
116.389 39.9656
116.389 39.9656
116.388 39.9713
116.388 39.9706
116.375 39.9687
116.375 39.9697
116.364 39.9754
116.339 39.9758
116.339 39.9764
116.359 39.9753
116.36 39.9752
116.375 39.9755
116.375 39.9768
116.375 39.9768
116.375 39.9767
116.38 39.9784
116.38 39.9782
116.38 39.9782
116.38 39.9782
116.38 39.9782
116.38 39.9782
116.38 39.9782
116.38 39.9782
116.38 39.9782
116.38 39.9782
116.38 39.9782
116.38 39.9782
116.38 39.9782
116.38 39.9782
116.379 39.9809
116.379 39.9809
116.378 39.9835
116.378 39.982
116.385 39.9811
116.406 39.9674
116.423 39.9679
116.455 39.9412
116.455 39.9329
116.461 39.9323
116.459 39.9325
116.449 39.94
116.44 39.9399
116.428 39.9405
116.427 39.9479
116.402 39.9551
116.402 39.9551
116.388 39.9662
116.388 39.9718
116.377 39.9811
116.378 39.9827
116.378 39.9829
116.377 39.9826
116.377 39.9831
116.378 39.9833
116.378 39.9833
116.378 39.9833
116.378 39.9833
116.378 39.9833
116.378 39.9833
116.378 39.9833
116.378 39.9833
116.378 39.9833
116.378 39.9833
116.378 39.9833
116.378 39.9833
116.378 39.9833
116.378 39.9833
116.378 39.9833
116.378 39.9833
116.388 39.9762
116.388 39.9758
116.411 39.9698
116.411 39.9707
116.411 39.9707
116.412 39.9716
116.412 39.973
116.411 39.9934
116.411 39.9934
116.412 40.0235
116.412 40.025
116.406 40.0472
116.411 40.0615
116.411 40.0615
116.419 40.0615
116.419 40.0621
116.426 40.0647
116.426 40.0646
116.427 40.064
116.427 40.064
116.427 40.064
116.427 40.064
116.427 40.064
116.427 40.064
116.427 40.064
116.427 40.064
116.427 40.064
116.427 40.064
116.427 40.064
116.427 40.064
116.427 40.064
116.427 40.064
116.427 40.064
116.427 40.064
116.427 40.064
116.427 40.064
116.431 40.0677
116.431 40.0704
116.435 40.0701
116.435 40.0701
116.435 40.0701
116.431 40.0672
116.431 40.0672
116.434 40.0679
116.434 40.069
116.434 40.069
116.435 40.0699
116.435 40.0699
116.435 40.0699
116.435 40.0699
116.435 40.0699
116.435 40.0699
116.435 40.0699
116.435 40.0699
116.435 40.0699
116.435 40.0699
116.435 40.0699
116.435 40.0699
116.435 40.0699
116.435 40.0699
116.435 40.0701
116.435 40.0701
116.435 40.0701
116.435 40.0701
116.435 40.0701
116.435 40.0701
116.435 40.0701
116.435 40.0701
116.435 40.0701
116.435 40.0701
116.435 40.0701
116.435 40.0701
116.435 40.0701
116.435 40.0701
116.435 40.0701
116.435 40.0701
116.435 40.0701
116.435 40.0701
116.435 40.0701
116.435 40.0701
116.435 40.0701
116.435 40.0701
116.422 40.069
116.422 40.069
116.421 40.0693
116.407 40.0598
116.407 40.0584
116.405 40.0337
116.404 40.0323
116.402 40.0084
116.401 39.9854
116.401 39.9838
116.399 39.9608
116.397 39.9613
116.391 39.9621
116.391 39.9621
116.391 39.9621
116.391 39.9621
116.391 39.9621
116.391 39.9621
116.391 39.9621
116.391 39.9621
116.391 39.9621
116.391 39.9621
116.391 39.9621
116.391 39.9621
116.391 39.9621
116.391 39.9621
116.391 39.9621
116.391 39.9621
116.391 39.9621
116.391 39.9621
116.391 39.9621
116.391 39.9621
116.391 39.9621
116.391 39.9621
116.391 39.9621
116.391 39.9621
116.399 39.9564
116.399 39.9564
116.391 39.962
116.391 39.962
116.399 39.9557
116.402 39.9444
116.402 39.9437
116.39 39.9372
116.39 39.9365
116.389 39.9474
116.389 39.9474
116.413 39.948
116.413 39.948
116.415 39.948
116.433 39.9254
116.433 39.9249
116.419 39.923
116.416 39.923
116.4 39.9321
116.398 39.9322
116.388 39.9466
116.392 39.9619
116.393 39.962
116.39 39.9618
116.389 39.962
116.342 39.9663
116.338 39.9663
116.301 39.9661
116.33 39.9751
116.332 39.9751
116.359 39.9735
116.359 39.9735
116.372 39.9754
116.373 39.9754
116.378 39.981
116.378 39.981
116.377 39.9808
116.402 39.9672
116.406 39.9607
116.402 39.9556
116.396 39.9478
116.389 39.9518
116.391 39.9623
116.392 39.9632
116.392 39.9632
116.393 39.9621
116.388 39.9728
116.387 39.9872
116.382 39.9811
116.371 39.9867
116.36 39.9862
116.316 39.9845
116.3 39.9842
116.302 39.9811
116.303 39.9748
116.311 39.9746
116.317 39.9749
116.339 39.9736
116.347 39.9693
116.347 39.9661
116.372 39.9667
116.401 39.9655
116.402 39.9587
116.402 39.955
116.402 39.955
116.402 39.9541
116.402 39.9534
116.402 39.9531
116.402 39.9512
116.402 39.9512
116.398 39.9499
116.396 39.9499
116.394 39.9498
116.392 39.95
116.39 39.9498
116.389 39.9485
116.366 39.9474
116.353 39.948
116.355 39.9542
116.367 39.9565
116.384 39.9616
116.391 39.9618
116.391 39.9622
116.391 39.9625
116.391 39.9625
116.391 39.9625
116.389 39.9639
116.393 39.9714
116.396 39.9696
116.396 39.9692
116.396 39.9691
116.395 39.9691
116.395 39.9691
116.395 39.9691
116.395 39.9691
116.395 39.9691
116.395 39.9691
116.395 39.9693
116.396 39.9693
116.396 39.9693
116.396 39.9692
116.396 39.9692
116.396 39.9692
116.396 39.9692
116.396 39.9692
116.396 39.9692
116.387 39.9677
116.391 39.9621
116.396 39.9656
116.411 39.9693
116.411 39.9707
116.411 39.968
116.388 39.9677
116.391 39.9625
116.391 39.9623
116.391 39.9623
116.391 39.9623
116.391 39.9623
116.391 39.9623
116.391 39.9623
116.391 39.9623
116.391 39.9623
116.391 39.9623
116.391 39.9623
116.391 39.9623
116.391 39.9624
116.391 39.9624
116.391 39.9624
116.391 39.9624
116.391 39.9624
116.391 39.9624
116.412 39.9677
116.415 39.9678
116.471 39.9969
116.472 39.9973
116.47 39.9956
116.471 39.9947
116.449 39.9801
116.438 39.9687
116.438 39.9687
116.437 39.968
116.38 39.9671
116.378 39.967
116.368 39.9664
116.369 39.9664
116.402 39.937
116.402 39.9355
116.403 39.9327
116.403 39.9337
116.402 39.9574
116.402 39.9575
116.39 39.9676
116.39 39.9674
116.326 39.9662
116.367 39.9058
116.376 39.9058
116.401 39.9064
116.401 39.9064
116.407 39.9066
116.417 39.9025
116.412 39.9037
116.411 39.9211
116.411 39.9212
116.411 39.9225
116.411 39.9225
116.407 39.9246
116.406 39.9245
116.42 39.9228
116.42 39.9171
116.411 39.922
116.419 39.923
116.429 39.9244
116.428 39.9297
116.428 39.9662
116.428 39.9617
116.419 39.9556
116.419 39.9487
116.427 39.9389
116.428 39.9275
116.435 39.9209
116.439 39.9207
116.429 39.9148
116.428 39.9244
116.413 39.9396
116.402 39.944
116.402 39.9513
116.394 39.9621
116.393 39.9654
116.389 39.9585
116.387 39.9539
116.375 39.9477
108.944 28.4687
108.944 28.4687
116.376 39.9461
116.374 39.9498
116.374 39.9498
116.375 39.9677
116.376 39.9713
116.375 39.9769
116.375 39.9769
116.38 39.9782
116.38 39.9782
116.38 39.9782
116.38 39.9782
116.38 39.9782
116.38 39.9782
116.38 39.9782
116.38 39.9782
116.38 39.9782
116.38 39.9782
116.38 39.9782
116.38 39.9782
116.38 39.9782
116.38 39.9782
116.38 39.9782
116.38 39.9782
116.38 39.9782
116.38 39.9782
116.38 39.9782
116.38 39.9782
116.38 39.9782
116.38 39.9782
116.38 39.9784
116.378 39.9835
116.378 39.9838
116.378 39.9838
116.378 39.9838
116.378 39.9838
116.378 39.9838
116.378 39.9838
116.378 39.9838
116.378 39.9838
116.378 39.9838
116.378 39.9838
116.378 39.9838
116.378 39.9838
116.378 39.9838
116.378 39.9838
116.378 39.9838
116.378 39.9838
116.378 39.9838
116.378 39.9838
116.378 39.9838
116.378 39.9838
116.378 39.9838
116.378 39.9838
116.378 39.9838
116.4 39.987
116.412 39.9872
116.424 39.9923
116.424 39.9942
116.419 39.9923
116.411 39.9938
116.411 39.975
116.412 39.9681
116.403 39.9578
116.402 39.9578
116.398 39.961
116.397 39.9614
116.391 39.9626
116.392 39.9629
