116.484 39.9162
116.459 39.9066
116.46 39.906
116.456 39.9052
116.456 39.9054
116.456 39.9055
116.457 39.9078
116.456 39.9057
116.455 39.9049
116.438 39.8918
116.439 39.8847
116.424 39.8698
116.42 39.8699
116.42 39.8699
116.385 39.87
116.376 39.8695
116.343 39.8753
116.325 39.896
116.325 39.896
116.323 39.8982
116.323 39.8995
116.323 39.8963
116.33 39.8961
116.328 39.8962
116.323 39.9048
116.327 39.9059
116.329 39.9044
116.329 39.9044
116.329 39.9088
116.329 39.9184
116.329 39.9191
116.335 39.9218
116.338 39.9218
116.35 39.9211
116.35 39.925
116.356 39.9441
116.362 39.9462
116.366 39.9397
116.364 39.9393
116.355 39.9392
116.35 39.939
116.346 39.9401
116.345 39.9427
116.334 39.9472
116.33 39.9502
116.325 39.9562
116.321 39.9558
116.317 39.9563
116.318 39.9444
116.319 39.9385
116.319 39.9385
116.335 39.937
116.346 39.9387
116.351 39.9388
116.35 39.9391
116.33 39.937
116.31 39.9386
116.288 39.9467
116.279 39.9485
116.273 39.9524
116.278 39.9533
116.278 39.9595
116.281 39.9611
116.282 39.9581
116.282 39.9567
116.293 39.9578
116.297 39.9588
116.296 39.9707
116.296 39.9707
116.295 39.9676
116.301 39.9636
116.302 39.9615
116.314 39.9653
116.333 39.9662
116.351 39.9663
116.356 39.9663
116.379 39.9669
116.395 39.9672
116.404 39.9675
116.429 39.968
116.444 39.9591
116.456 39.9554
116.457 39.9546
116.451 39.9507
116.449 39.9473
116.456 39.9479
116.456 39.9479
116.465 39.9509
116.476 39.9545
116.47 39.966
116.471 39.9765
116.5 40.0028
116.52 40.0174
116.52 40.0174
116.567 40.0351
116.572 40.0393
116.584 40.0578
116.583 40.0796
116.582 40.0654
116.582 40.0625
116.568 40.0638
116.564 40.0644
116.565 40.0612
116.564 40.0626
116.564 40.0626
116.564 40.0626
116.564 40.0626
116.564 40.0626
116.564 40.0631
116.563 40.0652
116.563 40.0684
116.562 40.0699
116.562 40.07
116.566 40.0704
116.567 40.071
116.566 40.0711
116.566 40.071
116.566 40.071
116.566 40.071
116.566 40.071
116.566 40.071
116.566 40.071
116.566 40.071
116.566 40.071
116.566 40.071
116.566 40.071
116.566 40.071
116.566 40.071
116.566 40.071
116.566 40.071
116.566 40.071
116.577 40.0627
116.577 40.0627
116.583 40.06
116.583 40.062
116.583 40.062
116.583 40.0619
116.583 40.062
116.582 40.0649
116.582 40.0656
116.582 40.0675
116.582 40.0682
116.581 40.0704
116.581 40.0708
116.581 40.0722
116.581 40.0751
116.583 40.0794
116.583 40.0793
116.583 40.0793
116.583 40.0794
116.581 40.0774
116.583 40.0653
116.551 40.0284
116.531 40.0214
116.487 40.0051
116.473 40.0138
116.461 40.0027
116.462 40.0018
116.464 40.0129
116.479 40.0117
116.514 40.0147
116.532 40.0218
116.579 40.0468
116.583 40.0512
116.582 40.0769
116.585 40.0766
116.585 40.0795
116.575 40.0429
116.559 40.0316
116.559 40.0316
116.5 40.003
116.487 39.9917
116.474 39.9628
116.483 39.9523
116.484 39.9111
116.478 39.9043
116.438 39.9021
116.437 39.8947
116.42 39.8922
116.413 39.8919
116.393 39.8903
116.393 39.8903
116.387 39.8888
116.379 39.8882
116.37 39.9041
116.368 39.9053
116.359 39.9129
116.358 39.9165
116.362 39.9331
116.355 39.9388
116.359 39.937
116.355 39.9225
116.33 39.9128
116.329 39.9165
116.328 39.9237
116.328 39.9281
116.317 39.9549
116.313 39.952
116.318 39.9657
116.321 39.9659
116.357 39.9663
116.346 40.0196
116.346 40.013
116.346 40.013
116.337 39.9995
116.328 39.9916
116.31 39.9848
116.31 39.9848
116.273 39.9711
116.265 39.9703
116.265 39.97
116.268 39.968
116.268 39.9654
116.283 39.956
116.283 39.9561
116.295 39.9583
116.312 39.9645
116.315 39.9653
116.311 39.9751
116.313 39.9653
116.304 39.9621
116.274 39.9558
116.269 39.9274
116.282 39.9455
116.3 39.9409
116.293 39.916
116.315 39.9071
116.32 39.8883
116.313 39.8956
116.32 39.8956
116.315 39.9072
116.315 39.9072
116.315 39.9071
116.315 39.9071
116.315 39.9071
116.315 39.9072
116.315 39.9071
116.335 39.9059
116.337 39.9059
116.427 39.907
116.467 39.9068
116.473 39.9067
116.501 39.907
116.435 39.9069
116.433 39.905
116.433 39.9047
116.433 39.9046
116.433 39.9047
116.434 39.9047
116.434 39.9051
116.435 39.9046
116.435 39.9045
116.435 39.9056
116.428 39.9317
116.4 39.9297
116.374 39.9316
116.344 39.9126
116.304 39.899
116.322 39.934
116.352 39.9126
116.333 39.9063
116.317 39.9065
116.305 39.8884
116.304 39.906
116.327 39.9662
116.366 39.9666
116.375 39.9668
116.349 39.9396
116.34 39.9376
116.34 39.9376
116.321 39.9374
116.321 39.9375
116.319 39.9315
116.323 39.922
116.323 39.922
116.323 39.922
116.323 39.922
116.327 39.9216
116.324 39.9099
116.32 39.9098
116.315 39.9071
116.315 39.9071
116.315 39.9011
116.315 39.9036
116.315 39.9057
116.328 39.9058
116.329 39.9059
116.329 39.9209
116.328 39.9255
116.33 39.9367
116.338 39.9371
116.369 39.9473
116.373 39.9538
116.388 39.9671
116.398 39.9673
116.436 39.9857
116.468 40.0138
116.473 40.0125
116.471 40.0135
116.471 40.013
116.471 40.0132
116.471 40.0132
116.471 40.0129
116.472 40.0099
116.472 40.0099
116.472 40.0099
116.472 40.0098
116.472 40.0099
116.472 40.0099
116.472 40.0099
116.472 40.0065
116.472 40.0065
116.474 40.0075
116.472 40.0065
116.472 40.0064
116.472 40.0065
116.472 40.0065
116.462 39.9946
116.462 39.9958
116.443 39.9943
116.442 39.9934
116.418 39.9877
116.412 40.025
116.412 40.0307
116.42 40.0391
116.422 40.0401
116.422 40.0401
116.422 40.0395
116.422 40.0399
116.422 40.0398
116.423 40.0401
116.423 40.0401
116.417 40.0361
116.411 40.0315
116.411 40.0184
116.411 40.0022
116.41 39.9941
116.406 39.9901
116.401 39.9922
116.408 39.9882
116.401 39.9859
116.396 39.9728
116.396 39.9728
116.395 39.9711
116.39 39.9674
116.372 39.967
116.365 39.9562
116.366 39.9469
116.366 39.9433
116.361 39.9392
116.361 39.9392
116.356 39.9391
116.347 39.9392
116.343 39.9455
116.342 39.9497
116.34 39.9566
116.333 39.9577
116.331 39.9606
116.338 39.9606
116.341 39.9534
116.344 39.9433
116.346 39.9366
116.349 39.931
116.35 39.9252
116.35 39.9186
116.344 39.917
116.346 39.9125
116.346 39.9064
116.347 39.9002
116.347 39.8924
116.35 39.8879
116.356 39.8879
116.362 39.8869
116.36 39.8851
116.357 39.8854
116.357 39.8879
116.357 39.8879
116.351 39.8926
116.351 39.8948
116.347 39.8984
116.346 39.8972
116.34 39.8982
116.326 39.8887
116.323 39.8887
116.318 39.8886
116.309 39.8854
116.304 39.8841
116.303 39.8662
116.303 39.8662
116.304 39.8653
116.305 39.8655
116.305 39.8656
116.306 39.8658
116.307 39.8659
116.309 39.8652
116.309 39.8657
116.308 39.8676
116.306 39.8705
116.312 39.873
116.312 39.8781
116.314 39.883
116.315 39.8873
116.318 39.892
116.323 39.8952
116.323 39.9024
116.323 39.9024
116.329 39.9058
116.329 39.9126
116.335 39.9126
116.338 39.9131
116.339 39.916
116.338 39.9217
116.335 39.9221
116.328 39.929
116.338 39.931
116.346 39.9311
116.358 39.9309
116.364 39.9311
116.377 39.9316
116.387 39.932
116.394 39.932
116.402 39.9319
116.411 39.9329
116.416 39.9336
116.416 39.933
116.418 39.9324
116.411 39.9391
116.411 39.941
116.41 39.9476
116.413 39.9504
116.419 39.9545
116.424 39.958
116.428 39.9546
116.438 39.9539
116.438 39.9539
116.441 39.9548
116.438 39.9511
116.439 39.9541
116.439 39.955
116.44 39.956
116.44 39.9554
116.446 39.9571
116.442 39.9544
116.434 39.9536
116.434 39.9517
116.434 39.9517
116.434 39.9515
116.433 39.9517
116.433 39.9532
116.429 39.9582
116.43 39.9612
116.434 39.9594
116.431 39.9617
116.429 39.9587
116.428 39.9582
116.426 39.9573
116.426 39.9566
116.427 39.9581
116.429 39.9581
116.44 39.9608
116.444 39.9589
116.455 39.9483
116.455 39.9426
116.459 39.9324
116.468 39.9324
116.483 39.9324
116.483 39.9324
116.496 39.9221
116.49 39.9216
116.493 39.9217
116.512 39.9182
116.512 39.9172
116.512 39.9172
116.498 39.9148
116.491 39.9146
116.484 39.9298
116.484 39.9395
116.464 39.9698
116.456 39.9749
116.45 39.9806
116.455 39.9843
116.464 39.9908
116.464 39.991
116.464 39.991
116.473 39.999
116.469 40.0007
116.465 40.0007
116.465 40.0003
116.464 40.0003
116.465 40.0003
116.466 40.0002
116.467 39.9999
116.467 39.9997
116.466 40.0002
116.462 39.9951
116.467 39.9894
116.453 39.9837
116.449 39.9799
116.449 39.9798
116.44 39.9755
116.425 39.9816
116.419 39.9822
116.414 39.9844
116.415 39.9864
116.415 39.9863
116.415 39.9866
116.417 39.9873
116.406 39.9872
116.37 39.987
116.375 39.9712
116.323 39.9662
116.316 39.966
116.316 39.9659
116.316 39.9659
116.317 39.9558
116.321 39.9558
116.312 39.9558
116.31 39.956
116.31 39.9558
116.31 39.956
116.303 39.9526
116.304 39.9444
116.304 39.9162
116.304 39.9116
116.304 39.9082
116.302 39.9055
116.324 39.9061
116.329 39.9059
116.467 39.4164
116.467 39.4164
116.329 39.9039
116.317 39.9098
116.317 39.9098
116.315 39.9075
116.315 39.9072
116.315 39.907
116.304 39.9158
116.304 39.9359
116.335 39.9663
116.374 39.9668
116.396 39.9674
116.412 39.971
116.411 39.9778
116.411 39.9741
116.411 39.9741
116.411 39.9681
116.411 39.9681
116.43 39.9635
116.429 39.9564
116.433 39.9534
116.437 39.9584
116.438 39.9633
116.435 39.9827
116.429 39.9823
116.418 39.9821
116.414 39.9844
116.415 39.9869
116.418 39.988
116.411 40.0079
116.43 40.0105
116.43 40.0115
116.425 40.0076
116.425 40.0076
116.411 40.008
116.402 40.0042
116.4 40.0039
116.411 39.9987
116.41 39.994
116.408 39.9891
116.407 39.9897
116.401 39.98
116.401 39.9724
116.402 39.9582
116.402 39.9472
116.428 39.9372
116.424 39.9231
116.423 39.9189
116.423 39.9206
116.432 39.921
116.435 39.917
116.446 39.9256
116.449 39.931
116.449 39.9423
116.447 39.9448
116.448 39.9448
116.447 39.9448
116.447 39.9447
116.449 39.9427
116.449 39.9398
116.462 39.9429
116.463 39.9434
116.462 39.9495
116.462 39.9537
116.462 39.957
116.462 39.9567
116.462 39.9567
116.462 39.9567
116.467 39.9464
116.465 39.9415
116.462 39.949
116.466 39.9478
116.455 39.9375
116.455 39.9286
116.449 39.9337
116.449 39.9347
116.444 39.9337
116.439 39.9256
116.431 39.9259
116.437 39.9276
116.436 39.9255
116.449 39.9269
116.449 39.9329
116.441 39.9399
116.427 39.94
116.419 39.9481
116.401 39.9477
116.373 39.9606
116.374 39.9794
116.363 39.9882
116.363 39.9848
116.363 39.9848
116.355 39.9804
116.355 39.9805
116.355 39.9805
116.349 39.9802
116.34 39.9855
116.311 39.9844
116.298 39.9847
116.297 39.9843
116.299 39.9833
116.301 39.9696
116.293 39.961
116.338 39.9266
116.329 39.9268
116.329 39.9367
116.34 39.9374
116.356 39.94
116.356 39.94
116.353 39.9392
116.337 39.947
116.342 39.9488
116.337 39.9567
116.334 39.9567
116.321 39.9661
116.319 39.9715
116.312 39.9747
116.312 39.9748
116.304 39.9462
116.304 39.9344
116.304 39.8915
116.302 39.8824
116.278 39.873
116.28 39.87
116.277 39.8609
116.277 39.8547
116.283 39.8352
116.285 39.8355
116.282 39.8352
116.282 39.8352
116.277 39.8543
116.277 39.8571
116.303 39.8655
116.303 39.8654
116.329 39.8718
116.332 39.8718
116.343 39.8881
116.343 39.8878
116.35 39.927
116.349 39.9361
116.329 39.954
116.322 39.9573
116.322 39.9573
116.321 39.9572
116.321 39.9572
116.321 39.9572
116.321 39.9572
116.322 39.9573
116.322 39.9572
116.321 39.9572
116.322 39.9571
116.322 39.9571
116.322 39.9572
116.322 39.9572
116.322 39.9572
116.322 39.9572
116.321 39.9572
116.322 39.9571
116.321 39.9573
116.321 39.9571
116.321 39.9572
116.322 39.9572
116.322 39.9572
116.322 39.9571
116.322 39.9571
116.321 39.9573
116.321 39.9571
116.321 39.9571
116.321 39.9572
116.321 39.9572
116.322 39.9573
116.321 39.9572
116.321 39.9572
116.321 39.9573
116.321 39.9573
116.322 39.9571
116.322 39.9572
116.321 39.9574
116.322 39.9573
116.321 39.9572
116.321 39.9573
116.321 39.9573
116.322 39.9572
116.322 39.9572
116.322 39.9572
116.321 39.9571
116.321 39.9572
116.322 39.9572
116.322 39.9572
116.322 39.9571
116.321 39.9572
116.321 39.9571
116.321 39.9572
116.322 39.9571
116.322 39.9572
116.322 39.9559
116.304 39.9486
116.304 39.9393
116.303 39.8951
116.306 39.8957
116.316 39.8952
116.32 39.8956
116.329 39.906
116.329 39.9096
116.338 39.927
116.333 39.9269
116.314 39.9271
116.314 39.9306
116.319 39.9374
116.323 39.937
116.327 39.9357
116.327 39.9359
116.327 39.9358
116.327 39.9358
116.327 39.9358
116.327 39.9349
116.327 39.9356
116.36 39.9455
116.372 39.9474
116.428 39.948
116.44 39.9489
116.482 39.9866
116.482 39.9866
116.49 39.9943
116.55 40.0279
116.564 40.0339
116.576 40.0444
116.577 40.0453
116.579 40.047
116.58 40.0471
116.584 40.0561
116.584 40.0573
116.583 40.0662
116.582 40.0686
116.586 40.0769
116.587 40.0778
116.586 40.0793
116.586 40.0794
116.583 40.0795
116.581 40.0792
116.581 40.0739
116.581 40.0716
116.571 40.0633
116.565 40.0643
116.55 40.0642
116.548 40.0626
116.527 40.0405
116.525 40.0364
116.511 40.0331
116.511 40.0332
116.511 40.0331
116.511 40.0332
116.511 40.0332
116.511 40.0332
116.511 40.0332
116.511 40.0332
116.512 40.0348
116.514 40.0358
116.51 40.0341
116.507 40.033
116.481 40.0207
116.473 40.0209
116.463 40.0194
116.461 40.0193
116.461 40.0046
116.461 40.0035
116.461 40.0035
116.457 39.9897
116.453 39.9879
116.433 39.9878
116.424 39.988
116.402 39.9889
116.402 39.9887
116.411 40.0055
116.411 40.0055
116.413 40.0078
116.412 40.0024
116.411 40.004
116.41 40.0076
116.381 40.0086
116.381 40.0086
116.366 40.0122
116.37 40.0085
116.367 40.0164
116.368 40.016
116.38 40.0085
116.38 40.0085
116.403 40.0209
116.423 40.0206
116.473 40.0128
116.473 40.0125
116.472 40.0099
116.472 40.01
116.472 40.0099
116.472 40.01
116.472 40.01
116.472 40.01
116.472 40.01
116.472 40.0099
116.472 40.0099
116.472 40.0099
116.472 40.0099
116.472 40.0099
116.472 40.0099
116.472 40.0099
116.467 40.004
116.465 40.0006
116.465 40.0005
116.465 40.0005
116.465 40.0006
116.465 40.0005
116.465 40.0005
116.465 40.0005
116.465 40.0004
116.465 40.0005
116.462 39.995
116.469 39.9882
116.481 39.9882
116.482 39.9866
116.448 39.9567
116.428 39.9487
116.428 39.924
116.429 39.9124
116.424 39.9075
116.423 39.9072
116.423 39.9071
116.421 39.9071
116.418 39.9072
116.414 39.9072
116.404 39.9068
116.404 39.9072
116.404 39.9072
116.401 39.9095
116.404 39.914
116.412 39.9111
116.412 39.9103
116.412 39.9083
116.412 39.9074
116.412 39.9022
116.412 39.9009
116.405 39.9043
116.405 39.9081
116.411 39.9091
116.412 39.906
116.415 39.9068
116.42 39.9069
116.442 39.9068
116.45 39.9068
116.446 39.9025
116.437 39.8942
116.422 39.8922
116.422 39.8922
116.411 39.8918
116.394 39.8965
116.394 39.8977
116.384 39.9061
116.372 39.9059
116.36 39.9066
116.365 39.9102
116.367 39.9087
116.367 39.9086
116.367 39.9087
116.367 39.9087
116.367 39.909
116.368 39.9085
116.368 39.9001
116.368 39.9
116.368 39.8943
116.384 39.8849
116.392 39.8839
116.39 39.885
116.394 39.8854
116.413 39.886
116.414 39.8859
116.414 39.8859
116.414 39.8859
116.414 39.8858
116.413 39.8865
116.412 39.8952
116.412 39.8952
116.412 39.8999
116.41 39.9009
116.405 39.9078
116.408 39.9079
116.412 39.9081
116.412 39.9071
116.412 39.9004
116.418 39.8991
116.423 39.8993
116.438 39.8929
116.455 39.8917
116.454 39.8915
116.466 39.8918
116.48 39.8919
116.497 39.8938
116.5 39.894
116.497 39.8938
116.497 39.8938
116.489 39.892
116.484 39.9032
116.484 39.9094
116.489 39.9077
116.489 39.9079
116.489 39.9078
116.485 39.9097
116.485 39.9097
116.484 39.9097
116.484 39.9098
116.484 39.9101
116.484 39.9182
116.484 39.9321
116.484 39.9334
116.489 39.9346
116.485 39.9325
116.476 39.9327
116.472 39.9309
116.472 39.922
116.472 39.9147
116.471 39.9105
116.465 39.9107
116.471 39.9085
116.47 39.9072
116.458 39.9074
116.433 39.8925
116.424 39.8925
116.421 39.8923
116.413 39.8919
116.406 39.8917
116.406 39.8917
116.384 39.8884
116.379 39.8882
116.369 39.888
116.365 39.8879
116.357 39.888
116.346 39.8883
116.339 39.8965
116.322 39.8959
116.321 39.8959
116.319 39.8959
116.317 39.896
116.315 39.8962
116.328 39.9054
116.329 39.9042
116.329 39.9043
116.329 39.9044
116.329 39.9044
116.329 39.9044
116.329 39.9044
116.339 39.9058
116.353 39.9058
116.37 39.9053
116.368 39.9044
116.368 39.9054
116.368 39.9055
116.37 39.906
116.351 39.9075
116.351 39.9106
116.351 39.9124
116.352 39.9123
116.345 39.9126
116.343 39.916
116.346 39.9221
116.35 39.918
116.351 39.9154
116.35 39.9142
116.35 39.9116
116.35 39.9102
116.35 39.9078
116.349 39.8972
116.342 39.8933
116.343 39.8833
116.343 39.8833
116.368 39.8663
116.364 39.8542
116.374 39.8555
116.374 39.8555
116.389 39.8555
116.394 39.8481
116.395 39.8351
116.396 39.8131
116.396 39.8064
116.389 39.8015
116.392 39.7927
116.403 39.791
116.389 39.8014
116.396 39.8026
116.396 39.8033
116.396 39.8091
116.396 39.8208
116.396 39.8241
116.394 39.8528
116.401 39.8559
116.394 39.8636
116.358 39.8767
116.358 39.8767
116.358 39.8719
116.358 39.8647
116.358 39.8668
116.362 39.8758
116.368 39.8789
116.368 39.887
116.368 39.8975
116.367 39.8985
116.358 39.8983
116.338 39.8965
116.289 39.8961
116.27 39.8971
116.269 39.8991
116.273 39.8992
116.277 39.8992
116.287 39.899
116.289 39.8964
116.299 39.8955
116.299 39.8954
116.302 39.8957
116.313 39.8957
116.352 39.8978
116.367 39.8987
116.367 39.8987
116.377 39.8989
116.389 39.8988
116.41 39.8999
116.421 39.8981
116.414 39.9002
116.419 39.9035
116.421 39.9034
116.421 39.9034
116.421 39.9034
116.422 39.9036
116.422 39.9035
116.422 39.9035
116.425 39.9036
116.433 39.8982
116.45 39.9026
116.483 39.9055
116.484 39.9235
116.482 39.9559
116.482 39.9559
116.461 39.9718
116.454 39.9837
116.46 39.9819
116.46 39.9789
116.46 39.9789
116.46 39.979
116.46 39.979
116.461 39.9787
116.466 39.9736
116.482 39.9549
116.484 39.9302
116.47 39.907
116.429 39.9082
116.421 39.9047
116.421 39.9038
116.421 39.9065
116.415 39.9009
116.415 39.9006
116.414 39.9004
116.413 39.9001
116.413 39.8999
116.412 39.8983
116.414 39.8832
116.398 39.8725
116.396 39.872
116.393 39.8852
116.406 39.8869
116.406 39.8869
116.411 39.8958
116.415 39.9006
116.421 39.9034
116.421 39.9034
116.421 39.9035
116.421 39.9034
116.421 39.9034
116.421 39.9034
116.421 39.9034
116.421 39.9034
116.421 39.9034
116.421 39.9034
116.421 39.9034
116.421 39.9034
116.421 39.9034
116.421 39.9034
116.421 39.9034
116.421 39.9034
116.421 39.9035
116.421 39.9034
116.421 39.9034
116.422 39.9035
116.428 39.9037
116.438 39.89
116.427 39.8696
116.357 39.8677
116.343 39.8777
116.339 39.8966
116.306 39.8959
116.267 39.8958
116.253 39.8956
116.315 39.9073
116.315 39.9072
116.315 39.9063
116.289 39.9063
116.256 39.899
116.261 39.9062
116.281 39.9062
116.303 39.9062
116.315 39.9084
116.315 39.9075
116.315 39.9074
116.315 39.9074
116.315 39.9075
116.315 39.9074
116.315 39.9074
116.315 39.9074
116.315 39.9074
116.315 39.9074
116.315 39.9073
116.315 39.9073
116.315 39.9073
116.315 39.9072
116.315 39.9073
116.315 39.9073
116.315 39.9073
116.315 39.9073
116.315 39.9073
116.315 39.9073
116.315 39.9073
116.315 39.9073
116.315 39.9073
116.315 39.9072
116.315 39.9073
116.315 39.9073
116.315 39.9073
116.315 39.9074
116.315 39.9072
116.315 39.9073
116.315 39.9073
116.315 39.9072
116.315 39.9072
116.315 39.907
116.315 39.9066
116.321 39.8985
116.35 39.9386
116.358 39.9391
116.373 39.9411
116.373 39.9379
116.363 39.9311
116.358 39.9188
116.354 39.9162
116.354 39.916
116.354 39.9161
116.354 39.9159
116.354 39.916
116.354 39.916
116.354 39.9161
116.354 39.9162
116.354 39.9162
116.354 39.9162
116.354 39.9161
116.345 39.9126
116.337 39.9061
116.329 39.9128
116.322 39.9097
116.315 39.9068
116.315 39.896
116.306 39.895
116.311 39.8956
116.314 39.896
116.304 39.8979
116.304 39.9201
116.304 39.9369
116.302 39.9624
116.295 39.9793
116.309 39.9839
116.31 39.9907
116.327 39.9939
116.324 39.9916
116.321 39.9969
116.313 39.9987
116.31 39.9994
116.313 40.0077
116.329 40.0083
116.331 39.9971
116.324 39.9915
116.314 39.9911
116.31 39.9854
116.31 39.9825
116.308 39.9808
116.308 39.9839
116.315 39.991
116.326 39.9914
116.328 39.9913
116.328 39.9915
116.328 39.9918
116.328 39.9911
116.328 39.9913
116.328 39.9918
116.327 39.9891
116.328 39.992
116.328 39.9916
116.327 39.9864
116.335 39.9849
116.368 39.986
116.395 39.9868
116.395 39.9868
116.434 39.987
116.451 39.9822
116.445 39.9823
116.441 39.9922
116.441 39.9924
116.441 39.9925
116.441 39.9925
116.441 39.9927
116.442 39.9928
116.442 39.9932
116.459 39.9875
116.471 39.9793
116.477 39.9751
116.473 39.9786
116.471 39.986
116.465 39.9911
116.466 39.9999
116.466 39.9998
116.466 40.0005
116.472 40.0061
116.472 40.0061
116.473 40.01
116.473 40.0099
116.473 40.01
116.473 40.01
116.472 40.01
116.472 40.01
116.473 40.01
116.472 40.01
116.472 40.01
116.472 40.01
116.472 40.01
116.473 40.01
116.473 40.01
116.472 40.01
116.472 40.01
116.475 40.0074
116.472 40.0047
116.464 40.0005
116.462 39.9927
116.459 39.9835
116.453 39.9841
116.449 39.9801
116.448 39.971
116.449 39.9695
116.45 39.9697
116.449 39.9661
116.446 39.9669
116.445 39.9686
116.439 39.9694
116.439 39.9694
116.412 39.968
116.388 39.9674
116.357 39.9665
116.348 39.9748
116.342 39.9745
116.34 39.9747
116.328 39.9753
116.321 39.9751
116.313 39.9797
116.31 39.9822
116.319 39.9802
116.312 39.9796
116.311 39.9751
116.315 39.9666
116.317 39.9656
116.325 39.9659
116.323 39.9663
116.322 39.9662
116.32 39.9662
116.319 39.9716
116.327 39.9793
116.327 39.9793
116.338 39.9851
116.375 39.9863
116.4 39.9869
116.399 39.9757
116.396 39.9719
116.396 39.9737
116.396 39.9688
116.392 39.9619
116.392 39.9618
116.388 39.9663
116.388 39.9784
116.366 39.9863
116.363 39.9906
116.359 39.9958
116.359 39.996
116.359 39.9928
116.363 39.9913
116.36 39.9805
116.355 39.9804
116.359 39.9801
116.36 39.9777
116.359 39.9798
116.354 39.9804
116.347 39.9916
116.346 39.9982
116.339 39.9969
116.341 39.9951
116.358 39.9923
116.359 39.9924
116.373 39.9831
116.402 39.9675
116.411 39.9676
116.419 39.9633
116.418 39.9606
116.413 39.9607
116.412 39.9617
116.408 39.9581
116.415 39.9579
116.428 39.9582
116.433 39.9582
116.433 39.9582
116.441 39.9567
116.438 39.9537
116.434 39.9516
116.434 39.9515
116.434 39.9524
116.437 39.9457
116.428 39.945
116.426 39.9548
116.426 39.9554
116.428 39.9581
116.433 39.9596
116.43 39.9635
116.43 39.9644
116.43 39.9638
116.43 39.9638
116.431 39.9617
116.42 39.9683
116.417 39.9742
116.417 39.9742
116.411 39.98
116.412 39.982
116.418 39.9865
116.415 39.9879
116.414 39.9877
116.406 39.9875
116.387 39.9815
116.381 39.9812
116.376 39.986
116.379 39.9861
116.374 39.9809
116.381 39.981
116.395 39.9866
116.401 39.9822
116.401 39.9819
116.403 39.98
116.41 39.9758
116.41 39.9758
116.408 39.9741
116.405 39.9742
116.405 39.9741
116.405 39.9741
116.407 39.974
116.411 39.9906
116.411 39.9924
116.412 40.0012
116.411 39.9993
116.415 39.9909
116.413 39.9877
116.402 39.9915
116.402 39.9931
116.402 39.9931
116.402 39.9931
116.402 39.9966
116.402 40.0011
116.408 40.008
116.413 40.0139
116.414 40.0139
116.411 40.0152
116.408 40.0257
116.408 40.0255
116.408 40.0256
116.41 40.0254
116.397 40.0082
116.381 40.0085
116.381 39.9905
116.372 39.9868
116.36 39.9664
116.347 39.9671
116.349 39.9429
116.347 39.9392
116.347 39.9392
116.336 39.9469
116.342 39.9503
116.348 39.9567
116.363 39.9566
116.367 39.9609
116.37 39.9602
116.37 39.9656
116.373 39.961
116.384 39.9617
116.388 39.9682
116.385 39.9812
116.377 39.981
116.389 39.9865
116.406 39.987
116.411 39.9793
116.413 39.9786
116.414 39.979
116.414 39.979
116.414 39.979
116.414 39.979
116.414 39.9791
116.414 39.979
116.415 39.979
116.414 39.982
116.411 39.9787
116.396 39.9674
116.376 39.9669
116.347 39.9673
116.349 39.9504
116.346 39.9391
116.342 39.9436
116.319 39.9779
116.319 39.9792
116.313 39.9796
116.311 39.9813
116.319 39.9799
116.312 39.9796
116.295 39.9842
116.292 39.9904
116.277 40.0197
116.271 40.0263
116.253 40.0419
116.246 40.0436
116.217 40.0402
116.209 40.0384
116.203 40.0344
116.202 40.0374
116.217 40.0402
116.228 40.0436
116.258 40.0376
116.259 40.0305
116.276 40.0199
116.282 40.0101
116.285 39.9798
116.273 39.9707
116.269 39.9235
116.331 39.9128
116.333 39.9167
116.342 39.9269
116.343 39.9268
116.331 39.9493
116.329 39.9557
116.328 39.9659
116.32 39.9663
116.32 39.975
116.331 39.9752
116.332 39.9742
116.332 39.9741
116.332 39.9731
116.332 39.9733
116.332 39.9731
116.332 39.9731
116.332 39.9734
116.332 39.9732
116.332 39.9725
116.333 39.9697
116.335 39.9661
116.344 39.9662
116.333 39.9686
116.332 39.9733
116.332 39.9734
116.332 39.9733
116.332 39.9739
116.332 39.9739
116.402 39.9567
116.402 39.9602
116.4 39.9625
116.4 39.9624
116.402 39.958
116.408 39.9578
116.419 39.9606
116.417 39.9608
116.402 39.9607
116.389 39.9587
116.389 39.9661
116.434 39.9644
116.433 39.964
116.433 39.9592
116.433 39.9575
116.442 39.9574
116.442 39.9575
116.437 39.9578
116.44 39.9612
116.434 39.9828
116.426 39.988
116.418 39.9946
116.418 39.9946
116.418 39.996
116.412 39.9976
116.411 39.9822
116.411 39.9822
116.427 39.968
116.438 39.9633
116.44 39.9512
116.441 39.9524
116.441 39.9452
116.444 39.9404
116.455 39.9478
116.455 39.9478
116.455 39.9477
116.463 39.9459
116.462 39.9498
116.462 39.9526
116.462 39.9492
116.468 39.9433
116.469 39.9367
116.445 39.9324
116.443 39.9399
116.446 39.9428
116.446 39.9398
116.419 39.9878
116.418 39.9965
116.419 39.9998
116.411 39.9975
116.402 40.0035
116.398 40.0039
116.4 40.0037
116.399 40.0037
116.402 40.0033
116.402 39.9987
116.396 39.9887
116.395 39.9899
116.396 39.9933
116.405 39.9936
116.416 39.9924
116.414 39.9923
116.415 39.9924
116.418 39.9966
116.418 39.9967
116.418 39.9966
116.418 39.9966
116.418 39.9965
116.418 39.9965
116.412 39.9975
116.412 40.0324
116.41 40.0372
116.411 40.0602
116.416 40.0605
116.418 40.0634
116.418 40.0634
116.418 40.0634
116.418 40.0634
116.418 40.0634
116.418 40.0635
116.419 40.0615
116.407 40.0647
116.407 40.0569
116.407 40.0429
116.409 40.0394
116.408 40.0565
116.399 40.0562
116.396 40.0605
116.4 40.0562
116.406 40.0665
116.406 40.0665
116.407 40.0684
116.405 40.076
116.405 40.0737
116.406 40.0717
116.406 40.0708
116.408 40.0555
116.406 40.046
116.407 40.0719
116.408 40.0815
116.41 40.1154
116.412 40.1156
116.406 40.0974
116.407 40.0885
116.391 40.0833
116.395 40.0785
116.407 40.0586
116.407 40.0569
116.408 40.0401
116.412 40.0398
116.417 40.0433
116.417 40.0433
116.417 40.0433
116.417 40.0433
116.417 40.0433
116.417 40.0433
116.417 40.0434
116.417 40.0433
116.417 40.0432
116.417 40.0433
116.417 40.0433
116.417 40.0433
116.417 40.0434
116.417 40.0433
116.417 40.0433
116.417 40.0433
116.417 40.0433
116.417 40.0433
116.417 40.0434
116.417 40.0434
116.417 40.0432
116.417 40.0433
116.417 40.0433
116.417 40.0433
116.417 40.0434
116.417 40.0433
116.417 40.0433
116.417 40.0434
116.417 40.0434
116.417 40.0434
116.417 40.0433
116.417 40.0434
116.417 40.0433
116.417 40.0433
116.417 40.0433
116.417 40.0433
116.417 40.0434
116.417 40.0433
116.417 40.0433
116.417 40.0434
116.417 40.0434
116.417 40.0433
116.417 40.0433
116.417 40.0433
116.417 40.0433
116.417 40.0434
116.417 40.0433
116.417 40.0433
116.417 40.0434
116.417 40.0434
116.417 40.0433
116.417 40.0439
116.417 40.0438
116.42 40.0401
116.429 40.0367
116.439 40.0179
116.459 40.0138
116.501 40.0037
116.516 40.0161
116.577 40.045
116.579 40.0462
116.584 40.0548
116.582 40.0793
116.581 40.0624
116.563 40.0613
116.563 40.0613
116.563 40.0613
116.563 40.0613
116.552 40.0634
116.53 40.0451
116.524 40.0344
116.5 40.0223
116.481 40.0207
116.459 40.0193
116.45 40.0194
116.432 40.0311
116.43 40.0361
116.42 40.041
116.42 40.041
116.416 40.0425
116.426 40.0385
116.431 40.0314
116.453 40.014
116.474 40.0136
116.511 40.0132
116.53 40.0211
116.578 40.0461
116.579 40.0462
116.58 40.0472
116.582 40.0489
116.584 40.0567
116.583 40.0624
116.583 40.0644
116.582 40.0734
116.582 40.0756
116.586 40.0793
116.584 40.0796
116.581 40.0766
116.569 40.0636
116.564 40.0618
116.549 40.0643
116.541 40.057
116.524 40.0348
116.515 40.0334
116.511 40.0331
116.511 40.0331
116.511 40.0332
116.511 40.0332
116.511 40.0332
116.511 40.0332
116.511 40.0332
116.511 40.0331
116.51 40.0332
116.511 40.0331
116.511 40.0331
116.511 40.0331
116.513 40.0361
116.513 40.035
116.506 40.0229
116.515 40.0234
116.545 40.0265
116.567 40.0354
116.582 40.0751
116.587 40.0785
116.581 40.0723
116.582 40.0652
116.556 40.0626
116.556 40.0626
116.55 40.0642
116.535 40.0537
116.531 40.0482
116.511 40.0332
116.511 40.0333
116.511 40.0332
116.511 40.0331
116.51 40.0331
116.511 40.0331
116.51 40.0333
116.51 40.0332
116.51 40.0332
116.51 40.0332
116.51 40.0331
116.51 40.0331
116.51 40.0332
116.51 40.0332
116.518 40.0248
116.517 40.024
116.479 39.9852
116.484 39.9794
116.484 39.9717
116.476 39.97
116.474 39.9703
116.46 39.9586
116.462 39.9556
116.466 39.9478
116.466 39.9478
116.463 39.9432
116.459 39.9426
116.45 39.9325
116.447 39.9325
116.455 39.9399
116.458 39.9425
116.466 39.9372
116.466 39.9371
116.466 39.9372
116.466 39.9372
116.461 39.9427
116.453 39.9324
116.44 39.9325
116.42 39.9324
116.417 39.9323
116.388 39.9322
116.382 39.932
116.362 39.9311
116.362 39.9311
116.354 39.9225
116.354 39.9225
116.347 39.9222
116.316 39.9225
116.304 39.9148
116.304 39.9078
116.294 39.9063
116.29 39.9063
116.286 39.9068
116.286 39.9068
116.286 39.9068
116.286 39.9068
116.287 39.9076
116.287 39.9077
116.287 39.9077
116.287 39.9077
116.287 39.9077
116.287 39.9077
116.287 39.9077
116.287 39.9077
116.287 39.9077
116.287 39.9077
116.287 39.9077
116.287 39.9077
116.287 39.9077
116.287 39.9077
116.287 39.9077
116.287 39.9077
116.287 39.9077
116.287 39.9077
116.287 39.9077
116.287 39.9077
116.287 39.9077
116.287 39.9077
116.287 39.9077
116.287 39.9077
116.289 39.9067
116.289 39.9067
116.311 39.9007
116.311 39.8998
116.329 39.9058
116.329 39.9058
116.329 39.9214
116.329 39.9214
116.316 39.931
116.314 39.931
116.298 39.9453
116.298 39.9454
116.289 39.9464
116.288 39.9466
116.31 39.9386
116.311 39.9382
116.329 39.9561
116.329 39.9556
116.348 39.9311
116.349 39.931
116.367 39.9312
116.369 39.9313
116.389 39.932
116.389 39.932
116.4 39.9232
116.4 39.9233
116.411 39.9229
116.424 39.9204
116.44 39.9221
116.441 39.9217
116.471 39.9142
116.472 39.9137
116.472 39.9137
116.483 39.9142
116.483 39.9142
116.482 39.9558
116.481 39.9573
116.481 39.9573
116.481 39.9871
116.481 39.9871
116.507 40.0111
116.508 40.0111
116.52 40.0286
116.521 40.0296
116.548 40.0627
116.549 40.0634
116.555 40.1004
116.555 40.101
116.601 40.1167
116.603 40.1166
116.663 40.1151
116.663 40.1151
116.723 40.1212
116.725 40.1214
116.787 40.1455
116.788 40.1453
116.804 40.1476
116.807 40.1478
116.849 40.1519
116.851 40.1519
116.942 40.1505
116.944 40.1503
117.02 40.1418
117.022 40.142
117.096 40.1441
117.098 40.1441
117.121 40.1443
117.156 40.165
117.158 40.1654
117.224 40.172
117.224 40.1721
117.224 40.1721
117.224 40.172
117.224 40.172
117.224 40.172
117.243 40.1779
117.243 40.178
117.243 40.178
117.243 40.178
117.243 40.178
117.243 40.1779
117.258 40.1952
117.258 40.1971
117.263 40.2015
117.263 40.2015
117.263 40.2015
117.263 40.2015
117.263 40.2015
117.263 40.2015
117.263 40.2015
117.263 40.2015
117.263 40.2015
117.263 40.2015
117.263 40.2015
117.263 40.2015
117.263 40.2015
117.263 40.2015
117.263 40.2015
117.263 40.2015
117.263 40.2015
117.263 40.2015
117.263 40.2015
117.265 40.2015
117.265 40.2015
117.265 40.2015
117.265 40.2015
117.265 40.2015
117.265 40.2015
117.265 40.2015
117.265 40.2015
117.265 40.2015
117.265 40.2015
117.265 40.2015
117.265 40.2015
117.265 40.2015
117.265 40.2015
117.265 40.2015
117.265 40.2015
117.265 40.2015
117.265 40.2015
117.265 40.2015
117.265 40.2015
117.265 40.2015
117.265 40.2015
117.265 40.2015
117.265 40.2015
117.265 40.2015
117.265 40.2015
117.265 40.2015
117.265 40.2015
117.265 40.2015
117.265 40.2015
117.265 40.2015
117.265 40.2015
117.265 40.2015
117.265 40.2015
117.265 40.2015
117.265 40.2015
117.265 40.2015
117.265 40.2015
117.265 40.2015
117.265 40.2015
117.265 40.2015
117.265 40.2015
117.265 40.2015
117.265 40.2015
117.265 40.2015
117.265 40.2015
117.263 40.2018
117.263 40.2017
117.263 40.2017
117.263 40.2018
117.263 40.2018
117.263 40.2018
117.26 40.2011
117.254 40.1804
117.247 40.1806
117.247 40.1806
117.247 40.1806
117.247 40.1806
117.247 40.1806
117.247 40.1806
117.247 40.1806
117.247 40.1806
117.247 40.1805
117.243 40.1799
117.229 40.1726
117.188 40.1673
117.161 40.1658
117.133 40.1546
117.133 40.1546
117.117 40.1525
117.11 40.1519
117.11 40.1519
117.104 40.1488
117.089 40.1486
117.078 40.1327
117.075 40.1336
117.075 40.1337
117.078 40.134
117.078 40.1319
117.089 40.1452
117.095 40.1486
117.11 40.1524
117.11 40.1525
117.105 40.1721
117.105 40.1799
117.108 40.1849
117.108 40.1849
117.108 40.1849
117.108 40.1849
117.105 40.1834
117.105 40.1662
117.105 40.1526
117.109 40.1525
117.109 40.1525
117.107 40.1552
117.107 40.1553
117.107 40.1553
117.107 40.1553
117.107 40.1553
117.107 40.1553
117.107 40.1553
117.11 40.1519
117.11 40.1518
117.11 40.1518
117.11 40.1518
117.11 40.1518
117.11 40.1518
117.11 40.1518
117.11 40.1518
117.11 40.1518
117.11 40.1518
117.107 40.155
117.107 40.1555
117.107 40.1555
117.107 40.1555
117.107 40.1555
117.107 40.1555
117.107 40.1555
117.107 40.1555
117.107 40.1555
117.107 40.1555
117.107 40.1555
117.107 40.1555
117.107 40.1555
117.107 40.1555
117.107 40.1555
117.107 40.1555
117.107 40.1555
117.107 40.1555
117.107 40.1555
117.107 40.1555
117.107 40.1555
117.107 40.1555
117.107 40.1555
117.107 40.1555
117.11 40.1523
117.112 40.1494
117.117 40.1397
117.118 40.1369
117.119 40.137
117.119 40.137
117.119 40.137
117.119 40.137
117.119 40.137
117.119 40.137
117.119 40.137
117.119 40.137
117.119 40.137
117.119 40.137
117.119 40.137
117.119 40.137
117.119 40.137
117.119 40.137
117.119 40.137
117.119 40.137
117.117 40.1484
117.112 40.1507
117.11 40.1519
117.11 40.1521
117.11 40.1521
117.11 40.1521
117.14 40.159
117.142 40.1604
117.196 40.1674
117.198 40.1675
117.242 40.1787
117.243 40.1799
117.254 40.1804
117.254 40.1818
117.254 40.1818
117.263 40.2016
117.263 40.2016
117.263 40.2016
117.263 40.2016
117.263 40.2016
117.265 40.2015
117.265 40.2015
117.265 40.2015
117.265 40.2015
117.265 40.2015
117.265 40.2015
117.265 40.2015
117.265 40.2015
117.265 40.2015
117.265 40.2015
117.265 40.2015
117.265 40.2015
117.265 40.2015
117.265 40.2015
117.265 40.2015
117.265 40.2015
117.265 40.2015
117.265 40.2015
117.265 40.2015
117.265 40.2015
117.265 40.2015
117.265 40.2015
117.265 40.2015
117.265 40.2015
117.265 40.2015
117.263 40.2018
117.263 40.2018
117.263 40.2018
117.263 40.2018
117.263 40.2018
117.263 40.2018
117.263 40.2018
117.263 40.2018
117.255 40.1898
117.254 40.1827
117.249 40.1787
117.248 40.1782
117.247 40.1781
117.248 40.1773
117.273 40.1814
117.285 40.1852
117.297 40.1922
116.422 39.6286
117.297 40.1922
117.297 40.1922
117.297 40.1922
117.297 40.1922
117.297 40.1922
117.297 40.1922
117.297 40.1922
117.297 40.1922
117.297 40.1922
117.297 40.1922
117.297 40.1923
117.296 40.1922
117.296 40.1923
117.296 40.1923
117.291 40.1879
117.268 40.1807
117.249 40.1788
117.247 40.1781
117.247 40.1806
