116.415 39.9005
116.412 39.8998
116.41 39.9
116.41 39.9
116.408 39.8997
116.408 39.8998
116.407 39.8997
116.406 39.8997
116.406 39.8997
116.41 39.9018
116.41 39.9027
116.41 39.9038
116.415 39.9068
116.449 39.907
116.465 39.9069
116.484 39.9247
116.484 39.9488
116.488 39.9535
116.487 39.9527
116.487 39.9527
116.482 39.9565
116.477 39.9552
116.453 39.9476
116.451 39.9473
116.453 39.9478
116.453 39.9477
116.453 39.9475
116.453 39.9475
116.453 39.9476
116.453 39.9476
116.453 39.9476
116.454 39.9477
116.454 39.9477
116.454 39.9477
116.455 39.9479
116.434 39.9663
116.412 39.968
116.41 39.9679
116.408 39.9677
116.406 39.9677
116.404 39.9674
116.41 39.9675
116.41 39.9675
116.419 39.9603
116.434 39.9254
116.426 39.9368
116.426 39.9365
116.456 39.9412
116.462 39.9523
116.462 39.9561
116.462 39.9561
116.454 39.9534
116.413 39.9679
116.358 39.9664
116.333 39.9665
116.328 39.9655
116.328 39.9847
116.355 39.9856
116.38 39.9861
116.415 39.9874
116.422 39.9876
116.462 39.9709
116.466 39.9736
116.483 39.9886
116.483 39.9886
116.483 39.9886
116.483 39.9886
116.487 39.9926
116.492 39.9976
116.519 40.0261
116.531 40.0481
116.534 40.0524
116.55 40.071
116.561 40.1157
116.568 40.1165
116.61 40.1276
116.611 40.128
116.636 40.1364
116.64 40.1362
116.65 40.1358
116.65 40.1358
116.65 40.1362
116.651 40.136
116.651 40.136
116.651 40.13
116.651 40.1291
116.651 40.1218
116.651 40.1191
116.659 40.1148
116.661 40.1145
116.659 40.1148
116.657 40.115
116.657 40.115
116.657 40.115
116.652 40.1175
116.636 40.1281
116.631 40.1371
116.631 40.1371
116.626 40.1364
116.625 40.1366
116.625 40.1366
116.625 40.1366
116.627 40.1363
116.624 40.1381
116.614 40.1396
116.62 40.1386
116.623 40.1381
116.647 40.1248
116.649 40.1249
116.65 40.1241
116.65 40.1242
116.649 40.1249
116.649 40.1249
116.651 40.1287
116.651 40.1306
116.65 40.1363
116.65 40.1362
116.65 40.1362
116.648 40.136
116.645 40.1362
116.615 40.1393
116.615 40.1393
116.595 40.127
116.591 40.1269
116.591 40.1269
116.581 40.1146
116.582 40.111
116.577 40.088
116.576 40.0839
116.582 40.0728
116.589 40.0489
116.589 40.0481
116.592 40.0473
116.586 40.0456
116.589 40.0387
116.574 40.0339
116.57 40.0343
116.581 40.0476
116.585 40.0548
116.573 40.0604
116.557 40.0622
116.529 40.0783
116.519 40.0954
116.506 40.0945
116.489 40.0937
116.47 40.0884
116.452 40.0807
116.439 40.0856
116.439 40.0856
116.429 40.0876
116.41 40.0879
116.407 40.0878
116.37 40.0868
116.349 40.0855
116.332 40.0848
116.327 40.0824
116.327 40.0817
116.327 40.0819
116.339 40.0852
116.358 40.0858
116.361 40.0774
116.355 40.0717
116.341 40.0637
116.341 40.0636
116.341 40.0626
116.341 40.0626
116.336 40.0583
116.324 40.0548
116.329 40.0446
116.341 40.0294
116.36 40.0047
116.372 40.0004
116.401 40.002
116.402 39.9925
116.402 39.9924
116.402 39.9924
116.402 39.992
116.402 39.992
116.372 39.9883
116.343 40.0273
116.318 40.0603
116.309 40.072
116.329 40.0817
116.322 40.0765
116.322 40.0765
116.315 40.0743
116.332 40.0786
116.344 40.0788
116.33 40.0785
116.317 40.0748
116.306 40.0741
116.321 40.0556
116.313 40.0466
116.307 40.0424
116.301 40.0472
116.3 40.0466
116.3 40.046
116.3 40.046
116.3 40.046
116.3 40.046
116.3 40.046
116.3 40.046
116.3 40.046
116.3 40.046
116.3 40.046
116.3 40.046
116.3 40.046
116.301 40.046
116.301 40.046
116.3 40.0459
116.3 40.0459
116.3 40.0459
116.3 40.0459
116.305 40.0343
116.284 40.0223
116.289 39.9961
116.269 39.9645
116.273 39.9526
116.275 39.9538
116.27 39.958
116.317 39.9843
116.38 39.9863
116.396 39.9887
116.398 39.9886
116.401 39.9908
116.395 39.9872
116.396 39.9887
116.382 39.9814
116.373 39.9831
116.401 39.987
116.451 39.9783
116.473 39.9769
116.474 39.9755
116.474 39.9755
116.474 39.9754
116.474 39.9754
116.474 39.9754
116.474 39.9753
116.474 39.9753
116.474 39.9752
116.474 39.9752
116.478 39.9752
116.485 39.9766
116.484 39.9782
116.482 39.9789
116.477 39.9753
116.482 39.9875
116.478 39.9924
116.478 39.99
116.474 39.9878
116.472 39.9791
116.471 39.9777
116.457 39.9653
116.454 39.9524
116.459 39.9459
116.459 39.9459
116.458 39.9459
116.445 39.94
116.44 39.9399
116.431 39.9397
116.425 39.9397
116.411 39.9407
116.408 39.9441
116.406 39.9461
116.405 39.9456
116.404 39.9454
116.402 39.9459
116.417 39.9479
116.419 39.9408
116.419 39.9397
116.438 39.9425
116.438 39.9428
116.438 39.9428
116.439 39.9423
116.438 39.9329
116.44 39.9222
116.442 39.9216
116.445 39.9211
116.466 39.9146
116.466 39.9146
116.472 39.9074
116.469 39.9058
116.47 39.907
116.457 39.9073
116.452 39.9075
116.452 39.9103
116.45 39.9073
116.444 39.9081
116.444 39.9118
116.444 39.9296
116.449 39.9448
116.456 39.9514
116.455 39.9522
116.455 39.9522
116.455 39.9522
116.455 39.9522
116.455 39.9522
116.455 39.9522
116.455 39.9522
116.455 39.9485
116.455 39.9484
116.461 39.968
116.473 39.9781
116.475 39.9806
116.485 39.9891
116.514 40.0152
116.53 40.021
116.536 40.0231
116.557 40.0307
116.579 40.047
116.584 40.0547
116.58 40.0795
116.576 40.0876
116.583 40.1057
116.583 40.1168
116.619 40.1208
116.63 40.126
116.641 40.1362
116.646 40.136
116.651 40.1363
116.651 40.1363
116.651 40.1363
116.651 40.1362
116.651 40.1362
116.639 40.1362
116.613 40.1394
116.603 40.1328
116.605 40.1217
116.604 40.1206
116.606 40.1167
116.582 40.117
116.582 40.117
116.583 40.109
116.581 40.0956
116.576 40.0864
116.582 40.0706
116.583 40.0605
116.579 40.0473
116.569 40.0371
116.548 40.0273
116.511 40.0131
116.472 39.9781
116.457 39.9644
116.455 39.9624
116.427 39.9489
116.428 39.9269
116.423 39.9072
116.39 39.9062
116.389 39.8967
116.377 39.8881
116.357 39.888
116.346 39.8883
116.343 39.8727
116.33 39.8669
116.311 39.8666
116.31 39.8667
116.308 39.8672
116.308 39.8672
116.308 39.8672
116.308 39.8672
116.305 39.8798
116.305 39.8797
116.314 39.8536
116.337 39.8478
116.369 39.8556
116.381 39.8556
116.388 39.8555
116.394 39.8533
116.397 39.8505
116.397 39.8497
116.395 39.8552
116.407 39.8556
116.414 39.8561
116.402 39.8578
116.399 39.8596
116.398 39.8704
116.407 39.8707
116.407 39.8707
116.439 39.874
116.439 39.8837
116.45 39.9027
116.455 39.9031
116.456 39.9113
116.454 39.9118
116.455 39.9123
116.455 39.9123
116.446 39.9073
116.444 39.9091
116.444 39.9205
116.445 39.932
116.445 39.9316
116.44 39.9256
116.438 39.9257
116.435 39.9275
116.435 39.9275
116.435 39.9275
116.435 39.9275
116.437 39.9324
116.438 39.9347
116.427 39.9324
116.429 39.908
116.438 39.8718
116.399 39.8719
116.399 39.8749
116.399 39.875
116.399 39.875
116.399 39.872
116.394 39.8719
116.385 39.8794
116.371 39.8773
116.366 39.8772
116.358 39.8814
116.352 39.8849
116.352 39.8849
116.352 39.8849
116.352 39.8849
116.349 39.8848
116.352 39.8849
116.352 39.8849
116.352 39.8849
116.352 39.8849
116.352 39.8849
116.352 39.8849
116.352 39.8848
116.347 39.8934
116.35 39.8972
116.353 39.9057
116.365 39.9057
116.375 39.9047
116.375 39.9047
116.371 39.9043
116.371 39.9044
116.368 39.905
116.358 39.9059
116.33 39.9062
116.33 39.9061
116.334 39.9058
116.337 39.9058
116.34 39.9051
116.344 39.9039
116.346 39.9071
116.346 39.9071
116.347 39.9093
116.347 39.9101
116.347 39.912
116.348 39.9125
116.353 39.9128
116.353 39.9128
116.353 39.9128
116.353 39.9156
116.354 39.9141
116.352 39.9126
116.35 39.9051
116.336 39.8942
116.337 39.8926
116.337 39.8926
116.338 39.9059
116.339 39.9059
116.34 39.9053
116.34 39.9053
116.34 39.9055
116.336 39.8991
116.336 39.8955
116.337 39.8918
116.337 39.8961
116.342 39.8954
116.344 39.8962
116.35 39.8993
116.351 39.9078
116.35 39.9276
116.351 39.9565
116.351 39.9565
116.364 39.9607
116.364 39.9616
116.358 39.9665
116.317 39.9658
116.319 39.9657
116.32 39.9658
116.321 39.9659
116.339 39.9662
116.359 39.9857
116.358 39.9975
116.358 39.9975
116.363 39.9903
116.355 39.9804
116.355 39.9804
116.367 39.9796
116.367 39.9796
116.368 39.9791
116.375 39.9748
116.389 39.9614
116.392 39.9484
116.349 39.9405
116.35 39.922
116.35 39.9016
116.306 39.8643
116.291 39.8564
116.29 39.852
116.289 39.8522
116.288 39.8525
116.288 39.851
116.288 39.8491
116.288 39.8491
116.288 39.8491
116.288 39.8493
116.282 39.8473
116.287 39.8489
116.288 39.8576
116.288 39.8682
116.289 39.8873
116.289 39.8873
116.289 39.8873
116.289 39.8873
116.289 39.8873
116.289 39.8873
116.289 39.8873
116.289 39.8873
116.289 39.8873
116.289 39.8873
116.289 39.8873
116.289 39.8873
116.289 39.8873
116.289 39.8873
116.289 39.8873
116.289 39.8882
116.304 39.8843
116.305 39.8914
116.304 39.9012
116.309 39.9061
116.315 39.8993
116.315 39.8987
116.315 39.9052
116.315 39.9052
116.315 39.906
116.332 39.906
116.34 39.9055
116.34 39.9055
116.346 39.9055
116.348 39.9162
116.35 39.9286
116.375 39.9744
116.371 39.9808
116.37 39.9815
116.374 39.9768
116.374 39.9768
116.375 39.9757
116.375 39.9731
116.39 39.967
116.399 39.9673
116.413 39.9676
116.433 39.966
116.43 39.9683
116.418 39.9677
116.421 39.9677
116.421 39.9677
116.427 39.9677
116.427 39.9677
116.427 39.9677
116.446 39.9559
116.45 39.9589
116.467 39.9743
116.472 39.9791
116.482 39.9876
116.482 39.9876
116.487 39.9924
116.51 40.0134
116.513 40.0179
116.517 40.0229
116.533 40.0512
116.539 40.0557
116.552 40.0827
116.554 40.0914
116.552 40.1064
116.546 40.1051
116.545 40.1159
116.554 40.1166
116.598 40.1167
116.608 40.1165
116.633 40.1285
116.635 40.1317
116.639 40.1357
116.639 40.1357
116.639 40.1358
116.641 40.1362
116.659 40.1354
116.664 40.1285
116.692 40.134
116.697 40.1405
116.699 40.1437
116.699 40.1437
116.699 40.1437
116.699 40.1437
116.699 40.1437
116.699 40.1437
116.699 40.1437
116.699 40.1437
116.699 40.1437
116.699 40.1437
116.706 40.1503
116.714 40.1603
116.71 40.1695
116.71 40.1695
116.68 40.1696
116.654 40.1628
116.65 40.1425
116.646 40.1394
116.637 40.1357
116.637 40.1357
116.637 40.1357
116.637 40.1357
116.637 40.1357
116.637 40.1357
116.637 40.1357
116.637 40.1357
116.637 40.1357
116.637 40.1357
116.637 40.1357
116.637 40.1357
116.637 40.1357
116.637 40.1357
116.637 40.1357
116.637 40.1357
116.637 40.1357
116.637 40.1357
116.637 40.1357
116.637 40.1357
116.637 40.1357
116.644 40.1362
116.651 40.136
116.651 40.1366
116.65 40.1363
116.651 40.1364
116.65 40.1366
116.65 40.1363
116.65 40.1363
116.65 40.1363
116.65 40.1363
116.644 40.1362
116.635 40.137
116.635 40.126
116.635 40.1167
116.616 40.1166
116.601 40.1168
116.564 40.1164
116.564 40.1084
116.562 40.0912
116.562 40.0797
116.567 40.0708
116.567 40.0715
116.567 40.072
116.567 40.072
116.567 40.072
116.567 40.072
116.567 40.072
116.567 40.072
116.567 40.072
116.567 40.072
116.567 40.072
116.567 40.072
116.567 40.072
116.567 40.072
116.567 40.072
116.567 40.072
116.567 40.072
116.567 40.072
116.567 40.072
116.567 40.072
116.567 40.072
116.567 40.072
116.567 40.072
116.567 40.072
116.567 40.072
116.567 40.072
116.567 40.072
116.567 40.072
116.567 40.072
116.567 40.072
116.567 40.072
116.567 40.072
116.567 40.072
116.567 40.072
116.567 40.072
116.567 40.072
116.567 40.072
116.567 40.072
116.567 40.072
116.567 40.072
116.567 40.0719
116.567 40.0716
116.567 40.072
116.567 40.072
116.567 40.072
116.567 40.072
116.567 40.072
116.567 40.072
116.567 40.072
116.567 40.072
116.567 40.0721
116.567 40.0721
116.567 40.0721
116.567 40.0721
116.567 40.0721
116.567 40.0721
116.564 40.0719
116.564 40.0719
116.564 40.0719
116.564 40.0719
116.564 40.0719
116.566 40.0639
116.566 40.0639
116.566 40.0639
116.566 40.0639
116.566 40.0639
116.566 40.0639
116.566 40.0639
116.566 40.0639
116.583 40.0613
116.583 40.0613
116.583 40.0613
116.583 40.0613
116.582 40.0644
116.582 40.0644
116.581 40.0709
116.581 40.0709
116.581 40.0709
116.581 40.0709
116.581 40.075
116.581 40.075
116.581 40.0765
116.581 40.0765
116.583 40.0794
116.583 40.0794
116.583 40.0794
116.583 40.0794
116.583 40.0794
116.582 40.0793
116.584 40.0557
116.57 40.0384
116.53 40.0211
116.498 40.0018
116.468 39.9743
116.443 39.952
116.427 39.943
116.427 39.943
116.427 39.9329
116.43 39.9304
116.43 39.9317
116.429 39.9319
116.452 39.9323
116.462 39.9219
116.489 39.9216
116.493 39.9216
116.495 39.9216
116.512 39.9211
116.507 39.9149
116.498 39.9146
116.488 39.9144
116.474 39.9144
116.471 39.9144
116.463 39.9161
116.463 39.9214
116.461 39.9257
116.461 39.9244
116.455 39.9205
116.455 39.9162
116.452 39.9072
116.445 39.9071
116.43 39.9072
116.43 39.9062
116.423 39.9064
116.423 39.9064
116.455 39.9144
116.456 39.932
116.469 39.9356
116.463 39.9448
116.463 39.9467
116.456 39.9446
116.456 39.9477
116.449 39.9489
116.445 39.9527
116.483 39.9831
116.482 39.9881
116.482 39.9881
116.512 40.0156
116.519 40.0238
116.53 40.0198
116.557 40.0269
116.557 40.0251
116.556 40.0284
116.566 40.0324
116.583 40.0476
116.586 40.0476
116.589 40.0476
116.588 40.053
116.586 40.0677
116.582 40.0705
116.58 40.0792
116.582 40.0953
116.583 40.1087
116.588 40.1168
116.587 40.1167
116.606 40.1162
116.612 40.1164
116.626 40.1163
116.662 40.1151
116.671 40.1145
116.694 40.1239
116.69 40.1309
116.7 40.1442
116.712 40.1576
116.712 40.1576
116.723 40.168
116.722 40.168
116.709 40.1695
116.692 40.1688
116.655 40.1694
116.654 40.1688
116.651 40.1398
116.65 40.1362
116.651 40.1362
116.651 40.1362
116.651 40.1372
116.651 40.1392
116.647 40.1396
116.647 40.1397
116.647 40.1397
116.647 40.1397
116.65 40.1362
116.65 40.1366
116.65 40.1366
116.65 40.1366
116.65 40.1366
116.65 40.1366
116.65 40.1366
116.65 40.1365
116.651 40.1343
116.664 40.1293
116.678 40.1189
116.68 40.1173
116.675 40.1152
116.674 40.1151
116.662 40.1153
116.614 40.1165
116.582 40.1026
116.579 40.0798
116.585 40.0779
116.584 40.0795
116.588 40.0544
116.588 40.044
116.607 40.0362
116.622 40.0256
116.622 40.0258
116.604 40.0345
116.586 40.0455
116.589 40.048
116.589 40.048
116.589 40.048
116.589 40.048
116.582 40.0632
116.58 40.0788
116.584 40.0765
116.583 40.076
116.589 40.051
116.589 40.0491
116.589 40.0483
116.589 40.0483
116.589 40.0483
116.589 40.0483
116.589 40.0483
116.589 40.0483
116.589 40.048
116.566 40.0324
116.553 40.0379
116.552 40.0388
116.535 40.0413
116.531 40.0416
116.551 40.0637
116.561 40.0612
116.566 40.0704
116.567 40.0707
116.566 40.0709
116.566 40.0709
116.566 40.0709
116.566 40.0709
116.566 40.0709
116.566 40.0709
116.566 40.0709
116.566 40.0709
116.566 40.0709
116.566 40.0709
116.566 40.0709
116.566 40.0709
116.566 40.0709
116.566 40.0709
116.566 40.0709
116.566 40.0709
116.566 40.0709
116.566 40.0708
116.566 40.0708
116.566 40.0708
116.566 40.0709
116.566 40.0709
116.566 40.0709
116.566 40.0709
116.566 40.0709
116.566 40.0709
116.566 40.0709
116.566 40.0709
116.566 40.0709
116.566 40.0709
116.566 40.0709
116.566 40.0709
116.566 40.0709
116.566 40.0709
116.566 40.0709
116.566 40.0709
116.566 40.0709
116.566 40.0709
116.566 40.0709
116.566 40.0709
116.566 40.0709
116.566 40.0709
116.566 40.0709
116.566 40.0709
116.565 40.0708
116.571 40.0633
116.582 40.0623
116.583 40.0626
116.583 40.0626
116.583 40.0626
116.583 40.0627
116.583 40.063
116.583 40.063
116.583 40.063
116.583 40.063
116.583 40.063
116.582 40.0649
116.581 40.0714
116.581 40.0756
116.581 40.0756
116.58 40.076
116.58 40.076
116.58 40.076
116.582 40.0757
116.585 40.0766
116.585 40.0766
116.585 40.0766
116.585 40.0766
116.587 40.0783
116.584 40.0564
116.531 40.0215
116.427 39.9423
116.433 39.8981
116.385 39.8886
116.362 39.8872
116.357 39.8854
116.357 39.8854
116.357 39.8869
116.357 39.8972
116.35 39.9026
116.352 39.943
116.385 39.9502
116.388 39.9501
116.391 39.9619
116.392 39.9643
116.399 39.9608
116.42 39.9481
116.429 39.908
116.435 39.8693
116.429 39.8609
116.46 39.7843
116.418 39.8644
116.408 39.8639
116.4 39.8588
116.401 39.8584
116.394 39.8694
116.441 39.8749
116.45 39.8801
116.45 39.8821
116.455 39.883
116.455 39.887
116.456 39.9053
116.462 39.9068
116.458 39.9073
116.457 39.9073
116.453 39.9072
116.428 39.9233
116.428 39.9294
116.419 39.9534
116.419 39.9551
116.405 39.9577
116.402 39.9577
116.406 39.9674
116.406 39.9674
116.409 39.9676
116.418 39.9678
116.458 39.9647
116.465 39.9717
116.515 40.0157
116.527 40.02
116.581 40.0484
116.584 40.0547
116.582 40.0771
116.583 40.1035
116.622 40.1163
116.622 40.1163
116.651 40.1215
116.651 40.1246
116.651 40.1292
116.651 40.1277
116.651 40.1363
116.655 40.1369
116.656 40.1376
116.683 40.1175
116.684 40.1166
116.712 40.0855
116.714 40.085
116.71 40.0864
116.71 40.0775
116.682 40.1175
116.576 40.0855
116.554 40.0232
116.554 40.0232
116.568 40.0335
116.588 40.0354
116.589 40.0442
116.591 40.0443
116.633 40.0336
116.636 40.034
116.672 40.0161
116.673 40.0136
116.658 39.957
116.657 39.9554
116.649 39.9213
116.647 39.9212
116.637 39.9143
116.637 39.9143
116.626 39.9052
116.626 39.9052
116.637 39.8912
116.638 39.8915
116.61 39.9051
116.61 39.9051
116.585 39.9113
116.585 39.9119
116.568 39.9141
116.545 39.9178
116.545 39.9166
116.521 39.916
116.515 39.9157
116.484 39.907
116.473 39.9071
116.456 39.9051
116.456 39.9051
116.456 39.9041
116.456 39.9072
116.455 39.908
116.455 39.9036
116.456 39.9013
116.456 39.9049
116.481 39.9068
116.484 39.9518
116.494 39.9975
116.567 40.0353
116.583 40.0753
116.583 40.0753
116.583 40.0794
116.583 40.0794
116.583 40.0794
116.582 40.0705
116.583 40.0699
116.589 40.048
116.589 40.0479
116.589 40.0479
116.589 40.0479
116.593 40.0445
116.593 40.0449
116.586 40.0693
116.583 40.0795
116.583 40.0759
116.586 40.0672
116.589 40.0484
116.588 40.0517
116.565 40.0611
116.553 40.0761
116.553 40.0772
116.545 40.0902
116.545 40.0891
116.559 40.0991
116.557 40.0993
116.559 40.1137
116.582 40.1168
116.607 40.1165
116.623 40.131
116.638 40.1362
116.651 40.1358
116.65 40.1367
116.65 40.1364
116.65 40.1363
116.65 40.1363
116.65 40.1363
116.65 40.1363
116.65 40.1363
116.651 40.136
116.651 40.136
116.651 40.136
116.643 40.1363
116.635 40.1307
116.624 40.1237
116.613 40.1163
116.613 40.1162
116.596 40.1168
116.582 40.117
116.583 40.108
116.582 40.0943
116.58 40.0798
116.58 40.0798
116.582 40.0712
116.577 40.0454
116.549 40.0276
116.507 40.01
116.484 39.9883
116.455 39.9622
116.43 39.9482
116.423 39.9397
116.421 39.9412
116.419 39.9466
116.419 39.947
116.409 39.948
116.408 39.948
116.361 39.9458
116.358 39.9448
116.334 39.9372
116.333 39.9372
116.308 39.9396
116.282 39.9504
116.282 39.9511
116.285 39.9563
116.286 39.9564
116.29 39.9226
116.291 39.9227
116.331 39.9217
116.332 39.9218
116.347 39.9278
116.347 39.9285
116.343 39.9271
116.343 39.9282
116.341 39.9376
116.351 39.9387
116.351 39.9387
116.351 39.9387
116.351 39.9387
116.35 39.9395
116.318 39.9471
116.318 39.9471
116.311 39.9503
116.311 39.9512
116.325 39.9369
116.349 39.9391
116.376 39.95
116.377 39.95
116.377 39.95
116.399 39.9559
116.4 39.956
116.402 39.9515
116.402 39.9515
116.402 39.9508
116.374 39.948
116.377 39.95
116.396 39.9502
116.4 39.9502
116.402 39.9458
116.402 39.9441
116.402 39.9486
116.402 39.9491
116.402 39.9554
116.402 39.9594
116.408 39.9676
116.425 39.968
116.572 40.0368
116.589 40.0482
116.586 40.066
116.586 40.0692
116.576 40.0879
116.583 40.1103
116.623 40.1229
116.627 40.1247
116.647 40.136
116.651 40.1372
116.651 40.1372
116.651 40.1372
116.651 40.1241
116.652 40.1151
116.659 40.1149
116.661 40.1141
