116.459 39.963
116.483 39.9849
116.514 40.0124
116.514 40.0124
116.55 40.0263
116.572 40.0375
116.581 40.0468
116.583 40.0621
116.583 40.0666
116.582 40.07
116.582 40.07
116.582 40.0728
116.587 40.0777
116.582 40.0793
116.581 40.0724
116.58 40.0626
116.564 40.0643
116.565 40.0611
116.565 40.0613
116.564 40.0614
116.564 40.0614
116.564 40.0617
116.564 40.0618
116.564 40.0625
116.564 40.0635
116.564 40.064
116.563 40.067
116.562 40.0698
116.565 40.0703
116.567 40.0707
116.565 40.0714
116.565 40.0714
116.565 40.0714
116.565 40.0714
116.565 40.0714
116.565 40.0714
116.565 40.0714
116.565 40.0714
116.565 40.0714
116.565 40.0714
116.565 40.0714
116.565 40.0714
116.565 40.0714
116.565 40.0714
116.565 40.0714
116.565 40.0714
116.565 40.0714
116.565 40.0714
116.565 40.0714
116.565 40.0714
116.565 40.0714
116.565 40.0714
116.565 40.0714
116.565 40.0714
116.565 40.0714
116.564 40.0713
116.562 40.0685
116.563 40.0649
116.583 40.0608
116.583 40.0608
116.582 40.0684
116.581 40.0725
116.581 40.0725
116.581 40.0764
116.581 40.0765
116.583 40.0761
116.586 40.0769
116.583 40.0628
116.582 40.0492
116.556 40.0304
116.538 40.0241
116.501 40.0042
116.5 40.0029
116.467 39.9732
116.455 39.9631
116.434 39.9656
116.425 39.9682
116.401 39.9676
116.394 39.9675
116.393 39.9684
116.392 39.9674
116.377 39.9713
116.378 39.9713
116.389 39.9607
116.389 39.9525
116.388 39.9438
116.388 39.9428
116.388 39.9413
116.388 39.9412
116.388 39.9465
116.388 39.9467
116.396 39.9475
116.402 39.9464
116.402 39.9416
116.402 39.9414
116.402 39.9414
116.402 39.9406
116.402 39.9403
116.402 39.9399
116.407 39.9395
116.411 39.9303
116.411 39.9292
116.411 39.9279
116.411 39.9277
116.411 39.9309
116.411 39.9318
116.411 39.9355
116.411 39.9355
116.411 39.9366
116.411 39.9381
116.411 39.9392
116.415 39.9418
116.416 39.9418
116.425 39.9389
116.426 39.9352
116.436 39.9323
116.437 39.9324
116.438 39.9349
116.438 39.9393
116.444 39.946
116.444 39.946
116.446 39.9582
116.441 39.9612
116.427 39.9711
116.433 39.9808
116.413 39.9876
116.402 39.9872
116.381 39.9909
116.381 39.9961
116.373 40.0086
116.36 40.0082
116.348 40.014
116.348 40.0141
116.347 40.014
116.347 40.014
116.347 40.014
116.347 40.0139
116.352 40.0068
116.375 39.9723
116.375 39.9712
116.374 39.9626
116.374 39.964
116.382 39.9715
116.382 39.9616
116.382 39.9616
116.374 39.9635
116.38 39.9614
116.38 39.9615
116.388 39.9618
116.393 39.9671
116.429 39.9682
116.446 39.9577
116.46 39.9587
116.471 39.9683
116.479 39.9757
116.484 39.9721
116.484 39.9695
116.489 39.9619
116.474 39.9539
116.465 39.9511
116.466 39.9499
116.476 39.9545
116.471 39.9651
116.475 39.9802
116.512 40.0134
116.538 40.0239
116.579 40.0468
116.583 40.0631
116.587 40.0789
116.584 40.0796
116.583 40.0607
116.582 40.0483
116.576 40.0416
116.549 40.0265
116.558 40.0071
116.558 40.0057
116.558 40.0057
116.553 40.0039
116.553 40.0039
116.556 40.0059
116.56 40.0021
116.56 40.0021
116.565 39.9782
116.567 39.9684
116.551 39.9644
116.549 39.9561
116.543 39.9446
116.536 39.9404
116.516 39.9434
116.511 39.9391
116.484 39.9325
116.484 39.9325
116.465 39.9293
116.462 39.9294
116.462 39.9294
116.462 39.9294
116.462 39.9294
116.462 39.9294
116.462 39.9294
116.462 39.9294
116.462 39.9294
116.462 39.9294
116.462 39.9294
116.462 39.9294
116.462 39.9294
116.462 39.9294
116.462 39.9294
116.462 39.9294
116.462 39.9294
116.462 39.9294
116.462 39.9294
116.462 39.9294
116.462 39.9294
116.462 39.9294
116.462 39.9294
116.462 39.9294
116.462 39.9294
116.462 39.9294
116.462 39.9293
116.458 39.9273
116.458 39.9273
116.461 39.9245
116.463 39.9193
116.463 39.9161
116.47 39.9124
116.467 39.9073
116.456 39.9105
116.44 39.9164
116.435 39.9231
116.434 39.9263
116.437 39.9324
116.434 39.935
116.434 39.9347
116.434 39.9346
116.434 39.9347
116.434 39.9348
116.434 39.9345
116.432 39.9324
116.428 39.9442
116.41 39.9479
116.389 39.9477
116.377 39.9476
116.37 39.9476
116.365 39.9473
116.359 39.9452
116.352 39.9434
116.348 39.9668
116.348 39.9854
116.348 39.9854
116.328 39.9851
116.327 39.9868
116.33 39.9915
116.334 39.9941
116.334 39.9919
116.328 39.9915
116.327 39.9858
116.327 39.9852
116.327 39.9753
116.328 39.9617
116.329 39.9554
116.336 39.9417
116.338 39.9313
116.348 39.9308
116.35 39.9202
116.351 39.911
116.343 39.8837
116.354 39.8671
116.382 39.8698
116.242 39.8958
116.242 39.8958
116.23 39.9021
116.217 39.9101
116.215 39.9062
116.222 39.9061
116.242 39.9062
116.257 39.9062
116.267 39.9061
116.27 39.9062
116.286 39.9062
116.304 39.9061
116.304 39.9446
116.315 39.9655
116.367 39.9662
116.378 39.9666
116.381 39.9616
116.38 39.9615
116.374 39.9663
116.37 39.9688
116.372 39.9674
116.371 39.967
116.335 39.9663
116.315 39.9659
116.314 39.9676
116.31 39.9747
116.312 39.9719
116.313 39.9712
116.313 39.9712
116.303 39.9618
116.303 39.9618
116.282 39.9562
116.275 39.9499
116.275 39.95
116.28 39.9585
116.28 39.9585
116.282 39.9583
116.281 39.9559
116.282 39.956
116.297 39.9588
116.299 39.9596
116.33 39.9662
116.371 39.9667
116.374 39.9667
116.389 39.9486
116.389 39.9486
116.411 39.9477
116.423 39.9433
116.424 39.9432
116.437 39.9319
116.443 39.9254
116.442 39.9256
116.442 39.9256
116.442 39.9256
116.441 39.9256
116.434 39.9304
116.428 39.93
116.428 39.9301
116.428 39.9301
116.429 39.9302
116.436 39.9323
116.455 39.94
116.456 39.9479
116.463 39.9503
116.483 39.9574
116.489 39.9613
116.484 39.9661
116.484 39.9725
116.483 39.9719
116.477 39.974
116.465 39.9832
116.468 39.9813
116.474 39.9752
116.474 39.9752
116.467 39.9658
116.459 39.958
116.455 39.9503
116.456 39.9437
116.456 39.9442
116.456 39.9441
116.457 39.9441
116.456 39.9442
116.456 39.9442
116.456 39.9443
116.457 39.9441
116.457 39.9441
116.457 39.9441
116.457 39.9442
116.457 39.9442
116.457 39.944
116.457 39.944
116.457 39.9442
116.457 39.9442
116.457 39.9442
116.457 39.9442
116.457 39.9444
116.457 39.9445
116.457 39.9443
116.457 39.9442
116.456 39.9457
116.455 39.9394
116.455 39.9315
116.455 39.9231
116.456 39.9131
116.455 39.8905
116.45 39.8855
116.442 39.8833
116.439 39.875
116.439 39.8683
116.438 39.8646
116.433 39.8711
116.428 39.8797
116.425 39.8851
116.422 39.892
116.435 39.8923
116.472 39.9319
116.472 39.9319
116.467 39.929
116.464 39.9219
116.463 39.9184
116.469 39.9218
116.472 39.9216
116.489 39.9217
116.495 39.9218
116.496 39.9308
116.493 39.9342
116.484 39.9426
116.477 39.9613
116.469 39.9667
116.461 39.9593
116.46 39.9587
116.462 39.953
116.457 39.9459
116.454 39.94
116.445 39.94
116.439 39.9401
116.441 39.9397
116.444 39.9338
116.436 39.9274
116.435 39.9229
116.444 39.9215
116.45 39.9192
116.451 39.9117
116.454 39.9076
116.456 39.9077
116.468 39.9123
116.468 39.9123
116.475 39.9141
116.494 39.9218
116.496 39.9264
116.503 39.9291
116.503 39.9302
116.493 39.9341
116.484 39.9325
116.476 39.9299
116.479 39.9245
116.472 39.9262
116.472 39.9296
116.463 39.9285
116.461 39.9314
116.457 39.9327
116.456 39.9396
116.449 39.9449
116.462 39.9498
116.468 39.9404
116.461 39.9324
116.461 39.9301
116.461 39.9301
116.457 39.9275
116.455 39.9262
116.455 39.9201
116.463 39.9153
116.472 39.9129
116.472 39.9099
116.469 39.9104
116.455 39.9123
116.452 39.9153
116.45 39.9196
116.445 39.9216
116.434 39.9273
116.434 39.9252
116.438 39.921
116.435 39.9154
116.435 39.9088
116.435 39.9083
116.421 39.9112
116.413 39.9143
116.4 39.9245
116.39 39.9366
116.388 39.9444
116.38 39.9476
116.357 39.9446
116.349 39.9583
116.345 39.9666
116.345 39.9666
116.314 39.9655
116.303 39.9616
116.284 39.9564
116.276 39.9603
116.275 39.9652
116.281 39.9612
116.282 39.9569
116.294 39.958
116.302 39.9607
116.311 39.9641
116.316 39.9656
116.341 39.9662
116.349 39.9558
116.349 39.9506
116.357 39.951
116.362 39.9513
116.366 39.9476
116.377 39.9473
116.412 39.9479
116.427 39.9417
116.429 39.914
116.429 39.914
116.431 39.8987
116.44 39.8769
116.433 39.8688
116.426 39.8672
116.424 39.8685
116.444 39.8701
116.454 39.87
116.455 39.886
116.456 39.9089
116.462 39.9284
116.462 39.9286
116.462 39.9295
116.462 39.9294
116.464 39.9323
116.466 39.9324
116.476 39.9299
116.475 39.9296
116.474 39.9217
116.473 39.9218
116.458 39.9222
116.454 39.9221
116.451 39.9221
116.441 39.9256
116.439 39.9256
116.437 39.9324
116.437 39.9325
116.438 39.9387
116.438 39.9393
116.433 39.9427
116.434 39.943
116.438 39.9396
116.438 39.938
116.434 39.9351
116.434 39.9347
116.433 39.9346
116.434 39.9347
116.434 39.9346
116.434 39.9346
116.434 39.9344
116.434 39.9344
116.434 39.9344
116.43 39.9323
116.427 39.9324
116.426 39.9232
116.414 39.923
116.411 39.9211
116.406 39.9172
116.411 39.9228
116.427 39.9229
116.434 39.9228
116.442 39.9217
116.451 39.919
116.455 39.915
116.455 39.8926
116.462 39.8823
116.466 39.8783
116.468 39.8776
116.456 39.9175
116.456 39.9175
116.454 39.9202
116.455 39.9194
116.454 39.9194
116.455 39.9194
116.455 39.9195
116.455 39.9194
116.455 39.9194
116.454 39.9199
116.454 39.9197
116.456 39.9191
116.456 39.9207
116.471 39.9216
116.48 39.9216
116.484 39.896
116.483 39.8843
116.471 39.8831
116.468 39.8784
116.468 39.8777
116.468 39.8777
116.467 39.8783
116.461 39.8831
116.456 39.8842
116.456 39.884
116.456 39.884
116.456 39.884
116.456 39.884
116.457 39.8832
116.458 39.8847
116.463 39.8781
116.467 39.8783
116.468 39.8748
116.471 39.8808
116.471 39.887
116.472 39.894
116.472 39.8981
116.472 39.8988
116.472 39.9091
116.472 39.9211
116.472 39.9214
116.472 39.9296
116.466 39.9294
116.462 39.9293
116.462 39.9293
116.463 39.9292
116.463 39.9292
116.463 39.9292
116.463 39.9292
116.463 39.9292
116.463 39.9292
116.463 39.9292
116.463 39.9292
116.463 39.9292
116.463 39.9292
116.463 39.9292
116.463 39.9292
116.463 39.9292
116.463 39.9292
116.463 39.9292
116.463 39.9292
116.463 39.9292
116.463 39.9292
116.463 39.9292
116.463 39.9292
116.463 39.9292
116.463 39.9292
116.463 39.9292
116.462 39.9293
116.465 39.9291
116.465 39.9291
116.466 39.9294
116.473 39.93
116.476 39.9299
116.479 39.9261
116.473 39.9217
116.468 39.9219
116.461 39.9243
116.456 39.9221
116.456 39.9316
116.456 39.9375
116.456 39.9476
116.455 39.9524
116.46 39.9612
116.46 39.9588
116.462 39.9537
116.463 39.9437
116.456 39.9441
116.456 39.9442
116.456 39.9442
116.456 39.9442
116.456 39.9441
116.456 39.9441
116.457 39.944
116.457 39.9441
116.456 39.9441
116.457 39.9441
116.457 39.944
116.457 39.944
116.457 39.944
116.457 39.944
116.457 39.944
116.457 39.9439
116.457 39.9438
116.456 39.944
116.457 39.9438
116.457 39.9438
116.456 39.9439
116.456 39.9439
116.455 39.9301
116.455 39.9131
116.447 39.9123
116.445 39.9069
116.444 39.9046
116.444 39.9043
116.444 39.9046
116.444 39.905
116.443 39.9052
116.443 39.9049
116.444 39.9049
116.443 39.9049
116.443 39.9049
116.444 39.9048
116.451 39.9027
116.472 39.9025
116.472 39.8992
116.471 39.8873
116.471 39.8812
116.465 39.8749
116.46 39.8749
116.456 39.8748
116.439 39.8754
116.435 39.8979
116.418 39.8993
116.421 39.9052
116.428 39.907
116.429 39.9109
116.428 39.9281
116.435 39.9323
116.444 39.9323
116.449 39.9269
116.456 39.9233
116.462 39.9288
116.462 39.9288
116.462 39.9293
116.462 39.9293
116.462 39.9285
116.472 39.9233
116.472 39.9222
116.472 39.9224
116.472 39.9225
116.478 39.9227
116.48 39.9215
116.503 39.9066
116.518 39.9075
116.556 39.908
116.572 39.909
116.584 39.908
116.607 39.9088
116.609 39.9093
116.609 39.9093
116.609 39.9093
116.609 39.9093
116.609 39.9093
116.609 39.9093
116.609 39.9093
116.609 39.9093
116.609 39.9093
116.614 39.9122
116.622 39.9133
116.643 39.9209
116.638 39.9194
116.638 39.9194
116.634 39.9162
116.634 39.9159
116.634 39.9159
116.635 39.9124
116.635 39.9121
116.634 39.912
116.634 39.912
116.633 39.9121
116.633 39.9117
116.633 39.9114
116.633 39.9115
116.633 39.9116
116.633 39.9113
116.633 39.9114
116.633 39.9115
116.633 39.9111
116.633 39.9113
116.633 39.9111
116.633 39.9111
116.633 39.9113
116.633 39.9094
116.628 39.9087
116.605 39.9074
116.607 39.9081
116.61 39.9096
116.61 39.9096
116.593 39.9111
116.59 39.9109
116.557 39.915
116.551 39.9148
116.545 39.9125
116.545 39.9099
116.529 39.9086
116.525 39.9086
116.515 39.9152
116.515 39.9156
116.515 39.9221
116.511 39.922
116.496 39.9218
116.485 39.9217
116.493 39.9217
116.499 39.9218
116.51 39.9219
116.511 39.9221
116.487 39.9217
116.479 39.9228
116.47 39.9297
116.466 39.9293
116.466 39.9293
116.462 39.9293
116.463 39.9292
116.463 39.9292
116.463 39.9292
116.463 39.9292
116.463 39.9292
116.463 39.9292
116.463 39.9292
116.463 39.9292
116.463 39.9292
116.463 39.9292
116.463 39.9292
116.463 39.9292
116.463 39.9292
116.463 39.9292
116.463 39.9292
116.463 39.9292
116.463 39.9292
116.463 39.9292
116.463 39.9292
116.463 39.9292
116.463 39.9292
116.463 39.9292
116.462 39.9293
116.462 39.9293
116.466 39.9324
116.471 39.9324
116.479 39.9312
116.479 39.9312
116.479 39.9313
116.479 39.9313
116.479 39.9312
116.479 39.9313
116.479 39.931
116.483 39.9325
116.479 39.9594
116.471 39.9648
116.501 40.0035
116.508 40.0106
116.574 40.0423
116.579 40.0471
116.587 40.0777
116.587 40.0777
116.582 40.074
116.583 40.0682
116.585 40.0524
116.581 40.0479
116.558 40.0298
116.553 40.0281
116.551 40.0219
116.525 40.0181
116.498 40.0006
116.495 39.9976
116.484 39.9828
116.484 39.9793
116.477 39.9759
116.474 39.9757
116.474 39.9757
116.474 39.9757
116.474 39.9757
116.474 39.9758
116.474 39.9756
116.474 39.9757
116.474 39.9757
116.475 39.9756
116.473 39.971
116.473 39.9706
116.487 39.9631
116.484 39.9439
116.484 39.9357
116.461 39.9069
116.455 39.9082
116.448 39.8611
116.421 39.8566
116.425 39.8573
116.415 39.8728
116.415 39.8797
116.417 39.8849
116.402 39.8868
116.394 39.8854
116.38 39.882
116.376 39.8818
116.376 39.8814
116.378 39.8819
116.392 39.8795
116.365 39.8687
116.355 39.8674
116.34 39.8368
116.338 39.8304
116.306 39.8261
116.305 39.8261
116.314 39.8291
116.323 39.8292
116.341 39.8555
116.342 39.8623
116.358 39.8815
116.358 39.8821
116.357 39.8899
116.357 39.8922
116.348 39.896
116.344 39.9039
116.337 39.9038
116.343 39.9126
116.35 39.9126
116.35 39.9282
116.35 39.9282
116.31 39.9389
116.289 39.9429
116.285 39.941
116.299 39.9425
116.314 39.9285
116.315 39.9267
116.328 39.9269
116.336 39.9268
116.35 39.9126
116.343 39.8907
116.343 39.8907
116.343 39.8783
116.375 39.8694
116.391 39.8702
116.427 39.9405
116.411 39.9481
116.41 39.9435
116.4 39.9321
116.378 39.9318
116.373 39.9269
116.374 39.9262
116.374 39.9312
116.373 39.9409
116.374 39.9501
116.37 39.9671
116.367 39.9685
116.373 39.9606
116.389 39.9618
116.399 39.9608
116.408 39.9577
116.412 39.9578
116.432 39.9583
116.437 39.9575
116.437 39.9575
116.447 39.9781
116.447 39.9781
116.442 39.9712
116.442 39.9623
116.436 39.9584
116.428 39.9537
116.436 39.9536
116.449 39.956
116.455 39.9489
116.458 39.9324
116.461 39.9292
116.462 39.9292
116.462 39.9293
116.462 39.9293
116.462 39.9293
116.462 39.9293
116.462 39.9293
116.462 39.9293
116.462 39.9293
116.462 39.9293
116.462 39.9293
116.462 39.9293
116.462 39.9293
116.462 39.9293
116.462 39.9293
116.462 39.9293
116.462 39.9293
116.462 39.9293
116.462 39.9293
116.462 39.9293
116.462 39.9293
116.462 39.9293
116.462 39.9293
116.462 39.9293
116.462 39.9293
116.472 39.9271
116.472 39.9271
116.472 39.922
116.499 39.9218
116.513 39.9219
116.523 39.9237
116.517 39.9227
116.491 39.9218
116.484 39.9229
116.477 39.961
116.463 39.9701
116.422 39.9878
116.414 39.9797
116.418 39.9744
116.419 39.9715
116.444 39.959
116.452 39.9539
116.461 39.9291
116.462 39.9291
116.462 39.9291
116.462 39.9293
116.462 39.9292
116.462 39.9292
116.462 39.9292
116.462 39.9292
116.462 39.9292
116.462 39.9292
116.462 39.9292
116.462 39.9292
116.462 39.9292
116.462 39.9292
116.462 39.9292
116.462 39.9292
116.462 39.9292
116.462 39.9292
116.462 39.9292
116.462 39.9292
116.462 39.9292
116.462 39.9292
116.462 39.9292
116.462 39.9292
116.462 39.9292
116.462 39.9292
116.462 39.9292
116.467 39.9234
116.467 39.9217
116.489 39.9217
116.492 39.9217
116.517 39.9226
116.522 39.9225
116.522 39.9225
116.525 39.9259
116.525 39.926
116.525 39.926
116.525 39.926
116.525 39.926
116.525 39.926
116.525 39.926
116.524 39.9262
116.552 39.9228
116.559 39.9229
116.585 39.9158
116.585 39.9126
116.602 39.9116
116.607 39.9098
116.609 39.9093
116.609 39.9091
116.607 39.908
116.607 39.9081
116.601 39.9088
116.589 39.9109
116.585 39.9152
116.584 39.9242
116.567 39.9235
116.568 39.9238
116.563 39.9229
116.566 39.9229
116.585 39.9149
116.585 39.9142
116.585 39.911
116.586 39.9108
116.607 39.912
116.626 39.9151
116.649 39.9211
116.649 39.921
116.672 39.9091
116.684 39.9021
116.703 39.8864
116.713 39.8786
116.713 39.8786
116.731 39.8795
116.738 39.8611
116.754 39.8472
116.77 39.8359
116.773 39.8182
116.771 39.8137
116.781 39.7886
116.791 39.7766
116.811 39.7642
116.827 39.7613
116.845 39.746
116.859 39.7363
116.879 39.7148
116.89 39.7018
116.896 39.6864
116.896 39.6864
116.896 39.6864
116.896 39.6864
116.896 39.6864
116.896 39.6864
116.896 39.6864
116.896 39.6864
116.896 39.6864
116.896 39.6864
116.896 39.6864
116.896 39.6864
116.896 39.6864
116.896 39.6864
116.896 39.6864
116.896 39.6864
116.896 39.6864
116.896 39.6864
116.896 39.6864
116.896 39.6864
116.896 39.6864
116.896 39.6864
116.896 39.6864
116.896 39.6864
116.896 39.6864
116.896 39.6864
116.896 39.6863
116.896 39.6863
116.896 39.6863
116.896 39.6863
116.896 39.6863
116.896 39.6863
116.896 39.6863
116.896 39.6863
116.896 39.6863
116.896 39.6863
116.896 39.6863
116.896 39.6863
116.896 39.6863
116.896 39.6863
116.896 39.6863
116.896 39.6863
116.896 39.6863
116.896 39.6863
116.896 39.6863
116.896 39.6863
116.896 39.6863
116.896 39.6863
116.896 39.6863
