116.471 39.8667
116.471 39.8697
116.471 39.8827
116.471 39.8827
116.471 39.8917
116.472 39.8965
116.472 39.8969
116.472 39.8977
116.472 39.8977
116.472 39.8978
116.472 39.8978
116.472 39.898
116.472 39.8982
116.472 39.8989
116.472 39.9012
116.472 39.9015
116.472 39.902
116.472 39.9021
116.472 39.9034
116.472 39.9057
116.472 39.9064
116.472 39.9068
116.473 39.9066
116.474 39.9065
116.475 39.9068
116.475 39.9069
116.476 39.9072
116.477 39.9073
116.478 39.9075
116.482 39.907
116.483 39.9038
116.483 39.9037
116.483 39.9035
116.484 39.9034
116.484 39.9036
116.489 39.9065
116.49 39.9065
116.492 39.9065
116.502 39.9063
116.502 39.9057
116.505 39.9058
116.505 39.906
116.505 39.9071
116.504 39.9071
116.493 39.9071
116.491 39.9072
116.491 39.9075
116.491 39.9072
116.485 39.9079
116.484 39.9092
116.483 39.9091
116.482 39.905
116.481 39.9049
116.463 39.9036
116.462 39.9035
116.437 39.9014
116.437 39.8938
116.437 39.8937
116.437 39.8935
116.438 39.8934
116.44 39.8766
116.436 39.8693
116.424 39.8698
116.386 39.8702
116.379 39.8699
116.379 39.8703
116.379 39.8704
116.381 39.8704
116.382 39.8702
116.381 39.8593
116.38 39.8593
116.38 39.8593
116.38 39.8593
116.379 39.8594
116.379 39.8591
116.379 39.8594
116.379 39.8595
116.379 39.8595
116.379 39.8595
116.379 39.8596
116.38 39.8595
116.38 39.8594
116.381 39.8594
116.381 39.8595
116.381 39.8636
116.381 39.8753
116.381 39.8756
116.381 39.879
116.382 39.8791
116.385 39.8792
116.387 39.8793
116.387 39.8794
116.387 39.8798
116.387 39.8819
116.387 39.885
116.391 39.8851
116.391 39.885
116.392 39.8849
116.392 39.8849
116.406 39.8868
116.413 39.8859
116.413 39.8859
116.413 39.8861
116.413 39.8913
116.413 39.8916
116.421 39.892
116.423 39.8897
116.425 39.887
116.425 39.8857
116.425 39.8829
116.425 39.8828
116.428 39.8826
116.428 39.88
116.428 39.8799
116.421 39.8796
116.421 39.8782
116.422 39.8768
116.422 39.8757
116.422 39.8753
116.422 39.8752
116.423 39.8758
116.423 39.8764
116.422 39.8796
116.428 39.8797
116.433 39.8749
116.428 39.8796
116.428 39.8828
116.428 39.8829
116.434 39.8829
116.445 39.8831
116.445 39.8831
116.445 39.8829
116.445 39.8829
116.445 39.8805
116.445 39.88
116.445 39.8751
116.445 39.875
116.45 39.8749
116.452 39.8748
116.452 39.8749
116.452 39.8749
116.462 39.8749
116.462 39.8749
116.471 39.8746
116.471 39.8702
116.471 39.8701
116.469 39.8701
116.468 39.8701
116.468 39.8701
116.466 39.8702
116.466 39.8702
116.462 39.8701
116.461 39.8702
116.46 39.8703
116.455 39.8702
116.455 39.873
116.455 39.873
116.456 39.8747
116.456 39.8747
116.459 39.8751
116.459 39.8752
116.459 39.8753
116.459 39.8753
116.46 39.8751
116.466 39.8748
116.466 39.8746
116.466 39.8744
116.466 39.8718
116.466 39.8717
116.466 39.8707
116.466 39.8707
116.466 39.8705
116.466 39.8703
116.466 39.8696
116.465 39.8582
116.464 39.8583
116.455 39.8636
116.455 39.8637
116.455 39.8642
116.455 39.8644
116.455 39.8649
116.455 39.865
116.454 39.8653
116.454 39.8654
116.455 39.8676
116.455 39.8699
116.454 39.8696
116.454 39.8696
116.454 39.8698
116.454 39.8698
116.453 39.8698
116.452 39.8699
116.45 39.8702
116.45 39.8747
116.45 39.8774
116.45 39.8774
116.45 39.8779
116.45 39.878
116.45 39.8782
116.45 39.8789
116.45 39.8793
116.45 39.8797
116.45 39.8802
116.45 39.8802
116.45 39.8802
116.45 39.8808
116.45 39.8818
116.45 39.882
116.45 39.8828
116.453 39.883
116.456 39.8834
116.456 39.8836
116.465 39.8918
116.465 39.8918
116.465 39.8918
116.471 39.8918
116.483 39.8918
116.484 39.8919
116.484 39.8919
116.485 39.8973
116.485 39.8976
116.486 39.8978
116.486 39.8978
116.484 39.8981
116.484 39.8981
116.484 39.8995
116.484 39.8995
116.477 39.8993
116.475 39.8992
116.474 39.8991
116.472 39.8991
116.472 39.8993
116.472 39.9002
116.472 39.9005
116.472 39.9009
116.472 39.9014
116.472 39.9053
116.472 39.9053
116.472 39.9055
116.472 39.9061
116.472 39.9066
116.472 39.9065
116.472 39.9048
116.472 39.9047
116.472 39.9047
116.472 39.9023
116.471 39.8994
116.471 39.8992
116.468 39.8993
116.468 39.8992
116.459 39.8993
116.46 39.8993
116.461 39.8993
116.461 39.8959
116.461 39.8958
116.461 39.8958
116.464 39.8955
116.464 39.8954
116.469 39.8957
116.471 39.8955
116.471 39.8922
116.471 39.892
116.472 39.8918
116.483 39.8916
116.483 39.8873
116.483 39.8873
116.481 39.8874
116.481 39.8873
116.483 39.8873
116.483 39.8871
116.483 39.883
116.483 39.883
116.472 39.883
116.471 39.883
116.471 39.8827
116.471 39.8811
116.471 39.8787
116.469 39.8784
116.469 39.8785
116.463 39.8783
116.462 39.8778
116.462 39.8779
116.462 39.8819
116.462 39.8819
116.462 39.882
116.462 39.8821
116.462 39.8823
116.461 39.8825
116.461 39.8828
116.461 39.883
116.461 39.8831
116.451 39.8832
116.44 39.8834
116.438 39.8922
116.438 39.8937
116.438 39.8937
116.438 39.8924
116.434 39.8924
116.434 39.8925
116.426 39.8923
116.425 39.8923
116.426 39.8926
116.425 39.8926
116.425 39.8928
116.423 39.8925
116.418 39.8924
116.415 39.8919
116.414 39.8918
116.408 39.8916
116.407 39.8915
116.396 39.8908
116.394 39.8906
116.394 39.8904
116.394 39.8903
116.389 39.8891
116.388 39.889
116.388 39.8888
116.387 39.8888
116.387 39.8887
116.386 39.8887
116.382 39.8882
116.382 39.8882
116.38 39.8882
116.38 39.8882
116.379 39.8882
116.379 39.8881
116.379 39.8881
116.379 39.8881
116.389 39.889
116.392 39.8898
116.394 39.8904
116.395 39.8903
116.406 39.8913
116.412 39.8915
116.432 39.8923
116.449 39.8922
116.453 39.8921
116.454 39.8921
116.456 39.8922
116.456 39.8926
116.455 39.8998
116.455 39.8999
116.455 39.9003
116.456 39.9032
116.456 39.9034
116.456 39.9039
116.456 39.904
116.456 39.9042
116.456 39.9047
116.455 39.9053
116.455 39.9055
116.455 39.9061
116.456 39.9072
116.455 39.9073
116.455 39.9073
116.452 39.9076
116.452 39.9082
116.452 39.9082
116.452 39.9083
116.452 39.9083
116.452 39.9089
116.452 39.9093
116.452 39.9094
116.452 39.9096
116.452 39.91
116.452 39.9102
116.452 39.9103
116.452 39.9105
116.451 39.9108
116.451 39.9111
116.452 39.9111
116.452 39.9112
116.452 39.912
116.453 39.9121
116.455 39.9121
116.455 39.9121
116.455 39.9093
116.455 39.9083
116.455 39.9081
116.455 39.904
116.457 39.9036
116.457 39.9027
116.472 39.9036
116.472 39.8993
116.472 39.8992
116.472 39.8991
116.478 39.8993
116.479 39.8992
116.48 39.8993
116.48 39.8993
116.48 39.8991
116.48 39.8977
116.484 39.8978
116.484 39.8976
116.484 39.8927
116.483 39.891
116.483 39.8908
116.483 39.8857
116.475 39.843
116.447 39.8314
116.384 39.8307
116.384 39.8307
116.373 39.8305
116.373 39.8328
116.373 39.8343
116.373 39.8345
116.372 39.8345
116.365 39.8335
116.365 39.8334
116.364 39.8303
116.364 39.8303
116.364 39.8383
116.365 39.844
116.365 39.8444
116.365 39.8445
116.357 39.8445
116.356 39.8445
116.356 39.8433
116.356 39.843
116.356 39.8423
116.356 39.8423
116.356 39.8424
116.356 39.8425
116.356 39.8427
116.356 39.8428
116.356 39.8439
116.356 39.8444
116.358 39.8445
116.362 39.8445
116.362 39.8445
116.362 39.8446
116.362 39.8446
116.362 39.8446
116.362 39.8446
116.362 39.8447
116.364 39.8445
116.365 39.8446
116.365 39.8494
116.374 39.8492
116.374 39.8492
116.376 39.8546
116.377 39.8555
116.377 39.8555
116.379 39.8555
116.38 39.8554
116.38 39.8554
116.38 39.8554
116.388 39.8554
116.4 39.8554
116.401 39.8555
116.402 39.8556
116.402 39.8556
116.413 39.8556
116.413 39.8556
116.416 39.8558
116.417 39.8559
116.43 39.8574
116.432 39.8573
116.432 39.8572
116.432 39.8565
116.433 39.8555
116.432 39.8553
116.432 39.8546
116.433 39.8529
116.433 39.8527
116.433 39.8527
116.433 39.8526
116.436 39.8525
116.436 39.8526
116.436 39.8527
116.436 39.8527
116.436 39.8527
116.435 39.8528
116.425 39.8962
116.422 39.896
116.421 39.8957
116.421 39.8922
116.414 39.8918
116.413 39.8918
116.413 39.8918
116.413 39.8918
116.413 39.8907
116.413 39.8861
116.414 39.8828
116.415 39.872
116.414 39.8719
116.411 39.8719
116.408 39.8718
116.394 39.8715
116.394 39.8753
116.395 39.8768
116.395 39.877
116.395 39.8775
116.395 39.8783
116.395 39.8785
116.395 39.8795
116.393 39.8796
116.393 39.8813
116.393 39.8817
116.393 39.8849
116.393 39.885
116.406 39.8868
116.413 39.8859
116.413 39.8859
116.413 39.8861
116.413 39.8912
116.413 39.8915
116.421 39.892
116.425 39.8827
116.428 39.8828
116.431 39.8829
116.434 39.883
116.445 39.8831
116.445 39.8828
116.445 39.8806
116.458 39.8749
116.458 39.8748
116.458 39.8747
116.461 39.8749
116.462 39.8699
116.467 39.87
116.468 39.87
116.52 39.8687
116.558 39.867
116.567 39.8665
116.571 39.8559
116.595 39.8577
116.611 39.8584
116.614 39.8543
116.614 39.8543
116.614 39.8542
116.615 39.8546
116.617 39.8542
116.622 39.8537
116.622 39.8537
116.702 39.8347
116.762 39.8156
116.764 39.8145
116.767 39.8162
116.767 39.8162
116.769 39.8156
116.771 39.8153
116.826 39.8109
116.873 39.8145
116.847 39.8133
116.831 39.8122
116.831 39.8122
116.824 39.8346
116.822 39.8342
116.821 39.834
116.821 39.8339
116.821 39.834
116.82 39.834
116.82 39.834
116.82 39.8339
116.82 39.8351
116.822 39.839
116.81 39.85
116.81 39.8529
116.809 39.8537
116.809 39.854
116.808 39.854
116.759 39.8531
116.738 39.8559
116.695 39.8671
116.69 39.8685
116.675 39.8729
116.67 39.8772
116.662 39.8837
116.651 39.8898
116.646 39.891
116.639 39.8935
116.638 39.8935
116.633 39.9008
116.628 39.9053
116.605 39.9068
116.602 39.9079
116.596 39.9083
116.591 39.9084
116.477 39.907
116.464 39.907
116.458 39.9073
116.458 39.9074
116.456 39.9119
116.456 39.9124
116.455 39.9122
116.452 39.9121
116.452 39.9122
116.451 39.9129
116.451 39.9132
116.451 39.9135
116.452 39.9184
116.451 39.9184
116.451 39.9186
116.455 39.9178
116.455 39.9177
116.456 39.9138
116.456 39.9136
116.456 39.9132
116.455 39.9104
116.455 39.91
116.456 39.9084
116.456 39.9084
116.456 39.9084
116.456 39.9084
116.456 39.9083
116.456 39.9066
116.469 39.9079
116.469 39.9081
116.471 39.9075
116.471 39.9075
116.471 39.907
116.471 39.9067
116.472 39.9042
116.472 39.9042
116.472 39.9043
116.472 39.9055
116.472 39.9053
116.472 39.9096
116.471 39.9132
116.471 39.9134
116.472 39.9115
116.472 39.9142
116.472 39.9208
116.473 39.9214
116.478 39.9217
116.479 39.9217
116.479 39.9241
116.479 39.9266
116.479 39.9268
116.475 39.927
116.472 39.9268
116.472 39.9222
116.472 39.922
116.472 39.918
116.472 39.9147
116.472 39.9147
116.472 39.9145
116.472 39.9085
116.472 39.9085
116.472 39.9074
116.472 39.9072
116.472 39.9072
116.47 39.9071
116.458 39.9072
116.459 39.9068
116.471 39.9066
116.471 39.9066
116.471 39.9066
116.471 39.9066
116.482 39.9061
116.483 39.8755
116.481 39.8688
116.483 39.8683
116.537 39.868
116.537 39.868
116.557 39.867
116.557 39.867
116.567 39.8665
116.571 39.8559
116.611 39.8584
116.614 39.8543
116.615 39.8544
116.615 39.8547
116.617 39.8542
116.689 39.8357
116.762 39.8156
116.763 39.8142
116.764 39.8145
116.767 39.8162
116.769 39.8156
116.769 39.8156
116.77 39.8156
116.771 39.8153
116.771 39.8153
116.821 39.8105
116.873 39.8145
116.873 39.8147
116.873 39.8155
116.873 39.8174
116.873 39.8174
116.875 39.8176
116.875 39.8176
116.874 39.8176
116.457 39.9326
116.873 39.8175
116.873 39.8174
116.873 39.8166
116.873 39.8166
116.873 39.8166
116.873 39.8166
116.873 39.8166
116.873 39.8166
116.873 39.8165
116.873 39.8161
116.873 39.816
116.873 39.8156
116.873 39.8145
116.873 39.8145
116.873 39.8145
116.836 39.8131
116.8 39.8128
116.772 39.8155
116.772 39.8325
116.738 39.8558
116.727 39.8588
116.716 39.8618
116.677 39.8721
116.675 39.8729
116.662 39.8832
116.659 39.8861
116.657 39.8878
116.643 39.8922
116.643 39.8922
116.642 39.8923
116.637 39.8948
116.603 39.9078
116.598 39.9083
116.597 39.9083
116.596 39.9084
116.596 39.9085
116.596 39.9085
116.574 39.9096
116.572 39.9096
116.544 39.9085
116.536 39.9096
116.525 39.9086
116.494 39.907
116.492 39.9071
116.492 39.9071
116.491 39.907
116.485 39.9078
116.484 39.9134
116.484 39.9138
116.485 39.9144
116.474 39.9144
116.474 39.9144
116.473 39.9144
116.472 39.9145
116.466 39.9147
116.464 39.9152
116.455 39.9069
116.463 39.9066
116.465 39.9067
116.466 39.9066
116.466 39.9066
116.466 39.9065
116.466 39.9064
116.466 39.9044
116.466 39.9038
116.456 39.9033
116.456 39.9033
116.456 39.9036
116.456 39.904
116.456 39.9049
116.46 39.9046
116.46 39.9048
116.46 39.9051
116.46 39.9058
116.46 39.9059
116.46 39.9062
116.46 39.9066
116.461 39.9066
116.464 39.9026
116.464 39.9032
116.464 39.9056
116.47 39.9056
116.471 39.9061
116.471 39.9063
116.471 39.9065
116.471 39.9066
116.471 39.9066
116.471 39.9044
116.471 39.9044
116.472 39.9017
116.472 39.9017
116.472 39.9016
116.471 39.9002
116.471 39.8996
116.471 39.8922
116.471 39.8921
116.472 39.8919
116.483 39.8917
116.483 39.8875
116.483 39.8874
116.481 39.8874
116.481 39.8873
116.481 39.8873
116.482 39.8873
116.483 39.8872
116.483 39.8872
116.483 39.8872
116.483 39.886
116.483 39.883
116.477 39.8832
116.462 39.8831
116.462 39.8831
116.462 39.8831
116.462 39.8831
116.462 39.883
116.462 39.8828
116.462 39.8804
116.461 39.8803
116.459 39.8806
116.459 39.8806
116.459 39.8806
116.458 39.8806
116.458 39.8809
116.457 39.8807
116.455 39.8808
116.455 39.8826
116.455 39.8825
116.454 39.875
116.452 39.8749
116.45 39.8749
116.45 39.8749
116.45 39.8749
116.45 39.8706
116.45 39.8706
116.45 39.87
116.451 39.87
116.452 39.87
116.452 39.87
116.453 39.8699
116.453 39.8697
116.454 39.8698
116.455 39.87
116.455 39.8701
116.455 39.8703
116.455 39.8941
116.455 39.8942
116.455 39.8951
116.455 39.8952
116.455 39.8957
116.457 39.9069
116.457 39.9068
116.469 39.9066
116.469 39.9072
116.469 39.9068
116.47 39.9069
116.47 39.9068
116.469 39.9053
116.47 39.9056
116.471 39.9063
116.471 39.9061
116.471 39.9061
116.471 39.906
116.471 39.9061
116.472 39.9066
116.472 39.9079
116.472 39.9119
116.472 39.9134
116.472 39.9141
116.472 39.9141
116.478 39.9139
116.478 39.914
116.483 39.9141
116.483 39.9095
116.482 39.9054
116.484 39.9033
116.484 39.9026
116.484 39.9001
116.484 39.8924
116.483 39.8874
116.483 39.8874
116.481 39.8874
116.481 39.8873
116.482 39.8873
116.483 39.8871
116.483 39.8859
116.483 39.8859
116.483 39.8792
116.484 39.8791
116.484 39.8793
116.486 39.9072
116.485 39.9075
116.476 39.907
116.476 39.907
116.475 39.9071
116.475 39.9069
116.474 39.9071
116.471 39.9072
116.471 39.9073
116.471 39.9077
116.466 39.9076
116.466 39.9074
116.465 39.9072
116.465 39.9067
116.464 39.9066
116.464 39.9069
116.463 39.9075
116.463 39.9076
116.463 39.9085
116.463 39.9085
116.464 39.9087
116.465 39.9086
116.466 39.9086
116.466 39.9085
116.466 39.9087
116.466 39.9087
116.466 39.9086
116.466 39.9087
116.466 39.9088
116.466 39.9094
116.466 39.9093
116.466 39.9093
116.466 39.909
116.466 39.9075
116.465 39.9073
116.464 39.9073
116.464 39.9073
116.463 39.907
116.463 39.9063
116.457 39.9064
116.456 39.9071
116.456 39.9071
116.456 39.9088
116.456 39.9104
116.456 39.912
116.456 39.9121
116.456 39.9509
116.454 39.9533
116.462 39.9603
116.462 39.9601
116.462 39.9603
116.462 39.9602
116.462 39.9601
116.462 39.9602
116.462 39.9604
116.462 39.9606
116.468 39.966
116.468 39.966
116.473 39.9706
116.482 39.9698
116.483 39.97
116.484 39.9699
116.491 39.9601
116.491 39.9601
116.492 39.9596
116.492 39.9593
116.495 39.9522
116.504 39.9539
116.505 39.9487
116.506 39.9463
116.511 39.9459
116.511 39.9436
116.511 39.9436
116.511 39.9395
116.511 39.9369
116.511 39.9305
116.511 39.9225
116.511 39.9225
116.512 39.9213
116.512 39.9211
116.512 39.92
116.512 39.9199
116.513 39.9153
116.514 39.9154
116.515 39.9156
116.516 39.9111
116.517 39.9076
116.512 39.9067
116.509 39.9069
116.509 39.907
116.509 39.907
116.492 39.9072
116.491 39.9072
116.485 39.9079
116.483 39.909
116.483 39.909
116.481 39.9071
116.473 39.907
116.473 39.907
116.472 39.9076
116.472 39.9074
116.471 39.9072
116.471 39.9072
116.471 39.9028
116.472 39.9023
116.471 39.8993
116.47 39.8992
116.459 39.8994
116.459 39.8995
116.458 39.8995
116.456 39.8994
116.456 39.8995
116.456 39.8993
116.456 39.8995
116.456 39.9023
116.456 39.9028
116.456 39.903
116.456 39.9042
116.456 39.9043
116.456 39.9051
116.456 39.9052
116.455 39.9079
116.456 39.9062
116.456 39.9122
116.455 39.9134
116.455 39.9125
116.455 39.9125
116.455 39.9124
116.452 39.9115
116.452 39.9114
116.452 39.9121
116.452 39.9121
116.452 39.9115
116.453 39.9119
116.453 39.912
116.455 39.9121
116.455 39.9096
116.455 39.9074
116.455 39.9046
116.455 39.9045
116.455 39.9044
116.455 39.9044
116.455 39.9044
116.455 39.9044
116.455 39.9044
116.455 39.9044
116.452 39.9184
116.452 39.9185
116.455 39.9179
116.455 39.9179
116.455 39.9178
116.455 39.9167
116.455 39.9164
116.455 39.9162
116.455 39.9159
116.455 39.9158
116.455 39.9056
116.455 39.9056
116.455 39.9057
116.455 39.9068
116.456 39.9069
116.507 39.9066
116.569 39.9087
116.59 39.9078
116.593 39.9078
116.604 39.9061
116.607 39.9038
116.614 39.904
116.614 39.9048
116.616 39.9051
116.616 39.9051
116.63 39.9043
116.633 39.9014
116.634 39.8989
116.637 39.8945
116.637 39.8944
116.641 39.8925
116.644 39.8915
116.648 39.8903
116.649 39.889
116.649 39.8889
116.648 39.8875
116.648 39.8875
116.65 39.8896
116.65 39.8897
116.655 39.8883
116.661 39.8842
116.669 39.8775
116.675 39.8727
116.675 39.8721
116.675 39.872
116.675 39.8721
116.675 39.8726
116.675 39.8727
116.685 39.8697
116.713 39.8625
116.727 39.8583
116.727 39.8585
116.737 39.8559
116.767 39.8398
116.767 39.8398
116.775 39.825
116.772 39.8152
116.835 39.8129
116.835 39.8129
116.873 39.8145
116.873 39.8156
116.873 39.8165
116.873 39.8165
116.873 39.8165
116.873 39.8166
116.873 39.8166
116.873 39.8165
116.873 39.8145
116.87 39.8138
116.828 39.8115
116.772 39.8154
116.775 39.8226
116.774 39.8292
116.744 39.8527
116.727 39.8587
116.716 39.8618
116.702 39.8653
116.693 39.8677
116.69 39.8686
116.676 39.8727
116.67 39.8772
116.662 39.8837
116.657 39.8879
116.65 39.8899
116.643 39.8922
116.639 39.8934
116.633 39.9007
116.627 39.9055
116.605 39.9065
116.601 39.9081
116.597 39.9083
116.596 39.9083
116.572 39.9095
116.546 39.9082
116.515 39.9072
116.515 39.9071
116.492 39.9071
116.492 39.9071
116.492 39.9071
116.491 39.9068
116.491 39.907
116.485 39.9081
116.484 39.93
116.484 39.9323
116.493 39.9339
116.506 39.9376
116.506 39.9373
116.506 39.9372
116.505 39.937
116.505 39.9367
116.505 39.9363
116.505 39.9357
116.505 39.9359
116.505 39.9361
116.505 39.937
116.505 39.9372
116.506 39.9373
116.507 39.9379
116.507 39.9379
116.511 39.939
116.511 39.9394
116.511 39.9433
116.508 39.9437
116.508 39.9447
116.508 39.9447
116.508 39.9447
116.508 39.9435
116.509 39.9434
116.511 39.9432
116.511 39.9392
116.511 39.9391
116.5 39.9361
116.496 39.935
116.484 39.9325
116.484 39.9325
116.484 39.9321
116.484 39.8897
116.483 39.8863
116.483 39.8831
116.481 39.8831
116.472 39.8832
116.467 39.8834
116.462 39.8832
116.462 39.8831
116.462 39.8831
116.462 39.8831
116.462 39.883
116.466 39.883
116.471 39.8829
116.471 39.8701
116.471 39.87
116.466 39.8702
116.466 39.8703
116.466 39.8708
116.459 39.8749
116.459 39.8749
116.455 39.8753
116.456 39.8992
116.456 39.8996
116.456 39.9006
116.456 39.9022
116.456 39.9022
116.455 39.9029
116.445 39.9027
116.445 39.9029
116.445 39.9034
116.445 39.904
116.445 39.906
116.445 39.906
116.446 39.9061
116.445 39.907
116.454 39.9068
116.467 39.9068
116.47 39.9068
116.47 39.9068
116.47 39.9068
116.47 39.9067
116.472 39.9019
116.471 39.8946
116.471 39.8944
116.471 39.8923
116.471 39.8922
116.471 39.8835
116.471 39.8835
116.471 39.8831
116.463 39.8832
116.462 39.8832
116.456 39.8834
116.455 39.8836
116.456 39.892
116.456 39.8921
116.466 39.8919
116.471 39.8918
116.483 39.8917
116.483 39.8874
116.483 39.8873
116.482 39.8874
116.481 39.8873
116.481 39.8873
116.483 39.8873
116.483 39.8871
116.484 39.8791
116.484 39.8791
116.484 39.8794
116.484 39.893
116.484 39.8982
116.484 39.8994
116.48 39.8993
116.48 39.8992
116.48 39.8978
116.48 39.8978
116.481 39.8978
116.481 39.898
116.48 39.8979
116.48 39.898
116.473 39.8991
116.407 39.8996
116.472 39.8992
116.472 39.9006
116.472 39.9053
116.472 39.9056
116.472 39.9063
116.472 39.9072
116.471 39.9072
116.471 39.907
116.456 39.9073
116.456 39.9433
116.455 39.9524
116.451 39.9551
116.451 39.9552
116.451 39.9553
116.45 39.9557
116.45 39.9556
116.45 39.9556
116.447 39.9576
116.454 39.9528
116.459 39.9577
116.459 39.9578
116.459 39.9579
116.459 39.9582
116.468 39.966
116.473 39.9703
116.473 39.9703
116.476 39.9732
116.478 39.9746
116.483 39.9789
116.483 39.9789
116.483 39.9789
116.484 39.9789
116.485 39.9789
116.485 39.979
116.485 39.979
116.484 39.9789
116.484 39.9789
116.484 39.9786
116.484 39.9753
116.484 39.9718
116.484 39.9647
116.485 39.9644
116.485 39.9643
116.488 39.9626
116.488 39.9623
116.488 39.9622
116.489 39.962
116.49 39.9609
116.492 39.9595
116.492 39.9595
116.493 39.9558
116.493 39.9557
116.495 39.9524
116.5 39.9538
116.502 39.9543
116.502 39.9543
116.502 39.9543
116.503 39.9543
116.505 39.9513
116.506 39.9435
116.511 39.9431
116.511 39.9339
116.511 39.9288
116.511 39.9248
116.511 39.9224
116.512 39.9219
116.512 39.9219
116.513 39.9218
116.522 39.9224
116.536 39.9223
116.538 39.9226
116.538 39.9226
116.538 39.9225
116.538 39.9153
116.538 39.915
116.539 39.9149
116.539 39.9149
116.541 39.9148
116.541 39.914
116.541 39.9131
116.541 39.9131
116.542 39.9145
116.542 39.9148
116.544 39.9148
116.548 39.9147
116.548 39.9145
116.548 39.912
116.549 39.9089
116.549 39.9084
116.549 39.9084
116.549 39.9084
116.54 39.9095
116.539 39.9099
116.525 39.9086
116.52 39.9081
116.463 39.9072
116.444 39.9072
116.444 39.9072
116.444 39.9072
116.443 39.9072
116.441 39.9072
116.441 39.9074
116.435 39.9072
116.405 39.9068
116.405 39.9068
116.401 39.9066
116.401 39.9066
116.395 39.9064
116.388 39.9062
116.383 39.9061
116.378 39.9059
116.359 39.9059
116.359 39.9058
116.351 39.906
116.35 39.9059
116.35 39.9065
116.35 39.9068
116.35 39.9072
116.35 39.9072
116.35 39.9071
116.35 39.906
116.35 39.9046
116.35 39.9045
116.35 39.9042
116.35 39.8981
116.349 39.8971
116.319 39.896
116.319 39.8961
116.319 39.896
116.315 39.896
116.315 39.8961
116.315 39.8987
116.315 39.899
116.316 39.899
116.317 39.8983
116.319 39.8983
116.319 39.8984
116.319 39.8984
116.319 39.8984
116.32 39.8984
116.321 39.8984
116.321 39.8983
116.321 39.8983
116.321 39.8986
116.321 39.899
116.321 39.8991
116.322 39.8991
116.322 39.8992
116.323 39.8991
116.323 39.8991
116.323 39.8973
116.323 39.8971
116.323 39.8965
116.323 39.8959
116.323 39.8954
116.324 39.8954
116.335 39.896
116.342 39.8961
116.343 39.8952
116.343 39.8953
116.344 39.8955
116.344 39.8961
116.356 39.8977
116.357 39.8977
116.357 39.8977
116.357 39.8957
116.357 39.8924
116.357 39.89
116.357 39.8898
116.357 39.8892
116.357 39.8888
116.357 39.8884
116.357 39.8882
116.358 39.888
116.358 39.888
116.365 39.8878
116.367 39.8878
116.376 39.8879
116.387 39.8886
116.392 39.8898
116.396 39.8906
116.405 39.8914
116.405 39.8913
116.406 39.8913
116.406 39.8914
116.406 39.8914
116.406 39.8925
116.406 39.8955
116.406 39.8981
116.406 39.8982
116.406 39.8984
116.406 39.8997
116.406 39.9008
116.406 39.901
116.406 39.9017
116.406 39.9019
116.405 39.9049
116.405 39.9061
116.405 39.9072
116.405 39.9076
116.405 39.9077
116.405 39.9081
116.405 39.9089
116.409 39.9091
116.409 39.9091
116.412 39.9091
116.412 39.9081
116.412 39.9036
116.412 39.9033
116.412 39.9029
116.412 39.9013
116.412 39.9001
116.412 39.8989
116.412 39.8982
116.412 39.8966
116.413 39.8955
116.413 39.8934
116.412 39.8929
116.413 39.8922
116.412 39.8921
116.413 39.8916
116.413 39.8916
116.421 39.892
116.421 39.892
116.432 39.8923
116.449 39.892
116.449 39.8919
116.454 39.8919
116.459 39.892
116.459 39.892
116.459 39.8922
116.46 39.8921
116.46 39.8921
116.462 39.8919
116.464 39.8918
116.465 39.8919
116.465 39.8919
116.465 39.8919
116.482 39.8918
116.482 39.8918
116.483 39.8917
116.483 39.8916
116.481 39.8572
116.481 39.8571
116.481 39.8573
116.482 39.8596
116.482 39.8595
116.485 39.8576
116.489 39.8561
116.489 39.856
116.49 39.8556
116.49 39.8557
116.491 39.858
116.491 39.858
116.494 39.8573
116.494 39.8585
116.494 39.8662
116.495 39.8663
116.5 39.8662
116.503 39.8661
116.503 39.866
116.504 39.866
116.504 39.8661
116.504 39.8661
116.504 39.8664
116.504 39.8676
116.505 39.8695
116.496 39.8699
116.496 39.8699
116.496 39.8699
116.487 39.8702
116.484 39.8721
116.484 39.8879
116.484 39.8916
116.483 39.8904
116.483 39.8903
116.483 39.8831
116.483 39.883
116.475 39.8832
116.475 39.8832
116.463 39.8832
116.457 39.8832
116.457 39.8832
116.456 39.8832
116.443 39.8834
116.44 39.8829
116.441 39.883
116.444 39.8831
116.445 39.8831
116.445 39.883
116.445 39.8821
116.445 39.8811
116.445 39.8752
116.445 39.8749
116.439 39.8749
116.439 39.875
116.44 39.877
116.441 39.8772
116.44 39.8773
116.44 39.8778
116.44 39.8804
116.44 39.8804
116.444 39.8803
116.445 39.8803
116.445 39.88
116.445 39.8768
116.445 39.8749
116.445 39.8748
116.45 39.8749
116.457 39.8748
116.457 39.8748
116.466 39.8749
116.471 39.8748
116.471 39.8749
116.472 39.8782
116.477 39.8782
116.477 39.8782
116.477 39.8781
116.477 39.8781
116.481 39.8746
116.483 39.8747
116.483 39.8748
116.482 39.8749
116.482 39.8748
116.482 39.8747
116.482 39.8747
116.483 39.8746
116.483 39.8731
116.481 39.869
116.482 39.8679
116.484 39.8678
116.485 39.8687
116.485 39.8715
116.485 39.8715
116.484 39.8879
116.484 39.8915
116.483 39.8916
116.483 39.8884
116.483 39.883
116.475 39.8832
116.475 39.8832
116.474 39.8832
116.474 39.8832
116.463 39.8832
116.456 39.8832
116.451 39.8833
116.432 39.8831
116.428 39.8828
116.428 39.8798
116.419 39.8794
116.419 39.8787
116.419 39.8786
116.419 39.8792
116.419 39.8793
116.419 39.8794
116.419 39.8821
116.419 39.8824
116.419 39.8825
116.431 39.8829
116.449 39.8832
116.453 39.8831
116.454 39.883
116.46 39.8831
116.46 39.883
116.471 39.8833
116.472 39.8876
116.472 39.8916
116.472 39.8917
116.484 39.8921
116.484 39.9035
116.485 39.9038
116.486 39.9055
116.49 39.9065
116.49 39.9066
116.49 39.908
116.49 39.9076
116.485 39.9079
116.483 39.909
116.48 39.9071
116.472 39.9071
116.472 39.9069
116.472 39.9069
116.471 39.9066
116.471 39.9043
116.471 39.8922
116.471 39.8922
116.472 39.8918
116.483 39.8917
116.483 39.8874
116.483 39.8874
116.483 39.8874
116.483 39.8873
116.483 39.8831
116.483 39.883
116.471 39.8832
116.471 39.8832
116.46 39.8832
116.455 39.8832
116.455 39.8957
116.457 39.9057
116.457 39.9057
116.457 39.9058
116.457 39.9058
116.457 39.9062
116.457 39.9065
116.458 39.9064
116.458 39.9064
116.459 39.9064
116.459 39.9064
116.46 39.9068
116.46 39.9068
116.471 39.9065
116.472 39.9065
116.472 39.8999
116.471 39.8999
116.471 39.8919
116.472 39.8918
116.483 39.8917
116.483 39.8874
116.483 39.8873
116.483 39.8729
116.48 39.8703
116.472 39.8701
116.469 39.8702
116.469 39.8702
116.455 39.8702
116.455 39.8705
116.456 39.8892
116.456 39.8897
116.457 39.8904
116.458 39.8912
116.458 39.8918
116.458 39.892
116.458 39.8922
116.456 39.8918
116.455 39.892
116.455 39.892
116.455 39.8922
116.439 39.8925
116.435 39.8978
116.431 39.8991
116.43 39.9071
116.43 39.9076
116.429 39.9227
116.429 39.9227
116.429 39.9233
116.429 39.9234
116.428 39.9234
116.42 39.9232
116.411 39.9231
116.411 39.9233
116.411 39.9287
116.411 39.9286
116.411 39.9287
116.416 39.9288
116.417 39.9288
116.418 39.9288
116.418 39.9288
116.42 39.9287
116.42 39.9288
116.42 39.9321
116.42 39.9322
116.42 39.9323
116.403 39.9321
116.397 39.9321
116.391 39.9321
116.362 39.9312
116.361 39.9312
116.359 39.9313
116.359 39.9326
116.359 39.9327
116.36 39.9327
116.36 39.9327
116.361 39.9327
116.361 39.9327
116.361 39.9327
116.361 39.9325
116.361 39.9323
116.362 39.9322
116.362 39.9321
116.362 39.9314
116.363 39.931
116.37 39.9314
116.378 39.9317
116.387 39.932
116.39 39.932
116.394 39.932
116.402 39.932
116.41 39.9321
116.43 39.932
116.432 39.9256
116.434 39.9255
116.434 39.9231
116.434 39.9213
116.434 39.9213
116.434 39.921
116.436 39.9212
116.437 39.9192
116.437 39.9191
116.437 39.9194
116.435 39.9195
116.435 39.9183
116.435 39.9147
116.435 39.912
116.435 39.9119
116.437 39.912
116.444 39.9119
116.444 39.9079
116.444 39.9071
116.453 39.9068
116.453 39.9068
116.455 39.9068
116.472 39.9066
116.471 39.892
116.471 39.8919
116.483 39.8917
116.483 39.8723
116.481 39.8695
116.482 39.8685
116.484 39.8684
116.547 39.8675
116.567 39.8665
116.571 39.856
116.611 39.8582
116.614 39.8544
116.614 39.8543
116.615 39.8546
116.617 39.8542
116.622 39.8537
116.63 39.8495
116.632 39.8482
116.639 39.8452
116.692 39.8356
116.709 39.8335
116.724 39.8286
116.769 39.8157
116.831 39.812
116.873 39.8146
116.873 39.8165
116.873 39.8166
116.873 39.8166
116.873 39.8166
116.873 39.8156
116.873 39.8145
116.873 39.8144
116.864 39.8133
116.864 39.8133
116.814 39.8109
116.772 39.8154
116.772 39.8156
116.774 39.8227
116.767 39.8394
116.767 39.8394
116.715 39.8619
116.693 39.8677
116.67 39.8773
116.662 39.8839
116.656 39.8881
116.656 39.8881
116.65 39.8899
116.646 39.891
116.639 39.8934
116.637 39.8948
116.635 39.8979
116.633 39.901
116.629 39.9052
116.615 39.9057
116.596 39.9083
116.572 39.9095
116.567 39.909
116.557 39.9087
116.557 39.9087
116.549 39.9086
116.549 39.9088
116.549 39.9099
116.549 39.9099
116.549 39.9107
116.548 39.9137
116.548 39.9172
116.548 39.9222
116.548 39.9222
116.548 39.9221
116.548 39.922
116.55 39.9223
116.55 39.9222
116.551 39.9222
116.551 39.9218
116.551 39.9218
116.548 39.9219
116.548 39.922
116.548 39.9222
116.548 39.922
116.548 39.918
116.548 39.9179
116.548 39.9176
116.548 39.9161
116.548 39.9159
116.548 39.9158
116.548 39.9156
116.548 39.9153
116.548 39.9148
116.549 39.9094
116.549 39.9085
116.548 39.9084
116.537 39.9098
116.517 39.9077
116.517 39.9078
116.516 39.9109
116.516 39.9109
116.517 39.9074
116.511 39.9068
116.511 39.9068
116.505 39.907
116.505 39.9071
116.506 39.9072
116.508 39.9077
116.508 39.9106
116.508 39.9107
116.506 39.9111
116.506 39.9111
116.506 39.9115
116.505 39.9126
116.505 39.9147
116.505 39.9147
116.506 39.9147
116.512 39.9153
116.512 39.9153
116.512 39.9153
116.499 39.9147
116.499 39.9148
116.497 39.9147
116.497 39.9149
116.497 39.9151
116.496 39.9149
116.493 39.9148
116.485 39.9142
116.485 39.9141
116.495 39.9141
116.495 39.9141
116.498 39.9142
116.498 39.9142
116.512 39.9152
116.512 39.9151
116.512 39.9134
116.511 39.9134
116.511 39.914
116.511 39.9141
116.511 39.9141
116.511 39.9139
116.511 39.9142
116.511 39.9142
116.511 39.9146
116.511 39.9145
116.511 39.9142
116.511 39.9141
116.511 39.9134
116.511 39.9134
116.512 39.9135
116.512 39.9136
116.512 39.9144
116.512 39.9152
116.512 39.9153
116.515 39.9153
116.517 39.9076
116.517 39.9075
116.491 39.9071
116.491 39.9072
116.491 39.907
116.491 39.907
116.483 39.9089
116.482 39.9077
116.483 39.9013
116.484 39.9004
116.484 39.8922
116.483 39.8774
116.483 39.8772
116.483 39.8771
116.483 39.877
116.483 39.8759
116.483 39.8749
116.483 39.8748
116.48 39.8751
116.48 39.8751
116.48 39.8749
116.486 39.8745
116.485 39.8743
116.484 39.8743
116.484 39.8745
116.484 39.9238
116.478 39.9607
116.449 39.9796
116.466 39.9936
116.466 39.9936
116.466 39.994
116.467 39.9952
116.467 39.996
116.466 39.9963
116.466 39.9962
116.466 39.9962
116.466 39.9962
116.465 39.9957
116.465 39.9958
116.465 39.9958
116.465 39.9958
116.464 39.9961
116.464 39.9958
116.463 39.9959
116.463 39.9963
116.465 39.9984
116.466 39.9983
116.469 39.996
116.469 39.996
116.478 39.9902
116.478 39.99
116.478 39.9898
116.479 39.9896
116.482 39.9874
116.484 39.9791
116.484 39.9717
116.484 39.9654
116.484 39.9651
116.487 39.9627
116.488 39.9627
116.488 39.9633
116.489 39.9634
116.491 39.9635
116.492 39.9626
116.493 39.9629
116.493 39.963
116.493 39.9631
116.494 39.9635
116.497 39.963
116.497 39.9629
116.501 39.957
116.501 39.9569
116.503 39.9548
116.503 39.9547
116.503 39.9547
116.503 39.9546
116.506 39.9435
116.511 39.9431
116.511 39.9396
116.511 39.934
116.511 39.9305
116.511 39.9247
116.511 39.9223
116.511 39.9222
116.512 39.9218
116.514 39.9219
116.522 39.9224
116.522 39.9225
116.548 39.9225
116.548 39.9183
116.548 39.9182
116.548 39.9181
116.548 39.9156
116.548 39.915
116.548 39.9147
116.548 39.9148
116.549 39.9107
116.549 39.9106
116.548 39.9085
116.548 39.9084
116.548 39.9084
116.548 39.9084
116.547 39.9084
116.541 39.9089
116.539 39.9098
116.525 39.9087
116.517 39.9078
116.515 39.9156
116.516 39.9157
116.528 39.9155
116.528 39.9157
116.528 39.9158
116.528 39.9159
116.528 39.916
116.528 39.916
116.532 39.9155
116.532 39.9171
116.532 39.9172
116.532 39.9153
116.528 39.9156
116.528 39.9156
116.524 39.916
116.524 39.9159
116.524 39.9159
116.523 39.9159
116.521 39.9161
116.516 39.9159
116.516 39.9159
116.515 39.9158
116.515 39.9157
116.517 39.9075
116.509 39.9069
116.509 39.9069
116.509 39.9069
116.509 39.9068
116.485 39.9079
116.482 39.9079
116.483 39.9036
116.484 39.8995
116.484 39.8991
116.483 39.8922
116.483 39.8921
116.483 39.8791
116.484 39.879
116.484 39.8793
116.484 39.8817
116.487 39.8816
116.487 39.8815
116.488 39.8794
116.496 39.8755
116.505 39.8708
116.504 39.8702
116.504 39.8679
116.504 39.8656
116.504 39.8656
116.504 39.8648
116.504 39.8644
116.504 39.8634
116.504 39.8633
116.501 39.8636
116.501 39.8634
116.501 39.8628
116.501 39.8628
116.501 39.8627
116.501 39.8627
116.501 39.8625
116.501 39.8625
116.499 39.8626
116.499 39.8625
116.499 39.8595
116.496 39.8597
116.496 39.8596
116.499 39.8596
116.499 39.8597
116.499 39.8625
116.499 39.8622
116.499 39.8623
116.501 39.8624
116.504 39.8625
116.504 39.8625
116.505 39.8625
116.506 39.8625
116.508 39.8624
116.511 39.8582
116.522 39.853
116.521 39.8531
116.508 39.86
116.508 39.8605
116.508 39.8604
116.508 39.8597
116.511 39.8584
116.511 39.8583
116.511 39.8581
116.511 39.8581
116.538 39.8445
116.538 39.8444
116.541 39.844
116.544 39.844
116.545 39.8334
116.545 39.8333
116.545 39.8332
116.545 39.8316
116.545 39.8321
116.545 39.833
116.545 39.8331
116.545 39.8332
116.544 39.8441
116.544 39.8441
116.539 39.8444
116.512 39.8579
116.511 39.8582
116.508 39.86
116.508 39.8684
116.508 39.8687
116.507 39.8697
116.505 39.8708
116.504 39.8696
116.485 39.8706
116.483 39.8718
116.482 39.8712
116.482 39.8702
116.479 39.848
116.478 39.8474
116.478 39.8475
116.469 39.8568
116.465 39.8585
116.466 39.8665
116.466 39.8666
116.455 39.867
116.455 39.867
116.455 39.8699
116.455 39.8701
116.45 39.8701
116.45 39.8702
116.448 39.8701
116.445 39.8701
116.438 39.8707
116.439 39.8746
116.44 39.8767
116.44 39.8768
116.44 39.877
116.441 39.8772
116.44 39.8772
116.44 39.8773
116.44 39.8774
116.44 39.8803
116.445 39.8802
116.445 39.8802
116.445 39.8802
116.445 39.8802
116.445 39.8753
116.445 39.8749
116.445 39.87
116.438 39.8708
116.439 39.8728
116.439 39.8729
116.439 39.8729
116.44 39.8727
116.439 39.8729
116.439 39.8729
116.439 39.873
116.437 39.8972
116.432 39.8997
116.422 39.8993
116.414 39.8995
116.413 39.8999
116.413 39.8998
116.402 39.8995
116.386 39.899
116.378 39.899
116.378 39.8994
116.378 39.9006
116.379 39.9006
116.379 39.9008
116.379 39.9008
116.379 39.9008
116.38 39.9008
116.38 39.9008
116.38 39.9009
116.38 39.901
116.38 39.9014
116.38 39.9017
116.38 39.9017
116.378 39.9018
116.378 39.9017
116.378 39.9006
116.378 39.9003
116.378 39.9003
116.378 39.899
116.378 39.8986
116.389 39.8987
116.389 39.8987
116.392 39.8987
116.398 39.8993
116.4 39.8993
116.404 39.8994
116.404 39.8994
116.405 39.8995
116.412 39.8996
116.421 39.8992
116.421 39.8992
116.43 39.8989
116.439 39.8819
116.439 39.8818
116.438 39.8819
116.438 39.882
116.438 39.883
116.439 39.8831
116.445 39.8831
116.445 39.8829
116.445 39.8816
116.445 39.8815
116.445 39.8763
116.445 39.8762
116.445 39.8751
116.445 39.8751
116.445 39.8703
116.444 39.8669
116.444 39.8669
116.439 39.8683
116.439 39.8649
116.439 39.8645
116.433 39.8645
116.433 39.8646
116.433 39.8646
116.433 39.8646
116.428 39.8646
116.42 39.8644
116.42 39.8644
116.42 39.8674
116.42 39.8674
116.418 39.8673
116.417 39.8673
116.416 39.8673
116.416 39.8673
116.416 39.8674
116.415 39.8693
116.416 39.8697
116.419 39.8698
116.419 39.8698
116.438 39.8701
116.439 39.8726
116.439 39.8744
116.438 39.8964
116.438 39.8964
116.436 39.8974
116.43 39.8998
116.429 39.9227
116.43 39.923
116.434 39.9226
116.434 39.9226
116.437 39.9221
116.438 39.922
116.44 39.9216
116.44 39.9209
116.439 39.9207
116.44 39.9166
116.44 39.9164
116.44 39.9164
116.44 39.9164
116.44 39.9164
116.44 39.9164
116.44 39.9164
116.439 39.9164
116.435 39.9164
116.435 39.9164
116.435 39.9162
116.435 39.9106
116.435 39.9072
116.429 39.9074
116.429 39.9086
116.429 39.9084
116.431 39.8986
116.438 39.896
116.437 39.8701
116.435 39.8693
116.434 39.8695
116.433 39.8697
116.433 39.8696
116.433 39.8689
116.433 39.8689
116.433 39.8649
116.432 39.859
116.439 39.8571
116.44 39.8445
116.448 39.8183
116.449 39.8173
116.45 39.8059
116.446 39.8052
116.44 39.8043
116.44 39.8049
116.44 39.805
116.44 39.8051
116.44 39.8052
116.44 39.8053
116.44 39.8053
116.44 39.8057
116.44 39.8057
116.44 39.8057
116.44 39.8057
116.44 39.8053
116.44 39.8053
116.44 39.8053
116.44 39.805
116.44 39.805
116.44 39.8049
116.44 39.8043
116.44 39.8042
116.444 39.8048
116.45 39.8058
116.45 39.8061
116.441 39.8303
116.441 39.8339
116.441 39.834
116.441 39.8441
116.44 39.8443
116.433 39.8446
116.433 39.8447
116.433 39.8487
116.433 39.8487
116.433 39.8525
116.433 39.857
116.432 39.8578
116.431 39.8578
116.426 39.8576
116.426 39.8598
116.425 39.8618
116.425 39.8642
116.425 39.8646
116.424 39.867
116.424 39.8671
116.428 39.867
116.428 39.8672
116.426 39.8671
116.424 39.8671
116.424 39.867
116.424 39.8645
116.421 39.8644
116.416 39.8643
116.413 39.8641
116.413 39.8642
116.413 39.8647
116.413 39.865
116.413 39.8651
116.413 39.8655
116.413 39.8656
116.412 39.866
116.411 39.8668
116.411 39.8669
116.447 39.9222
116.444 39.9215
116.444 39.9213
116.444 39.9212
116.444 39.9076
116.444 39.9071
116.455 39.9066
116.455 39.8829
116.462 39.8829
116.462 39.8797
116.462 39.8796
116.461 39.8796
116.46 39.8795
116.46 39.8796
116.46 39.8796
116.459 39.8801
116.459 39.8799
116.459 39.8801
116.459 39.8802
116.459 39.8804
116.459 39.8805
116.459 39.8806
116.459 39.8806
116.459 39.8806
116.46 39.8806
116.46 39.8806
116.461 39.8805
116.462 39.8806
116.462 39.8776
116.462 39.8775
116.462 39.8751
116.461 39.8701
116.455 39.87
116.455 39.87
116.455 39.87
116.455 39.87
116.447 39.861
116.447 39.8611
116.447 39.8618
116.448 39.8618
116.47 39.8428
116.47 39.8427
116.47 39.8427
116.468 39.8427
116.463 39.8426
116.462 39.8443
116.462 39.8453
116.462 39.8455
116.462 39.8455
116.462 39.8456
116.462 39.8463
116.461 39.8464
116.461 39.8463
116.462 39.8463
116.462 39.8462
116.462 39.8456
116.462 39.8455
116.462 39.8454
116.462 39.8444
116.462 39.8443
116.459 39.847
116.459 39.8546
116.45 39.8626
116.451 39.8634
116.453 39.8645
116.453 39.8645
116.453 39.8646
116.453 39.8646
116.452 39.8647
116.427 39.8574
116.427 39.8572
116.427 39.8571
116.43 39.8572
116.432 39.8574
116.432 39.8575
116.44 39.8572
116.448 39.8615
116.451 39.8634
116.451 39.8634
116.451 39.8633
116.451 39.8632
116.451 39.863
116.451 39.8631
116.451 39.8631
116.452 39.8633
116.452 39.8633
116.452 39.8637
116.452 39.8638
116.452 39.8643
116.453 39.8653
116.454 39.865
116.454 39.8648
116.454 39.8647
116.455 39.8649
116.455 39.8649
116.455 39.8647
116.454 39.8647
116.454 39.8648
116.454 39.8649
116.456 39.9142
116.454 39.9531
116.45 39.9564
116.454 39.9616
116.458 39.9654
116.515 40.0153
116.578 40.0457
116.579 40.047
116.584 40.0545
116.582 40.0705
116.583 40.0762
116.587 40.0772
116.587 40.0776
116.587 40.0777
116.587 40.0781
116.586 40.0792
116.581 40.0792
116.581 40.0782
116.582 40.0766
116.58 40.0765
116.582 40.0622
116.564 40.0644
116.563 40.0663
116.562 40.07
116.567 40.0704
116.567 40.0706
116.567 40.0707
116.567 40.0708
116.567 40.071
116.564 40.0704
116.564 40.0702
116.562 40.0699
116.564 40.0643
116.583 40.0623
116.583 40.0624
116.58 40.0764
116.582 40.0763
116.582 40.0757
116.582 40.0751
116.582 40.0746
116.583 40.0746
116.583 40.0748
116.583 40.0758
116.583 40.0761
116.584 40.0763
116.585 40.0766
116.585 40.0766
116.586 40.0767
116.587 40.077
116.587 40.077
116.587 40.0773
116.587 40.0784
116.587 40.0801
116.585 40.0795
116.584 40.0791
116.584 40.0769
116.582 40.0747
116.582 40.0703
116.581 40.0489
116.579 40.0472
116.579 40.0472
116.574 40.0423
116.571 40.0388
116.498 40.0012
116.449 39.957
116.447 39.9557
116.447 39.9559
116.448 39.9566
116.448 39.9566
116.455 39.9509
116.455 39.9222
116.455 39.9221
116.449 39.9221
116.447 39.9222
116.447 39.9221
116.44 39.9219
116.44 39.9219
116.44 39.9218
116.44 39.919
116.436 39.9191
116.436 39.9191
116.436 39.919
116.436 39.9191
116.435 39.919
116.435 39.9186
116.435 39.9119
116.444 39.9119
116.444 39.9074
116.444 39.907
116.454 39.9067
116.455 39.9068
116.457 39.9067
116.467 39.9068
116.471 39.9067
116.472 39.9069
116.471 39.9055
116.471 39.9064
116.472 39.914
116.472 39.9216
116.47 39.9217
116.469 39.9217
116.469 39.9217
116.467 39.9219
116.467 39.9222
116.467 39.9242
116.467 39.9242
116.465 39.9243
116.465 39.9244
116.462 39.9242
116.462 39.9242
116.461 39.9242
116.461 39.9242
116.461 39.9222
116.461 39.9219
116.464 39.9217
116.466 39.9217
116.469 39.9216
116.469 39.9216
116.471 39.9216
116.496 39.9218
116.496 39.9219
116.496 39.9263
116.496 39.9263
116.496 39.9266
116.496 39.9266
116.496 39.9221
116.496 39.9219
116.496 39.9218
116.514 39.922
116.515 39.9222
116.515 39.9222
116.515 39.9221
116.515 39.9159
116.515 39.9157
116.52 39.9159
116.52 39.9138
116.521 39.9116
116.521 39.9115
116.523 39.9115
116.524 39.9088
116.524 39.9081
116.539 39.9053
116.541 39.8944
116.567 39.8666
116.571 39.8559
116.611 39.8584
116.614 39.8542
116.615 39.8546
116.617 39.8542
116.65 39.8422
116.653 39.8416
116.655 39.8411
116.746 39.821
116.756 39.818
116.763 39.8151
116.763 39.8143
116.764 39.8143
116.768 39.8161
116.77 39.8157
116.771 39.8153
116.829 39.8115
116.873 39.8146
116.873 39.8156
116.873 39.8156
116.873 39.8165
116.873 39.8145
116.828 39.8114
116.801 39.8124
116.801 39.8124
116.772 39.8154
116.775 39.8265
116.766 39.8412
116.764 39.8418
116.727 39.8587
116.686 39.8697
116.685 39.8697
116.675 39.8728
116.662 39.8837
116.655 39.889
116.655 39.889
116.655 39.8888
116.655 39.8888
116.655 39.8887
116.655 39.8884
116.65 39.8897
116.635 39.8978
116.633 39.9009
116.633 39.9009
116.628 39.9055
116.605 39.9066
116.602 39.908
116.595 39.9085
116.594 39.9117
116.593 39.9116
116.584 39.9113
116.575 39.9133
116.575 39.9133
116.571 39.9137
116.571 39.9136
116.57 39.9094
116.539 39.9099
116.525 39.9087
116.525 39.9087
116.525 39.9086
116.524 39.9086
116.523 39.8994
116.523 39.8994
116.524 39.9076
116.524 39.908
116.525 39.908
116.525 39.908
116.54 39.9066
116.542 39.9076
116.57 39.9088
116.57 39.9092
116.57 39.9093
116.536 39.9096
116.524 39.9086
116.517 39.9078
116.516 39.911
116.516 39.911
116.516 39.9075
116.491 39.9071
116.491 39.9072
116.485 39.9079
116.484 39.9092
116.483 39.909
116.483 39.8923
116.483 39.8923
116.482 39.8688
116.483 39.8684
116.494 39.8693
116.494 39.8668
116.494 39.8654
116.494 39.8631
116.494 39.8631
116.495 39.8732
116.495 39.8734
116.494 39.8738
116.488 39.8748
116.484 39.875
116.484 39.9244
116.484 39.94
116.478 39.9601
116.465 39.9705
116.472 39.978
116.49 39.9938
116.561 40.0325
116.573 40.041
116.58 40.047
116.58 40.0471
116.584 40.0558
116.584 40.0603
116.582 40.0707
116.583 40.0762
116.587 40.0769
116.587 40.077
116.587 40.0784
116.586 40.0795
116.585 40.0799
116.581 40.079
116.581 40.0773
116.582 40.0766
116.581 40.0765
116.58 40.0765
116.58 40.0764
116.564 40.0644
116.564 40.0645
116.562 40.07
116.567 40.0704
116.567 40.0705
116.567 40.0707
116.567 40.0707
116.567 40.0708
116.567 40.071
116.567 40.0711
116.567 40.0712
116.567 40.0712
116.566 40.0712
116.564 40.0711
116.564 40.0711
116.564 40.071
116.564 40.071
116.564 40.0706
116.564 40.0702
116.562 40.0699
116.562 40.069
116.563 40.0679
116.563 40.0679
116.564 40.0643
116.583 40.062
116.583 40.062
116.583 40.06
116.583 40.0601
116.582 40.0661
116.582 40.0662
116.582 40.0692
116.582 40.0693
116.581 40.072
116.581 40.072
116.58 40.0744
116.581 40.0745
116.58 40.0764
116.58 40.0764
116.581 40.0764
116.582 40.0764
116.582 40.076
116.582 40.0755
116.582 40.0754
116.582 40.0746
116.583 40.0746
116.583 40.075
116.583 40.0755
116.583 40.0758
116.583 40.076
116.583 40.0762
116.586 40.0765
116.586 40.0767
116.587 40.0769
116.586 40.0782
116.587 40.079
116.587 40.0801
116.585 40.0795
116.584 40.0791
116.584 40.077
116.582 40.0751
116.584 40.0585
116.584 40.0571
116.581 40.0491
116.579 40.0472
116.579 40.0473
116.574 40.0421
116.502 40.0054
116.449 39.9569
116.447 39.9556
116.447 39.9556
116.447 39.9558
116.447 39.9566
116.448 39.9566
116.455 39.9513
116.456 39.9098
116.455 39.9091
116.455 39.9092
116.455 39.9092
116.455 39.9091
116.455 39.907
116.455 39.9069
116.457 39.9068
116.46 39.9068
116.47 39.9066
116.47 39.9068
116.471 39.9066
116.472 39.9055
116.472 39.9053
116.472 39.9051
116.471 39.8921
116.471 39.8836
116.471 39.8701
116.471 39.8703
116.471 39.868
116.471 39.8664
116.47 39.8665
116.469 39.8665
116.464 39.8666
116.463 39.8667
116.461 39.8667
116.461 39.869
116.461 39.8692
116.462 39.8694
116.461 39.87
116.461 39.87
116.455 39.8701
116.455 39.8701
116.455 39.87
116.455 39.87
116.46 39.8698
116.46 39.8697
116.46 39.8698
116.461 39.8698
116.462 39.8699
116.461 39.8699
116.461 39.8699
116.455 39.8702
116.455 39.8702
116.455 39.8702
116.455 39.8702
116.455 39.8746
116.456 39.8748
116.457 39.8747
116.457 39.8747
116.461 39.8747
116.462 39.8746
116.462 39.8703
116.462 39.8665
116.463 39.8664
116.471 39.8663
116.471 39.8662
116.471 39.8631
116.471 39.8631
116.471 39.8631
116.471 39.8631
116.471 39.8665
116.472 39.8665
116.483 39.8668
116.485 39.8713
116.484 39.8916
116.484 39.8916
116.483 39.8873
116.481 39.8874
116.481 39.8878
116.481 39.8903
116.482 39.8901
116.482 39.8901
116.483 39.8901
116.483 39.8901
116.483 39.8901
116.483 39.883
116.483 39.883
116.475 39.8831
116.475 39.8831
116.472 39.8832
116.462 39.8832
116.46 39.8831
116.456 39.883
116.456 39.883
116.456 39.8832
116.451 39.8832
116.451 39.883
116.449 39.8831
116.44 39.8834
116.437 39.8974
116.43 39.8996
116.428 39.9422
116.426 39.9478
116.42 39.9483
116.419 39.9483
116.419 39.9483
116.418 39.9482
116.417 39.9481
116.417 39.9481
116.364 39.9471
116.364 39.9471
116.349 39.9418
116.348 39.9392
116.339 39.9375
116.339 39.9372
116.34 39.9372
116.346 39.9395
116.346 39.9395
116.346 39.9395
116.346 39.9396
116.346 39.9396
116.345 39.9427
116.363 39.9655
116.396 39.967
116.396 39.967
116.396 39.9623
116.396 39.9621
116.396 39.9616
116.398 39.9612
116.398 39.9613
116.399 39.961
116.399 39.9609
116.399 39.9609
116.399 39.9607
116.399 39.9578
116.399 39.9575
116.399 39.9575
116.4 39.9574
116.4 39.9575
116.4 39.9575
116.399 39.9577
116.399 39.9586
116.399 39.9586
116.399 39.9606
116.398 39.9612
116.395 39.962
116.39 39.9619
116.389 39.9618
116.389 39.9619
116.389 39.9621
116.389 39.9676
116.389 39.9677
116.39 39.9675
116.39 39.9673
116.346 39.9666
116.347 39.9673
116.347 39.9674
116.347 39.9672
116.347 39.9651
116.347 39.965
116.347 39.9651
116.347 39.9661
116.347 39.9662
116.363 39.9663
116.365 39.9662
116.372 39.9664
116.374 39.9661
116.372 39.9486
116.372 39.9478
116.367 39.9475
116.367 39.9475
116.366 39.9475
116.366 39.9481
116.365 39.954
116.365 39.9564
116.364 39.966
116.364 39.9663
116.396 39.9671
116.396 39.9644
116.396 39.962
116.399 39.9607
116.399 39.9607
116.399 39.9607
116.399 39.9606
116.399 39.9606
116.399 39.9576
116.401 39.9576
116.401 39.9576
116.402 39.9576
116.403 39.9577
116.412 39.9578
116.425 39.9581
116.433 39.9582
116.438 39.9586
116.629 39.8501
116.712 39.8326
116.759 39.817
116.763 39.815
116.763 39.8143
116.764 39.8144
116.768 39.8162
116.769 39.8157
116.771 39.8152
116.826 39.8109
116.873 39.8145
116.873 39.8165
116.873 39.8165
116.873 39.8167
116.873 39.8166
116.873 39.8166
116.873 39.8164
116.873 39.8155
116.873 39.8145
116.831 39.8122
116.831 39.8122
116.823 39.8345
116.822 39.8341
116.821 39.8339
116.821 39.834
116.82 39.834
116.82 39.834
116.82 39.8347
116.82 39.8348
116.82 39.835
116.82 39.835
116.82 39.835
116.82 39.835
116.824 39.8353
116.824 39.8354
116.809 39.8539
116.809 39.8541
116.757 39.8531
116.742 39.8541
116.69 39.8686
116.67 39.8772
116.67 39.8772
116.662 39.8837
116.662 39.8837
116.657 39.8879
116.639 39.8932
116.635 39.8973
116.628 39.9053
116.617 39.9056
116.605 39.9065
116.604 39.9072
116.602 39.9079
116.602 39.9085
116.602 39.9085
116.594 39.9096
116.594 39.9115
116.593 39.9115
116.571 39.9136
116.571 39.9094
116.549 39.9084
116.549 39.9084
116.549 39.9084
116.549 39.9084
116.548 39.9084
116.536 39.9096
116.53 39.9085
116.53 39.9085
116.525 39.9086
116.525 39.9086
116.517 39.9078
116.516 39.911
116.515 39.922
116.515 39.9224
116.512 39.922
116.496 39.922
116.496 39.9222
116.496 39.9243
116.496 39.9243
116.496 39.9268
116.496 39.9269
116.496 39.9348
116.511 39.939
116.511 39.9389
116.511 39.9225
116.512 39.9212
116.513 39.9154
116.514 39.9155
116.52 39.9159
116.52 39.9118
116.52 39.9117
116.521 39.9115
116.521 39.9115
116.523 39.9116
116.523 39.9115
116.524 39.9083
116.524 39.9083
116.524 39.9083
116.523 39.9051
116.523 39.9051
116.509 39.9052
116.509 39.905
116.509 39.9049
116.509 39.9027
116.509 39.9018
116.51 39.9018
116.514 39.9023
116.515 39.9028
116.519 39.9027
116.519 39.9029
116.521 39.9029
116.522 39.9029
116.523 39.9029
116.523 39.9029
116.523 39.9029
116.524 39.9077
116.524 39.9076
116.524 39.9077
116.524 39.9079
116.524 39.9085
116.523 39.9086
116.517 39.9078
116.516 39.9111
116.516 39.9111
116.516 39.911
116.517 39.9092
116.517 39.9076
116.491 39.9071
116.485 39.9081
116.484 39.9144
116.484 39.9153
116.485 39.914
116.485 39.914
116.482 39.9569
116.489 39.9611
116.489 39.9616
116.492 39.9599
116.492 39.9584
116.492 39.9582
116.493 39.9548
116.492 39.9546
116.488 39.9542
116.488 39.9542
116.488 39.9529
116.489 39.9528
116.495 39.9524
116.503 39.9544
116.505 39.9495
116.506 39.9463
116.511 39.9459
116.511 39.9394
116.511 39.9303
116.511 39.9222
116.511 39.9222
116.512 39.9156
116.512 39.9156
116.513 39.9153
116.513 39.9153
116.515 39.9156
116.515 39.9155
116.517 39.9076
116.517 39.9075
116.491 39.9071
116.485 39.9081
116.484 39.9094
116.483 39.9091
116.483 39.9053
116.484 39.8925
116.482 39.8686
116.483 39.8683
116.508 39.8688
116.511 39.8582
116.537 39.8449
116.541 39.844
116.544 39.8441
116.544 39.8433
116.546 39.8211
116.547 39.8207
116.547 39.8203
116.548 39.8205
116.546 39.8211
116.546 39.8213
116.544 39.8441
116.539 39.8444
116.509 39.8594
116.508 39.8602
116.508 39.8675
116.508 39.8675
116.508 39.8692
116.507 39.8692
116.496 39.8753
116.496 39.8752
116.495 39.8736
116.484 39.8749
116.484 39.8788
116.484 39.8806
116.484 39.8806
116.483 39.8806
116.483 39.8805
116.483 39.877
116.483 39.8749
116.48 39.8751
116.477 39.8777
116.477 39.8782
116.471 39.8782
116.471 39.8781
116.471 39.8701
116.469 39.8701
116.467 39.8701
116.467 39.8701
116.455 39.8703
116.455 39.8747
116.456 39.8749
116.457 39.8749
116.457 39.8749
116.457 39.8745
116.457 39.8744
116.456 39.8745
116.456 39.8742
116.456 39.8736
116.456 39.8734
116.456 39.8733
116.456 39.873
116.456 39.873
116.456 39.8725
116.456 39.8726
116.456 39.8727
116.456 39.873
116.456 39.8731
116.456 39.8744
116.456 39.8747
116.456 39.875
116.456 39.8749
116.457 39.8748
116.457 39.8747
116.457 39.8749
116.457 39.875
116.458 39.8749
116.471 39.8746
116.471 39.8702
116.471 39.87
116.471 39.8699
116.472 39.8699
116.529 39.8683
116.558 39.867
116.558 39.867
116.567 39.8665
116.571 39.8561
116.571 39.8559
116.585 39.8571
116.595 39.8577
116.595 39.8577
116.611 39.8583
116.614 39.8544
116.614 39.8542
116.617 39.8543
116.617 39.8543
116.617 39.8542
116.627 39.851
116.708 39.8337
116.76 39.8169
116.763 39.815
116.763 39.815
116.763 39.8143
116.764 39.8143
116.769 39.8157
116.769 39.8157
116.769 39.8157
116.771 39.8153
116.829 39.8115
116.873 39.8145
116.873 39.8156
116.873 39.8165
116.873 39.8165
116.873 39.8166
