116.437 39.8158
116.438 39.8155
116.438 39.8148
116.438 39.8147
116.448 39.8171
116.448 39.822
116.453 39.8316
116.453 39.8316
116.453 39.8327
116.452 39.8321
116.452 39.8321
116.452 39.8321
116.389 39.8307
116.381 39.8384
116.381 39.8384
116.374 39.8488
116.374 39.8488
116.374 39.8507
116.376 39.8552
116.38 39.8554
116.381 39.8591
116.381 39.8634
116.38 39.8691
116.38 39.8691
116.72 40.3275
116.745 40.3477
116.737 40.365
116.728 40.3888
116.73 40.3869
116.736 40.3849
116.75 40.3846
116.744 40.3347
116.698 40.327
116.69 40.3268
116.69 40.3268
116.636 40.2882
116.634 40.2502
116.637 40.2186
116.635 40.1769
116.596 40.1455
116.558 40.1105
116.552 40.0818
116.549 40.065
116.528 40.0421
116.528 40.0408
116.528 40.0408
116.524 40.0343
116.517 40.0239
116.371 39.9906
116.312 40.0118
116.313 40.0114
116.314 40.0117
116.331 39.9983
116.334 39.9957
116.347 39.9666
116.349 39.9517
116.349 39.9517
116.349 39.9507
116.35 39.9459
116.35 39.9435
116.35 39.9424
116.349 39.9413
116.349 39.9412
116.349 39.9314
116.35 39.9203
116.35 39.9197
116.35 39.9192
116.35 39.9188
116.348 39.9171
116.344 39.9172
116.345 39.9098
116.347 39.9116
116.347 39.9159
116.353 39.9201
116.353 39.9201
116.353 39.9195
116.35 39.9297
116.355 39.9566
116.349 39.9635
116.349 39.9635
116.349 39.9637
116.349 39.9656
116.347 39.9573
116.425 39.9858
116.425 39.9858
116.424 39.9858
116.425 39.9826
116.404 39.9819
116.405 39.9835
116.406 39.9846
116.407 39.9864
116.411 39.9861
116.41 39.9856
116.411 39.9855
116.411 39.9849
116.411 39.9832
116.411 39.9824
116.411 39.9823
116.411 39.9938
116.405 39.9975
116.404 39.9975
116.248 39.8956
116.259 39.8955
116.259 39.8942
116.259 39.8937
116.259 39.8916
116.292 39.8789
116.305 39.868
116.31 39.857
116.309 39.865
116.309 39.8666
116.306 39.8726
116.306 39.8726
116.306 39.8736
116.314 39.8738
116.319 39.8749
116.324 39.8757
116.321 39.8817
116.321 39.8817
116.321 39.8825
116.321 39.883
116.32 39.8874
116.306 39.8843
116.306 39.9054
116.306 39.9061
116.306 39.9068
116.304 39.9198
116.318 39.945
116.328 39.9561
116.329 39.9561
116.329 39.9561
116.328 39.9563
116.322 39.956
116.318 39.9556
116.314 39.9556
116.314 39.9556
116.328 39.9562
116.331 39.9565
116.329 39.9564
116.316 39.9628
116.316 39.9628
116.316 39.9633
116.316 39.9633
116.316 39.9633
116.317 39.9655
116.317 39.9656
116.359 39.9661
116.364 39.9663
116.355 39.9564
116.355 39.9553
116.355 39.9552
116.355 39.9511
116.355 39.9511
116.354 39.9512
116.351 39.9497
116.352 39.9467
116.352 39.9466
116.349 39.9563
116.348 39.9731
116.348 39.9731
116.349 39.9753
116.359 39.9753
116.359 39.9753
116.359 39.9847
116.363 39.9882
116.359 39.9878
116.359 39.9917
116.363 39.9866
116.359 39.976
116.351 39.9802
116.352 39.9802
116.352 39.9802
116.353 39.9754
116.35 39.9752
116.349 39.9753
116.349 39.9753
116.35 39.9439
116.348 39.9171
116.348 39.9171
116.344 39.9171
116.344 39.9171
116.321 39.9097
116.315 39.8963
116.315 39.8988
116.329 39.9141
116.329 39.9167
116.329 39.9213
116.329 39.9213
116.328 39.9268
116.328 39.928
116.328 39.9287
116.328 39.9308
116.32 39.9332
116.32 39.9332
116.32 39.9371
116.325 39.956
116.325 39.956
116.328 39.9562
116.33 39.9513
116.328 39.9563
116.328 39.9563
116.327 39.9562
116.304 39.9556
116.298 39.9523
116.293 39.9506
116.303 39.9554
116.301 39.9691
116.305 39.9744
116.317 39.9559
116.317 39.9559
116.325 39.9506
116.325 39.9506
116.325 39.9543
116.326 39.956
116.329 39.9563
116.283 39.9563
116.278 39.958
116.278 39.956
116.282 39.956
116.282 39.956
116.297 39.9586
116.303 39.9557
116.311 39.9558
116.317 39.9555
116.317 39.9555
116.395 39.9672
116.449 39.9568
116.503 40.0055
116.571 40.0382
116.579 40.0469
116.589 40.0478
116.586 40.0534
116.586 40.0534
116.579 40.0599
116.574 40.0603
116.563 40.0676
116.567 40.0704
116.567 40.0708
116.563 40.0682
116.579 40.0625
116.579 40.0625
116.583 40.0615
116.583 40.0608
116.583 40.0603
116.582 40.0671
116.582 40.0677
116.581 40.0706
116.581 40.0707
116.581 40.0744
116.581 40.0746
116.583 40.0617
116.582 40.0593
116.582 40.0594
116.574 40.0603
116.549 40.0643
116.537 40.0552
116.519 40.0265
116.501 40.0058
116.492 40.0014
116.479 40.0073
116.479 40.0073
116.468 40.0038
116.468 40.0038
116.467 40.0008
116.467 39.9975
116.469 39.9965
116.464 39.9917
116.457 39.9851
116.461 39.9784
116.483 39.9527
116.484 39.901
116.483 39.8832
116.472 39.8831
116.472 39.8831
116.474 39.8702
116.474 39.8698
116.474 39.8693
116.474 39.8693
116.474 39.8691
116.474 39.8693
116.478 39.8696
116.462 39.875
116.45 39.8749
116.441 39.8748
116.447 39.8702
116.445 39.8747
116.45 39.8815
116.45 39.8815
116.45 39.881
116.45 39.8824
116.45 39.8829
116.45 39.8863
116.45 39.8863
116.455 39.892
116.454 39.892
116.454 39.8916
116.45 39.8918
116.447 39.8924
116.422 39.8993
116.419 39.9034
116.419 39.9033
116.421 39.9068
116.42 39.9177
116.426 39.9219
116.425 39.9207
116.427 39.9229
116.434 39.9225
116.434 39.9225
116.434 39.9225
116.44 39.9218
116.44 39.922
116.437 39.9226
116.438 39.9297
116.438 39.931
116.438 39.932
116.432 39.9453
116.433 39.946
116.437 39.9463
116.437 39.9463
116.444 39.9464
116.438 39.9401
116.438 39.9351
116.43 39.9325
116.437 39.8957
116.433 39.8923
116.434 39.888
116.435 39.8886
116.435 39.8888
116.428 39.936
116.443 39.9518
116.43 39.9761
116.476 40.0129
116.476 40.0126
116.477 40.0123
116.505 40.009
116.507 40.0108
116.506 40.0103
116.506 40.0101
116.506 40.0097
116.505 40.0094
116.502 40.0067
116.412 39.9141
116.429 39.9116
116.43 39.9118
116.429 39.9143
116.429 39.9155
116.429 39.9173
116.429 39.9186
116.428 39.9312
116.437 39.9322
116.443 39.9323
116.449 39.9323
116.457 39.9362
116.465 39.9508
116.473 39.9534
116.482 39.9567
116.482 39.9567
116.488 39.9607
116.484 39.9653
116.49 39.9707
116.489 39.9707
116.489 39.9707
116.488 39.9707
116.484 39.9708
116.46 39.9864
116.457 39.9951
116.453 39.9962
116.452 39.9963
116.452 39.9973
116.452 39.9977
116.454 39.9974
116.453 39.9966
116.453 39.9964
116.453 39.9963
116.453 39.996
116.456 39.9958
116.456 39.9958
116.461 39.996
116.465 39.9983
116.465 39.9982
116.469 40.0004
116.469 40.0006
116.468 40.0006
116.468 40.0006
116.468 40.0006
116.468 40.0006
116.457 39.9958
116.457 39.9958
116.453 39.9958
116.454 39.9956
116.457 39.9892
116.459 39.9872
116.476 39.9824
116.476 39.9826
116.482 39.9796
116.434 39.8925
116.414 39.8919
116.379 39.8883
116.37 39.8881
116.37 39.8882
116.369 39.8881
116.37 39.8921
116.37 39.8935
116.371 39.8937
116.372 39.8937
116.369 39.8949
116.369 39.898
116.371 39.898
116.374 39.8985
116.374 39.8985
116.384 39.899
116.388 39.8987
116.395 39.8989
116.405 39.8993
116.412 39.8996
116.421 39.8991
116.432 39.8982
116.432 39.8982
116.43 39.9029
116.43 39.9033
116.43 39.9037
116.43 39.904
116.43 39.9042
116.43 39.9058
116.428 39.9314
116.423 39.9322
116.401 39.932
116.385 39.932
116.379 39.9318
116.373 39.9303
116.374 39.9264
116.376 39.9264
116.387 39.932
116.387 39.932
116.394 39.932
116.402 39.932
116.403 39.934
116.407 39.9393
116.419 39.9396
116.438 39.9397
116.438 39.9397
116.438 39.9397
116.441 39.9397
116.444 39.9398
116.455 39.9508
116.453 39.9533
116.424 39.9682
116.405 39.9677
116.405 39.9687
116.405 39.9696
116.405 39.9714
116.407 39.9716
116.405 39.9717
116.405 39.9718
116.404 39.9697
116.401 39.9733
116.402 39.9789
116.414 39.9821
116.418 39.9844
116.443 39.983
116.448 39.9797
116.448 39.9793
116.451 39.9824
116.451 39.9824
116.455 39.9754
116.451 39.9545
116.451 39.954
116.452 39.9535
116.455 39.9498
116.455 39.9488
116.463 39.9442
116.466 39.9436
116.467 39.944
116.465 39.9507
116.463 39.9504
116.462 39.9558
116.46 39.9582
116.468 39.9659
116.468 39.9659
116.477 39.9756
116.476 39.9759
116.472 39.9787
116.467 39.9823
116.467 39.9823
116.462 39.9897
116.462 40.0033
116.462 40.0069
116.461 40.0118
116.469 40.0005
116.469 40.0005
116.47 40.0006
116.481 39.9881
116.427 39.9429
116.427 39.9429
116.427 39.9421
116.427 39.9416
116.427 39.9409
116.427 39.9396
116.428 39.9388
116.428 39.9375
116.428 39.9301
116.428 39.9288
116.428 39.9286
116.428 39.927
116.428 39.9264
116.428 39.9239
116.427 39.9231
116.422 39.9231
116.422 39.9231
116.42 39.9231
116.42 39.9211
116.42 39.9157
116.42 39.9148
116.42 39.9112
116.421 39.9105
116.421 39.9094
116.421 39.9081
116.421 39.9048
116.418 39.9068
116.428 39.907
116.429 39.9069
116.437 39.9119
116.449 39.912
116.453 39.9121
116.471 39.9123
116.475 39.9142
116.482 39.9143
116.483 39.9143
116.483 39.9143
116.494 39.9218
116.496 39.9219
116.496 39.9267
116.498 39.927
116.498 39.927
116.498 39.9272
116.498 39.9288
116.498 39.9288
116.498 39.9301
116.496 39.9346
116.493 39.9341
116.486 39.9372
116.486 39.9363
116.473 39.9145
116.467 39.9147
116.459 39.9165
116.444 39.9156
116.444 39.9209
116.444 39.9316
116.444 39.9459
116.433 39.9533
116.433 39.9581
116.44 39.9609
116.438 39.9632
116.44 39.9695
116.44 39.9695
116.445 39.9754
116.449 39.9791
116.452 39.9875
116.453 39.9877
116.456 39.9885
116.461 39.9959
116.461 39.9959
116.469 40.0005
116.469 40.0006
116.469 40.0006
116.47 40.0007
116.47 40.0007
116.471 40.0008
116.469 39.9921
116.472 39.9869
116.467 39.9829
116.484 39.913
116.485 39.9097
116.487 39.9096
116.487 39.9092
116.488 39.908
116.486 39.9367
116.486 39.9367
116.535 40.0535
116.535 40.0535
116.519 40.0318
116.517 40.0317
116.514 40.0314
116.515 40.0315
116.515 40.0315
116.515 40.0315
116.514 40.0165
116.45 39.9325
116.45 39.9325
116.456 39.9344
116.456 39.9344
116.456 39.9379
116.462 39.9497
116.46 39.9584
116.436 39.9584
116.436 39.9584
116.429 39.9582
116.418 39.9581
116.418 39.958
116.418 39.958
116.451 39.9871
116.46 39.9958
116.46 39.9958
116.469 40.0005
116.469 40.0005
116.478 39.9898
116.479 39.9896
116.478 39.9901
116.467 39.9975
116.467 39.9974
116.467 39.9974
116.469 40.0007
116.468 40.0007
116.467 40.0005
116.467 40.0005
116.469 40.0005
116.468 40.0007
116.468 39.9968
116.482 39.9879
116.448 39.956
116.438 39.8715
116.355 39.8697
116.355 39.8697
116.356 39.8717
116.356 39.8717
116.357 39.8718
116.357 39.8718
116.358 39.8765
116.357 39.885
116.357 39.8878
116.357 39.8922
116.357 39.8978
116.372 39.9062
116.37 39.9074
116.372 39.913
116.372 39.9138
116.371 39.9132
116.363 39.9129
116.354 39.9127
116.354 39.9127
116.352 39.9076
116.352 39.9076
116.359 39.9126
116.362 39.9126
116.367 39.9132
116.367 39.9172
116.392 39.9319
116.403 39.9341
116.402 39.9342
116.402 39.9363
116.407 39.9393
116.441 39.9396
116.441 39.9396
116.442 39.9398
116.414 39.9478
116.416 39.9479
116.367 39.9476
116.363 39.9417
116.363 39.9415
116.363 39.9417
116.363 39.9417
116.363 39.9427
116.358 39.9437
116.365 39.9469
116.365 39.954
116.369 39.9565
116.373 39.9567
116.394 39.967
116.411 39.9675
116.473 39.98
116.476 39.9828
116.482 39.9873
116.501 40.0053
116.502 40.0067
116.503 40.0077
116.503 40.0078
116.502 40.0077
116.502 40.0077
116.502 40.0066
116.502 40.0064
116.473 40.0047
116.467 40.004
116.462 40.0003
116.462 39.9973
116.462 39.9965
116.457 39.9853
116.457 39.9851
116.431 39.9892
116.424 39.9923
116.418 39.9923
116.411 39.9939
116.411 40.0012
116.41 39.9973
116.404 39.9937
116.408 39.9894
116.408 39.9878
116.408 39.9878
116.401 39.9823
116.401 39.9758
116.401 39.961
116.402 39.9581
116.402 39.9443
116.402 39.9397
116.402 39.9397
116.407 39.9394
116.411 39.9365
116.411 39.935
116.411 39.9338
116.403 39.9322
116.403 39.934
116.403 39.9361
116.403 39.9363
116.403 39.9364
116.403 39.9368
116.402 39.9375
116.402 39.9389
116.402 39.9423
116.402 39.9472
116.402 39.9472
116.419 39.9546
116.419 39.9546
116.419 39.9537
116.415 39.9528
116.413 39.9526
116.412 39.9553
116.412 39.9553
116.412 39.9604
116.411 39.9607
116.404 39.9606
116.406 39.9673
116.412 39.9693
116.412 39.9703
116.411 39.9817
116.405 39.9838
116.411 39.985
116.411 39.985
116.404 39.9817
116.386 39.987
116.381 39.9925
116.381 39.9948
116.348 39.9858
116.342 39.9751
116.342 39.9743
116.341 39.9745
116.34 39.9747
116.342 39.9721
116.35 39.9467
116.339 39.9378
116.339 39.9378
116.337 39.9376
116.336 39.9388
116.337 39.9388
116.319 39.9451
116.311 39.9449
116.311 39.9553
116.301 39.9666
116.301 39.9667
116.302 39.9666
116.302 39.9666
116.302 39.9666
116.302 39.9666
116.302 39.9667
116.302 39.9667
116.301 39.9666
116.301 39.9666
116.302 39.9613
116.302 39.9613
116.302 39.9563
116.303 39.9526
116.303 39.9504
116.304 39.9112
116.302 39.8774
116.301 39.8798
116.3 39.8809
116.304 39.8852
116.304 39.901
116.305 39.9021
116.304 39.9025
116.304 39.9043
116.306 39.9055
116.306 39.9055
116.306 39.9065
116.305 39.9072
116.305 39.9076
116.304 39.9181
116.305 39.9224
116.304 39.9232
116.296 39.9228
116.283 39.923
116.254 39.9224
116.254 39.9209
116.254 39.9165
116.256 39.9165
116.258 39.9164
116.258 39.9164
116.258 39.9164
116.258 39.9164
116.264 39.9164
116.268 39.9164
116.269 39.9185
116.269 39.9185
116.27 39.9266
116.278 39.9311
116.284 39.9308
116.296 39.9316
116.296 39.932
116.298 39.935
116.298 39.9355
116.298 39.9357
116.298 39.9361
116.298 39.9362
116.321 39.9337
116.32 39.9338
116.316 39.9641
116.316 39.9641
116.327 39.9659
116.327 39.9667
116.323 39.9663
116.322 39.9662
116.321 39.9661
116.32 39.9661
116.313 39.971
116.319 39.9745
116.327 39.9749
116.328 39.9768
116.329 39.9794
116.329 39.9798
116.328 39.9806
116.328 39.9809
116.327 39.9814
116.327 39.9815
116.327 39.9844
116.296 39.9839
116.283 40.0007
116.273 40.0009
116.27 40.0014
116.264 40.0016
116.264 40.0018
116.263 40.002
116.26 40.0044
116.26 40.0044
116.272 40.0012
116.283 39.9979
116.288 39.9954
116.297 39.996
116.31 39.9916
116.326 39.9913
116.327 39.9856
116.338 39.9849
116.348 39.9851
116.348 39.9851
116.359 39.9854
116.359 39.9856
116.359 39.9856
116.359 39.992
116.359 39.992
116.347 39.992
116.337 39.9755
116.337 39.9755
116.335 39.9776
116.335 39.978
116.335 39.978
116.335 39.9778
116.339 39.9754
116.342 39.9723
116.343 39.9721
116.345 39.9719
116.346 39.9719
116.35 39.9464
116.35 39.9456
116.349 39.9332
116.35 39.9331
116.349 39.9319
116.349 39.9314
116.349 39.931
116.349 39.931
116.344 39.9313
116.338 39.9313
116.328 39.9312
116.322 39.9312
116.32 39.937
116.319 39.9446
116.319 39.9447
116.311 39.9466
116.308 39.9489
116.318 39.9473
116.319 39.9383
116.346 39.9373
116.346 39.9366
116.349 39.9355
116.349 39.9334
116.35 39.9239
116.35 39.9224
116.35 39.9224
116.35 39.9208
116.35 39.92
116.35 39.9164
116.35 39.9111
116.35 39.9105
116.35 39.9102
116.35 39.9096
116.35 39.9024
116.35 39.9024
116.35 39.9002
116.35 39.8989
116.343 39.8784
116.456 39.8925
116.456 39.9395
116.456 39.9472
116.461 39.9497
116.461 39.9497
116.461 39.9497
116.462 39.9499
116.457 39.9484
116.455 39.9478
116.455 39.9412
116.456 39.9106
116.455 39.895
116.455 39.8941
116.455 39.8931
116.455 39.893
116.457 39.894
116.458 39.8939
116.458 39.8939
116.457 39.894
116.457 39.894
116.456 39.8948
116.456 39.9024
116.456 39.906
116.471 39.9067
116.484 39.9097
116.483 39.9113
116.483 39.9113
116.484 39.914
116.48 39.9142
116.476 39.9143
116.456 39.9212
116.456 39.9397
116.455 39.9332
116.456 39.9347
116.456 39.936
116.456 39.9395
116.455 39.9397
116.455 39.9397
116.455 39.9293
116.451 39.922
116.449 39.9221
116.447 39.9224
116.444 39.9222
116.444 39.9241
116.444 39.9246
116.444 39.9254
116.444 39.9319
116.444 39.9388
116.444 39.9394
116.443 39.9475
116.441 39.9488
116.441 39.9488
116.443 39.9534
116.431 39.9534
116.408 39.9578
116.393 39.9618
116.393 39.9633
116.392 39.9644
116.439 39.9626
116.483 39.9876
116.545 40.0264
116.579 40.0468
116.587 40.0789
116.587 40.0793
116.582 40.0767
116.582 40.0594
116.571 40.0606
116.559 40.0617
116.557 40.0621
116.555 40.0629
116.552 40.0795
116.592 40.1425
116.632 40.1647
116.636 40.2003
116.639 40.2417
116.635 40.2807
116.642 40.3037
116.65 40.3152
116.65 40.3152
116.693 40.3268
116.742 40.3313
116.752 40.3347
116.747 40.3635
116.735 40.3904
116.728 40.389
116.728 40.3889
116.728 40.3894
116.729 40.3899
116.728 40.3889
116.728 40.3892
116.728 40.3892
116.727 40.388
116.727 40.3879
116.727 40.3875
116.736 40.3849
116.746 40.3516
116.744 40.3411
116.645 40.3079
116.633 40.2716
116.631 40.2634
116.643 40.2329
116.637 40.2186
116.636 40.1873
116.632 40.1651
116.586 40.1377
116.581 40.133
116.556 40.1077
116.549 40.0641
116.535 40.0537
116.528 40.0422
116.524 40.0342
116.506 40.0228
116.506 40.0228
116.499 40.0222
116.465 40.0205
116.462 40.0193
116.459 40.0072
116.461 40.0039
116.461 40.0007
116.46 39.9877
116.457 39.9852
116.46 39.9818
116.435 39.9477
116.419 39.9482
116.419 39.9465
116.419 39.9444
116.419 39.9399
116.42 39.9352
116.419 39.9327
116.42 39.9208
116.42 39.918
116.42 39.918
116.42 39.9145
116.423 39.9129
116.421 39.9132
116.42 39.9225
116.42 39.9316
116.42 39.932
116.419 39.9396
116.413 39.9396
116.412 39.9397
116.412 39.9396
116.406 39.9396
116.402 39.9438
116.402 39.9442
116.402 39.9456
116.402 39.9472
116.402 39.9602
116.401 39.9738
116.404 39.9815
116.408 39.9814
116.408 39.9802
116.411 39.9786
116.411 39.9786
116.411 39.9744
116.412 39.9682
116.455 39.9329
116.455 39.9329
116.449 39.9262
116.449 39.9262
116.406 39.9321
116.402 39.9389
116.402 39.9455
116.404 39.9454
116.404 39.9454
116.405 39.9455
116.405 39.9455
116.405 39.9455
116.404 39.9455
116.402 39.9454
116.402 39.9468
116.402 39.947
116.405 39.9475
116.428 39.9287
116.437 39.8964
116.434 39.8924
116.435 39.9104
116.435 39.91
116.435 39.9087
116.431 39.9074
116.435 39.9328
116.443 39.9323
116.444 39.9323
116.444 39.9323
116.454 39.9322
116.456 39.9324
116.455 39.9337
116.455 39.9337
116.455 39.9326
116.452 39.9323
116.45 39.9323
116.433 39.9397
116.421 39.9484
116.42 39.9484
116.42 39.9484
116.419 39.9508
116.419 39.9523
116.419 39.9556
116.42 39.9555
116.423 39.9554
116.423 39.955
116.419 39.9577
116.445 39.9586
116.49 39.9942
116.554 40.0292
116.554 40.0292
116.579 40.0469
116.589 40.0491
116.589 40.0485
116.589 40.048
116.589 40.0479
116.582 40.0481
116.57 40.0353
116.506 40.0078
116.483 39.9826
116.478 39.9751
116.477 39.9552
116.471 39.9531
116.47 39.9526
116.468 39.9521
116.466 39.9513
116.456 39.9481
116.45 39.9466
116.445 39.9462
116.44 39.9452
116.438 39.9453
116.436 39.947
116.433 39.9459
116.433 39.9459
116.418 39.9482
116.415 39.948
116.357 39.9444
116.326 39.9368
116.324 39.9329
116.327 39.9314
116.328 39.9171
116.324 39.9099
116.321 39.9097
116.318 39.9097
116.317 39.9097
116.315 39.8992
116.314 39.8955
116.314 39.8954
116.314 39.8949
116.314 39.8948
116.316 39.895
116.315 39.8991
116.315 39.9057
116.311 39.9062
116.304 39.9079
116.304 39.9199
116.314 39.931
116.304 39.9347
116.304 39.9347
116.306 39.9498
116.311 39.9503
116.311 39.9536
116.311 39.9547
116.311 39.9549
116.311 39.9551
116.311 39.9554
116.302 39.9609
116.283 39.9567
116.279 39.956
116.265 39.9555
116.265 39.9555
116.264 39.9554
116.267 39.9554
116.278 39.9559
116.293 39.9594
116.293 39.9582
116.297 39.9586
116.297 39.9586
116.297 39.9581
116.304 39.9212
116.314 39.895
116.314 39.8953
116.316 39.8946
116.316 39.8946
116.315 39.8989
116.311 39.9063
116.305 39.9078
116.304 39.9203
116.304 39.9216
116.305 39.9217
116.305 39.922
116.312 39.9221
116.313 39.9218
116.313 39.9218
116.316 39.9221
116.319 39.9222
116.304 39.9393
116.304 39.9393
116.306 39.9398
116.35 39.9387
116.352 39.9564
116.355 39.9565
116.355 39.9535
116.355 39.9523
116.355 39.9511
116.365 39.9501
116.366 39.9482
116.366 39.9482
116.389 39.9388
116.39 39.9385
116.39 39.9385
116.39 39.9364
116.39 39.9344
116.39 39.9339
116.396 39.932
116.402 39.9285
116.402 39.9286
116.403 39.9285
116.403 39.9261
116.404 39.9259
116.404 39.9233
116.406 39.9172
116.411 39.9149
116.411 39.9148
116.412 39.9052
116.412 39.9002
116.413 39.8861
116.414 39.8828
116.415 39.8561
116.408 39.8557
116.407 39.8557
116.38 39.8464
116.38 39.8465
116.381 39.8475
116.381 39.8508
116.381 39.8546
116.381 39.8546
116.381 39.8634
116.351 39.8671
116.351 39.9004
116.351 39.9123
116.343 39.8956
116.382 39.8648
116.38 39.8632
116.38 39.8635
116.381 39.8638
116.413 39.8695
116.44 39.8816
116.438 39.8963
116.438 39.8963
116.436 39.8977
116.429 39.9075
116.427 39.9097
116.427 39.9097
116.428 39.929
116.426 39.9485
116.433 39.9568
116.431 39.9534
116.43 39.9534
116.426 39.9582
116.419 39.958
116.419 39.958
116.412 39.9605
116.412 39.9622
116.412 39.9672
116.357 39.9665
116.302 39.9648
116.303 39.9685
116.303 39.9685
116.3 39.9808
116.311 39.9798
116.311 39.9798
116.311 39.9794
116.311 39.9823
116.315 39.991
116.335 40.0057
116.344 40.0063
116.346 40
116.347 39.9922
116.347 39.9602
116.35 39.9172
116.347 39.917
116.347 39.9171
116.338 39.9216
116.338 39.9218
116.328 39.9308
116.327 39.9348
116.305 39.9312
116.3 39.9644
116.296 39.9669
116.296 39.9702
116.552 40.0798
116.556 40.107
116.592 40.1422
116.636 40.1756
116.636 40.1756
116.641 40.2239
116.633 40.2743
116.636 40.285
116.673 40.325
116.69 40.3267
116.719 40.3273
116.744 40.3325
116.744 40.3325
116.746 40.3508
116.736 40.3849
116.728 40.3888
116.728 40.3892
116.727 40.3884
116.727 40.3884
116.728 40.3888
