116.473 40.0047
116.48 39.9892
116.465 39.9727
116.439 39.95
116.439 39.9411
116.428 39.9351
116.423 39.9284
116.424 39.9284
116.424 39.9284
116.424 39.9285
116.424 39.9285
116.424 39.9285
116.424 39.9285
116.424 39.9285
116.426 39.9295
116.426 39.9295
116.426 39.9295
116.426 39.9293
116.428 39.9341
116.437 39.9459
116.433 39.9533
116.444 39.959
116.437 39.9508
116.434 39.9525
116.429 39.9531
116.428 39.9563
116.43 39.9661
116.427 39.9685
116.42 39.9762
116.419 39.9821
116.417 39.9821
116.405 39.984
116.411 39.9736
116.412 39.97
116.413 39.9524
116.419 39.9504
116.419 39.9457
116.426 39.9396
116.43 39.9333
116.429 39.9159
116.432 39.8984
116.437 39.8702
116.421 39.8643
116.415 39.8745
116.454 39.8932
116.455 39.8926
116.455 39.8926
116.456 39.8991
116.456 39.9034
116.457 39.9059
116.457 39.9074
116.437 39.8965
116.437 39.87
116.401 39.8625
116.396 39.8641
116.393 39.8792
116.405 39.8869
116.413 39.892
116.413 39.8988
116.412 39.9064
116.405 39.9169
116.42 39.9228
116.431 39.923
116.442 39.9215
116.463 39.915
116.466 39.9121
116.456 39.9212
116.456 39.9322
116.44 39.9321
116.444 39.9322
116.455 39.9083
116.485 39.908
116.488 39.9099
116.484 39.9125
116.484 39.9027
116.483 39.8922
116.484 39.8807
116.469 39.8387
116.409 39.831
116.345 39.8299
116.335 39.8217
116.332 39.8218
116.331 39.8218
116.331 39.8218
116.331 39.8218
116.33 39.8209
116.33 39.8202
116.329 39.8057
116.321 39.7933
116.322 39.7928
116.325 39.7982
116.339 39.8158
116.34 39.8443
116.348 39.8641
116.348 39.8757
116.361 39.882
116.377 39.8879
116.406 39.8912
116.439 39.891
116.48 39.9045
116.48 39.9045
116.496 39.9217
116.511 39.9314
116.505 39.9374
116.484 39.942
116.444 39.9826
116.33 40.0356
116.32 40.0345
116.312 40.0364
116.299 40.0374
116.305 40.0347
116.334 40.0368
116.346 40.0142
116.346 39.9991
116.348 39.9821
116.329 39.9594
116.373 39.9569
116.36 39.9691
116.365 39.959
116.373 39.9471
116.36 39.9567
116.351 39.9636
116.35 39.9459
116.334 39.9372
116.319 39.9313
116.31 39.9309
116.332 39.9366
116.326 39.9329
116.323 39.9373
116.367 39.9472
116.414 39.9471
116.428 39.9393
116.428 39.9375
116.376 39.9478
116.385 39.9619
116.388 39.9417
116.4 39.9248
116.428 39.9222
116.436 39.9226
116.542 39.9225
116.542 39.9225
116.577 39.929
116.554 39.9231
116.517 39.9228
116.486 39.9219
116.467 39.9288
116.455 39.9291
116.452 39.9268
116.452 39.9271
116.452 39.9271
116.452 39.9268
116.452 39.9273
116.452 39.9269
116.477 39.9323
116.499 39.9313
116.446 39.9325
116.446 39.9325
116.43 39.9393
116.434 39.9395
116.434 39.9396
116.434 39.9397
116.434 39.9396
116.434 39.9395
116.433 39.9388
116.433 39.9388
116.434 39.9398
116.434 39.9399
116.434 39.9397
116.434 39.9404
116.434 39.9406
116.434 39.9394
116.434 39.9398
116.434 39.9395
116.434 39.94
116.433 39.9402
116.434 39.9396
116.44 39.9336
116.433 39.9396
116.438 39.9357
116.449 39.9346
116.444 39.9314
116.449 39.9324
116.455 39.9285
116.434 39.9395
116.434 39.9396
116.434 39.9395
116.433 39.9396
116.433 39.9396
116.434 39.9396
116.434 39.9396
116.434 39.9393
116.433 39.9397
116.433 39.9397
116.434 39.9398
116.434 39.9396
116.434 39.94
116.434 39.9399
116.454 39.9398
116.455 39.8868
116.413 39.8558
116.394 39.8426
116.396 39.8161
116.391 39.7897
116.39 39.7951
116.396 39.825
116.397 39.8515
116.408 39.8593
116.394 39.865
116.394 39.865
116.38 39.8692
116.379 39.8877
116.351 39.9053
116.342 39.9378
116.349 39.9383
116.349 39.9314
116.348 39.897
116.348 39.897
116.32 39.8959
116.317 39.8986
116.319 39.9041
116.328 39.9056
116.329 39.9191
116.337 39.9269
116.318 39.9508
116.296 39.9441
116.279 39.9496
116.296 39.9587
116.31 39.9557
116.329 39.9562
116.348 39.9785
116.363 39.9759
116.364 39.9671
116.395 39.9672
116.411 39.9676
116.427 39.9681
116.442 39.9624
116.444 39.9744
116.448 39.9789
116.466 39.9928
116.481 40.004
116.489 40.0132
116.5 40.023
116.501 40.0231
116.5 40.0235
116.501 40.0231
116.499 40.0243
116.522 40.0402
116.525 40.0379
116.525 40.0379
116.525 40.0379
116.525 40.0379
116.525 40.0379
116.525 40.0379
116.523 40.0321
116.489 40.0213
116.486 40.0083
116.477 40.0057
116.477 40.0056
116.477 40.0056
116.477 40.0056
116.468 40.01
116.461 40.0047
116.46 39.9873
116.481 39.9947
116.481 39.9954
116.481 39.9953
116.467 39.9941
116.462 39.985
116.482 39.9698
116.485 39.9624
116.465 39.951
116.458 39.9573
116.462 39.9489
116.462 39.9489
116.466 39.9338
116.467 39.9341
116.467 39.934
116.466 39.9343
116.463 39.9435
116.462 39.9553
116.462 39.9542
116.462 39.9542
116.462 39.9502
116.468 39.9363
116.456 39.9326
116.455 39.918
116.451 39.913
116.445 39.9143
116.444 39.9148
116.444 39.9149
116.435 39.9207
116.428 39.9273
116.447 39.9549
116.484 39.9826
116.488 39.9846
116.484 39.9864
116.479 39.9896
116.463 39.9873
116.472 39.9973
116.478 40.0086
116.474 40.0104
116.474 40.0103
116.474 40.0103
116.465 40.0104
116.45 39.9958
116.424 39.9896
116.398 39.9872
116.349 39.9858
116.344 39.9753
116.34 39.9736
116.329 39.9753
116.324 39.9663
116.304 39.9424
116.304 39.9286
116.304 39.914
116.304 39.9022
116.304 39.8582
116.302 39.8567
116.288 39.85
116.277 39.8578
116.304 39.8965
116.306 39.9055
116.304 39.9168
116.322 39.9218
116.328 39.9194
116.328 39.9132
116.335 39.9059
116.337 39.9031
116.336 39.8969
116.347 39.8965
116.347 39.8965
116.354 39.8949
116.356 39.8949
116.357 39.891
116.357 39.8895
116.357 39.886
116.358 39.8771
116.367 39.8771
116.375 39.8802
116.369 39.8773
116.358 39.8671
116.358 39.8676
116.358 39.8746
116.368 39.8701
116.389 39.871
116.395 39.8754
116.387 39.8844
116.391 39.8896
116.423 39.8921
116.433 39.8946
116.424 39.8961
116.421 39.8993
116.421 39.9034
116.421 39.9034
116.421 39.9034
116.422 39.9034
116.422 39.9035
116.438 39.8959
116.415 39.87
116.415 39.87
116.407 39.8558
116.358 39.854
116.353 39.851
116.353 39.8322
116.362 39.8445
116.37 39.8491
116.381 39.8544
116.394 39.8447
116.396 39.8177
116.408 39.8557
116.422 39.8569
116.46 39.8749
116.469 39.883
116.476 39.8993
116.48 39.8987
116.48 39.8987
116.472 39.9028
116.452 39.9072
116.444 39.9144
116.44 39.922
116.428 39.9278
116.417 39.9397
116.391 39.9395
116.388 39.9321
116.374 39.9354
116.374 39.9354
116.374 39.9354
116.374 39.9354
116.374 39.9467
116.374 39.9467
116.377 39.9666
116.374 39.9672
116.366 39.9971
116.381 39.9951
116.375 39.9317
116.371 39.929
116.376 39.9064
116.381 39.8809
116.381 39.8562
116.381 39.8555
116.408 39.8636
116.427 39.8962
116.437 39.9058
116.471 39.9073
116.472 39.925
116.466 39.949
116.476 39.9667
116.49 39.9706
116.489 39.9705
116.489 39.9705
116.489 39.9704
116.489 39.9704
116.489 39.9704
116.489 39.9704
116.489 39.9704
116.489 39.9704
116.489 39.9704
116.489 39.9704
116.489 39.9704
116.489 39.9704
116.489 39.9704
116.489 39.9704
116.489 39.9704
116.489 39.9704
116.489 39.9704
116.489 39.9704
116.489 39.9704
116.489 39.9704
116.489 39.9704
116.489 39.9704
116.489 39.9704
116.489 39.9704
116.489 39.9704
116.489 39.9704
116.489 39.9704
116.489 39.9704
116.489 39.9704
116.489 39.9704
116.489 39.9704
116.489 39.9704
116.489 39.9704
116.489 39.9704
116.489 39.9704
116.489 39.9704
116.489 39.9704
116.489 39.9704
116.489 39.9704
116.489 39.9704
116.489 39.9704
116.489 39.9704
116.489 39.9704
116.489 39.9704
116.489 39.9704
116.489 39.9704
116.489 39.9704
116.489 39.9704
116.489 39.9704
116.489 39.9704
116.489 39.9704
116.489 39.9704
116.489 39.9704
116.489 39.9704
116.489 39.9704
116.489 39.9704
116.489 39.9704
116.489 39.9704
116.489 39.9704
116.489 39.9704
116.489 39.9704
116.489 39.9704
116.489 39.9704
116.489 39.9704
116.489 39.9704
116.489 39.9704
116.489 39.9704
116.489 39.9706
116.482 39.9569
116.468 39.9444
116.466 39.9331
116.466 39.9331
116.465 39.9336
116.465 39.9327
116.466 39.934
116.461 39.9325
116.465 39.9069
116.478 39.8992
116.48 39.8984
116.48 39.8984
116.48 39.8985
116.477 39.8992
116.472 39.906
116.469 39.9091
116.452 39.9163
116.471 39.9142
116.484 39.9144
116.498 39.9271
116.49 39.9282
116.485 39.9219
116.47 39.9102
116.458 39.9124
116.452 39.9144
116.452 39.9143
116.454 39.9122
116.441 39.922
116.438 39.9211
116.444 39.9073
116.455 39.8839
116.45 39.8743
116.45 39.8743
116.456 39.8993
116.452 39.9079
116.455 39.912
116.456 39.9381
116.46 39.958
116.477 39.9758
116.468 39.9892
116.462 40.0038
116.431 40.0325
116.444 40.0199
116.459 40.0193
116.461 40.0115
116.483 40.0074
116.489 40.0147
116.498 40.0272
116.521 40.0333
116.526 40.0382
116.525 40.0377
116.525 40.0377
116.525 40.0377
116.525 40.0377
116.525 40.0377
116.525 40.0377
116.525 40.0377
116.525 40.0377
116.525 40.0352
116.505 40.0267
116.489 40.0141
116.479 40.0067
116.466 40.0006
116.457 39.992
116.471 39.9783
116.446 39.9565
116.43 39.9676
116.467 39.9734
116.52 40.0174
116.579 40.0471
116.587 40.0786
116.581 40.0766
116.582 40.0593
116.576 40.0416
116.545 40.0252
116.507 40.0091
116.484 39.987
116.484 39.9426
116.465 39.9325
116.46 39.9281
116.451 39.9325
116.438 39.9398
116.449 39.9498
116.449 39.9498
116.453 39.9529
116.448 39.9469
116.444 39.9373
116.444 39.9207
116.441 39.9164
116.435 39.9162
116.444 39.9119
116.466 39.912
116.478 39.9139
116.472 39.9071
116.452 39.9109
116.421 39.9089
116.418 39.9141
116.427 39.9243
116.434 39.9225
116.44 39.9173
116.431 39.9231
116.418 39.9231
116.411 39.9238
116.423 39.9322
116.428 39.9326
116.426 39.9532
116.433 39.9536
116.441 39.9617
116.423 39.9683
116.408 39.9678
116.375 39.967
116.36 39.9706
116.36 39.9756
116.359 39.9801
116.359 39.9801
116.359 39.9802
116.359 39.9802
116.359 39.9763
116.339 39.9752
116.328 39.9752
116.315 39.9665
116.319 39.9749
116.332 39.9751
116.358 39.9753
116.36 39.9753
116.363 39.9766
116.364 39.9614
116.356 39.951
116.365 39.9473
116.349 39.9545
116.328 39.9563
116.312 39.952
116.318 39.9502
116.339 39.9444
116.337 39.936
116.33 39.9268
116.329 39.9269
116.32 39.9269
116.314 39.9298
116.32 39.9346
116.339 39.9376
116.357 39.9433
116.374 39.9471
116.414 39.974
116.391 39.987
116.382 39.9757
116.388 39.9766
116.402 39.9584
116.39 39.9359
116.393 39.9448
116.402 39.944
116.428 39.9377
116.434 39.934
116.434 39.9268
116.43 39.9318
116.452 39.9321
116.446 39.9584
116.434 39.957
116.437 39.9642
116.449 39.9792
116.464 39.9911
116.471 39.9869
116.471 39.9869
116.482 39.9719
116.495 39.9588
116.494 39.959
116.481 39.9567
116.483 39.9076
116.427 39.9038
116.416 39.9015
116.412 39.9037
116.405 39.9074
116.412 39.905
116.441 39.9022
116.455 39.8834
116.466 39.8816
116.486 39.8807
116.494 39.8631
116.494 39.8681
116.185 39.7978
116.466 39.8832
116.456 39.8936
116.44 39.9069
116.454 39.9042
116.443 39.898
116.455 39.8932
116.459 39.8935
116.456 39.9062
116.449 39.9038
116.438 39.8944
116.438 39.8944
116.43 39.9027
116.435 39.9182
116.437 39.921
116.437 39.9212
116.437 39.9213
116.432 39.921
116.448 39.9256
116.428 39.9222
116.402 39.9457
116.411 39.9327
116.411 39.9141
116.433 39.9227
116.441 39.9254
116.441 39.9254
116.44 39.9256
116.438 39.9256
116.438 39.9259
116.438 39.9259
116.438 39.9269
116.438 39.9271
116.437 39.9285
116.438 39.9285
116.437 39.9288
116.437 39.9288
116.427 39.9402
116.427 39.9402
116.43 39.9389
116.438 39.9379
116.451 39.9311
116.452 39.927
116.452 39.9272
116.452 39.9272
116.452 39.9272
116.452 39.9272
116.449 39.928
116.449 39.9462
116.444 39.936
116.448 39.9356
116.445 39.9324
116.433 39.9399
116.433 39.9402
116.433 39.9395
116.433 39.9396
116.434 39.9403
116.433 39.9403
116.433 39.94
116.433 39.9398
116.433 39.9403
116.433 39.9396
116.433 39.9396
116.433 39.9398
116.433 39.9395
116.433 39.9397
116.433 39.9397
116.433 39.9397
116.433 39.9396
116.433 39.9396
116.433 39.9397
116.433 39.94
116.434 39.9397
116.433 39.9397
116.433 39.9395
116.433 39.9395
116.433 39.9396
116.433 39.9396
116.433 39.9396
116.433 39.9396
116.433 39.9397
116.433 39.9396
116.433 39.9397
116.433 39.9396
116.433 39.9395
116.434 39.9396
116.433 39.9394
116.433 39.9399
116.433 39.9397
116.433 39.9395
116.434 39.9395
116.44 39.9351
116.431 39.9398
116.431 39.9398
116.433 39.9411
116.427 39.9398
116.423 39.9324
116.42 39.9187
116.417 39.9028
116.416 39.9142
116.426 39.918
116.42 39.9207
116.42 39.9207
116.424 39.928
116.424 39.9284
116.424 39.9284
116.424 39.9284
116.424 39.9285
116.424 39.9285
116.424 39.9285
116.424 39.9284
116.424 39.9284
116.424 39.9284
116.424 39.9284
116.424 39.9286
116.424 39.9286
116.424 39.9286
116.423 39.9322
116.425 39.9076
116.426 39.9074
116.42 39.9223
116.42 39.9265
116.42 39.9265
116.419 39.9527
116.412 39.9609
116.404 39.9676
116.348 39.9663
116.314 39.9686
116.312 39.9745
116.316 39.9659
116.304 39.945
116.295 39.9232
116.306 39.9268
116.321 39.9268
116.331 39.9269
116.344 39.9305
116.35 39.9405
116.379 39.9473
116.396 39.9475
116.443 39.9517
116.476 39.9919
116.484 40.0056
116.489 40.0171
116.5 40.0229
116.498 40.0276
116.524 40.04
116.525 40.038
116.526 40.038
116.526 40.038
116.525 40.038
116.525 40.038
116.51 40.0332
116.511 40.0332
116.51 40.0335
116.535 40.0534
116.535 40.0626
116.536 40.0618
116.534 40.064
116.532 40.0494
116.51 40.0337
116.505 40.0298
116.498 40.0221
116.465 40.0215
116.462 40.0195
116.457 40.012
116.457 40.012
116.456 40.0125
116.457 40.0111
116.44 40.0178
116.432 40.0203
116.412 40.0311
116.411 40.0586
116.417 40.0727
116.42 40.0729
116.409 40.0567
116.4 40.0528
116.399 40.046
116.409 40.0272
116.409 40.0275
116.409 40.0267
116.409 40.0267
116.409 40.027
116.413 40.0234
116.396 40.0084
116.366 40.0104
116.36 40.0218
116.375 40.0004
116.381 39.9993
116.379 39.9951
116.394 40.0034
116.409 40.0079
116.411 39.9977
116.392 39.9871
116.38 40.0035
116.378 40.0015
116.378 39.997
116.381 39.9806
116.39 39.9671
116.437 39.9637
116.437 39.9636
116.439 39.9601
116.433 39.9586
116.412 39.9633
116.408 39.9679
116.367 39.9668
116.365 39.9566
116.365 39.9507
116.365 39.9496
116.365 39.9496
116.365 39.9496
116.365 39.9496
116.349 39.9533
116.359 39.9808
116.36 39.9776
116.347 39.9845
116.347 40.0008
116.347 40.0008
116.343 40.0063
116.345 40.0138
116.345 39.9921
116.334 39.9864
116.334 39.9864
116.334 39.9864
116.334 39.9864
116.334 39.9864
116.374 39.9862
116.414 39.9872
116.414 39.9975
116.414 39.9928
116.411 39.9916
116.412 39.9687
116.418 39.982
116.419 39.965
116.411 39.9498
116.419 39.9372
116.442 39.9323
116.444 39.922
116.444 39.9144
116.444 39.9161
116.466 39.9074
116.459 39.9072
116.455 39.8941
116.455 39.8775
116.443 39.8803
116.443 39.8803
116.455 39.8702
116.425 39.8608
116.421 39.8528
116.423 39.8567
116.424 39.8682
116.438 39.8854
116.439 39.8973
116.414 39.8918
116.379 39.8882
116.352 39.8881
116.308 39.8956
116.328 39.8961
116.328 39.896
116.323 39.9011
116.333 39.9158
116.35 39.9206
116.367 39.9226
116.374 39.9321
116.373 39.955
116.389 39.9582
116.373 39.95
116.361 39.9391
116.359 39.9315
116.346 39.9269
116.339 39.931
116.35 39.9046
116.376 39.9058
116.376 39.9058
116.417 39.9067
116.418 39.9065
116.418 39.9067
116.428 39.9336
116.438 39.9498
116.468 39.9753
116.487 39.9926
116.544 40.0592
116.555 40.099
116.584 40.1352
116.62 40.1581
116.63 40.1636
116.642 40.2106
116.692 40.2115
116.746 40.2108
116.782 40.2445
116.807 40.3114
116.837 40.3434
116.875 40.3281
116.876 40.3073
116.876 40.3074
116.876 40.3074
116.876 40.3074
116.876 40.3074
116.876 40.3074
116.876 40.3074
116.876 40.3074
116.876 40.3074
116.876 40.3074
116.876 40.3074
116.876 40.3074
116.876 40.3074
116.876 40.3074
116.876 40.3074
116.876 40.3074
116.876 40.3074
116.876 40.3074
116.876 40.3074
116.876 40.3074
116.876 40.3074
116.876 40.3074
116.876 40.3074
116.876 40.3074
116.876 40.3074
116.876 40.3074
116.876 40.3074
116.876 40.3074
116.876 40.3074
116.876 40.3074
116.876 40.3074
116.876 40.3074
116.876 40.3074
116.876 40.3074
116.876 40.3074
116.876 40.3074
116.876 40.3074
116.876 40.3074
116.876 40.3074
116.876 40.3074
116.876 40.3074
116.876 40.3074
116.876 40.3074
116.876 40.3074
116.876 40.3074
116.876 40.3074
116.876 40.3074
116.876 40.3074
116.876 40.3074
116.876 40.3074
116.876 40.3074
116.876 40.3074
116.876 40.3074
116.876 40.3074
116.876 40.3074
116.876 40.3074
116.876 40.3074
116.876 40.3074
116.876 40.3074
116.876 40.3074
116.876 40.3074
116.876 40.3074
116.876 40.3074
116.876 40.3074
116.876 40.3074
116.876 40.3074
116.876 40.3074
116.876 40.3074
116.876 40.3074
116.876 40.3074
116.876 40.3074
116.876 40.3074
116.876 40.3074
116.876 40.3074
116.876 40.3074
116.876 40.3074
116.876 40.3074
116.876 40.3074
116.876 40.3074
116.876 40.3074
116.876 40.3074
116.876 40.3074
116.876 40.3074
116.876 40.3074
116.876 40.3074
116.876 40.3074
116.876 40.3074
116.876 40.3074
116.876 40.3074
116.876 40.3074
116.876 40.3074
116.876 40.3074
116.876 40.3074
116.876 40.3074
116.876 40.3074
116.876 40.3074
116.876 40.3074
116.876 40.3074
116.876 40.3073
116.876 40.3075
116.876 40.3074
116.876 40.3074
116.876 40.3074
116.876 40.3074
116.876 40.3074
116.876 40.3074
116.876 40.3074
116.876 40.3074
116.876 40.3074
116.876 40.3073
116.876 40.3073
116.876 40.3073
116.876 40.3073
116.876 40.3075
116.876 40.3075
116.876 40.3075
116.876 40.3075
116.876 40.3073
116.876 40.3074
116.876 40.3074
116.876 40.3074
116.876 40.3074
116.876 40.3074
116.876 40.3074
116.876 40.3074
116.876 40.3074
116.876 40.3074
116.876 40.3074
116.876 40.3074
116.876 40.3074
116.876 40.3073
116.876 40.3074
116.876 40.3074
116.876 40.3074
116.876 40.3074
116.876 40.3074
116.876 40.3074
116.876 40.3074
116.876 40.3074
116.876 40.3074
116.876 40.3074
116.876 40.3074
116.876 40.3074
116.876 40.3074
116.876 40.3074
116.876 40.3074
116.876 40.3074
116.876 40.3074
116.876 40.3074
116.876 40.3074
116.876 40.3074
116.876 40.3074
116.876 40.3074
116.876 40.3074
116.876 40.3074
116.876 40.3074
116.876 40.3074
116.876 40.3074
116.876 40.3074
116.876 40.3074
116.876 40.3074
116.876 40.3074
116.876 40.3074
116.876 40.3074
116.876 40.3074
116.876 40.3074
116.876 40.3074
116.876 40.3074
116.876 40.3074
116.876 40.3074
116.876 40.3073
116.876 40.3073
116.876 40.3074
116.876 40.3074
116.876 40.3074
116.876 40.3074
116.876 40.3074
116.876 40.3074
116.876 40.3074
116.876 40.3074
116.876 40.3074
116.876 40.3074
116.876 40.3074
116.876 40.3074
116.876 40.3074
116.876 40.3074
116.876 40.3074
116.876 40.3074
116.876 40.3074
116.876 40.3074
116.876 40.3074
116.876 40.3074
116.876 40.3074
116.876 40.3074
116.876 40.3074
116.876 40.3074
116.876 40.3074
116.876 40.3074
116.876 40.3074
116.876 40.3074
116.876 40.3074
116.876 40.3074
116.876 40.3074
116.876 40.3074
116.876 40.3074
116.876 40.3074
116.876 40.3074
116.876 40.3074
116.876 40.3074
116.876 40.3074
116.876 40.3074
116.876 40.3074
116.876 40.3074
116.876 40.3074
116.876 40.3074
116.876 40.3074
116.876 40.3074
116.876 40.3074
116.876 40.3074
116.876 40.3074
116.876 40.3074
116.876 40.3074
116.876 40.3074
116.876 40.3074
116.876 40.3074
116.876 40.3074
116.876 40.3073
116.876 40.3074
116.876 40.3074
116.876 40.3073
116.876 40.3074
116.876 40.3073
116.876 40.3073
116.876 40.3073
116.876 40.3073
116.876 40.3073
116.876 40.3073
116.876 40.3073
116.876 40.3073
116.876 40.3073
116.876 40.3073
116.876 40.3073
116.876 40.3073
116.876 40.3073
116.876 40.3073
116.876 40.3073
116.876 40.3073
116.876 40.3073
116.876 40.3073
116.876 40.3073
116.876 40.3073
116.876 40.3073
116.876 40.3073
116.876 40.3073
116.876 40.3073
116.876 40.3073
116.876 40.3073
116.876 40.3073
116.876 40.3073
116.876 40.3073
116.876 40.3073
116.876 40.3073
116.876 40.3073
116.876 40.3073
116.876 40.3073
116.876 40.3073
116.876 40.3073
116.876 40.3073
116.876 40.3073
116.876 40.3073
116.876 40.3073
116.876 40.3073
116.876 40.3073
116.876 40.3073
116.876 40.3073
116.876 40.3073
116.876 40.3073
116.876 40.3073
116.876 40.3073
116.876 40.3073
116.876 40.3073
116.876 40.3073
116.876 40.3073
116.876 40.3073
116.876 40.3073
116.876 40.3073
116.876 40.3073
116.876 40.3073
116.876 40.3074
116.876 40.3074
116.876 40.3074
116.876 40.3074
116.876 40.3074
116.876 40.3074
116.876 40.3074
116.876 40.3074
116.876 40.3074
116.876 40.3074
116.876 40.3074
116.876 40.3074
116.876 40.3073
116.876 40.3073
116.876 40.3073
116.876 40.3073
116.876 40.3073
116.876 40.3073
116.876 40.3073
116.876 40.3073
116.876 40.3073
116.876 40.3073
116.876 40.3073
116.876 40.3073
116.876 40.3073
116.876 40.3073
116.876 40.3074
116.876 40.3074
116.876 40.3074
116.876 40.3074
116.876 40.3074
116.876 40.3074
116.876 40.3074
116.876 40.3074
116.876 40.3074
116.876 40.3074
116.876 40.3074
116.876 40.3074
116.876 40.3074
116.876 40.3074
116.876 40.3074
116.876 40.3074
116.876 40.3074
116.876 40.3074
116.876 40.3074
116.876 40.3074
116.876 40.3074
116.876 40.3074
116.876 40.3074
116.876 40.3074
116.876 40.3074
116.876 40.3074
116.876 40.3074
116.876 40.3074
116.876 40.3074
116.876 40.3074
116.876 40.3074
116.876 40.3074
116.876 40.3074
116.876 40.3074
116.876 40.3074
116.876 40.3074
116.876 40.3074
116.876 40.3074
116.876 40.3074
116.876 40.3074
116.876 40.3074
116.876 40.3074
116.876 40.3074
116.876 40.3074
116.876 40.3074
116.876 40.3074
116.876 40.3074
116.876 40.3074
116.876 40.3074
116.876 40.3074
116.876 40.3074
116.876 40.3074
116.876 40.3074
116.876 40.3074
116.876 40.3074
116.876 40.3074
116.876 40.3074
116.876 40.3074
116.876 40.3074
116.876 40.3074
116.876 40.3074
116.876 40.3074
116.876 40.3074
116.876 40.3074
116.876 40.3074
116.876 40.3074
116.876 40.3074
116.876 40.3074
116.877 40.3074
116.876 40.3072
116.876 40.3074
116.876 40.3074
116.876 40.3072
116.876 40.3072
116.876 40.3073
116.876 40.3073
116.876 40.3073
116.876 40.3073
116.876 40.3073
116.876 40.3073
116.876 40.3073
116.876 40.3074
116.876 40.3074
116.876 40.3074
116.876 40.3076
116.876 40.3074
116.88 40.2993
116.877 40.3039
116.877 40.3039
116.869 40.3181
116.855 40.3413
116.841 40.3625
116.835 40.3749
116.839 40.3712
116.839 40.3711
116.839 40.3712
116.84 40.371
116.839 40.3711
116.839 40.3711
116.839 40.3711
116.839 40.3711
116.839 40.3711
116.839 40.3711
116.839 40.3711
116.839 40.3711
116.839 40.3711
116.839 40.3711
116.839 40.3711
116.839 40.3711
116.839 40.3711
116.84 40.3711
116.84 40.3715
116.84 40.3712
116.84 40.3713
116.84 40.3712
116.84 40.3712
116.84 40.3712
116.84 40.3712
116.84 40.3712
116.839 40.3712
116.84 40.3712
116.839 40.3588
116.841 40.3475
116.872 40.3295
116.87 40.3111
116.876 40.3073
116.876 40.3073
116.876 40.3073
116.876 40.3073
116.876 40.3073
116.876 40.3073
116.876 40.3073
116.876 40.3073
116.876 40.3073
116.876 40.3073
116.876 40.3073
116.876 40.3075
116.876 40.3073
116.876 40.3075
116.876 40.3075
116.876 40.3075
116.876 40.3074
116.876 40.3074
116.876 40.3074
116.876 40.3074
116.876 40.3074
116.876 40.3074
116.876 40.3074
116.876 40.3074
116.876 40.3074
116.876 40.3074
116.876 40.3074
116.876 40.3074
116.876 40.3074
116.876 40.3074
116.876 40.3074
116.876 40.3074
116.876 40.3074
116.876 40.3074
116.876 40.3074
116.876 40.3074
116.876 40.3074
116.876 40.3074
116.876 40.3074
116.876 40.3074
116.876 40.3074
116.876 40.3074
116.876 40.3074
116.876 40.3074
116.876 40.3074
116.876 40.3074
116.876 40.3074
116.876 40.3074
116.876 40.3074
116.876 40.3074
116.876 40.3074
116.876 40.3074
116.876 40.3074
116.876 40.3074
116.876 40.3074
116.876 40.3074
116.876 40.3074
116.876 40.3074
116.876 40.3074
116.876 40.3074
116.876 40.3074
116.876 40.3074
116.876 40.3074
116.876 40.3074
116.876 40.3074
116.876 40.3074
116.876 40.3074
116.876 40.3074
116.876 40.3074
116.876 40.3074
116.876 40.3074
116.876 40.3074
116.876 40.3074
116.876 40.3074
116.876 40.3074
116.876 40.3074
116.876 40.3074
116.876 40.3074
116.876 40.3074
116.876 40.3074
116.876 40.3074
116.876 40.3074
116.876 40.3074
116.876 40.3074
116.876 40.3074
116.876 40.3074
116.876 40.3074
116.876 40.3074
116.876 40.3074
116.876 40.3074
116.876 40.3074
116.876 40.3074
116.876 40.3074
116.876 40.3074
116.876 40.3074
116.876 40.3074
116.876 40.3074
116.876 40.3074
116.876 40.3074
116.876 40.3074
116.876 40.3074
116.876 40.3074
116.876 40.3074
116.876 40.3074
116.876 40.3074
116.876 40.3074
116.876 40.3074
116.876 40.3074
116.876 40.3074
116.876 40.3074
116.876 40.3074
116.876 40.3074
116.876 40.3074
116.876 40.3074
116.876 40.3074
116.876 40.3074
116.876 40.3074
116.876 40.3074
116.876 40.3074
116.876 40.3074
116.876 40.3074
116.876 40.3074
116.876 40.3074
116.876 40.3074
116.876 40.3074
116.876 40.3074
116.876 40.3074
116.876 40.3074
116.876 40.3074
116.876 40.3074
116.876 40.3074
116.876 40.3074
116.876 40.3074
116.876 40.3074
116.876 40.3074
116.876 40.3074
116.876 40.3074
116.876 40.3074
116.876 40.3074
116.876 40.3074
116.876 40.3074
116.876 40.3074
116.876 40.3074
116.876 40.3074
116.876 40.3074
116.876 40.3074
116.876 40.3074
116.876 40.3074
116.876 40.3074
116.876 40.3074
116.876 40.3074
116.876 40.3074
116.876 40.3074
116.876 40.3074
116.876 40.3074
116.876 40.3074
116.876 40.3074
116.876 40.3074
116.876 40.3074
116.876 40.3074
116.876 40.3074
116.876 40.3074
116.876 40.3074
116.876 40.3074
116.876 40.3074
116.876 40.3074
116.876 40.3074
116.876 40.3074
116.876 40.3074
116.876 40.3074
116.876 40.3074
116.876 40.3074
116.876 40.3074
116.876 40.3074
116.876 40.3074
116.876 40.3074
116.876 40.3074
116.876 40.3074
116.876 40.3074
116.876 40.3074
116.876 40.3073
116.876 40.3073
116.876 40.3073
116.876 40.3073
116.876 40.3073
116.876 40.3073
116.876 40.3073
116.876 40.3073
116.876 40.3073
116.876 40.3073
116.876 40.3074
116.876 40.3074
116.876 40.3074
116.876 40.3074
116.876 40.3074
116.876 40.3074
116.876 40.3074
116.876 40.3074
116.876 40.3074
116.876 40.3074
116.876 40.3074
116.876 40.3074
116.876 40.3074
116.876 40.3073
116.876 40.3073
116.876 40.3073
116.876 40.3073
116.876 40.3073
116.876 40.3073
116.876 40.3073
116.876 40.3073
116.876 40.3073
116.876 40.3073
116.876 40.3073
116.876 40.3073
116.876 40.3073
116.876 40.3073
116.876 40.3073
116.876 40.3073
116.876 40.3073
116.876 40.3073
116.876 40.3073
116.876 40.3073
116.876 40.3073
116.876 40.3073
116.876 40.3073
116.876 40.3073
116.876 40.3073
116.876 40.3073
116.876 40.3073
116.876 40.3073
116.876 40.3073
116.876 40.3073
116.876 40.307
116.876 40.3072
116.876 40.3072
116.876 40.3072
116.876 40.3072
116.876 40.3072
116.876 40.3073
116.876 40.3073
116.876 40.3073
116.876 40.3073
116.876 40.3073
116.876 40.3075
116.876 40.3075
116.876 40.3075
116.876 40.3075
116.876 40.3075
116.876 40.3075
116.876 40.3075
116.876 40.3075
116.876 40.3074
116.876 40.3074
116.876 40.3074
116.876 40.3074
116.876 40.3074
116.876 40.3074
116.876 40.3074
116.876 40.3074
116.876 40.3074
116.876 40.3074
116.876 40.3074
116.876 40.3073
116.876 40.3073
116.876 40.3073
116.876 40.3073
116.876 40.3073
116.876 40.3073
116.876 40.3073
116.876 40.3073
116.876 40.3073
116.876 40.3073
116.876 40.3073
116.876 40.3074
116.876 40.3074
116.876 40.3074
116.876 40.3074
116.876 40.3074
116.876 40.3074
116.876 40.3074
116.876 40.3074
116.876 40.3074
116.876 40.3074
116.876 40.3074
116.876 40.3074
116.876 40.3074
116.876 40.3074
116.876 40.3074
116.876 40.3074
116.876 40.3074
116.876 40.3074
116.876 40.3074
116.876 40.3074
116.876 40.3074
116.876 40.3074
116.876 40.3074
116.876 40.3074
116.876 40.3074
116.876 40.3074
116.876 40.3074
116.876 40.3074
116.876 40.3074
116.876 40.3074
116.876 40.3074
116.876 40.3076
116.876 40.3075
116.876 40.3075
116.876 40.3075
116.876 40.3074
116.876 40.3074
116.876 40.3074
116.876 40.3074
116.876 40.3074
116.876 40.3074
116.876 40.3074
116.876 40.3074
116.876 40.3074
116.876 40.3074
116.876 40.3073
116.876 40.3074
116.876 40.3074
116.876 40.3074
