116.421 39.8919
116.45 39.888
116.45 39.8847
116.462 39.883
116.464 39.8823
116.341 39.7428
116.464 39.8827
116.464 39.8827
116.464 39.8827
116.465 39.8828
116.465 39.8831
116.465 39.8827
116.465 39.8826
116.465 39.8829
116.465 39.883
116.465 39.8829
116.464 39.8828
116.464 39.8828
116.464 39.883
116.464 39.8826
116.464 39.883
116.464 39.8827
116.464 39.8826
116.464 39.8826
116.464 39.8825
116.464 39.8825
116.464 39.8825
116.464 39.8825
116.464 39.8826
116.465 39.8819
116.465 39.8825
116.465 39.8824
116.465 39.8817
116.465 39.8808
116.465 39.8809
116.465 39.8828
116.465 39.8832
116.465 39.8823
116.465 39.8823
116.465 39.8827
116.465 39.8826
116.465 39.8827
116.465 39.8825
116.465 39.8826
116.465 39.8827
116.465 39.8827
116.465 39.8827
116.464 39.8826
116.464 39.8827
116.465 39.8828
116.465 39.8827
116.465 39.8827
116.464 39.8828
116.464 39.8828
116.464 39.8827
116.466 39.883
116.483 39.8724
116.487 39.8269
116.528 39.8289
116.553 39.8095
116.583 39.8021
116.583 39.8021
116.587 39.8019
116.617 39.8203
116.614 39.8539
116.632 39.8715
116.65 39.8897
116.635 39.8976
116.646 39.9063
116.651 39.9114
116.652 39.9114
116.65 39.9209
116.631 39.9176
116.582 39.912
116.574 39.9185
116.55 39.923
116.518 39.9228
116.497 39.922
116.474 39.9218
116.472 39.9217
116.472 39.9117
116.471 39.9113
116.472 39.9059
116.445 39.9025
116.44 39.9023
116.437 39.8993
116.433 39.8924
116.434 39.8801
116.433 39.8696
116.431 39.8672
116.443 39.8747
116.46 39.8752
116.461 39.8829
116.471 39.88
116.471 39.8792
116.462 39.8722
116.462 39.8772
116.496 39.8754
116.51 39.8644
116.51 39.8644
116.499 39.8739
116.484 39.8768
116.484 39.8778
116.47 39.8832
116.456 39.8836
116.456 39.8836
116.429 39.8831
116.415 39.876
116.411 39.8685
116.438 39.871
116.457 39.883
116.465 39.8825
116.465 39.8826
116.465 39.8827
116.465 39.8829
116.465 39.8829
116.465 39.8828
116.465 39.8827
116.465 39.8821
116.465 39.883
116.465 39.8828
116.465 39.8828
116.465 39.8829
116.465 39.8826
116.465 39.8828
116.465 39.8827
116.465 39.8827
116.465 39.8827
116.465 39.8825
116.465 39.8825
116.465 39.8826
116.465 39.8826
116.465 39.8826
116.465 39.8826
116.465 39.8826
116.465 39.8826
116.465 39.8825
116.465 39.8826
116.465 39.8826
116.465 39.8826
116.465 39.8826
116.465 39.8826
116.465 39.8826
116.465 39.8826
116.465 39.8826
116.465 39.8826
116.465 39.8826
116.466 39.883
116.465 39.8827
116.465 39.8827
116.465 39.8827
116.465 39.8827
116.465 39.8827
116.465 39.883
116.465 39.8822
116.464 39.8829
116.465 39.8827
116.465 39.8827
116.465 39.8827
116.465 39.8827
116.465 39.8827
116.465 39.8827
116.465 39.8827
116.465 39.8828
116.465 39.8827
116.465 39.8827
116.465 39.8826
116.465 39.8827
116.465 39.8827
116.465 39.8827
116.465 39.8827
116.465 39.8827
116.465 39.8827
116.465 39.8827
116.465 39.8827
116.465 39.8829
116.465 39.8827
116.465 39.883
116.464 39.8829
116.465 39.8827
116.465 39.8827
116.464 39.8827
116.465 39.8827
116.465 39.8827
116.464 39.8832
116.464 39.8832
116.465 39.8827
116.464 39.8828
116.464 39.8828
116.465 39.8828
116.465 39.8829
116.465 39.8829
116.465 39.8826
116.465 39.8826
116.465 39.8828
116.465 39.8828
116.465 39.8827
116.465 39.8827
116.465 39.8827
116.465 39.8827
116.465 39.8828
116.465 39.8826
116.465 39.8826
116.465 39.8826
116.465 39.8819
116.465 39.8823
116.465 39.8827
116.465 39.8827
116.465 39.8822
116.465 39.8827
116.464 39.8829
116.465 39.8828
116.465 39.8829
116.465 39.8829
116.465 39.8826
116.465 39.8826
116.465 39.8827
116.465 39.8827
116.465 39.8827
116.465 39.8827
116.465 39.8826
116.465 39.8827
116.465 39.8827
116.465 39.8827
116.465 39.8827
116.465 39.8827
116.465 39.8826
116.465 39.8826
116.465 39.8827
116.465 39.8827
116.465 39.8827
116.467 39.8916
116.456 39.8922
116.445 39.8588
116.452 39.8638
116.408 39.8534
116.409 39.8412
116.409 39.8383
116.409 39.8437
116.414 39.8512
116.416 39.8636
116.429 39.9096
116.436 39.9323
116.442 39.9365
116.45 39.9323
116.461 39.9295
116.463 39.9192
116.471 39.9052
116.472 39.902
116.467 39.8922
116.462 39.8922
116.456 39.8922
116.459 39.883
116.459 39.883
116.46 39.8752
116.455 39.8877
116.455 39.8877
116.46 39.8756
116.46 39.8758
116.46 39.874
116.46 39.8755
116.46 39.8756
116.46 39.8757
116.46 39.8756
116.46 39.8757
116.46 39.8755
116.46 39.8754
116.46 39.8757
116.459 39.8757
116.459 39.8754
116.46 39.8755
116.459 39.8753
116.46 39.8755
116.46 39.8755
116.46 39.8754
116.459 39.8752
116.46 39.8757
116.46 39.8756
116.46 39.8756
116.46 39.8756
116.46 39.8757
116.46 39.8753
116.46 39.8752
116.459 39.8752
116.459 39.8752
116.459 39.8754
116.46 39.8755
116.459 39.8754
116.459 39.8754
116.459 39.8755
116.459 39.8757
116.459 39.8756
116.459 39.8756
116.459 39.8757
116.459 39.8757
116.46 39.8752
116.46 39.8752
116.46 39.8752
116.46 39.8752
116.46 39.8752
116.459 39.8758
116.46 39.8755
116.46 39.8754
116.46 39.8759
116.46 39.8759
116.46 39.8752
116.456 39.8807
116.462 39.8748
116.467 39.8729
116.48 39.8672
116.473 39.8782
116.485 39.8815
116.494 39.8764
116.494 39.8738
116.481 39.8709
116.479 39.8602
116.479 39.8602
116.479 39.8602
116.469 39.8573
116.468 39.8574
116.45 39.8627
116.461 39.8698
116.462 39.8785
116.455 39.8903
116.455 39.8884
116.464 39.907
116.474 39.9084
116.476 39.9086
116.476 39.9086
116.456 39.9114
116.456 39.9267
116.455 39.9513
116.416 39.968
116.381 39.967
116.351 39.9664
116.334 39.9665
116.328 39.9666
116.328 39.9741
116.326 39.9746
116.332 39.966
116.344 39.9662
116.37 39.9665
116.378 39.9862
116.41 39.9871
116.461 39.9708
116.503 40.0054
116.572 40.0393
116.572 40.0393
116.583 40.0514
116.587 40.0787
116.58 40.0765
116.582 40.0593
116.586 40.054
116.563 40.0315
116.556 40.0167
116.556 40.0167
116.564 39.9859
116.55 39.9697
116.541 39.9508
116.538 39.9159
116.46 39.8757
116.46 39.8757
116.46 39.8757
116.46 39.8757
116.46 39.8757
116.46 39.8757
116.46 39.8757
116.46 39.8757
116.46 39.8757
116.46 39.8757
116.46 39.8757
116.46 39.8756
116.46 39.8758
116.46 39.8758
116.46 39.8758
116.46 39.8758
116.46 39.8758
116.46 39.8758
116.46 39.8757
116.46 39.8757
116.46 39.8757
116.46 39.8757
116.46 39.8757
116.46 39.8757
116.46 39.8757
116.46 39.8757
116.46 39.8757
116.46 39.8758
116.46 39.8757
116.46 39.8759
116.46 39.876
116.46 39.8757
116.46 39.8757
116.46 39.8757
116.46 39.8757
116.46 39.8757
116.46 39.8757
116.46 39.8757
116.46 39.8757
116.46 39.8757
116.46 39.8757
116.46 39.8757
116.46 39.8757
116.46 39.8756
116.46 39.8756
116.46 39.8756
116.46 39.8756
116.46 39.8756
116.46 39.8756
116.46 39.8758
116.46 39.8757
116.46 39.8757
116.46 39.8758
116.46 39.8757
116.46 39.8758
116.46 39.8757
116.46 39.8757
116.46 39.8757
116.46 39.8757
116.46 39.8757
116.46 39.8758
116.46 39.8757
116.46 39.8758
116.46 39.8758
116.46 39.8757
116.46 39.8757
116.46 39.8757
116.46 39.8757
116.46 39.8757
116.46 39.8757
116.46 39.8756
116.46 39.8757
116.46 39.8757
116.46 39.8758
116.46 39.8758
116.46 39.8758
116.46 39.8758
116.46 39.8757
116.46 39.8757
116.46 39.8758
116.46 39.8758
116.46 39.8758
116.46 39.8758
116.46 39.8758
116.46 39.8757
116.46 39.8757
116.46 39.8757
116.46 39.8757
116.46 39.8757
116.46 39.8757
116.46 39.8757
116.46 39.8758
116.46 39.8758
116.46 39.8755
116.46 39.8758
116.46 39.8757
116.46 39.8757
116.46 39.8757
116.46 39.8757
116.46 39.8757
116.46 39.8757
116.46 39.8757
116.46 39.8757
116.46 39.8757
116.46 39.8757
116.46 39.8757
116.46 39.8757
116.46 39.8756
116.46 39.8756
116.46 39.8756
116.46 39.8758
116.459 39.8756
116.46 39.8757
116.46 39.8757
116.46 39.8755
116.46 39.8755
116.46 39.8758
116.46 39.8762
116.46 39.8758
116.46 39.876
116.46 39.8756
116.46 39.8757
116.46 39.8759
116.46 39.8757
116.46 39.8757
116.46 39.8757
116.46 39.8756
116.46 39.8758
116.46 39.8759
116.46 39.8757
116.46 39.8762
116.46 39.8762
116.46 39.8758
116.46 39.8755
116.458 39.883
116.462 39.874
116.455 39.8717
116.453 39.8924
116.43 39.8926
116.434 39.8852
116.446 39.8803
116.45 39.8801
116.455 39.8699
116.471 39.8681
116.466 39.8731
116.465 39.8817
116.465 39.8819
116.465 39.8819
116.465 39.8819
116.465 39.8819
116.465 39.8819
116.465 39.882
116.465 39.8818
116.46 39.8755
116.465 39.8815
116.465 39.8816
116.465 39.8816
116.465 39.8817
116.465 39.8817
116.465 39.8818
116.465 39.8818
116.465 39.8818
116.465 39.8821
116.465 39.882
116.465 39.8819
116.465 39.882
116.465 39.8817
116.465 39.8822
116.465 39.882
116.465 39.882
116.465 39.8822
116.466 39.8824
116.465 39.8819
116.465 39.8822
116.465 39.8821
116.465 39.882
116.466 39.8823
116.465 39.882
116.465 39.882
116.465 39.8819
116.465 39.8816
116.465 39.8822
116.465 39.882
116.465 39.8821
116.465 39.8819
116.465 39.8819
116.465 39.8818
116.465 39.8818
116.465 39.8817
116.465 39.8817
116.465 39.8811
116.465 39.8818
116.465 39.8817
116.465 39.8819
116.465 39.8818
116.465 39.882
116.465 39.8813
116.465 39.8812
116.465 39.8829
116.465 39.8831
116.471 39.8776
116.475 39.8658
116.466 39.8372
116.398 39.8313
116.398 39.8336
116.401 39.8392
116.394 39.8609
116.395 39.8762
116.399 39.8866
116.414 39.8845
116.409 39.8642
116.395 39.8641
116.394 39.8421
116.401 39.8396
116.408 39.8409
116.41 39.8409
116.411 39.841
116.41 39.841
116.409 39.8409
116.408 39.8475
116.408 39.8475
116.408 39.8542
116.449 39.8602
116.455 39.8679
116.455 39.8692
116.459 39.8919
116.471 39.8918
116.472 39.8957
116.484 39.8936
116.483 39.8861
116.484 39.8915
116.49 39.9065
116.491 39.9069
116.46 39.9125
116.46 39.9125
116.452 39.9174
116.452 39.9184
116.451 39.9194
116.451 39.9184
116.455 39.9181
116.456 39.9258
116.466 39.9725
116.517 40.0164
116.578 40.0456
116.583 40.0741
116.587 40.0776
116.581 40.0732
116.585 40.055
116.568 40.0334
116.552 40.021
116.565 39.9848
116.545 39.9697
116.513 39.9397
116.513 39.9397
116.496 39.9351
116.491 39.9219
116.482 39.9084
116.483 39.8923
116.472 39.8832
116.463 39.8822
116.465 39.8826
116.465 39.8826
116.465 39.8824
116.465 39.8825
116.465 39.8825
116.465 39.8826
116.465 39.8825
116.465 39.8826
116.465 39.8825
116.465 39.8828
116.465 39.8828
116.465 39.8823
116.465 39.8828
116.465 39.8828
116.465 39.8822
116.465 39.8826
116.465 39.8826
116.465 39.8826
116.465 39.8828
116.465 39.8826
116.465 39.8826
116.465 39.8826
116.465 39.8826
116.465 39.8825
116.466 39.8825
116.466 39.8826
116.465 39.8825
116.465 39.8828
116.465 39.8823
116.465 39.8824
116.465 39.8826
116.465 39.8827
116.465 39.8827
116.465 39.8825
116.465 39.8824
116.465 39.8826
116.465 39.8826
116.465 39.8826
116.465 39.8826
116.465 39.8826
116.465 39.8828
116.465 39.8827
116.465 39.8827
116.465 39.8824
116.465 39.8826
116.465 39.8825
116.465 39.8826
116.465 39.8826
116.465 39.8827
116.465 39.8825
116.465 39.8825
116.464 39.8821
116.464 39.8823
116.465 39.8824
116.465 39.8824
116.465 39.8825
116.465 39.8825
116.465 39.8824
116.465 39.8825
116.465 39.8826
116.465 39.8824
116.465 39.8824
116.465 39.8826
116.465 39.8824
116.465 39.8828
116.465 39.8827
116.465 39.8828
116.465 39.8829
116.465 39.8824
116.465 39.8821
116.465 39.8826
116.465 39.8826
116.465 39.8828
116.465 39.8829
116.465 39.8827
116.465 39.8827
116.465 39.8827
116.465 39.8827
116.465 39.8824
116.465 39.8827
116.465 39.8822
116.465 39.8823
116.465 39.8827
116.465 39.8827
116.465 39.8827
116.465 39.8827
116.465 39.8827
116.465 39.8827
116.465 39.8827
116.465 39.8826
116.465 39.8827
116.464 39.8829
116.465 39.8826
116.465 39.8826
116.465 39.8826
116.465 39.8826
116.465 39.8825
116.465 39.8826
116.465 39.8828
116.465 39.8828
116.465 39.8829
116.465 39.8829
116.465 39.8828
116.465 39.8828
116.465 39.8824
116.465 39.8824
116.465 39.8824
116.465 39.8823
116.465 39.8823
116.465 39.8823
116.465 39.8824
116.465 39.8825
116.465 39.8826
116.465 39.8826
116.465 39.8826
116.465 39.8826
116.465 39.8826
116.465 39.8826
116.465 39.8826
116.465 39.8827
116.465 39.8825
116.465 39.8826
116.465 39.8827
116.465 39.8826
116.465 39.8828
116.465 39.8828
116.465 39.8827
116.465 39.8828
116.465 39.8826
116.465 39.8826
116.465 39.8826
116.464 39.8827
116.466 39.883
116.469 39.8701
116.462 39.8727
116.455 39.8919
116.425 39.8924
116.395 39.891
116.369 39.8881
116.368 39.8875
116.359 39.877
116.358 39.8692
116.391 39.8701
116.44 39.8764
116.437 39.888
116.453 39.8924
116.457 39.8959
116.461 39.8985
116.456 39.8995
116.457 39.9068
116.455 39.9081
116.46 39.9122
116.472 39.9055
116.472 39.8996
116.472 39.9027
116.483 39.9034
116.483 39.8788
116.479 39.859
116.46 39.8596
116.462 39.87
116.472 39.8698
116.484 39.8805
116.472 39.8831
116.455 39.8773
116.453 39.8651
116.438 39.8571
116.455 39.8665
116.462 39.8773
116.464 39.8824
116.464 39.8826
116.465 39.8829
116.464 39.8827
116.464 39.8829
116.464 39.8829
116.464 39.8828
116.464 39.8828
116.466 39.883
116.453 39.9184
116.471 39.87
116.538 39.8682
116.538 39.8682
116.568 39.8739
116.605 39.878
116.617 39.875
116.615 39.8763
116.575 39.8744
116.543 39.8679
116.484 39.8789
116.484 39.9297
116.484 39.9297
116.484 39.9297
116.463 39.9707
116.44 39.9551
116.435 39.9528
116.435 39.9528
116.435 39.9528
116.435 39.9528
116.435 39.9528
116.435 39.9528
116.435 39.9527
116.437 39.9538
116.453 39.9528
116.462 39.957
116.467 39.9468
116.468 39.9443
116.472 39.9255
116.471 39.9104
116.472 39.9097
116.471 39.9065
116.471 39.903
116.46 39.892
116.455 39.8803
116.459 39.8747
116.461 39.8747
116.454 39.8682
116.453 39.8663
116.461 39.8593
116.483 39.8719
116.484 39.897
116.49 39.9066
116.471 39.9071
116.471 39.9041
116.471 39.8884
116.471 39.8884
116.471 39.8672
116.474 39.8518
116.491 39.8408
116.504 39.8444
116.504 39.8444
116.482 39.8441
116.471 39.8523
116.469 39.8525
116.47 39.8524
116.469 39.8567
116.466 39.8569
116.458 39.857
116.455 39.9119
116.47 39.9066
116.472 39.9013
116.483 39.8993
116.497 39.8957
116.497 39.897
116.484 39.8994
116.483 39.8831
116.456 39.8847
116.454 39.8864
116.454 39.8864
116.455 39.8862
116.455 39.8856
116.445 39.8833
116.419 39.8827
116.412 39.8988
116.412 39.8988
116.393 39.9051
116.393 39.9051
116.372 39.9059
116.37 39.9062
116.375 39.9108
116.38 39.9059
116.401 39.9096
116.4 39.9068
116.438 39.907
116.484 39.9145
116.469 39.9664
116.462 39.9889
116.462 40.0044
116.465 39.9905
116.468 39.9888
116.469 39.9865
116.462 39.9857
116.457 39.986
116.457 39.986
116.468 39.9813
116.468 39.9813
116.473 39.9713
116.483 39.9518
116.472 39.9289
116.472 39.9125
116.471 39.8935
116.464 39.8828
116.465 39.8828
116.465 39.8828
116.465 39.8824
116.465 39.8826
116.465 39.8826
116.465 39.8826
116.465 39.8826
116.465 39.8827
116.465 39.8827
116.466 39.883
116.465 39.8828
116.465 39.8827
116.465 39.8827
116.465 39.8827
116.465 39.8827
116.465 39.8827
116.465 39.8827
116.465 39.8827
116.465 39.8828
116.464 39.882
116.464 39.8819
116.465 39.8827
116.465 39.8825
116.465 39.8825
116.465 39.8825
116.465 39.8826
116.465 39.8826
116.465 39.8826
116.465 39.8828
116.465 39.8828
116.465 39.8827
116.465 39.8825
116.465 39.8826
116.465 39.8822
116.465 39.8825
116.465 39.8825
116.465 39.8824
116.465 39.8823
116.465 39.8828
116.465 39.8825
116.465 39.8824
116.464 39.8818
116.465 39.8827
116.465 39.8821
116.465 39.8825
116.465 39.8827
116.465 39.8828
116.465 39.8826
116.465 39.8826
116.465 39.8826
116.465 39.8826
116.465 39.8827
116.465 39.8828
116.465 39.8827
116.465 39.8826
116.465 39.8826
116.465 39.8828
116.465 39.8826
116.465 39.8827
116.465 39.8827
116.465 39.8827
116.465 39.8827
116.465 39.8826
116.465 39.8827
116.465 39.8827
116.465 39.8828
116.465 39.8826
116.464 39.8826
116.464 39.8828
116.464 39.8828
116.464 39.8828
116.464 39.8829
116.464 39.8828
116.464 39.8829
116.465 39.8828
116.465 39.8828
116.465 39.8828
116.465 39.8828
116.465 39.8828
116.465 39.8828
116.465 39.8827
116.465 39.8827
116.465 39.8828
116.465 39.8828
116.465 39.8828
116.465 39.8828
116.465 39.8827
116.465 39.8827
116.465 39.8827
116.465 39.8828
116.465 39.8828
116.465 39.8828
116.465 39.8821
116.465 39.8826
116.465 39.8827
116.465 39.8824
116.465 39.8827
116.465 39.8828
116.465 39.8828
116.465 39.8828
116.465 39.8828
116.465 39.8827
116.465 39.8827
116.465 39.8827
116.465 39.8827
116.465 39.8827
116.465 39.8827
116.465 39.8828
116.465 39.883
116.465 39.8828
116.465 39.8828
116.465 39.8827
116.465 39.8827
116.465 39.8827
116.465 39.8827
116.465 39.8827
116.465 39.8828
116.465 39.8828
116.465 39.8824
116.465 39.8826
116.465 39.8827
116.465 39.8827
116.465 39.8829
116.465 39.8828
116.466 39.8827
116.465 39.8827
116.465 39.8826
116.465 39.8829
116.465 39.8828
116.465 39.8828
116.464 39.8828
116.465 39.8801
116.471 39.8787
116.471 39.8919
116.472 39.9063
116.472 39.9211
116.472 39.9211
116.472 39.9211
116.468 39.9258
116.476 39.9268
116.491 39.9145
116.499 39.9148
116.484 39.9141
116.485 39.9023
116.498 39.8694
116.522 39.8462
116.522 39.8472
116.508 39.8662
116.487 39.88
116.484 39.9204
116.492 39.9221
116.492 39.9221
116.49 39.922
116.472 39.9186
116.455 39.9241
116.435 39.9653
116.381 39.9671
116.342 39.9665
116.342 39.9665
116.363 39.9663
116.359 39.9511
116.364 39.9565
116.366 39.9472
116.371 39.9471
116.382 39.9317
116.388 39.9318
116.4 39.9231
116.401 39.9107
116.401 39.9228
116.41 39.9223
116.419 39.9229
116.427 39.9264
116.428 39.9256
116.429 39.9228
116.444 39.9154
116.446 39.907
116.45 39.8959
116.455 39.8856
116.462 39.8771
116.471 39.8826
116.463 39.8748
116.451 39.8748
116.434 39.8924
116.417 39.8958
116.413 39.8865
116.425 39.8828
116.45 39.8831
116.467 39.883
116.472 39.9016
116.472 39.9028
116.467 39.8921
116.456 39.8959
116.455 39.8793
116.455 39.8791
116.455 39.8794
116.455 39.8817
116.455 39.8792
116.46 39.8748
116.455 39.8726
116.435 39.8833
116.433 39.8687
116.432 39.8573
116.434 39.8527
116.441 39.8363
116.381 39.8304
116.339 39.8127
116.341 39.7851
116.336 39.762
116.31 39.7574
116.326 39.7621
116.342 39.7858
116.359 39.7928
116.38 39.802
116.403 39.8035
116.412 39.7978
116.427 39.7769
116.431 39.7808
116.431 39.7809
116.431 39.7809
116.431 39.7809
116.431 39.781
116.431 39.7811
116.431 39.7811
116.431 39.7811
116.431 39.7811
116.431 39.7811
116.431 39.7811
116.431 39.7811
116.431 39.7811
116.431 39.7811
116.431 39.7811
116.431 39.7811
116.431 39.7811
116.431 39.7811
116.431 39.7811
116.431 39.7811
116.431 39.7811
116.431 39.7811
116.431 39.7811
116.431 39.7811
116.431 39.7811
116.431 39.7811
116.43 39.781
116.431 39.781
116.431 39.781
116.431 39.7811
116.431 39.7811
116.431 39.781
116.431 39.781
116.431 39.781
116.431 39.781
116.431 39.781
116.431 39.781
116.431 39.781
116.431 39.7811
116.431 39.7811
116.431 39.7811
116.431 39.7811
116.431 39.7811
116.431 39.7811
116.431 39.7811
116.431 39.7811
116.431 39.7811
116.431 39.7811
116.431 39.781
116.431 39.781
116.431 39.781
116.431 39.781
116.431 39.781
116.431 39.781
116.431 39.781
116.431 39.7809
116.431 39.7809
116.43 39.781
116.431 39.781
116.43 39.7809
116.43 39.7809
116.43 39.7808
116.431 39.781
116.431 39.7814
116.431 39.7813
116.431 39.7813
116.431 39.7812
116.431 39.7812
116.431 39.7809
116.431 39.7812
116.431 39.7812
116.431 39.7812
116.431 39.7813
116.431 39.781
116.431 39.7812
116.431 39.7811
116.431 39.7812
116.431 39.7812
116.431 39.7812
116.431 39.7812
116.431 39.7812
116.431 39.7811
116.431 39.7811
116.431 39.7811
116.431 39.7811
116.431 39.7811
116.431 39.7811
116.431 39.7811
116.431 39.7811
116.431 39.7811
116.431 39.7811
116.431 39.7811
116.431 39.7811
116.431 39.7811
116.431 39.7811
116.431 39.7811
116.431 39.781
116.431 39.781
116.431 39.781
116.431 39.781
116.431 39.7811
116.431 39.781
116.431 39.781
116.431 39.781
116.431 39.7808
116.431 39.7808
116.431 39.7808
116.431 39.7811
116.431 39.7813
116.431 39.7812
116.431 39.7813
116.431 39.7812
116.431 39.7812
116.431 39.7811
116.431 39.7811
116.431 39.7811
116.431 39.7811
116.431 39.7811
116.431 39.781
116.431 39.7811
116.431 39.7812
116.431 39.7811
116.431 39.7811
116.431 39.7811
116.431 39.7811
116.431 39.7811
116.431 39.7811
116.431 39.7811
116.431 39.7811
116.431 39.7811
116.431 39.7811
116.431 39.7814
116.431 39.7812
116.431 39.7812
116.431 39.7812
116.431 39.7811
116.431 39.7811
116.431 39.7811
116.431 39.7811
116.431 39.7811
116.431 39.7811
116.431 39.7811
116.431 39.7811
116.431 39.7811
116.431 39.7811
116.431 39.7811
116.431 39.7811
116.431 39.7811
116.431 39.7811
116.431 39.7811
116.431 39.7811
116.431 39.7811
116.431 39.7811
116.431 39.7811
116.431 39.7809
116.431 39.7811
116.431 39.7811
116.431 39.7811
116.431 39.7811
116.431 39.7811
116.431 39.7811
116.431 39.7811
116.431 39.7809
116.431 39.7808
116.43 39.7809
116.43 39.7809
116.43 39.7811
116.43 39.7811
116.43 39.7811
116.431 39.7811
116.431 39.7812
116.431 39.7812
116.431 39.7812
116.431 39.7811
116.431 39.7811
116.431 39.7811
116.431 39.7811
116.431 39.7811
116.431 39.7811
116.431 39.7811
116.431 39.7811
116.431 39.7811
116.431 39.7811
116.431 39.7811
116.431 39.7811
116.431 39.7811
116.431 39.7811
116.43 39.7809
116.43 39.7809
116.431 39.781
116.431 39.781
116.431 39.781
116.431 39.781
116.431 39.781
116.431 39.7811
116.431 39.781
116.431 39.781
116.431 39.781
116.431 39.781
116.431 39.7811
116.431 39.7811
116.431 39.7813
116.431 39.7808
116.431 39.7809
116.431 39.7809
116.431 39.7808
116.43 39.7809
116.431 39.781
116.431 39.781
116.431 39.7811
116.431 39.7815
116.431 39.7815
116.431 39.7813
116.431 39.7813
116.431 39.7812
116.431 39.7812
116.431 39.7812
116.431 39.7812
116.431 39.7812
116.43 39.7829
116.431 39.7809
116.431 39.7809
116.431 39.7809
116.431 39.7811
116.431 39.781
116.431 39.7811
116.431 39.781
116.431 39.7808
116.431 39.7808
116.431 39.7809
116.431 39.7809
116.43 39.7809
116.43 39.7811
116.431 39.781
116.431 39.7811
116.431 39.7811
116.431 39.7809
116.431 39.7809
116.431 39.7809
116.431 39.7809
116.431 39.7809
116.431 39.7815
116.431 39.781
116.431 39.7811
116.431 39.7813
116.431 39.7812
116.431 39.7812
116.431 39.7812
116.431 39.7812
116.431 39.7811
116.431 39.7811
116.431 39.7812
116.431 39.7812
116.431 39.7812
116.431 39.7812
116.431 39.7812
116.431 39.7812
116.431 39.7811
116.431 39.7811
116.431 39.7811
116.431 39.7811
116.431 39.7811
116.431 39.7811
116.431 39.7811
116.431 39.7812
116.431 39.781
116.431 39.7811
116.431 39.7809
116.431 39.7809
116.431 39.7812
116.431 39.781
116.431 39.7809
116.431 39.7808
116.43 39.7815
116.431 39.7809
116.43 39.7813
116.431 39.7812
116.431 39.7812
116.431 39.7812
116.431 39.7812
116.431 39.7787
116.415 39.7876
116.422 39.8022
116.439 39.8111
116.442 39.83
116.439 39.8527
116.459 39.8666
116.464 39.8828
116.464 39.8828
116.465 39.8827
116.465 39.8827
116.465 39.8827
116.465 39.8827
116.465 39.8827
116.465 39.8827
116.465 39.8827
116.465 39.8827
116.465 39.8827
116.465 39.8827
116.465 39.8828
116.465 39.8827
116.465 39.8824
116.465 39.8826
116.465 39.8824
116.465 39.8826
116.465 39.8828
116.465 39.8829
116.465 39.8828
116.465 39.8827
116.465 39.8827
116.465 39.8826
116.465 39.8822
116.465 39.8823
116.465 39.8822
116.465 39.8825
116.465 39.8827
116.465 39.8826
116.471 39.8828
116.471 39.8828
116.454 39.8748
116.444 39.883
116.433 39.8801
116.431 39.8695
116.368 39.869
116.348 39.8761
116.348 39.8823
116.353 39.8814
116.356 39.8768
116.359 39.8569
116.352 39.83
116.349 39.8309
116.343 39.8446
116.353 39.8471
116.356 39.849
116.365 39.8493
116.399 39.8556
116.414 39.8555
116.426 39.859
116.424 39.8639
116.432 39.8646
116.43 39.8783
116.422 39.8916
116.419 39.9034
116.421 39.8974
116.432 39.8922
116.455 39.8843
116.462 39.8829
116.481 39.8918
116.485 39.9077
116.485 39.9097
116.484 39.9147
116.476 39.9143
116.457 39.9175
116.455 39.8834
116.414 39.856
116.388 39.8579
116.384 39.8595
116.394 39.8523
116.395 39.8249
116.396 39.8062
116.413 39.8054
116.413 39.7941
116.431 39.7806
116.43 39.7809
116.431 39.7819
116.431 39.782
116.431 39.7816
116.43 39.781
116.431 39.7816
116.431 39.7816
116.431 39.7815
116.431 39.7812
116.431 39.7812
116.431 39.7812
116.431 39.7812
116.431 39.7812
116.431 39.7812
116.431 39.7812
116.431 39.7812
116.431 39.7812
116.431 39.7812
116.431 39.7812
116.431 39.7811
116.431 39.7811
116.431 39.7811
116.431 39.7811
116.431 39.7811
116.431 39.781
116.431 39.781
116.431 39.7811
116.431 39.7811
116.431 39.7811
116.431 39.7811
116.431 39.7812
116.431 39.7812
116.431 39.7812
116.431 39.7812
116.431 39.7812
116.431 39.7812
116.431 39.7812
116.431 39.7812
116.431 39.7813
116.431 39.7814
116.431 39.7813
116.431 39.7812
116.431 39.7812
116.431 39.7812
116.431 39.7812
116.43 39.7811
116.431 39.7813
116.431 39.7813
116.431 39.7811
116.431 39.7812
116.431 39.7812
116.431 39.7811
116.431 39.7811
116.431 39.7813
116.431 39.7812
116.431 39.7811
116.431 39.7811
116.431 39.7811
116.431 39.7811
116.431 39.7811
116.431 39.7811
116.431 39.7811
116.431 39.7811
116.431 39.7811
116.431 39.7811
116.431 39.7811
116.431 39.7811
116.431 39.7811
116.431 39.7811
116.431 39.7811
116.431 39.7811
116.431 39.7811
116.431 39.7811
116.431 39.7811
116.431 39.7811
116.431 39.7811
116.431 39.7811
116.431 39.7811
116.431 39.7811
116.431 39.7811
116.431 39.7811
116.431 39.7812
116.431 39.7812
116.431 39.7811
116.431 39.781
116.431 39.781
116.431 39.7811
116.431 39.7811
116.431 39.7811
116.431 39.7811
116.431 39.781
116.431 39.7811
116.43 39.7814
116.43 39.7813
116.431 39.7812
116.431 39.7811
116.431 39.7811
116.43 39.7814
116.43 39.7814
116.431 39.7813
116.431 39.7813
116.431 39.7811
116.431 39.7811
116.431 39.7811
116.431 39.7811
116.431 39.7811
116.431 39.7811
116.431 39.7812
116.431 39.7812
116.431 39.7812
116.431 39.7812
116.431 39.7812
116.431 39.7812
116.431 39.7811
116.431 39.7811
116.431 39.7811
116.431 39.7811
116.431 39.7811
116.431 39.7811
116.431 39.7811
116.431 39.7811
116.431 39.7811
116.431 39.7811
116.431 39.7811
116.431 39.781
116.431 39.781
116.431 39.781
116.431 39.781
116.431 39.781
116.43 39.7812
116.431 39.7811
116.43 39.7809
116.431 39.7809
116.431 39.7811
116.431 39.7813
116.431 39.7813
116.431 39.7812
116.43 39.7809
116.431 39.7809
116.43 39.7809
116.43 39.7809
116.431 39.7809
116.431 39.7812
116.43 39.7812
116.431 39.7812
116.431 39.7812
116.431 39.7812
116.431 39.7812
116.431 39.7812
116.43 39.7815
116.431 39.781
116.431 39.781
116.431 39.7811
116.431 39.7811
116.43 39.7811
116.431 39.7809
116.431 39.7809
116.431 39.781
116.431 39.781
116.431 39.7811
116.431 39.7811
116.431 39.781
116.432 39.7778
116.429 39.7761
116.414 39.7594
116.411 39.733
116.412 39.7288
116.407 39.7553
116.442 39.7642
116.441 39.7659
116.43 39.7811
116.445 39.7993
116.447 39.8207
116.441 39.831
116.436 39.8312
116.433 39.8317
116.44 39.8445
116.441 39.8563
116.439 39.8563
116.433 39.8569
116.425 39.8577
116.381 39.8543
116.378 39.8542
116.38 39.8508
116.367 39.8495
116.359 39.8572
116.327 39.8477
116.311 39.8469
116.289 39.8449
116.289 39.845
116.297 39.843
116.32 39.8464
116.354 39.8521
116.356 39.8527
116.358 39.8684
116.35 39.8683
116.348 39.8726
116.341 39.8885
116.336 39.898
116.336 39.8981
116.357 39.8961
116.357 39.8953
116.361 39.8831
116.356 39.8767
116.348 39.8773
116.358 39.8692
116.372 39.869
116.379 39.8696
116.438 39.8714
116.429 39.9101
116.421 39.935
116.434 39.9323
116.434 39.9254
116.444 39.9162
116.449 39.9067
116.454 39.888
116.445 39.8818
116.438 39.8972
116.435 39.9226
116.437 39.9222
116.444 39.9085
116.454 39.9066
116.484 39.8914
116.479 39.8477
116.494 39.8268
116.496 39.8251
116.49 39.8359
116.471 39.8547
116.466 39.8697
116.465 39.8817
116.465 39.8818
116.465 39.8817
116.465 39.8817
116.465 39.8818
116.465 39.8818
116.465 39.8818
