116.428 39.9259
116.429 39.9123
116.401 39.9065
116.391 39.9062
116.379 39.899
116.355 39.898
116.349 39.8997
116.326 39.8887
116.323 39.8965
116.304 39.9038
116.296 39.9322
116.316 39.9376
116.342 39.9568
116.347 39.988
116.359 39.9953
116.348 39.9858
116.35 39.9494
116.349 39.9367
116.351 39.9172
116.352 39.9127
116.351 39.9304
116.376 39.9316
116.396 39.9321
116.424 39.9322
116.427 39.9322
116.444 39.9398
116.453 39.9529
116.462 39.9604
116.462 39.9604
116.462 39.9604
116.462 39.9604
116.462 39.9604
116.489 39.9706
116.489 39.9706
116.489 39.9706
116.489 39.9706
116.478 39.9697
116.456 39.9552
116.455 39.9347
116.461 39.9302
116.461 39.9321
116.433 39.9399
116.415 39.9481
116.415 39.9481
116.4 39.9477
116.378 39.9476
116.366 39.9474
116.367 39.9369
116.365 39.9392
116.359 39.9392
116.329 39.9368
116.303 39.9419
116.334 39.9368
116.34 39.9372
116.35 39.939
116.349 39.9539
116.34 39.9664
116.324 39.9663
116.315 39.9686
116.319 39.9657
116.346 39.9663
116.41 39.9672
116.404 39.9672
116.43 39.9677
116.445 39.9582
116.472 39.9788
116.476 39.9846
116.476 39.9736
116.463 39.9618
116.45 39.9498
116.45 39.9498
116.436 39.9415
116.428 39.9211
116.423 39.9052
116.429 39.9139
116.435 39.9255
116.444 39.9401
116.459 39.966
116.482 39.9892
116.466 39.9984
116.457 39.9848
116.441 39.9754
116.428 39.9759
116.419 39.9678
116.419 39.9678
116.419 39.9678
116.452 39.9539
116.442 39.9453
116.428 39.9427
116.419 39.9566
116.418 39.9747
116.435 39.9851
116.457 39.9911
116.463 39.9847
116.469 39.9667
116.493 39.9624
116.482 39.9569
116.457 39.9483
116.438 39.9323
116.438 39.9358
116.446 39.9537
116.467 39.9831
116.457 39.9984
116.462 40.0072
116.467 39.9941
116.474 39.9778
116.497 39.9658
116.5 39.9597
116.515 39.9651
116.515 39.9651
116.528 39.9666
116.528 39.9666
116.528 39.9665
116.5 39.964
116.486 39.9594
116.45 39.9501
116.467 39.9472
116.466 39.9297
116.466 39.9295
116.454 39.9325
116.429 39.9325
116.428 39.9404
116.428 39.9582
116.428 39.9566
116.426 39.9508
116.397 39.9477
116.374 39.9476
116.366 39.9475
116.367 39.9385
116.389 39.9475
116.41 39.9442
116.411 39.9378
116.427 39.9382
116.438 39.9597
116.435 39.9468
116.41 39.9445
116.419 39.9528
116.438 39.9594
116.472 39.9269
116.471 39.9325
116.468 39.9437
116.462 39.9565
116.462 39.9605
116.462 39.9605
116.462 39.9605
116.462 39.9605
116.462 39.9605
116.484 39.9702
116.484 39.9702
116.484 39.9702
116.483 39.9698
116.455 39.9473
116.455 39.9259
116.455 39.8951
116.425 39.8924
116.404 39.8916
116.384 39.8884
116.37 39.888
116.37 39.888
116.358 39.888
116.335 39.8845
116.336 39.8956
116.339 39.9113
116.349 39.9641
116.364 39.9689
116.365 39.9588
116.365 39.9588
116.375 39.9665
116.375 39.9665
116.375 39.9665
116.375 39.9665
116.402 39.9554
116.427 39.9425
116.428 39.9156
116.423 39.9043
116.423 39.9043
116.429 39.915
116.428 39.9375
116.449 39.9549
116.464 39.9701
116.476 39.9828
116.462 40.0022
116.464 39.9911
116.452 39.9835
116.407 39.9873
116.347 39.9856
116.295 39.9769
116.297 39.959
116.283 39.9561
116.303 39.961
116.314 39.9653
116.328 39.9732
116.363 39.9662
116.407 39.9676
116.412 39.9607
116.428 39.9557
116.443 39.9596
116.45 39.9505
116.441 39.9441
116.428 39.9422
116.429 39.9566
116.439 39.9452
116.439 39.9452
116.429 39.9247
116.439 39.9267
116.444 39.9164
116.444 39.93
116.571 39.91
116.571 39.91
116.433 39.9581
116.407 39.9678
116.405 39.9708
116.379 39.9672
116.404 39.9606
116.419 39.9544
116.44 39.9607
116.456 39.9552
116.456 39.9552
116.456 39.9552
116.456 39.9552
116.56 40.0599
116.561 40.0609
116.561 40.0609
116.561 40.0609
116.561 40.0609
116.521 40.03
116.491 39.9968
116.484 39.9731
116.463 39.9722
116.425 39.9861
116.447 39.9802
116.472 39.9792
116.472 39.9792
116.444 40.0164
116.423 40.0366
116.372 40.0551
116.309 40.0758
116.235 40.0992
116.181 40.1152
116.528 39.9666
116.528 39.9666
116.528 39.9666
116.528 39.9666
116.528 39.9666
116.528 39.9667
116.528 39.9666
116.528 39.9666
116.528 39.9666
116.528 39.9666
116.528 39.9666
116.528 39.9666
116.528 39.9665
116.528 39.9666
116.528 39.9666
116.528 39.9666
116.528 39.9666
116.528 39.9666
116.528 39.9666
116.528 39.9666
116.528 39.9666
116.528 39.9666
116.528 39.9666
116.528 39.9665
116.528 39.9665
116.528 39.9666
116.528 39.9666
116.528 39.9665
116.528 39.9666
116.528 39.9666
116.528 39.9666
116.528 39.9666
116.528 39.9665
116.528 39.9666
116.528 39.9665
116.528 39.9666
116.528 39.9665
116.528 39.9666
116.528 39.9666
116.528 39.9666
116.53 39.9627
116.528 39.9665
116.528 39.9666
116.528 39.9666
116.528 39.9666
116.528 39.9666
116.528 39.9666
116.511 39.965
116.501 39.9537
116.506 39.9156
116.507 39.9149
116.514 39.911
116.717 40.0839
116.655 39.6977
116.728 39.6058
116.842 39.4869
116.456 39.9322
116.451 39.9473
116.434 39.94
116.422 39.9484
116.426 39.925
116.429 39.9324
116.457 39.9641
116.474 39.9852
116.464 40.0038
116.465 39.992
116.482 39.9699
116.482 39.9699
116.482 39.9699
116.481 39.9581
116.426 39.9879
116.403 39.9817
116.418 39.974
116.429 39.9659
116.429 39.9659
116.436 39.9582
116.455 39.95
116.59 40.2582
116.636 40.3409
116.748 40.5288
116.748 40.5288
116.748 40.5288
116.918 40.764
116.918 40.764
116.918 40.764
116.918 40.764
116.918 40.764
116.918 40.764
116.483 39.97
116.481 39.9567
116.458 39.9486
116.458 39.9486
116.458 39.9486
116.444 39.9378
116.444 39.9336
116.444 39.9217
116.455 39.9123
116.456 39.9183
116.447 39.9325
116.438 39.939
116.427 39.9493
116.419 39.958
116.425 39.958
116.425 39.958
116.439 39.9601
116.453 39.9529
116.427 39.9684
116.418 39.9905
116.425 39.9879
116.445 39.9815
116.466 39.9827
116.473 39.9707
116.484 39.9655
116.469 39.967
116.459 39.9583
116.459 39.9583
116.484 39.9691
116.484 39.9658
116.474 39.9779
116.463 39.9844
116.471 39.9793
116.464 39.9632
116.451 39.9511
116.43 39.9398
116.434 39.9472
116.439 39.9425
116.439 39.9425
116.439 39.9425
116.439 39.9478
116.459 39.9577
116.473 39.9706
116.484 39.9704
116.465 39.9646
116.465 39.9646
116.465 39.9646
116.465 39.9646
116.465 39.9646
116.465 39.9646
116.465 39.9646
116.465 39.9646
116.465 39.9646
116.441 39.9438
116.423 39.9396
116.456 39.9402
116.479 39.9556
116.484 39.9624
116.493 39.9753
116.473 39.9706
116.473 39.9706
116.455 39.9542
116.448 39.9503
116.45 39.9502
116.435 39.941
116.435 39.941
116.426 39.9504
116.44 39.9605
116.455 39.9327
116.461 39.9281
116.461 39.9281
116.458 39.9566
116.477 39.9746
116.467 39.9655
116.45 39.9498
116.43 39.9398
116.426 39.958
116.442 39.9721
116.442 39.9721
116.451 39.9885
116.452 39.9999
116.458 39.9881
116.463 39.9709
116.441 39.9484
116.438 39.9328
116.438 39.9328
116.441 39.9217
116.444 39.9079
116.444 39.9244
116.444 39.9244
116.444 39.9244
116.444 39.9244
116.415 39.9481
116.375 39.9674
116.31 39.984
116.35 39.9854
116.417 39.9875
116.478 39.9752
116.5 39.9736
116.504 39.9638
116.504 39.9638
116.504 39.9638
116.504 39.9638
116.528 39.9657
116.512 39.965
116.496 39.9632
116.48 39.9699
116.48 39.9699
116.48 39.9699
116.48 39.9699
116.48 39.9699
116.451 39.9506
116.44 39.9431
116.428 39.94
116.428 39.9547
116.44 39.9614
116.444 39.9977
116.467 40.0069
116.473 39.9991
116.481 39.9883
116.484 39.9654
116.492 39.9587
116.49 39.9614
116.469 39.9672
116.452 39.9521
116.442 39.9476
116.436 39.9585
116.444 39.9585
116.452 39.9521
116.444 39.9463
116.431 39.9401
116.431 39.9401
116.431 39.9401
116.431 39.9401
116.45 39.9582
116.46 39.9798
116.478 39.9742
116.478 39.9742
116.478 39.9742
116.478 39.9742
116.478 39.9742
116.478 39.9742
116.475 39.9655
116.484 39.9291
116.484 39.9291
116.484 39.9291
116.484 39.9291
116.484 39.9022
116.496 39.9248
116.496 39.9346
116.467 39.9326
116.465 39.9509
116.436 39.9646
116.401 39.9743
116.401 39.9743
116.401 39.9743
116.401 39.9743
116.411 39.9782
116.415 39.9677
116.453 39.9534
116.455 39.9237
116.448 39.9135
116.444 39.9203
116.436 39.9256
116.428 39.9146
116.412 39.9068
116.38 39.9059
116.36 39.9059
116.36 39.9059
116.339 39.9117
116.35 39.9404
116.35 39.9404
116.35 39.9404
116.363 39.9465
116.375 39.9461
116.375 39.9461
116.375 39.9461
116.39 39.9332
116.4 39.9228
116.427 39.9229
116.456 39.9118
116.456 39.9323
116.456 39.9323
116.456 39.9323
116.467 39.9681
116.434 40.0337
116.413 40.04
116.411 40.0222
116.411 39.999
116.387 39.9851
116.377 39.9615
116.377 39.9615
116.396 39.9629
116.43 39.9761
116.472 39.9786
116.5 40.0049
116.5 40.0049
116.524 40.0345
116.544 40.0589
116.555 40.0988
116.581 40.1167
116.589 40.1168
116.597 40.1166
116.599 40.1166
116.568 39.9295
116.569 39.9293
116.619 39.9241
116.62 39.9239
116.625 39.9226
116.628 39.9218
116.629 39.9214
116.632 39.9205
116.638 39.919
116.642 39.9183
116.642 39.9183
116.649 39.9176
116.649 39.9176
116.649 39.9176
116.652 39.9173
116.652 39.9173
116.658 39.9171
116.66 39.9174
116.67 39.9196
116.69 39.9282
116.692 39.9286
116.698 39.9296
116.799 40.147
116.822 40.1489
116.932 40.1511
116.934 40.151
117.071 40.1439
117.105 40.1509
117.105 40.1509
117.11 40.1534
117.11 40.1534
117.11 40.153
117.11 40.153
117.11 40.153
117.11 40.153
117.11 40.153
117.11 40.153
117.11 40.153
117.106 40.1524
117.081 40.1696
117.064 40.1809
117.062 40.1805
117.062 40.1805
117.062 40.1805
117.062 40.1805
117.061 40.1798
117.061 40.1798
117.061 40.1798
117.061 40.1798
117.061 40.1798
117.073 40.1806
117.073 40.1806
117.103 40.155
117.109 40.153
117.109 40.153
117.109 40.153
117.104 40.1547
117.067 40.1833
117.067 40.1833
117.067 40.1833
117.067 40.1833
117.067 40.1833
117.064 40.1833
117.064 40.1833
117.064 40.1833
117.064 40.1833
117.064 40.1833
117.064 40.1833
117.064 40.1833
117.064 40.1833
117.064 40.1833
117.057 40.19
117.057 40.19
117.057 40.19
117.057 40.19
117.057 40.19
117.039 40.2117
117.064 40.1803
117.064 40.1803
117.064 40.1803
117.064 40.1803
117.064 40.1803
117.064 40.1803
117.064 40.1803
117.064 40.1803
117.064 40.1803
117.064 40.1803
117.063 40.1801
117.087 40.1629
117.099 40.141
117.102 40.1442
117.102 40.1442
117.102 40.1442
117.102 40.1442
117.101 40.1471
117.101 40.1471
117.101 40.1471
117.101 40.1471
117.101 40.1471
117.101 40.1471
117.101 40.1471
117.11 40.1532
117.11 40.153
117.11 40.1531
117.11 40.153
117.11 40.153
117.112 40.1464
117.106 40.146
117.106 40.146
117.072 40.144
117.072 40.144
117.072 40.144
117.072 40.144
117.072 40.144
117.072 40.144
117.072 40.144
117.072 40.144
117.072 40.144
117.058 40.1446
117.099 40.1396
117.099 40.1396
117.099 40.1396
117.099 40.1396
117.112 40.139
117.11 40.1525
117.11 40.1525
117.11 40.1525
117.11 40.1525
117.108 40.1524
117.108 40.1524
117.108 40.1524
117.108 40.1524
117.108 40.1524
117.108 40.1524
117.108 40.1524
117.094 40.1445
117.094 40.1444
117.095 40.1443
