116.288 39.854
116.288 39.856
116.288 39.856
116.288 39.856
116.288 39.856
116.301 39.8567
116.301 39.8567
116.363 39.8479
116.363 39.8479
116.363 39.8477
116.363 39.8478
116.362 39.8484
116.36 39.8494
116.359 39.8437
116.359 39.8442
116.359 39.8445
116.358 39.8445
116.354 39.8445
116.353 39.8391
116.342 39.8293
116.346 39.8294
116.348 39.8258
116.348 39.8255
116.353 39.844
116.361 39.8443
116.361 39.8443
116.359 39.8337
116.364 39.8303
116.364 39.83
116.372 39.8299
116.484 39.8916
116.487 39.894
116.484 39.8986
116.482 39.8993
116.474 39.8991
116.472 39.8991
116.472 39.9025
116.472 39.9025
116.472 39.9025
116.472 39.9025
116.472 39.903
116.472 39.9062
116.472 39.9065
116.474 39.9066
116.454 39.9533
116.454 39.9532
116.451 39.9424
116.451 39.9424
116.452 39.9473
116.452 39.9473
116.455 39.9476
116.455 39.9402
116.449 39.9399
116.449 39.9399
116.445 39.9399
116.444 39.9399
116.444 39.9399
116.444 39.9327
116.444 39.9222
116.444 39.9222
116.444 39.921
116.441 39.921
116.439 39.921
116.44 39.9205
116.44 39.917
116.438 39.9122
116.438 39.9121
116.435 39.9073
116.427 39.9072
116.422 39.9071
116.418 39.9076
116.416 39.9071
116.406 39.9068
116.397 39.9065
116.387 39.9062
116.387 39.9062
116.379 39.9059
116.368 39.9059
116.358 39.9059
116.35 39.9071
116.348 39.8965
116.353 39.8957
116.353 39.8955
116.35 39.895
116.35 39.8943
116.351 39.8947
116.356 39.8948
116.356 39.895
116.357 39.895
116.357 39.895
116.357 39.896
116.357 39.9014
116.357 39.9036
116.357 39.9051
116.358 39.9053
116.363 39.9059
116.367 39.9057
116.373 39.9056
116.374 39.9057
116.381 39.9058
116.383 39.9059
116.384 39.906
116.385 39.906
116.389 39.9062
116.392 39.9063
116.397 39.9064
116.401 39.9065
116.404 39.9067
116.411 39.9076
116.439 39.9071
116.439 39.9071
116.443 39.9071
116.455 39.9068
116.456 39.9057
116.456 39.9066
116.456 39.9068
116.456 39.9073
116.456 39.9087
116.456 39.9098
116.456 39.911
116.456 39.9405
116.456 39.947
116.456 39.9471
116.452 39.9476
116.452 39.9473
116.449 39.943
116.449 39.9406
116.449 39.9373
116.449 39.9359
116.449 39.9351
116.449 39.9342
116.449 39.9335
116.449 39.9328
116.454 39.9324
116.46 39.9324
116.466 39.9302
116.467 39.926
116.467 39.9228
116.456 39.9275
116.456 39.945
116.471 39.9117
116.451 39.9271
116.448 39.9256
116.44 39.9218
116.443 39.9215
116.435 39.9166
116.435 39.9143
116.434 39.9141
116.435 39.9123
116.435 39.9121
116.434 39.9103
116.432 39.9073
116.431 39.9074
116.426 39.9038
116.426 39.9044
116.426 39.904
116.429 39.8962
116.425 39.8959
116.424 39.8961
116.456 39.9049
116.455 39.9047
116.455 39.9049
116.457 39.9086
116.457 39.9086
116.468 39.9066
116.47 39.9066
116.471 39.9063
116.471 39.9063
116.472 39.901
116.472 39.901
116.472 39.8997
116.471 39.8961
116.471 39.8979
116.472 39.8981
116.472 39.8983
116.472 39.8983
116.482 39.8993
116.487 39.8995
116.495 39.8995
116.498 39.8995
116.498 39.8995
116.495 39.8995
116.485 39.8994
116.484 39.8993
116.482 39.8993
116.482 39.8993
116.473 39.8991
116.468 39.8954
116.467 39.8931
116.467 39.8926
116.457 39.8921
116.449 39.8868
116.448 39.8863
116.416 39.9012
116.419 39.9033
116.42 39.9036
116.426 39.9042
116.426 39.9042
116.426 39.9042
116.433 39.894
116.433 39.8936
116.434 39.8908
116.434 39.8882
116.434 39.8837
116.445 39.8807
116.445 39.8758
116.445 39.8755
116.454 39.8829
116.455 39.883
116.455 39.8838
116.455 39.8838
116.456 39.8938
116.456 39.9058
116.455 39.9074
116.456 39.9087
116.456 39.9162
116.456 39.9171
116.456 39.9235
116.456 39.9239
116.454 39.9536
116.452 39.9521
116.452 39.9515
116.452 39.9504
116.45 39.9505
116.449 39.9513
116.449 39.9514
116.448 39.9513
116.448 39.9513
116.448 39.9511
116.443 39.9508
116.447 39.9552
116.448 39.9558
116.448 39.9559
116.444 39.9592
116.436 39.9645
116.436 39.9648
116.425 39.9684
116.42 39.9683
116.425 39.9652
116.425 39.964
116.419 39.9609
116.415 39.9608
116.414 39.9608
116.414 39.9608
116.412 39.9611
116.412 39.9649
116.412 39.9661
116.412 39.9672
116.409 39.9679
116.394 39.9673
116.382 39.967
116.379 39.9669
116.365 39.9666
116.337 39.9664
116.318 39.966
116.318 39.966
116.317 39.966
116.317 39.966
116.321 39.9657
116.323 39.9658
116.328 39.9651
116.328 39.962
116.329 39.9571
116.329 39.9517
116.341 39.9438
116.344 39.943
116.346 39.9394
116.347 39.9367
116.347 39.9365
116.343 39.9325
116.343 39.9308
116.346 39.931
116.349 39.931
116.35 39.934
116.35 39.9344
116.35 39.9346
116.319 39.974
116.319 39.974
116.319 39.9728
116.319 39.9723
116.319 39.9688
116.319 39.9671
116.319 39.9664
116.318 39.966
116.317 39.9661
116.316 39.966
116.316 39.966
116.318 39.9655
116.318 39.9656
116.328 39.9609
116.33 39.9607
116.333 39.9607
116.339 39.9596
116.339 39.9591
116.339 39.9586
116.339 39.9586
116.34 39.9576
116.34 39.957
116.341 39.9545
116.342 39.9498
116.342 39.9486
116.342 39.9481
116.344 39.9434
116.345 39.9421
116.345 39.9419
116.345 39.9419
116.345 39.9419
116.346 39.9409
116.346 39.9399
116.306 39.9406
116.306 39.9406
116.302 39.9419
116.302 39.9419
116.3 39.9426
116.299 39.9436
116.298 39.9438
116.298 39.9436
116.296 39.9438
116.283 39.9477
116.279 39.9489
116.279 39.9488
116.282 39.9424
116.282 39.9416
116.29 39.9183
116.296 39.9142
116.296 39.9142
116.296 39.9127
116.296 39.9124
116.299 39.9118
116.314 39.9098
116.322 39.9097
116.329 39.9092
116.33 39.9127
116.332 39.9127
116.332 39.9127
116.333 39.9127
116.333 39.9127
116.333 39.9168
116.338 39.917
116.343 39.9171
116.345 39.9171
116.345 39.9171
116.346 39.9171
116.347 39.9171
116.347 39.9171
116.347 39.9171
116.348 39.9171
116.349 39.9171
116.35 39.9171
116.35 39.9195
116.35 39.9201
116.35 39.9235
116.35 39.9248
116.35 39.9284
116.359 39.9805
116.359 39.9841
116.359 39.9806
116.359 39.9774
116.36 39.9762
116.359 39.976
116.359 39.976
116.359 39.9667
116.33 39.9661
116.33 39.966
116.34 39.9571
116.341 39.9536
116.341 39.9536
116.345 39.9419
116.347 39.9398
116.347 39.9379
116.346 39.9368
116.344 39.9356
116.344 39.9356
116.343 39.9312
116.35 39.9181
116.35 39.9129
116.35 39.911
116.35 39.9104
116.35 39.9097
116.35 39.9086
116.35 39.9055
116.35 39.902
116.288 39.8565
116.282 39.8474
116.282 39.8475
116.279 39.8463
116.277 39.8456
116.273 39.8453
116.196 39.8385
116.196 39.8385
116.199 39.8402
116.217 39.8446
116.217 39.8446
116.244 39.8568
116.248 39.8585
116.248 39.8585
116.247 39.8708
116.247 39.8788
116.247 39.8881
116.223 39.8997
116.246 39.9026
116.254 39.9016
116.257 39.899
116.258 39.8991
116.268 39.9055
116.363 39.9831
116.363 39.9831
116.363 39.9806
116.364 39.9759
116.364 39.9758
116.365 39.9571
116.366 39.948
116.366 39.9461
116.366 39.9461
116.366 39.946
116.366 39.9439
116.366 39.9398
116.367 39.9314
116.371 39.9232
116.372 39.9134
116.372 39.9122
116.372 39.9132
116.368 39.9105
116.368 39.9099
116.368 39.9087
116.368 39.8993
116.368 39.8991
116.368 39.8958
116.368 39.8952
116.368 39.8948
116.368 39.8918
116.368 39.8894
116.368 39.8884
116.368 39.8701
116.368 39.8688
116.407 39.8705
116.407 39.8716
116.403 39.8716
116.393 39.8792
116.39 39.8794
116.387 39.8818
116.387 39.8845
116.389 39.8823
116.397 39.8616
116.399 39.8559
116.378 39.8598
116.379 39.8623
116.381 39.8638
116.432 39.9228
116.435 39.9144
116.435 39.9107
116.445 39.8702
116.462 39.8703
116.462 39.8687
116.455 39.8669
116.476 39.8665
116.478 39.8475
116.466 39.8374
116.474 39.801
116.476 39.7936
116.475 39.7947
116.476 39.7938
116.474 39.799
116.449 39.8254
116.402 39.8405
116.397 39.8503
116.398 39.8479
116.398 39.8481
116.394 39.8693
116.323 39.8959
116.323 39.8959
116.323 39.8959
116.323 39.8959
116.316 39.8961
116.315 39.8963
116.328 39.9059
116.328 39.9059
116.329 39.91
116.333 39.9126
116.332 39.9063
116.332 39.9063
116.336 39.9059
116.346 39.905
116.346 39.9005
116.347 39.8976
116.347 39.8976
116.347 39.8887
116.347 39.8847
116.347 39.8847
116.347 39.8836
116.353 39.882
116.361 39.8818
116.368 39.8875
116.371 39.8877
116.395 39.8963
116.398 39.8993
116.4 39.8994
116.406 39.9023
116.408 39.9022
116.408 39.9013
116.411 39.9007
116.412 39.9006
116.412 39.8999
116.412 39.8955
116.417 39.8957
116.418 39.8959
116.421 39.8963
116.421 39.8941
116.425 39.8872
116.425 39.8858
116.419 39.8827
116.419 39.8827
116.419 39.8798
116.421 39.8797
116.422 39.8765
116.422 39.8761
116.415 39.872
116.415 39.872
116.407 39.8718
116.407 39.8707
116.407 39.8689
116.407 39.8702
116.408 39.8717
116.408 39.8717
116.359 39.869
116.358 39.8653
116.354 39.8659
116.354 39.8666
116.354 39.867
116.357 39.8673
116.357 39.8673
116.358 39.8674
116.358 39.872
116.358 39.8731
116.367 39.877
116.368 39.8812
116.368 39.8855
116.368 39.8867
116.368 39.8867
116.368 39.8935
116.368 39.8976
116.368 39.9022
116.368 39.9038
116.368 39.9051
116.368 39.9091
116.367 39.916
116.367 39.9203
116.367 39.9227
116.367 39.9304
116.367 39.9335
116.367 39.9365
116.367 39.9366
116.366 39.9385
116.366 39.9393
116.366 39.9448
116.366 39.9443
116.366 39.9443
116.367 39.9444
116.367 39.9446
116.372 39.9436
116.387 39.9474
116.4 39.9476
116.404 39.9477
116.429 39.9224
116.428 39.9183
116.429 39.9137
116.429 39.9136
116.394 39.8531
116.395 39.8529
116.395 39.8528
116.396 39.8528
116.396 39.8515
116.397 39.8512
116.397 39.8509
116.403 39.8408
116.398 39.8478
116.398 39.8482
116.398 39.8484
116.394 39.871
116.395 39.8711
116.395 39.8711
116.396 39.8707
116.368 39.8806
116.37 39.8818
116.37 39.8818
116.372 39.8818
116.375 39.8817
116.377 39.8817
116.408 39.8615
116.33 39.8814
116.321 39.8837
116.321 39.8837
116.316 39.8835
116.33 39.8834
116.343 39.878
116.341 39.8567
116.339 39.8555
116.344 39.8571
116.356 39.8569
116.357 39.8586
116.358 39.8586
116.365 39.8634
116.365 39.8635
116.365 39.8636
116.358 39.8638
116.358 39.8638
116.365 39.8655
116.358 39.8707
116.358 39.8714
116.358 39.8723
116.358 39.8725
116.358 39.8726
116.358 39.8734
116.358 39.874
116.358 39.8745
116.358 39.8759
116.358 39.8759
116.358 39.8762
116.358 39.8777
116.357 39.8803
116.358 39.8812
116.36 39.8818
116.367 39.8817
116.378 39.888
116.378 39.8934
116.378 39.8952
116.378 39.898
116.381 39.9007
116.381 39.9007
116.385 39.9048
116.386 39.9062
116.386 39.9063
116.385 39.9216
116.392 39.9219
116.398 39.9229
116.4 39.9286
116.4 39.9312
116.402 39.932
116.402 39.932
116.402 39.9419
116.402 39.956
116.402 39.9571
116.402 39.9571
116.399 39.9501
116.39 39.9501
116.388 39.9475
116.388 39.9475
116.388 39.9475
116.388 39.941
116.388 39.9408
116.388 39.9403
116.388 39.9395
116.388 39.9392
116.389 39.9389
116.39 39.9363
116.39 39.9353
116.39 39.9353
116.39 39.9348
116.39 39.9338
116.39 39.9335
116.39 39.9322
116.388 39.9223
116.386 39.9218
116.385 39.9211
116.384 39.9209
116.383 39.9209
116.383 39.9209
116.382 39.9211
116.381 39.9211
116.381 39.9211
116.38 39.9211
116.38 39.9211
116.385 39.9189
116.386 39.9056
116.388 39.906
116.395 39.9063
116.403 39.9066
116.404 39.9066
116.407 39.9067
116.41 39.9068
116.433 39.9071
116.471 39.9067
116.472 39.9114
116.472 39.9044
116.472 39.9008
116.467 39.8922
116.463 39.8918
116.46 39.8917
116.456 39.8924
116.456 39.8948
116.456 39.8948
116.456 39.9149
116.462 39.9221
116.461 39.9277
116.456 39.9306
116.456 39.9316
116.455 39.9293
116.453 39.9274
116.452 39.9276
116.452 39.9275
116.449 39.9259
116.446 39.9257
116.444 39.9296
116.444 39.9296
116.444 39.9301
116.444 39.9312
116.444 39.9344
116.449 39.9351
116.45 39.9352
116.45 39.9353
116.45 39.9353
116.449 39.9342
116.449 39.9342
116.449 39.9331
116.445 39.9324
116.444 39.9258
116.444 39.9229
116.446 39.9205
116.455 39.9173
116.455 39.9163
116.455 39.9157
116.456 39.9105
116.456 39.9103
116.456 39.9089
116.456 39.9071
116.456 39.9035
116.455 39.8901
116.455 39.8896
116.455 39.8887
116.455 39.8848
116.453 39.8323
116.452 39.8282
116.448 39.8231
116.449 39.8122
116.449 39.8122
116.45 39.8064
116.445 39.8051
116.448 39.8172
116.448 39.8221
116.449 39.8243
116.449 39.8257
116.449 39.8257
116.449 39.8257
116.442 39.8302
116.432 39.8576
116.432 39.8605
116.428 39.8609
116.428 39.8645
116.428 39.8645
116.428 39.8646
116.43 39.8646
116.431 39.8646
116.431 39.8648
116.428 39.8824
116.425 39.8829
116.414 39.8854
116.406 39.8995
116.394 39.8989
116.368 39.9058
116.339 39.9061
116.339 39.9123
116.338 39.9213
116.338 39.9237
116.339 39.9222
116.339 39.9129
116.338 39.9101
116.337 39.9061
116.336 39.9021
116.337 39.9053
116.352 39.9057
116.356 39.9057
116.368 39.904
116.367 39.9023
116.374 39.9027
116.368 39.9
116.368 39.8991
116.37 39.8938
116.37 39.8935
116.37 39.893
116.369 39.8915
116.369 39.8914
116.368 39.8929
116.368 39.8933
116.368 39.8962
116.368 39.8964
116.368 39.8969
116.368 39.8969
116.368 39.8978
116.368 39.8979
116.368 39.8979
116.358 39.8982
116.337 39.8965
116.336 39.8963
116.336 39.8929
116.336 39.8956
116.342 39.8953
116.343 39.8953
116.357 39.8977
116.357 39.8977
116.357 39.895
116.347 39.8914
116.347 39.8888
116.35 39.8879
116.352 39.888
116.358 39.8821
116.353 39.8785
116.353 39.8773
116.348 39.8765
116.347 39.8817
116.347 39.885
116.347 39.882
116.353 39.882
116.357 39.882
116.363 39.8818
116.363 39.882
116.358 39.882
116.358 39.8805
116.358 39.8805
116.358 39.8772
116.358 39.8758
116.358 39.8694
116.433 39.9392
116.435 39.9353
116.438 39.9328
116.437 39.9291
116.438 39.9279
116.437 39.9276
116.442 39.9209
116.44 39.9209
116.44 39.9166
116.435 39.9074
116.406 39.9068
116.368 39.906
116.368 39.908
116.368 39.9081
116.368 39.9086
116.368 39.9063
116.368 39.9063
116.368 39.9029
116.368 39.8985
116.385 39.8989
116.385 39.8989
116.39 39.8987
116.405 39.8995
116.412 39.8997
116.412 39.8996
116.42 39.8992
116.449 39.8921
116.45 39.8948
116.45 39.8954
116.45 39.8954
116.452 39.892
116.455 39.8837
116.455 39.8671
116.465 39.8584
116.475 39.8243
116.475 39.7947
116.475 39.7948
116.475 39.7946
116.476 39.7937
116.476 39.7937
116.441 39.8302
116.431 39.8315
116.402 39.8376
116.397 39.8503
116.401 39.8409
116.405 39.8409
116.406 39.841
116.406 39.841
116.408 39.8409
116.41 39.8409
116.421 39.8388
116.433 39.8307
116.466 39.808
116.486 39.7835
116.486 39.7835
116.507 39.7746
116.495 39.7878
116.498 39.7846
116.503 39.7835
116.508 39.7758
116.508 39.7758
116.507 39.7801
116.48 39.7999
116.48 39.7999
116.479 39.7931
116.474 39.7945
116.472 39.794
116.472 39.794
116.473 39.7989
116.474 39.8004
116.449 39.83
116.449 39.83
116.448 39.8308
116.439 39.8627
116.433 39.8645
116.427 39.8601
116.427 39.8601
116.426 39.8601
116.426 39.8601
116.427 39.8645
116.425 39.8672
116.42 39.8636
116.422 39.8483
116.422 39.8457
116.428 39.8455
116.427 39.8457
116.428 39.8457
116.433 39.8449
116.427 39.8543
116.423 39.8544
116.422 39.8537
116.422 39.8487
116.422 39.8486
116.422 39.8468
116.422 39.8455
116.422 39.8428
116.422 39.8389
116.422 39.8389
116.429 39.8317
116.419 39.8331
116.422 39.838
116.422 39.838
116.466 39.8362
116.476 39.8394
116.479 39.8463
116.479 39.8467
116.469 39.8565
116.466 39.8698
116.471 39.868
116.471 39.8669
116.471 39.8691
116.471 39.8695
116.486 39.8967
116.49 39.9065
116.491 39.9065
116.491 39.9065
116.492 39.9065
116.472 39.907
116.472 39.9026
116.472 39.9009
116.472 39.9007
116.472 39.9003
116.467 39.8921
116.45 39.8925
116.45 39.8891
116.445 39.882
116.445 39.8809
116.445 39.8708
116.445 39.8704
116.45 39.87
116.462 39.8704
116.462 39.8688
116.466 39.8666
116.455 39.8701
116.455 39.8701
116.455 39.8817
116.455 39.8828
116.452 39.8853
116.452 39.8863
116.452 39.8863
116.452 39.8874
116.454 39.8859
116.462 39.8783
116.462 39.8779
116.462 39.8757
116.462 39.8751
116.462 39.8748
116.462 39.8748
116.462 39.8702
116.462 39.8698
116.462 39.869
116.453 39.8701
116.45 39.8701
116.45 39.87
116.454 39.8698
116.471 39.8669
116.465 39.8583
116.466 39.8579
116.466 39.8574
116.466 39.8574
116.467 39.8576
116.579 40.0466
116.587 40.0777
116.583 40.0795
116.583 40.0795
116.587 40.0544
116.582 40.049
116.562 40.0313
116.548 40.0264
116.549 40.0242
116.558 40.007
116.56 40.0023
116.578 40.0006
116.581 40.0008
116.595 39.9989
116.599 39.999
116.6 39.9985
116.6 39.9985
116.595 39.9989
116.592 39.999
116.591 39.9989
116.581 40.0008
116.579 40.0007
116.566 39.9721
116.567 39.9672
116.567 39.9672
116.555 39.964
116.549 39.9647
116.546 39.9646
116.546 39.9646
116.527 39.9642
116.512 39.9487
116.511 39.9487
116.511 39.9463
116.511 39.9394
116.511 39.9394
116.511 39.9337
116.511 39.9337
116.511 39.9334
116.511 39.9305
116.511 39.9387
116.484 39.9326
116.418 39.9828
116.418 39.9824
116.416 39.9823
116.413 39.9827
116.411 39.9785
116.418 39.9745
116.418 39.9745
116.418 39.9734
116.418 39.9682
116.419 39.9609
116.415 39.9609
116.415 39.9609
116.415 39.9609
116.414 39.9609
116.413 39.9609
116.412 39.9607
116.409 39.9608
116.408 39.9607
116.408 39.9582
116.404 39.9577
116.402 39.9577
116.402 39.945
116.402 39.945
116.402 39.9441
116.4 39.9441
116.4 39.9441
116.397 39.944
116.397 39.9427
116.397 39.9427
116.397 39.9397
116.396 39.9395
116.394 39.9395
116.391 39.9393
116.39 39.9392
116.39 39.9374
116.39 39.9336
116.39 39.9326
116.39 39.9273
116.393 39.9226
116.396 39.9216
116.396 39.9209
116.396 39.9218
116.399 39.923
116.403 39.923
116.405 39.9177
116.403 39.9171
116.4 39.9141
116.407 39.909
116.407 39.9083
116.407 39.9083
116.407 39.9082
116.407 39.9083
116.405 39.9091
116.405 39.9091
116.394 39.9063
116.386 39.9061
116.377 39.9059
116.37 39.906
116.37 39.9068
116.368 39.9085
116.368 39.9085
116.368 39.909
116.368 39.9092
116.368 39.9096
116.368 39.9111
116.368 39.9113
116.367 39.9112
116.367 39.9112
116.366 39.9102
116.365 39.9102
116.365 39.9093
116.365 39.9088
116.365 39.9079
116.366 39.9076
116.367 39.9076
116.368 39.9047
116.368 39.9037
116.368 39.9021
116.368 39.9012
116.368 39.9001
116.368 39.8957
116.368 39.8957
116.368 39.8946
116.368 39.8941
116.37 39.8939
116.37 39.8929
116.37 39.8922
116.37 39.8918
116.37 39.8916
116.368 39.8937
116.368 39.8937
116.368 39.8909
116.368 39.8901
116.368 39.889
116.368 39.8884
116.368 39.8882
116.378 39.888
116.391 39.8896
116.393 39.8901
116.394 39.8901
116.394 39.8902
116.394 39.8903
116.395 39.8905
116.395 39.8905
116.396 39.8859
116.394 39.8853
116.392 39.8851
116.392 39.8851
116.391 39.885
116.39 39.885
116.389 39.8849
116.389 39.8849
116.389 39.8842
116.389 39.8825
116.389 39.8793
116.389 39.8794
116.389 39.8787
116.389 39.8794
116.39 39.8794
116.444 39.8701
116.445 39.8729
116.445 39.8703
116.445 39.8703
116.45 39.8748
116.45 39.8801
116.446 39.8803
116.446 39.8803
116.445 39.8803
116.445 39.8792
116.445 39.8753
116.445 39.875
116.449 39.87
116.454 39.8661
116.453 39.8652
116.454 39.8653
116.453 39.8654
116.471 39.8691
116.472 39.8698
116.474 39.8701
116.472 39.8701
116.467 39.8701
116.462 39.87
116.458 39.8829
116.458 39.882
116.458 39.8824
116.46 39.883
116.46 39.883
116.461 39.8831
116.47 39.883
116.471 39.8811
116.466 39.8704
116.466 39.8704
116.471 39.8665
116.453 39.8645
116.429 39.8541
116.429 39.8548
116.428 39.8541
116.418 39.8548
116.417 39.8484
116.416 39.8456
116.416 39.8447
116.416 39.8396
116.421 39.8386
116.418 39.8509
116.418 39.853
116.439 39.8573
116.439 39.853
116.439 39.8502
116.439 39.8502
116.427 39.8462
116.427 39.8473
116.427 39.8539
116.427 39.8539
116.427 39.8541
116.426 39.8562
116.333 39.8887
116.334 39.8888
116.334 39.889
116.334 39.8889
116.333 39.8888
116.333 39.8898
116.333 39.8901
116.333 39.8908
116.333 39.887
116.332 39.8873
116.333 39.8875
116.32 39.8878
116.323 39.8987
116.323 39.8988
116.323 39.9003
116.323 39.9014
116.323 39.9014
116.327 39.9014
116.329 39.9059
116.337 39.9059
116.34 39.9057
116.347 39.902
116.347 39.9002
116.347 39.8982
116.347 39.8976
116.347 39.8913
116.347 39.8913
116.315 39.8881
116.315 39.8881
116.302 39.8687
116.297 39.8683
116.297 39.8683
116.296 39.8697
116.325 39.8666
116.348 39.8665
116.368 39.8686
116.382 39.8642
116.381 39.8603
116.333 39.8623
116.331 39.8665
116.336 39.8665
116.354 39.8653
116.358 39.8652
116.365 39.8642
116.367 39.8623
116.38 39.8554
116.391 39.8554
116.394 39.8531
116.394 39.8752
116.393 39.8794
116.394 39.8903
116.385 39.9055
116.387 39.9218
116.39 39.9269
116.39 39.9318
116.402 39.9395
116.407 39.9393
116.423 39.9394
116.427 39.9395
116.427 39.9395
116.426 39.9037
116.426 39.9037
116.407 39.8639
116.414 39.864
116.416 39.8565
116.417 39.8502
116.417 39.8502
116.422 39.8482
116.422 39.84
116.411 39.8409
116.398 39.8481
116.408 39.8408
116.408 39.855
116.406 39.8576
116.408 39.8576
116.408 39.8562
116.448 39.8227
116.466 39.8078
116.476 39.7936
116.476 39.7936
116.475 39.7948
116.476 39.7938
116.473 39.7991
116.474 39.8004
116.452 39.8275
116.452 39.828
116.452 39.83
116.453 39.8313
116.45 39.8434
116.442 39.8312
116.422 39.8383
116.415 39.8411
116.409 39.841
116.408 39.8409
116.406 39.8409
116.407 39.8407
116.407 39.8408
116.409 39.8411
116.409 39.8422
116.409 39.8426
116.409 39.8439
116.409 39.8449
116.408 39.8466
116.408 39.8531
116.414 39.8512
116.413 39.8552
116.414 39.8554
116.414 39.8554
116.455 39.8673
116.455 39.868
116.455 39.868
116.452 39.8702
116.452 39.8702
116.45 39.8744
116.45 39.8744
116.45 39.8816
116.442 39.8834
116.443 39.8832
116.443 39.8832
116.448 39.8832
116.45 39.8831
116.455 39.8831
116.524 39.9611
116.525 39.9607
116.525 39.9603
116.527 39.9599
116.528 39.9599
116.528 39.9599
116.526 39.9604
116.525 39.9601
116.511 39.9464
116.511 39.9394
116.509 39.9336
116.508 39.9327
116.507 39.9325
116.509 39.9332
116.511 39.9334
116.485 39.9218
116.467 39.9073
116.457 39.9072
116.455 39.9037
116.452 39.8952
116.424 39.9395
116.422 39.9421
116.422 39.9421
116.42 39.9434
116.419 39.9398
116.422 39.9395
116.455 39.8842
116.455 39.8832
116.461 39.8828
116.461 39.8828
116.462 39.8806
116.462 39.8791
116.462 39.8779
116.462 39.8774
116.462 39.8762
116.461 39.8755
116.466 39.8726
116.466 39.8725
116.466 39.8725
116.456 39.87
116.426 39.8595
116.426 39.8598
116.428 39.8605
116.428 39.8598
116.43 39.8595
116.43 39.8595
116.428 39.8609
116.427 39.8631
116.427 39.8634
116.426 39.8644
116.421 39.8644
116.415 39.879
116.415 39.882
116.413 39.8914
116.413 39.8915
116.394 39.8978
116.394 39.8985
116.393 39.9016
116.393 39.9016
116.376 39.9206
116.376 39.921
116.371 39.9216
116.371 39.9219
116.371 39.9256
116.371 39.9257
116.37 39.9259
116.369 39.9268
116.371 39.9231
116.368 39.9133
116.368 39.9093
116.368 39.909
116.368 39.904
116.368 39.894
116.368 39.8941
116.368 39.8884
116.368 39.8821
116.368 39.8774
116.368 39.8774
116.368 39.8699
116.367 39.8622
116.359 39.8494
116.359 39.8495
116.357 39.8445
116.354 39.8446
116.352 39.8447
116.348 39.8446
116.357 39.8444
116.358 39.8444
116.37 39.8492
116.374 39.8492
116.375 39.8489
116.38 39.8479
116.38 39.844
116.391 39.8428
116.391 39.8392
116.395 39.822
116.394 39.8157
116.395 39.816
116.395 39.816
116.398 39.8213
116.396 39.8235
116.402 39.8398
116.394 39.8634
116.388 39.882
116.387 39.8838
116.389 39.8822
116.388 39.8792
116.382 39.8821
116.378 39.8892
116.378 39.8939
116.378 39.8939
116.378 39.895
116.378 39.898
116.368 39.9078
116.368 39.9078
116.368 39.9087
116.368 39.9088
116.368 39.9092
116.368 39.9094
116.37 39.9094
116.37 39.9088
116.37 39.9087
116.37 39.908
116.37 39.9063
116.368 39.9059
116.304 39.9014
116.307 39.8842
116.314 39.8876
116.319 39.8886
116.359 39.8498
116.359 39.8496
116.36 39.8529
116.38 39.8554
116.381 39.8486
116.38 39.8451
116.38 39.8442
116.38 39.8378
116.379 39.834
116.379 39.834
116.381 39.8337
116.38 39.8408
116.38 39.8435
116.381 39.8475
116.381 39.8508
116.381 39.8549
116.381 39.8588
116.381 39.8627
116.381 39.8767
116.381 39.8816
116.378 39.8912
116.378 39.8912
116.378 39.8953
116.378 39.8983
116.378 39.9001
116.377 39.9046
116.377 39.9055
116.336 39.9171
116.401 40.0207
116.402 40.0208
116.404 40.0317
116.411 40.0313
116.416 40.0367
116.416 40.0385
116.414 40.0395
116.414 40.0399
116.409 40.0394
116.412 40.0275
116.41 40.0085
116.411 40.002
116.411 39.9975
116.418 39.9879
116.418 39.9794
116.418 39.9744
116.419 39.9685
116.42 39.9483
116.419 39.9415
116.445 39.8806
116.457 39.8747
116.456 39.8745
116.456 39.8743
116.456 39.874
116.456 39.8741
116.457 39.8745
116.461 39.874
116.462 39.8702
116.461 39.8689
116.486 39.8742
116.489 39.8747
116.478 39.8768
116.478 39.8773
116.456 39.932
116.456 39.9323
116.456 39.9323
116.449 39.9324
116.445 39.9324
116.438 39.9384
116.438 39.9353
116.438 39.9326
116.435 39.9256
116.435 39.9213
116.443 39.9207
116.444 39.9165
116.444 39.9122
116.449 39.9121
116.454 39.9121
116.454 39.9115
116.468 39.9123
116.472 39.9075
116.472 39.9043
116.471 39.8921
116.473 39.801
116.476 39.7935
116.475 39.7946
116.475 39.7947
116.475 39.7943
116.474 39.7938
116.483 39.7953
116.487 39.7946
116.489 39.7987
116.475 39.7953
116.473 39.799
116.474 39.7991
116.479 39.7998
116.496 39.8014
116.527 39.7859
116.522 39.7876
116.522 39.7888
116.518 39.7938
116.515 39.7968
116.51 39.8031
116.507 39.8065
116.503 39.8047
116.497 39.8016
116.482 39.8002
116.482 39.8002
116.48 39.7999
116.466 39.8075
116.418 39.8023
116.411 39.804
116.397 39.8036
116.389 39.8014
116.391 39.7897
116.392 39.7895
116.392 39.7891
116.388 39.8019
116.388 39.8019
116.396 39.806
116.396 39.8121
116.396 39.8216
116.396 39.8216
116.396 39.8244
116.408 39.841
116.42 39.8384
116.421 39.839
116.422 39.8409
116.422 39.8542
116.455 39.8693
116.454 39.8674
116.433 39.8645
116.428 39.861
116.429 39.8609
116.432 39.8611
116.432 39.8611
116.433 39.8644
116.433 39.8644
116.433 39.867
116.442 39.8803
116.445 39.875
116.445 39.8703
116.449 39.8701
116.45 39.8781
116.45 39.8781
116.45 39.8829
116.432 39.883
116.428 39.8829
116.413 39.8856
116.407 39.8869
116.399 39.8867
116.387 39.8849
116.387 39.8796
116.392 39.8822
116.391 39.8755
116.393 39.8647
116.407 39.8638
116.407 39.8638
116.328 39.8479
116.327 39.8476
116.315 39.8469
116.307 39.8504
116.327 39.8473
116.353 39.8518
116.353 39.8518
116.351 39.9122
116.349 39.9171
116.349 39.9174
116.349 39.9173
116.347 39.9126
116.346 39.906
116.346 39.9051
116.347 39.9002
116.347 39.8848
116.348 39.8685
116.364 39.8585
116.391 39.8408
116.391 39.8407
116.391 39.8406
116.391 39.8366
116.394 39.8356
116.394 39.8356
116.409 39.8286
116.409 39.8282
116.416 39.8312
116.417 39.8312
116.426 39.8313
116.419 39.8338
116.419 39.8359
116.421 39.839
116.422 39.8403
116.422 39.8417
116.422 39.8481
116.408 39.8552
116.393 39.8542
116.394 39.8534
116.394 39.8637
116.338 39.936
116.338 39.9314
116.338 39.9224
116.339 39.9173
116.339 39.9137
116.357 39.8879
116.361 39.8954
116.368 39.8965
116.368 39.8941
116.362 39.888
116.319 39.886
116.32 39.8856
116.326 39.8868
116.32 39.8876
116.352 39.888
116.361 39.8878
116.362 39.8876
116.362 39.8876
116.362 39.8879
116.362 39.8879
116.364 39.8878
116.368 39.882
116.358 39.876
116.368 39.8821
116.368 39.8774
116.381 39.8606
116.394 39.8479
116.394 39.8411
116.394 39.8411
116.395 39.8248
116.396 39.8124
116.396 39.8098
116.396 39.8062
116.396 39.8037
116.41 39.8075
116.41 39.8084
116.411 39.8082
116.41 39.8077
116.41 39.8043
116.41 39.8043
116.418 39.8021
116.438 39.8037
116.449 39.8056
116.457 39.8031
116.457 39.8028
116.461 39.7974
116.476 39.7935
116.48 39.7996
116.449 39.8255
116.453 39.8311
116.442 39.8312
116.422 39.8476
116.417 39.8515
116.417 39.8541
116.315 39.9059
116.327 39.9095
116.337 39.9058
116.342 39.8819
116.341 39.8817
116.377 39.9451
116.386 39.9398
116.387 39.9395
116.342 39.9485
116.342 39.9494
116.342 39.9485
116.344 39.9432
116.346 39.9393
116.347 39.9365
116.35 39.9263
116.35 39.9263
116.35 39.926
116.35 39.925
116.35 39.9237
116.35 39.9218
116.35 39.9191
116.351 39.9175
116.351 39.9166
116.351 39.9149
116.351 39.9149
116.35 39.9069
116.385 39.9034
116.385 39.9034
116.388 39.8987
116.39 39.8984
116.389 39.8894
116.394 39.8901
116.4 39.8867
116.391 39.8823
116.413 39.8859
116.413 39.8911
116.421 39.8921
116.421 39.8922
116.421 39.8922
116.421 39.8958
116.419 39.9034
116.42 39.9036
116.421 39.9035
116.426 39.9033
116.45 39.8802
116.454 39.8802
116.445 39.8746
116.445 39.8739
116.445 39.8732
116.445 39.8728
116.439 39.8683
116.439 39.8683
116.433 39.867
116.433 39.8681
116.433 39.8685
116.433 39.8685
116.433 39.8686
116.433 39.8685
116.445 39.8749
116.446 39.8749
116.449 39.8749
116.461 39.8671
116.475 39.8658
116.481 39.8653
116.494 39.8666
116.495 39.8595
116.496 39.8587
116.496 39.8566
116.494 39.8564
116.496 39.8569
116.497 39.8556
116.499 39.8573
116.499 39.8622
116.499 39.8622
116.499 39.8622
116.499 39.8622
116.556 39.8975
116.571 39.8922
116.592 39.8941
116.566 39.8824
116.566 39.8824
116.473 39.801
116.473 39.7949
116.476 39.7936
116.476 39.7938
116.475 39.7947
116.475 39.7946
116.476 39.7935
116.461 39.7972
116.454 39.8049
116.454 39.8049
116.45 39.8058
116.438 39.8038
116.425 39.8025
116.425 39.8024
116.425 39.8024
116.437 39.8035
116.446 39.8052
116.439 39.804
116.438 39.8039
116.433 39.8034
116.433 39.8034
116.411 39.8193
116.396 39.8218
116.395 39.8345
116.391 39.8391
116.391 39.8407
116.381 39.8437
116.381 39.8461
116.381 39.8474
116.38 39.8479
116.38 39.8438
116.391 39.8391
116.394 39.8356
116.408 39.8409
116.42 39.8393
116.421 39.8386
116.422 39.8481
116.422 39.8539
116.426 39.8571
116.429 39.8645
116.43 39.8645
116.432 39.8614
116.432 39.8581
116.433 39.8529
116.44 39.848
116.44 39.8462
116.427 39.8478
116.276 39.8674
116.282 39.8752
116.312 39.874
116.312 39.874
116.346 39.9023
116.35 39.9002
116.35 39.9002
116.355 39.9456
116.353 39.9479
116.355 39.9509
116.365 39.9497
116.366 39.9476
116.373 39.9439
116.373 39.9413
116.373 39.9355
116.374 39.9319
116.374 39.9309
116.374 39.9213
116.372 39.9133
116.372 39.9132
116.368 39.9133
116.363 39.9128
116.36 39.9127
116.36 39.9147
116.362 39.9128
116.368 39.9097
116.368 39.9083
116.368 39.8989
116.368 39.8953
116.368 39.8975
116.368 39.9025
116.357 39.9056
116.36 39.9079
116.361 39.9103
116.367 39.9102
116.368 39.9028
116.368 39.9028
116.371 39.9027
116.382 39.9007
116.385 39.8993
116.389 39.8897
116.392 39.8853
116.393 39.8643
116.394 39.8531
116.396 39.8161
116.396 39.8097
116.389 39.8013
116.398 39.7918
116.397 39.7932
116.398 39.7952
116.397 39.7951
116.397 39.7934
116.397 39.7933
116.397 39.7931
116.398 39.7919
116.393 39.7914
116.389 39.8008
116.389 39.8014
116.411 39.8015
116.412 39.8004
116.412 39.8004
116.412 39.7981
116.413 39.7966
116.413 39.7955
116.413 39.7924
116.407 39.7921
116.406 39.792
116.406 39.7913
116.406 39.7913
116.407 39.7911
116.408 39.7911
116.407 39.7911
116.406 39.7912
116.405 39.7911
116.404 39.7917
116.404 39.7917
116.393 39.7914
116.389 39.8008
116.389 39.8013
116.389 39.8013
116.395 39.8351
116.395 39.8406
116.395 39.8406
116.394 39.8525
116.394 39.8638
116.368 39.877
116.358 39.9024
116.357 39.9025
116.36 39.9081
116.36 39.9082
116.36 39.9091
116.36 39.9093
116.368 39.9062
116.368 39.8989
116.368 39.8988
116.358 39.8981
116.315 39.8986
116.316 39.8989
116.29 39.896
116.278 39.896
116.276 39.8919
116.273 39.8919
116.277 39.8958
116.289 39.899
116.289 39.8995
116.295 39.8995
116.296 39.9023
116.3 39.906
116.298 39.896
116.317 39.906
116.323 39.9002
116.323 39.8961
116.357 39.8852
116.358 39.8821
116.365 39.8815
116.364 39.8772
116.368 39.8818
116.368 39.8876
116.368 39.8876
116.368 39.8935
116.368 39.8974
116.368 39.9038
116.376 39.9058
116.397 39.9064
116.404 39.9066
116.444 39.9071
116.443 39.964
116.442 39.9644
116.442 39.9658
116.443 39.9653
116.443 39.9643
116.443 39.9641
116.44 39.9561
116.435 39.9477
116.437 39.9465
116.435 39.9415
116.43 39.9399
116.422 39.8921
116.423 39.8895
116.424 39.8882
116.425 39.8846
116.415 39.8825
116.42 39.869
116.419 39.8694
116.422 39.8595
116.401 39.8906
116.401 39.8909
116.406 39.8912
116.406 39.8912
116.406 39.8872
116.414 39.8828
116.415 39.8642
116.418 39.8539
116.418 39.8486
116.422 39.8483
116.441 39.8373
116.441 39.8441
116.422 39.8483
116.422 39.8483
116.418 39.8529
116.402 39.841
116.405 39.8409
116.402 39.841
116.394 39.8637
116.393 39.882
116.39 39.8822
116.387 39.8841
116.392 39.885
116.392 39.885
116.414 39.8828
116.431 39.8828
116.431 39.8828
116.434 39.8829
116.45 39.883
116.455 39.881
116.417 39.8543
116.426 39.8569
116.455 39.8672
116.455 39.8672
116.473 39.801
116.476 39.7935
116.475 39.7946
116.476 39.7938
116.476 39.7937
116.474 39.7947
116.475 39.7989
116.456 39.9396
116.455 39.94
116.449 39.9401
116.445 39.94
116.445 39.94
116.445 39.94
116.439 39.94
116.433 39.94
116.433 39.94
116.433 39.9418
116.437 39.9461
116.285 39.8305
116.284 39.83
116.281 39.8278
116.28 39.8348
116.281 39.8347
116.286 39.8354
116.288 39.8355
116.286 39.8354
116.283 39.8352
116.278 39.8545
116.277 39.8565
116.277 39.8565
116.277 39.8577
116.268 39.8985
116.268 39.899
116.259 39.8991
116.254 39.9023
116.258 39.9025
116.268 39.8999
116.304 39.845
116.314 39.8468
116.319 39.8464
116.393 39.8543
116.393 39.8543
116.394 39.854
116.392 39.8513
116.396 39.8556
116.4 39.8558
116.4 39.8558
116.402 39.8561
116.402 39.8562
116.403 39.8562
116.414 39.8557
116.416 39.856
116.43 39.8645
116.432 39.8645
116.435 39.8644
116.435 39.8645
116.433 39.8646
116.432 39.8612
116.432 39.8584
116.433 39.8528
116.433 39.8491
116.44 39.8442
116.441 39.834
116.407 39.8374
116.407 39.838
116.409 39.8373
116.409 39.8433
116.408 39.846
116.414 39.8539
116.433 39.8636
116.433 39.8637
116.433 39.8625
116.435 39.8618
116.433 39.8621
116.434 39.8619
116.433 39.8641
116.428 39.861
116.427 39.8599
116.426 39.8599
116.426 39.8599
116.426 39.8578
116.426 39.855
116.426 39.8566
116.426 39.8566
116.415 39.8638
116.415 39.8644
116.415 39.8789
116.418 39.8826
116.425 39.885
116.422 39.8915
116.424 39.893
116.424 39.8936
116.429 39.8956
116.433 39.8928
116.433 39.8926
116.433 39.8925
116.455 39.8709
116.466 39.8703
116.462 39.8749
116.471 39.883
116.468 39.8784
116.467 39.8782
116.464 39.878
116.464 39.878
116.462 39.878
116.462 39.8755
116.462 39.8753
116.462 39.8751
116.462 39.8742
116.462 39.8742
116.461 39.8701
116.462 39.869
116.471 39.8687
116.462 39.87
116.456 39.8725
116.455 39.8727
116.454 39.8729
116.454 39.8732
116.454 39.8734
116.456 39.8743
116.456 39.8747
116.461 39.875
116.462 39.875
116.462 39.8755
116.462 39.8756
116.462 39.8752
116.462 39.8752
116.462 39.875
116.45 39.8801
116.445 39.8804
116.45 39.883
116.45 39.8861
116.45 39.8862
116.45 39.8863
116.45 39.8889
116.45 39.8916
116.45 39.8917
116.49 39.9217
116.495 39.9217
116.494 39.9222
116.494 39.9267
116.496 39.9345
116.493 39.9341
116.484 39.9325
116.484 39.9325
116.479 39.9301
116.479 39.93
116.479 39.9288
116.476 39.927
116.479 39.9272
116.479 39.9262
116.479 39.9221
116.479 39.922
116.483 39.877
116.489 39.8712
116.49 39.8723
116.484 39.8915
116.484 39.8919
116.472 39.8919
116.467 39.892
116.456 39.8923
116.44 39.8924
116.419 39.9034
116.42 39.9036
116.428 39.8996
116.43 39.8989
116.432 39.8975
116.434 39.8879
116.422 39.8923
116.413 39.8918
116.406 39.8916
116.406 39.8916
116.406 39.8916
116.406 39.8916
116.392 39.8901
116.389 39.8892
116.388 39.8889
