116.347 40.0204
116.367 39.9955
116.39 39.9866
116.448 39.9797
116.484 39.9389
116.484 39.8859
116.467 39.8377
116.444 39.8251
116.444 39.8251
116.444 39.8251
116.444 39.8252
116.444 39.8252
116.444 39.8252
116.444 39.8252
116.444 39.8252
116.444 39.8252
116.444 39.8252
116.444 39.8252
116.444 39.8252
116.444 39.8252
116.444 39.8252
116.444 39.8252
116.445 39.8245
116.438 39.806
116.438 39.8057
116.422 39.8023
116.397 39.8058
116.396 39.8247
116.394 39.8497
116.38 39.8557
116.307 39.8644
116.306 39.8767
116.309 39.8852
116.311 39.8853
116.294 39.8853
116.289 39.9039
116.305 39.9051
116.304 39.9123
116.319 39.9222
116.295 39.9242
116.295 39.9242
116.303 39.9312
116.31 39.9442
116.316 39.9522
116.32 39.9382
116.337 39.9363
116.342 39.9311
116.348 39.9311
116.358 39.9444
116.365 39.9429
116.366 39.9411
116.367 39.9318
116.367 39.9247
116.353 39.9223
116.336 39.9221
116.323 39.922
116.32 39.9384
116.316 39.9646
116.309 39.9843
116.309 40.0032
116.31 40.0164
116.312 40.0115
116.31 39.9837
116.311 39.9749
116.315 39.9657
116.34 39.9661
116.355 39.9663
116.355 39.9663
116.382 39.9668
116.408 39.9675
116.431 39.9673
116.441 39.9617
116.447 39.9671
116.444 39.9641
116.441 39.9619
116.449 39.9556
116.459 39.9582
116.474 39.9701
116.49 39.9609
116.503 39.9543
116.515 39.94
116.523 39.9222
116.523 39.9222
116.516 39.9123
116.471 39.8991
116.469 39.8995
116.469 39.8995
116.469 39.8994
116.484 39.8989
116.48 39.8831
116.455 39.896
116.451 39.8832
116.438 39.8725
116.43 39.8647
116.416 39.8667
116.407 39.8962
116.408 39.9084
116.421 39.9164
116.42 39.9323
116.427 39.9433
116.434 39.9265
116.433 39.9229
116.429 39.9128
116.426 39.9042
116.439 39.8751
116.424 39.8648
116.432 39.8647
116.429 39.88
116.433 39.8865
116.42 39.8923
116.392 39.8899
116.306 39.8954
116.312 39.8956
116.313 39.8949
116.313 39.8949
116.313 39.8949
116.313 39.8949
116.313 39.8949
116.313 39.8949
116.313 39.8949
116.313 39.8949
116.313 39.8949
116.313 39.8949
116.313 39.8949
116.312 39.8958
116.254 39.8958
116.247 39.9135
116.265 39.9061
116.281 39.906
116.324 39.906
116.412 39.9
116.477 39.9067
116.742 39.854
116.742 39.854
116.742 39.854
116.756 39.8459
116.773 39.815
116.861 39.8131
116.935 39.7875
116.935 39.7875
116.935 39.7875
116.935 39.7875
116.935 39.7875
116.935 39.7875
116.935 39.7875
116.935 39.7875
116.935 39.7875
116.935 39.7875
116.935 39.7875
116.935 39.7875
116.935 39.7876
116.935 39.7876
116.935 39.7876
116.935 39.7876
116.935 39.7876
116.935 39.7876
116.935 39.7876
116.935 39.7876
116.935 39.7876
116.935 39.7876
116.935 39.7876
116.935 39.7875
116.935 39.7876
116.91 39.7955
116.869 39.8128
116.809 39.8111
116.775 39.8248
116.704 39.8649
116.664 39.8823
116.637 39.8951
116.597 39.9083
116.581 39.9124
116.529 39.9157
116.507 39.9151
116.486 39.9136
116.459 39.9168
116.435 39.9228
116.42 39.9157
116.42 39.9157
116.421 39.9112
116.42 39.9261
116.426 39.926
116.42 39.927
116.435 39.9322
116.455 39.9203
116.463 39.9151
116.472 39.9072
116.469 39.8993
116.468 39.8993
116.468 39.8993
116.468 39.8994
116.471 39.8983
116.466 39.8929
116.456 39.9002
116.456 39.9055
116.434 39.9264
116.456 39.9387
116.468 39.9391
116.472 39.9291
116.477 39.9219
116.463 39.9219
116.453 39.9222
116.449 39.9316
116.461 39.9324
116.461 39.9243
116.463 39.9171
116.464 39.9128
116.455 39.9041
116.45 39.8938
116.442 39.8925
116.442 39.8925
116.442 39.8925
116.442 39.8925
116.418 39.8992
116.421 39.9057
116.421 39.9138
116.429 39.9227
116.439 39.9218
116.452 39.9165
116.452 39.9169
116.447 39.9135
116.448 39.9194
116.465 39.9146
116.472 39.9064
116.468 39.8992
116.468 39.8993
116.468 39.8993
116.468 39.8993
116.468 39.8991
116.468 39.8994
116.468 39.8992
116.321 39.9661
116.321 39.9661
116.466 39.8993
116.456 39.9031
116.469 39.9066
116.469 39.9066
116.49 39.914
116.515 39.9156
116.516 39.9101
116.501 39.9068
116.457 39.9121
116.444 39.9075
116.435 39.9184
116.435 39.9222
116.438 39.9323
116.454 39.9325
116.447 39.9573
116.446 39.9664
116.45 39.9551
116.455 39.9484
116.456 39.9446
116.452 39.9322
116.438 39.9325
116.427 39.9323
116.448 39.9325
116.463 39.9283
116.467 39.9289
116.464 39.9246
116.464 39.9247
116.464 39.9247
116.464 39.9246
116.464 39.9246
116.464 39.9246
116.464 39.9246
116.464 39.9246
116.464 39.9246
116.464 39.9248
116.464 39.9247
116.464 39.9244
116.464 39.9247
116.464 39.9252
116.464 39.9246
116.464 39.9246
116.464 39.9247
116.464 39.9246
116.464 39.9246
116.464 39.9247
116.464 39.9247
116.464 39.9247
116.464 39.9247
116.464 39.9246
116.464 39.9246
116.464 39.9246
116.464 39.9246
116.467 39.9281
116.472 39.922
116.472 39.922
116.496 39.9216
116.522 39.9226
116.585 39.9163
116.585 39.9115
116.594 39.9128
116.614 39.904
116.634 39.8991
116.653 39.889
116.668 39.8781
116.685 39.8702
116.685 39.8704
116.698 39.8662
116.752 39.8479
116.772 39.8159
116.82 39.8105
116.865 39.8131
116.888 39.7955
116.912 39.7803
116.92 39.7826
116.92 39.7826
116.92 39.7826
116.92 39.7826
116.92 39.7826
116.92 39.7826
116.92 39.7826
116.92 39.7826
116.92 39.7826
116.92 39.7826
116.92 39.7826
116.92 39.7827
116.92 39.7827
116.92 39.7827
116.92 39.7827
116.92 39.7827
116.92 39.7827
116.92 39.7827
116.92 39.7827
116.92 39.7827
116.92 39.7827
116.92 39.7827
116.92 39.7827
116.92 39.7827
116.92 39.7827
116.92 39.7827
116.92 39.7827
116.92 39.7827
116.92 39.7827
116.92 39.7827
116.92 39.7826
116.92 39.7826
116.92 39.7826
116.92 39.7826
116.92 39.7826
116.92 39.7826
116.92 39.7827
116.92 39.7827
116.92 39.7826
116.92 39.7826
116.92 39.7826
116.92 39.7826
116.92 39.7826
116.92 39.7826
116.92 39.7826
116.92 39.7826
116.92 39.7826
116.92 39.7826
116.92 39.7826
116.92 39.7826
116.92 39.7826
116.92 39.7826
116.92 39.7826
116.92 39.7826
116.92 39.7826
116.92 39.7826
116.92 39.7826
116.92 39.7826
116.92 39.7826
116.92 39.7826
116.92 39.7826
116.92 39.7826
116.92 39.7826
116.92 39.7826
116.92 39.7826
116.92 39.7826
116.92 39.7826
116.92 39.7826
116.92 39.7826
116.92 39.7826
116.92 39.7826
116.92 39.7826
116.92 39.7826
116.92 39.7826
116.92 39.7826
116.92 39.7826
116.92 39.7826
116.92 39.7826
116.92 39.7826
116.92 39.7826
116.92 39.7826
116.92 39.7826
116.92 39.7826
116.92 39.7826
116.92 39.7826
116.92 39.7826
116.92 39.7826
116.92 39.7826
116.92 39.7826
116.92 39.7826
116.92 39.7826
116.92 39.7826
116.92 39.7826
116.92 39.7826
116.92 39.7826
116.92 39.7826
116.92 39.7826
116.92 39.7826
116.92 39.7826
116.92 39.7826
116.92 39.7826
116.92 39.7826
116.92 39.7826
116.92 39.7826
116.92 39.7826
116.92 39.7826
116.92 39.7826
116.92 39.7826
116.92 39.7826
116.92 39.7826
116.92 39.7826
116.92 39.7826
116.92 39.7826
116.92 39.7826
116.92 39.7826
116.92 39.7826
116.92 39.7826
116.92 39.7826
116.92 39.7826
116.92 39.7826
116.92 39.7826
116.92 39.7826
116.92 39.7826
116.92 39.7826
116.92 39.7826
116.914 39.7931
116.869 39.8129
116.786 39.8141
116.743 39.8534
116.681 39.871
116.646 39.891
116.639 39.891
116.639 39.8903
116.639 39.8905
116.639 39.8906
116.64 39.891
116.64 39.8907
116.64 39.8905
116.64 39.891
116.64 39.891
116.64 39.891
116.64 39.8902
116.64 39.8909
116.64 39.8909
116.64 39.8909
116.64 39.891
116.64 39.8909
116.64 39.8907
116.64 39.8909
116.637 39.8841
116.621 39.8599
116.621 39.8599
116.581 39.8665
116.515 39.869
116.478 39.8454
116.412 39.831
116.38 39.8397
116.381 39.8539
116.38 39.8558
116.359 39.8553
116.359 39.8664
116.377 39.8691
116.377 39.8677
116.379 39.8695
116.381 39.8811
116.379 39.8874
116.358 39.888
116.343 39.8949
116.351 39.904
116.347 39.9124
116.349 39.9125
116.362 39.9128
116.372 39.9132
116.383 39.9208
116.397 39.9153
116.412 39.9144
116.434 39.9224
116.435 39.914
116.444 39.9077
116.453 39.9067
116.453 39.9067
116.455 39.9004
116.452 39.9079
116.444 39.9162
116.442 39.9257
116.437 39.9323
116.454 39.9323
116.456 39.9325
116.444 39.9164
116.448 39.9195
116.456 39.9328
116.433 39.9663
116.403 39.9675
116.394 39.9674
116.365 39.9669
116.375 39.9733
116.373 39.9615
116.356 39.9567
116.347 39.9571
116.341 39.9569
116.342 39.9495
116.346 39.9384
116.349 39.9314
116.35 39.9139
116.359 39.9053
116.375 39.9036
116.366 39.8984
116.343 39.8961
116.344 39.869
116.344 39.869
116.341 39.868
116.342 39.868
116.341 39.868
116.341 39.8681
116.348 39.8712
116.348 39.8771
116.352 39.888
116.357 39.8879
116.361 39.8977
116.368 39.9041
116.368 39.9048
116.371 39.9093
116.368 39.913
116.386 39.932
116.407 39.932
116.426 39.9288
116.426 39.9273
116.428 39.9243
116.433 39.9219
116.442 39.9164
116.444 39.9076
116.461 39.9068
116.433 39.8706
116.412 39.8994
116.405 39.9083
116.414 39.9146
116.429 39.9073
116.442 39.907
116.459 39.9069
116.461 39.9068
116.484 39.924
116.489 39.9614
116.489 39.9614
116.503 39.9544
116.511 39.9389
116.515 39.9193
116.534 39.9078
116.57 39.9088
116.637 39.895
116.655 39.8883
116.685 39.8703
116.695 39.8672
116.752 39.8478
116.785 39.814
116.872 39.8118
116.916 39.7869
116.917 39.7852
116.917 39.7852
116.917 39.7852
116.917 39.7852
116.917 39.7852
116.917 39.7852
116.917 39.7852
116.917 39.7852
116.917 39.7852
116.917 39.7852
116.917 39.7852
116.917 39.7852
116.917 39.7852
116.917 39.7852
116.917 39.7852
116.917 39.7852
116.917 39.7852
116.917 39.7852
116.917 39.7852
116.917 39.7852
116.917 39.7852
116.917 39.7852
116.917 39.7852
116.917 39.7852
116.917 39.7852
116.917 39.7852
116.917 39.7852
116.917 39.7852
116.917 39.7852
116.917 39.7852
116.917 39.7852
116.917 39.7852
116.917 39.7852
116.917 39.7852
116.917 39.7852
116.917 39.7852
116.917 39.7852
116.917 39.7852
116.917 39.7852
116.917 39.7852
116.917 39.7852
116.917 39.7852
116.917 39.7852
116.917 39.7852
116.917 39.7852
116.917 39.7852
116.917 39.7852
116.917 39.7852
116.917 39.7852
116.917 39.7852
116.917 39.7852
116.917 39.7852
116.917 39.7852
116.917 39.7852
116.917 39.7852
116.917 39.7852
116.917 39.7852
116.917 39.7852
116.917 39.7852
116.917 39.7852
116.917 39.7852
116.917 39.7852
116.917 39.7852
116.917 39.7852
116.917 39.7852
116.917 39.7852
116.917 39.7852
116.917 39.7852
116.917 39.7852
116.917 39.7853
116.917 39.7853
116.917 39.7853
116.917 39.7852
116.918 39.7936
116.935 39.7876
116.935 39.7876
116.935 39.7876
116.918 39.7816
116.891 39.7896
116.874 39.8072
116.823 39.8106
116.774 39.8224
116.758 39.8455
116.709 39.8635
116.675 39.8727
116.637 39.8943
116.608 39.9054
116.597 39.9091
116.576 39.9131
116.568 39.9198
116.567 39.917
116.557 39.9155
116.557 39.9178
116.557 39.9178
116.557 39.9177
116.557 39.9178
116.557 39.9191
116.552 39.923
116.547 39.9236
116.45 39.8625
116.465 39.8586
116.466 39.8622
116.491 39.8695
116.517 39.8688
116.522 39.8807
116.496 39.8919
116.49 39.8995
116.484 39.892
116.464 39.8921
116.45 39.8923
116.432 39.9018
116.429 39.917
116.434 39.9294
116.435 39.9227
116.432 39.9207
116.442 39.9254
116.449 39.9268
116.449 39.9289
116.449 39.9398
116.463 39.9501
116.463 39.9501
116.489 39.962
116.491 39.9706
116.491 39.9706
116.491 39.9706
116.498 39.9623
116.508 39.9463
116.508 39.9464
116.508 39.9464
116.508 39.9463
116.508 39.9463
116.508 39.9462
116.508 39.9462
116.508 39.9462
116.508 39.9462
116.508 39.9462
116.508 39.9462
116.508 39.9462
116.497 39.9626
116.484 39.9663
116.479 39.9746
116.483 39.9715
116.492 39.9597
116.484 39.9438
116.483 39.9305
116.456 39.9032
116.425 39.8923
116.413 39.8956
116.413 39.8956
116.423 39.8896
116.431 39.8764
116.433 39.8655
116.428 39.8645
116.422 39.8643
116.412 39.8698
116.412 39.8698
116.36 39.869
116.348 39.8749
116.353 39.8813
116.367 39.882
116.375 39.8819
116.387 39.8846
116.405 39.8869
116.406 39.8931
116.406 39.8994
116.41 39.8954
116.406 39.8998
116.406 39.9016
116.405 39.9051
116.406 39.9089
116.412 39.9134
116.419 39.9229
116.432 39.9228
116.442 39.9218
116.446 39.9177
116.451 39.9171
116.456 39.928
116.456 39.928
116.448 39.9583
116.452 39.9517
116.449 39.9476
116.441 39.9548
116.439 39.9546
116.46 39.9679
116.46 39.9679
116.481 39.9873
116.468 39.9999
116.475 39.9923
116.481 39.9882
116.484 39.974
116.488 39.9626
116.492 39.9592
116.508 39.9463
116.511 39.9463
116.508 39.947
116.508 39.9469
116.508 39.9469
116.511 39.9328
116.515 39.9147
116.538 39.906
116.544 39.8544
116.502 39.8199
116.52 39.7973
116.543 39.7717
116.539 39.757
116.538 39.762
116.521 39.7825
116.506 39.8012
116.468 39.8354
116.477 39.8485
116.462 39.8589
116.455 39.8855
116.455 39.8855
116.44 39.9072
116.44 39.9072
116.412 39.9087
116.42 39.9175
116.433 39.9224
116.447 39.9218
116.467 39.9276
116.479 39.9231
116.504 39.9217
116.527 39.9224
116.566 39.9229
116.585 39.9153
116.595 39.9078
116.622 39.9057
116.65 39.8899
116.669 39.8775
116.685 39.8703
116.685 39.8704
116.709 39.8635
116.741 39.8538
116.742 39.8535
116.742 39.8541
116.774 39.8296
116.807 39.8114
116.871 39.8121
116.909 39.7963
116.935 39.7878
116.935 39.7876
116.935 39.7876
116.935 39.7876
116.935 39.7876
116.935 39.7876
116.935 39.7876
116.935 39.7876
116.935 39.7876
116.935 39.7876
116.935 39.7876
116.935 39.7876
116.935 39.7876
116.935 39.7876
116.935 39.7876
116.935 39.7876
116.935 39.7876
116.935 39.7876
116.935 39.7876
116.935 39.7876
116.935 39.7876
116.935 39.7876
116.935 39.7876
116.935 39.7876
116.935 39.7876
116.935 39.7876
116.935 39.7876
116.935 39.7876
116.935 39.7876
116.935 39.7876
116.935 39.7876
116.935 39.7876
116.935 39.7876
116.935 39.7876
116.935 39.7876
116.935 39.7876
116.935 39.7876
116.935 39.7876
116.935 39.7876
116.935 39.7876
116.935 39.7876
116.935 39.7876
116.935 39.7876
116.935 39.7876
116.935 39.7876
116.935 39.7876
116.935 39.7876
116.935 39.7876
116.935 39.7876
116.935 39.7876
116.935 39.7876
116.935 39.7876
116.935 39.7876
116.935 39.7876
116.935 39.7876
116.935 39.7876
116.935 39.7876
116.935 39.7876
116.935 39.7876
116.935 39.7876
116.935 39.7876
116.935 39.7876
116.935 39.7876
116.935 39.7876
116.935 39.7876
116.935 39.7876
116.935 39.7876
116.935 39.7876
116.935 39.7876
116.935 39.7876
116.935 39.7876
116.935 39.7876
116.935 39.7876
116.935 39.7876
116.935 39.7876
116.935 39.7876
116.935 39.7876
116.935 39.7876
116.935 39.7876
116.935 39.7876
116.935 39.7876
116.935 39.7876
116.935 39.7876
116.935 39.7876
116.935 39.7876
116.935 39.7876
116.935 39.7876
116.935 39.7876
116.935 39.7876
116.935 39.7876
116.935 39.7876
116.935 39.7876
116.935 39.7876
116.935 39.7876
116.935 39.7876
116.935 39.7876
116.935 39.7876
116.935 39.7876
116.935 39.7876
116.935 39.7876
116.935 39.7876
116.935 39.7876
116.935 39.7876
116.935 39.7876
116.935 39.7876
116.935 39.7876
116.935 39.7876
116.935 39.7876
116.935 39.7876
116.935 39.7876
116.935 39.7876
116.935 39.7876
116.935 39.7876
116.935 39.7876
116.936 39.7875
116.92 39.7827
116.92 39.7827
116.92 39.7827
116.92 39.7827
116.92 39.7827
116.92 39.7827
116.92 39.7827
116.92 39.7827
116.92 39.7827
116.92 39.7827
116.92 39.7827
116.92 39.7827
116.92 39.7827
116.92 39.7827
116.92 39.7827
116.92 39.7827
116.92 39.7827
116.92 39.7827
116.92 39.7827
116.92 39.7827
116.92 39.7827
116.92 39.7827
116.92 39.7827
116.92 39.7827
116.92 39.7826
116.92 39.7827
116.92 39.7826
116.92 39.7828
116.92 39.7828
116.92 39.7828
116.92 39.7828
116.92 39.7828
116.92 39.7828
116.92 39.7828
116.92 39.7828
116.92 39.7828
116.92 39.7828
116.92 39.7828
116.92 39.7828
116.92 39.7828
116.92 39.7828
116.92 39.7828
116.92 39.7828
116.92 39.7828
116.92 39.7828
116.92 39.7828
116.92 39.7828
116.92 39.7828
116.92 39.7828
116.92 39.7828
116.92 39.7827
116.92 39.7827
116.92 39.7827
116.92 39.7827
116.92 39.7827
116.916 39.7833
116.89 39.7926
116.877 39.8131
116.877 39.8142
116.877 39.8142
116.878 39.8126
116.893 39.7868
116.92 39.7826
116.92 39.7826
116.92 39.7826
116.92 39.7826
116.92 39.7826
116.92 39.7826
116.92 39.7826
116.92 39.7826
116.92 39.7826
116.92 39.7826
116.92 39.7826
116.92 39.7826
116.92 39.7826
116.92 39.7826
116.92 39.7826
116.92 39.7826
116.92 39.7826
116.92 39.7826
116.92 39.7826
116.92 39.7826
116.92 39.7826
116.92 39.7826
116.92 39.7826
116.92 39.7826
116.92 39.7826
116.92 39.7826
116.92 39.7826
116.92 39.7826
116.92 39.7826
116.92 39.7826
116.92 39.7826
116.92 39.7826
116.92 39.7826
116.92 39.7826
116.92 39.7826
116.92 39.7826
116.92 39.7826
116.92 39.7826
116.92 39.7826
116.92 39.7826
116.92 39.7826
116.92 39.7826
116.92 39.7826
116.92 39.7826
116.92 39.7826
116.92 39.7826
116.92 39.7826
116.92 39.7826
116.92 39.7826
116.92 39.7826
116.92 39.7826
116.92 39.7826
116.92 39.7826
116.92 39.7826
116.92 39.7826
116.92 39.7826
116.92 39.7826
116.92 39.7826
116.92 39.7826
116.92 39.7826
116.92 39.7826
116.92 39.7826
116.92 39.7826
116.92 39.7826
116.92 39.7826
116.935 39.7873
116.935 39.7873
116.935 39.7852
116.914 39.7909
116.931 39.7924
116.935 39.7875
116.935 39.7876
116.935 39.7876
116.935 39.7876
116.935 39.7876
116.935 39.7876
116.935 39.7876
116.935 39.7876
116.935 39.7876
116.935 39.7876
116.935 39.7876
116.935 39.7876
116.935 39.7876
116.935 39.7876
116.935 39.7876
116.935 39.7876
116.935 39.7876
116.935 39.7876
116.935 39.7876
116.935 39.7876
116.935 39.7876
116.935 39.7876
116.935 39.7876
116.935 39.7876
116.935 39.7876
116.935 39.7876
116.935 39.7876
116.935 39.7876
116.935 39.7875
116.935 39.7875
116.935 39.7875
116.935 39.7875
116.935 39.7875
116.935 39.7875
116.935 39.7875
116.935 39.7875
116.935 39.7875
116.935 39.7875
116.935 39.7875
116.935 39.7875
116.935 39.7875
116.935 39.7875
116.935 39.7875
116.935 39.7875
116.935 39.7875
116.935 39.7875
116.935 39.7875
116.935 39.7875
116.935 39.7875
116.935 39.7875
116.935 39.7876
116.935 39.7876
116.935 39.7876
116.935 39.7876
116.935 39.7876
116.935 39.7876
116.935 39.7876
116.935 39.7876
116.935 39.7876
116.935 39.7876
116.935 39.7876
116.935 39.7876
116.935 39.7876
116.935 39.7876
116.935 39.7876
116.935 39.7876
116.935 39.7876
116.935 39.7876
116.935 39.7876
116.935 39.7876
116.935 39.7876
116.935 39.7876
116.935 39.7876
116.935 39.7876
116.935 39.7876
116.935 39.7876
116.935 39.7876
116.935 39.7876
116.935 39.7876
116.935 39.7876
116.935 39.7876
116.935 39.7876
116.935 39.7876
116.935 39.7876
116.935 39.7876
116.935 39.7876
116.935 39.7876
116.935 39.7876
116.935 39.7876
116.935 39.7876
116.935 39.7876
116.935 39.7876
116.935 39.7876
116.935 39.7876
116.935 39.7876
116.935 39.7876
116.935 39.7876
116.935 39.7876
116.935 39.7876
116.935 39.7876
116.935 39.7876
116.935 39.7876
116.935 39.7876
116.935 39.7876
116.935 39.7876
116.935 39.7876
116.935 39.7876
116.935 39.7876
116.935 39.7876
116.935 39.7876
116.935 39.7876
116.935 39.7876
116.935 39.7876
116.935 39.7876
116.935 39.7876
116.935 39.7876
116.935 39.7876
116.935 39.7876
116.935 39.7878
116.935 39.7878
116.935 39.7877
116.935 39.7877
116.935 39.7877
116.935 39.7877
116.935 39.7877
116.935 39.7876
116.935 39.7876
116.935 39.7876
116.935 39.7876
116.935 39.7876
116.935 39.7876
116.935 39.7876
116.935 39.7876
116.935 39.7876
116.935 39.7876
116.935 39.7876
116.935 39.7876
116.935 39.7876
116.935 39.7876
116.935 39.7876
116.935 39.7876
116.935 39.7876
116.935 39.7876
116.935 39.7876
116.935 39.7876
116.935 39.7876
116.935 39.7876
116.935 39.7876
116.935 39.7876
116.935 39.7876
116.935 39.7876
116.935 39.7876
116.935 39.7876
116.935 39.7876
116.935 39.7876
116.935 39.7876
116.935 39.7876
116.935 39.7876
116.935 39.7876
116.935 39.7876
116.935 39.7876
116.935 39.7876
116.935 39.7876
116.935 39.7876
116.935 39.7876
116.935 39.7876
116.935 39.7876
116.935 39.7876
116.935 39.7876
116.935 39.7876
116.935 39.7876
116.935 39.7876
116.935 39.7876
116.935 39.7876
116.935 39.7876
116.935 39.7876
116.935 39.7876
116.935 39.7876
116.935 39.7876
116.935 39.7876
116.935 39.7876
116.935 39.7876
116.935 39.7876
116.935 39.7876
116.935 39.7876
116.935 39.7876
116.935 39.7876
116.935 39.7876
116.935 39.7876
116.935 39.7876
116.935 39.7876
116.935 39.7876
116.935 39.7876
116.935 39.7876
116.935 39.7876
116.935 39.7876
116.935 39.7876
116.935 39.7876
116.935 39.7876
116.935 39.7876
116.935 39.7876
116.935 39.7876
116.935 39.7876
116.935 39.7876
116.935 39.7875
116.935 39.7875
116.935 39.7875
116.935 39.7875
116.935 39.7875
116.935 39.7875
116.935 39.7876
116.935 39.7876
116.935 39.7876
116.935 39.7874
116.935 39.7875
116.935 39.7875
116.935 39.7875
116.935 39.7875
116.935 39.7875
116.935 39.7875
116.935 39.7875
116.935 39.7875
116.935 39.7875
116.935 39.7875
116.935 39.7875
116.935 39.7875
116.935 39.7875
116.935 39.7875
116.935 39.7875
116.935 39.7875
116.935 39.7875
116.935 39.7875
116.935 39.7875
116.935 39.7875
116.935 39.7875
116.935 39.7875
116.935 39.7875
116.935 39.7875
116.935 39.7876
116.935 39.7876
116.935 39.7876
116.935 39.7876
116.935 39.7876
116.935 39.7876
116.935 39.7876
116.935 39.7876
116.935 39.7876
116.935 39.7876
116.935 39.7876
116.935 39.7876
116.935 39.7876
116.935 39.7876
116.935 39.7876
116.935 39.7876
116.935 39.7876
116.935 39.7876
116.935 39.7876
116.935 39.7876
116.935 39.7876
116.935 39.7876
116.935 39.7876
116.935 39.7876
116.935 39.7876
116.935 39.7876
116.935 39.7876
116.935 39.7876
116.935 39.7876
116.935 39.7876
116.935 39.7876
116.935 39.7876
116.935 39.7876
116.935 39.7876
116.935 39.7876
116.935 39.7876
116.935 39.7876
116.935 39.7876
116.935 39.7876
116.935 39.7876
116.935 39.7876
116.935 39.7876
116.935 39.7876
116.935 39.7875
116.939 39.7849
116.92 39.7822
116.92 39.7824
116.92 39.7827
116.92 39.7827
116.92 39.7827
116.92 39.7827
116.92 39.7827
116.92 39.7827
116.92 39.7827
116.92 39.7827
116.92 39.7827
116.92 39.7828
116.92 39.7828
116.92 39.7827
116.92 39.7828
116.92 39.7828
116.92 39.7828
116.92 39.7828
116.92 39.7828
116.92 39.7828
116.92 39.7828
116.92 39.7828
116.92 39.7828
116.92 39.7828
116.92 39.7828
116.92 39.7828
116.92 39.7828
116.92 39.7827
116.92 39.7827
116.92 39.7827
116.92 39.7827
116.92 39.7827
116.92 39.7827
116.92 39.7827
116.92 39.7827
116.92 39.7827
116.92 39.7827
116.92 39.7827
116.92 39.7827
116.92 39.7827
116.92 39.7827
116.92 39.7827
116.92 39.7827
116.92 39.7827
116.92 39.7827
116.92 39.7827
116.92 39.7827
116.92 39.7827
116.92 39.7827
116.92 39.7827
116.92 39.7827
116.92 39.7827
116.92 39.7827
116.92 39.7827
116.92 39.7827
116.92 39.7827
116.92 39.7827
116.92 39.7827
116.92 39.7827
116.92 39.7827
116.92 39.7827
116.92 39.7827
116.92 39.7827
116.92 39.7827
116.92 39.7827
116.92 39.7827
116.92 39.7827
116.92 39.7827
116.92 39.7827
116.92 39.7827
116.92 39.7827
116.92 39.7826
116.92 39.7826
116.92 39.7826
116.92 39.7826
116.92 39.7826
116.92 39.7826
116.92 39.7826
116.92 39.7826
116.92 39.7826
116.92 39.7826
116.92 39.7826
116.92 39.7826
116.92 39.7826
116.92 39.7826
116.92 39.7826
116.92 39.7826
116.92 39.7826
116.92 39.7826
116.92 39.7826
116.92 39.7826
116.92 39.7826
116.92 39.7826
116.92 39.7826
116.92 39.7826
116.92 39.7826
116.92 39.7826
116.92 39.7826
116.92 39.7826
116.92 39.7826
116.92 39.7826
116.92 39.7826
116.92 39.7826
116.92 39.7826
116.92 39.7826
116.92 39.7826
116.92 39.7826
116.92 39.7826
116.92 39.7826
116.92 39.7826
116.92 39.7826
116.92 39.7826
116.92 39.7826
116.92 39.7826
116.92 39.7826
116.92 39.7826
116.92 39.7826
116.92 39.7826
116.92 39.7826
116.92 39.7826
116.92 39.7826
116.92 39.7826
116.92 39.7826
116.92 39.7826
116.92 39.7826
116.92 39.7826
116.92 39.7826
116.92 39.7826
116.92 39.7826
116.92 39.7826
116.92 39.7826
116.92 39.7826
116.92 39.7826
116.92 39.7826
116.92 39.7826
116.92 39.7826
116.92 39.7826
116.92 39.7826
116.92 39.7826
116.92 39.7826
116.92 39.7826
116.92 39.7826
116.92 39.7827
116.92 39.7827
116.92 39.7827
116.92 39.7827
116.92 39.7827
116.92 39.7827
116.92 39.7827
116.92 39.7827
116.92 39.7827
116.92 39.7827
116.92 39.7827
116.92 39.7827
116.92 39.7827
116.92 39.7827
116.92 39.7827
116.92 39.7827
116.92 39.7826
116.92 39.7826
116.92 39.7826
116.92 39.7826
116.92 39.7826
116.92 39.7826
116.92 39.7826
116.92 39.7826
116.92 39.7826
116.92 39.7826
116.914 39.7939
116.862 39.8132
116.782 39.8142
116.745 39.852
116.685 39.8698
116.652 39.8893
116.626 39.8951
116.595 39.9084
116.576 39.9131
116.545 39.9148
116.515 39.9158
116.495 39.9146
116.484 39.9324
116.467 39.928
116.445 39.9215
116.428 39.9233
116.394 39.922
116.373 39.9132
116.369 39.9098
116.374 39.913
116.374 39.913
116.4 39.9065
116.423 39.9036
116.442 39.8832
116.455 39.8783
116.426 39.8573
116.375 39.8557
116.34 39.8338
116.288 39.8294
116.279 39.8418
116.278 39.8614
116.306 39.8698
116.304 39.9118
116.304 39.9523
116.309 39.9632
116.314 39.965
116.318 39.9517
116.328 39.9661
116.395 39.9672
116.454 39.9524
116.439 39.9398
116.43 39.9355
116.455 39.9399
116.46 39.9161
116.485 39.9132
116.509 39.9141
116.498 39.9148
116.473 39.9144
116.456 39.918
116.436 39.9228
116.436 39.9228
116.436 39.9228
116.439 39.9188
116.454 39.9218
116.466 39.9243
116.466 39.924
116.466 39.9237
116.466 39.9242
116.466 39.9243
116.465 39.9246
116.465 39.9246
116.465 39.9246
116.465 39.9246
116.465 39.9246
116.465 39.9245
116.465 39.9246
116.464 39.9246
116.464 39.9246
116.464 39.9246
116.464 39.9246
116.464 39.9245
116.464 39.9245
116.464 39.9245
116.464 39.9245
116.465 39.9245
116.465 39.9245
116.459 39.9219
116.436 39.9227
116.429 39.9154
116.432 39.8921
116.396 39.8907
116.396 39.8907
116.384 39.8884
116.38 39.8882
116.355 39.8879
116.347 39.8856
116.341 39.8585
116.32 39.8464
116.315 39.8481
116.358 39.8534
116.407 39.8555
116.408 39.8628
116.415 39.8717
