116.325 39.8867
116.399 39.8705
116.399 39.8705
116.408 39.8707
116.419 39.8641
116.414 39.8561
116.366 39.8555
116.341 39.8448
116.34 39.8458
116.306 39.8699
116.305 39.8775
116.305 39.8833
116.315 39.8882
116.318 39.8883
116.319 39.8885
116.319 39.8885
116.332 39.8885
116.337 39.8844
116.336 39.8945
116.336 39.8982
116.336 39.9016
116.332 39.9039
116.336 39.9059
116.346 39.9025
116.343 39.8997
116.342 39.8697
116.34 39.8491
116.34 39.8257
116.341 39.7852
116.338 39.7441
116.339 39.7375
116.34 39.7829
116.343 39.7885
116.342 39.7979
116.34 39.8031
116.341 39.8498
116.344 39.8758
116.344 39.8857
116.343 39.8861
116.343 39.8895
116.343 39.8961
116.345 39.8967
116.349 39.8971
116.351 39.9026
116.347 39.9198
116.347 39.9184
116.347 39.9165
116.346 39.9056
116.346 39.9031
116.363 39.8982
116.367 39.8983
116.39 39.8985
116.385 39.8886
116.384 39.8884
116.361 39.888
116.323 39.8887
116.324 39.8845
116.325 39.8836
116.336 39.8959
116.336 39.9009
116.336 39.9009
116.339 39.9124
116.339 39.9167
116.338 39.9303
116.343 39.931
116.352 39.9391
116.367 39.9312
116.366 39.9226
116.349 39.9396
116.405 39.9477
116.419 39.9548
116.429 39.9588
116.432 39.963
116.393 39.9674
116.383 39.9672
116.364 39.9668
116.364 39.9654
116.359 39.9511
116.353 39.951
116.354 39.9436
116.349 39.94
116.35 39.9285
116.349 39.9214
116.362 39.9225
116.367 39.9186
116.368 39.9141
116.365 39.9059
116.344 39.8969
116.323 39.896
116.319 39.8959
116.313 39.896
116.312 39.8956
116.314 39.895
116.316 39.895
116.316 39.8951
116.316 39.8953
116.317 39.8956
116.336 39.8963
116.342 39.8916
116.372 39.8692
116.407 39.8708
116.423 39.8697
116.423 39.8697
116.449 39.8702
116.454 39.8701
116.455 39.8792
116.455 39.9094
116.455 39.8944
116.455 39.8884
116.455 39.8683
116.437 39.8577
116.418 39.8568
116.409 39.8561
116.408 39.8615
116.408 39.8637
116.407 39.87
116.436 39.8693
116.439 39.8823
116.431 39.8989
116.43 39.9056
116.429 39.9139
116.433 39.9228
116.435 39.9225
116.432 39.9231
116.427 39.9231
116.42 39.9194
116.42 39.9129
116.42 39.9129
116.421 39.9075
116.43 39.8999
116.413 39.8958
116.395 39.8856
116.393 39.8852
116.384 39.8849
116.379 39.8848
116.376 39.8791
116.374 39.8774
116.371 39.8773
116.37 39.8773
116.368 39.8771
116.357 39.8768
116.345 39.8764
116.345 39.8764
116.341 39.8735
116.331 39.8718
116.321 39.8795
116.321 39.8808
116.32 39.8878
116.315 39.8884
116.313 39.8882
116.319 39.8886
116.33 39.8882
116.325 39.8868
116.323 39.8855
116.324 39.8849
116.32 39.8871
116.311 39.8865
116.31 39.8866
116.315 39.8897
116.316 39.892
116.316 39.892
116.336 39.8962
116.351 39.8973
116.366 39.8983
116.371 39.8984
116.382 39.9006
116.386 39.9046
116.399 39.9064
116.404 39.9065
116.412 39.9068
116.419 39.9068
116.429 39.913
116.429 39.913
116.429 39.9202
116.433 39.9227
116.438 39.9221
116.431 39.9229
116.421 39.9232
116.421 39.9232
116.421 39.9104
116.42 39.9042
116.421 39.9036
116.432 39.8977
116.429 39.8964
116.422 39.8961
116.421 39.8959
116.415 39.8958
116.414 39.8959
116.412 39.8955
116.411 39.8957
116.406 39.8921
116.406 39.8877
116.395 39.8858
116.395 39.8857
116.39 39.885
116.389 39.8849
116.42 39.892
116.421 39.8921
116.422 39.8957
116.422 39.8957
116.421 39.8987
116.415 39.9011
116.421 39.9034
116.421 39.9034
116.421 39.9034
116.421 39.9034
116.421 39.9034
116.421 39.9034
116.422 39.9034
116.43 39.9018
116.439 39.8826
116.436 39.8693
116.408 39.8709
116.388 39.8702
116.36 39.8681
116.342 39.8668
116.326 39.8668
116.305 39.8661
116.29 39.8672
116.29 39.8672
116.29 39.8677
116.289 39.8782
116.289 39.888
116.295 39.8956
116.306 39.8948
116.314 39.895
116.316 39.8951
116.324 39.8954
116.333 39.8959
116.33 39.8962
116.327 39.8973
116.323 39.8998
116.323 39.9008
116.329 39.9059
116.328 39.9128
116.329 39.9172
116.329 39.9213
116.328 39.9233
116.334 39.9268
116.342 39.9268
116.347 39.9309
116.347 39.9272
116.347 39.9243
116.347 39.9216
116.347 39.9198
116.347 39.9185
116.342 39.9171
116.339 39.9171
116.329 39.9169
116.328 39.9154
116.328 39.9154
116.329 39.9067
116.329 39.9049
116.331 39.9015
116.329 39.9081
116.334 39.9127
116.34 39.9126
116.346 39.9072
116.346 39.9059
116.33 39.9065
116.328 39.9034
116.336 39.8996
116.328 39.896
116.307 39.8952
116.312 39.8956
116.312 39.8956
116.319 39.8956
116.325 39.8898
116.325 39.8871
116.325 39.8871
116.324 39.8845
116.324 39.8845
116.324 39.8845
116.325 39.8852
116.33 39.8875
116.333 39.8868
116.339 39.8886
116.342 39.8869
116.343 39.8814
116.381 39.8697
116.388 39.8699
116.396 39.8515
116.396 39.8514
116.405 39.8556
116.414 39.8558
116.455 39.8668
116.456 39.9089
116.456 39.9163
116.455 39.9516
116.45 39.9557
116.436 39.9645
116.433 39.9666
116.404 39.9676
116.398 39.9675
116.338 39.9271
116.326 39.9269
116.327 39.927
116.338 39.9243
116.338 39.9229
116.347 39.9215
116.347 39.9173
116.346 39.9096
116.347 39.9069
116.343 39.8994
116.342 39.8975
116.335 39.8886
116.321 39.8834
116.323 39.8886
116.323 39.8886
116.35 39.867
116.389 39.8701
116.409 39.8707
116.416 39.8603
116.416 39.8567
116.431 39.8574
116.433 39.8536
116.426 39.8558
116.413 39.8558
116.403 39.856
116.393 39.8557
116.382 39.8595
116.381 39.8596
116.382 39.8706
116.372 39.8698
116.358 39.869
116.349 39.8683
116.343 39.8763
116.343 39.8763
116.341 39.8798
116.343 39.8803
116.343 39.8724
116.358 39.8675
116.358 39.8705
116.358 39.871
116.352 39.8717
116.348 39.8759
116.349 39.8764
116.345 39.8763
116.341 39.8743
116.331 39.874
116.324 39.8832
116.32 39.888
116.328 39.8869
116.343 39.8928
116.343 39.8961
116.351 39.8998
116.35 39.9068
116.349 39.9406
116.373 39.9505
116.374 39.9652
116.394 39.9701
116.394 39.9697
116.392 39.9674
116.391 39.9674
116.364 39.9667
116.364 39.9667
116.364 39.9655
116.356 39.951
116.356 39.951
116.353 39.9476
116.355 39.9459
116.349 39.9414
116.349 39.9319
116.349 39.9319
116.35 39.9135
116.35 39.9108
116.342 39.8887
116.338 39.8885
116.324 39.8886
116.325 39.8872
116.324 39.8849
116.324 39.8849
116.323 39.8849
116.323 39.8853
116.33 39.8882
116.33 39.8882
116.33 39.8874
116.342 39.8856
116.343 39.8802
116.344 39.8819
116.344 39.8858
116.343 39.895
116.345 39.8967
116.351 39.9016
116.353 39.9041
116.357 39.9031
116.357 39.8993
116.357 39.8986
116.357 39.8986
116.357 39.8986
116.357 39.8891
116.357 39.8886
116.365 39.8878
116.368 39.8822
116.368 39.8774
116.37 39.8787
116.373 39.8774
116.37 39.8773
116.369 39.8772
116.365 39.8772
116.345 39.8763
116.344 39.8817
116.33 39.8886
116.322 39.8887
116.32 39.8887
116.316 39.8884
116.311 39.8864
116.305 39.8887
116.304 39.8998
116.305 39.9077
116.303 39.9146
116.291 39.9214
116.283 39.923
116.269 39.9289
116.277 39.9725
116.297 39.9838
116.365 39.986
116.401 39.987
116.407 39.9872
116.445 39.982
116.462 39.9706
116.48 39.9846
116.488 39.9922
116.507 40.009
116.518 40.0166
116.546 40.0266
116.55 40.0279
116.574 40.0422
116.584 40.0588
116.587 40.0771
116.582 40.0752
116.584 40.0569
116.568 40.0364
116.554 40.0293
116.543 40.0258
116.501 40.0044
116.487 39.9914
116.484 39.9884
116.466 39.9725
116.458 39.9651
116.45 39.9584
116.45 39.9584
116.445 39.959
116.434 39.966
116.416 39.9682
116.414 39.968
116.405 39.9678
116.393 39.9675
116.365 39.9668
116.364 39.9641
116.343 39.9664
116.325 39.9662
116.304 39.9619
116.297 39.9589
116.288 39.9621
116.287 39.9663
116.292 39.9639
116.292 39.9631
116.295 39.9688
116.298 39.9705
116.302 39.9839
116.327 39.9847
116.348 39.9855
116.366 39.986
116.401 39.987
116.415 39.9874
116.451 39.9779
116.464 39.9694
116.5 40.0028
116.5 40.0028
116.508 40.0106
116.525 40.0193
116.542 40.0253
116.569 40.0364
116.569 40.0367
116.58 40.0476
116.588 40.0535
116.589 40.0472
116.587 40.0442
116.59 40.0464
116.589 40.0498
116.584 40.0577
116.577 40.0455
116.555 40.0297
116.538 40.024
116.513 40.0142
116.478 39.9834
116.464 39.9695
116.484 39.9453
116.484 39.9273
116.484 39.8937
116.484 39.8937
116.483 39.8831
116.471 39.8831
116.471 39.8788
116.462 39.8783
116.462 39.8794
116.462 39.882
116.463 39.8829
116.456 39.8832
116.448 39.8832
116.439 39.8745
116.424 39.8698
116.324 39.8845
116.324 39.8845
116.322 39.8832
116.323 39.8833
116.352 39.888
116.352 39.888
116.371 39.8878
116.371 39.8878
116.403 39.8913
116.405 39.8914
116.416 39.9016
116.417 39.9024
116.421 39.9035
116.421 39.9036
116.431 39.8985
116.421 39.896
116.42 39.896
116.406 39.8918
116.406 39.8918
116.389 39.8849
116.388 39.8849
116.375 39.8807
116.375 39.8807
116.378 39.8958
116.378 39.8969
116.378 39.8981
116.378 39.8973
116.378 39.8973
116.37 39.8939
116.37 39.8939
116.369 39.8939
116.368 39.8841
116.368 39.8825
116.348 39.8764
116.347 39.8764
116.332 39.8669
116.331 39.8672
116.341 39.8665
116.342 39.8657
116.348 39.8444
116.343 39.8488
116.342 39.8495
116.332 39.8666
116.334 39.8666
116.345 39.8712
116.344 39.8732
116.344 39.8949
116.344 39.8949
116.357 39.8931
116.357 39.8926
116.357 39.882
116.357 39.882
116.343 39.8763
116.341 39.8762
116.342 39.8708
116.331 39.8715
116.32 39.884
116.32 39.8851
116.324 39.8886
116.324 39.8886
116.331 39.8815
116.331 39.8815
116.344 39.8881
116.351 39.8993
116.351 39.9014
116.376 39.9058
116.376 39.9058
116.401 39.9065
116.404 39.9066
116.443 39.9071
116.444 39.9072
116.453 39.9151
116.454 39.9153
116.455 39.9052
116.455 39.9044
116.455 39.8869
116.455 39.8852
116.455 39.8852
116.453 39.8652
116.453 39.8652
116.453 39.8652
116.432 39.8576
116.43 39.8576
116.374 39.8558
116.372 39.8558
116.316 39.8509
116.307 39.8679
116.315 39.874
116.315 39.874
116.321 39.8779
116.321 39.8788
116.32 39.8841
116.32 39.8848
116.324 39.8867
116.325 39.8867
116.324 39.8845
116.324 39.8845
116.324 39.8844
116.324 39.8844
116.327 39.8885
116.327 39.8885
116.33 39.8882
116.33 39.8881
116.33 39.8882
116.342 39.8709
116.331 39.8675
116.331 39.8754
116.326 39.8832
116.322 39.8867
116.329 39.8879
116.332 39.8882
116.342 39.887
116.341 39.8826
116.34 39.8902
116.336 39.8945
116.335 39.8965
116.33 39.896
116.329 39.8957
116.338 39.8962
116.347 39.8949
116.565 39.8895
116.565 39.8895
116.347 39.885
116.348 39.8771
116.339 39.8724
116.335 39.872
116.324 39.8714
116.324 39.8714
116.318 39.8748
116.315 39.874
116.306 39.876
116.305 39.8769
116.311 39.8809
116.314 39.8829
116.311 39.8806
116.308 39.8737
116.312 39.8762
116.311 39.8838
116.312 39.8845
116.315 39.8843
116.315 39.8864
116.317 39.8884
116.318 39.8883
116.324 39.8885
116.324 39.8885
116.324 39.8885
116.324 39.8885
116.351 39.888
116.365 39.8878
116.365 39.8878
116.365 39.8878
116.367 39.8878
116.368 39.8928
116.368 39.8918
116.368 39.8923
116.368 39.8979
116.368 39.8979
116.368 39.8979
116.362 39.9004
116.362 39.9022
116.368 39.9015
116.368 39.9014
116.368 39.9009
116.368 39.9009
116.368 39.9002
116.368 39.8998
116.368 39.8955
116.368 39.8952
116.368 39.8886
116.368 39.8886
116.368 39.8807
116.368 39.8802
116.353 39.8766
116.353 39.8766
116.344 39.8867
116.344 39.8884
116.336 39.8938
116.336 39.8964
116.332 39.8959
116.335 39.8961
116.323 39.8985
116.321 39.9061
116.319 39.9062
116.304 39.9195
116.304 39.9261
116.308 39.9501
116.311 39.9524
116.326 39.956
116.329 39.9563
116.341 39.9524
116.342 39.9483
116.346 39.9378
116.344 39.9356
116.347 39.9249
116.347 39.9227
116.347 39.9173
116.347 39.9139
116.347 39.9139
116.347 39.909
116.364 39.8983
116.366 39.8983
116.367 39.8983
116.367 39.8984
116.372 39.9028
116.372 39.9028
116.375 39.9022
116.375 39.9018
116.377 39.9029
116.378 39.8944
116.378 39.8925
116.379 39.885
116.38 39.8819
116.382 39.8648
116.381 39.8622
116.381 39.8562
116.381 39.8562
116.381 39.8501
116.381 39.8521
116.377 39.8559
116.369 39.8558
116.344 39.8673
116.336 39.8669
116.323 39.8866
116.323 39.8866
116.33 39.8881
116.333 39.8872
116.323 39.8885
116.347 39.8764
116.336 39.867
116.331 39.8687
116.321 39.8781
116.321 39.8781
116.32 39.8828
116.323 39.8832
116.343 39.8758
116.342 39.8623
116.339 39.8094
116.337 39.7579
116.317 39.7423
116.285 39.7425
116.277 39.7352
116.302 39.7422
116.339 39.7475
116.34 39.8469
116.331 39.8673
116.33 39.8834
116.32 39.8834
116.325 39.8868
116.325 39.8868
116.325 39.8868
116.325 39.8868
116.311 39.8863
116.315 39.9097
116.33 39.8958
116.327 39.8834
116.324 39.8852
116.324 39.8847
116.324 39.8848
116.323 39.8852
116.32 39.8884
116.314 39.8876
116.255 39.8659
116.219 39.8445
116.217 39.8437
116.206 39.8284
116.207 39.82
116.178 39.7831
116.164 39.7789
116.135 39.7529
116.136 39.7471
116.126 39.7361
116.12 39.7326
116.121 39.7251
116.115 39.7251
116.114 39.7228
116.114 39.7228
116.114 39.7228
116.114 39.7228
116.064 39.7233
116.028 39.7817
115.989 39.7911
115.986 39.7843
115.985 39.7778
115.981 39.7699
115.959 39.7557
115.962 39.7517
115.962 39.7517
115.949 39.7346
115.951 39.7305
115.958 39.7223
115.958 39.7214
115.959 39.7233
115.96 39.723
115.96 39.7231
115.96 39.7231
115.96 39.7232
115.96 39.7232
115.959 39.7234
115.961 39.7235
115.949 39.7323
115.947 39.7332
115.962 39.754
115.961 39.7553
115.985 39.7775
115.986 39.779
115.986 39.7843
115.986 39.7843
