116.339 39.8419
116.339 39.8316
116.339 39.8309
116.338 39.83
116.338 39.8294
116.338 39.8292
116.338 39.8291
116.336 39.8256
116.336 39.8253
116.336 39.8249
116.336 39.8249
116.334 39.8251
116.334 39.8251
116.334 39.8252
116.334 39.8252
116.334 39.8251
116.335 39.8248
116.335 39.8248
116.336 39.8247
116.336 39.8246
116.335 39.8244
116.335 39.8242
116.335 39.8241
116.335 39.8243
116.336 39.8247
116.336 39.8248
116.335 39.8248
116.331 39.8255
116.33 39.8254
116.33 39.8253
116.33 39.8229
116.33 39.8229
116.33 39.823
116.33 39.8254
116.33 39.8254
116.332 39.8253
116.335 39.8249
116.335 39.8249
116.33 39.8254
116.33 39.8253
116.33 39.823
116.33 39.8229
116.33 39.823
116.33 39.8254
116.331 39.8255
116.331 39.8255
116.332 39.8255
116.332 39.8257
116.332 39.8278
116.332 39.8281
116.332 39.8291
116.332 39.8292
116.338 39.8295
116.338 39.8299
116.337 39.83
116.327 39.8295
116.308 39.8295
116.307 39.8295
116.307 39.8296
116.307 39.8297
116.307 39.8348
116.307 39.8354
116.306 39.8355
116.306 39.8356
116.306 39.8356
116.306 39.8357
116.375 39.9727
116.303 39.8374
116.303 39.8374
116.3 39.8389
116.299 39.8395
116.296 39.8401
116.296 39.8401
116.296 39.8404
116.292 39.8415
116.292 39.8415
116.28 39.8396
116.28 39.8398
116.289 39.8788
116.289 39.8854
116.289 39.8855
116.293 39.8853
116.293 39.8853
116.293 39.8854
116.293 39.8854
116.293 39.8855
116.293 39.8875
116.293 39.8875
116.293 39.8882
116.293 39.8883
116.296 39.8885
116.302 39.8885
116.304 39.8879
116.304 39.8877
116.304 39.8856
116.304 39.8845
116.303 39.8838
116.303 39.8827
116.304 39.8827
116.306 39.8837
116.307 39.8844
116.307 39.8845
116.308 39.8847
116.308 39.8847
116.308 39.885
116.309 39.8854
116.309 39.8855
116.31 39.8857
116.31 39.8858
116.31 39.8858
116.31 39.8855
116.311 39.8854
116.311 39.8853
116.31 39.8852
116.311 39.8851
116.311 39.8845
116.311 39.8838
116.311 39.883
116.311 39.8828
116.311 39.8824
116.311 39.8823
116.312 39.8754
116.312 39.8752
116.312 39.8751
116.312 39.8749
116.312 39.8749
116.312 39.875
116.312 39.8751
116.312 39.8751
116.311 39.8785
116.311 39.8796
116.311 39.8798
116.311 39.881
116.311 39.881
116.308 39.8811
116.305 39.8807
116.305 39.8818
116.306 39.8837
116.306 39.8841
116.305 39.8842
116.305 39.8844
116.305 39.8856
116.305 39.8858
116.305 39.8862
116.305 39.8863
116.305 39.9023
116.305 39.9035
116.305 39.9047
116.305 39.9047
116.305 39.9047
116.305 39.9047
116.305 39.9047
116.305 39.9047
116.306 39.9049
116.307 39.906
116.309 39.9061
116.311 39.906
116.311 39.9023
116.311 39.9023
116.311 39.9026
116.311 39.9027
116.311 39.9029
116.311 39.9031
116.311 39.9034
116.311 39.9037
116.311 39.9038
116.311 39.9044
116.31 39.9054
116.31 39.9055
116.31 39.9056
116.311 39.9057
116.311 39.9061
116.311 39.9061
116.325 39.9059
116.329 39.9059
116.329 39.9059
116.329 39.906
116.329 39.9065
116.329 39.9106
116.329 39.9106
116.329 39.9111
116.329 39.9126
116.329 39.9127
116.33 39.9127
116.333 39.9127
116.333 39.9127
116.337 39.9126
116.337 39.9126
116.337 39.9129
116.337 39.913
116.338 39.913
116.338 39.9131
116.338 39.9132
116.339 39.9132
116.339 39.9131
116.337 39.9029
116.337 39.9029
116.337 39.9027
116.337 39.9025
116.336 39.898
116.336 39.8979
116.336 39.898
116.34 39.8982
116.34 39.8981
116.34 39.898
116.34 39.8967
116.34 39.8966
116.339 39.8967
116.339 39.8967
116.337 39.8965
116.337 39.8966
116.337 39.8961
116.337 39.8961
116.341 39.8962
116.342 39.896
116.342 39.8957
116.342 39.8957
116.342 39.8907
116.342 39.8899
116.342 39.8894
116.342 39.8886
116.341 39.888
116.342 39.8876
116.342 39.8857
116.343 39.877
116.343 39.8768
116.343 39.8768
116.343 39.8768
116.344 39.8765
116.344 39.8764
116.344 39.8764
116.344 39.8764
116.344 39.8766
116.344 39.8876
116.344 39.8877
116.344 39.8879
116.344 39.8884
116.344 39.8888
116.344 39.8949
116.344 39.895
116.344 39.896
116.344 39.8961
116.344 39.8961
116.35 39.8969
116.35 39.897
116.35 39.8979
116.35 39.8983
116.35 39.8986
116.35 39.8989
116.35 39.8989
116.35 39.8989
116.35 39.8995
116.35 39.8995
116.35 39.8999
116.35 39.9
116.35 39.9
116.351 39.9
116.351 39.9001
116.351 39.9002
116.351 39.9004
116.351 39.9017
116.351 39.9021
116.351 39.9022
116.351 39.9026
116.351 39.9029
116.351 39.9031
116.351 39.904
116.351 39.9044
116.351 39.9044
116.351 39.9046
116.35 39.9071
116.351 39.9073
116.351 39.9073
116.351 39.9072
116.351 39.9061
116.351 39.9059
116.35 39.9059
116.343 39.906
116.343 39.9061
116.343 39.9071
116.343 39.9071
116.343 39.9074
116.343 39.9074
116.343 39.9074
116.343 39.9073
116.343 39.9061
116.343 39.906
116.343 39.906
116.34 39.906
116.34 39.9062
116.34 39.9064
116.34 39.9064
116.34 39.9065
116.34 39.9072
116.34 39.9074
116.34 39.9076
116.34 39.9078
116.34 39.9091
116.34 39.9094
116.34 39.91
116.34 39.9101
116.34 39.9123
116.341 39.9126
116.343 39.9126
116.345 39.9126
116.345 39.9126
116.345 39.9126
116.346 39.9126
116.347 39.9126
116.347 39.9126
116.347 39.9127
116.347 39.913
116.347 39.9151
116.347 39.9154
116.347 39.9163
116.347 39.9166
116.347 39.9181
116.347 39.9191
116.347 39.9196
116.347 39.9201
116.347 39.9209
116.347 39.921
116.347 39.9211
116.347 39.9218
116.347 39.922
116.347 39.9221
116.351 39.9222
116.35 39.921
116.35 39.9211
116.35 39.9211
116.35 39.9338
116.35 39.9461
116.35 39.9505
116.35 39.9505
116.35 39.9506
116.35 39.9506
116.35 39.9506
116.35 39.9506
116.35 39.9506
116.35 39.9505
116.352 39.9507
116.352 39.9508
116.352 39.9508
116.352 39.9508
116.352 39.9505
116.352 39.9501
116.352 39.9499
116.352 39.9499
116.352 39.9494
116.352 39.9487
116.352 39.9485
116.355 39.9453
116.356 39.9446
116.356 39.9445
116.356 39.9444
116.355 39.9441
116.355 39.9439
116.354 39.9438
116.354 39.9437
116.354 39.9437
116.353 39.9436
116.353 39.9436
116.353 39.9435
116.353 39.9433
116.352 39.9432
116.352 39.9432
116.35 39.9421
116.349 39.9417
116.349 39.9408
116.349 39.9406
116.349 39.9383
116.349 39.9379
116.349 39.9378
116.349 39.9376
116.35 39.9325
116.35 39.9212
116.35 39.9046
116.35 39.9046
116.35 39.9046
116.35 39.9047
116.35 39.9056
116.35 39.9057
116.35 39.9057
116.367 39.9057
116.367 39.9057
116.37 39.9055
116.37 39.9055
116.37 39.9054
116.37 39.9053
116.37 39.9052
116.37 39.9051
116.37 39.9048
116.37 39.9046
116.37 39.9044
116.37 39.9042
116.37 39.9042
116.369 39.9042
116.368 39.9041
116.368 39.9042
116.368 39.9045
116.368 39.907
116.368 39.9075
116.368 39.9078
116.368 39.9078
116.368 39.9078
116.368 39.9078
116.368 39.908
116.368 39.9081
116.368 39.9087
116.368 39.909
116.368 39.9106
116.367 39.9115
116.367 39.9116
116.367 39.9117
116.367 39.912
116.367 39.9129
116.367 39.9138
116.367 39.9138
116.367 39.9139
116.364 39.9136
116.363 39.9135
116.363 39.9135
116.362 39.9129
116.359 39.9126
116.359 39.9127
116.358 39.9127
116.358 39.9128
116.358 39.9128
116.358 39.9129
116.358 39.9136
116.358 39.9161
116.358 39.9163
116.358 39.9165
116.359 39.917
116.358 39.9171
116.358 39.9171
116.351 39.9171
116.351 39.9172
116.351 39.9173
116.35 39.9175
116.35 39.9189
116.35 39.9211
116.35 39.9215
116.35 39.9227
116.35 39.9228
116.35 39.923
116.35 39.9235
116.351 39.9234
116.351 39.9226
116.351 39.9224
116.35 39.9223
116.348 39.9223
116.348 39.9223
116.337 39.9221
116.337 39.9221
116.337 39.9218
116.337 39.9219
116.337 39.9222
116.335 39.922
116.335 39.922
116.335 39.922
116.335 39.922
116.329 39.9218
116.329 39.9218
116.324 39.922
116.322 39.9221
116.321 39.9221
116.321 39.9221
116.32 39.9222
116.32 39.9221
116.316 39.9226
116.314 39.9226
116.313 39.9226
116.283 39.9229
116.283 39.9229
116.28 39.923
116.268 39.9232
116.268 39.9233
116.268 39.9235
116.268 39.9237
116.268 39.9239
116.268 39.924
116.268 39.924
116.269 39.9237
116.268 39.9083
116.268 39.9069
116.268 39.904
116.267 39.9021
116.267 39.9022
116.264 39.9019
116.264 39.9019
116.263 39.9027
116.263 39.9027
116.259 39.9026
116.255 39.9025
116.255 39.9025
116.254 39.9026
116.254 39.9025
116.254 39.9025
116.254 39.9025
116.378 39.9627
116.254 39.899
116.253 39.8989
116.253 39.8989
116.253 39.8989
116.253 39.8989
116.254 39.899
116.254 39.899
116.254 39.899
116.255 39.899
116.265 39.8994
116.265 39.8993
116.266 39.8994
116.266 39.8994
116.267 39.8991
116.267 39.8987
116.267 39.8987
116.273 39.8995
116.274 39.8992
116.274 39.8991
116.274 39.8989
116.275 39.8989
116.275 39.8988
116.276 39.8989
116.276 39.8989
116.276 39.8984
116.277 39.8987
116.277 39.8987
116.278 39.8987
116.278 39.8988
116.278 39.8989
116.278 39.8989
116.278 39.8989
116.278 39.8984
116.277 39.8962
116.277 39.8961
116.278 39.8959
116.278 39.8959
116.288 39.8959
116.288 39.8958
116.288 39.8956
116.288 39.8955
116.288 39.8955
116.288 39.8955
116.288 39.8955
116.289 39.8955
116.289 39.8955
116.289 39.8954
116.289 39.8917
116.289 39.8909
116.289 39.8908
116.289 39.8892
116.289 39.8869
116.289 39.8866
116.289 39.8785
116.289 39.8783
116.289 39.8776
116.289 39.8775
116.288 39.8677
116.288 39.8653
116.288 39.8646
116.287 39.8642
116.304 39.8655
116.318 39.8496
116.322 39.848
116.336 39.8475
116.338 39.8477
116.339 39.8466
116.34 39.8453
116.339 39.8243
116.339 39.8238
116.339 39.8236
116.339 39.8232
116.339 39.822
116.339 39.8175
116.339 39.8137
116.341 39.7964
116.341 39.7963
116.341 39.7849
116.337 39.7792
116.335 39.7784
116.332 39.7779
116.315 39.7794
116.313 39.7804
116.311 39.7807
116.311 39.7805
116.31 39.7802
116.303 39.7622
116.304 39.7621
116.304 39.762
116.316 39.762
116.316 39.7618
116.317 39.7522
116.317 39.7493
116.317 39.7493
116.317 39.7454
116.317 39.7427
116.318 39.7394
116.318 39.7392
116.318 39.7369
116.32 39.7323
116.32 39.7316
116.321 39.7306
116.321 39.7306
116.322 39.7258
116.322 39.7257
116.323 39.7257
116.326 39.7261
116.327 39.7259
116.327 39.7256
116.327 39.7254
116.327 39.7217
116.326 39.7213
116.327 39.7212
116.327 39.7212
116.332 39.7211
116.338 39.7207
116.338 39.7206
116.339 39.7204
116.339 39.7202
116.338 39.7179
116.336 39.7133
116.331 39.7086
116.331 39.7086
116.332 39.7101
116.332 39.7101
116.33 39.7092
116.329 39.7091
116.328 39.7092
116.328 39.7093
116.328 39.7093
116.328 39.7093
116.328 39.7093
116.328 39.7092
116.329 39.7091
116.33 39.7092
116.33 39.7093
116.332 39.7102
116.332 39.7103
116.332 39.7102
116.333 39.7102
116.334 39.7107
116.334 39.7105
116.334 39.7105
116.334 39.7106
116.335 39.7105
116.335 39.7104
116.335 39.7099
116.335 39.7091
116.335 39.709
116.335 39.7086
116.334 39.7086
116.334 39.7085
116.334 39.7084
116.334 39.7084
116.334 39.7084
116.334 39.7085
116.334 39.7085
116.334 39.7084
116.334 39.7084
116.334 39.7084
116.334 39.7084
116.334 39.7084
116.334 39.7084
116.334 39.7084
116.334 39.7084
116.334 39.7084
116.334 39.7084
116.334 39.7084
116.334 39.7084
116.334 39.7084
116.334 39.7084
116.334 39.7084
116.334 39.7084
116.334 39.7084
116.334 39.7084
116.335 39.7084
116.335 39.7085
116.335 39.7086
116.335 39.709
116.335 39.7094
116.335 39.7096
116.334 39.7097
116.334 39.7097
116.334 39.7096
116.333 39.7094
116.333 39.7095
116.332 39.7102
116.332 39.7102
116.332 39.7101
116.33 39.709
116.33 39.7089
116.33 39.7087
116.331 39.7085
116.331 39.7084
116.324 39.7014
116.324 39.7012
116.317 39.7001
116.316 39.7002
116.316 39.7004
116.314 39.7087
116.314 39.7088
116.313 39.709
116.313 39.7092
116.312 39.7121
116.312 39.7124
116.31 39.7211
116.31 39.7211
116.31 39.7214
116.31 39.7214
116.306 39.7222
116.306 39.7223
116.306 39.7238
116.306 39.7245
116.306 39.7246
116.307 39.7247
116.307 39.7248
116.307 39.7248
116.307 39.7249
116.307 39.725
116.307 39.7251
116.307 39.7253
116.307 39.7251
116.307 39.7253
116.307 39.7249
116.306 39.7245
116.306 39.7244
116.306 39.724
116.306 39.7233
116.306 39.7231
116.306 39.7229
116.306 39.7233
116.306 39.7231
116.306 39.7242
116.306 39.7229
116.306 39.724
116.306 39.7243
116.306 39.7244
116.307 39.7249
116.307 39.7251
116.307 39.7257
116.306 39.7257
116.307 39.7246
116.307 39.7246
116.306 39.7245
116.306 39.7241
116.306 39.724
116.306 39.7221
116.307 39.7221
116.31 39.7214
116.319 39.724
116.325 39.7261
116.325 39.7261
116.326 39.7261
116.326 39.7241
116.326 39.7239
116.326 39.7238
116.326 39.7238
116.326 39.7238
116.326 39.7237
116.325 39.7236
116.325 39.7235
116.326 39.7234
116.326 39.7234
116.326 39.7234
116.326 39.7234
116.326 39.7219
116.326 39.7214
116.326 39.7213
116.326 39.7213
116.327 39.7215
116.327 39.7217
116.327 39.7219
116.327 39.7362
116.326 39.7619
116.325 39.7654
116.325 39.7688
116.325 39.7689
116.321 39.7688
116.321 39.7691
116.321 39.7719
116.316 39.7719
116.316 39.7732
116.316 39.7732
116.316 39.7744
116.316 39.7762
116.316 39.7764
116.316 39.7765
116.31 39.777
116.31 39.7781
116.31 39.7787
116.314 39.7792
116.333 39.7771
116.334 39.7764
116.336 39.7751
116.336 39.7752
116.338 39.7787
116.338 39.7792
116.338 39.7798
116.338 39.7801
116.342 39.7907
116.341 39.7963
116.339 39.82
116.34 39.8466
116.342 39.8494
116.341 39.8485
116.34 39.8483
116.34 39.8474
116.341 39.8385
116.34 39.8382
116.337 39.8406
116.322 39.8479
116.318 39.8495
116.315 39.8524
116.314 39.8532
116.314 39.8528
116.313 39.8522
116.307 39.8606
116.304 39.8946
116.304 39.8939
116.3 39.8838
116.301 39.8835
116.301 39.8837
116.302 39.8843
116.309 39.892
116.31 39.8935
116.312 39.8953
116.313 39.8954
116.314 39.8951
116.314 39.8951
116.314 39.8952
116.314 39.8954
116.314 39.8954
116.314 39.8953
116.314 39.8951
116.314 39.895
116.315 39.895
116.315 39.895
116.315 39.8949
116.315 39.8949
116.316 39.8951
116.316 39.895
116.316 39.8951
116.316 39.8952
116.317 39.8955
116.317 39.8956
116.321 39.8956
116.322 39.8955
116.322 39.8955
116.323 39.8955
116.323 39.8954
116.324 39.8935
116.324 39.8934
116.324 39.8922
116.324 39.8919
116.323 39.8918
116.318 39.892
116.317 39.892
116.316 39.892
116.316 39.892
116.315 39.892
116.315 39.892
116.315 39.892
116.315 39.8919
116.315 39.8918
116.315 39.891
116.315 39.8903
116.315 39.8888
116.315 39.8874
116.315 39.8844
116.315 39.8843
116.315 39.8842
116.315 39.8832
116.315 39.8832
116.315 39.8832
116.315 39.8833
116.315 39.8834
116.315 39.8859
116.315 39.886
116.315 39.8873
116.315 39.8875
116.315 39.8878
116.318 39.8884
116.318 39.8884
116.319 39.8886
116.342 39.8881
116.342 39.888
116.342 39.8878
116.342 39.8867
116.342 39.8856
116.344 39.8676
116.346 39.867
116.354 39.8668
116.354 39.866
116.354 39.8652
116.354 39.8648
116.354 39.8648
116.354 39.8647
116.354 39.8647
116.354 39.8643
116.354 39.8637
116.354 39.8638
116.354 39.8638
116.354 39.864
116.352 39.864
116.352 39.8639
116.352 39.8635
116.352 39.8634
116.352 39.8616
116.352 39.8613
116.352 39.8618
116.352 39.8622
116.352 39.8622
116.354 39.8623
116.354 39.8623
116.354 39.8651
116.358 39.8653
116.358 39.8652
116.358 39.862
116.358 39.8597
116.358 39.8597
116.358 39.8589
116.358 39.8588
116.357 39.8589
116.357 39.8588
116.357 39.8582
116.355 39.8558
116.355 39.8558
116.351 39.8553
116.351 39.8553
116.349 39.8554
116.317 39.8505
116.308 39.8603
116.307 39.8843
116.307 39.8846
116.307 39.8847
116.308 39.8848
116.308 39.8849
116.309 39.8852
116.309 39.8853
116.31 39.8858
116.31 39.8858
116.31 39.8858
116.31 39.8858
116.311 39.8832
116.311 39.8822
116.311 39.8812
116.311 39.8811
116.311 39.8811
116.305 39.8808
116.305 39.8809
116.306 39.8836
116.306 39.8838
116.305 39.8855
116.304 39.8949
116.304 39.9269
116.302 39.9604
116.303 39.9612
116.304 39.9617
116.315 39.9654
116.315 39.9655
116.315 39.9656
116.315 39.9658
116.319 39.9662
116.318 39.9661
116.318 39.9661
116.316 39.966
116.311 39.9644
116.308 39.9633
116.306 39.9626
116.304 39.9619
116.304 39.9619
116.304 39.9616
116.304 39.9616
116.305 39.9621
116.315 39.9653
116.315 39.9653
116.315 39.9652
116.317 39.9557
116.317 39.9556
116.317 39.9555
116.311 39.9557
116.303 39.9557
116.303 39.9557
116.303 39.9557
116.303 39.9555
116.303 39.9528
116.303 39.952
116.304 39.9374
116.304 39.9333
116.304 39.9332
116.304 39.9323
116.304 39.9321
116.304 39.9318
116.304 39.9317
116.304 39.9316
116.303 39.9568
116.301 39.9687
116.3 39.9692
116.296 39.9724
116.295 39.9734
116.294 39.9828
116.295 39.9832
116.295 39.9834
116.296 39.9836
116.306 39.9838
116.304 39.9412
116.304 39.9386
116.304 39.9382
116.304 39.9361
116.304 39.9355
116.304 39.9329
116.304 39.93
116.304 39.93
116.304 39.9292
116.304 39.9268
116.304 39.9267
116.304 39.9265
116.304 39.9263
116.304 39.9256
116.304 39.9245
116.304 39.9244
116.304 39.922
116.304 39.9198
116.304 39.9175
116.304 39.9169
116.304 39.9167
116.304 39.915
116.304 39.9148
116.304 39.9137
116.304 39.9137
116.304 39.9129
116.304 39.9128
116.304 39.9126
116.304 39.9124
116.304 39.9116
116.304 39.9103
116.304 39.9088
116.304 39.9051
116.304 39.905
116.302 39.9051
116.302 39.9052
116.302 39.9054
116.302 39.9057
116.302 39.9059
116.302 39.906
116.302 39.9061
116.314 39.9061
116.315 39.906
116.315 39.9058
116.315 39.8995
116.315 39.8969
116.315 39.8969
116.315 39.8969
116.315 39.8966
116.315 39.8958
116.315 39.8958
116.315 39.8957
116.312 39.8959
116.31 39.896
116.305 39.8963
116.305 39.8963
116.303 39.8963
116.303 39.8962
116.303 39.8956
116.303 39.895
116.304 39.895
116.304 39.8947
116.304 39.8942
116.304 39.8926
116.304 39.8926
116.303 39.8926
116.303 39.8926
116.303 39.8926
116.3 39.8922
116.3 39.8922
116.3 39.892
116.299 39.8918
116.295 39.8902
116.289 39.89
116.289 39.8901
116.289 39.8901
116.289 39.8954
116.289 39.8955
116.301 39.8956
116.301 39.8954
116.304 39.895
116.304 39.8948
116.304 39.8946
116.304 39.8903
116.304 39.8902
116.304 39.8902
116.304 39.8902
116.304 39.8899
116.304 39.8897
116.304 39.8895
116.308 39.8601
116.317 39.8502
116.32 39.8484
116.324 39.8477
116.339 39.8481
116.38 39.8554
116.381 39.8554
116.381 39.8554
116.396 39.8556
116.398 39.8556
116.398 39.8557
116.399 39.8556
116.399 39.8556
116.399 39.8556
116.399 39.8556
116.399 39.8556
116.4 39.8556
116.443 39.8579
116.446 39.8595
116.454 39.8663
116.455 39.8747
116.455 39.8747
116.456 39.8748
116.457 39.8747
116.457 39.8745
116.457 39.8745
116.457 39.8745
116.457 39.8742
116.458 39.8736
116.458 39.8736
116.457 39.8741
116.457 39.8742
116.457 39.8743
116.457 39.8744
116.457 39.8746
116.457 39.8745
116.457 39.8744
116.457 39.8744
116.457 39.8745
116.459 39.8746
116.459 39.8748
116.462 39.8748
116.462 39.8747
116.462 39.8744
116.462 39.8743
116.462 39.8744
116.462 39.8742
116.462 39.8723
116.461 39.8721
116.462 39.8703
116.462 39.8702
116.461 39.8701
116.46 39.8701
116.459 39.8702
116.456 39.87
116.456 39.87
116.455 39.8701
116.455 39.8699
116.455 39.8699
116.453 39.8656
116.452 39.8651
116.45 39.8627
116.448 39.8627
116.448 39.8626
116.447 39.8613
116.447 39.8603
116.447 39.8602
116.447 39.8602
116.446 39.8601
116.444 39.8586
116.44 39.8577
116.433 39.8576
116.432 39.8575
116.433 39.853
116.433 39.8447
116.433 39.8446
116.435 39.8444
116.44 39.8443
116.44 39.8442
116.441 39.8335
116.441 39.8334
116.441 39.8334
116.441 39.8312
116.441 39.8311
116.429 39.8312
116.377 39.8305
116.376 39.8306
116.376 39.8308
116.376 39.832
116.376 39.8321
116.378 39.8321
116.378 39.8321
116.378 39.8322
116.378 39.8323
116.378 39.8327
116.378 39.8327
116.378 39.8328
116.378 39.8326
116.378 39.8321
116.378 39.832
116.377 39.832
116.376 39.832
116.376 39.8319
116.376 39.8318
116.376 39.8312
116.376 39.8306
116.376 39.8305
116.364 39.8302
116.364 39.8304
116.365 39.8328
116.365 39.8373
116.365 39.8378
116.365 39.8438
116.365 39.8442
116.365 39.8444
116.365 39.8445
116.365 39.8445
116.365 39.8446
116.364 39.8445
116.359 39.8445
116.355 39.8445
116.353 39.8445
116.348 39.8446
116.34 39.8449
116.34 39.8449
116.34 39.845
116.34 39.8463
116.342 39.8478
116.343 39.8488
116.343 39.8489
116.339 39.8492
116.337 39.8481
116.336 39.8479
116.335 39.8479
116.335 39.8477
116.335 39.8477
116.322 39.8479
116.319 39.8491
116.316 39.8514
116.308 39.8607
116.307 39.8616
116.307 39.8618
116.307 39.8653
116.307 39.8677
116.306 39.868
116.306 39.868
116.305 39.8679
116.305 39.8676
116.303 39.8661
116.292 39.8653
116.288 39.8651
116.288 39.8652
116.288 39.8734
116.288 39.8734
116.288 39.8733
116.288 39.8677
116.288 39.8659
116.288 39.8658
116.288 39.8652
116.288 39.8651
116.28 39.8645
116.28 39.8643
116.28 39.8641
116.288 39.8646
116.288 39.8644
116.288 39.8583
116.288 39.8583
116.288 39.857
116.288 39.8568
116.288 39.8563
116.288 39.8491
116.288 39.849
116.284 39.899
116.284 39.899
116.284 39.899
116.284 39.8479
116.284 39.848
116.284 39.8481
116.284 39.8481
116.284 39.8481
116.283 39.8484
116.283 39.8484
116.282 39.8483
116.282 39.8483
116.282 39.8481
116.282 39.8482
116.282 39.8481
116.283 39.8483
116.284 39.8484
116.284 39.8483
116.284 39.8478
116.284 39.8477
116.284 39.8477
116.282 39.8472
116.282 39.8472
116.28 39.8467
116.28 39.8468
116.28 39.8472
116.28 39.8492
116.28 39.8498
116.28 39.85
116.28 39.8501
116.28 39.8501
116.28 39.8501
116.278 39.85
116.278 39.8499
116.278 39.85
116.278 39.8512
116.277 39.8544
116.277 39.8579
116.277 39.858
116.283 39.8584
116.283 39.8586
116.281 39.8604
116.281 39.8605
116.281 39.8605
116.442 39.9962
116.442 39.9962
116.283 39.8617
116.283 39.8618
116.282 39.8617
116.283 39.8608
116.283 39.8606
116.283 39.8605
116.282 39.8605
116.281 39.8605
116.281 39.8605
116.281 39.8605
116.281 39.8605
116.28 39.8605
116.279 39.8603
116.277 39.8602
116.277 39.86
116.281 39.8536
116.28 39.8536
116.278 39.8424
116.279 39.8409
116.279 39.8407
116.279 39.8406
116.28 39.8399
116.28 39.8397
116.28 39.8409
116.28 39.841
116.28 39.8411
116.28 39.8411
116.28 39.8412
116.28 39.8413
116.28 39.8413
116.28 39.8416
116.28 39.8417
116.279 39.8432
116.279 39.8433
116.286 39.8459
116.286 39.8459
116.287 39.846
116.287 39.846
116.287 39.846
116.287 39.8461
116.287 39.8463
116.288 39.8464
116.289 39.8463
116.289 39.8461
116.289 39.8458
116.289 39.8457
116.289 39.8453
116.289 39.8453
116.29 39.8447
116.29 39.8445
116.29 39.8444
116.29 39.8442
116.29 39.844
116.29 39.8438
116.29 39.8426
116.29 39.8422
116.292 39.8415
116.292 39.8415
116.292 39.8413
116.291 39.8411
116.287 39.8404
116.287 39.8404
116.287 39.8403
116.287 39.8401
116.287 39.8398
116.287 39.8397
116.287 39.8393
116.287 39.8388
116.287 39.8387
116.287 39.8384
116.288 39.838
116.288 39.8357
116.286 39.8356
116.286 39.8355
116.286 39.8353
116.287 39.8334
116.286 39.8329
116.287 39.8329
116.287 39.8329
116.287 39.8329
116.287 39.8329
116.289 39.8325
116.289 39.8325
116.289 39.8325
116.289 39.8325
116.289 39.8325
116.289 39.8325
116.288 39.8327
116.287 39.8329
116.287 39.8329
116.286 39.8326
116.286 39.8324
116.286 39.8323
116.286 39.832
116.285 39.8303
116.285 39.8303
116.285 39.8302
116.285 39.83
116.285 39.8299
116.285 39.8298
116.285 39.8297
116.307 39.8289
116.307 39.8288
116.307 39.824
116.307 39.8188
116.308 39.7885
116.308 39.7879
116.308 39.7879
116.308 39.7879
116.308 39.788
116.317 39.7933
116.322 39.7932
116.322 39.7932
116.323 39.7932
116.333 39.793
116.333 39.7931
116.333 39.7936
116.334 39.7985
116.334 39.7985
116.334 39.7985
116.334 39.7987
116.334 39.7989
116.334 39.8
116.334 39.8006
116.334 39.8005
116.334 39.8004
116.334 39.7985
116.334 39.7978
116.333 39.7892
116.332 39.7892
116.323 39.7894
116.322 39.7893
116.323 39.7839
116.325 39.7687
116.325 39.7686
116.321 39.7686
116.321 39.7684
116.323 39.7564
116.323 39.7562
116.322 39.7561
116.317 39.7557
116.317 39.7557
116.317 39.7556
116.317 39.7519
116.317 39.7452
116.317 39.7433
116.317 39.7421
116.318 39.7366
116.321 39.7304
116.32 39.7303
116.32 39.7303
116.319 39.7301
116.317 39.7298
116.317 39.7298
116.307 39.725
116.307 39.7249
116.307 39.7249
116.307 39.7247
116.307 39.7253
116.307 39.7252
116.565 39.2827
116.567 39.28
116.591 39.2466
116.593 39.2441
116.641 39.1799
116.642 39.1783
116.676 39.1347
116.678 39.1324
116.711 39.0924
116.714 39.0903
116.732 39.0683
116.739 39.0778
116.307 39.725
116.308 39.7247
116.306 39.7228
116.306 39.7227
116.306 39.7227
116.306 39.7245
116.305 39.7233
116.304 39.723
116.305 39.7232
116.305 39.7236
116.306 39.7238
116.306 39.7238
116.306 39.7244
116.306 39.724
116.306 39.7245
116.306 39.724
116.307 39.7239
116.308 39.7239
116.308 39.7239
116.31 39.724
116.31 39.724
116.314 39.7246
116.314 39.7245
116.315 39.7225
116.315 39.7223
116.315 39.7223
116.315 39.7223
116.318 39.7231
116.322 39.7256
116.322 39.7256
116.322 39.7259
116.322 39.7261
116.321 39.7301
116.319 39.7358
116.318 39.7386
116.317 39.7413
116.317 39.7443
116.317 39.7686
116.321 39.7687
116.321 39.7689
116.321 39.7717
116.322 39.7717
116.324 39.7713
116.325 39.7714
116.325 39.7715
116.325 39.7716
116.325 39.7763
116.325 39.7763
116.323 39.7809
116.322 39.7933
116.317 39.7932
116.317 39.7932
116.317 39.7933
116.317 39.7933
116.315 39.7932
116.314 39.7931
116.313 39.793
116.312 39.793
116.312 39.7929
116.311 39.7929
116.308 39.7928
116.308 39.7929
116.308 39.7932
116.567 40.0638
116.567 40.0638
116.296 39.7945
116.295 39.8029
116.295 39.8043
116.295 39.8043
116.296 39.8067
116.298 39.812
116.298 39.8134
116.298 39.8141
116.299 39.8139
116.299 39.8147
116.299 39.8152
116.299 39.8157
116.299 39.8162
116.298 39.8166
116.298 39.8169
116.296 39.8182
116.296 39.8182
116.291 39.8185
116.29 39.8186
116.284 39.8186
116.284 39.8188
116.284 39.8213
116.284 39.8215
116.282 39.8216
116.279 39.8221
116.275 39.8236
116.275 39.8236
116.275 39.8237
116.275 39.8238
116.275 39.8238
116.275 39.8236
116.275 39.8235
116.275 39.8234
116.276 39.823
116.277 39.8226
116.277 39.8225
116.279 39.822
116.279 39.8218
116.278 39.821
116.278 39.8203
116.278 39.8203
116.273 39.8203
116.273 39.8204
116.273 39.8204
116.273 39.8216
116.275 39.8252
116.274 39.8343
116.274 39.8344
116.274 39.8344
116.276 39.8346
116.278 39.8348
116.278 39.8351
116.279 39.8353
116.279 39.8355
116.278 39.8361
116.278 39.8364
116.278 39.8363
116.282 39.8309
116.284 39.8301
116.285 39.8296
116.341 39.8294
116.341 39.8293
116.341 39.8285
116.341 39.8283
116.34 39.8284
116.34 39.8287
116.34 39.8301
116.343 39.8492
116.343 39.8492
116.368 39.8556
116.414 39.8556
116.416 39.8558
116.416 39.8559
116.416 39.8562
116.416 39.8655
116.416 39.8655
116.416 39.8655
116.416 39.8655
116.422 39.8672
116.422 39.868
116.422 39.8681
116.415 39.8684
116.414 39.8684
116.414 39.8684
116.412 39.8684
116.412 39.868
116.412 39.8681
116.41 39.8682
116.41 39.8681
116.41 39.8674
116.41 39.8673
116.41 39.8673
116.41 39.8672
116.41 39.867
116.411 39.8665
116.411 39.8664
116.411 39.8663
116.412 39.8658
116.412 39.8657
116.41 39.8655
116.41 39.8649
116.41 39.8649
116.411 39.8645
116.411 39.8645
116.411 39.8642
116.411 39.8642
116.411 39.8641
116.41 39.864
116.4 39.8638
116.4 39.8638
116.395 39.8642
116.395 39.8642
116.395 39.8642
116.395 39.8642
116.395 39.8642
116.395 39.864
116.395 39.8639
116.397 39.8618
116.399 39.8601
116.399 39.8599
116.4 39.8593
116.4 39.8592
116.4 39.8591
116.4 39.8593
116.399 39.8599
116.399 39.8601
116.395 39.8642
116.394 39.865
116.394 39.8655
116.394 39.8686
116.394 39.8694
116.394 39.8695
116.396 39.8696
116.397 39.8703
116.409 39.8707
116.41 39.8704
116.412 39.8697
116.416 39.8698
116.416 39.8696
116.416 39.8691
116.416 39.8689
116.415 39.8689
116.415 39.8691
116.415 39.8693
116.415 39.8772
116.415 39.8784
116.415 39.8789
116.415 39.8802
116.414 39.8843
116.413 39.8872
116.413 39.89
116.413 39.8946
116.413 39.8947
116.413 39.8949
116.413 39.8956
116.413 39.8956
116.413 39.8956
116.413 39.8955
116.418 39.8957
116.418 39.8957
116.419 39.8957
116.421 39.8961
116.421 39.8963
116.421 39.8963
116.421 39.8965
116.421 39.8992
116.421 39.8992
116.421 39.8993
116.421 39.8993
116.43 39.8992
116.43 39.899
116.431 39.8984
116.437 39.897
116.437 39.8965
116.44 39.8768
116.437 39.8701
116.413 39.8699
116.425 39.9817
116.425 39.9819
116.418 39.9821
116.401 39.9817
116.401 39.9817
116.401 39.9757
116.401 39.9756
116.397 39.9756
116.397 39.9756
116.397 39.9756
116.396 39.9756
116.389 39.9754
116.382 39.9755
116.382 39.9755
116.376 39.9754
116.376 39.9755
116.365 39.9753
116.365 39.9754
116.364 39.9753
116.364 39.9753
116.36 39.9753
116.359 39.9753
116.359 39.9754
116.35 39.9752
116.35 39.9752
116.35 39.9752
116.35 39.9752
116.349 39.9753
116.347 39.9751
116.347 39.9749
116.347 39.9736
116.347 39.9703
116.347 39.9703
116.347 39.9701
116.347 39.9693
116.347 39.9691
116.349 39.954
116.349 39.9538
116.349 39.9533
116.349 39.9532
116.349 39.9531
116.348 39.9517
116.349 39.9514
116.349 39.9513
116.354 39.9508
116.355 39.9509
116.357 39.951
116.358 39.951
116.365 39.9513
116.365 39.9506
116.365 39.9504
116.365 39.9501
116.366 39.9475
116.365 39.9474
116.365 39.9474
116.365 39.9474
116.365 39.9474
116.363 39.9467
116.363 39.9468
116.363 39.9467
116.358 39.9448
116.356 39.9444
116.356 39.9444
116.353 39.9435
116.353 39.9435
116.353 39.9434
116.35 39.9426
116.349 39.942
116.349 39.9412
116.349 39.9401
116.349 39.9364
116.349 39.9363
116.349 39.9363
116.348 39.9362
116.348 39.9362
116.348 39.9364
116.348 39.9364
116.348 39.9363
116.348 39.9362
116.347 39.9361
116.347 39.9361
116.347 39.936
116.347 39.9342
116.347 39.9343
116.347 39.9344
116.347 39.9351
116.347 39.9352
116.347 39.9354
116.347 39.9364
116.347 39.9366
116.347 39.9367
116.346 39.9382
116.346 39.9384
116.346 39.9391
116.346 39.9391
116.346 39.9396
116.345 39.9422
116.345 39.9425
116.344 39.9427
116.344 39.9427
116.344 39.9427
116.343 39.9421
116.343 39.9419
116.342 39.9465
116.34 39.9475
116.338 39.9474
116.338 39.9474
116.338 39.9479
116.338 39.9478
116.337 39.9477
116.337 39.9475
116.338 39.9475
116.338 39.9476
116.34 39.9482
116.342 39.9487
116.342 39.9487
116.343 39.9482
116.343 39.9479
116.343 39.9474
116.343 39.947
116.344 39.9454
116.344 39.9454
116.344 39.9451
116.344 39.9451
116.344 39.9447
116.344 39.9447
116.344 39.9447
116.344 39.9445
116.344 39.9446
116.344 39.9434
116.344 39.9432
116.345 39.9427
116.345 39.9422
116.346 39.9404
116.346 39.9399
116.347 39.9395
116.346 39.9386
116.347 39.9387
116.347 39.9387
116.348 39.9388
116.35 39.939
116.35 39.9389
116.35 39.9389
116.35 39.9389
116.35 39.9387
116.35 39.9383
116.35 39.9382
116.35 39.9383
116.35 39.9399
116.35 39.9399
116.35 39.9351
116.35 39.9361
116.35 39.9369
116.348 39.9369
116.348 39.937
116.348 39.9371
116.348 39.9375
116.349 39.9379
116.349 39.9382
116.349 39.9382
116.349 39.9358
116.349 39.9355
116.349 39.9348
116.349 39.932
116.35 39.9269
116.35 39.9267
116.35 39.9265
116.35 39.9246
116.35 39.9174
116.35 39.9132
116.35 39.9119
116.35 39.9113
116.35 39.9111
116.35 39.9079
116.35 39.9076
116.35 39.9074
116.35 39.9073
116.35 39.9073
116.35 39.9072
116.35 39.9072
116.35 39.907
116.35 39.907
116.35 39.9055
116.35 39.9046
116.35 39.9044
116.35 39.904
116.35 39.9033
116.35 39.9032
116.35 39.9028
116.35 39.9026
116.35 39.9025
116.35 39.9023
116.35 39.9017
116.35 39.9013
116.35 39.9008
116.35 39.8981
116.35 39.8976
116.349 39.8972
116.343 39.8963
116.343 39.8957
116.342 39.8949
116.343 39.8857
116.341 39.8521
116.34 39.8023
116.342 39.7872
116.337 39.7797
116.336 39.7788
116.334 39.7781
116.325 39.7781
116.314 39.7796
116.311 39.7808
116.311 39.7806
116.31 39.7802
116.305 39.7656
116.303 39.7622
116.304 39.7621
116.316 39.7619
116.316 39.7617
116.317 39.7493
116.317 39.7433
116.317 39.7428
116.32 39.7322
116.321 39.7306
116.322 39.7258
116.322 39.7256
116.322 39.7255
116.31 39.7215
116.307 39.7221
116.306 39.7221
116.306 39.7221
116.306 39.7222
116.306 39.7245
116.306 39.7246
116.307 39.7246
116.307 39.7247
116.307 39.7249
116.307 39.725
116.307 39.7251
116.307 39.7249
116.307 39.7248
116.307 39.7248
116.307 39.7246
116.306 39.7246
116.306 39.7245
116.306 39.7222
116.307 39.7221
116.31 39.7213
116.31 39.7213
116.312 39.7163
116.312 39.7127
116.312 39.7125
116.312 39.7121
116.312 39.7116
116.314 39.7085
116.315 39.7056
116.316 39.7001
116.316 39.7
116.316 39.7
116.321 39.7006
116.323 39.7011
116.324 39.702
116.325 39.7029
116.327 39.7099
116.327 39.7101
116.327 39.71
116.327 39.71
116.327 39.7101
116.327 39.7102
116.328 39.7127
116.33 39.7142
116.332 39.7207
116.332 39.7208
116.332 39.721
116.333 39.7219
116.334 39.7223
116.334 39.7255
116.334 39.7256
116.336 39.7252
116.336 39.7252
116.336 39.7253
116.337 39.7263
116.337 39.7271
116.337 39.7271
116.337 39.7271
116.338 39.7272
116.338 39.7272
116.338 39.7272
116.339 39.7272
116.34 39.7273
116.34 39.7272
116.34 39.7247
116.34 39.7246
116.337 39.7251
116.337 39.7251
116.336 39.7252
116.336 39.7253
116.334 39.7255
116.334 39.7256
116.333 39.7257
116.332 39.7259
116.327 39.7266
116.327 39.7265
116.323 39.7258
116.322 39.7257
116.315 39.7223
116.31 39.7215
116.306 39.7222
116.306 39.7224
116.306 39.7246
116.307 39.7248
116.307 39.7252
116.307 39.7252
116.307 39.725
116.307 39.7249
116.307 39.7247
116.307 39.7246
116.306 39.7245
116.306 39.7239
116.306 39.7221
116.307 39.7221
116.31 39.7214
116.31 39.7214
116.315 39.7222
116.318 39.7229
116.322 39.7255
116.322 39.7257
116.322 39.7259
116.322 39.7261
116.321 39.73
116.321 39.73
116.317 39.7415
116.317 39.7416
116.317 39.7421
116.317 39.7422
116.317 39.7422
116.326 39.7414
116.326 39.7414
116.329 39.7414
116.329 39.7414
116.329 39.7415
116.329 39.7415
116.329 39.7419
116.329 39.7421
116.329 39.7428
116.33 39.7428
116.33 39.7428
116.33 39.743
116.33 39.7436
116.331 39.7438
116.332 39.7437
116.332 39.7437
116.332 39.7435
116.331 39.7435
116.331 39.7436
116.332 39.7437
116.332 39.7437
116.332 39.7436
116.332 39.7435
116.332 39.743
116.332 39.743
116.331 39.743
116.331 39.7431
116.33 39.7432
116.33 39.7431
116.33 39.743
116.33 39.7429
116.329 39.7428
116.329 39.7428
116.329 39.742
116.329 39.7417
116.329 39.7415
116.329 39.7415
116.329 39.7415
116.327 39.7414
116.327 39.7414
116.327 39.7414
116.326 39.7413
116.326 39.7366
116.326 39.7323
116.326 39.7323
116.326 39.7265
116.326 39.7263
116.326 39.7263
116.321 39.7253
116.317 39.7225
116.31 39.7215
116.306 39.7221
116.306 39.7223
116.306 39.7238
116.306 39.7245
116.307 39.7246
116.307 39.7246
116.307 39.7247
116.307 39.7247
116.307 39.7252
116.307 39.7251
116.307 39.7246
116.307 39.7246
116.306 39.7245
116.306 39.7244
116.306 39.7243
116.306 39.7243
116.306 39.7239
116.306 39.7221
116.307 39.722
116.31 39.7214
116.31 39.7214
116.315 39.7222
116.315 39.7222
116.315 39.7221
116.318 39.7232
116.322 39.7257
116.326 39.7261
116.326 39.7261
116.326 39.726
116.326 39.7241
116.326 39.7239
116.326 39.7238
116.326 39.7242
116.326 39.7233
116.326 39.7233
116.327 39.7232
116.326 39.7213
116.327 39.7212
116.327 39.7212
116.329 39.7212
116.33 39.7211
116.33 39.7212
116.33 39.7212
116.338 39.7206
116.339 39.7203
116.339 39.7201
116.337 39.7143
116.331 39.7086
116.331 39.7086
116.33 39.7087
116.33 39.7089
116.331 39.7091
116.332 39.7102
116.332 39.7102
116.332 39.7102
116.332 39.7102
116.332 39.7101
116.332 39.7101
116.333 39.7097
116.333 39.7095
116.334 39.7097
116.334 39.7097
116.335 39.7096
116.335 39.7094
116.335 39.7093
116.335 39.7093
116.335 39.7092
116.335 39.7085
116.335 39.7084
116.334 39.7083
116.335 39.7084
116.335 39.7085
116.335 39.7085
116.335 39.7089
116.335 39.7093
116.335 39.7096
116.335 39.7097
116.334 39.7097
116.334 39.7096
116.333 39.7091
116.332 39.7084
116.332 39.7084
116.332 39.7085
116.338 39.7163
116.339 39.7204
116.339 39.7207
116.333 39.7211
116.327 39.7215
116.327 39.7216
116.327 39.7218
116.327 39.7299
116.327 39.73
116.327 39.7302
116.327 39.7303
116.327 39.7304
116.327 39.7304
116.327 39.7304
116.329 39.7304
116.329 39.7302
116.329 39.7287
116.329 39.7286
116.33 39.7287
116.33 39.7288
116.33 39.7287
116.33 39.7287
116.33 39.7286
116.33 39.7278
116.33 39.7266
116.33 39.7265
116.33 39.7264
116.33 39.7263
116.33 39.7261
116.333 39.7255
116.333 39.7255
116.333 39.7253
116.333 39.7216
116.333 39.7214
116.332 39.721
116.329 39.7138
116.325 39.7071
116.324 39.7019
116.324 39.7015
116.323 39.7013
116.323 39.7013
116.323 39.7011
116.323 39.701
116.323 39.7008
116.322 39.6995
116.321 39.6991
116.321 39.6988
116.321 39.6966
116.323 39.6945
116.323 39.6907
116.323 39.6907
116.323 39.6903
116.323 39.6901
116.323 39.6902
116.33 39.6905
116.332 39.6905
116.336 39.6907
116.337 39.6905
116.342 39.6731
116.342 39.673
116.343 39.6716
116.343 39.6716
116.343 39.6716
116.343 39.6716
116.343 39.6709
116.343 39.6706
116.343 39.6708
116.343 39.6712
116.343 39.6712
116.343 39.6713
116.343 39.6716
116.343 39.6715
116.343 39.6715
116.343 39.6715
116.343 39.6715
116.343 39.6716
116.343 39.6716
116.336 39.6907
116.336 39.6907
116.324 39.6903
116.324 39.6903
116.323 39.6904
116.324 39.6966
116.324 39.6974
116.325 39.6981
116.326 39.6986
116.326 39.6989
116.326 39.7001
116.326 39.7003
116.325 39.7009
116.325 39.7016
116.326 39.7024
116.329 39.7059
116.329 39.7066
116.337 39.7144
116.339 39.72
116.339 39.7205
116.339 39.7206
116.339 39.7207
116.33 39.7213
116.327 39.7215
116.327 39.7216
116.327 39.7219
116.327 39.726
116.327 39.7296
116.326 39.7355
116.326 39.7484
116.326 39.7501
116.326 39.7504
116.326 39.756
116.326 39.7618
116.325 39.7621
116.325 39.7621
116.325 39.7621
116.322 39.7622
116.322 39.7623
116.321 39.7718
116.321 39.7719
116.402 39.9576
116.323 39.7715
116.324 39.7715
116.324 39.7715
116.324 39.7715
116.316 39.7719
116.316 39.7722
116.317 39.7763
116.317 39.7763
116.324 39.7758
116.324 39.7758
116.324 39.7761
116.324 39.7812
116.324 39.7812
116.328 39.7811
116.328 39.7814
116.328 39.7837
116.328 39.7837
116.323 39.7837
116.323 39.7839
116.323 39.7893
116.323 39.7894
116.323 39.7895
116.333 39.7893
116.333 39.7895
116.334 39.7978
116.334 39.7986
116.334 39.7991
116.334 39.7996
116.334 39.8006
116.334 39.8007
116.334 39.8007
116.333 39.8008
116.333 39.8008
116.329 39.8008
116.329 39.8008
116.326 39.7993
116.326 39.7991
116.326 39.799
116.326 39.799
116.326 39.799
116.326 39.7991
116.328 39.8004
116.328 39.8006
116.328 39.8006
116.328 39.8008
116.328 39.8009
116.328 39.8012
116.329 39.8048
116.329 39.8049
116.329 39.8066
116.329 39.8088
116.329 39.809
116.33 39.8092
116.33 39.8099
116.329 39.8133
116.325 39.8133
116.325 39.81
116.325 39.81
116.325 39.81
116.325 39.81
116.325 39.81
116.325 39.8102
116.326 39.8134
116.325 39.8135
116.325 39.8135
116.325 39.8136
116.324 39.8138
116.325 39.8149
116.325 39.8151
116.325 39.8153
116.325 39.816
116.326 39.8225
116.324 39.8229
116.318 39.8289
116.318 39.8291
116.341 39.8295
116.341 39.8293
116.341 39.8287
116.341 39.8284
116.341 39.8283
116.34 39.8284
116.34 39.829
116.34 39.8463
116.341 39.8479
116.343 39.849
116.366 39.8554
116.406 39.8555
116.406 39.8554
116.407 39.8554
116.407 39.8554
116.407 39.8554
116.407 39.8554
116.408 39.8554
116.408 39.8554
116.408 39.8553
116.408 39.8526
116.408 39.8525
116.405 39.8525
116.405 39.8526
116.405 39.8526
116.405 39.8524
116.405 39.8524
116.405 39.8524
116.407 39.8525
116.408 39.8525
116.408 39.8523
116.408 39.8475
116.408 39.8458
116.408 39.8451
116.408 39.8446
116.408 39.8447
116.409 39.8445
116.409 39.8445
116.409 39.8445
116.415 39.8446
116.416 39.8447
116.416 39.8447
116.416 39.8448
116.416 39.8456
116.416 39.846
116.416 39.8473
116.416 39.8482
116.416 39.8483
116.415 39.8484
116.415 39.8488
116.408 39.8534
116.408 39.8535
116.408 39.8536
116.408 39.8549
116.408 39.855
116.408 39.8559
116.408 39.8559
116.365 39.8554
116.357 39.8533
116.357 39.8534
116.357 39.8536
116.357 39.8537
116.358 39.8541
116.359 39.8503
116.359 39.8503
116.359 39.8502
116.359 39.8495
116.359 39.8494
116.358 39.8493
116.358 39.8493
116.357 39.8492
116.357 39.8493
116.357 39.8493
116.356 39.849
116.356 39.849
116.355 39.849
116.355 39.849
116.355 39.849
116.355 39.8489
116.355 39.8489
116.354 39.8488
116.354 39.8488
116.353 39.8488
116.353 39.8484
116.353 39.8473
116.353 39.8471
116.353 39.8469
116.353 39.8454
116.353 39.8454
116.353 39.8454
116.353 39.8454
116.353 39.8454
116.353 39.8456
116.353 39.8469
116.353 39.8488
116.354 39.8489
116.355 39.849
116.355 39.849
116.356 39.849
116.356 39.849
116.357 39.8503
116.357 39.8502
116.357 39.8501
116.358 39.85
116.358 39.8499
116.358 39.8497
116.358 39.8498
116.358 39.8498
116.358 39.8498
116.358 39.8499
116.358 39.8499
116.359 39.8498
116.359 39.8499
116.359 39.8504
116.359 39.8572
116.359 39.8583
116.359 39.8586
116.358 39.8638
116.358 39.8652
116.358 39.8687
116.358 39.8704
116.358 39.8705
116.358 39.8743
116.358 39.8743
116.358 39.8747
116.358 39.8749
116.358 39.8751
116.358 39.8759
116.358 39.876
116.357 39.8768
116.354 39.8767
116.354 39.8766
116.353 39.8764
116.351 39.8767
116.351 39.8766
116.351 39.8764
116.35 39.8762
116.348 39.8762
116.348 39.8762
116.348 39.8763
116.348 39.8763
116.345 39.8763
116.344 39.8763
116.344 39.8763
116.343 39.8761
116.343 39.8736
116.34 39.8278
116.341 39.7965
116.341 39.7964
116.341 39.7964
116.342 39.791
116.342 39.7889
116.342 39.7881
116.341 39.7848
116.326 39.7781
116.311 39.7807
116.311 39.7807
116.311 39.7804
116.305 39.7656
116.303 39.7624
116.303 39.7623
116.304 39.7621
116.304 39.7621
116.311 39.7619
116.311 39.7617
116.312 39.7555
116.312 39.7555
116.312 39.7555
116.312 39.7554
116.312 39.7554
116.314 39.7555
116.314 39.7555
116.316 39.7557
116.316 39.7557
116.317 39.7559
116.317 39.7563
116.316 39.7619
116.316 39.762
116.322 39.7621
116.322 39.7623
116.321 39.7717
116.322 39.7717
116.323 39.7715
116.323 39.7715
116.323 39.7714
116.324 39.7713
116.324 39.7714
116.324 39.7714
116.324 39.7715
116.316 39.7719
116.316 39.7721
116.317 39.7762
116.317 39.7763
116.324 39.7758
116.325 39.776
116.324 39.7781
116.324 39.7811
116.324 39.7812
116.328 39.781
116.328 39.7812
116.328 39.7836
116.328 39.7837
116.328 39.7837
116.326 39.7837
116.323 39.7837
116.323 39.7839
116.323 39.7877
116.323 39.7878
116.323 39.7887
116.323 39.7893
116.323 39.7893
116.322 39.7892
116.322 39.789
116.323 39.7838
116.323 39.7816
116.324 39.7762
116.325 39.7658
116.325 39.7625
116.326 39.7564
116.334 39.757
116.337 39.7572
116.337 39.7572
116.337 39.757
116.338 39.7421
116.339 39.7353
116.34 39.7316
116.34 39.7308
116.339 39.7218
116.339 39.7218
116.339 39.72
116.339 39.72
116.339 39.7199
116.338 39.7187
116.338 39.718
116.338 39.718
116.336 39.7133
116.324 39.7012
116.323 39.7011
116.317 39.7001
116.301 39.6974
116.301 39.6971
116.301 39.6905
116.3 39.6904
116.296 39.6899
116.296 39.6897
116.296 39.687
116.296 39.6869
116.296 39.6815
116.296 39.6816
116.296 39.6816
116.296 39.6815
116.296 39.6814
116.296 39.6815
116.296 39.6816
116.296 39.6818
116.296 39.6831
116.296 39.6833
116.296 39.6867
116.296 39.6882
116.296 39.6883
116.296 39.6883
116.296 39.6897
116.296 39.6898
116.301 39.6904
116.301 39.6906
116.301 39.6975
116.302 39.6976
116.323 39.7013
116.324 39.7021
116.325 39.703
116.328 39.7123
116.332 39.7202
116.332 39.7204
116.332 39.7204
116.332 39.7205
116.332 39.7206
116.332 39.7209
116.335 39.7084
116.335 39.7084
116.335 39.7086
116.335 39.709
116.335 39.7094
116.335 39.7096
116.334 39.7097
116.334 39.7096
116.333 39.709
116.332 39.7088
116.332 39.7084
116.332 39.7083
116.332 39.7084
116.332 39.7085
116.332 39.7087
116.339 39.7201
116.339 39.7207
116.339 39.721
116.333 39.7211
116.327 39.7215
116.327 39.7216
116.326 39.7216
116.326 39.7214
116.325 39.7204
116.325 39.7204
116.323 39.7224
116.323 39.7224
116.323 39.7224
116.323 39.7223
116.325 39.7203
116.325 39.7203
116.326 39.7204
116.327 39.7214
116.327 39.7215
116.327 39.722
116.327 39.7259
116.327 39.7263
116.326 39.7263
116.326 39.7263
116.321 39.7253
116.317 39.7225
116.31 39.7215
116.307 39.7221
116.306 39.7222
116.307 39.7246
116.307 39.7247
116.307 39.7249
116.307 39.7249
116.307 39.7251
116.307 39.725
116.307 39.7251
116.307 39.7251
116.307 39.725
116.307 39.725
116.307 39.7247
116.307 39.7246
116.306 39.7244
116.306 39.7222
116.307 39.7221
116.31 39.7214
116.31 39.7214
116.315 39.7221
116.318 39.7228
116.323 39.7257
116.326 39.7261
116.326 39.7261
116.326 39.7261
116.328 39.7265
116.333 39.7257
116.336 39.7253
116.336 39.7254
116.337 39.726
116.337 39.726
116.337 39.7266
116.337 39.7267
116.337 39.7269
116.337 39.7269
116.337 39.7269
116.337 39.727
116.338 39.727
116.338 39.727
116.338 39.7271
116.338 39.7271
116.338 39.7271
116.339 39.7272
116.339 39.7272
116.34 39.7272
116.34 39.7271
116.34 39.7247
116.34 39.7246
116.339 39.7246
116.334 39.7256
116.328 39.7265
116.327 39.7264
116.323 39.7258
116.322 39.7256
116.315 39.7223
116.31 39.7215
116.307 39.7221
116.306 39.7245
116.306 39.7246
116.307 39.7246
116.307 39.7248
116.307 39.7252
116.307 39.725
116.307 39.7249
116.307 39.7247
116.307 39.7247
116.307 39.7246
116.306 39.7245
116.306 39.7244
116.306 39.7221
116.307 39.722
116.31 39.7214
116.31 39.7214
116.315 39.7221
116.318 39.7229
116.322 39.7255
116.323 39.7257
116.326 39.7261
116.326 39.726
116.327 39.7258
116.327 39.7258
116.327 39.7217
116.326 39.7214
116.327 39.7212
116.328 39.7212
116.328 39.7212
116.329 39.7212
116.329 39.7211
116.33 39.7211
116.33 39.7212
116.332 39.7211
116.332 39.7211
116.332 39.7212
116.332 39.7212
116.327 39.7215
116.327 39.7216
116.327 39.7219
116.327 39.726
116.327 39.7261
116.326 39.7262
116.326 39.7263
116.325 39.7261
116.322 39.7258
116.322 39.7259
116.322 39.7262
116.321 39.7314
116.32 39.7332
116.32 39.7333
116.32 39.7333
116.319 39.7332
116.319 39.7331
116.319 39.7329
116.319 39.733
116.319 39.7332
116.319 39.7333
116.319 39.7333
116.319 39.7332
116.319 39.733
116.319 39.7329
116.319 39.7329
116.319 39.7329
116.319 39.733
116.319 39.7332
116.319 39.7332
116.32 39.7333
116.32 39.7333
116.32 39.7332
116.322 39.7264
116.322 39.7258
116.322 39.7256
116.317 39.7226
116.315 39.7223
116.31 39.7215
116.307 39.7222
116.306 39.7224
116.306 39.7238
116.306 39.7245
116.306 39.7245
116.306 39.7245
116.307 39.7246
116.307 39.7247
116.307 39.7248
116.307 39.7252
116.307 39.7251
116.307 39.7252
116.307 39.7254
116.307 39.7254
116.307 39.725
116.307 39.7248
116.307 39.7248
116.309 39.7234
116.309 39.7232
116.309 39.7229
116.308 39.7231
116.308 39.7239
116.308 39.7243
116.308 39.7244
116.308 39.7245
116.308 39.7245
116.308 39.7242
116.306 39.7235
116.306 39.7234
116.306 39.7236
116.306 39.7234
116.306 39.7234
116.306 39.7232
116.307 39.7245
116.307 39.7245
116.307 39.7245
116.306 39.7246
116.306 39.7244
116.306 39.7245
116.306 39.7242
116.305 39.724
116.305 39.7237
116.306 39.7244
116.306 39.7243
116.306 39.7249
116.305 39.7256
116.306 39.7253
116.307 39.7251
116.307 39.7251
116.307 39.7251
116.307 39.7251
116.306 39.7253
116.306 39.7253
116.306 39.7253
116.306 39.7254
116.306 39.7253
116.306 39.7251
116.306 39.7251
116.306 39.7251
116.306 39.7251
116.304 39.7264
116.304 39.7263
116.304 39.726
116.306 39.725
116.305 39.7251
116.306 39.7251
116.306 39.7252
116.306 39.725
116.307 39.7252
116.307 39.7253
116.307 39.7253
116.306 39.7259
116.309 39.7241
116.31 39.7235
116.31 39.7237
116.309 39.7239
116.309 39.724
116.309 39.724
116.308 39.7246
116.308 39.7246
116.308 39.7246
116.308 39.7245
116.439 39.7815
116.27 39.7317
116.276 39.7258
116.277 39.7257
116.277 39.7257
116.278 39.7252
116.287 39.7157
116.307 39.7259
116.307 39.7261
116.307 39.7261
116.307 39.7262
116.307 39.7261
116.307 39.7263
116.307 39.7263
116.307 39.7263
116.307 39.7264
116.307 39.7263
116.307 39.7262
116.305 39.7248
116.306 39.7248
116.306 39.7248
116.307 39.7252
116.323 39.7048
116.307 39.7254
116.287 39.7484
116.333 39.6975
116.764 39.2515
116.307 39.7248
116.307 39.7246
116.307 39.7245
116.306 39.7244
116.306 39.7244
116.306 39.7243
116.306 39.722
116.307 39.7219
116.31 39.7213
116.314 39.7221
116.315 39.7221
116.315 39.7222
116.318 39.7229
116.322 39.7254
116.322 39.7257
116.326 39.7261
116.326 39.7261
116.326 39.726
116.327 39.7219
116.326 39.7217
116.327 39.7212
116.327 39.7212
116.329 39.7213
116.338 39.7208
116.338 39.7207
116.338 39.7206
116.339 39.7199
116.336 39.7141
116.331 39.7087
116.331 39.7086
116.33 39.7087
116.33 39.7089
116.33 39.7091
116.332 39.7101
116.333 39.7097
116.333 39.7095
116.335 39.7096
116.335 39.7095
116.335 39.7092
116.335 39.7088
116.334 39.7084
116.335 39.7084
116.335 39.7085
116.335 39.7086
116.335 39.709
116.335 39.7093
116.335 39.7095
116.335 39.7096
116.334 39.7097
116.334 39.7097
116.334 39.7096
116.333 39.7095
116.333 39.7096
116.332 39.7101
116.332 39.7102
116.332 39.7102
116.331 39.7099
116.33 39.7089
116.33 39.7089
116.33 39.7087
116.33 39.7087
116.33 39.7082
116.324 39.7012
116.323 39.7011
116.316 39.7001
116.316 39.7002
116.314 39.7086
116.314 39.7088
116.313 39.709
116.312 39.7121
116.312 39.7161
116.311 39.7193
116.31 39.7212
116.31 39.7213
116.31 39.7214
116.306 39.7222
116.306 39.7222
116.306 39.7224
116.307 39.7251
116.307 39.7248
116.307 39.7247
116.307 39.7246
116.307 39.7246
116.306 39.7245
116.306 39.7244
116.306 39.7222
116.307 39.722
116.31 39.7214
116.311 39.7214
116.318 39.7228
116.322 39.7255
116.326 39.7261
116.326 39.7261
116.327 39.7259
116.327 39.7209
116.326 39.7202
116.326 39.7202
116.327 39.7201
116.327 39.7201
116.332 39.7207
116.338 39.7176
116.336 39.7138
116.332 39.7102
116.332 39.7102
116.333 39.7095
116.334 39.7095
116.334 39.7097
116.265 39.7097
116.335 39.7097
116.335 39.7097
116.335 39.7095
116.335 39.7094
116.335 39.7091
116.335 39.7091
116.335 39.7085
116.335 39.7084
116.335 39.7084
116.334 39.7083
116.335 39.7084
116.335 39.7084
116.335 39.7085
116.335 39.7089
116.335 39.7093
116.335 39.7095
116.335 39.7097
116.334 39.7097
116.334 39.7095
116.333 39.7095
116.332 39.7101
116.33 39.7089
116.33 39.7086
116.331 39.7083
116.327 39.7052
116.326 39.7044
116.324 39.7012
116.324 39.7011
116.316 39.7002
116.316 39.7004
116.315 39.706
116.313 39.713
116.311 39.7206
116.31 39.7214
116.31 39.7215
116.307 39.7222
116.306 39.7224
116.306 39.7239
116.306 39.7239
116.306 39.7245
116.306 39.7245
116.307 39.7246
116.307 39.7247
116.307 39.7248
116.307 39.7251
116.305 39.7217
116.305 39.7208
116.305 39.7211
116.305 39.7206
116.304 39.7201
116.304 39.7197
116.307 39.7251
116.307 39.7249
116.306 39.7225
116.306 39.7225
116.305 39.7223
116.305 39.7221
116.305 39.7222
116.306 39.7225
116.305 39.7219
116.306 39.7229
116.306 39.7223
116.305 39.7219
116.305 39.7212
116.305 39.7207
116.305 39.7206
116.305 39.7211
116.305 39.7208
116.304 39.7194
116.304 39.7199
116.304 39.7197
116.303 39.7173
116.304 39.7187
116.305 39.7214
116.305 39.7212
116.305 39.7224
116.306 39.7228
116.307 39.7247
116.307 39.7247
116.307 39.7247
116.307 39.7246
116.306 39.7246
116.306 39.7244
116.307 39.7246
116.306 39.7244
116.307 39.7247
116.307 39.7246
116.306 39.7244
116.307 39.7244
116.306 39.7241
116.307 39.7244
116.306 39.7238
116.306 39.7244
116.306 39.7243
116.306 39.7243
116.306 39.7242
116.306 39.7242
116.306 39.724
116.306 39.724
116.306 39.7237
116.306 39.7237
116.304 39.7191
116.304 39.7184
116.304 39.7195
116.306 39.7231
116.306 39.7229
116.306 39.7223
116.305 39.7216
116.305 39.7219
116.305 39.7213
116.306 39.7241
116.307 39.7244
116.306 39.7236
116.306 39.7238
116.307 39.7251
116.307 39.7249
116.307 39.7249
116.306 39.7247
116.306 39.7248
116.306 39.724
116.306 39.7238
116.305 39.7229
116.305 39.7226
116.304 39.7221
116.304 39.7216
116.311 39.7293
116.311 39.7301
116.312 39.7308
116.307 39.7249
116.306 39.7242
116.305 39.724
116.306 39.7257
116.306 39.7257
116.307 39.7251
116.307 39.7251
116.306 39.7249
116.306 39.7249
116.306 39.7248
116.304 39.7243
116.304 39.7242
116.302 39.7236
116.302 39.7238
116.306 39.7249
116.307 39.7252
116.306 39.7255
116.306 39.7255
116.306 39.7257
116.307 39.7252
116.307 39.7255
116.307 39.7253
116.307 39.7253
116.307 39.7256
116.306 39.7258
116.305 39.727
116.34 39.6839
116.336 39.6884
116.336 39.6886
116.337 39.6892
116.339 39.6899
116.34 39.6902
116.341 39.6904
116.342 39.6908
116.344 39.6921
116.345 39.6929
116.346 39.6937
116.348 39.6942
116.355 39.6975
116.355 39.6975
116.356 39.6977
116.354 39.7102
116.355 39.7139
116.355 39.7161
116.36 39.7194
116.36 39.7215
116.361 39.7237
116.362 39.7244
116.361 39.7265
116.36 39.7266
116.36 39.7275
116.359 39.7276
116.349 39.7275
116.346 39.7274
116.307 39.725
116.307 39.7249
116.307 39.7248
116.307 39.7247
116.307 39.7246
116.306 39.7245
116.306 39.7244
116.306 39.7221
116.307 39.722
116.31 39.7214
116.317 39.7226
116.318 39.7233
116.322 39.7255
116.325 39.7261
116.326 39.7259
116.327 39.7219
116.326 39.7213
116.327 39.7212
116.338 39.7207
116.339 39.7205
116.339 39.7202
116.339 39.7199
116.336 39.714
116.331 39.7086
116.331 39.7086
116.33 39.7087
116.33 39.709
116.331 39.7092
116.332 39.7101
116.332 39.7102
116.332 39.7101
116.333 39.7095
116.334 39.7095
116.334 39.7096
116.334 39.7097
116.335 39.7096
116.335 39.7093
116.335 39.7088
116.335 39.7084
116.335 39.7083
116.334 39.7082
116.334 39.708
116.334 39.7079
116.334 39.7074
116.334 39.7074
116.334 39.7083
116.335 39.7084
116.335 39.7085
116.335 39.709
116.335 39.7096
116.334 39.7097
116.334 39.7096
116.333 39.7094
116.333 39.709
116.332 39.7087
116.332 39.7084
116.332 39.7084
116.332 39.7086
116.332 39.7087
116.337 39.7142
116.339 39.7202
116.34 39.7228
116.32 39.7386
116.338 39.7259
116.334 39.7256
116.113 39.7339
116.113 39.7339
116.486 39.9547
116.581 40.1154
116.96 40.715
116.96 40.715
116.334 39.7101
116.331 39.708
116.331 39.7082
116.331 39.7085
116.331 39.7088
116.332 39.7101
116.332 39.7102
116.332 39.7101
116.333 39.7095
116.334 39.7095
116.334 39.7096
116.334 39.7097
116.335 39.7097
116.335 39.7096
116.335 39.7094
116.335 39.7093
116.335 39.7089
116.335 39.7085
116.335 39.7084
116.335 39.7084
116.335 39.7085
116.335 39.7086
116.335 39.709
116.335 39.7095
116.335 39.7096
116.334 39.7097
116.334 39.7097
116.333 39.7095
116.333 39.7096
116.332 39.7102
116.332 39.7102
116.332 39.7101
116.332 39.7101
116.33 39.709
116.33 39.7088
116.331 39.7084
116.33 39.7082
116.324 39.7013
116.323 39.7011
116.317 39.7001
116.316 39.7002
116.314 39.7087
116.314 39.7088
116.313 39.709
116.313 39.7092
116.312 39.7119
116.312 39.7123
116.313 39.713
116.31 39.7212
116.31 39.7214
116.31 39.7214
116.307 39.7222
116.306 39.7224
116.306 39.7245
116.306 39.7246
116.307 39.7247
116.307 39.7249
116.307 39.7252
116.307 39.7252
116.307 39.725
116.307 39.725
116.307 39.7246
116.307 39.725
116.306 39.7245
116.306 39.7243
116.306 39.7243
116.306 39.7245
116.307 39.7247
116.307 39.725
116.307 39.7245
116.307 39.7244
116.307 39.7244
116.307 39.7244
116.306 39.7243
116.306 39.7243
116.307 39.7249
116.265 39.8944
116.265 39.8944
116.307 39.7246
116.307 39.7246
116.307 39.7246
116.306 39.7239
116.306 39.7239
116.306 39.7238
116.309 39.7238
116.309 39.7239
116.312 39.7242
116.314 39.7245
116.314 39.7244
116.314 39.7242
116.315 39.7224
116.317 39.7164
116.316 39.7147
116.317 39.7139
116.317 39.7139
116.317 39.7131
116.317 39.7131
116.317 39.7131
116.316 39.7131
116.316 39.713
116.438 39.8311
116.317 39.7131
116.317 39.7132
116.317 39.7133
116.316 39.715
116.317 39.7173
116.315 39.722
116.315 39.722
116.315 39.7221
116.314 39.7221
116.314 39.7221
116.309 39.7215
116.306 39.7221
116.306 39.7224
116.306 39.7245
116.306 39.7245
116.307 39.7246
116.307 39.7247
116.307 39.7252
116.307 39.725
116.307 39.725
116.307 39.7249
116.307 39.7249
116.307 39.7249
116.307 39.7246
116.307 39.7246
116.307 39.7246
116.306 39.7245
116.306 39.7244
116.307 39.7221
116.307 39.7219
116.31 39.7212
116.311 39.7182
116.315 39.7075
116.315 39.7078
116.314 39.7086
116.314 39.7088
116.313 39.709
116.313 39.7093
116.312 39.7121
116.312 39.7125
116.313 39.7129
116.313 39.7138
116.313 39.7137
116.313 39.7123
116.313 39.7123
116.314 39.7123
116.314 39.7124
116.314 39.7125
116.314 39.7125
116.314 39.7127
116.314 39.7129
116.314 39.7129
116.314 39.7131
116.314 39.7133
116.314 39.7135
116.314 39.7135
116.313 39.7134
116.313 39.7138
116.313 39.7138
116.317 39.7145
116.317 39.7144
116.317 39.7142
116.317 39.7133
116.317 39.7132
116.317 39.7131
116.316 39.713
