116.275 40.0888
116.257 40.0793
116.238 40.0725
116.227 40.0691
116.23 40.0648
116.23 40.0648
116.23 40.0648
116.23 40.0648
116.23 40.0648
116.23 40.0648
116.23 40.0648
116.23 40.0648
116.232 40.0703
116.238 40.0722
116.26 40.0806
116.269 40.0866
116.314 40.0658
116.341 40.0303
116.354 40.013
116.364 39.9999
116.372 39.9881
116.375 39.9666
116.379 39.9632
116.378 39.9614
116.382 39.9615
116.387 39.9556
116.387 39.9508
116.369 39.9475
116.355 39.9439
116.349 39.9374
116.349 39.936
116.35 39.9262
116.35 39.9212
116.35 39.9051
116.327 39.896
116.316 39.896
116.316 39.896
116.314 39.8954
116.314 39.8954
116.315 39.8951
116.316 39.8954
116.336 39.8961
116.362 39.8982
116.368 39.8942
116.368 39.8953
116.378 39.8954
116.378 39.8907
116.376 39.881
116.38 39.8775
116.392 39.8796
116.395 39.8854
116.395 39.8854
116.406 39.8869
116.413 39.8881
116.418 39.8919
116.422 39.8921
116.421 39.895
116.425 39.8939
116.423 39.8922
116.422 39.8922
116.442 39.8922
116.458 39.8919
116.468 39.8919
116.472 39.8989
116.484 39.9105
116.484 39.9274
116.468 39.9672
116.45 39.9805
116.457 39.9847
116.464 39.9911
116.462 39.994
116.462 39.9975
116.462 39.9538
116.463 39.9851
116.467 39.9824
116.477 39.9757
116.483 39.979
116.489 39.983
116.493 39.9856
116.492 39.9792
116.484 39.9773
116.486 39.9642
116.486 39.9604
116.485 39.9592
116.462 39.9502
116.46 39.9496
116.459 39.9491
116.459 39.949
116.45 39.9555
116.448 39.9579
116.433 39.9535
116.434 39.9478
116.438 39.9454
116.434 39.9399
116.429 39.9398
116.43 39.9348
116.43 39.9342
116.43 39.9329
116.43 39.9325
116.427 39.9319
116.428 39.9223
116.428 39.9165
116.428 39.9144
116.43 39.9013
116.429 39.8973
116.423 39.8961
116.421 39.8959
116.425 39.8858
116.418 39.8826
116.415 39.873
116.381 39.8704
116.381 39.8618
116.381 39.8574
116.381 39.8563
116.381 39.8558
116.381 39.8495
116.381 39.8495
116.381 39.8522
116.385 39.8555
116.395 39.8621
116.395 39.8637
116.398 39.8606
116.398 39.8606
116.397 39.8601
116.41 39.8607
116.417 39.8643
116.417 39.8642
116.42 39.8669
116.42 39.8669
116.416 39.8705
116.417 39.87
116.368 39.8737
116.358 39.8825
116.357 39.8843
116.329 39.8888
116.328 39.8926
116.329 39.8959
116.333 39.8961
116.366 39.8983
116.366 39.8983
116.378 39.9003
116.377 39.9052
116.377 39.9052
116.376 39.9166
116.376 39.9304
116.376 39.9313
116.403 39.9318
116.403 39.9318
116.414 39.9229
116.421 39.9085
116.421 39.9075
116.416 39.9013
116.412 39.8942
116.413 39.8924
116.432 39.8923
116.434 39.8923
116.455 39.883
116.457 39.883
116.457 39.883
116.462 39.8828
116.462 39.8828
116.455 39.8976
116.455 39.8976
116.456 39.8989
116.463 39.911
116.452 39.8967
116.456 39.9
116.456 39.9002
116.46 39.9074
116.46 39.9074
116.456 39.9219
116.455 39.9318
116.455 39.9317
116.449 39.924
116.449 39.9239
116.428 39.9382
116.428 39.9383
116.405 39.9522
116.405 39.9522
116.402 39.9521
116.402 39.9521
116.402 39.9574
116.402 39.9574
116.396 39.9622
116.396 39.9622
116.39 39.9619
116.39 39.9619
116.389 39.9512
116.373 39.9475
116.354 39.9438
116.341 39.9382
116.341 39.9382
116.371 39.9475
116.371 39.9476
116.399 39.9674
116.418 39.9741
116.418 39.9741
116.421 39.9792
116.421 39.9792
116.411 39.9736
116.412 39.968
116.412 39.968
116.405 39.9577
116.405 39.9577
116.398 39.9502
116.398 39.9502
116.402 39.9498
116.402 39.9401
116.402 39.934
116.402 39.9335
116.401 39.932
116.383 39.932
116.368 39.9314
116.359 39.9227
116.358 39.9149
116.357 39.9129
116.357 39.9049
116.361 39.9057
116.377 39.9058
116.395 39.9064
116.404 39.9065
116.437 39.9021
116.455 39.898
116.45 39.8954
116.45 39.8895
116.455 39.8853
116.454 39.8699
116.471 39.87
116.498 39.8695
116.498 39.8695
116.539 39.868
116.563 39.8669
116.57 39.8645
116.567 39.8742
116.567 39.8704
116.553 39.8677
116.525 39.8687
116.528 39.8759
116.54 39.8799
116.538 39.876
116.522 39.8844
116.521 39.8919
116.496 39.892
116.485 39.892
116.462 39.8921
116.452 39.8924
116.437 39.897
116.43 39.9048
116.417 39.9071
116.412 39.9106
116.421 39.9123
116.429 39.9122
116.43 39.9033
116.43 39.8989
116.435 39.8913
116.435 39.8914
116.437 39.8703
116.436 39.8695
116.341 39.8568
116.328 39.8479
116.325 39.846
116.316 39.8493
116.316 39.8492
116.313 39.8433
116.307 39.8343
116.289 39.8296
116.284 39.8298
116.279 39.8279
116.279 39.8279
116.281 39.831
116.281 39.831
116.299 39.8292
116.307 39.8294
116.307 39.8346
116.315 39.8472
116.317 39.8465
116.328 39.8474
116.34 39.846
116.343 39.8596
116.348 39.8645
116.356 39.867
116.356 39.867
116.366 39.8685
116.378 39.8694
116.393 39.8648
116.397 39.8624
116.397 39.8622
116.397 39.8608
116.398 39.8607
116.396 39.8633
116.406 39.8639
116.411 39.8608
116.412 39.8608
116.42 39.8651
116.42 39.8663
116.417 39.8704
116.416 39.87
116.368 39.8716
116.368 39.8738
116.358 39.882
116.358 39.8825
116.33 39.8886
116.329 39.8888
116.32 39.8888
116.322 39.8886
116.354 39.888
116.356 39.8879
116.368 39.8774
116.368 39.8774
116.376 39.8818
116.375 39.8818
116.368 39.8876
116.368 39.8876
116.357 39.893
116.357 39.8945
116.355 39.8981
116.353 39.8984
116.352 39.9096
116.352 39.9096
116.353 39.9101
116.353 39.91
116.351 39.908
116.351 39.908
116.351 39.9078
116.351 39.9078
116.351 39.9077
116.351 39.9077
116.351 39.9123
116.351 39.9123
116.343 39.885
116.343 39.8827
116.383 39.8699
116.386 39.87
116.431 39.8691
116.433 39.8685
116.435 39.8625
116.435 39.8626
116.435 39.8626
116.439 39.874
116.439 39.874
116.44 39.8763
116.437 39.9001
116.438 39.902
116.454 39.9074
116.453 39.9073
116.431 39.9072
116.428 39.9072
116.408 39.9069
116.408 39.9068
116.407 39.9068
116.407 39.9068
116.405 39.9068
116.405 39.9068
116.403 39.9067
116.403 39.9067
116.394 39.9064
116.393 39.9064
116.377 39.9059
116.375 39.9059
116.357 39.9119
116.357 39.9119
116.352 39.92
116.352 39.92
116.349 39.9172
116.348 39.9171
116.336 39.922
116.334 39.9219
116.32 39.9341
116.301 39.9424
116.3 39.9426
116.287 39.9462
116.304 39.9509
116.304 39.9524
116.301 39.9656
116.301 39.9674
116.3 39.9835
116.3 39.9835
116.294 39.9819
116.294 39.9811
116.302 39.9604
116.302 39.9602
116.304 39.9395
116.304 39.9374
116.302 39.906
116.305 39.9061
116.326 39.906
116.33 39.906
116.33 39.906
116.347 39.9005
116.347 39.9005
116.347 39.8997
116.347 39.8917
116.347 39.8917
116.347 39.8794
116.348 39.8782
116.348 39.8673
116.349 39.8667
116.363 39.8654
116.363 39.8654
116.359 39.8681
116.356 39.8676
116.343 39.8902
116.343 39.8925
116.351 39.8991
116.351 39.9002
116.35 39.9168
116.35 39.9179
116.34 39.9221
116.34 39.9221
116.346 39.9222
116.346 39.9222
116.35 39.9324
116.349 39.9335
116.348 39.9686
116.348 39.9708
116.358 39.9753
116.358 39.9753
116.359 39.9805
116.358 39.9805
116.36 39.9806
116.36 39.9806
116.363 39.9752
116.363 39.9753
116.364 39.9668
116.374 39.9641
116.374 39.9641
116.374 39.9641
116.374 39.9641
116.374 39.9641
116.374 39.9641
116.365 39.9565
116.365 39.9554
116.352 39.9507
116.352 39.9497
116.347 39.9362
116.347 39.9362
116.329 39.9369
116.326 39.9371
116.326 39.9371
116.317 39.9569
116.317 39.9569
116.317 39.9592
116.313 39.9708
116.313 39.9709
116.324 39.966
116.326 39.966
116.336 39.961
116.337 39.9611
116.335 39.9567
116.33 39.9607
116.329 39.9606
116.325 39.9507
116.322 39.9506
116.318 39.9453
116.319 39.9435
116.3 39.9063
116.3 39.9063
116.278 39.9063
116.278 39.9063
116.27 39.9055
116.27 39.9055
116.288 39.9062
116.29 39.9062
116.317 39.9061
116.318 39.9061
116.336 39.9126
116.338 39.9127
116.346 39.9126
116.346 39.9125
116.351 39.9112
116.351 39.9107
116.355 39.9124
116.356 39.9125
116.366 39.9131
116.368 39.9132
116.384 39.9209
116.4 39.9229
116.401 39.9229
116.423 39.9229
116.425 39.923
116.433 39.9226
116.433 39.9226
116.439 39.9203
116.44 39.9211
116.435 39.9164
116.435 39.9086
116.429 39.9083
116.438 39.8913
116.438 39.8709
116.431 39.867
116.427 39.867
116.42 39.866
116.42 39.8624
116.42 39.8632
116.416 39.8643
116.409 39.864
116.408 39.8639
116.396 39.8641
116.398 39.8606
116.398 39.8606
116.398 39.8606
116.398 39.8606
116.398 39.8606
116.212 40.2485
116.212 40.2485
116.397 39.8606
116.399 39.8638
116.41 39.8607
116.41 39.8607
116.419 39.864
116.42 39.8658
116.42 39.8669
116.42 39.8669
116.42 39.8669
116.415 39.8682
116.41 39.8702
116.359 39.868
116.343 39.8698
116.35 39.898
116.35 39.9064
116.351 39.9183
116.35 39.9171
116.343 39.9126
116.347 39.9115
116.347 39.898
116.347 39.8946
116.347 39.8824
116.355 39.8819
116.365 39.8744
116.368 39.8744
116.359 39.8691
116.365 39.881
116.361 39.8831
116.353 39.8881
116.351 39.8983
116.351 39.9029
116.351 39.9093
116.351 39.9078
116.351 39.9077
116.351 39.9077
116.351 39.9077
116.351 39.9077
116.351 39.9077
116.351 39.9077
116.351 39.9076
116.351 39.9076
116.351 39.9076
116.351 39.9076
116.35 39.9131
116.35 39.9238
116.363 39.9465
116.373 39.9504
116.378 39.9615
116.382 39.9648
116.444 39.9359
116.444 39.9219
116.444 39.9191
116.452 39.9102
116.454 39.9079
116.455 39.9064
116.455 39.9014
116.451 39.8927
116.446 39.8925
116.434 39.887
116.434 39.8832
116.434 39.8832
116.434 39.8832
116.421 39.899
116.419 39.9033
116.432 39.8981
116.434 39.8858
116.434 39.8858
116.421 39.8955
116.417 39.9024
116.421 39.9036
116.421 39.905
116.422 39.9069
116.438 39.8957
116.438 39.8898
116.358 39.8679
116.35 39.8671
116.344 39.8887
116.338 39.8884
116.325 39.8887
116.325 39.8887
116.309 39.8856
116.302 39.8777
116.309 39.8654
116.333 39.8666
116.355 39.8652
116.358 39.8672
116.358 39.8749
116.358 39.8749
116.357 39.8875
116.359 39.8979
116.387 39.8824
116.396 39.8905
116.431 39.8923
116.43 39.9044
116.428 39.9375
116.441 39.9387
116.437 39.9312
116.429 39.9083
116.429 39.9059
116.448 39.9072
116.429 39.9164
116.427 39.9261
116.427 39.9261
116.428 39.9247
116.428 39.9206
116.424 39.8961
116.409 39.8718
116.398 39.8606
116.398 39.8606
116.397 39.8617
116.405 39.8638
116.406 39.8665
116.42 39.8676
116.417 39.8541
116.417 39.8531
116.418 39.8529
116.414 39.8513
116.414 39.8513
116.414 39.8514
116.414 39.8514
116.418 39.8529
116.418 39.8529
116.417 39.8539
116.414 39.8544
116.408 39.856
116.402 39.8575
116.397 39.8605
116.398 39.8604
116.398 39.8604
116.398 39.8605
116.398 39.8605
116.398 39.8605
116.398 39.8605
116.398 39.8605
116.398 39.8605
116.398 39.8605
116.397 39.8615
116.397 39.8617
116.397 39.8617
116.453 39.8845
116.453 39.8845
116.456 39.9022
116.462 39.9284
116.463 39.9286
116.463 39.9286
116.456 39.9342
116.456 39.9419
116.426 39.9688
116.43 39.9755
116.397 39.9871
116.387 39.9867
116.356 40.0115
116.353 40.0154
116.328 40.0476
116.324 40.0533
116.484 39.9511
116.314 40.0474
116.312 40.0488
116.311 40.048
116.311 40.0481
116.311 40.0481
116.328 40.0458
116.332 40.0419
116.357 40.0089
116.362 40.0025
116.338 39.9853
116.327 39.9848
116.3 39.9778
116.3 39.9778
116.3 39.9747
116.3 39.9733
116.3 39.9732
116.301 39.9642
116.302 39.9614
116.313 39.9649
116.342 39.9663
116.379 39.9669
116.408 39.9677
116.441 39.9615
116.456 39.9471
116.461 39.932
116.463 39.9286
116.463 39.9285
116.464 39.9284
116.463 39.9283
116.456 39.942
116.456 39.9482
116.409 39.9678
116.401 39.9676
116.343 39.9664
116.333 39.9663
116.295 39.973
116.3 39.9743
116.306 39.9622
116.313 39.9649
116.372 39.9668
116.382 39.967
116.439 39.9627
116.446 39.9581
116.446 39.9581
116.456 39.9323
116.46 39.9323
116.463 39.9284
116.456 39.931
116.455 39.9312
116.455 39.8952
116.455 39.8883
116.439 39.8575
116.431 39.8576
116.399 39.8601
116.397 39.8609
116.398 39.8606
116.398 39.8606
116.398 39.8606
116.398 39.8606
116.398 39.8606
116.4 39.8593
116.402 39.8577
116.408 39.8563
116.409 39.8555
116.414 39.8512
116.416 39.8642
116.42 39.8644
116.419 39.8684
116.419 39.8684
116.419 39.8685
116.419 39.8685
116.419 39.8685
116.419 39.8685
116.419 39.8685
116.419 39.8685
116.419 39.8685
116.419 39.8696
116.416 39.8595
116.414 39.8511
116.414 39.8515
116.414 39.8515
116.407 39.8559
116.399 39.8596
116.398 39.8606
116.398 39.8606
116.398 39.8606
116.398 39.8605
116.398 39.8605
116.398 39.8605
116.398 39.8605
116.398 39.8605
116.398 39.8605
116.398 39.8605
116.399 39.8599
116.403 39.8576
116.408 39.8576
116.408 39.8576
116.408 39.8576
116.408 39.8576
116.408 39.8576
116.408 39.8576
116.408 39.8576
116.418 39.8562
116.418 39.8562
116.419 39.8564
116.419 39.8564
116.418 39.8562
