116.449 39.9399
116.456 39.9479
116.457 39.9431
116.444 39.9362
116.449 39.9289
116.449 39.9289
116.444 39.9257
116.43 39.9245
116.43 39.9245
116.413 39.9231
116.411 39.9317
116.419 39.956
116.418 39.9743
116.418 39.9872
116.424 39.9945
116.419 39.9656
116.411 39.95
116.411 39.95
116.41 39.943
116.405 39.9394
116.411 39.9328
116.424 39.9323
116.444 39.9324
116.449 39.9494
116.449 39.9412
116.438 39.9325
116.43 39.9315
116.428 39.9184
116.427 39.904
116.421 39.9065
116.416 39.9143
116.412 39.9218
116.411 39.9318
116.411 39.9397
116.413 39.9527
116.419 39.9654
116.419 39.9665
116.418 39.9783
116.431 39.9812
116.418 39.9762
116.44 39.9752
116.454 39.9639
116.449 39.9561
116.44 39.9494
116.434 39.9579
116.434 39.9579
116.42 39.9681
116.446 39.9514
116.446 39.9514
116.446 39.9514
116.446 39.9514
116.446 39.9515
116.447 39.95
116.447 39.95
116.449 39.935
116.447 39.9325
116.447 39.9325
116.445 39.9323
116.444 39.9211
116.444 39.9121
116.46 39.9068
116.472 39.8997
116.479 39.8965
116.472 39.9032
116.466 39.9075
116.461 39.907
116.458 39.907
116.457 39.907
116.457 39.9071
116.457 39.9071
116.455 39.9071
116.452 39.907
116.45 39.9071
116.444 39.9172
116.454 39.9219
116.471 39.9218
116.492 39.9217
116.496 39.9327
116.496 39.93
116.49 39.9297
116.489 39.9326
116.489 39.9325
116.49 39.9332
116.485 39.9325
116.467 39.934
116.472 39.9254
116.468 39.9124
116.454 39.9614
116.45 39.9808
116.464 39.984
116.472 39.9714
116.454 39.9532
116.449 39.9404
116.447 39.9324
116.44 39.9256
116.443 39.9218
116.444 39.9143
116.444 39.9159
116.444 39.9159
116.435 39.9074
116.423 39.8995
116.421 39.8993
116.416 39.8922
116.406 39.9011
116.421 39.9057
116.421 39.9087
116.413 39.9144
116.423 39.923
116.421 39.9145
116.42 39.9231
116.428 39.9308
116.428 39.9246
116.434 39.9211
116.429 39.9244
116.412 39.9481
116.373 39.9515
116.369 39.9933
116.34 40.0318
116.311 40.0704
116.343 40.0791
116.357 40.0831
116.367 40.1034
116.367 40.1021
116.361 40.0798
116.362 40.0799
116.354 40.0703
116.354 40.0703
116.326 40.0563
116.335 40.0368
116.346 40.0144
116.345 39.9919
116.341 39.985
116.374 39.9678
116.365 39.9584
116.348 39.9753
116.338 39.9918
116.327 39.9879
116.339 39.9751
116.354 39.9565
116.37 39.9472
116.39 39.9343
116.428 39.9153
116.437 39.8698
116.385 39.8509
116.398 39.8556
116.456 39.8999
116.467 39.9212
116.472 39.9179
116.472 39.9086
116.471 39.9038
116.455 39.89
116.455 39.89
116.424 39.8574
116.452 39.8639
116.456 39.8971
116.458 39.8993
116.458 39.8993
116.458 39.8993
116.458 39.8993
116.469 39.9058
116.469 39.9059
116.469 39.9059
116.469 39.9059
116.469 39.906
116.469 39.906
116.469 39.906
116.469 39.9057
116.469 39.9058
116.469 39.9058
116.469 39.9059
116.469 39.9059
116.469 39.9061
116.469 39.9061
116.469 39.9055
116.469 39.9059
116.469 39.9057
116.469 39.9059
116.469 39.9058
116.469 39.9059
116.469 39.9059
116.469 39.9059
116.469 39.9057
116.469 39.9056
116.469 39.9056
116.469 39.9057
116.469 39.9059
116.469 39.906
116.469 39.906
116.469 39.9057
116.469 39.9056
116.469 39.9053
116.469 39.9059
116.469 39.9055
116.469 39.9058
116.469 39.9059
116.469 39.906
116.468 39.9059
116.468 39.906
116.469 39.9061
116.469 39.906
116.469 39.9062
116.469 39.9057
116.469 39.9055
116.469 39.9056
116.469 39.906
116.469 39.9059
116.468 39.9062
116.468 39.9062
116.469 39.9061
116.469 39.906
116.469 39.9059
116.469 39.9058
116.469 39.9058
116.47 39.9071
116.412 39.9084
116.42 39.9276
116.419 39.9476
116.419 39.9614
116.418 39.9793
116.419 39.9601
116.421 39.9483
116.419 39.9399
116.431 39.948
116.48 39.9844
116.545 40.0262
116.584 40.0597
116.361 40.0796
116.587 40.0772
116.582 40.077
116.581 40.0691
116.568 40.0638
116.552 40.0798
116.548 40.0716
116.549 40.0717
116.549 40.0717
116.549 40.0717
116.549 40.0717
116.549 40.0717
116.549 40.0718
116.549 40.0718
116.549 40.0717
116.549 40.0717
116.549 40.0717
116.549 40.0717
116.549 40.0717
116.549 40.0717
116.549 40.0717
116.549 40.0716
116.549 40.0716
116.549 40.0716
116.55 40.0713
116.529 40.0449
116.517 40.0238
116.517 40.0238
116.523 40.0162
116.5 40.0022
116.503 39.9873
116.492 39.975
116.492 39.975
116.492 39.975
116.492 39.9751
116.492 39.9751
116.492 39.9751
116.492 39.9752
116.484 39.9753
116.472 39.9699
116.457 39.9497
116.449 39.9492
116.449 39.9429
116.449 39.93
116.435 39.9258
116.44 39.9166
116.444 39.9148
116.454 39.9207
116.452 39.9542
116.441 39.9613
116.413 39.9678
116.367 39.9667
116.349 39.9497
116.349 39.9354
116.347 39.9222
116.328 39.9249
116.328 39.9249
116.337 39.9362
116.332 39.9367
116.346 39.9392
116.34 39.9557
116.355 39.9549
116.363 39.9514
116.366 39.948
116.394 39.9476
116.423 39.9483
116.427 39.934
116.449 39.9324
116.46 39.932
116.457 39.9276
116.45 39.9269
116.445 39.9325
116.43 39.9375
116.431 39.9381
116.453 39.9398
116.467 39.9299
116.468 39.9218
116.456 39.9217
116.439 39.9254
116.431 39.9316
116.438 39.9363
116.456 39.948
116.482 39.9567
116.493 39.9579
116.488 39.9528
116.488 39.9528
116.488 39.9528
116.479 39.9558
116.459 39.9489
116.45 39.9472
116.435 39.9409
116.43 39.9394
116.428 39.9361
116.447 39.9549
116.484 39.9889
116.517 40.023
116.515 40.0395
116.517 40.0408
116.517 40.0241
116.506 40.008
116.504 39.9881
116.49 39.9753
116.49 39.9753
116.487 39.9752
116.485 39.9753
116.484 39.9786
116.468 39.989
116.467 40.001
116.466 39.9933
116.469 39.981
116.482 39.9788
116.486 39.9626
116.465 39.9513
116.457 39.9483
116.46 39.9491
116.456 39.9474
116.456 39.9474
116.441 39.9442
116.428 39.9399
116.411 39.9396
116.417 39.9396
116.44 39.9398
116.46 39.9426
116.467 39.9461
116.456 39.9427
116.445 39.94
116.426 39.9398
116.411 39.9396
116.41 39.9322
116.405 39.9189
116.405 39.9174
116.403 39.9325
116.402 39.9517
116.396 39.9628
116.399 39.9593
116.402 39.9449
116.403 39.926
116.41 39.9143
116.409 39.9083
116.407 39.9069
116.394 39.9064
116.38 39.9059
116.353 39.906
116.348 39.897
116.347 39.8928
116.351 39.9045
116.351 39.9045
116.382 39.9059
116.409 39.9068
116.412 39.9108
116.421 39.905
116.434 39.8981
116.433 39.8691
116.405 39.8869
116.394 39.8753
116.406 39.8869
116.406 39.8991
116.407 39.9085
116.413 39.9143
116.411 39.9344
116.411 39.9404
116.391 39.9477
116.37 39.9571
116.366 39.9474
116.37 39.9371
116.362 39.9392
116.351 39.9394
116.351 39.9394
116.358 39.9446
116.373 39.9394
116.383 39.9319
116.404 39.9235
116.407 39.9081
116.41 39.9083
116.41 39.9083
116.407 39.9092
116.377 39.9061
116.35 39.9211
116.349 39.9653
116.311 39.9843
116.282 40.0074
116.283 40.0011
116.296 39.996
116.303 39.9836
116.303 39.9838
116.303 39.9837
116.303 39.984
116.303 39.9832
116.304 39.9838
116.307 39.9842
116.331 39.9916
116.347 39.9913
116.347 39.9913
116.347 39.9725
116.349 39.9533
116.349 39.9538
116.349 39.9541
116.355 39.9555
116.349 39.9545
116.349 39.9539
116.349 39.954
116.349 39.9542
116.349 39.9541
116.349 39.9542
116.349 39.9542
116.349 39.9551
116.341 39.9268
116.349 39.9309
116.353 39.9352
116.34 39.9222
116.301 39.9229
116.279 39.9267
116.292 39.9226
116.316 39.9269
116.349 39.931
116.343 39.8887
116.34 39.8331
116.333 39.8088
116.328 39.8027
116.339 39.8208
116.342 39.8447
116.365 39.8455
116.364 39.8641
116.351 39.8765
116.347 39.8867
116.35 39.8883
116.351 39.8885
116.35 39.888
116.351 39.8884
116.351 39.888
116.351 39.8881
116.351 39.8882
116.351 39.8881
116.351 39.8881
116.351 39.8881
116.351 39.8881
116.35 39.8883
116.35 39.8884
116.35 39.8884
116.35 39.8886
116.35 39.889
116.35 39.8884
116.349 39.8891
116.35 39.8885
116.35 39.8885
116.35 39.8884
116.35 39.8884
116.35 39.8879
116.35 39.8883
116.35 39.8883
116.35 39.8886
116.35 39.8883
116.35 39.8885
116.35 39.8889
116.35 39.8886
116.35 39.8883
116.35 39.8891
116.35 39.8886
116.35 39.8886
116.35 39.8884
116.35 39.8884
116.336 39.8867
116.324 39.8758
116.324 39.8758
116.324 39.8757
116.324 39.8757
116.321 39.8769
116.323 39.8949
116.311 39.9045
116.315 39.9055
116.322 39.896
116.275 39.8957
116.21 39.8955
116.186 39.9033
116.192 39.906
116.212 39.9061
116.233 39.9026
116.268 39.9004
116.277 39.9062
116.287 39.9116
116.304 39.9109
116.32 39.9098
116.304 39.9838
116.329 39.9088
116.328 39.9233
116.32 39.9369
116.318 39.9515
116.318 39.9482
116.346 39.9221
116.346 39.9221
116.349 39.9311
116.35 39.9455
116.355 39.952
116.364 39.9567
116.379 39.9667
116.411 39.9676
116.416 39.982
116.441 39.9843
116.468 39.9667
116.489 39.9708
116.494 39.9728
116.493 39.9779
116.497 39.9858
116.519 40.0012
116.497 39.9857
116.497 39.9857
116.496 39.9866
116.5 40.0019
116.5 40.0022
116.5 40.0022
116.5 40.002
116.506 40.0079
116.508 40.009
116.508 40.009
116.5 40.002
116.5 40.002
116.484 39.9876
116.477 39.9739
116.46 39.9589
116.432 39.9669
116.381 39.9671
116.34 39.9666
116.328 39.9599
116.337 39.945
116.349 39.9326
116.35 39.921
116.35 39.9057
116.382 39.906
116.406 39.9066
116.421 39.9038
116.413 39.9
116.406 39.8961
116.414 39.8833
116.415 39.8806
116.424 39.892
116.454 39.892
116.448 39.9072
116.444 39.9144
116.435 39.9193
116.424 39.9234
116.411 39.9312
116.388 39.9407
116.388 39.9408
116.358 39.9448
116.35 39.9267
116.35 39.9127
116.339 39.9172
116.348 39.9172
116.35 39.9264
116.357 39.9367
116.353 39.9382
116.349 39.9588
116.347 39.9896
116.359 39.9923
116.364 39.9755
116.374 39.9655
116.387 39.9616
116.399 39.9607
116.402 39.9472
116.427 39.943
116.427 39.9319
116.448 39.9323
116.471 39.9323
116.487 39.9325
116.497 39.927
116.51 39.9219
116.507 39.9234
116.487 39.9218
116.469 39.9218
116.469 39.9218
116.455 39.9185
116.455 39.9063
116.458 39.8993
116.458 39.8993
116.458 39.8993
116.458 39.8993
116.458 39.8993
116.458 39.8993
116.458 39.8993
116.469 39.8992
116.472 39.9004
116.469 39.9066
116.444 39.9074
116.458 39.9122
116.472 39.9123
116.479 39.9146
116.474 39.9098
116.463 39.9071
116.445 39.9074
116.444 39.9223
116.44 39.9243
116.432 39.9227
116.428 39.9352
116.409 39.9479
116.389 39.96
116.411 39.9676
116.411 39.9791
116.415 39.987
116.425 39.992
116.411 39.9978
116.411 39.9998
116.401 39.9868
116.401 39.9868
116.411 39.9805
116.419 39.9701
116.398 39.9676
116.364 39.965
116.375 39.9663
116.392 39.9678
116.39 39.9635
116.393 39.9683
116.394 39.9672
116.402 39.9512
116.419 39.9322
116.43 39.9317
116.425 39.9401
116.43 39.9391
116.43 39.9306
116.443 39.9215
116.456 39.9068
116.472 39.9082
116.452 39.9081
116.452 39.9093
116.444 39.921
116.444 39.9145
116.443 39.9122
116.444 39.9144
116.457 39.9221
116.457 39.9221
116.442 39.9325
116.411 39.9323
116.39 39.9345
116.401 39.932
116.402 39.9511
116.402 39.9671
116.402 39.9912
116.401 39.9867
116.418 39.9813
116.419 39.961
116.427 39.9473
116.438 39.9337
116.43 39.9231
116.412 39.9231
116.412 39.9089
116.377 39.9059
116.35 39.9246
116.348 39.9718
116.327 39.9906
116.312 40.0111
116.309 39.9941
116.31 39.9847
116.347 39.9741
116.353 39.9566
116.353 39.9566
116.365 39.9498
116.359 39.9311
116.367 39.9313
116.399 39.932
116.41 39.9394
116.428 39.9399
116.444 39.9464
116.441 39.9256
116.435 39.9256
116.441 39.9617
116.446 40.0044
116.476 40.0927
116.511 40.0769
116.511 40.08
116.541 40.0665
116.564 40.0644
116.545 40.0249
116.504 40.0057
116.481 39.9781
116.474 39.9701
116.482 39.9559
116.482 39.9559
116.469 39.9055
116.468 39.9059
116.469 39.9056
116.47 39.9058
116.469 39.9056
116.469 39.9059
116.469 39.906
116.469 39.9055
116.469 39.9057
116.469 39.9057
116.469 39.9059
116.469 39.9056
116.469 39.9058
116.469 39.9059
116.469 39.9055
116.469 39.9057
116.456 39.9039
116.45 39.8826
116.471 39.8829
116.484 39.9014
116.513 39.9218
116.555 39.9228
116.584 39.9313
116.584 39.9312
116.553 39.923
116.51 39.9221
116.496 39.9308
116.477 39.9324
116.467 39.9324
116.456 39.922
116.455 39.9213
116.452 39.954
116.437 39.9873
116.465 40.0073
116.467 40.001
116.464 39.9911
116.469 39.9055
116.481 39.98
116.475 39.9725
116.459 39.9575
116.449 39.9471
116.442 39.9352
116.438 39.9328
116.418 39.9324
116.419 39.9397
116.412 39.9287
116.42 39.9235
116.428 39.9286
116.428 39.9286
116.446 39.9324
116.459 39.9489
116.473 39.9639
116.482 39.9701
116.482 39.97
116.493 39.9707
116.494 39.9726
116.494 39.9726
116.5 39.9997
116.508 40.0089
116.507 40.0085
116.507 40.0085
116.507 40.0085
116.507 40.0085
116.507 40.0085
116.507 40.0086
116.507 40.0086
116.507 40.0086
116.507 40.0086
116.507 40.0086
116.507 40.0086
116.507 40.0086
116.507 40.0086
116.508 39.999
116.493 39.9786
116.492 39.9751
116.492 39.9751
116.492 39.9751
116.485 39.9757
116.474 39.9703
116.461 39.9592
116.451 39.9515
116.449 39.947
116.435 39.9416
116.417 39.9579
116.402 39.9605
116.4 39.9672
116.404 39.9682
116.441 39.9609
116.455 39.9396
116.455 39.9186
116.455 39.8942
116.459 39.8831
116.462 39.8771
116.45 39.8777
116.45 39.8854
116.433 39.8924
116.426 39.8924
116.422 39.8927
116.413 39.8937
116.418 39.8956
116.424 39.8891
116.437 39.8921
116.456 39.9028
116.455 39.9066
116.455 39.9066
116.471 39.9121
116.472 39.9259
116.47 39.9219
116.456 39.9199
116.455 39.9037
116.433 39.8925
116.413 39.8918
116.398 39.8867
116.39 39.8823
116.39 39.885
116.406 39.8868
116.413 39.8871
116.413 39.8886
116.424 39.8921
116.424 39.8927
116.43 39.8927
116.421 39.8943
116.421 39.8955
116.412 39.8961
116.412 39.8957
116.437 39.8922
116.453 39.8917
116.456 39.8919
116.471 39.8918
116.465 39.8831
116.455 39.8824
116.445 39.8759
116.448 39.8832
116.449 39.8831
116.449 39.8831
116.454 39.8886
116.454 39.8886
116.45 39.8929
116.456 39.9027
116.456 39.9212
116.436 39.9254
116.448 39.9294
116.445 39.9401
116.46 39.9673
116.482 39.9881
116.508 40.0107
116.523 40.0325
116.548 40.0631
116.555 40.0989
116.577 40.1298
116.631 40.1636
116.636 40.2155
116.636 40.2478
116.638 40.2956
116.674 40.3252
116.73 40.3283
116.784 40.351
116.828 40.3672
116.853 40.3716
116.894 40.3934
116.948 40.406
116.994 40.428
117.026 40.4674
117.072 40.5096
117.072 40.5096
117.105 40.5331
117.105 40.5331
117.124 40.536
117.124 40.536
117.124 40.5359
117.124 40.5359
117.124 40.5359
117.124 40.5359
117.124 40.5359
117.124 40.5359
117.124 40.5359
117.124 40.5359
117.124 40.5359
117.124 40.5359
117.124 40.5359
117.117 40.5368
117.117 40.5368
117.084 40.5348
117.076 40.5346
117.076 40.5346
117.076 40.5346
117.076 40.5346
117.076 40.5346
117.076 40.5346
117.076 40.5346
117.076 40.5346
117.076 40.5346
117.076 40.5346
117.076 40.5346
117.076 40.5346
117.076 40.5346
117.076 40.5346
117.076 40.5346
117.076 40.5346
117.076 40.5346
117.076 40.5346
117.076 40.5346
117.076 40.5346
117.076 40.5346
117.076 40.5346
117.076 40.5346
117.076 40.5346
117.076 40.5346
117.076 40.5346
117.076 40.5346
117.076 40.5346
117.076 40.5346
117.076 40.5346
117.076 40.5346
117.076 40.5346
117.076 40.5346
117.076 40.5346
116.262 39.93
116.262 39.93
116.262 39.93
117.076 40.5346
117.076 40.5346
117.076 40.5346
117.076 40.5346
117.076 40.5346
117.076 40.5346
117.076 40.5346
117.076 40.5346
117.076 40.5346
117.076 40.5346
117.076 40.5346
117.076 40.5346
117.076 40.5346
117.076 40.5346
117.076 40.5346
117.076 40.5346
117.076 40.5346
117.076 40.5346
117.076 40.5346
117.076 40.5346
117.076 40.5346
117.076 40.5346
117.076 40.5346
117.076 40.5346
117.076 40.5346
117.076 40.5346
117.076 40.5346
117.076 40.5346
117.076 40.5346
117.076 40.5346
117.076 40.5346
117.076 40.5346
117.076 40.5346
117.076 40.5346
117.076 40.5346
117.076 40.5346
117.076 40.5346
117.076 40.5346
117.076 40.5346
117.076 40.5346
117.076 40.5346
117.076 40.5351
117.076 40.5351
117.076 40.5351
117.076 40.5351
117.076 40.5351
117.076 40.5351
117.076 40.5351
117.076 40.5351
117.076 40.5351
117.076 40.5351
117.076 40.5351
117.076 40.5351
117.076 40.5351
117.076 40.5351
117.076 40.5351
117.076 40.5351
117.076 40.5351
117.076 40.5351
117.076 40.5351
117.076 40.5351
117.076 40.5351
117.076 40.5351
117.076 40.5351
117.076 40.5351
117.076 40.5351
117.076 40.5351
117.076 40.5351
117.076 40.5351
117.076 40.5351
117.076 40.5351
117.076 40.5351
117.076 40.5351
117.076 40.5351
117.076 40.5351
117.076 40.5351
117.076 40.5351
117.076 40.5351
117.076 40.5351
117.076 40.5351
117.076 40.5351
117.076 40.5351
117.076 40.5351
117.076 40.5351
117.076 40.5351
117.076 40.5351
117.076 40.5351
117.076 40.5351
117.076 40.5351
117.076 40.5351
117.076 40.5351
117.076 40.5351
117.076 40.5351
117.076 40.5351
117.076 40.5351
117.076 40.5351
117.076 40.5351
117.076 40.5351
116.648 40.312
117.076 40.535
117.076 40.535
117.076 40.535
117.076 40.535
117.076 40.5351
117.076 40.5351
117.076 40.5351
117.076 40.5348
117.076 40.5349
117.076 40.5349
117.076 40.5349
117.076 40.5351
117.076 40.5351
117.076 40.5351
117.076 40.5351
117.076 40.5351
117.076 40.5351
117.076 40.5351
117.076 40.5351
117.076 40.5351
117.076 40.5351
117.076 40.5351
117.076 40.5351
117.076 40.5351
117.076 40.5351
117.076 40.5351
117.076 40.5351
117.076 40.5351
117.076 40.5351
117.076 40.5351
117.076 40.5351
117.076 40.5351
117.076 40.5351
117.076 40.5351
117.076 40.5351
117.076 40.5351
117.076 40.5351
117.076 40.5351
117.077 40.5346
117.105 40.5375
117.105 40.5375
117.137 40.5479
117.142 40.5545
117.116 40.5427
117.101 40.5424
117.076 40.5347
117.1 40.5423
117.104 40.5418
117.12 40.538
117.12 40.5381
117.122 40.5351
117.119 40.5363
117.119 40.5363
117.117 40.5367
117.104 40.5418
117.104 40.5419
117.104 40.5419
117.104 40.5419
117.104 40.5419
117.104 40.5419
117.104 40.5419
117.104 40.5419
117.104 40.5419
117.104 40.5419
117.104 40.5419
117.104 40.5419
117.104 40.5419
117.104 40.5419
117.104 40.5419
117.104 40.5419
117.104 40.5419
117.104 40.5419
117.104 40.5419
117.104 40.5419
117.104 40.5419
117.104 40.5419
117.104 40.5419
117.104 40.5419
117.104 40.5419
117.104 40.5419
117.104 40.5419
117.104 40.5419
117.104 40.5419
117.104 40.5419
117.104 40.5419
117.104 40.5419
117.104 40.5419
117.104 40.5419
117.104 40.5419
117.104 40.5419
117.104 40.5419
117.104 40.5419
117.104 40.5419
117.104 40.5419
117.104 40.5419
117.104 40.5419
117.104 40.5419
117.104 40.5419
117.104 40.5419
117.104 40.5419
117.104 40.5419
117.104 40.5419
117.104 40.5419
117.104 40.5419
117.104 40.5419
117.104 40.5419
117.104 40.5419
117.104 40.5419
117.104 40.5419
117.104 40.5419
117.104 40.5419
117.104 40.5419
117.104 40.5419
117.104 40.5419
117.104 40.5419
117.104 40.5419
117.104 40.5419
117.104 40.5419
117.104 40.5419
117.104 40.5419
117.104 40.5419
117.104 40.5419
117.104 40.5419
117.104 40.5419
117.104 40.5419
117.104 40.5419
117.104 40.5419
117.104 40.5419
117.096 40.5424
117.096 40.5424
117.096 40.5424
117.096 40.5424
117.096 40.5424
117.12 40.5399
117.12 40.54
117.12 40.54
117.107 40.5443
117.104 40.5419
117.1 40.5428
117.1 40.5427
117.1 40.5427
117.1 40.5428
117.1 40.5428
117.1 40.5428
117.1 40.5428
117.1 40.5428
117.1 40.5428
117.1 40.5428
117.1 40.5428
117.1 40.5428
117.1 40.5428
117.1 40.5428
117.1 40.5428
117.1 40.5428
117.1 40.5428
117.1 40.5428
117.1 40.5428
117.1 40.5428
117.1 40.5428
117.1 40.5428
117.1 40.5428
117.1 40.5428
117.1 40.5429
117.1 40.5429
117.1 40.5429
117.1 40.5429
117.1 40.5429
117.1 40.5429
117.1 40.5429
117.1 40.5429
117.1 40.5428
117.1 40.5428
117.1 40.5428
117.1 40.5428
117.1 40.5428
117.1 40.5428
117.1 40.5428
117.1 40.5428
117.101 40.5427
117.101 40.5427
117.104 40.5418
117.104 40.5418
117.104 40.5419
117.104 40.5419
117.104 40.5419
117.104 40.5419
117.104 40.5419
117.104 40.5419
117.104 40.5419
117.104 40.5419
117.104 40.5419
117.104 40.5419
117.104 40.5419
117.104 40.5419
117.104 40.5419
117.104 40.5419
117.104 40.5419
117.104 40.5419
117.104 40.5419
117.104 40.5419
117.104 40.5419
117.104 40.5419
117.104 40.5419
117.104 40.5419
117.104 40.5419
117.104 40.5419
117.104 40.5421
117.104 40.5414
117.104 40.5419
117.104 40.542
117.104 40.542
117.104 40.542
117.104 40.542
117.104 40.542
117.104 40.5419
117.104 40.5419
117.104 40.5419
117.104 40.5419
117.104 40.5419
117.104 40.5419
117.104 40.5419
117.104 40.5419
117.104 40.5419
117.104 40.5419
117.104 40.5419
117.104 40.5419
117.104 40.5419
117.104 40.5419
117.104 40.5419
117.104 40.5419
117.104 40.5419
117.104 40.5419
117.104 40.5419
117.104 40.5419
117.104 40.5419
117.104 40.5419
117.104 40.5419
117.104 40.5419
117.104 40.5419
117.104 40.5419
117.104 40.5419
117.104 40.5419
117.104 40.5419
117.104 40.5419
117.104 40.5419
117.104 40.5419
117.104 40.5419
117.104 40.5421
117.104 40.5422
117.104 40.542
117.104 40.542
117.104 40.542
117.104 40.5419
117.104 40.5419
117.104 40.5419
117.104 40.5419
117.104 40.5419
117.104 40.5419
117.104 40.5419
117.104 40.5419
117.104 40.5419
117.104 40.5419
117.104 40.5419
117.104 40.5419
117.104 40.5419
117.104 40.5419
117.104 40.5419
117.104 40.5419
117.104 40.5419
117.104 40.5419
117.104 40.5419
117.104 40.5419
117.104 40.5419
117.104 40.5419
117.104 40.5419
117.104 40.5419
117.104 40.5419
117.104 40.5418
117.104 40.5418
117.104 40.5418
117.104 40.5418
117.104 40.5418
117.104 40.5418
117.104 40.5418
117.104 40.5418
117.104 40.5418
117.104 40.5418
117.104 40.5418
117.104 40.5418
117.104 40.5418
117.104 40.5418
117.104 40.5418
117.104 40.5418
117.104 40.5418
117.104 40.5418
117.104 40.5418
117.104 40.5418
117.104 40.5418
117.104 40.5418
117.104 40.5418
117.104 40.5418
117.104 40.5418
117.104 40.5418
117.104 40.5418
117.104 40.5418
117.104 40.5418
117.104 40.5418
117.104 40.5418
117.104 40.5418
117.104 40.5418
117.104 40.5418
117.104 40.5418
117.104 40.5418
117.104 40.5418
117.104 40.5418
117.104 40.5418
117.104 40.5418
117.104 40.5418
117.104 40.5418
117.104 40.5419
117.104 40.5419
117.104 40.5419
117.104 40.5419
117.104 40.5419
117.104 40.5419
117.104 40.5419
117.104 40.5419
117.104 40.5419
117.104 40.5418
117.104 40.5418
117.104 40.5418
117.104 40.5418
117.104 40.5418
117.104 40.5418
117.104 40.5418
117.104 40.5418
117.104 40.5418
117.104 40.5418
117.104 40.5418
117.104 40.5418
117.104 40.5418
117.104 40.5418
117.104 40.5418
117.104 40.5418
117.104 40.5418
117.104 40.5418
117.104 40.5418
117.104 40.5418
117.104 40.5419
117.104 40.5419
117.104 40.5419
117.104 40.5419
117.104 40.5419
117.104 40.5419
117.104 40.5419
117.104 40.5419
117.104 40.5419
117.104 40.5419
117.104 40.5418
117.104 40.5419
117.104 40.5419
117.104 40.5419
117.104 40.5418
117.104 40.5418
117.104 40.5419
117.104 40.5419
117.104 40.5419
117.104 40.5419
117.104 40.5419
117.104 40.5419
117.104 40.5419
117.104 40.5419
117.104 40.5419
117.104 40.5419
117.104 40.5419
117.104 40.5419
117.104 40.5419
117.104 40.5419
117.104 40.5419
117.104 40.5419
117.104 40.5419
117.104 40.5419
117.104 40.5419
117.104 40.5419
117.104 40.5419
117.104 40.5419
117.104 40.5419
117.104 40.5419
117.104 40.5419
117.104 40.5419
117.104 40.5419
117.104 40.5418
117.104 40.5419
117.104 40.5419
117.104 40.5419
117.104 40.5419
117.104 40.5419
117.104 40.5419
117.104 40.5419
117.104 40.5419
117.104 40.5419
117.104 40.5419
117.104 40.5419
117.104 40.5419
117.104 40.5419
117.104 40.5419
117.104 40.5419
117.104 40.5419
117.104 40.5419
117.104 40.5419
117.104 40.5419
117.104 40.5419
117.104 40.5419
117.104 40.5419
117.103 40.542
117.104 40.5418
117.104 40.5418
117.104 40.5418
117.104 40.5419
117.104 40.5419
117.104 40.5419
117.104 40.5419
117.104 40.5419
117.104 40.5419
117.104 40.5419
117.104 40.5419
117.104 40.5419
117.104 40.5419
117.104 40.5419
117.104 40.5419
117.104 40.5419
117.104 40.5419
117.104 40.5419
117.104 40.5419
117.104 40.5419
117.104 40.5419
117.104 40.5419
117.104 40.5419
117.104 40.5419
117.104 40.5419
117.104 40.5419
117.104 40.5419
117.104 40.5419
117.104 40.5419
117.104 40.542
117.104 40.5419
117.104 40.5419
117.104 40.5419
117.104 40.5419
117.104 40.5419
117.104 40.5419
117.104 40.5419
117.104 40.5419
117.104 40.5419
117.104 40.5419
117.104 40.5419
117.104 40.5419
117.104 40.5419
117.104 40.5419
117.104 40.5419
117.104 40.5419
117.104 40.5418
117.104 40.5418
117.104 40.5418
117.104 40.5418
117.104 40.5418
117.104 40.5418
117.104 40.5418
117.104 40.5418
117.104 40.5418
117.104 40.5418
117.104 40.5418
117.104 40.5418
117.104 40.5418
117.104 40.5419
117.104 40.5419
117.104 40.5419
117.104 40.5419
117.104 40.5419
117.104 40.5419
117.104 40.5419
117.104 40.5419
117.104 40.5419
117.104 40.5418
117.104 40.5418
117.104 40.5418
117.104 40.5418
117.104 40.5418
117.104 40.5418
117.104 40.5418
117.104 40.5418
117.104 40.5418
117.104 40.542
117.104 40.5418
117.104 40.5418
117.104 40.5418
117.104 40.5418
117.104 40.5419
117.104 40.5419
117.104 40.5419
117.104 40.5419
117.104 40.5419
117.104 40.5419
117.104 40.5419
117.104 40.5419
117.104 40.5419
117.104 40.5419
117.104 40.5419
117.104 40.5419
117.104 40.5419
117.104 40.5419
117.104 40.5419
117.104 40.5419
117.104 40.5419
117.104 40.5419
117.104 40.5419
117.104 40.5419
117.104 40.5419
117.104 40.5419
117.104 40.5419
117.104 40.5419
117.104 40.5419
117.104 40.5419
117.104 40.5419
117.104 40.5419
117.104 40.5419
117.104 40.5419
117.104 40.5419
117.104 40.5419
117.104 40.5419
117.104 40.5419
117.104 40.5419
117.104 40.5419
117.104 40.5421
117.104 40.5421
117.104 40.5417
117.104 40.5417
117.104 40.5418
117.104 40.5418
117.104 40.5418
117.104 40.5418
117.104 40.5418
117.104 40.5418
117.104 40.5418
117.104 40.5418
117.104 40.5418
117.104 40.5418
117.104 40.5418
117.104 40.5419
117.104 40.5419
117.104 40.5419
117.104 40.5419
117.104 40.5419
117.104 40.5418
117.104 40.5418
117.104 40.5418
117.104 40.5418
117.104 40.5418
117.104 40.5418
117.104 40.5418
117.104 40.5419
117.104 40.5419
117.104 40.542
117.104 40.5418
117.104 40.5418
117.104 40.5418
117.104 40.5418
117.104 40.5418
117.104 40.5418
117.104 40.5418
117.104 40.5418
117.104 40.5418
117.104 40.5418
117.104 40.5418
117.104 40.5418
117.104 40.5418
117.103 40.5414
117.104 40.5419
117.104 40.542
117.104 40.5419
117.104 40.5419
117.104 40.5419
117.104 40.5419
117.105 40.5593
117.104 40.5771
117.104 40.577
117.104 40.577
117.104 40.577
117.104 40.577
117.104 40.577
117.104 40.577
117.104 40.577
117.104 40.577
117.103 40.5715
117.104 40.5438
117.104 40.5418
117.104 40.5418
117.104 40.5417
117.104 40.5322
117.069 40.5072
117.044 40.4872
117.014 40.4557
116.99 40.4186
116.948 40.4061
116.901 40.3954
116.86 40.3777
116.835 40.3876
116.833 40.3863
116.833 40.3862
116.833 40.3861
116.833 40.3861
116.833 40.3861
116.833 40.3861
116.833 40.3861
116.833 40.3861
116.833 40.3861
116.834 40.386
116.834 40.3859
116.834 40.3859
116.834 40.3859
116.834 40.3859
116.834 40.3859
116.834 40.3859
116.834 40.3859
116.834 40.3859
116.834 40.3859
116.833 40.3859
116.834 40.3862
116.834 40.3861
116.834 40.3862
116.834 40.3862
116.833 40.3862
116.833 40.3862
116.834 40.3859
116.834 40.3859
116.834 40.386
116.834 40.3858
116.833 40.3865
116.834 40.3858
116.833 40.387
116.833 40.387
116.833 40.387
116.834 40.3856
116.833 40.3864
116.834 40.3854
116.833 40.3861
116.834 40.3858
116.834 40.3858
116.834 40.3858
116.833 40.3858
116.833 40.3857
116.833 40.3861
116.834 40.3862
116.833 40.3858
116.834 40.3861
116.834 40.3861
