116.448 39.9956
116.406 39.9872
116.388 39.9638
116.382 39.9476
116.346 39.9391
116.346 39.9404
116.342 39.9495
116.341 39.9526
116.339 39.9589
116.384 39.9779
116.339 39.9589
116.332 39.9608
116.332 39.9609
116.329 39.9591
116.318 39.9508
116.318 39.952
116.331 39.9486
116.373 39.9211
116.383 39.9209
116.395 39.9219
116.405 39.9128
116.408 39.9093
116.406 39.908
116.408 39.9085
116.411 39.9088
116.412 39.9011
116.411 39.8952
116.417 39.8951
116.421 39.8918
116.413 39.8922
116.412 39.8959
116.412 39.8952
116.407 39.8952
116.406 39.901
116.405 39.9089
116.41 39.9082
116.409 39.9081
116.412 39.9139
116.411 39.9304
116.411 39.9388
116.412 39.9632
116.412 39.9632
116.412 39.9655
116.403 39.968
116.394 39.9674
116.389 39.9674
116.383 39.9714
116.435 39.9648
116.437 39.9634
116.455 39.951
116.455 39.9309
116.455 39.916
116.467 39.9073
116.465 39.9072
116.444 39.9208
116.446 39.9256
116.447 39.9257
116.454 39.9275
116.445 39.9216
116.445 39.9216
116.442 39.9208
116.441 39.922
116.454 39.9221
116.454 39.9223
116.456 39.9334
116.456 39.9419
116.451 39.9547
116.451 39.9547
116.449 39.9561
116.446 39.9619
116.445 39.9613
116.441 39.9608
116.455 39.9485
116.458 39.9466
116.463 39.947
116.477 39.9551
116.476 39.956
116.477 39.9557
116.467 39.9526
116.464 39.9508
116.456 39.9483
116.444 39.9467
116.446 39.9486
116.449 39.9494
116.454 39.9477
116.475 39.9771
116.472 39.9788
116.461 39.9885
116.463 39.9911
116.461 40.0073
116.479 40.0119
116.496 39.9995
116.525 40.0192
116.565 40.0342
116.584 40.0534
116.586 40.0769
116.587 40.079
116.581 40.0729
116.58 40.0625
116.564 40.064
116.549 40.0643
116.549 40.0643
116.545 40.0601
116.528 40.0424
116.512 40.033
116.505 40.0243
116.489 40.0121
116.473 40.0047
116.476 40.0018
116.474 40.0009
116.472 39.9974
116.476 40.0008
116.462 40.0005
116.471 39.9784
116.484 39.9463
116.483 39.9223
116.502 39.9216
116.502 39.9215
116.501 39.9214
116.488 39.9218
116.485 39.9219
116.484 39.9077
116.484 39.8861
116.489 39.8696
116.508 39.8689
116.516 39.8658
116.515 39.8692
116.497 39.8751
116.497 39.8751
116.489 39.8789
116.471 39.8835
116.469 39.8854
116.471 39.8834
116.484 39.8924
116.436 39.9865
116.418 39.9803
116.418 39.977
116.418 39.9824
116.418 39.9835
116.418 39.9861
116.372 39.988
116.349 40.0207
116.33 40.0356
116.317 40.0383
116.307 40.0284
116.312 40.0117
116.299 39.9915
116.295 39.983
116.295 39.9831
116.31 39.9838
116.315 39.9665
116.308 39.9513
116.306 39.9498
116.311 39.9504
116.303 39.9579
116.302 39.9619
116.301 39.9653
116.301 39.9653
116.301 39.9653
116.302 39.9653
116.301 39.9653
116.302 39.9653
116.301 39.9674
116.311 39.9747
116.311 39.9747
116.311 39.9746
116.325 39.9721
116.325 39.9721
116.319 39.9746
116.319 39.9745
116.308 39.9818
116.311 39.9794
116.311 39.9791
116.309 39.9959
116.308 40.019
116.304 40.0357
116.308 40.023
116.308 40.023
116.312 40.0118
116.306 39.9823
116.318 39.9842
116.327 39.9764
116.341 39.9752
116.345 39.9666
116.34 39.9662
116.379 39.9669
116.388 39.9867
116.376 39.9924
116.376 39.9924
116.38 39.9883
116.38 39.988
116.393 39.9867
116.396 39.9868
116.433 39.9867
116.435 39.9857
116.438 39.9849
116.44 39.9845
116.459 39.9866
116.46 39.9869
116.462 39.994
116.462 39.994
116.462 39.994
116.462 40.0068
116.462 40.0068
116.481 40.0206
116.493 40.0408
116.493 40.0406
116.493 40.0215
116.485 40.0209
116.461 40.0172
116.461 40.0127
116.466 40.0006
116.466 40.0006
116.466 40.0005
116.466 40.0005
116.466 40.0005
116.466 40.0005
116.466 40.0007
116.466 40.0004
116.466 40.0001
116.466 40
116.466 40
116.466 40.0001
116.466 40.0001
116.466 40.0001
116.466 40.0001
116.466 40.0002
116.466 40.0001
116.466 40
116.466 40.0003
116.466 40.0001
116.467 40.0003
116.466 40.0002
116.466 40.0001
116.466 40.0001
116.466 40.0001
116.466 40.0001
116.466 40.0001
116.466 40.0002
116.466 40.0001
116.454 39.9974
116.464 39.997
116.485 40.0081
116.498 40.022
116.49 40.0214
116.471 40.0219
116.461 40.016
116.461 40.0104
116.459 40.0036
116.435 39.9955
116.409 39.9947
116.357 39.986
116.347 39.9746
116.349 39.9406
116.35 39.9201
116.342 39.8905
116.342 39.8699
116.312 39.8668
116.31 39.8668
116.311 39.8784
116.312 39.8772
116.312 39.8784
116.315 39.8833
116.315 39.8827
116.315 39.8827
116.307 39.8849
116.306 39.8844
116.317 39.8921
116.318 39.8921
116.323 39.9056
116.323 39.9061
116.34 39.9172
116.342 39.9172
116.351 39.9177
116.355 39.9567
116.338 39.9253
116.34 39.9222
116.34 39.9222
116.346 39.936
116.34 39.9372
116.449 39.9573
116.582 40.0674
116.581 40.0765
116.57 40.0634
116.525 40.0367
116.498 40.0012
116.439 39.9485
116.428 39.9129
116.429 39.907
116.428 39.9458
116.457 39.9847
116.466 40.0007
116.466 40.0006
116.465 40.0005
116.467 39.9831
116.463 39.9683
116.45 39.9498
116.449 39.9499
116.441 39.9485
116.441 39.9485
116.428 39.956
116.428 39.956
116.436 39.965
116.442 39.9719
116.442 39.9719
116.435 39.966
116.396 39.9675
116.325 39.9662
116.308 39.8673
116.306 39.8838
116.305 39.8841
116.316 39.8956
116.317 39.8956
116.336 39.8962
116.336 39.8962
116.339 39.9107
116.339 39.9117
116.35 39.934
116.35 39.9348
116.365 39.947
116.381 39.9482
116.409 39.9486
116.413 39.9502
116.412 39.9588
116.412 39.9673
116.393 39.9674
116.382 39.9831
116.381 39.9822
116.387 39.9865
116.402 39.9871
116.434 39.9864
116.442 39.9947
116.465 40.032
116.476 40.091
116.483 40.0934
116.528 40.1148
116.624 40.1164
116.624 40.1164
116.644 40.1161
116.677 40.1146
116.76 40.139
116.8 40.1471
116.727 40.3133
117.015 40.1953
117.081 40.1906
117.112 40.1907
117.167 40.2038
117.185 40.2198
117.216 40.2237
117.242 40.1569
117.227 40.1503
117.174 40.1445
117.159 40.1445
117.127 40.149
117.123 40.1488
117.123 40.1488
117.096 40.1488
117.091 40.1491
117.091 40.149
117.091 40.1491
117.091 40.149
117.091 40.1492
117.09 40.1492
117.091 40.149
117.091 40.149
117.09 40.1491
117.091 40.1491
117.091 40.1491
117.091 40.149
117.09 40.1493
117.09 40.1492
117.09 40.1491
117.089 40.1448
117.051 40.1452
117.038 40.1439
117.001 40.1392
116.816 40.1489
116.796 40.1471
116.745 40.1296
116.729 40.1222
116.684 40.1176
116.674 40.1148
116.629 40.1166
116.564 40.1146
116.568 40.1018
116.565 40.0976
116.565 40.0976
116.562 40.0834
116.562 40.0818
116.551 40.0752
116.551 40.0746
116.558 40.0594
116.558 40.0593
116.563 40.0687
116.563 40.0688
116.567 40.0709
116.567 40.0709
116.565 40.0709
116.565 40.0709
116.565 40.0708
116.564 40.0709
116.565 40.0708
116.565 40.0708
116.565 40.0708
116.565 40.0709
116.565 40.0709
116.565 40.0708
116.565 40.0708
116.565 40.0708
116.565 40.0709
116.565 40.0709
116.565 40.0709
116.565 40.0709
116.565 40.0709
116.564 40.0709
116.565 40.0709
116.565 40.0709
116.565 40.0709
116.565 40.0709
116.565 40.0708
116.565 40.0709
116.565 40.0708
116.564 40.0708
116.565 40.0708
116.565 40.0708
116.565 40.0709
116.565 40.0708
116.565 40.0707
116.565 40.0708
116.565 40.0709
116.565 40.0708
116.565 40.0708
116.565 40.0709
116.565 40.0709
116.565 40.0709
116.565 40.0709
116.565 40.0709
116.564 40.0709
116.563 40.0683
116.563 40.0675
116.563 40.0672
116.563 40.0651
116.57 40.0635
116.57 40.0636
116.57 40.0635
116.57 40.0633
116.57 40.0634
116.571 40.0635
116.571 40.0634
116.572 40.0632
116.572 40.0631
116.573 40.0631
116.573 40.0631
116.573 40.0631
116.573 40.0631
116.574 40.063
116.575 40.063
116.583 40.0602
116.583 40.0622
116.582 40.0654
116.582 40.0686
116.582 40.0704
116.581 40.0718
116.581 40.0718
116.581 40.0718
116.581 40.0718
116.581 40.0718
116.584 40.0779
116.583 40.0793
116.583 40.0793
116.583 40.0792
116.583 40.0793
116.583 40.0798
116.583 40.0801
116.584 40.079
116.583 40.0793
116.581 40.0791
116.58 40.0478
116.561 40.0326
116.511 40.0132
116.483 39.9875
116.447 39.9556
116.426 39.9485
116.428 39.9234
116.43 39.9035
116.433 39.8941
116.429 39.8948
116.421 39.8959
116.413 39.8958
116.412 39.9026
116.41 39.9091
116.412 39.9085
116.42 39.8992
116.448 39.8831
116.458 39.8807
116.458 39.8808
116.455 39.8872
116.456 39.9074
116.452 39.9073
116.452 39.9075
116.452 39.9076
116.452 39.9076
116.452 39.9075
116.452 39.9076
116.452 39.9078
116.452 39.9078
116.452 39.9076
116.452 39.9076
116.452 39.9079
116.452 39.9079
116.452 39.9079
116.452 39.9078
116.455 39.8984
116.437 39.8579
116.427 39.8537
116.422 39.8508
116.397 39.8638
116.395 39.8642
116.394 39.8905
116.394 39.8907
116.413 39.9069
116.416 39.907
116.42 39.9227
116.42 39.9227
116.424 39.94
116.456 39.9475
116.461 39.9681
116.439 39.9864
116.452 39.999
116.468 39.9997
116.469 39.9988
116.466 40.0003
116.466 40.0003
116.466 40.0003
116.466 40.0003
116.466 40.0003
116.466 40.0003
116.466 40.0003
116.466 40.0003
116.466 40.0003
116.466 40.0003
116.466 40.0003
116.466 40.0003
116.466 40.0003
116.466 40.0003
116.466 40.0003
116.466 40.0003
116.466 40.0003
116.466 40.0003
116.466 40.0003
116.466 40.0003
116.466 40.0003
116.466 40.0003
116.466 40.0003
116.466 40.0003
116.466 40.0006
116.465 40.0005
116.465 40.0005
116.465 40.0005
116.465 40.0004
116.465 40.0005
116.464 40.0014
116.464 40.0016
116.464 40.0013
116.464 40.0015
116.465 40.0013
116.461 40.0098
116.462 40.0193
116.469 40.0233
116.478 40.0238
116.483 40.0252
116.483 40.0253
116.478 40.0236
116.471 40.0217
116.468 40.0234
116.465 40.0159
116.461 40.0143
116.461 40.004
116.467 40.0002
116.467 40.0002
116.462 39.9959
116.468 39.9839
116.465 39.9813
116.463 39.9734
116.463 39.9735
116.463 39.9733
116.463 39.9734
116.463 39.9734
116.463 39.9734
116.463 39.9731
116.469 39.985
116.459 40
116.457 39.9958
116.462 39.9937
116.462 39.9937
116.462 39.9937
116.464 39.9971
116.463 39.9969
116.472 40.0007
116.47 40.0007
116.464 39.9918
116.462 39.9951
116.462 39.9949
116.463 39.9949
116.462 39.9957
116.473 40.0023
116.466 40.0005
116.462 39.9959
116.443 39.9943
116.442 39.9938
116.446 39.9952
116.452 39.9989
116.462 40.0055
116.462 40.0102
116.467 40.0011
116.462 39.9962
116.462 40.0006
116.462 39.9968
116.464 39.9856
116.47 39.9804
116.478 39.9753
116.49 39.9704
116.49 39.9705
116.49 39.9705
116.49 39.9705
116.49 39.9705
116.49 39.9705
116.49 39.9705
116.49 39.9705
116.491 39.9706
116.491 39.9706
116.491 39.9706
116.491 39.9706
116.484 39.9703
116.477 39.9742
116.478 39.9747
116.466 39.9829
116.465 39.9873
116.465 39.9873
116.465 39.9875
116.465 39.9876
116.465 39.9875
116.46 39.988
116.462 39.9948
116.464 39.9974
116.463 39.9971
116.464 39.9971
116.464 39.9972
116.463 39.9967
116.463 39.9912
116.462 40.0025
116.467 40.0006
116.457 39.9995
116.457 39.998
116.459 39.9959
116.467 40.0019
116.46 40.0001
116.461 40.0088
116.46 40.0122
116.461 40.0072
116.442 39.9941
116.442 39.9937
116.457 39.9913
116.466 39.9751
116.456 39.9499
116.455 39.9191
116.452 39.896
116.448 39.9025
116.462 39.9031
116.484 39.9056
116.484 39.9368
116.483 39.9541
116.469 39.9663
116.466 39.9898
116.466 39.9737
116.456 39.9333
116.455 39.9194
116.455 39.9104
116.468 39.9054
116.466 39.9045
116.466 39.906
116.47 39.9092
116.469 39.9147
116.464 39.9122
116.465 39.9125
116.472 39.9072
116.472 39.9014
116.471 39.8875
116.467 39.8834
116.46 39.8833
116.455 39.8775
116.435 39.8578
116.42 39.857
116.405 39.8558
116.381 39.8504
116.371 39.8513
116.371 39.8519
116.371 39.8546
116.381 39.8591
116.381 39.8625
116.381 39.8787
116.381 39.8813
116.379 39.8856
116.379 39.8876
116.369 39.8881
116.368 39.8936
116.368 39.8966
116.368 39.8967
116.368 39.8968
116.368 39.898
116.368 39.8982
116.368 39.8982
116.35 39.8974
116.337 39.8964
116.323 39.8959
116.321 39.896
116.315 39.8988
116.315 39.9045
116.315 39.9057
116.329 39.9091
116.336 39.9132
116.345 39.9129
116.35 39.9117
116.35 39.9117
116.352 39.9096
116.357 39.9055
116.362 39.9022
116.362 39.9036
116.371 39.9061
116.371 39.9061
116.372 39.9058
116.376 39.9054
116.391 39.906
116.402 39.9062
116.402 39.9062
116.408 39.9062
116.413 39.9141
116.421 39.9163
116.42 39.9215
116.429 39.9227
116.428 39.9337
116.447 39.9552
116.433 39.9665
116.432 39.9676
116.428 39.968
116.435 39.9652
116.452 39.9535
116.454 39.9543
116.454 39.9543
116.474 39.9703
116.49 39.9705
116.466 39.9828
116.465 39.9836
116.465 39.9836
116.462 39.996
116.462 39.996
116.461 39.996
116.462 39.9934
116.462 39.9933
116.463 39.9947
116.442 39.9939
116.453 39.9895
116.461 39.988
116.464 39.9911
116.469 39.9955
116.463 39.9921
116.462 39.9942
116.462 39.9943
116.462 40.0067
116.456 40.0115
116.464 40.0102
116.473 40.0021
116.467 40.0006
116.457 39.999
116.465 40.0005
116.47 40.0025
116.47 40.0025
116.461 40.0003
116.442 39.9934
116.448 39.9797
116.463 39.9899
116.464 39.9911
116.468 39.9968
116.468 39.9968
116.469 40.0006
116.463 39.9916
116.455 39.9849
116.456 39.9851
116.402 39.9885
116.399 40.004
116.399 40.004
116.398 40.0038
116.41 39.9937
116.416 39.9909
116.418 39.9907
116.432 39.9874
116.445 39.9813
116.445 39.9814
116.445 39.9813
116.445 39.9813
116.445 39.9813
116.445 39.9813
116.445 39.9813
116.445 39.9813
116.445 39.9813
116.445 39.9813
116.445 39.9813
116.445 39.9813
116.445 39.9813
116.445 39.9812
116.445 39.9813
116.445 39.9813
116.445 39.9813
116.445 39.9813
116.451 39.9821
116.461 39.9827
116.483 39.9714
116.497 39.9651
116.497 39.9631
116.497 39.9634
116.495 39.9707
116.466 40.0002
116.467 40.0002
116.465 40.0002
116.442 40.0297
116.42 40.0395
116.42 40.0397
116.442 40.0254
116.442 40.0229
116.461 40.0073
116.461 40.0049
116.463 40.0004
116.462 40.0012
116.453 39.9995
116.456 39.9995
116.451 39.9914
116.446 39.9761
116.419 39.9682
116.413 39.9515
116.4 39.9395
116.397 39.9394
116.404 39.9393
116.42 39.9333
116.42 39.9388
116.444 39.941
116.446 39.9466
116.462 39.9609
116.463 39.9791
116.463 39.985
116.464 40.0005
116.465 40.0005
116.465 40.0006
116.466 40.0002
116.467 39.9993
116.467 39.9993
116.466 39.9994
116.466 39.9997
116.466 39.9999
116.466 39.9998
116.466 39.9995
116.466 39.9999
116.466 40.0001
116.466 40.0002
116.466 40.0002
116.465 40.0002
116.466 40.0003
116.466 40.0003
116.466 40.0002
116.466 40.0002
116.466 40.0001
116.466 40.0003
116.466 40.0003
116.466 40.0003
116.465 40.0001
116.465 40.0003
116.466 40.0004
116.466 40.0004
116.466 40.0008
116.465 40.0001
116.465 40.0001
116.465 40.0001
116.465 40.0003
116.465 40.0003
116.465 40.0007
116.466 40.0008
116.465 40.0005
116.465 40.0006
116.465 40.0003
116.466 40.0007
116.466 40.004
116.467 40.0008
116.464 40.005
116.457 39.9988
116.457 39.9941
116.463 39.9855
116.471 39.9868
116.48 39.9739
116.49 39.9708
116.487 39.9707
116.469 39.9806
116.461 39.9858
116.466 39.9878
116.466 39.9879
116.466 39.9879
116.466 39.9878
116.466 39.9829
116.466 39.9823
116.462 39.994
116.45 39.9956
116.465 39.998
116.466 39.9995
116.466 40.0004
116.466 40.0004
116.465 40.0005
116.466 40.0005
116.465 40.0005
116.465 40.0004
116.465 40.0004
116.465 40.0004
116.465 40.0005
116.465 40.0005
116.465 40.0006
116.465 40.0005
116.466 40.0004
116.466 40.0003
116.466 40.0003
116.466 40.0004
116.466 40.0005
116.465 40.0007
116.465 40.0006
116.465 40.0005
116.465 40.0006
116.465 40.0005
116.465 40.0005
116.465 40.0005
116.462 40.004
116.462 40.0003
116.464 39.9918
116.462 39.9942
116.452 39.9837
116.425 39.9714
116.423 39.9726
116.304 39.9127
116.313 39.8955
116.263 39.8958
116.247 39.8846
116.247 39.885
116.247 39.9034
116.247 39.9057
116.267 39.9062
116.28 39.9229
116.304 39.9212
116.304 39.9212
116.304 39.9213
116.304 39.9213
116.311 39.9224
116.311 39.9224
116.328 39.9163
116.322 39.9107
116.323 39.9097
116.333 39.9128
116.337 39.9128
116.449 39.9399
116.456 39.9449
116.458 39.9565
116.464 39.962
116.467 39.9679
116.466 39.9752
116.463 39.9849
116.463 39.9926
116.462 40.0002
116.463 39.9918
116.466 40.0004
116.467 40.0003
116.466 40.0002
116.459 39.9998
116.455 40.0067
116.465 39.9981
116.465 39.9992
116.466 39.998
116.463 39.9953
116.465 39.9963
116.463 40.0005
116.463 40.0004
116.462 40.0003
116.462 40.0003
116.481 39.9567
116.48 39.907
116.47 39.907
116.439 39.9069
116.439 39.9069
116.439 39.907
116.421 39.9035
116.421 39.9034
116.421 39.9034
116.421 39.9034
116.421 39.9034
116.421 39.9034
116.421 39.9034
116.421 39.9034
116.421 39.9034
116.421 39.9034
116.421 39.9034
116.422 39.9031
116.422 39.9032
116.467 39.9299
116.475 39.9269
116.473 39.9272
116.468 39.9346
116.469 39.9374
116.455 39.9433
116.433 39.94
116.428 39.9449
116.426 39.9489
116.427 39.9581
116.437 39.9584
116.436 39.9659
116.452 39.9834
116.463 39.9901
116.463 40.0004
116.463 40
116.457 39.989
116.457 39.9898
116.464 39.9916
116.462 39.9933
116.459 39.9958
116.462 39.9931
116.464 39.9923
116.464 39.9924
116.464 39.9924
116.472 39.9972
116.466 40.0003
116.462 39.9961
116.462 39.9945
116.462 39.9926
116.464 39.9922
116.464 39.9923
116.461 39.9888
116.457 39.9955
116.457 39.999
116.464 39.993
116.464 39.9929
116.462 39.9943
116.47 40.0033
116.47 40.0033
116.467 40.0029
116.464 39.9909
116.461 39.9901
116.462 39.9957
116.463 40.0101
116.461 40.0086
116.447 39.9956
116.447 39.9954
116.462 39.9933
116.462 39.9932
116.463 39.9918
116.464 39.9914
116.471 40.0015
116.461 39.9961
116.461 39.9962
116.463 39.9917
116.476 39.988
116.476 39.9879
116.462 39.9963
116.462 39.9999
116.459 40.0145
116.45 40.015
116.434 40.0311
116.432 40.0311
116.441 40.0309
116.441 40.0309
116.42 40.0401
116.416 40.0406
116.42 40.0399
116.431 40.0335
116.442 40.0243
116.453 40.0191
116.461 40.0097
116.462 40.0192
116.48 40.0204
116.5 40.0372
116.5 40.0372
116.489 40.013
116.451 39.9963
116.442 39.9942
116.462 39.9957
116.472 40.007
116.461 40.0097
116.462 40.005
116.462 39.9941
116.463 39.9922
116.463 39.9922
116.464 39.9915
116.464 39.9914
116.466 39.9949
116.462 39.9979
116.461 40.0036
116.456 40.0101
116.456 40.0099
116.463 39.9986
116.461 39.999
116.461 39.999
116.462 39.9922
116.464 39.992
116.464 39.9917
116.463 39.9917
116.465 39.9924
116.465 39.9924
116.479 39.9977
116.477 39.9961
116.476 39.9967
116.476 39.9966
116.472 39.9872
116.471 39.9858
116.467 39.989
116.457 39.961
116.46 39.9997
116.46 40.0001
116.463 39.9921
116.451 39.9835
116.451 39.9815
116.452 39.9821
116.453 39.9837
116.459 39.9864
116.462 39.9947
116.462 39.9921
116.463 39.9919
116.472 39.979
116.467 39.9823
116.462 39.9948
116.463 39.9922
116.463 39.9919
116.452 39.9834
116.394 39.9869
116.347 39.992
116.334 39.9957
116.327 40.0084
116.331 40.0043
116.331 39.9945
116.347 39.9906
116.351 39.9854
116.404 39.9871
116.44 39.9847
116.449 39.9794
116.462 39.9894
116.462 39.9937
116.457 39.9886
116.457 39.9954
116.462 39.995
116.469 39.9879
116.469 39.9879
116.478 39.9753
116.487 39.959
116.487 39.9598
116.484 39.9866
116.495 39.9971
116.496 39.9964
116.485 39.9868
116.485 39.9867
116.467 40.0005
116.466 40.0005
116.465 40.0004
116.465 40.0003
116.465 40.0005
116.465 40.0003
116.465 40.0005
116.465 40.0004
116.465 40.0004
116.465 40.0004
116.465 40.0006
116.465 40.0004
116.465 40.0004
116.461 39.9978
116.477 39.9826
116.488 39.9644
116.475 39.9722
116.476 39.9731
116.45 39.9379
116.452 39.9379
116.468 39.9296
116.472 39.9297
116.462 39.9245
116.461 39.9261
116.457 39.9425
116.461 39.9427
116.463 39.9453
116.462 39.9488
116.465 39.9712
116.464 39.9732
116.462 39.9893
116.463 39.9925
116.467 40.0006
116.467 40.0005
116.462 39.994
116.462 39.9937
116.467 39.9896
116.469 39.9662
116.484 39.9124
116.476 39.9068
116.479 39.8994
116.468 39.8993
116.468 39.8993
116.471 39.8992
116.471 39.8992
116.466 39.9051
116.466 39.9051
116.466 39.9053
116.466 39.9051
116.466 39.9054
116.466 39.9053
116.457 39.9033
116.455 39.894
116.388 39.8559
116.384 39.8559
116.378 39.8819
116.379 39.8838
116.369 39.8698
116.358 39.8672
116.358 39.8653
116.361 39.8641
116.362 39.8651
116.358 39.8722
116.358 39.8735
116.363 39.877
116.367 39.8771
116.369 39.8876
116.369 39.8906
116.374 39.8971
116.375 39.8972
116.371 39.8969
116.368 39.908
116.367 39.9101
116.367 39.9099
116.368 39.9131
116.37 39.908
116.37 39.9075
116.368 39.9171
116.367 39.9304
116.399 39.9318
116.458 39.9274
116.456 39.9308
116.469 39.9367
116.468 39.9441
116.462 39.9497
116.464 39.9722
116.466 39.9757
116.476 39.9883
116.477 39.989
116.465 39.9911
116.464 39.9917
116.461 40.0035
116.433 40.0198
116.431 40.0294
116.431 40.0294
116.432 40.0303
116.442 40.0197
116.453 40.019
116.461 40.0058
116.456 40.0004
116.454 39.988
116.437 39.9681
116.409 39.9483
116.416 39.9481
116.418 39.9528
116.414 39.9579
116.42 39.9585
116.428 39.9519
116.428 39.9519
116.428 39.9519
116.428 39.9519
116.428 39.9517
116.428 39.9516
116.428 39.9509
116.428 39.9511
116.428 39.9512
116.428 39.9512
116.428 39.9519
116.428 39.952
116.429 39.9517
116.428 39.9515
116.428 39.9517
116.428 39.9518
116.428 39.9515
116.428 39.9515
116.428 39.9515
116.428 39.9516
116.428 39.9517
116.428 39.9517
116.432 39.9533
116.433 39.9577
116.439 39.9545
116.448 39.9786
116.45 39.9862
116.462 39.9945
116.472 39.9791
116.475 39.9771
116.465 39.9836
116.462 39.9898
116.458 39.9996
116.457 39.9896
116.462 40.0066
116.462 40.01
116.461 40.0063
116.457 39.9996
116.474 39.9835
116.475 39.9838
116.476 39.9835
116.499 40.0036
116.501 40.0059
116.523 40.0154
116.523 40.0153
116.517 40.0236
116.517 40.0236
116.489 40.0215
116.486 40.0212
116.461 40.0148
116.461 40.0122
116.456 39.9972
116.422 39.9883
116.419 39.9877
116.45 39.9785
116.444 39.9543
116.44 39.9515
116.416 39.9482
116.348 39.9429
116.303 39.9412
116.289 39.91
116.289 39.9101
116.296 39.9124
116.296 39.9071
116.289 39.8963
116.29 39.9063
116.305 39.908
116.304 39.91
116.304 39.9137
116.283 39.9476
116.282 39.949
116.279 39.9576
116.28 39.9582
116.283 39.9514
116.276 39.9427
116.276 39.9427
116.29 39.9456
116.293 39.945
116.332 39.9366
116.338 39.924
116.339 39.9258
116.347 39.9343
116.339 39.9362
116.343 39.9382
116.365 39.9392
116.366 39.9416
116.374 39.9499
116.374 39.9513
116.366 39.9567
116.341 39.9515
116.339 39.9478
116.347 39.9567
116.349 39.9623
116.364 39.9658
116.37 39.9663
116.378 39.9615
116.388 39.9618
116.394 39.9619
116.402 39.9523
116.402 39.9349
116.403 39.9307
116.411 39.9322
116.425 39.9322
116.436 39.9329
116.436 39.9327
116.439 39.9399
116.444 39.9431
116.457 39.9563
116.458 39.9577
116.462 39.9574
116.463 39.9431
116.462 39.9452
116.468 39.9661
116.476 39.9847
116.476 39.9847
116.476 39.9849
116.466 39.9906
116.464 39.9911
116.462 39.9973
116.461 40.008
116.461 40.0074
116.583 40.1168
116.583 40.1168
116.583 40.1168
116.583 40.1168
116.583 40.1168
116.583 40.1168
116.583 40.1168
116.583 40.1168
116.583 40.1168
116.583 40.1168
116.583 40.1168
116.583 40.1168
116.583 40.1168
116.583 40.1168
116.583 40.1168
116.583 40.1168
116.616 40.1164
116.625 40.1163
116.682 40.116
116.701 40.1244
116.701 40.1244
116.752 40.135
116.777 40.1438
116.832 40.1504
116.858 40.1521
116.928 40.1514
116.949 40.15
117.015 40.1412
117.037 40.1439
117.09 40.1424
117.089 40.1309
117.107 40.1154
117.107 40.1155
117.107 40.1157
117.107 40.1157
117.108 40.1097
117.115 40.0864
117.12 40.0855
117.122 40.0843
117.122 40.0843
117.122 40.0843
117.122 40.0843
117.122 40.0843
117.122 40.0843
117.122 40.0843
117.122 40.0843
117.122 40.0843
117.122 40.0843
117.122 40.0843
117.122 40.0843
117.122 40.0843
117.122 40.0843
117.122 40.0843
117.122 40.0843
117.122 40.0843
117.122 40.0843
117.122 40.0843
117.122 40.0843
117.122 40.0843
117.122 40.0843
117.122 40.0843
117.122 40.0843
117.122 40.0843
117.122 40.0843
117.122 40.0843
117.122 40.0843
117.122 40.0843
117.122 40.0843
117.122 40.0843
117.122 40.0843
117.122 40.0843
117.122 40.0843
117.122 40.0843
117.122 40.0843
117.122 40.0843
117.122 40.0843
117.122 40.0843
117.122 40.0843
117.122 40.0843
117.122 40.0843
117.122 40.0843
117.122 40.0843
117.122 40.0843
117.122 40.0843
117.122 40.0844
117.122 40.0844
117.122 40.0838
117.122 40.0838
117.13 40.0826
117.135 40.0815
117.122 40.0839
117.122 40.0843
117.122 40.0843
117.122 40.0843
117.122 40.0843
117.122 40.0843
117.122 40.0843
117.122 40.0844
117.122 40.0844
117.122 40.0843
117.122 40.0843
117.122 40.0843
117.122 40.0842
117.122 40.0842
117.122 40.0842
117.122 40.0842
117.122 40.0842
117.122 40.0842
117.122 40.0842
117.122 40.0842
117.122 40.0842
117.122 40.0842
117.122 40.0841
117.122 40.0843
117.122 40.0842
117.122 40.0843
117.122 40.0843
117.122 40.0843
117.122 40.0843
117.122 40.0842
117.119 40.0872
117.108 40.1086
117.098 40.1209
117.087 40.1442
117.055 40.1451
117.019 40.1418
116.986 40.142
116.986 40.142
116.947 40.1503
116.906 40.1525
116.877 40.1517
116.828 40.1499
116.8 40.1472
116.763 40.14
116.73 40.1223
116.688 40.1205
116.664 40.115
116.628 40.1164
116.605 40.1167
116.573 40.1167
116.556 40.1047
116.533 40.0511
116.451 39.9965
116.442 39.9939
116.455 40.0001
116.471 40.0052
116.44 39.9905
116.415 39.9871
116.411 39.9916
116.427 39.9867
116.457 39.9931
116.478 39.9902
116.479 39.9886
116.465 39.9713
116.419 39.9483
116.412 39.9482
116.412 39.9482
116.412 39.9482
116.411 39.9481
116.41 39.9481
116.398 39.9479
116.388 39.9458
116.388 39.942
116.388 39.9406
116.388 39.9401
116.39 39.9332
116.393 39.9241
116.397 39.9181
116.397 39.9072
116.397 39.9072
116.391 39.9062
116.389 39.8991
116.384 39.899
116.374 39.8986
116.368 39.9076
116.367 39.9162
116.371 39.9211
116.384 39.9209
116.391 39.9219
116.399 39.9229
116.405 39.9204
116.4 39.9164
116.408 39.9027
116.408 39.9026
116.408 39.9095
116.408 39.91
116.408 39.914
116.408 39.914
116.408 39.9139
116.4 39.9069
116.397 39.9065
116.368 39.906
116.366 39.9072
116.368 39.8944
116.368 39.8937
116.367 39.8803
116.365 39.8807
116.37 39.8877
116.371 39.8877
116.377 39.888
116.377 39.888
116.38 39.888
116.38 39.8879
116.392 39.8898
116.398 39.891
116.412 39.8914
116.434 39.8887
116.433 39.892
116.421 39.896
116.415 39.8959
116.407 39.887
116.406 39.8874
116.394 39.899
116.376 39.9108
116.367 39.9267
116.367 39.9271
116.366 39.9427
116.366 39.9427
116.364 39.9634
116.364 39.9676
116.403 39.9803
116.418 39.982
116.418 39.9838
116.444 39.9971
116.448 40.0094
116.497 40.0019
116.504 40.0081
116.525 40.0351
116.528 40.0416
116.56 40.0701
116.563 40.066
116.572 40.0632
116.582 40.0761
116.582 40.0762
116.582 40.0761
116.582 40.0761
116.582 40.075
116.583 40.0754
116.583 40.0754
116.583 40.0754
116.583 40.0755
116.583 40.0754
116.583 40.0754
116.583 40.0754
116.583 40.0762
116.585 40.0766
116.585 40.0766
116.585 40.0766
116.585 40.0767
116.585 40.0766
116.585 40.0766
116.59 40.0754
116.65 40.0592
116.578 40.0459
116.5 40.0036
116.483 39.9538
116.473 39.9072
116.468 39.9089
116.46 39.907
116.455 39.9134
116.453 39.9143
116.44 39.922
116.44 39.922
116.429 39.9323
116.426 39.9324
116.428 39.9362
116.443 39.9071
116.455 39.8924
116.452 39.8866
116.449 39.8877
116.443 39.8981
116.45 39.8959
116.432 39.8983
116.43 39.9086
116.428 39.9313
116.421 39.9326
116.431 39.94
116.432 39.94
116.456 39.9474
116.456 39.9474
116.456 39.9475
116.456 39.9475
116.424 39.9684
116.414 39.9823
116.439 39.9848
116.45 39.9956
116.45 39.9956
116.471 39.9971
116.472 39.997
116.472 39.9973
116.472 39.9974
116.489 39.9947
116.507 40.011
116.507 40.011
116.508 40.0111
116.507 40.0111
116.521 40.0301
116.524 40.0343
116.552 40.0795
116.553 40.0866
116.579 40.1168
116.586 40.1169
116.638 40.1162
116.652 40.1161
116.685 40.118
116.694 40.1242
116.749 40.1328
116.757 40.1379
116.816 40.1484
116.827 40.1495
116.882 40.1518
116.894 40.1526
116.95 40.15
116.962 40.148
117.016 40.1413
117.027 40.1425
117.086 40.144
117.094 40.1441
117.116 40.1448
117.117 40.1433
117.107 40.1155
117.107 40.1154
117.107 40.1155
117.108 40.1096
117.12 40.0859
117.12 40.0859
117.122 40.0838
117.122 40.0838
117.108 40.0977
117.108 40.1148
117.106 40.1343
117.106 40.1352
117.119 40.1354
117.121 40.0838
117.121 40.0838
117.121 40.0841
117.115 40.0885
117.106 40.0908
117.102 40.1192
117.093 40.1244
117.097 40.1445
