116.931 39.7858
116.931 39.7858
116.931 39.7858
116.931 39.7858
116.931 39.7858
116.931 39.7858
116.931 39.7858
116.931 39.7858
116.931 39.7858
116.931 39.7859
116.911 39.7952
116.874 39.8112
116.823 39.8106
116.775 39.8149
116.759 39.8451
116.711 39.8629
116.657 39.888
116.657 39.888
116.657 39.888
116.652 39.8987
116.651 39.9129
116.645 39.9136
116.644 39.919
116.644 39.919
116.644 39.919
116.644 39.9192
116.644 39.919
116.644 39.919
116.644 39.9192
116.644 39.9191
116.644 39.9188
116.644 39.9189
116.644 39.919
116.644 39.919
116.645 39.9139
116.644 39.9112
116.645 39.9114
116.645 39.9114
116.645 39.9118
116.645 39.9117
116.645 39.9119
116.645 39.9118
116.645 39.9119
116.645 39.9119
116.645 39.9119
116.645 39.9112
116.646 39.9135
116.652 39.9081
116.655 39.889
116.658 39.8868
116.658 39.8868
116.667 39.8803
116.667 39.8802
116.662 39.8834
116.671 39.8912
116.671 39.8985
116.671 39.8985
116.671 39.8964
116.672 39.8929
116.672 39.8787
116.667 39.8802
116.667 39.8802
116.667 39.8802
116.667 39.8802
116.667 39.8802
116.667 39.8802
116.667 39.8802
116.667 39.8801
116.667 39.8801
116.667 39.8801
116.659 39.8865
116.656 39.8881
116.656 39.8881
116.665 39.8912
116.683 39.8912
116.686 39.896
116.686 39.896
116.686 39.896
116.686 39.896
116.687 39.8983
116.687 39.8983
116.703 39.8862
116.733 39.8762
116.759 39.8447
116.772 39.8159
116.827 39.8109
116.931 39.7858
116.931 39.7858
116.931 39.7858
116.931 39.7858
116.931 39.7858
116.931 39.7858
116.931 39.7858
116.931 39.7858
116.931 39.7858
116.931 39.7858
116.931 39.7858
116.931 39.7858
116.931 39.7858
116.931 39.7858
116.931 39.7858
116.433 39.9556
116.433 39.9556
116.931 39.7858
116.931 39.7858
116.931 39.7858
116.926 39.7933
116.926 39.7933
116.888 39.8117
116.893 39.796
116.894 39.7961
116.894 39.7962
116.894 39.7962
116.894 39.7962
116.894 39.7962
116.894 39.7962
116.894 39.7962
116.894 39.7962
116.894 39.7962
116.894 39.7962
116.894 39.7962
116.894 39.7962
116.894 39.7962
116.894 39.7962
116.894 39.7962
116.894 39.7962
116.894 39.7962
116.894 39.7962
116.894 39.7961
116.894 39.7961
116.894 39.7961
116.894 39.7961
116.894 39.7961
116.894 39.7961
116.894 39.7961
116.894 39.7961
116.894 39.7961
116.894 39.7961
116.894 39.7961
116.894 39.7961
116.894 39.7961
116.894 39.7961
116.894 39.7961
116.894 39.7961
116.894 39.7961
116.894 39.7961
116.894 39.7961
116.894 39.7961
116.894 39.7961
116.894 39.7961
116.894 39.7961
116.894 39.7961
116.894 39.7961
116.894 39.7961
116.894 39.7961
116.894 39.7961
116.894 39.7961
116.894 39.7961
116.894 39.7961
116.894 39.7961
116.894 39.7961
116.894 39.7961
116.894 39.7961
116.894 39.7961
116.894 39.7961
116.894 39.7961
116.894 39.7961
116.894 39.7961
116.894 39.7961
116.894 39.7961
116.894 39.7961
116.894 39.7961
116.894 39.7961
116.894 39.7961
116.894 39.7961
116.894 39.7961
116.894 39.7961
116.894 39.7961
116.894 39.7961
116.894 39.7961
116.894 39.7961
116.894 39.7961
116.894 39.7961
116.894 39.7961
116.894 39.7961
116.894 39.7961
116.894 39.7961
116.894 39.7961
116.894 39.7961
116.894 39.7961
116.894 39.7961
116.894 39.7961
116.894 39.7961
116.894 39.7961
116.894 39.7961
116.894 39.7961
116.894 39.7961
116.894 39.7961
116.894 39.7961
116.894 39.7961
116.894 39.7961
116.894 39.7961
116.894 39.7961
116.894 39.7961
116.894 39.7961
116.894 39.7961
116.894 39.7961
116.894 39.7961
116.894 39.7961
116.894 39.7961
116.894 39.7961
116.894 39.7961
116.826 39.8109
116.759 39.8446
116.709 39.8635
116.657 39.8877
116.59 39.91
116.59 39.9102
116.585 39.9113
116.562 39.9149
116.451 39.9065
116.472 39.905
116.479 39.9261
116.514 39.9383
116.472 39.9011
116.472 39.9017
116.472 39.9035
116.474 39.9071
116.456 39.9134
116.463 39.9243
116.466 39.9243
116.466 39.9242
116.465 39.9246
116.465 39.9243
116.465 39.9243
116.465 39.9246
116.465 39.9245
116.466 39.9242
116.466 39.9243
116.465 39.9243
116.465 39.9244
116.465 39.9241
116.465 39.9241
116.465 39.9244
116.465 39.9243
116.465 39.9243
116.467 39.9285
116.467 39.9286
116.479 39.9257
116.492 39.9143
116.513 39.9153
116.525 39.9013
116.516 39.9132
116.516 39.9132
116.494 39.9147
116.473 39.9072
116.484 39.9757
116.489 39.9617
116.484 39.9415
116.476 39.9267
116.477 39.9268
116.477 39.9268
116.473 39.9214
116.432 39.906
116.423 39.9319
116.413 39.8946
116.422 39.8918
116.434 39.8854
116.455 39.8831
116.454 39.9073
116.455 39.908
116.466 39.907
116.461 39.9297
116.464 39.9324
116.495 39.9313
116.515 39.9144
116.518 39.916
116.521 39.9159
116.538 39.915
116.552 39.9147
116.574 39.9132
116.595 39.9085
116.622 39.9055
116.638 39.8938
116.654 39.8898
116.656 39.8883
116.677 39.8719
116.717 39.8614
116.765 39.8417
116.772 39.8157
116.821 39.8105
116.874 39.8046
116.894 39.7961
116.894 39.7961
116.894 39.7961
116.894 39.7961
116.894 39.7961
116.894 39.7961
116.893 39.7961
116.894 39.7962
116.894 39.7961
116.894 39.7961
116.894 39.7961
116.894 39.7961
116.894 39.7961
116.894 39.7961
116.894 39.7961
116.894 39.7962
116.894 39.7962
116.894 39.7961
116.894 39.7961
116.894 39.7961
116.894 39.7961
116.894 39.7961
116.894 39.7961
116.894 39.7961
116.894 39.7961
116.894 39.7961
116.894 39.7961
116.894 39.7961
116.894 39.7961
116.894 39.7961
116.894 39.7961
116.894 39.7961
116.894 39.7961
116.894 39.7961
116.894 39.7961
116.894 39.7961
116.894 39.7961
116.894 39.7961
116.894 39.7961
116.894 39.7961
116.894 39.7961
116.894 39.7961
116.894 39.7961
116.894 39.7961
116.894 39.7961
116.894 39.7961
116.894 39.7961
116.894 39.7961
116.894 39.7961
116.894 39.7961
116.894 39.7961
116.894 39.7961
116.894 39.7961
116.894 39.7961
116.894 39.7961
116.894 39.7961
116.894 39.7961
116.894 39.7961
116.894 39.7961
116.894 39.7961
116.894 39.7961
116.894 39.7961
116.894 39.7961
116.894 39.7961
116.894 39.7961
116.894 39.7961
116.894 39.7961
116.894 39.7961
116.894 39.7961
116.894 39.7961
116.894 39.7961
116.894 39.7961
116.894 39.7961
116.894 39.7961
116.894 39.7961
116.894 39.7961
116.894 39.7961
116.894 39.7961
116.894 39.7961
116.894 39.7961
116.894 39.7961
116.894 39.7961
116.894 39.7961
116.894 39.7961
116.894 39.7961
116.894 39.7961
116.894 39.7961
116.894 39.7961
116.894 39.7961
116.894 39.7961
116.894 39.7961
116.894 39.7961
116.894 39.7961
116.894 39.7961
116.894 39.7961
116.894 39.7961
116.894 39.7961
116.894 39.7961
116.894 39.7961
116.894 39.7961
116.894 39.7961
116.894 39.7961
116.894 39.7961
116.894 39.7961
116.894 39.7961
116.894 39.7961
116.894 39.7961
116.894 39.7961
116.894 39.7961
116.894 39.7961
116.894 39.7961
116.894 39.7961
116.894 39.7962
116.894 39.7962
116.894 39.7961
116.894 39.7961
116.894 39.7961
116.894 39.7961
116.42 39.7961
116.42 39.7961
116.894 39.7961
116.894 39.7961
116.894 39.7961
116.894 39.7961
116.894 39.7961
116.894 39.7961
116.894 39.7961
116.894 39.7961
116.894 39.7961
116.894 39.7961
116.894 39.7961
116.894 39.7961
116.894 39.7961
116.894 39.7961
116.894 39.7961
116.894 39.7961
116.894 39.7961
116.894 39.7961
116.894 39.7961
116.894 39.7961
116.894 39.7961
116.894 39.7961
116.894 39.7961
116.894 39.7961
116.894 39.7961
116.894 39.7961
116.894 39.7961
116.894 39.7961
116.894 39.7961
116.894 39.7961
116.894 39.7961
116.894 39.7961
116.894 39.7961
116.894 39.7961
116.894 39.7961
116.894 39.7961
116.894 39.7961
116.889 39.7953
116.871 39.8122
116.815 39.8107
116.775 39.8235
116.736 39.8564
116.693 39.8678
116.675 39.8734
116.656 39.8879
116.639 39.8935
116.633 39.9007
116.631 39.9044
116.621 39.9133
116.586 39.911
116.562 39.9147
116.541 39.9149
116.493 39.9174
116.465 39.9119
116.472 39.9085
116.473 39.9072
116.481 39.9145
116.497 39.9148
116.421 39.9045
116.416 39.902
116.416 39.902
116.412 39.9106
116.414 39.9142
116.429 39.908
116.429 39.9221
116.435 39.9217
116.415 39.908
116.433 39.9168
116.435 39.925
116.43 39.9297
116.43 39.9298
116.43 39.9298
116.43 39.9321
116.469 39.9322
116.471 39.9085
116.471 39.9068
116.481 39.9068
116.488 39.9354
116.476 39.9325
116.466 39.9244
116.466 39.9243
116.466 39.9243
116.466 39.9247
116.466 39.9244
116.453 39.9273
116.449 39.9233
116.455 39.9522
116.464 39.9309
116.467 39.929
116.464 39.929
116.446 39.9255
116.442 39.9375
116.437 39.9334
116.437 39.9334
116.469 39.9059
116.53 39.8811
116.521 39.8883
116.485 39.8919
116.472 39.8982
116.472 39.9037
116.472 39.909
116.411 39.9209
116.409 39.8958
116.413 39.8958
116.42 39.8623
116.426 39.8646
116.43 39.8644
116.434 39.8644
116.445 39.8749
116.446 39.8803
116.451 39.8802
116.455 39.8791
116.466 39.8825
116.484 39.8893
116.484 39.8916
116.49 39.9066
116.894 39.7962
116.894 39.7961
116.894 39.7961
116.894 39.7961
116.894 39.7961
116.894 39.7961
116.894 39.7961
116.894 39.7961
116.894 39.7961
116.894 39.7961
116.894 39.7961
116.894 39.7961
116.894 39.7961
116.894 39.7961
116.894 39.7961
116.894 39.7961
116.894 39.7961
116.894 39.7961
116.894 39.7961
116.894 39.7961
116.894 39.7961
116.894 39.7961
116.894 39.7961
116.894 39.7961
116.894 39.7961
116.894 39.7961
116.894 39.7961
116.894 39.7961
116.894 39.7961
116.894 39.7961
116.894 39.7961
116.894 39.7961
116.894 39.7961
116.894 39.7961
116.894 39.7961
116.894 39.7961
116.894 39.7961
116.894 39.7961
116.894 39.7961
116.894 39.7961
116.894 39.7961
116.894 39.7961
116.894 39.7961
116.894 39.7961
116.894 39.7961
116.894 39.7961
116.894 39.7961
116.894 39.7961
116.894 39.7961
116.894 39.7961
116.894 39.7961
116.894 39.7961
116.894 39.7961
116.894 39.7961
116.894 39.7961
116.894 39.7961
116.894 39.7961
116.894 39.7961
116.894 39.7961
116.894 39.7961
116.894 39.7961
116.894 39.7961
116.894 39.7961
116.894 39.7961
116.894 39.7961
116.894 39.7961
116.894 39.7961
116.894 39.7961
116.894 39.7961
116.894 39.7961
116.894 39.7961
116.894 39.7961
116.894 39.7961
116.894 39.7961
116.894 39.7961
116.894 39.7961
116.894 39.7961
116.894 39.7961
116.894 39.7961
116.894 39.7961
116.894 39.7961
116.894 39.7961
116.894 39.7961
116.894 39.7961
116.894 39.7961
116.894 39.7961
116.894 39.7961
116.894 39.7961
116.894 39.7961
116.894 39.7961
116.894 39.7961
116.894 39.7961
116.894 39.7961
116.894 39.796
116.894 39.796
116.874 39.8042
116.817 39.8107
116.774 39.8297
116.729 39.8584
116.68 39.8712
116.656 39.8882
116.633 39.9009
116.62 39.9116
116.588 39.9109
116.564 39.9145
116.545 39.9149
116.539 39.9152
116.426 39.9685
116.418 39.9798
116.425 39.9692
116.455 39.9142
116.461 39.9236
116.352 39.9172
116.359 39.9221
116.368 39.9312
116.347 39.9214
116.351 39.92
116.366 39.931
116.384 39.9318
116.412 39.9321
116.43 39.9322
116.444 39.9208
116.444 39.9208
116.454 39.9218
116.464 39.9243
116.467 39.9247
116.467 39.9293
116.466 39.9069
116.471 39.9065
116.486 39.9124
116.495 39.9144
116.57 39.9065
116.571 39.9092
116.516 39.9079
116.534 39.9152
116.544 39.9098
116.557 39.9151
116.575 39.913
116.593 39.9113
116.62 39.9051
116.641 39.8924
116.655 39.8891
116.655 39.8892
116.665 39.8812
116.692 39.868
116.738 39.8556
116.774 39.8287
116.81 39.8109
116.867 39.813
116.893 39.7959
116.893 39.7962
116.893 39.7962
116.893 39.7962
116.893 39.7962
116.893 39.7962
116.893 39.7961
116.893 39.7961
116.894 39.7961
116.894 39.7961
116.894 39.7961
116.894 39.7961
116.894 39.7961
116.894 39.7961
116.894 39.7961
116.894 39.7962
116.894 39.7962
116.894 39.7962
116.894 39.7962
116.894 39.7962
116.894 39.7962
116.894 39.7962
116.894 39.7962
116.894 39.7962
116.894 39.7962
116.894 39.7962
116.894 39.7962
116.894 39.7962
116.894 39.7962
116.894 39.7962
116.894 39.7962
116.894 39.7961
116.894 39.7961
116.894 39.7961
116.894 39.7961
116.894 39.7961
116.894 39.7961
116.894 39.7961
116.894 39.7961
116.894 39.7961
116.894 39.7961
116.894 39.7961
116.894 39.7961
116.894 39.7961
116.894 39.7961
116.894 39.7961
116.894 39.7961
116.894 39.7961
116.894 39.7961
116.894 39.7961
116.894 39.7961
116.894 39.7961
116.894 39.7961
116.894 39.7961
116.894 39.7961
116.894 39.7961
116.894 39.7961
116.894 39.7961
116.894 39.7961
116.894 39.7961
116.894 39.7961
116.894 39.7961
116.894 39.7961
116.894 39.7961
116.894 39.7961
116.894 39.7961
116.894 39.7961
116.894 39.7961
116.894 39.7961
116.894 39.7961
116.894 39.7961
116.894 39.7961
116.894 39.7961
116.894 39.7961
116.894 39.7961
116.894 39.7961
116.894 39.7961
116.894 39.7961
116.894 39.7961
116.894 39.7961
116.894 39.7961
116.894 39.7961
116.894 39.7961
116.894 39.7961
116.894 39.7961
116.894 39.7961
116.894 39.7961
116.894 39.7961
116.894 39.7961
116.894 39.7961
116.894 39.7961
116.894 39.7961
116.894 39.7961
116.894 39.7961
116.894 39.7961
116.894 39.7961
116.894 39.7961
116.894 39.7961
116.894 39.7961
116.894 39.7961
116.894 39.7961
116.894 39.7961
116.894 39.7961
116.894 39.7961
116.894 39.7961
116.894 39.7961
116.894 39.7961
116.894 39.7961
116.894 39.7961
116.894 39.7961
116.894 39.7961
116.894 39.7961
116.894 39.7961
116.894 39.7961
116.894 39.7961
116.894 39.7961
116.894 39.7961
116.894 39.7961
116.894 39.7961
116.894 39.7961
116.894 39.7961
116.894 39.7961
116.894 39.7961
116.894 39.7961
116.894 39.7961
116.894 39.7961
116.894 39.7961
116.894 39.7961
116.894 39.7961
116.894 39.7961
116.894 39.7961
116.894 39.7961
116.894 39.7961
116.894 39.7961
116.894 39.7961
116.894 39.7961
116.894 39.7961
116.894 39.7961
116.894 39.7961
116.894 39.7961
116.894 39.7961
116.894 39.7961
116.894 39.7961
116.894 39.7961
116.894 39.7961
116.894 39.7961
116.894 39.7961
116.894 39.7961
116.894 39.7961
116.894 39.7961
116.894 39.7961
116.894 39.7961
116.894 39.7961
116.894 39.7961
116.894 39.7961
116.894 39.7961
116.894 39.7961
116.894 39.7961
116.894 39.7961
116.894 39.7961
116.894 39.7961
116.894 39.7961
116.894 39.7961
116.894 39.7961
116.894 39.7961
116.894 39.7961
116.894 39.7961
116.894 39.7961
116.894 39.7961
116.894 39.7961
116.894 39.7961
116.894 39.7961
116.894 39.7961
116.894 39.7961
116.894 39.7961
116.894 39.7961
116.894 39.7961
116.894 39.7961
116.894 39.7961
116.894 39.7961
116.894 39.7961
116.894 39.7961
116.894 39.7961
116.894 39.7961
116.894 39.7961
116.894 39.7961
116.894 39.7961
116.894 39.7961
116.894 39.7961
116.894 39.7961
116.894 39.7961
116.894 39.7961
116.894 39.7961
116.894 39.7961
116.894 39.7961
116.894 39.7961
116.894 39.7961
116.894 39.7961
116.894 39.7961
116.894 39.7961
116.894 39.7961
116.894 39.7961
116.894 39.7961
116.894 39.7961
116.894 39.7961
116.894 39.7961
116.894 39.7961
116.894 39.7961
116.894 39.7961
116.894 39.7959
116.894 39.7958
116.894 39.7959
116.894 39.7961
116.894 39.7961
116.894 39.7961
116.894 39.7961
116.894 39.7961
116.894 39.7961
116.894 39.7961
116.894 39.7961
116.894 39.7961
116.894 39.7961
116.894 39.7961
116.894 39.7961
116.894 39.7961
116.894 39.7961
116.894 39.7961
116.894 39.7961
116.894 39.7961
116.894 39.7961
116.894 39.7961
116.894 39.7961
116.894 39.7961
116.894 39.7961
116.894 39.7961
116.894 39.7961
116.894 39.7961
116.894 39.7961
116.894 39.7961
116.894 39.7961
116.894 39.7961
116.894 39.7961
116.894 39.7961
116.894 39.7961
116.894 39.7961
116.894 39.7961
116.894 39.7961
116.894 39.7961
116.894 39.7961
116.894 39.7961
116.894 39.7961
116.894 39.7961
116.894 39.7961
116.894 39.7961
116.894 39.7961
116.894 39.7961
116.894 39.7961
116.894 39.7961
116.894 39.7961
116.894 39.7961
116.894 39.7961
116.894 39.7961
116.894 39.7961
116.894 39.7961
116.894 39.7961
116.894 39.7961
116.894 39.7961
116.894 39.7961
116.894 39.7961
116.894 39.7961
116.894 39.7961
116.894 39.7961
116.894 39.7961
116.894 39.7961
116.894 39.7961
116.894 39.7961
116.894 39.7961
116.894 39.7961
116.894 39.7961
116.894 39.7961
116.894 39.7961
116.894 39.7961
116.894 39.7961
116.894 39.7961
116.894 39.7961
116.894 39.7961
116.894 39.7961
116.894 39.7961
116.894 39.7961
116.894 39.7961
116.894 39.7961
116.894 39.7961
116.894 39.7961
116.894 39.7961
116.894 39.7961
116.894 39.7961
116.894 39.7961
116.894 39.7961
116.894 39.7961
116.894 39.7961
116.894 39.7961
116.894 39.7961
116.894 39.7961
116.894 39.7961
116.894 39.7961
116.894 39.7961
116.894 39.7961
116.894 39.7961
116.894 39.7961
116.894 39.7961
116.894 39.7961
116.894 39.7961
116.894 39.7961
116.894 39.7961
116.894 39.7961
116.894 39.7961
116.894 39.7961
116.894 39.7961
116.894 39.7961
116.894 39.7961
116.894 39.7961
116.894 39.7961
116.894 39.7961
116.894 39.7961
116.894 39.7961
116.894 39.7961
116.894 39.7961
116.894 39.7961
116.894 39.7961
116.894 39.7961
116.894 39.7961
116.894 39.7961
116.894 39.7961
116.894 39.7961
116.894 39.7961
116.894 39.7961
116.894 39.7961
116.894 39.7961
116.894 39.7961
116.894 39.7961
116.894 39.7961
116.894 39.7961
116.894 39.7961
116.894 39.7961
116.894 39.7961
116.894 39.7961
116.894 39.7961
116.894 39.7961
116.894 39.7961
116.894 39.7961
116.894 39.7961
116.894 39.7961
116.894 39.7961
116.894 39.7961
116.894 39.7961
116.894 39.7961
116.894 39.7961
116.894 39.7961
116.894 39.7961
116.894 39.7961
116.894 39.7961
116.894 39.7961
116.894 39.7961
116.894 39.7961
116.894 39.7961
116.894 39.7961
116.894 39.7961
116.894 39.7961
116.894 39.7961
121.215 30.9918
121.215 30.9918
116.894 39.7961
116.894 39.7961
116.894 39.7961
116.894 39.7961
116.894 39.7961
116.894 39.7961
116.894 39.7961
116.894 39.7961
116.894 39.7961
116.894 39.7961
116.894 39.7961
116.894 39.7961
116.894 39.7961
116.894 39.7961
116.894 39.7961
116.894 39.7961
116.894 39.7961
116.894 39.7961
116.894 39.7961
116.894 39.7961
116.894 39.7962
116.894 39.7962
116.894 39.7961
116.894 39.7962
116.894 39.7962
116.894 39.7961
116.894 39.7961
116.893 39.7962
116.893 39.7961
116.894 39.7961
116.894 39.7961
116.894 39.7961
116.894 39.7961
116.894 39.7961
116.894 39.7961
116.894 39.7961
116.894 39.7961
116.894 39.7961
116.894 39.7961
116.894 39.7961
116.894 39.7961
116.894 39.7961
116.894 39.7961
116.894 39.7961
116.894 39.7961
116.894 39.7961
116.894 39.7961
116.894 39.7961
116.894 39.7961
116.894 39.7961
116.894 39.7961
116.894 39.7961
116.894 39.7961
116.894 39.7961
116.894 39.7961
116.894 39.7961
116.894 39.7961
116.894 39.7961
116.894 39.7961
116.894 39.7961
116.894 39.7961
116.894 39.7961
116.894 39.7961
116.894 39.7961
116.894 39.7961
116.894 39.7961
116.894 39.7961
116.894 39.7961
116.894 39.7961
116.894 39.7961
116.894 39.7961
116.894 39.7961
116.894 39.7961
116.894 39.7961
116.894 39.7961
116.894 39.7961
116.894 39.7961
116.894 39.7961
116.894 39.7961
116.894 39.7961
116.894 39.7961
116.894 39.7961
116.894 39.7961
116.894 39.7961
116.894 39.7961
116.894 39.7961
116.894 39.7961
116.894 39.7961
116.894 39.7961
116.894 39.7961
116.894 39.7961
116.894 39.7961
116.894 39.7961
116.894 39.7961
116.894 39.7961
116.894 39.7961
116.894 39.7961
116.894 39.7961
116.894 39.7961
116.894 39.7961
116.894 39.7961
116.894 39.7961
116.894 39.7961
116.894 39.7961
116.894 39.7961
116.894 39.7961
116.894 39.7961
116.894 39.7961
116.894 39.7961
116.894 39.7961
116.894 39.7961
116.894 39.7961
116.894 39.7961
116.894 39.7961
116.894 39.7961
116.894 39.7961
116.894 39.7961
116.894 39.7961
116.894 39.7961
116.894 39.7961
116.894 39.7961
116.894 39.7961
116.894 39.7961
116.894 39.7961
116.894 39.7961
116.894 39.7961
116.894 39.7961
116.894 39.7961
116.894 39.7961
116.894 39.7961
116.894 39.7961
116.894 39.7961
116.894 39.7961
116.894 39.7961
116.894 39.7961
116.894 39.7961
116.894 39.7961
116.894 39.7961
116.894 39.7961
116.894 39.7961
116.894 39.7961
116.894 39.7961
116.894 39.7961
116.894 39.7961
116.894 39.7966
116.894 39.7962
116.894 39.7962
116.894 39.7961
116.894 39.7961
116.894 39.7961
116.894 39.7961
116.893 39.7963
116.893 39.7966
116.888 39.7995
116.898 39.8063
116.898 39.8063
116.898 39.8063
116.898 39.8063
116.898 39.8063
116.898 39.8063
116.898 39.8063
116.884 39.8108
116.893 39.7961
116.89 39.7921
116.888 39.7721
116.888 39.7721
116.888 39.7721
116.888 39.7721
116.888 39.7721
116.887 39.7699
116.878 39.7681
116.877 39.7824
116.89 39.7925
116.894 39.796
116.894 39.7961
116.894 39.7961
116.894 39.7961
116.894 39.7961
116.894 39.7961
116.894 39.7961
116.894 39.7961
116.894 39.7961
116.894 39.7961
116.894 39.7961
116.894 39.7962
116.894 39.7962
116.894 39.7962
116.894 39.7962
116.894 39.7962
116.894 39.7962
116.894 39.7962
116.894 39.7962
116.894 39.7962
116.894 39.7962
116.894 39.7962
116.894 39.7962
116.894 39.7962
116.894 39.7962
116.894 39.7962
116.894 39.7962
116.894 39.7962
116.894 39.7962
116.894 39.7962
116.894 39.7962
116.894 39.7962
116.894 39.7962
116.894 39.7962
116.894 39.7962
116.894 39.7962
116.894 39.7962
116.894 39.7962
116.894 39.7962
116.894 39.7962
116.894 39.7962
116.894 39.7962
116.894 39.7962
116.894 39.7962
116.894 39.7962
116.894 39.7962
116.894 39.7962
116.894 39.7962
116.894 39.7962
116.894 39.7962
116.894 39.7962
116.894 39.7962
116.894 39.7962
116.894 39.7962
116.894 39.7962
116.894 39.7962
116.894 39.7962
116.894 39.7961
116.894 39.7961
116.894 39.7961
116.894 39.7961
116.894 39.7961
116.894 39.7961
116.894 39.7961
116.894 39.7961
116.894 39.7961
116.894 39.7961
116.894 39.7961
116.894 39.7961
116.894 39.7961
116.894 39.7961
116.894 39.7961
116.894 39.7961
116.894 39.7961
116.894 39.7961
116.894 39.7961
116.894 39.7961
116.894 39.7961
116.894 39.7961
116.894 39.7961
116.894 39.7961
116.894 39.7961
116.894 39.7961
116.894 39.7961
116.894 39.7961
116.894 39.7961
116.894 39.7961
116.894 39.7961
116.894 39.7961
116.894 39.7961
116.894 39.7961
116.894 39.7961
116.894 39.7961
116.894 39.7961
116.894 39.7961
116.894 39.7961
116.894 39.7961
116.894 39.7961
116.894 39.7961
116.894 39.7961
116.894 39.7961
116.894 39.7961
116.894 39.7961
116.894 39.7961
116.894 39.7961
116.894 39.7961
116.894 39.7961
116.894 39.7961
116.894 39.7961
116.894 39.7961
116.894 39.7961
116.894 39.7961
116.894 39.7961
116.894 39.7961
116.894 39.7961
116.894 39.7961
116.894 39.7961
116.894 39.7961
116.894 39.7961
116.894 39.7961
116.894 39.7961
116.894 39.7961
116.894 39.7961
116.894 39.7961
116.894 39.7961
116.894 39.7961
116.894 39.7961
116.894 39.7961
116.894 39.7961
116.894 39.7961
116.894 39.7961
116.894 39.7961
116.894 39.7961
116.894 39.7961
116.894 39.7961
116.894 39.7961
116.894 39.7961
116.894 39.7961
116.894 39.7961
116.894 39.7961
116.894 39.7961
116.894 39.7961
116.894 39.7961
116.894 39.7961
116.894 39.7961
116.894 39.7961
116.894 39.7961
116.894 39.7961
116.894 39.7961
116.894 39.7962
116.894 39.7962
116.894 39.7962
116.894 39.7962
116.894 39.7962
116.894 39.7962
116.894 39.7962
116.894 39.7962
116.894 39.7962
116.894 39.7962
116.894 39.7962
116.894 39.7962
116.894 39.7962
116.894 39.7962
116.894 39.7962
116.894 39.7962
116.894 39.7962
116.894 39.7962
116.894 39.7962
116.894 39.7962
116.894 39.7962
116.894 39.7961
116.894 39.7961
116.894 39.7961
116.894 39.7961
116.894 39.7961
116.894 39.7961
116.894 39.7961
116.894 39.7961
116.894 39.7961
116.894 39.7961
116.894 39.7961
116.894 39.7961
116.894 39.7961
116.894 39.7961
116.894 39.7961
116.894 39.7961
116.894 39.7961
116.894 39.7961
116.894 39.7961
116.894 39.7961
116.894 39.7961
116.894 39.7961
116.893 39.7962
116.89 39.7961
116.895 39.808
116.897 39.8079
116.897 39.8078
116.897 39.8078
116.898 39.8077
116.899 39.8058
116.9 39.8041
116.93 39.794
116.931 39.7859
116.931 39.7859
116.933 39.7874
116.933 39.7875
116.933 39.7874
116.933 39.7874
116.933 39.7874
116.933 39.7874
116.933 39.7874
116.933 39.7874
116.931 39.7857
116.931 39.7857
116.931 39.7857
116.931 39.7857
116.931 39.7857
116.931 39.7857
116.931 39.7857
116.931 39.7857
116.931 39.7857
116.931 39.7857
116.931 39.7857
116.931 39.7857
116.931 39.7857
116.931 39.7857
116.931 39.7858
116.931 39.7858
116.931 39.7858
116.931 39.7858
116.931 39.7858
116.931 39.7858
116.931 39.7858
116.931 39.7858
116.931 39.7858
116.931 39.7858
116.931 39.7858
116.931 39.7858
116.931 39.7858
116.931 39.7858
116.931 39.7858
116.931 39.7858
116.931 39.7858
116.931 39.7858
116.931 39.7858
116.931 39.7858
116.931 39.7858
116.931 39.7858
116.931 39.7858
116.931 39.7858
116.931 39.7858
116.931 39.7858
116.931 39.7858
116.931 39.7858
116.931 39.7858
116.931 39.7858
116.931 39.7858
116.931 39.7858
116.931 39.7858
116.931 39.7858
116.931 39.7858
116.931 39.7858
116.931 39.7858
116.931 39.7858
116.931 39.7858
116.931 39.7858
116.931 39.7858
116.931 39.7858
116.931 39.7858
116.931 39.7858
116.931 39.7858
116.931 39.7858
116.931 39.7858
