116.413 39.8872
116.413 39.8915
116.407 39.8916
116.388 39.889
116.386 39.8886
116.386 39.8886
116.379 39.8882
116.379 39.8881
116.378 39.8853
116.381 39.882
116.392 39.8849
116.406 39.8868
116.414 39.8854
116.414 39.8854
116.414 39.8854
116.414 39.8854
116.414 39.8854
116.414 39.8854
116.414 39.8854
116.414 39.8854
116.414 39.8854
116.414 39.8853
116.418 39.884
116.449 39.8831
116.453 39.883
116.455 39.9013
116.455 39.9197
116.456 39.9271
116.456 39.9396
116.456 39.9396
116.459 39.946
116.455 39.9417
116.444 39.9399
116.429 39.9397
116.411 39.9396
116.402 39.9395
116.398 39.9395
116.398 39.9395
116.401 39.9395
116.402 39.9395
116.418 39.9396
116.429 39.9393
116.44 39.9398
116.455 39.9397
116.455 39.9184
116.456 39.9116
116.455 39.9191
116.456 39.9322
116.456 39.942
116.456 39.9477
116.456 39.9477
116.448 39.9472
116.449 39.9492
116.447 39.9512
116.446 39.9513
116.456 39.948
116.471 39.9526
116.472 39.9532
116.489 39.9614
116.489 39.9613
116.488 39.9527
116.488 39.9526
116.485 39.9393
116.486 39.9372
116.493 39.9392
116.496 39.9351
116.496 39.9224
116.499 39.9218
116.512 39.9174
116.512 39.9174
116.492 39.9146
116.488 39.9145
116.472 39.9143
116.472 39.9141
116.464 39.9127
116.463 39.9119
116.463 39.9119
116.467 39.9122
116.469 39.9124
116.469 39.9123
116.466 39.9125
116.455 39.9099
116.455 39.9088
116.455 39.8962
116.455 39.8939
116.456 39.9
116.452 39.8986
116.451 39.8995
116.453 39.9031
116.45 39.9033
116.472 39.9032
116.471 39.9026
116.458 39.8994
116.455 39.8927
116.455 39.8927
116.452 39.8855
116.453 39.8838
116.428 39.883
116.414 39.8855
116.414 39.8855
116.414 39.8854
116.414 39.8855
116.414 39.8855
116.414 39.8856
116.414 39.8856
116.414 39.8856
116.414 39.8856
116.414 39.8855
116.414 39.8856
116.414 39.8856
116.421 39.8827
116.426 39.8828
116.439 39.8871
116.438 39.8951
116.44 39.9071
116.445 39.9071
116.455 39.9231
116.455 39.9231
116.455 39.9309
116.457 39.9481
116.463 39.9503
116.467 39.9345
116.467 39.9341
116.471 39.9323
116.472 39.9295
116.472 39.9151
116.472 39.914
116.472 39.9085
116.472 39.9078
116.465 39.9073
116.464 39.9074
116.46 39.9072
116.458 39.9072
116.458 39.9071
116.456 39.9072
116.455 39.9071
116.455 39.9
116.455 39.8924
116.451 39.8925
116.433 39.8924
116.433 39.8924
116.414 39.8917
116.413 39.8918
116.413 39.8862
116.414 39.8852
116.419 39.8826
116.427 39.8828
116.439 39.882
116.438 39.8895
116.434 39.9071
116.455 39.907
116.456 39.9078
116.456 39.9423
116.456 39.9507
116.456 39.9507
116.448 39.9577
116.442 39.9549
116.439 39.9603
116.444 39.9592
116.468 39.9742
116.478 39.9836
116.519 40.0174
116.535 40.0229
116.58 40.0474
116.584 40.0569
116.586 40.0789
116.586 40.0789
116.586 40.0793
116.583 40.0755
116.582 40.0739
116.587 40.0633
116.588 40.0566
116.573 40.0385
116.57 40.0345
116.548 40.026
116.555 40.0184
116.548 39.9998
116.522 40.0027
116.52 40.0022
116.535 40.0074
116.545 40.0016
116.545 40.0016
116.545 40.0016
116.545 40.0016
116.545 40.0017
116.545 40.0017
116.545 40.0016
116.524 40.0057
116.497 39.9993
116.492 39.9951
116.465 39.9715
116.431 39.9483
116.427 39.9459
116.444 39.9399
116.449 39.9479
116.455 39.9287
116.455 39.9168
116.471 39.9067
116.479 39.9067
116.488 39.908
116.489 39.908
116.508 39.9093
116.501 39.907
116.472 39.904
116.456 39.9032
116.44 39.9055
116.442 39.9068
116.456 39.9069
116.466 39.9125
116.469 39.9123
116.462 39.9072
116.457 39.9072
116.464 39.9506
116.465 39.9385
116.467 39.9415
116.468 39.9352
116.468 39.9351
116.468 39.9351
116.468 39.9351
116.456 39.9325
116.455 39.913
116.455 39.9113
116.452 39.9085
116.449 39.9073
116.444 39.9097
116.444 39.9119
116.444 39.9282
116.444 39.932
116.443 39.9469
116.442 39.9477
116.454 39.9613
116.461 39.9683
116.507 40.0093
116.573 40.0413
116.587 40.0774
116.586 40.0792
116.582 40.0749
116.583 40.0758
116.586 40.0674
116.586 40.0669
116.586 40.0551
116.583 40.0576
116.555 40.0295
116.541 40.0251
116.489 39.9933
116.479 39.9843
116.453 39.9529
116.45 39.9504
116.445 39.9467
116.443 39.9474
116.446 39.9513
116.447 39.9513
116.446 39.9514
116.447 39.9514
116.449 39.9483
116.458 39.9485
116.462 39.9498
116.468 39.9395
116.468 39.9351
116.456 39.9327
116.446 39.9325
116.432 39.9323
116.43 39.9324
116.433 39.9396
116.438 39.9429
116.43 39.9395
116.43 39.9395
116.43 39.9396
116.432 39.9396
116.449 39.9398
116.455 39.9379
116.464 39.9323
116.472 39.9324
116.495 39.9302
116.496 39.924
116.503 39.9239
116.498 39.922
116.496 39.9343
116.496 39.9344
116.475 39.9325
116.456 39.9347
116.456 39.9443
116.451 39.9552
116.453 39.9531
116.453 39.9528
116.453 39.9528
116.452 39.9522
116.452 39.9522
116.455 39.9515
116.455 39.9484
116.468 39.9444
116.468 39.9385
116.455 39.9298
116.455 39.9209
116.455 39.9198
116.455 39.9149
116.455 39.9149
116.454 39.9072
116.438 39.9071
116.394 39.8902
116.42 39.8919
116.427 39.8921
116.438 39.8962
116.43 39.9015
116.439 39.907
116.446 39.9069
116.455 39.8985
116.455 39.8892
116.455 39.871
116.455 39.8807
116.455 39.8691
116.445 39.859
116.425 39.8572
116.413 39.856
116.404 39.8558
116.394 39.8608
116.399 39.8638
116.406 39.8638
116.407 39.8639
116.414 39.8639
116.416 39.864
116.419 39.8644
116.415 39.8669
116.415 39.883
116.414 39.8853
116.414 39.8854
116.418 39.8836
116.425 39.8828
116.434 39.883
116.438 39.894
116.43 39.9029
116.435 39.9071
116.442 39.907
116.45 39.9073
116.444 39.9073
116.449 39.9124
116.455 39.912
116.46 39.9127
116.467 39.9124
116.469 39.9089
116.466 39.9074
116.471 39.9122
116.472 39.919
116.479 39.922
116.473 39.9269
116.468 39.9325
116.468 39.9325
116.465 39.9501
116.462 39.9525
116.462 39.9541
116.462 39.9549
116.46 39.9585
116.459 39.9594
116.459 39.9588
116.455 39.9545
116.456 39.9432
116.455 39.9162
116.452 39.912
116.453 39.9185
116.445 39.9216
116.433 39.9268
116.432 39.9263
116.431 39.9299
116.434 39.9275
116.428 39.9334
116.428 39.9341
116.416 39.9481
116.41 39.9495
116.412 39.9478
116.412 39.9477
116.412 39.9477
116.412 39.9477
116.412 39.9477
116.412 39.9477
116.412 39.9477
116.419 39.9526
116.419 39.9554
116.419 39.9651
116.419 39.9659
116.419 39.9676
116.419 39.9709
116.42 39.9682
116.425 39.9679
116.437 39.9635
116.437 39.9635
116.437 39.9635
116.437 39.9636
116.439 39.9621
116.442 39.9602
116.434 39.9535
116.433 39.9528
116.438 39.9591
116.443 39.9594
116.444 39.9592
116.444 39.9592
116.444 39.9592
116.444 39.9592
116.444 39.9592
116.448 39.9561
116.463 39.9706
116.455 39.9758
116.461 39.9779
116.462 39.9782
116.475 39.984
116.477 39.9831
116.483 39.9868
116.484 39.9866
116.484 39.9866
116.485 39.9866
116.509 39.9998
116.509 39.9998
116.529 40.0064
116.537 40.0072
116.545 40.0017
116.54 40.0037
116.538 40.0063
116.514 40.0003
116.513 40.0001
116.534 40.0074
116.542 40.0077
116.559 40.0042
116.557 40.0014
116.545 40.0017
118.157 37.7775
116.545 40.0016
116.545 40.0016
116.539 40.0059
116.538 40.0068
116.508 39.9975
116.508 39.996
116.492 39.9791
116.489 39.9791
116.478 39.9753
116.478 39.9752
116.474 39.9751
116.474 39.9751
116.474 39.9751
116.474 39.9751
116.474 39.975
116.474 39.975
116.483 39.9789
116.484 39.9778
116.493 39.973
116.493 39.9714
116.475 39.9765
116.474 39.9753
116.475 39.9699
116.477 39.9696
116.477 39.9678
116.483 39.9535
116.484 39.9509
116.481 39.9058
116.479 39.9045
116.436 39.9022
116.434 39.902
116.432 39.9119
116.433 39.9119
116.433 39.9073
116.433 39.9073
116.432 39.9057
116.432 39.9052
116.426 39.9072
116.424 39.9071
116.406 39.9067
116.406 39.9068
116.387 39.9062
116.385 39.9061
116.35 39.9059
116.35 39.9059
116.328 39.9076
116.328 39.9091
116.325 39.9096
116.325 39.9096
116.326 39.9096
116.342 39.9059
116.344 39.9058
116.376 39.9058
116.376 39.9058
116.385 39.9061
116.386 39.9061
116.396 39.9064
116.396 39.9064
116.411 39.9068
116.411 39.9068
116.437 39.9072
116.437 39.9071
116.471 39.9065
116.471 39.9065
116.47 39.9117
116.47 39.9117
116.48 39.9141
116.482 39.9141
116.484 39.952
116.483 39.9544
116.49 39.9943
116.493 39.9968
116.555 40.0297
116.559 40.0312
116.583 40.0649
116.582 40.0676
116.581 40.0786
116.581 40.0778
116.582 40.0637
116.582 40.0633
116.57 40.0633
116.57 40.0635
116.562 40.0734
116.562 40.0747
116.557 40.0701
116.556 40.0705
116.557 40.0742
116.557 40.0742
116.557 40.0741
116.557 40.0742
116.557 40.0742
116.557 40.0742
116.557 40.0741
116.557 40.0741
116.557 40.0742
116.557 40.0742
116.557 40.0742
116.558 40.0653
116.56 40.0655
116.581 40.0715
116.581 40.0729
116.582 40.0695
116.583 40.0693
116.586 40.0581
116.586 40.0575
116.565 40.0611
116.563 40.0613
116.559 40.0498
116.559 40.0499
116.56 40.0499
116.559 40.0499
116.56 40.05
116.559 40.0499
116.56 40.05
116.56 40.05
116.56 40.0499
116.559 40.0499
116.559 40.0499
116.559 40.05
116.559 40.05
116.564 40.0472
116.564 40.0472
116.564 40.0472
116.564 40.0472
116.56 40.0496
116.562 40.0486
116.559 40.0499
116.559 40.0499
116.564 40.0469
116.566 40.0462
116.531 40.0216
116.527 40.0202
116.48 39.9856
116.48 39.9861
116.478 39.9753
116.478 39.9753
116.477 39.9743
116.476 39.9736
116.475 39.9726
116.476 39.9663
116.475 39.9653
116.484 39.9278
116.484 39.9257
116.484 39.9257
116.446 39.9026
116.445 39.9026
116.443 39.9057
116.443 39.9056
116.452 39.9073
116.45 39.9072
116.451 39.9121
116.451 39.912
116.456 39.9181
116.456 39.919
116.456 39.935
116.456 39.9362
116.451 39.9591
116.454 39.9612
116.484 39.9793
116.484 39.9792
116.491 39.985
116.492 39.985
116.49 39.9851
116.489 39.985
116.483 39.986
116.483 39.986
116.479 39.9841
116.471 39.9769
116.484 39.9437
116.484 39.9356
116.485 39.9142
116.488 39.9141
116.5 39.9146
116.501 39.9146
116.487 39.9145
116.487 39.9146
116.487 39.9145
116.487 39.9145
116.484 39.9394
116.484 39.9467
116.456 39.9753
116.456 39.9764
116.461 39.9787
116.463 39.9797
116.477 39.9889
116.478 39.9899
116.478 39.9899
116.464 39.9977
116.462 39.996
116.457 39.9933
116.457 39.9955
116.464 39.9915
116.464 39.9911
116.472 39.9817
116.472 39.9817
116.476 39.9835
116.484 39.9866
116.484 39.9866
116.484 39.9866
116.484 39.9866
116.504 39.9888
116.508 39.9945
116.51 40.0015
116.511 40.0015
116.532 40.007
116.538 40.0065
116.545 40.0019
116.547 40.0024
116.548 39.9998
116.521 40.0024
116.508 39.998
116.484 39.9745
116.484 39.9783
116.496 39.9792
116.504 39.9887
116.514 40.0003
116.53 40.0066
116.545 40.0014
116.545 40.002
116.545 40.002
116.545 40.0016
108.585 23.4398
116.545 40.0016
116.545 40.0016
116.545 40.0016
116.545 40.0016
116.545 40.0016
116.504 40.0061
116.5 40.0019
116.484 39.99
116.438 39.9483
116.427 39.9404
116.427 39.9403
116.429 39.9088
116.43 39.9046
116.437 39.8701
116.432 39.8693
116.413 39.856
116.409 39.856
116.408 39.8451
116.408 39.8451
116.416 39.8445
116.419 39.8443
116.422 39.8453
116.422 39.8479
116.422 39.8479
116.433 39.8485
116.433 39.8517
116.444 39.8581
116.447 39.8601
116.455 39.8931
116.455 39.8931
116.455 39.8969
116.456 39.9348
116.456 39.9404
116.442 39.9549
116.441 39.9551
116.451 39.9548
116.455 39.9519
116.458 39.9323
116.461 39.9324
116.466 39.9326
116.467 39.9325
116.467 39.9342
116.465 39.9325
116.455 39.9228
116.452 39.9221
116.443 39.9219
116.442 39.922
116.434 39.9299
116.431 39.9296
116.429 39.9233
116.428 39.9228
116.43 39.9063
116.43 39.9041
116.439 39.895
116.439 39.894
116.439 39.8938
116.439 39.8924
116.426 39.8962
116.424 39.8961
116.422 39.896
116.421 39.896
116.413 39.8958
116.413 39.8958
116.412 39.9061
116.412 39.9079
116.41 39.9091
116.409 39.909
116.412 39.9097
116.412 39.9094
116.406 39.9091
116.412 39.9169
116.411 39.9181
116.411 39.9181
116.427 39.9228
116.428 39.9226
116.444 39.9216
116.444 39.9235
116.447 39.9256
116.447 39.9256
116.448 39.9256
116.458 39.9222
116.46 39.9219
116.472 39.9126
116.47 39.9121
116.471 39.9103
116.472 39.9099
116.472 39.9074
116.472 39.9074
116.472 39.9212
116.472 39.9212
116.478 39.9322
116.483 39.9323
116.496 39.9301
116.498 39.9302
116.49 39.9218
116.486 39.9219
116.483 39.9053
116.483 39.9046
116.485 39.9082
116.482 39.9081
116.472 39.9195
116.472 39.921
116.461 39.9248
116.461 39.9253
116.456 39.9419
116.456 39.945
116.448 39.9477
116.448 39.9479
116.449 39.9489
116.449 39.9492
116.447 39.9499
116.447 39.9511
116.447 39.9511
116.447 39.9513
116.447 39.9512
116.446 39.9511
116.446 39.951
116.447 39.9512
116.447 39.9511
116.447 39.9511
116.447 39.9511
116.447 39.9511
116.447 39.9512
116.448 39.9455
116.456 39.948
116.456 39.9479
116.456 39.9481
116.457 39.9481
116.456 39.9481
116.457 39.9481
116.457 39.9481
116.457 39.9481
116.476 39.9587
116.476 39.9588
116.476 39.9588
116.477 39.9691
116.473 39.9706
116.477 39.9742
116.477 39.9743
116.474 39.9715
116.474 39.9715
116.472 39.97
116.48 39.9584
116.48 39.9584
116.476 39.9622
116.477 39.9742
116.477 39.9743
116.477 39.9744
116.477 39.9744
116.477 39.9744
116.477 39.9744
116.477 39.9746
116.476 39.9732
116.46 39.9592
116.459 39.9585
116.455 39.9437
116.455 39.9437
116.449 39.9481
116.449 39.9496
116.455 39.9502
116.455 39.9479
116.444 39.9459
116.441 39.9436
116.423 39.9397
116.423 39.9394
116.43 39.9394
116.433 39.9396
116.456 39.9407
116.459 39.9426
116.468 39.938
116.456 39.9324
116.456 39.9324
116.455 39.9177
116.455 39.9149
116.455 39.9058
116.455 39.9031
116.455 39.8847
116.455 39.8847
116.455 39.8829
116.461 39.883
116.465 39.8803
116.471 39.8853
116.472 39.8925
116.472 39.9025
116.472 39.9031
116.471 39.904
116.454 39.8959
116.442 39.8924
116.432 39.8983
116.428 39.925
116.428 39.9345
116.437 39.9481
116.454 39.9614
116.483 39.9866
116.484 39.9823
116.484 39.9866
116.496 39.9866
116.497 39.9855
116.516 40.0005
116.513 40.0065
116.513 40.0064
116.513 40.0063
116.545 40.0019
116.545 40.0019
116.545 40.0019
116.545 40.0019
116.545 40.0019
116.546 40.0022
116.543 39.9981
116.546 39.9833
116.548 39.972
116.552 39.9699
116.525 39.9639
116.534 39.9706
116.534 39.9706
116.541 39.9735
116.548 39.9721
116.542 39.9698
116.536 39.9683
116.535 39.9684
116.536 39.9685
116.537 39.9671
116.537 39.9671
116.537 39.9675
116.537 39.9675
116.537 39.9674
116.541 39.9679
116.546 39.9758
116.545 39.9801
116.545 39.9951
116.545 39.9951
116.545 39.9951
116.545 39.9951
116.545 39.9951
116.545 39.9951
116.546 39.9993
116.545 40.0016
116.542 40.0024
116.526 40.006
116.516 40.0004
116.524 40.0031
116.536 40.0076
116.545 40.0015
116.545 40.0017
116.545 40.0017
116.545 40.0016
116.545 40.0016
116.545 40.0017
116.545 40.0017
116.544 40.0009
116.511 40.0063
116.511 40.0063
116.502 40.0043
116.484 39.9891
116.436 39.9483
116.427 39.9463
116.435 39.9398
116.449 39.9399
116.463 39.9438
116.466 39.9437
116.468 39.9352
116.462 39.9325
116.456 39.9325
116.455 39.9234
116.441 39.9072
116.427 39.9072
116.386 39.9062
116.377 39.9059
116.357 39.9115
116.357 39.9061
116.357 39.9061
116.357 39.906
116.37 39.9057
116.384 39.906
116.408 39.9067
116.415 39.9069
116.455 39.903
116.471 39.9037
116.472 39.9017
116.472 39.9016
116.472 39.9025
116.472 39.9036
116.463 39.9037
116.456 39.9054
116.457 39.9061
116.456 39.9052
116.456 39.9051
116.456 39.9051
116.457 39.9055
116.458 39.9053
116.459 39.9066
116.472 39.9096
116.472 39.9075
116.472 39.91
116.464 39.91
116.466 39.9124
116.468 39.9124
116.463 39.9081
116.455 39.8996
116.455 39.8996
116.455 39.8921
116.443 39.8583
116.43 39.8576
116.427 39.852
116.425 39.8482
116.421 39.839
116.419 39.8382
116.414 39.8411
116.412 39.841
116.41 39.8409
116.409 39.8409
116.409 39.8431
116.408 39.8459
116.408 39.8546
116.403 39.8558
116.394 39.8701
116.358 39.8724
116.358 39.8753
116.358 39.8765
116.358 39.8854
116.358 39.8866
116.357 39.8873
116.36 39.8878
116.376 39.888
116.378 39.8876
116.383 39.8821
116.392 39.885
116.393 39.8851
116.406 39.8868
116.413 39.8859
116.414 39.885
116.414 39.8851
116.414 39.8851
116.414 39.8851
116.414 39.8851
116.414 39.885
116.414 39.885
116.421 39.8826
116.421 39.8826
116.424 39.8827
116.438 39.8903
116.438 39.8925
116.428 39.9298
116.428 39.9314
116.447 39.9328
116.447 39.9327
116.447 39.933
116.447 39.9329
116.453 39.9475
116.453 39.9475
116.456 39.948
116.468 39.9514
116.586 40.0461
116.585 40.0477
116.581 40.0472
116.564 40.0319
116.548 40.0263
116.557 40.011
116.557 40.011
116.553 40.0005
116.545 40.0017
116.568 40.0011
116.574 40.0005
116.558 40.0087
116.549 40.0079
116.531 40.0068
116.541 40.0076
116.543 40.0077
116.571 40.0007
116.571 40.0008
116.563 40.0016
116.563 40.0016
116.545 40.0017
116.544 40.0009
116.508 40.0061
116.484 39.989
116.477 39.9822
116.428 39.9484
116.427 39.9456
116.429 39.9073
116.421 39.9071
116.398 39.9065
116.395 39.9064
116.377 39.9059
116.375 39.906
116.367 39.9089
116.367 39.9086
116.367 39.9085
116.367 39.9087
116.366 39.9091
116.366 39.9088
116.366 39.9088
116.367 39.9088
116.366 39.909
116.367 39.9092
116.366 39.9089
116.366 39.9091
116.366 39.9091
116.366 39.9089
116.366 39.9089
116.366 39.9089
116.366 39.909
116.367 39.9088
116.374 39.9058
116.382 39.9059
116.418 39.9069
116.424 39.9069
116.428 39.9301
116.428 39.9362
116.457 39.9639
116.465 39.9712
116.484 39.9865
116.489 39.9866
116.513 40.0002
116.517 40.0016
116.542 40.0022
116.544 40.0011
116.545 40.0016
116.545 40.0015
116.54 40.0049
116.54 40.0043
116.545 40.0017
116.545 40.0017
116.546 39.9994
116.546 39.9994
116.546 39.9865
116.545 39.9826
116.546 39.9758
116.546 39.9758
116.545 39.9821
116.547 39.9849
116.524 40.0031
116.516 40.0007
116.54 40.0044
116.544 40.0009
116.545 40.0017
116.544 40.0007
116.547 39.9996
116.552 40.0015
116.543 39.9967
116.546 39.9832
116.546 39.976
116.541 39.9694
116.541 39.9659
116.536 39.9646
116.536 39.9646
116.541 39.9693
116.548 39.9696
116.546 39.976
116.547 39.9845
116.545 39.9925
116.545 40.002
116.545 40.0017
