116.608 40.1613
116.611 40.1694
116.634 40.1698
116.644 40.1662
116.647 40.1657
116.651 40.1638
116.651 40.1638
116.651 40.1635
116.649 40.1646
116.649 40.1647
116.649 40.1647
116.647 40.1648
116.647 40.1642
116.647 40.1643
116.644 40.165
116.631 40.1452
116.624 40.1381
116.602 40.1396
116.603 40.1392
116.603 40.1393
116.613 40.1546
116.608 40.1578
116.608 40.1578
116.608 40.1579
116.609 40.1581
116.609 40.1582
116.609 40.1592
116.59 40.141
116.556 40.1053
116.544 40.0593
116.517 40.0239
116.517 40.0239
116.501 40.0057
116.486 40.0067
116.486 40.0066
116.486 40.0066
116.477 40.0043
116.467 40.004
116.457 40.0016
116.457 39.9923
116.457 39.9891
116.457 39.9891
116.431 39.9398
116.427 39.9387
116.427 39.9387
116.426 39.9354
116.42 39.9393
116.402 39.9573
116.385 39.9617
116.389 39.9478
116.365 39.954
116.365 39.9563
116.355 39.961
116.355 39.9612
116.355 39.9601
116.304 39.9411
116.304 39.9081
116.277 39.8992
116.273 39.8979
116.273 39.8976
116.275 39.8988
116.276 39.8988
116.276 39.8987
116.276 39.8987
116.277 39.902
116.288 39.9059
116.288 39.9059
116.289 39.906
116.299 39.906
116.304 39.92
116.304 39.92
116.304 39.9207
116.304 39.9213
116.316 39.9223
116.318 39.9222
116.319 39.9221
116.323 39.922
116.328 39.9217
116.336 39.9218
116.337 39.9218
116.346 39.9222
116.346 39.9222
116.346 39.9222
116.346 39.9222
116.346 39.9222
116.346 39.9222
116.346 39.9222
116.347 39.9261
116.347 39.9282
116.347 39.9307
116.347 39.9308
116.348 39.9309
116.35 39.9366
116.35 39.9377
116.349 39.9345
116.349 39.9339
116.349 39.9328
116.35 39.9312
116.35 39.9282
116.35 39.9265
116.415 39.9069
116.416 39.9062
116.416 39.9077
116.417 39.9073
116.418 39.907
116.418 39.907
116.421 39.9104
116.421 39.9136
116.42 39.9226
116.42 39.9226
116.411 39.9267
116.411 39.9281
116.411 39.9314
116.411 39.9383
116.391 39.9393
116.388 39.9464
116.374 39.9497
116.366 39.9567
116.356 39.9566
116.355 39.961
116.355 39.961
116.355 39.9605
116.355 39.9616
116.355 39.963
116.37 39.9755
116.37 39.9759
116.369 39.9767
116.364 39.977
116.364 39.9675
116.365 39.9568
116.355 39.9613
116.355 39.9598
116.352 39.9567
116.349 39.9566
116.349 39.9502
116.35 39.9484
116.35 39.9466
116.35 39.9461
116.35 39.9311
116.35 39.9192
116.34 39.9172
116.34 39.9172
116.339 39.9171
116.339 39.9131
116.339 39.9111
116.358 39.9171
116.359 39.9217
116.361 39.9267
116.362 39.9306
116.358 39.935
116.358 39.935
116.354 39.9392
116.352 39.9392
116.342 39.9397
116.342 39.9398
116.341 39.938
116.353 39.9366
116.353 39.9341
116.353 39.9341
116.353 39.9347
116.353 39.9365
116.354 39.9466
116.354 39.9466
116.354 39.9468
116.355 39.9497
116.355 39.9499
116.355 39.9499
116.355 39.9532
116.355 39.9542
116.355 39.9542
116.355 39.9562
116.355 39.9594
116.355 39.9631
116.372 39.9664
116.401 39.9674
116.401 39.9674
116.474 40.0402
116.476 40.0909
116.538 40.0992
116.556 40.1073
116.583 40.135
116.592 40.1424
116.611 40.1544
116.611 40.1545
116.609 40.1592
116.609 40.1591
116.613 40.1549
116.613 40.1549
116.612 40.1399
116.62 40.1327
116.62 40.1318
116.62 40.1313
116.62 40.131
116.62 40.1306
116.619 40.1303
116.619 40.1306
116.62 40.1311
116.62 40.1309
116.62 40.1305
116.62 40.13
116.62 40.129
116.62 40.1281
116.634 40.1286
116.643 40.1289
116.643 40.1289
116.647 40.1287
116.647 40.1286
116.65 40.1287
116.675 40.1181
116.675 40.1175
116.675 40.1168
116.676 40.1164
116.676 40.1164
116.677 40.1163
116.677 40.1163
116.677 40.1163
116.675 40.1197
116.659 40.1286
116.651 40.1317
116.651 40.1352
116.624 40.138
116.613 40.1544
116.613 40.1545
116.609 40.159
116.61 40.1567
116.611 40.1552
116.613 40.1551
116.612 40.14
116.623 40.1381
116.637 40.1363
116.639 40.1361
116.64 40.1362
116.642 40.1362
116.644 40.1362
116.644 40.1361
116.644 40.1361
116.644 40.1361
116.645 40.1361
116.65 40.1358
116.65 40.1357
116.651 40.1325
116.651 40.1292
116.672 40.1312
116.697 40.132
116.699 40.1321
116.697 40.1322
116.695 40.132
116.739 40.1338
116.747 40.1358
116.745 40.1379
116.745 40.1392
116.71 40.1325
116.673 40.1315
116.659 40.1287
116.651 40.1324
116.651 40.1324
116.651 40.1355
116.64 40.1363
116.64 40.1363
116.613 40.1447
116.609 40.1591
116.609 40.1593
116.608 40.1591
116.611 40.1547
116.593 40.1432
116.561 40.1162
116.555 40.1014
116.555 40.0994
116.562 40.0753
116.562 40.07
116.566 40.0704
116.566 40.0722
116.565 40.0722
116.581 40.0623
116.581 40.0711
116.581 40.0711
116.581 40.0711
116.581 40.0711
116.581 40.0748
116.581 40.0754
116.58 40.0756
116.58 40.0761
116.581 40.0764
116.582 40.0753
116.583 40.0749
116.584 40.0764
116.584 40.0765
116.586 40.0767
116.586 40.0768
116.587 40.0769
116.587 40.0769
116.587 40.079
116.579 40.0468
116.514 40.0151
116.5 39.992
116.536 39.9357
116.568 39.9087
116.613 39.9047
116.613 39.9047
116.649 39.8901
116.649 39.8901
116.657 39.8877
116.659 39.8745
116.666 39.8734
116.664 39.8732
116.665 39.8736
116.665 39.8738
116.666 39.874
116.665 39.8744
116.665 39.8744
116.699 39.8886
116.694 39.893
116.656 39.9215
116.656 39.9219
116.653 39.9212
116.653 39.9213
116.65 39.9215
116.643 39.9211
116.634 39.9201
116.608 39.9122
116.588 39.911
116.585 39.9184
116.585 39.9187
116.581 39.9187
116.577 39.923
116.573 39.9234
116.558 39.9232
116.516 39.9231
116.515 39.9228
116.514 39.9224
116.512 39.9221
116.497 39.9219
116.486 39.9219
116.486 39.9219
116.483 39.922
116.46 39.9034
116.413 39.8697
116.362 39.8684
116.316 39.8882
116.311 39.8862
116.302 39.878
116.302 39.8783
116.302 39.8785
116.302 39.8787
116.301 39.8796
116.301 39.8798
116.301 39.8804
116.301 39.8804
116.301 39.8806
116.308 39.8848
116.309 39.8852
116.309 39.8853
116.31 39.8857
116.311 39.8832
116.305 39.8811
116.305 39.882
116.306 39.8837
116.305 39.8841
116.306 39.895
116.307 39.8952
116.308 39.8955
116.309 39.8955
116.309 39.8955
116.323 39.8955
116.323 39.8955
116.323 39.8988
116.323 39.9012
116.323 39.9059
116.323 39.9041
116.323 39.9049
116.327 39.9059
116.328 39.9058
116.328 39.9059
116.329 39.9089
116.328 39.9117
116.329 39.9199
116.328 39.9308
116.32 39.9372
116.319 39.9448
116.318 39.9494
116.318 39.9501
116.33 39.9539
116.329 39.955
116.322 39.956
116.315 39.9652
116.314 39.9699
116.311 39.9789
116.311 39.9806
116.311 39.981
116.311 39.9813
116.314 39.9839
116.314 39.984
116.314 39.984
116.315 39.9841
116.319 39.9843
116.379 39.9862
116.387 39.9816
116.405 39.9672
116.405 39.9669
116.411 39.9674
116.411 39.9674
116.413 39.9676
116.418 39.9677
116.419 39.9611
116.419 39.9609
116.414 39.9609
116.414 39.9609
116.413 39.9607
116.412 39.9607
116.404 39.9608
116.403 39.9609
116.4 39.9609
116.397 39.9612
116.395 39.9622
116.394 39.9625
116.394 39.9622
116.393 39.962
116.392 39.9619
116.392 39.9616
116.391 39.9616
116.393 39.9595
116.393 39.9595
116.396 39.9615
116.396 39.9668
116.405 39.9638
116.411 39.9635
116.412 39.9634
116.43 39.9676
116.431 39.9671
116.455 39.9507
116.455 39.9507
116.455 39.9494
116.455 39.9486
116.455 39.9486
116.454 39.9475
116.454 39.9477
116.462 39.9515
116.462 39.9515
116.459 39.9507
116.462 39.9514
116.462 39.9534
116.462 39.9559
116.462 39.9567
116.46 39.9584
116.455 39.9541
116.453 39.9526
116.451 39.9513
116.451 39.9508
116.45 39.9505
116.45 39.9502
116.447 39.9512
116.446 39.9514
116.469 39.9759
116.476 39.9824
116.482 39.9875
116.482 39.9876
116.501 40.0052
116.524 40.0334
116.546 40.0607
116.546 40.0607
116.55 40.0697
116.555 40.0994
116.638 40.1163
116.663 40.115
116.674 40.1146
116.694 40.1241
116.694 40.1241
116.691 40.1305
116.69 40.1309
116.686 40.1314
116.68 40.1421
116.683 40.1484
116.659 40.1287
116.634 40.1373
116.631 40.1489
116.609 40.1593
116.607 40.1592
116.608 40.1594
116.608 40.1594
116.611 40.161
116.609 40.1583
116.609 40.1592
116.609 40.1593
116.608 40.1593
116.608 40.1593
116.608 40.1593
116.608 40.1593
116.608 40.1593
116.581 40.1332
116.555 40.0972
116.552 40.0812
116.535 40.0537
116.517 40.0238
116.473 40.0048
116.467 40.004
116.457 40.0011
116.457 39.9995
116.465 39.9758
116.445 39.9566
116.445 39.9572
116.446 39.9577
116.446 39.9578
116.446 39.9578
116.446 39.9582
116.441 39.9549
116.439 39.9543
116.437 39.9537
116.387 39.9477
116.373 39.9569
116.371 39.9584
116.37 39.9584
116.361 39.9567
116.355 39.9609
116.355 39.9609
116.355 39.961
116.355 39.9603
116.355 39.9596
116.355 39.9596
116.35 39.9566
116.393 39.8644
116.396 39.8523
116.396 39.8519
116.396 39.8519
116.397 39.8513
116.394 39.8699
116.394 39.871
116.4 39.8715
116.382 39.8721
116.381 39.8775
116.376 39.8775
116.374 39.8774
116.374 39.8774
116.368 39.8817
116.367 39.8819
116.365 39.882
116.358 39.882
116.343 39.8946
116.351 39.8991
116.35 39.9351
116.333 39.9359
116.331 39.9351
116.328 39.9345
116.327 39.9366
116.345 39.9385
116.345 39.9385
116.342 39.9484
116.345 39.9567
116.345 39.9567
116.351 39.9566
116.355 39.9576
116.355 39.9631
116.362 39.9736
116.364 39.9669
116.355 39.9582
116.355 39.9608
116.355 39.9607
116.355 39.9627
116.373 39.9853
116.425 39.9863
116.425 39.9866
116.425 39.984
116.418 39.9822
116.418 39.9821
116.412 39.9821
116.412 39.982
116.411 39.982
116.418 39.982
116.424 39.9821
116.419 39.9606
116.419 39.9607
116.415 39.9609
116.413 40.0019
116.414 40.0022
116.414 40.0022
116.412 40.0016
116.412 40.0016
116.405 39.9819
116.404 39.9818
116.402 39.9818
116.401 39.976
116.396 39.9739
116.396 39.9707
116.395 39.9704
116.396 39.9677
116.396 39.9677
116.374 39.9672
116.374 39.9672
116.355 39.9612
116.355 39.9603
116.35 39.9567
116.355 39.9597
116.355 39.9605
116.355 39.9605
116.355 39.966
116.413 39.9677
116.413 39.9677
116.422 39.9678
116.46 39.9716
116.456 39.9769
116.457 39.977
116.463 39.9846
116.467 39.9887
116.471 39.9943
116.481 39.9881
116.487 39.9924
116.507 40.0107
116.516 40.0228
116.528 40.041
116.549 40.0637
116.564 40.0611
116.567 40.0708
116.567 40.0708
116.564 40.0716
116.564 40.0715
116.562 40.07
116.554 40.0905
116.573 40.1261
116.607 40.1578
116.609 40.1592
116.608 40.1592
116.608 40.1593
116.608 40.1593
116.608 40.1593
116.608 40.1593
116.608 40.1593
116.608 40.1593
116.608 40.1593
116.608 40.1592
116.608 40.1592
116.608 40.1593
116.608 40.1593
116.608 40.1593
116.608 40.1593
116.608 40.1593
116.608 40.1593
116.608 40.1593
116.608 40.1592
116.608 40.1593
116.608 40.1593
116.608 40.1593
116.608 40.1593
116.608 40.1593
116.608 40.1593
116.608 40.1593
116.608 40.1593
116.608 40.1593
116.608 40.1593
116.608 40.1593
116.608 40.1593
116.608 40.1593
116.608 40.1593
116.608 40.1593
116.608 40.1593
116.608 40.1593
116.608 40.1593
116.608 40.1593
116.608 40.1592
116.608 40.1592
116.608 40.1592
116.608 40.1592
116.608 40.1592
116.608 40.1592
116.608 40.1592
116.608 40.1592
116.608 40.1592
116.608 40.1592
116.608 40.1592
116.608 40.1593
116.608 40.1593
116.608 40.1593
116.608 40.1593
116.608 40.1593
116.608 40.1593
116.608 40.1593
116.608 40.1593
116.608 40.1593
116.608 40.1593
116.608 40.1593
116.608 40.1593
116.608 40.1593
116.608 40.1593
116.608 40.1593
116.608 40.1594
116.608 40.1593
116.608 40.1593
116.608 40.1593
116.608 40.1593
116.608 40.1593
116.608 40.1593
116.608 40.1593
116.608 40.1593
116.608 40.1593
116.608 40.1592
116.608 40.1592
116.608 40.1592
116.608 40.1593
116.608 40.1593
116.608 40.1593
116.608 40.1593
116.608 40.1593
116.608 40.1593
116.608 40.1593
116.608 40.1593
116.608 40.1592
116.608 40.1593
116.608 40.1592
116.608 40.1593
116.608 40.1593
116.608 40.1593
116.608 40.1593
116.608 40.1593
116.608 40.1593
116.608 40.1593
116.608 40.1592
116.608 40.1592
116.608 40.1592
116.608 40.1592
116.608 40.1592
116.608 40.1592
116.608 40.1592
116.608 40.1592
116.608 40.1592
116.608 40.1592
116.608 40.1593
116.608 40.1593
116.608 40.1593
116.608 40.1593
116.608 40.1593
116.608 40.1593
116.608 40.1593
116.608 40.1593
116.608 40.1593
116.608 40.1593
116.609 40.1583
116.611 40.1547
116.611 40.1547
116.609 40.1582
116.609 40.159
116.606 40.1554
116.606 40.1558
116.608 40.1593
116.608 40.1593
116.608 40.1593
116.608 40.1593
116.608 40.1593
116.608 40.1593
116.609 40.1593
116.581 40.133
116.554 40.0918
116.549 40.0647
116.523 40.0321
116.497 40.0025
116.486 40.0069
116.473 40.0049
116.473 40.0049
116.462 40.0037
116.457 40.0012
116.457 40.0011
116.457 40
116.461 40.0072
116.495 39.9982
116.568 40.0359
116.58 40.0474
116.58 40.0474
116.587 40.0788
116.587 40.0788
116.585 40.0798
116.581 40.0765
116.581 40.0764
116.567 40.0638
116.563 40.0676
116.562 40.07
116.567 40.0707
116.564 40.0702
116.563 40.068
116.582 40.0622
116.581 40.0755
116.582 40.0757
116.582 40.0756
116.582 40.0755
116.583 40.0746
116.583 40.0752
116.583 40.0754
116.583 40.0761
116.583 40.0762
116.588 40.0779
116.588 40.078
116.588 40.078
116.587 40.0795
116.579 40.0473
116.506 40.0089
116.448 39.9566
116.463 39.9431
116.464 39.9434
116.464 39.9434
116.455 39.9427
116.455 39.9403
116.455 39.8904
116.42 39.8569
116.381 39.8525
116.381 39.8484
116.38 39.8442
116.381 39.855
116.381 39.8635
116.381 39.8816
116.379 39.8873
116.379 39.8877
116.378 39.888
116.369 39.888
116.359 39.8884
116.357 39.8899
116.357 39.8917
116.357 39.8974
116.357 39.9053
116.36 39.9126
116.36 39.9212
116.359 39.922
116.354 39.9225
116.354 39.9225
116.363 39.9464
116.439 39.985
116.448 39.9795
116.457 39.9885
116.457 39.9978
116.457 39.9978
116.458 39.9974
116.46 39.9978
116.463 39.9962
116.463 39.9963
116.463 39.9955
116.463 39.9956
116.463 39.9961
116.465 39.9982
116.467 40.0003
116.457 40.0012
116.457 39.9998
116.457 39.996
116.457 39.9922
116.457 39.9889
116.457 39.985
116.457 39.985
116.461 39.9784
116.444 39.9545
116.438 39.9465
116.44 39.9434
116.43 39.9397
116.43 39.9057
116.416 39.8919
116.414 39.8918
116.407 39.8916
116.383 39.8882
116.38 39.8882
116.379 39.8882
116.379 39.8855
116.379 39.8825
116.379 39.8825
116.379 39.8825
116.376 39.8777
116.371 39.8774
116.371 39.8774
116.37 39.8774
116.368 39.8817
116.368 39.8972
116.368 39.9024
116.368 39.9074
116.368 39.9076
116.369 39.9076
116.37 39.9077
116.37 39.9082
116.37 39.9094
116.372 39.9133
116.368 39.9133
116.358 39.916
116.361 39.9266
116.361 39.9275
116.362 39.9306
116.362 39.9332
116.362 39.9391
116.359 39.9392
116.353 39.9392
116.353 39.9485
116.353 39.9485
116.355 39.9494
116.356 39.9498
116.355 39.9543
116.355 39.9566
116.355 39.9609
116.355 39.9609
116.355 39.9602
116.35 39.9228
116.343 39.8786
116.396 39.8703
116.408 39.8717
116.414 39.8719
116.415 39.8735
116.415 39.8755
116.425 39.8827
116.427 39.8828
116.428 39.8805
116.428 39.8805
116.428 39.8807
116.428 39.8804
116.428 39.8804
116.428 39.882
116.425 39.8852
116.422 39.8918
116.422 39.8917
116.413 39.8919
116.413 39.8952
116.413 39.8987
116.413 39.8987
116.407 39.8996
116.399 39.8994
116.399 39.8994
116.396 39.8993
116.393 39.9054
116.368 39.906
116.368 39.906
116.368 39.9075
116.368 39.9075
116.37 39.9075
116.37 39.9081
116.37 39.9084
116.372 39.9126
116.363 39.913
116.36 39.9128
116.358 39.917
116.358 39.917
116.355 39.9224
116.347 39.9254
116.347 39.9259
116.344 39.9268
116.328 39.9269
116.328 39.927
116.32 39.9269
116.32 39.9306
116.32 39.9368
116.313 39.9383
116.311 39.9387
116.309 39.9442
116.318 39.9451
116.318 39.9451
116.318 39.95
116.336 39.9462
116.342 39.9487
116.342 39.9496
116.351 39.9566
116.351 39.9565
116.351 39.9565
116.355 39.9566
116.355 39.9566
116.364 39.9566
116.38 39.944
116.38 39.944
116.389 39.9392
116.39 39.9376
116.39 39.9359
116.39 39.9327
116.399 39.932
116.404 39.9316
116.411 39.9322
116.411 39.9344
116.411 39.9363
116.419 39.9396
116.419 39.9398
116.419 39.9398
116.421 39.9408
116.421 39.941
116.422 39.9397
116.425 39.9361
116.421 39.9345
116.42 39.9361
116.419 39.943
116.419 39.947
116.419 39.9475
116.419 39.9476
116.415 39.9481
116.389 39.9556
116.401 39.9559
116.4 39.9558
116.402 39.9483
116.402 39.9474
116.402 39.9399
116.391 39.9394
116.39 39.9378
116.39 39.9377
116.39 39.9368
116.39 39.9329
116.39 39.9327
116.39 39.9324
116.399 39.932
116.403 39.9231
116.402 39.923
116.402 39.923
116.4 39.9315
116.39 39.9374
116.39 39.9389
116.418 39.9395
116.419 39.9396
116.422 39.9352
116.422 39.9352
116.422 39.9352
116.419 39.942
116.419 39.942
116.419 39.946
116.419 39.9487
116.419 39.9509
116.419 39.9509
116.419 39.9521
116.419 39.9539
116.419 39.9552
116.419 39.9568
116.419 39.9661
116.413 39.968
116.413 39.968
116.393 39.9675
116.393 39.97
116.393 39.9703
116.393 39.9704
116.364 39.967
116.365 39.9663
116.364 39.9567
116.355 39.9625
116.401 39.9817
116.401 39.9834
116.404 39.9823
116.405 39.9837
116.457 39.9738
116.482 39.9874
116.501 40.0051
116.517 40.0229
116.524 40.0333
116.555 40.0626
116.555 40.0625
116.562 40.0862
116.562 40.0862
116.562 40.0851
116.555 40.096
116.555 40.0994
116.555 40.0994
116.556 40.107
116.573 40.1263
116.612 40.1544
116.609 40.1592
116.609 40.1592
116.609 40.1593
116.609 40.1593
116.609 40.1586
116.61 40.1567
116.607 40.1561
116.607 40.1548
116.608 40.1527
116.608 40.1522
116.612 40.1401
116.635 40.1236
116.634 40.1128
116.634 40.1128
116.634 40.1127
116.634 40.1125
116.632 40.1092
116.635 40.1085
116.635 40.1085
116.636 40.1085
116.636 40.1284
116.629 40.1303
116.629 40.1303
116.629 40.1303
116.628 40.1299
116.627 40.1314
116.627 40.1318
116.613 40.1546
116.609 40.1593
116.609 40.1583
116.611 40.1548
116.594 40.1445
116.574 40.1269
116.556 40.1076
116.555 40.1013
116.562 40.0791
116.567 40.0708
116.566 40.0722
116.566 40.0722
116.566 40.0722
116.563 40.0681
116.581 40.0727
116.583 40.0759
116.583 40.076
116.585 40.0765
116.587 40.0772
116.587 40.0773
116.588 40.0787
116.587 40.079
116.579 40.0473
116.51 40.0123
116.446 39.9545
116.382 39.9476
116.324 39.9372
116.294 39.9448
116.294 39.9448
116.293 39.9449
116.293 39.9449
116.283 39.9408
116.283 39.9406
116.283 39.9405
116.283 39.9402
116.283 39.9408
116.284 39.9409
116.286 39.9462
116.288 39.9462
116.293 39.9446
116.31 39.9384
116.309 39.9381
116.309 39.938
116.309 39.9369
116.309 39.9378
116.31 39.9382
116.319 39.9374
116.319 39.9376
116.324 39.9421
116.324 39.9422
116.319 39.9455
116.321 39.9504
116.319 39.9505
116.317 39.9552
116.314 39.9555
116.317 39.9555
116.317 39.9555
116.322 39.9559
116.321 39.9559
116.32 39.9558
116.32 39.9557
116.318 39.9555
116.318 39.9504
116.294 39.9448
116.27 39.9455
116.278 39.8426
116.283 39.8242
116.281 39.8248
116.275 39.8239
116.274 39.8239
116.279 39.8221
116.282 39.8216
116.284 39.8216
116.284 39.8235
116.286 39.8322
116.28 39.8434
116.278 39.8545
116.288 39.858
116.284 39.8673
116.284 39.866
116.284 39.8659
116.284 39.8659
116.281 39.8662
116.28 39.8708
116.274 39.8707
116.273 39.8717
116.286 39.8765
116.286 39.8765
116.287 39.8768
116.305 39.8875
116.305 39.8917
116.305 39.8917
116.313 39.8955
116.313 39.8955
116.313 39.8954
116.314 39.8951
116.314 39.8951
116.314 39.8951
116.314 39.8951
116.314 39.8951
116.314 39.8951
116.314 39.8951
116.314 39.8951
116.314 39.8951
116.314 39.8951
116.314 39.8951
116.314 39.8951
116.314 39.8951
116.356 39.898
116.366 39.8983
116.372 39.8985
116.373 39.8986
116.374 39.8986
116.375 39.8986
116.376 39.8987
116.385 39.8989
116.389 39.8987
116.393 39.8987
116.4 39.8993
116.401 39.9029
116.401 39.9061
116.401 39.9113
116.401 39.913
116.401 39.9134
116.401 39.9161
116.401 39.9161
116.403 39.9302
116.419 39.9322
116.42 39.9348
116.423 39.9351
116.42 39.939
116.42 39.939
116.43 39.9383
116.43 39.9392
116.433 39.9394
116.434 39.9396
116.444 39.9396
116.455 39.9327
116.461 39.9324
116.461 39.9324
116.476 39.9323
116.476 39.9324
116.478 39.9324
116.479 39.931
116.479 39.9311
116.479 39.9314
116.479 39.9314
116.479 39.9321
116.472 39.9325
116.458 39.9326
116.456 39.9326
116.425 39.9682
116.358 39.9664
116.293 39.9589
116.301 39.9653
116.301 39.9661
116.301 39.9661
116.3 39.9665
116.296 39.9732
116.264 39.9686
116.234 39.9719
116.241 39.9661
116.241 39.9661
116.241 39.966
116.241 39.9674
116.24 39.9716
116.245 39.9718
116.268 39.9659
116.27 39.9652
116.27 39.9652
116.278 39.9626
116.278 39.9603
116.278 39.9586
116.275 39.9532
116.273 39.9529
116.278 39.9535
116.28 39.9535
116.282 39.9537
116.293 39.9578
116.314 39.9654
116.306 39.9631
116.305 39.9633
116.305 39.9635
116.306 39.9629
116.301 39.9686
116.311 39.9746
116.319 39.975
116.32 39.9797
116.319 39.9799
116.319 39.9799
116.319 39.98
116.319 39.9799
116.311 39.9796
116.31 39.9775
116.322 39.9557
116.321 39.9558
116.315 39.9653
116.313 39.971
116.319 39.9714
116.319 39.9717
116.319 39.9704
116.319 39.9704
116.319 39.9678
116.317 39.9558
116.317 39.9552
116.317 39.9545
116.318 39.9509
116.318 39.9505
116.318 39.9519
116.318 39.9527
116.317 39.9549
116.318 39.9656
116.318 39.9656
116.32 39.9657
116.322 39.9658
116.328 39.9661
116.328 39.966
116.328 39.9665
116.328 39.9749
116.328 39.9749
116.401 39.989
116.402 39.9972
116.402 40.0076
116.402 40.0205
116.406 40.0425
116.407 40.043
116.411 40.0565
116.411 40.06
116.414 40.0604
116.416 40.0661
116.411 40.0569
116.409 40.0566
116.41 40.0566
116.411 40.0569
116.411 40.0569
116.409 40.0568
116.409 40.0566
116.409 40.0566
116.406 40.0466
116.409 40.0395
116.42 40.0394
116.42 40.0382
116.42 40.039
116.419 40.037
116.42 40.0369
116.42 40.0378
116.436 40.0188
116.461 40.0104
116.461 40.0044
116.461 40.0007
116.462 39.9935
116.467 39.9941
116.472 39.9973
116.473 40.0005
116.472 40.0045
116.472 40.0045
116.473 40.0046
116.476 40.0044
116.487 40.0066
116.494 40.0072
116.495 40.0082
116.494 40.0069
116.494 40.0069
116.494 40.0065
116.494 40.0062
116.487 39.9927
116.482 39.9881
116.459 39.9674
116.45 39.959
116.45 39.959
116.444 39.9543
116.439 39.9452
