116.204 39.8971
116.204 39.8971
116.204 39.8971
116.204 39.8971
116.204 39.897
116.204 39.8971
116.204 39.8971
116.204 39.8971
116.204 39.8971
116.204 39.8971
116.204 39.897
116.204 39.8972
116.204 39.8971
116.204 39.8972
116.204 39.8971
116.204 39.8971
116.204 39.8971
116.204 39.8973
116.204 39.8972
116.204 39.8971
116.204 39.8972
116.204 39.8971
116.204 39.8972
116.204 39.8972
116.204 39.8971
116.205 39.8977
116.204 39.8974
116.204 39.8972
116.204 39.8973
116.204 39.8971
116.204 39.8971
116.204 39.8971
116.205 39.8972
116.204 39.8972
116.204 39.8974
116.205 39.8972
116.205 39.8972
116.204 39.8972
116.204 39.8972
116.204 39.8971
116.204 39.8971
116.204 39.8972
116.204 39.8972
116.204 39.8971
116.204 39.8972
116.204 39.8972
116.204 39.8972
116.204 39.8971
116.204 39.8971
116.204 39.8971
116.204 39.8972
116.204 39.8972
116.204 39.8971
116.204 39.8971
116.204 39.8971
116.204 39.8972
116.204 39.8971
116.204 39.8972
116.204 39.8971
116.204 39.8971
116.204 39.8971
116.204 39.8971
116.204 39.8971
116.204 39.8971
116.204 39.8971
116.204 39.8971
116.204 39.8971
116.204 39.8971
116.205 39.8978
116.228 39.9062
116.247 39.9021
116.247 39.8935
116.261 39.899
116.271 39.9062
116.277 39.899
116.271 39.899
116.271 39.899
116.268 39.899
116.282 39.9062
116.301 39.9061
116.304 39.8905
116.31 39.886
116.315 39.8832
116.316 39.8917
116.304 39.8835
116.297 39.888
116.3 39.8957
116.357 39.898
116.371 39.9044
116.378 39.8959
116.38 39.8819
116.381 39.8725
116.381 39.8578
116.386 39.8556
116.417 39.8514
116.417 39.8498
116.418 39.8564
116.433 39.857
116.424 39.8574
116.415 39.8641
116.407 39.8639
116.394 39.8673
116.394 39.8673
116.381 39.8782
116.389 39.889
116.439 39.8912
116.428 39.9248
116.442 39.9502
116.428 39.9284
116.415 39.9142
116.401 39.9066
116.391 39.9062
116.368 39.9061
116.368 39.9002
116.368 39.8993
116.368 39.8902
116.368 39.8883
116.363 39.877
116.353 39.8876
116.315 39.8882
116.269 39.8818
116.224 39.8957
116.224 39.8957
116.172 39.8913
116.174 39.892
116.174 39.892
116.174 39.892
116.174 39.892
116.174 39.892
116.174 39.892
116.174 39.8919
116.174 39.892
116.174 39.892
116.174 39.892
116.174 39.892
116.174 39.892
116.174 39.8921
116.174 39.892
116.174 39.892
116.173 39.8921
116.174 39.892
116.174 39.8921
116.173 39.892
116.173 39.892
116.174 39.8921
116.173 39.8921
116.173 39.8921
116.174 39.892
116.173 39.8921
116.173 39.8921
116.174 39.8921
116.174 39.8921
116.173 39.8921
116.173 39.8921
116.174 39.8921
116.174 39.8921
116.173 39.8921
116.174 39.8921
116.174 39.8921
116.173 39.892
116.173 39.892
116.174 39.892
116.173 39.892
116.174 39.892
116.174 39.892
116.174 39.892
116.174 39.892
116.173 39.892
116.173 39.892
116.173 39.892
116.173 39.892
116.173 39.892
116.173 39.892
116.173 39.892
116.173 39.892
116.173 39.892
116.173 39.892
116.173 39.892
116.173 39.892
116.174 39.892
116.174 39.892
116.173 39.892
116.174 39.892
116.174 39.892
116.174 39.892
116.174 39.892
116.174 39.892
116.173 39.892
116.174 39.892
116.174 39.892
116.174 39.892
116.174 39.892
116.174 39.892
116.174 39.892
116.173 39.8921
116.173 39.892
116.174 39.892
116.174 39.892
116.174 39.892
116.174 39.892
116.174 39.892
116.174 39.892
116.174 39.892
116.174 39.892
116.174 39.892
116.174 39.892
116.174 39.892
116.174 39.892
116.174 39.892
116.174 39.892
116.174 39.892
116.174 39.892
116.174 39.892
116.174 39.892
116.174 39.892
116.174 39.892
116.174 39.892
116.174 39.892
116.174 39.8921
116.174 39.8921
116.174 39.892
116.174 39.892
116.174 39.8921
116.174 39.892
116.174 39.8919
116.174 39.8919
116.174 39.8921
116.173 39.8921
116.2 39.8884
116.216 39.9027
116.223 39.904
116.223 39.9039
116.238 39.9062
116.258 39.9062
116.295 39.9061
116.314 39.8953
116.312 39.896
116.304 39.9081
116.3 39.9312
116.268 39.939
116.272 39.9401
116.272 39.94
116.272 39.9401
116.272 39.94
116.272 39.9399
116.272 39.9399
116.279 39.9404
116.29 39.9235
116.304 39.915
116.304 39.9094
116.304 39.9011
116.304 39.889
116.303 39.8838
116.304 39.883
116.306 39.8835
116.307 39.885
116.304 39.8976
116.307 39.9277
116.304 39.9251
116.28 39.9231
116.267 39.897
116.258 39.8919
116.259 39.892
116.258 39.892
116.255 39.8912
116.239 39.8888
116.235 39.8882
116.235 39.8881
116.235 39.8882
116.235 39.8881
116.235 39.8882
116.235 39.8882
116.235 39.8882
116.235 39.8882
116.235 39.8882
116.235 39.8881
116.235 39.8882
116.235 39.8882
116.235 39.8882
116.235 39.8882
116.239 39.8883
116.239 39.8888
116.239 39.8887
116.239 39.8887
116.239 39.8888
116.239 39.8889
116.239 39.889
116.239 39.889
116.239 39.8889
116.239 39.8889
116.239 39.889
116.239 39.889
116.239 39.8889
116.239 39.8889
116.239 39.8889
116.239 39.8889
116.239 39.8889
116.239 39.8889
116.239 39.8889
116.239 39.8889
116.239 39.8889
116.239 39.8889
116.239 39.8889
116.239 39.8889
116.239 39.8889
116.239 39.8889
116.239 39.8888
116.239 39.8889
116.239 39.8888
116.239 39.8888
116.239 39.8888
116.239 39.8888
116.239 39.8888
116.239 39.8889
116.239 39.8889
116.239 39.8889
116.239 39.8888
116.239 39.8889
116.239 39.8889
116.239 39.8889
116.239 39.8889
116.239 39.8889
116.239 39.8889
116.239 39.8889
116.239 39.889
116.239 39.8889
116.239 39.8889
116.239 39.8889
116.239 39.8889
116.239 39.8889
116.239 39.8889
116.239 39.8889
116.239 39.8889
116.239 39.8889
116.239 39.8889
116.239 39.8889
116.239 39.8889
116.239 39.8889
116.239 39.8889
116.239 39.8888
116.239 39.8889
116.239 39.8889
116.239 39.8889
116.239 39.8889
116.239 39.8889
116.239 39.8889
116.239 39.8889
116.239 39.8889
116.247 39.8712
116.239 39.8521
116.25 39.8501
116.251 39.8501
116.259 39.861
116.251 39.871
116.241 39.8886
116.246 39.8883
116.258 39.892
116.25 39.8884
116.277 39.8957
116.304 39.8957
116.306 39.8956
116.312 39.8956
116.275 39.8958
116.204 39.8926
116.174 39.8921
116.174 39.8921
116.173 39.8921
116.173 39.8921
116.174 39.8921
116.173 39.8921
116.173 39.8921
116.173 39.892
116.173 39.8921
116.173 39.8921
116.173 39.8921
116.173 39.8921
116.173 39.8921
116.173 39.8921
116.173 39.8921
116.173 39.892
116.174 39.892
116.174 39.892
116.174 39.892
116.173 39.892
116.173 39.892
116.174 39.892
116.174 39.892
116.174 39.892
116.174 39.892
116.174 39.892
116.174 39.892
116.174 39.892
116.174 39.892
116.173 39.892
116.174 39.892
116.174 39.892
116.174 39.892
116.173 39.892
116.173 39.8921
116.173 39.892
116.173 39.8921
116.173 39.8921
116.173 39.892
116.173 39.8921
116.174 39.892
116.173 39.8921
116.173 39.8921
116.173 39.8921
116.173 39.8921
116.173 39.8921
116.173 39.8921
116.173 39.8921
116.173 39.8921
116.174 39.892
116.173 39.8921
116.173 39.8921
116.174 39.8921
116.174 39.8921
116.174 39.8921
116.174 39.8922
116.174 39.8921
116.174 39.8921
116.174 39.8921
116.174 39.8922
116.173 39.8921
116.173 39.8921
116.173 39.8921
116.174 39.8921
116.174 39.8921
116.174 39.8921
116.173 39.8921
116.173 39.8921
116.173 39.8921
116.173 39.8921
116.173 39.8921
116.173 39.8921
116.173 39.892
116.173 39.8921
116.174 39.8921
116.174 39.892
116.174 39.892
116.173 39.892
116.173 39.892
116.173 39.892
116.173 39.892
116.173 39.892
116.174 39.892
116.173 39.892
116.173 39.892
116.173 39.892
116.174 39.892
116.173 39.892
116.173 39.892
116.173 39.892
116.174 39.892
116.173 39.892
116.174 39.892
116.174 39.892
116.174 39.892
116.174 39.892
116.174 39.892
116.174 39.8921
116.174 39.8921
116.173 39.892
116.173 39.892
116.173 39.892
116.174 39.892
116.174 39.892
116.174 39.892
116.174 39.892
116.174 39.892
116.174 39.892
116.174 39.892
116.173 39.892
116.173 39.8921
116.173 39.8921
116.174 39.892
116.174 39.892
116.174 39.892
116.174 39.892
116.174 39.892
116.174 39.892
116.174 39.892
116.173 39.892
116.174 39.892
116.174 39.892
116.174 39.892
116.174 39.892
116.174 39.892
116.174 39.892
116.174 39.892
116.174 39.892
116.174 39.892
116.174 39.8921
116.174 39.892
116.174 39.8921
116.174 39.892
116.173 39.892
116.173 39.8917
116.203 39.8925
116.215 39.9022
116.246 39.9026
116.274 39.9062
116.292 39.9062
116.304 39.9157
116.306 39.9225
116.306 39.9225
116.286 39.923
116.268 39.907
116.268 39.907
116.248 39.8884
116.247 39.8719
116.239 39.8887
116.239 39.8888
116.239 39.8887
116.239 39.8889
116.241 39.8885
116.268 39.9005
116.26 39.9165
116.26 39.8958
116.239 39.8888
116.239 39.8888
116.23 39.8979
116.281 39.9228
116.315 39.9224
116.304 39.9316
116.304 39.9437
116.303 39.9593
116.311 39.98
116.305 39.9774
116.307 39.9838
116.322 39.9912
116.327 39.9852
116.328 39.9736
116.33 39.9676
116.33 39.9676
116.33 39.9676
116.328 39.9746
116.333 39.9848
116.347 39.9611
116.351 39.9182
116.333 39.9019
116.289 39.896
116.289 39.896
116.267 39.8944
116.259 39.8954
116.292 39.9062
116.304 39.8925
116.393 39.8361
116.38 39.845
116.381 39.8546
116.378 39.8607
116.379 39.8623
116.367 39.8558
116.361 39.8544
116.328 39.8479
116.308 39.8648
116.306 39.8734
116.311 39.8838
116.311 39.8854
116.256 39.8664
116.229 39.8431
116.231 39.8504
116.255 39.861
116.267 39.8689
116.271 39.8782
116.268 39.8981
116.28 39.9061
116.289 39.9061
116.304 39.892
116.309 39.8585
116.365 39.8551
116.426 39.8571
116.454 39.8701
116.455 39.8772
116.455 39.889
116.456 39.9027
116.469 39.9068
116.456 39.9156
116.456 39.9315
116.456 39.9461
116.464 39.9623
116.464 39.9623
116.482 39.9564
116.47 39.9758
116.526 40.0197
116.585 40.0523
116.569 40.0608
116.566 40.071
116.566 40.0711
116.566 40.0711
116.566 40.0711
116.566 40.0711
116.566 40.0711
116.566 40.0711
116.566 40.0711
116.566 40.0711
116.566 40.0711
116.566 40.0711
116.566 40.0711
116.566 40.0711
116.566 40.0711
116.566 40.0711
116.566 40.0711
116.566 40.0711
116.566 40.0711
116.566 40.0711
116.566 40.0711
116.566 40.0711
116.566 40.0711
116.566 40.0711
116.566 40.0711
116.566 40.0711
116.566 40.0711
116.566 40.0711
116.566 40.0711
116.566 40.0711
116.566 40.0711
116.566 40.0711
116.566 40.0711
116.566 40.0711
116.565 40.0709
116.575 40.063
116.577 40.0627
116.583 40.0607
116.583 40.0626
116.582 40.0643
116.582 40.0643
116.582 40.0643
116.582 40.0655
116.582 40.0665
116.582 40.0677
116.582 40.0681
116.581 40.0706
116.581 40.0706
116.581 40.0706
116.583 40.0761
116.584 40.0764
116.585 40.0783
116.565 40.0344
116.488 39.9923
116.435 39.987
116.382 39.9868
116.347 39.9853
116.334 39.9665
116.318 39.9478
116.304 39.9394
116.298 39.8958
116.259 39.8884
116.257 39.8882
116.26 39.8797
116.268 39.9389
116.282 39.9285
116.268 39.9112
116.259 39.8992
116.253 39.8868
116.256 39.8914
116.219 39.8958
116.173 39.8921
116.174 39.8921
116.174 39.892
116.174 39.8921
116.174 39.8921
116.174 39.8921
116.174 39.8921
116.174 39.8921
116.174 39.8921
116.173 39.8921
116.174 39.8921
116.174 39.8922
116.174 39.8922
116.174 39.8921
116.174 39.8922
116.173 39.8921
116.173 39.8921
116.174 39.8922
116.174 39.8921
116.174 39.8921
116.174 39.8921
116.174 39.8921
116.174 39.8921
116.173 39.8921
116.174 39.8921
116.173 39.8921
116.174 39.8921
116.173 39.892
116.174 39.892
116.174 39.892
116.174 39.892
116.174 39.892
116.174 39.892
116.174 39.8921
116.174 39.892
116.173 39.8921
116.173 39.8921
116.173 39.8921
116.174 39.8921
116.174 39.8921
116.173 39.892
116.174 39.8921
116.174 39.8921
116.174 39.8921
116.173 39.892
116.174 39.8921
116.174 39.8921
116.174 39.8921
116.174 39.8922
116.173 39.8921
116.173 39.8921
116.174 39.8921
116.173 39.892
116.174 39.892
116.173 39.8921
116.173 39.892
116.174 39.892
116.174 39.8921
116.174 39.8921
116.174 39.8921
116.174 39.8921
116.174 39.892
116.174 39.892
116.174 39.892
116.173 39.892
116.174 39.892
116.173 39.892
116.174 39.8921
116.174 39.8921
116.173 39.892
116.173 39.8921
116.174 39.8921
116.173 39.8921
116.173 39.8921
116.174 39.8921
116.173 39.8921
116.173 39.8921
116.173 39.8921
116.173 39.8921
116.174 39.892
116.174 39.8921
116.174 39.8921
116.174 39.8921
116.174 39.8921
116.174 39.892
116.174 39.8921
116.174 39.892
116.174 39.892
116.173 39.8921
116.174 39.892
116.174 39.8921
116.174 39.8921
116.174 39.8921
116.174 39.8921
116.173 39.8922
116.173 39.8921
116.174 39.8922
116.174 39.8921
116.174 39.8921
116.174 39.8921
116.174 39.8922
116.174 39.8921
116.176 39.8911
116.205 39.8953
116.21 39.8984
116.21 39.8984
116.21 39.8984
116.23 39.9026
116.237 39.8962
116.222 39.8942
116.234 39.8994
116.235 39.9008
116.229 39.9027
116.209 39.9029
116.209 39.899
116.236 39.9026
116.261 39.9061
116.279 39.9061
116.303 39.9048
116.313 39.8992
116.329 39.9064
116.341 39.9171
116.35 39.925
116.371 39.9314
116.371 39.9224
116.373 39.9218
116.371 39.9241
116.383 39.9318
116.387 39.9218
116.386 39.9077
116.381 39.8989
116.373 39.8986
116.369 39.8985
116.345 39.8966
116.325 39.8888
116.345 39.8965
116.366 39.8983
116.385 39.8988
116.405 39.8995
116.412 39.8931
116.395 39.8964
116.369 39.8987
116.37 39.9046
116.368 39.8995
116.346 39.8967
116.315 39.9007
116.303 39.9063
116.297 39.9063
116.27 39.9063
116.259 39.9062
116.259 39.9062
116.249 39.9027
116.247 39.8888
116.233 39.8885
116.218 39.896
116.218 39.896
116.209 39.9029
116.21 39.8984
116.21 39.8984
116.21 39.8983
116.21 39.8983
116.21 39.8983
116.21 39.8983
116.237 39.8956
116.239 39.8889
116.239 39.8889
116.239 39.8889
116.239 39.8889
116.239 39.889
116.239 39.8889
116.239 39.8889
116.239 39.8889
116.239 39.8888
116.239 39.8889
116.239 39.8888
116.239 39.8888
116.239 39.8888
116.239 39.8888
116.239 39.8888
116.239 39.8888
116.239 39.8888
116.239 39.8888
116.239 39.8888
116.239 39.8888
116.239 39.8888
116.239 39.8888
116.239 39.8888
116.239 39.8888
116.239 39.8888
116.239 39.8888
116.239 39.8888
116.239 39.8888
116.239 39.8889
116.239 39.8889
116.239 39.8889
116.239 39.8889
116.239 39.8889
116.239 39.8888
116.239 39.8889
116.239 39.8889
116.239 39.8889
116.239 39.8889
116.239 39.8889
116.239 39.8889
116.239 39.8889
116.239 39.8889
116.239 39.8889
116.239 39.8889
116.239 39.8889
116.239 39.8889
116.239 39.8889
116.239 39.8888
116.239 39.8889
116.239 39.8888
116.239 39.8888
116.239 39.8888
116.239 39.8888
116.239 39.8889
116.239 39.8889
116.239 39.8889
116.227 39.8886
116.237 39.9026
116.265 39.9062
116.286 39.9062
116.298 39.9063
116.289 39.9066
116.304 39.9003
116.303 39.8951
116.314 39.8956
116.315 39.895
116.315 39.895
116.315 39.9053
116.289 39.9064
116.238 39.9063
116.203 39.8918
116.174 39.8919
116.174 39.892
116.173 39.892
116.173 39.892
116.173 39.892
116.174 39.8921
116.174 39.892
116.174 39.8921
116.174 39.8921
116.174 39.8921
116.173 39.8921
116.174 39.8921
116.174 39.8921
116.173 39.8921
116.173 39.892
116.173 39.892
116.174 39.892
116.173 39.8921
116.173 39.8921
116.173 39.892
116.174 39.892
116.174 39.892
116.174 39.8919
116.174 39.892
116.173 39.892
116.173 39.8921
116.173 39.892
116.174 39.8919
116.174 39.8919
116.174 39.8919
116.174 39.8919
116.174 39.892
116.174 39.892
116.174 39.892
116.174 39.892
116.173 39.892
116.173 39.8919
116.173 39.892
116.173 39.892
116.174 39.892
116.173 39.892
116.173 39.892
116.173 39.892
116.173 39.8921
116.174 39.892
116.173 39.892
116.173 39.892
116.173 39.892
116.173 39.892
116.173 39.8921
116.173 39.892
116.173 39.892
116.173 39.892
116.173 39.8921
116.173 39.8921
116.173 39.8921
116.173 39.892
116.173 39.892
116.173 39.8921
116.174 39.892
116.174 39.892
116.174 39.892
116.173 39.8921
116.173 39.8921
116.174 39.892
116.174 39.892
116.174 39.892
116.174 39.892
116.174 39.8921
116.174 39.892
116.174 39.892
116.174 39.892
116.174 39.892
116.173 39.892
116.174 39.892
116.173 39.892
116.173 39.892
116.173 39.892
116.174 39.892
116.173 39.892
116.173 39.892
116.173 39.892
116.174 39.892
116.173 39.892
116.173 39.892
116.173 39.892
116.173 39.892
116.173 39.892
116.174 39.8919
116.174 39.8919
116.173 39.892
116.174 39.8919
116.174 39.8919
116.174 39.8919
116.174 39.8919
116.174 39.8919
116.174 39.8918
116.174 39.8918
116.174 39.8918
116.174 39.8919
116.174 39.8919
116.174 39.8918
116.174 39.8919
116.173 39.8919
116.173 39.892
116.174 39.892
116.174 39.892
116.174 39.8919
116.174 39.8919
116.174 39.8919
116.174 39.892
116.174 39.892
116.174 39.892
116.174 39.892
116.174 39.892
116.174 39.892
116.174 39.892
116.174 39.8919
116.174 39.892
116.174 39.8919
116.174 39.892
116.173 39.892
116.174 39.8919
116.174 39.892
116.174 39.892
116.174 39.8919
116.174 39.8919
116.174 39.8919
116.174 39.892
116.174 39.892
116.174 39.892
116.174 39.8919
116.174 39.8919
116.174 39.892
116.174 39.8919
116.174 39.8919
116.174 39.892
116.173 39.892
116.174 39.892
116.174 39.8919
116.173 39.892
116.174 39.8919
116.174 39.8919
116.173 39.8919
116.173 39.8919
116.172 39.8926
116.172 39.8926
116.172 39.8927
116.172 39.8926
116.172 39.8927
116.172 39.8925
116.172 39.8925
116.172 39.8925
116.202 39.8907
116.212 39.9234
116.225 39.9294
116.224 39.9317
116.224 39.9317
116.224 39.9317
116.224 39.9317
116.224 39.9317
116.224 39.9317
116.224 39.9317
116.224 39.9316
116.224 39.9316
116.224 39.9317
116.224 39.9312
116.222 39.9259
116.229 39.9087
116.221 39.8958
116.172 39.8914
116.172 39.8916
116.172 39.8915
116.172 39.8915
116.172 39.8915
116.172 39.8915
116.172 39.8914
116.172 39.8913
116.172 39.8913
116.172 39.8913
116.172 39.8913
116.172 39.8913
116.172 39.8913
116.172 39.8913
116.172 39.8913
116.172 39.8913
116.172 39.8913
116.172 39.8912
116.202 39.8905
116.239 39.889
116.239 39.8891
116.239 39.8887
116.239 39.889
116.239 39.8889
116.258 39.8916
116.258 39.8919
116.258 39.892
116.258 39.892
116.258 39.892
116.248 39.8884
116.239 39.8889
116.239 39.889
116.239 39.8887
116.239 39.8886
116.239 39.8886
116.239 39.8888
116.239 39.8888
116.239 39.8889
116.239 39.8889
116.239 39.8889
116.239 39.8889
116.239 39.8889
116.239 39.8889
116.239 39.8888
116.239 39.8888
116.239 39.8889
116.239 39.889
116.239 39.8888
116.239 39.8889
116.239 39.8889
116.239 39.889
116.239 39.8889
116.239 39.8889
116.239 39.8888
116.239 39.8889
116.255 39.8955
116.275 39.899
116.275 39.899
116.268 39.9007
116.277 39.9184
116.288 39.9208
116.287 39.9209
116.277 39.9231
116.249 39.9283
116.248 39.9289
116.255 39.928
116.27 39.9354
116.27 39.9353
116.27 39.9357
116.27 39.9355
116.27 39.9355
116.27 39.9353
116.27 39.9353
116.27 39.9354
116.269 39.9265
116.275 39.8991
116.259 39.8968
116.215 39.9023
116.189 39.9062
116.183 39.9079
116.183 39.908
116.183 39.908
116.183 39.908
116.183 39.908
116.183 39.908
116.183 39.9081
116.184 39.908
116.18 39.9086
116.173 39.8909
116.173 39.8918
116.173 39.8918
116.173 39.8918
116.173 39.8918
116.173 39.8918
116.173 39.8918
116.173 39.8918
116.173 39.8918
116.173 39.8918
116.173 39.8918
116.173 39.8918
116.173 39.8917
116.173 39.8916
116.173 39.8917
116.173 39.8917
116.173 39.8917
116.173 39.8917
116.173 39.8918
116.173 39.8918
116.173 39.8917
116.173 39.8918
116.173 39.8918
116.173 39.8918
116.173 39.8918
116.173 39.8918
116.173 39.8918
116.173 39.8918
116.173 39.8918
116.173 39.8918
116.173 39.8918
116.173 39.8918
116.173 39.8918
116.172 39.8924
116.186 39.8875
116.247 39.8904
116.244 39.871
116.241 39.8644
116.242 39.8635
116.242 39.8635
116.242 39.8635
116.242 39.8635
116.242 39.8635
116.247 39.8763
116.243 39.8958
116.179 39.8907
116.173 39.8918
116.173 39.8918
116.173 39.8918
116.173 39.8918
116.173 39.8918
116.173 39.8918
116.173 39.8918
116.173 39.8918
116.173 39.8918
116.173 39.8918
116.173 39.8918
116.173 39.8918
116.173 39.8918
116.173 39.8918
116.173 39.8918
116.173 39.8919
116.173 39.8919
116.173 39.8918
116.173 39.8918
116.173 39.8918
116.173 39.8919
116.173 39.8918
116.173 39.8918
116.173 39.8919
116.173 39.8918
116.173 39.8919
116.173 39.8918
116.173 39.8918
116.173 39.8918
116.174 39.8919
116.174 39.8918
116.173 39.8918
116.173 39.8919
116.173 39.8918
116.173 39.8918
116.173 39.8918
116.173 39.8918
116.173 39.8918
116.173 39.8918
116.173 39.8918
116.174 39.8918
116.174 39.8918
116.173 39.8918
116.173 39.8918
116.173 39.8918
116.173 39.8918
116.173 39.8919
116.173 39.8919
116.173 39.8918
116.173 39.8918
116.173 39.8919
116.173 39.8918
116.173 39.8918
116.173 39.8918
116.173 39.8918
116.173 39.8918
116.173 39.8918
116.173 39.8918
116.173 39.8918
116.173 39.8918
116.173 39.8918
116.173 39.8917
116.173 39.8918
116.173 39.8918
116.173 39.8918
116.173 39.8918
116.173 39.892
116.173 39.8919
116.173 39.8918
116.173 39.8918
116.173 39.8918
116.173 39.8921
116.173 39.892
116.173 39.892
116.173 39.8919
116.173 39.8918
116.173 39.8918
116.173 39.8918
116.173 39.8918
116.173 39.8917
116.173 39.8918
116.173 39.8918
116.173 39.8917
116.173 39.8918
116.173 39.8918
116.173 39.8918
116.173 39.8918
116.173 39.8918
116.173 39.8918
116.173 39.8918
116.173 39.8918
116.173 39.8918
116.173 39.8918
116.173 39.8918
116.173 39.8918
116.173 39.8918
116.173 39.8918
116.173 39.8918
116.173 39.8918
116.173 39.8918
116.173 39.8918
116.173 39.8918
116.173 39.8917
116.173 39.8918
116.173 39.8918
116.173 39.8918
116.173 39.8919
116.173 39.8918
116.173 39.8918
116.173 39.8918
116.173 39.8918
116.173 39.8918
116.173 39.8918
116.173 39.8919
116.173 39.8919
116.174 39.8918
116.173 39.8919
116.173 39.8919
116.189 39.8875
116.173 39.8923
116.183 39.8887
116.213 39.9026
116.246 39.9062
116.269 39.9243
116.293 39.945
116.389 39.9476
116.402 39.9596
116.399 39.9676
116.35 39.9124
116.315 39.9063
116.296 39.9104
116.272 39.9062
116.244 39.9062
116.267 39.9062
116.296 39.9325
116.288 39.9321
116.289 39.9308
116.304 39.917
116.306 39.8674
116.36 39.8539
116.381 39.8514
116.373 39.8374
116.339 39.826
116.315 39.7927
116.291 39.7859
116.281 39.7918
116.285 39.8119
116.321 39.8292
116.342 39.789
116.339 39.7392
116.326 39.7299
116.339 39.7208
116.34 39.7328
116.336 39.7666
116.341 39.7987
116.34 39.8322
116.321 39.8484
116.308 39.8676
116.305 39.8807
116.273 39.8716
116.261 39.8489
116.256 39.8483
116.256 39.8483
116.256 39.8483
116.261 39.8543
116.25 39.871
116.259 39.8893
116.259 39.8893
116.267 39.899
116.286 39.906
116.307 39.9067
116.271 39.9066
116.259 39.9063
116.251 39.9165
116.229 39.9239
116.194 39.9265
116.185 39.9408
116.191 39.9291
116.192 39.9178
116.183 39.9078
116.183 39.9077
116.183 39.9078
116.183 39.9078
116.183 39.9078
116.183 39.9078
116.183 39.9077
116.183 39.9078
116.183 39.9077
116.183 39.907
116.206 39.9061
116.225 39.9026
116.257 39.9061
116.257 39.9061
116.277 39.9061
116.31 39.9062
116.353 39.9058
116.368 39.9103
116.382 39.9211
116.384 39.932
116.36 39.9311
116.337 39.9374
116.304 39.9387
116.304 39.9246
116.303 39.9061
116.315 39.907
116.315 39.907
116.336 39.8962
116.323 39.904
116.314 39.9098
116.304 39.9119
116.303 39.9562
116.299 39.9836
116.299 39.9826
116.301 39.9669
116.341 39.9663
116.37 39.9635
116.364 39.9628
116.349 39.9528
116.349 39.9528
116.345 39.9312
116.32 39.9313
116.304 39.9283
116.304 39.882
116.314 39.8761
116.305 39.8856
116.302 39.9072
116.294 39.9063
116.269 39.9064
116.247 39.9062
116.242 39.8885
116.239 39.889
116.239 39.889
116.239 39.8887
116.215 39.9006
116.196 39.9096
116.211 39.9238
116.243 39.9256
116.275 39.923
116.315 39.9224
116.338 39.922
116.338 39.9315
116.328 39.9111
116.347 39.8988
116.344 39.8939
116.344 39.8939
116.357 39.8894
116.357 39.8884
116.357 39.8867
116.364 39.8819
116.36 39.877
116.334 39.8886
116.296 39.88
116.269 39.8792
116.277 39.8653
116.299 39.8656
116.344 39.8663
116.341 39.8728
116.347 39.8871
116.351 39.8948
116.358 39.8879
116.382 39.888
116.406 39.8914
116.379 39.8893
116.391 39.8987
116.419 39.8991
116.428 39.9212
116.419 39.9574
116.418 39.9789
116.393 39.9673
116.335 39.9665
116.304 39.9278
116.269 39.9231
116.251 39.9063
116.225 39.8724
116.225 39.8818
116.173 39.8918
116.173 39.8918
116.173 39.8918
116.173 39.8918
116.173 39.8918
116.173 39.8918
116.173 39.8918
116.173 39.8918
116.173 39.8918
116.173 39.8918
116.173 39.8918
116.173 39.8918
116.173 39.8918
116.173 39.8918
116.173 39.8918
116.173 39.8918
116.173 39.8918
116.173 39.8918
116.173 39.8918
116.173 39.8918
116.173 39.8919
116.173 39.8918
116.173 39.8918
116.173 39.8918
116.173 39.8918
116.173 39.8918
116.173 39.8919
116.173 39.8918
116.173 39.8918
116.173 39.8919
116.173 39.8918
116.173 39.8918
116.173 39.8918
116.173 39.8918
116.173 39.8918
116.173 39.8918
116.173 39.8918
116.173 39.8918
116.173 39.8918
116.173 39.8918
116.173 39.8918
116.173 39.8918
116.173 39.8918
116.173 39.8919
116.174 39.8918
116.173 39.8918
116.174 39.8918
116.173 39.8918
116.173 39.8919
116.173 39.8919
116.173 39.8918
116.173 39.8918
116.173 39.8919
116.173 39.8919
116.173 39.8918
116.173 39.8918
116.173 39.8919
116.173 39.8918
116.173 39.8918
116.173 39.8918
116.173 39.8919
116.173 39.8919
116.173 39.8919
116.173 39.8919
116.173 39.8918
116.173 39.8918
116.173 39.8918
116.173 39.8919
116.173 39.8919
116.174 39.8918
116.173 39.8918
116.173 39.8918
116.173 39.8919
116.174 39.8919
116.173 39.8918
116.173 39.8918
116.173 39.8918
116.173 39.8918
116.173 39.8919
116.173 39.8919
116.173 39.8918
116.173 39.8918
116.173 39.8919
116.173 39.8918
116.173 39.8918
116.173 39.8918
116.173 39.8918
116.173 39.8918
116.173 39.8918
116.173 39.8918
116.173 39.8918
116.173 39.8918
116.173 39.8918
116.173 39.8918
116.173 39.8918
116.173 39.8918
116.173 39.8918
116.173 39.8918
116.173 39.8918
116.174 39.8916
116.174 39.8916
116.174 39.8917
116.174 39.8918
116.194 39.8876
116.194 39.8876
116.176 39.891
116.173 39.892
116.173 39.8918
116.174 39.8918
116.174 39.8918
116.174 39.8916
116.174 39.8915
116.174 39.8915
116.174 39.8915
116.174 39.8914
116.174 39.8915
116.174 39.8915
116.174 39.8916
116.198 39.8877
116.208 39.9005
116.222 39.9027
116.255 39.9026
116.248 39.9062
116.268 39.9063
116.278 39.931
116.304 39.9311
116.342 39.9381
116.386 39.9475
116.405 39.9477
116.405 39.9479
116.405 39.9479
116.402 39.9591
116.396 39.9664
116.402 39.9579
116.402 39.9579
116.389 39.9477
116.354 39.9437
116.35 39.9319
116.35 39.91
116.343 39.8817
116.344 39.8856
116.324 39.8958
116.304 39.9249
116.297 39.9711
116.298 39.9961
116.299 39.9844
116.301 39.9695
116.285 39.9565
116.278 39.9624
116.293 39.9579
116.302 39.9606
116.361 39.9664
116.396 39.9626
116.402 39.9553
116.402 39.9517
116.399 39.95
116.389 39.9618
116.411 39.9674
116.415 39.9821
116.41 39.9875
116.401 39.9974
116.398 40.0039
116.4 40.0038
116.4 40.0038
116.401 39.9874
116.458 39.9731
116.484 39.933
116.511 39.9388
116.512 39.9188
116.489 39.9144
116.453 39.9072
116.408 39.9069
116.369 39.9059
116.349 39.8973
116.317 39.8977
116.336 39.9059
116.381 39.9059
116.405 39.9066
116.418 39.9036
116.439 39.9023
116.435 39.8831
116.434 39.8807
116.438 39.8825
116.401 39.8708
116.381 39.8601
116.375 39.856
116.353 39.8523
116.333 39.8479
116.333 39.8479
116.309 39.8661
116.304 39.8906
116.304 39.9236
116.282 39.9228
116.268 39.9243
116.259 39.9065
116.235 39.9063
116.223 39.9029
