117.007 40.1969
117.014 40.1907
117.014 40.1907
117.026 40.1932
117.045 40.1952
117.046 40.1865
117.041 40.1848
117.04 40.1847
117.041 40.1848
117.04 40.1847
117.04 40.1847
117.04 40.1847
117.04 40.1847
117.041 40.1851
117.04 40.1849
117.04 40.1848
117.04 40.1847
117.04 40.1846
117.04 40.1848
117.078 40.2077
117.31 40.1163
117.322 40.1097
117.354 40.0946
117.354 40.0946
117.376 40.0858
117.402 40.0759
117.434 40.0644
117.523 40.0347
117.604 40.0095
117.604 40.0095
117.604 40.0095
117.191 40.1402
117.204 40.1402
117.211 40.1367
117.211 40.1367
117.219 40.1335
117.227 40.1303
117.235 40.1273
117.243 40.1244
117.252 40.1216
117.269 40.1163
117.278 40.1137
117.287 40.1112
117.259 40.0934
117.092 40.0094
117.104 40.0132
116.645 39.9852
116.681 39.995
116.727 40.0075
116.761 40.0172
116.791 40.0261
116.843 40.0421
116.865 40.0493
116.885 40.056
116.902 40.0624
116.918 40.0684
116.932 40.0742
116.945 40.0797
116.956 40.0851
116.965 40.0904
116.974 40.0956
116.981 40.1006
116.981 40.1006
116.987 40.1056
116.992 40.1105
116.997 40.1155
117.002 40.1255
117.004 40.1306
117.005 40.1358
117.005 40.1411
117.004 40.1466
117.002 40.1523
117 40.1582
116.997 40.1643
116.993 40.1708
116.988 40.1777
116.983 40.1849
116.976 40.1927
116.961 40.2028
116.951 40.2128
116.935 40.2257
116.907 40.2427
116.903 40.2553
116.848 40.3
116.852 40.3008
116.869 40.3115
116.88 40.3174
116.933 40.3144
116.94 40.3204
116.944 40.3343
116.945 40.3464
116.947 40.3588
116.951 40.3655
116.955 40.3697
116.959 40.3732
116.941 40.427
116.938 40.4483
116.933 40.4719
116.926 40.4985
116.918 40.5288
116.909 40.5636
116.896 40.604
116.881 40.6514
116.862 40.7081
116.862 40.7081
116.838 40.7768
116.808 40.862
116.768 40.9704
116.715 41.1127
116.642 41.3074
116.577 41.4768
116.577 41.4768
116.577 41.4768
116.577 41.4768
116.577 41.4768
117.04 40.1848
117.04 40.1848
117.04 40.1848
117.04 40.1848
117.04 40.1848
117.04 40.1848
117.04 40.1848
117.04 40.1848
117.04 40.1848
117.04 40.1848
117.04 40.1847
117.04 40.1848
117.04 40.1848
117.04 40.1848
117.04 40.1848
117.04 40.1848
117.04 40.1848
117.04 40.1848
117.04 40.1848
117.04 40.1848
117.04 40.1847
117.04 40.1847
117.04 40.1847
117.04 40.1863
117.041 40.1868
117.041 40.185
117.04 40.1848
117.04 40.1848
117.04 40.1846
117.04 40.1847
117.04 40.1847
117.04 40.1847
117.041 40.1846
117.04 40.1847
117.04 40.1851
117.04 40.1851
117.046 40.1857
117.046 40.1868
117.047 40.1893
117.037 40.1946
117.016 40.1869
117.016 40.1472
117.003 40.139
116.976 40.1445
116.947 40.1476
116.916 40.152
116.897 40.1526
116.86 40.1521
116.834 40.1508
116.805 40.1477
116.777 40.1438
116.751 40.1342
116.72 40.1212
116.693 40.1238
116.661 40.1153
116.624 40.1164
116.606 40.1166
116.58 40.1169
116.561 40.1164
116.555 40.1017
116.554 40.0914
116.552 40.0806
116.549 40.0648
116.535 40.0539
116.53 40.0465
116.523 40.0333
116.517 40.0233
116.517 40.0233
116.508 40.0115
116.501 40.0059
116.487 39.9927
116.477 39.9909
116.48 39.9943
116.477 39.9959
116.462 40.007
116.461 40.0128
116.445 40.0162
116.416 40.0209
116.355 40.0217
116.347 40.0236
116.336 40.0373
116.318 40.0344
116.31 40.0365
116.303 40.0379
116.304 40.0356
116.305 40.0327
116.306 40.0309
116.307 40.0263
116.309 40.0172
116.312 40.01
116.309 39.9994
116.31 39.9914
116.31 39.9853
116.3 39.9842
116.3 39.9817
116.3 39.9817
116.297 39.9742
116.297 39.9742
116.291 39.9649
116.29 39.9621
116.293 39.9581
116.298 39.9529
116.302 39.9525
116.302 39.9525
116.304 39.9459
116.316 39.9377
116.327 39.9351
116.32 39.9314
116.32 39.9314
116.332 39.9313
116.327 39.9349
116.32 39.9368
116.307 39.9403
116.306 39.9425
116.319 39.9438
116.32 39.9374
116.337 39.9371
116.346 39.9371
116.349 39.932
116.354 39.931
116.358 39.9311
116.353 39.9361
116.353 39.9384
116.351 39.9392
116.353 39.9466
116.352 39.9497
116.352 39.9529
116.352 39.9565
116.366 39.9566
116.373 39.9567
116.376 39.9662
116.386 39.967
116.403 39.9676
116.425 39.968
116.427 39.9445
116.436 39.938
116.449 39.927
116.446 39.9101
116.463 39.8084
116.443 39.8473
116.44 39.8557
116.44 39.8557
116.432 39.8602
116.429 39.8708
116.418 39.873
116.415 39.8951
116.445 39.9201
116.516 40.0762
116.536 40.0762
116.544 40.0809
116.546 40.082
116.534 40.0834
116.534 40.0834
116.533 40.0789
116.533 40.0739
116.534 40.0609
116.52 40.0562
116.476 40.0203
116.477 40.0201
116.465 40.0221
116.462 40.0193
116.461 40.0153
116.461 40.0096
116.457 40.0022
116.447 39.9955
116.441 39.9922
116.446 39.988
116.451 39.9839
116.46 39.9811
116.459 39.976
116.461 39.9779
116.461 39.9714
116.461 39.9714
116.461 39.9663
116.46 39.9607
116.46 39.9586
116.453 39.9545
116.451 39.9569
116.447 39.9573
116.448 39.9561
116.467 39.9734
116.489 39.9928
116.51 40.012
116.539 40.0242
116.539 40.0242
116.569 40.0365
116.58 40.0473
116.583 40.0625
116.587 40.0776
116.586 40.0797
116.581 40.0773
116.586 40.065
116.586 40.054
116.578 40.0445
116.57 40.0346
116.562 40.0312
116.548 40.0259
116.557 40.0112
116.542 40.0077
116.526 40.006
116.516 40.0004
116.505 39.9994
116.506 39.9995
116.495 39.9976
116.488 39.9918
116.484 39.9869
116.482 39.9877
116.477 39.9833
116.463 39.9706
116.451 39.9601
116.443 39.96
116.442 39.9609
116.437 39.9583
116.437 39.9583
116.428 39.9582
116.426 39.9558
116.419 39.9477
116.419 39.9411
116.42 39.9365
116.419 39.9324
116.419 39.9324
116.402 39.9321
116.4 39.9269
116.4 39.9315
116.403 39.9322
116.402 39.939
116.402 39.9436
116.409 39.9479
116.397 39.9477
116.39 39.9477
116.382 39.9477
116.379 39.9477
116.379 39.9477
116.374 39.9477
116.372 39.9476
116.371 39.9476
116.366 39.9475
116.363 39.9466
116.357 39.9445
116.353 39.9433
116.349 39.9398
116.347 39.9362
116.347 39.9312
116.343 39.9355
116.346 39.9387
116.352 39.9428
116.366 39.9472
116.391 39.9477
116.406 39.9478
116.417 39.948
116.446 39.9543
116.45 39.955
116.45 39.955
116.45 39.955
116.45 39.955
116.45 39.955
116.45 39.955
116.45 39.955
116.45 39.955
116.45 39.955
116.497 39.9868
116.496 39.9861
116.503 39.9873
116.502 39.9968
116.502 39.9968
116.502 39.9975
116.496 39.996
116.485 39.9888
116.484 39.9868
116.478 39.9754
116.474 39.9746
116.473 39.9753
116.472 39.9738
116.466 39.965
116.456 39.9547
116.454 39.9532
116.456 39.9443
116.455 39.9343
116.453 39.9307
116.452 39.9314
116.455 39.9323
116.456 39.9423
116.463 39.9445
116.465 39.9508
116.478 39.955
116.483 39.9572
116.489 39.9611
116.492 39.9599
116.493 39.9582
116.491 39.9605
116.489 39.9614
116.487 39.9601
116.483 39.9576
116.482 39.9571
116.473 39.9537
116.469 39.9523
116.462 39.949
116.463 39.9438
116.456 39.9427
116.455 39.9419
116.448 39.94
116.443 39.94
116.436 39.9398
116.434 39.9398
116.428 39.9399
116.428 39.9344
116.428 39.9267
116.428 39.9232
116.428 39.9203
116.429 39.9122
116.43 39.9064
116.424 39.8994
116.423 39.8993
116.422 39.8992
116.417 39.8959
116.415 39.8956
116.411 39.8958
116.407 39.896
116.405 39.8993
116.405 39.9063
116.407 39.9091
116.411 39.9076
116.409 39.9068
116.404 39.9067
116.401 39.9066
116.393 39.9064
116.386 39.9062
116.378 39.9059
116.369 39.9059
116.36 39.9059
116.351 39.9059
116.343 39.9064
116.344 39.9098
116.343 39.9119
116.348 39.9125
116.348 39.9125
116.351 39.9124
116.356 39.9127
116.359 39.9128
116.367 39.9134
116.367 39.9134
116.367 39.9205
116.367 39.9261
116.374 39.9314
116.374 39.9273
116.374 39.9291
116.386 39.932
116.391 39.932
116.391 39.932
116.402 39.932
116.41 39.9394
116.422 39.9396
116.433 39.9396
116.438 39.9351
116.444 39.9335
116.444 39.9324
116.454 39.9322
116.456 39.9411
116.469 39.9361
116.466 39.9329
116.481 39.9323
116.481 39.9323
116.49 39.9308
116.49 39.9306
116.496 39.9347
116.496 39.9347
116.483 39.9326
116.469 39.9368
116.467 39.9439
116.463 39.9463
116.466 39.9486
116.468 39.9408
116.464 39.9325
116.456 39.9382
116.463 39.9433
116.469 39.9369
116.462 39.9325
116.451 39.9326
116.44 39.9324
116.429 39.9324
116.42 39.9331
116.426 39.9396
116.438 39.9396
116.442 39.935
116.444 39.9325
116.453 39.9324
116.453 39.9324
116.459 39.9425
116.468 39.9427
116.467 39.9327
116.472 39.927
116.472 39.9179
116.476 39.9159
116.472 39.9213
116.464 39.922
116.461 39.9278
116.461 39.9319
116.456 39.9364
116.456 39.9455
116.465 39.9508
116.473 39.9537
116.482 39.9571
116.489 39.9614
116.492 39.9581
116.493 39.9581
116.489 39.9616
116.482 39.9569
116.467 39.9516
116.467 39.9516
116.468 39.9445
116.468 39.9413
116.463 39.9432
116.465 39.9499
116.47 39.953
116.456 39.9479
116.445 39.94
116.433 39.9398
116.423 39.9399
116.419 39.9458
116.416 39.9483
116.402 39.951
116.402 39.9576
116.402 39.9578
116.402 39.9425
116.405 39.9393
116.411 39.9407
116.412 39.9478
116.416 39.9479
116.427 39.9439
116.433 39.9397
116.448 39.9398
116.455 39.9325
116.463 39.9323
116.476 39.9323
116.49 39.9309
116.501 39.9302
116.496 39.9345
116.485 39.9323
116.495 39.9346
116.511 39.9377
116.496 39.9349
116.477 39.9325
116.477 39.9325
116.468 39.9439
116.463 39.9474
116.465 39.9499
116.469 39.9357
116.455 39.9316
116.455 39.9147
116.452 39.9128
116.455 39.9078
116.455 39.8983
116.459 39.8995
116.458 39.8993
116.456 39.9032
116.457 39.917
116.463 39.9152
116.463 39.9216
116.457 39.9222
116.451 39.9324
116.451 39.9306
116.449 39.9312
116.444 39.9256
116.44 39.9218
116.438 39.922
116.442 39.9256
116.444 39.9321
116.455 39.9323
116.456 39.9426
116.465 39.9437
116.457 39.9441
116.456 39.9457
116.456 39.948
116.452 39.9575
116.438 39.9632
116.444 39.9738
116.447 39.9776
116.45 39.9808
116.451 39.9867
116.457 39.9849
116.461 39.9783
116.461 39.9695
116.461 39.96
116.462 39.9505
116.463 39.9447
116.462 39.9449
116.456 39.9482
116.445 39.9602
116.449 39.963
116.448 39.9629
116.445 39.9586
116.456 39.9554
116.462 39.9497
116.463 39.9451
116.462 39.9507
116.466 39.9651
116.463 39.9724
116.466 39.9823
116.471 39.9867
116.462 39.993
116.467 40.0003
116.465 40.0028
116.465 39.9986
116.457 39.9958
116.441 39.9928
116.431 39.988
116.404 39.9873
116.402 39.9954
116.403 39.9974
116.401 39.99
116.401 39.9716
116.41 39.9675
116.416 39.9677
116.44 39.9614
116.455 39.9547
116.462 39.9503
116.462 39.9447
116.469 39.9385
116.464 39.9325
116.456 39.9399
116.463 39.9441
116.462 39.9448
116.468 39.9439
116.469 39.9445
116.47 39.9526
116.481 39.9564
116.485 39.9645
116.49 39.9707
116.494 39.9728
116.498 39.9811
116.505 39.9896
116.502 39.9961
116.506 39.9918
116.492 39.9868
116.485 39.9905
116.485 39.9905
116.466 39.9728
116.444 39.953
116.421 39.9484
116.393 39.9477
116.365 39.9472
116.349 39.9338
116.322 39.8961
116.303 39.8961
116.303 39.8832
116.3 39.8806
116.31 39.8857
116.293 39.8794
116.273 39.8708
116.274 39.8636
116.293 39.865
116.309 39.8652
116.305 39.8773
116.311 39.8816
116.317 39.8831
116.32 39.8872
116.323 39.8954
116.325 39.9017
116.329 39.9058
116.333 39.9126
116.333 39.9136
116.343 39.9219
116.35 39.9203
116.339 39.917
116.336 39.9171
116.328 39.9125
116.318 39.9062
116.305 39.9063
116.304 39.8948
116.308 39.8656
116.309 39.8658
116.309 39.8668
116.308 39.8672
116.305 39.8773
116.311 39.8811
116.321 39.8846
116.326 39.8935
116.324 39.9002
116.328 39.904
116.329 39.9056
116.349 39.9171
116.361 39.9172
116.367 39.9174
116.374 39.9212
116.384 39.9209
116.393 39.922
116.401 39.9228
116.413 39.9229
116.42 39.9206
116.42 39.917
116.421 39.9093
116.42 39.9087
116.42 39.9087
116.414 39.9142
116.414 39.9142
116.411 39.9173
116.421 39.9229
116.429 39.9229
116.439 39.9218
116.44 39.9214
116.45 39.9223
116.456 39.9259
116.464 39.9288
116.463 39.9288
116.462 39.9285
116.458 39.9275
116.455 39.9282
116.45 39.927
116.443 39.9257
116.438 39.9257
116.438 39.9316
116.434 39.9275
116.43 39.9231
116.426 39.927
116.428 39.9193
116.43 39.9094
116.433 39.907
116.445 39.9053
116.453 39.9067
116.455 39.899
116.461 39.8968
116.461 39.897
116.456 39.8995
116.456 39.8995
116.456 39.8995
116.457 39.9038
116.456 39.8997
116.461 39.8969
116.461 39.8974
116.443 39.9073
116.44 39.9073
116.411 39.9071
116.4 39.9067
116.386 39.9063
116.374 39.9061
116.374 39.9061
116.374 39.9061
116.374 39.9061
116.374 39.9061
116.374 39.9061
116.374 39.9061
116.374 39.9061
116.374 39.9061
116.374 39.9061
116.374 39.9061
116.374 39.9061
116.374 39.9061
116.374 39.9061
116.374 39.9061
116.374 39.9061
116.374 39.9061
116.438 39.9081
116.438 39.9081
116.435 39.9119
116.429 39.9164
116.429 39.92
116.429 39.9218
116.429 39.9225
116.421 39.9231
116.412 39.923
116.412 39.923
116.402 39.9229
116.401 39.9229
116.4 39.9174
116.4 39.9118
116.391 39.9064
116.381 39.906
116.369 39.9058
116.355 39.9059
116.35 39.904
116.344 39.8968
116.327 39.8959
116.322 39.8959
116.316 39.8959
116.316 39.8991
116.321 39.8984
116.323 39.8989
116.328 39.9014
116.329 39.9046
116.329 39.9085
116.33 39.9128
116.333 39.9127
116.333 39.9135
116.33 39.9164
116.328 39.9191
116.328 39.92
116.329 39.9213
116.328 39.9264
116.32 39.927
116.314 39.9269
116.307 39.9269
116.304 39.9308
116.304 39.9397
116.318 39.9451
116.318 39.9495
116.327 39.9511
116.329 39.9516
116.329 39.9516
116.33 39.9511
116.322 39.9504
116.317 39.954
116.339 39.9601
116.336 39.966
116.348 39.9662
116.364 39.9663
116.374 39.9642
116.373 39.9575
116.373 39.9481
116.389 39.9475
116.415 39.9481
116.427 39.9419
116.433 39.9397
116.444 39.94
116.443 39.9412
116.441 39.9415
116.433 39.9399
116.428 39.94
116.423 39.9398
116.412 39.9397
116.41 39.9395
116.402 39.9413
116.402 39.9482
116.406 39.9555
116.412 39.9557
116.412 39.9619
116.407 39.9637
116.404 39.9633
116.408 39.961
116.408 39.9578
116.412 39.9543
116.41 39.9492
116.414 39.948
116.431 39.948
116.431 39.948
116.449 39.9569
116.445 39.9591
116.441 39.9616
116.433 39.9584
116.436 39.9569
116.436 39.9569
116.435 39.9569
116.439 39.9601
116.438 39.9632
116.44 39.9701
116.443 39.973
116.442 39.9719
116.448 39.9785
116.435 39.9868
116.417 39.9877
116.414 39.9875
116.412 39.9876
116.416 39.9923
116.411 39.9915
116.406 39.9818
116.402 39.9817
116.401 39.9734
116.401 39.9621
116.397 39.9614
116.392 39.9616
116.398 39.9609
116.401 39.9583
116.401 39.9492
116.394 39.9511
116.392 39.9526
116.397 39.9506
116.403 39.9474
116.418 39.9481
116.428 39.9443
116.427 39.941
116.425 39.9352
116.42 39.9275
116.42 39.9234
116.421 39.9153
116.421 39.9061
116.418 39.904
116.425 39.9075
116.445 39.9819
116.46 39.9707
116.468 39.9665
116.474 39.9715
116.483 39.9789
116.498 39.9804
116.504 39.9877
116.502 39.9974
116.502 39.9975
116.496 39.9969
116.489 39.992
116.491 39.985
116.487 39.983
116.484 39.9864
116.497 39.9867
116.507 39.9925
116.514 40.0004
116.527 40.0001
116.526 39.9995
116.524 39.9983
116.514 40.0003
116.507 39.9995
116.496 39.9988
116.488 39.9911
116.484 39.9837
116.484 39.9779
116.482 39.9698
116.475 39.9654
116.47 39.9635
116.469 39.956
116.465 39.9512
116.463 39.9455
116.467 39.9439
116.469 39.9361
116.462 39.9325
116.461 39.9321
116.461 39.9305
116.461 39.9243
116.458 39.9221
116.456 39.922
116.455 39.9134
116.454 39.9121
116.44 39.912
116.435 39.9119
116.435 39.9085
116.436 39.9119
116.444 39.9118
116.444 39.9094
116.444 39.9075
116.461 39.907
116.467 39.9072
116.467 39.9087
116.466 39.908
116.466 39.9081
116.466 39.9082
116.466 39.9041
116.472 39.9075
116.493 39.907
116.514 39.9068
116.537 39.908
116.566 39.9084
116.59 39.9079
116.595 39.9077
116.611 39.9043
116.619 39.9052
116.626 39.8911
116.629 39.883
116.63 39.8723
116.636 39.8747
116.637 39.8742
116.637 39.8745
116.64 39.8779
116.64 39.8929
116.634 39.899
116.628 39.9053
116.606 39.906
116.595 39.911
116.585 39.9114
116.575 39.9133
116.558 39.915
116.551 39.9149
116.545 39.9148
116.535 39.9152
116.524 39.9158
116.514 39.9157
116.512 39.9209
116.496 39.9237
116.496 39.9237
116.491 39.9269
116.49 39.9262
116.496 39.9321
116.492 39.9338
116.48 39.9325
116.472 39.9325
116.469 39.9383
116.463 39.9472
116.456 39.948
116.439 39.9404
116.437 39.9371
116.443 39.935
116.454 39.9322
116.463 39.9434
116.468 39.9392
116.472 39.932
116.472 39.9244
116.472 39.9216
116.488 39.9217
116.508 39.9218
116.521 39.9242
116.53 39.9224
116.53 39.9224
116.549 39.9228
116.566 39.9228
116.584 39.924
116.598 39.9247
116.612 39.9235
116.63 39.9257
116.65 39.9254
116.65 39.9215
116.659 39.9242
116.673 39.9285
116.682 39.9297
116.681 39.9321
116.68 39.9293
116.662 39.926
116.649 39.9214
116.638 39.9218
116.634 39.9201
116.619 39.9129
116.604 39.9119
116.588 39.9108
116.575 39.9132
116.561 39.9147
116.55 39.9148
116.544 39.9148
116.534 39.9151
116.522 39.916
116.512 39.9186
116.508 39.922
116.496 39.9267
116.496 39.9328
116.484 39.9325
116.471 39.9297
116.471 39.9323
116.477 39.9323
116.477 39.9323
116.489 39.933
116.496 39.9347
116.496 39.9335
116.486 39.9325
116.474 39.9325
116.469 39.9361
116.468 39.9439
116.463 39.9464
116.467 39.9464
116.462 39.9454
116.463 39.9464
116.468 39.9441
116.468 39.9441
116.462 39.9471
116.462 39.953
116.46 39.9563
116.462 39.9503
116.457 39.9324
116.449 39.9337
116.449 39.9337
116.449 39.9337
116.449 39.9337
116.451 39.9399
116.456 39.9469
116.47 39.9526
116.487 39.9598
116.483 39.9575
116.482 39.957
116.463 39.9466
116.455 39.9478
116.464 39.9433
116.463 39.9453
116.468 39.9439
116.465 39.9325
116.456 39.9366
116.458 39.9426
116.462 39.9464
116.463 39.9449
116.469 39.9374
116.471 39.9323
116.483 39.9323
116.496 39.93
116.498 39.9237
116.501 39.9248
116.498 39.922
116.496 39.93
116.489 39.9331
116.462 39.9324
116.463 39.9431
116.463 39.9454
116.463 39.9432
116.468 39.9348
116.461 39.9296
116.456 39.9367
116.451 39.9548
116.441 39.9614
116.434 39.9583
116.439 39.9601
116.453 39.9532
116.462 39.9604
116.475 39.9723
116.479 39.9763
116.484 39.9674
116.483 39.9575
116.471 39.9528
116.462 39.9465
116.456 39.9481
116.447 39.9509
116.449 39.9494
116.452 39.954
116.462 39.9569
116.462 39.9452
116.468 39.9421
116.464 39.9325
116.461 39.9283
116.461 39.9323
116.456 39.9423
116.463 39.9451
116.462 39.9449
116.466 39.9328
116.476 39.9324
116.484 39.921
116.484 39.9033
116.495 39.8995
116.495 39.8995
116.5 39.8952
116.5 39.8941
116.494 39.8996
116.484 39.8995
116.472 39.9096
116.472 39.9194
116.48 39.9216
116.498 39.9214
116.495 39.9347
116.484 39.9426
116.484 39.9698
116.49 39.9707
116.494 39.9721
116.498 39.9806
116.505 39.9893
116.502 39.9965
116.505 39.9894
116.493 39.9868
116.483 39.9856
116.483 39.9856
116.478 39.9751
116.483 39.9699
116.483 39.9699
116.489 39.9616
116.466 39.9481
116.463 39.9444
116.456 39.9472
116.467 39.9657
116.465 39.9653
116.466 39.9693
116.463 39.9776
116.464 39.9725
116.461 39.9672
116.461 39.9603
116.458 39.9565
116.456 39.9551
116.447 39.9569
116.431 39.9445
116.419 39.9482
116.39 39.9475
116.361 39.9461
116.35 39.9309
116.349 39.9124
117.021 40.1593
117.144 40.2266
117.301 40.2304
117.531 40.3037
117.718 40.348
117.903 40.4026
119.772 40.9529
119.772 40.9529
119.993 41.0108
120.221 41.0648
120.456 41.1134
120.69 41.1628
120.92 41.2185
121.155 41.2687
121.632 41.3645
121.858 41.4241
122.084 41.4841
122.309 41.5433
122.52 41.6115
122.732 41.6841
122.96 41.7237
123.165 41.744
123.165 41.744
123.165 41.744
123.165 41.744
123.165 41.744
116.304 39.9103
116.309 39.9061
116.341 39.9059
116.347 39.9059
116.364 39.9058
116.382 39.9059
116.391 39.9061
116.398 39.9064
116.405 39.9044
116.406 39.9012
116.41 39.9031
116.412 39.9006
116.42 39.8992
116.429 39.8971
116.425 39.8937
116.433 39.8943
116.437 39.8916
116.439 39.8758
116.433 39.8661
116.432 39.8607
116.432 39.8585
116.433 39.8449
116.441 39.8419
116.442 39.8283
116.444 39.8262
116.435 39.8312
116.427 39.8361
116.422 39.84
116.422 39.8481
116.423 39.855
116.426 39.8584
116.428 39.8622
116.422 39.8644
116.419 39.8644
116.415 39.8699
116.415 39.8738
116.428 39.8807
116.425 39.8845
116.422 39.8915
116.433 39.8921
116.45 39.8927
116.455 39.8961
116.457 39.8959
116.461 39.8989
116.471 39.8991
116.467 39.894
116.458 39.8959
116.456 39.9015
116.456 39.9051
116.453 39.9073
116.444 39.9074
116.444 39.9116
116.443 39.9121
116.435 39.912
116.421 39.9483
116.41 39.9496
116.41 39.9496
116.405 39.9488
116.402 39.954
116.402 39.9635
116.404 39.9641
116.408 39.9611
116.403 39.9607
116.4 39.9577
116.402 39.9517
116.402 39.9426
116.402 39.9344
116.402 39.9334
116.403 39.9315
116.404 39.9254
116.405 39.9179
116.409 39.9174
116.414 39.9141
116.42 39.9141
116.43 39.906
116.43 39.906
116.438 39.8933
116.433 39.8702
116.433 39.8651
116.427 39.8647
116.424 39.8655
116.424 39.8695
116.433 39.8722
116.429 39.8799
116.434 39.8824
116.434 39.8896
116.433 39.8913
116.433 39.8954
116.427 39.8964
116.424 39.8959
116.422 39.8958
116.433 39.8989
116.442 39.902
116.442 39.9029
116.438 39.9065
116.429 39.9143
116.429 39.9215
116.426 39.9233
116.425 39.9237
116.425 39.9237
116.425 39.9237
116.425 39.9237
116.425 39.9237
116.425 39.9237
116.425 39.9237
116.425 39.9237
116.425 39.9237
116.425 39.9237
116.425 39.9237
116.425 39.9237
116.425 39.9237
116.425 39.9237
116.419 39.9329
116.409 39.9065
116.409 39.9065
116.393 39.9326
116.39 39.9365
116.388 39.943
116.388 39.9401
116.389 39.9391
116.398 39.9394
116.4 39.9394
116.406 39.9395
116.411 39.9365
116.411 39.9324
116.42 39.9325
116.437 39.9323
116.449 39.9324
116.454 39.9325
116.466 39.9324
116.466 39.9324
116.474 39.9301
116.474 39.9269
116.472 39.9297
116.465 39.9291
116.461 39.9281
116.461 39.9243
116.461 39.9243
116.46 39.922
116.456 39.9219
116.456 39.9219
116.455 39.9184
116.455 39.9089
116.45 39.9072
116.449 39.9126
116.455 39.9121
116.463 39.9153
116.463 39.9153
116.461 39.9216
116.472 39.9126
116.472 39.9074
116.472 39.9083
116.472 39.907
116.472 39.9025
116.469 39.8993
116.468 39.8993
116.458 39.8994
116.456 39.9032
116.456 39.9057
116.47 39.9086
116.472 39.9081
116.472 39.9206
116.472 39.9263
116.472 39.9323
116.465 39.9346
116.469 39.9368
116.463 39.9432
116.456 39.9457
116.449 39.9399
116.446 39.9399
116.443 39.9399
116.439 39.9425
116.439 39.9425
116.438 39.9401
116.449 39.9399
116.455 39.9348
116.455 39.9344
116.455 39.9327
116.461 39.9306
116.461 39.9281
116.461 39.923
116.456 39.9229
116.467 39.9344
116.468 39.9443
116.458 39.9425
116.458 39.9457
116.463 39.9467
116.463 39.9456
116.461 39.9496
116.457 39.9487
116.456 39.9485
116.443 39.9601
116.439 39.9688
116.444 39.9745
116.458 39.9731
116.46 39.9709
116.468 39.9667
116.473 39.9708
116.492 39.9792
116.498 39.9867
116.506 39.9931
116.502 39.9974
116.484 39.9871
116.484 39.9826
116.484 39.9725
116.484 39.9667
116.487 39.9633
116.487 39.9626
116.488 39.962
116.49 39.9611
116.493 39.9556
116.49 39.9527
116.487 39.9564
116.484 39.9577
116.472 39.9532
116.462 39.9475
116.462 39.9499
116.462 39.9538
116.462 39.9548
116.462 39.9558
116.462 39.9603
116.469 39.9668
116.477 39.9742
116.484 39.9719
116.486 39.9752
116.487 39.9738
116.484 39.9752
116.484 39.971
116.497 39.9705
116.511 39.9757
116.519 39.9763
116.519 39.9763
116.508 39.9742
116.508 39.9741
116.497 39.9706
116.487 39.9707
116.482 39.9723
116.472 39.9695
116.463 39.9619
116.453 39.9535
116.453 39.9535
116.447 39.9571
116.446 39.9577
116.453 39.9531
116.456 39.9553
116.454 39.953
116.456 39.9377
116.455 39.9188
116.456 39.9087
116.455 39.9056
116.455 39.9016
116.456 39.8952
116.452 39.8946
116.455 39.8948
116.456 39.8956
116.456 39.9126
116.463 39.9154
116.462 39.9157
116.456 39.9177
116.446 39.9217
116.44 39.923
116.435 39.9228
116.428 39.9335
116.423 39.9483
116.399 39.9477
116.399 39.9477
116.377 39.9476
116.374 39.9598
116.375 39.967
116.369 39.9699
116.365 39.9667
116.381 39.9667
116.393 39.9666
116.455 39.9445
116.455 39.9361
116.452 39.9324
116.445 39.9324
116.434 39.9323
116.429 39.9323
116.428 39.9245
116.429 39.9075
116.422 39.8993
116.417 39.8954
116.415 39.8959
116.413 39.8927
116.409 39.889
116.42 39.8919
116.428 39.8922
116.443 39.8921
116.456 39.8927
116.456 39.9044
116.456 39.9115
116.456 39.9222
116.456 39.9361
116.405 39.9676
116.383 39.9672
116.394 39.9867
116.401 39.9913
116.405 39.9975
116.409 39.9977
116.412 39.9936
116.418 39.9876
116.42 39.9873
116.453 39.9769
116.467 39.9743
116.478 39.9839
116.482 39.9879
116.493 39.9985
116.505 40.009
116.516 40.023
116.525 40.0361
116.53 40.0463
116.545 40.0603
116.551 40.0742
116.554 40.0928
116.556 40.1068
116.561 40.1157
116.584 40.1169
116.612 40.1164
116.623 40.1163
116.673 40.1145
116.691 40.123
116.721 40.1212
116.767 40.141
116.794 40.1465
116.843 40.1513
116.874 40.1519
116.904 40.1524
116.926 40.1514
116.957 40.1489
116.985 40.1422
117 40.1388
117.016 40.1437
117.013 40.1648
117.013 40.1832
117.045 40.1946
117.044 40.1852
117.043 40.1848
117.043 40.1849
117.043 40.1852
117.043 40.1849
117.074 40.1777
117.07 40.174
117.043 40.1851
117.043 40.1853
117.027 40.1457
117.108 40.0221
117.16 39.9299
117.041 40.1831
117.042 40.1835
117.043 40.1851
117.042 40.1849
117.04 40.1833
117.043 40.185
117.043 40.1851
117.035 40.1811
116.99 40.1647
116.997 40.1557
117.044 40.1859
117.044 40.1847
117.043 40.1851
117.049 40.1804
117.049 40.1815
117.049 40.1819
117.09 40.201
117.049 40.1815
117.046 40.1814
117.048 40.182
117.047 40.1823
117.065 40.1931
117.069 40.1951
117.077 40.1947
117.044 40.1849
117.059 40.1929
117.047 40.187
117.178 40.2584
117.043 40.1851
117.047 40.187
117.041 40.1842
117.041 40.1842
117.043 40.1851
117.05 40.1888
117.043 40.1851
117.055 40.1915
117.043 40.185
117.043 40.1851
117.044 40.1852
117.045 40.1857
117.047 40.1862
117.05 40.186
117.046 40.1869
117.043 40.1851
117.048 40.1851
117.048 40.1876
117.043 40.1851
117.043 40.1851
117.044 40.1863
117.043 40.185
117.043 40.1852
117.043 40.1851
117.043 40.185
117.064 40.1632
117.043 40.1851
117.043 40.1852
117.046 40.1837
117.036 40.1851
117.036 40.1873
117.036 40.1873
117.071 40.2164
117.061 40.2104
117.046 40.206
117.049 40.2006
117.045 40.1938
117.043 40.1851
117.043 40.185
117.043 40.1851
117.043 40.1849
117.043 40.185
117.043 40.1852
117.058 40.1868
117.064 40.1839
117.079 40.1754
117.094 40.1605
117.105 40.1493
117.101 40.1442
117.096 40.1466
117.105 40.1488
117.098 40.1587
117.082 40.1662
117.078 40.1769
117.077 40.1895
117.074 40.1975
117.075 40.1975
117.076 40.1924
117.075 40.1976
117.075 40.1976
117.074 40.1971
117.073 40.2011
117.073 40.2069
117.07 40.2159
117.071 40.2163
117.075 40.217
117.074 40.2169
117.06 40.2041
117.057 40.2007
117.068 40.2034
117.074 40.2109
117.074 40.2165
117.073 40.2064
117.06 40.204
117.057 40.2007
117.062 40.2042
117.072 40.2091
117.074 40.2167
117.06 40.2099
117.048 40.2032
117.045 40.1939
117.044 40.1853
117.04 40.1846
117.04 40.1849
117.04 40.1849
117.041 40.1851
117.041 40.1847
117.046 40.1872
117.051 40.1951
117.054 40.2008
117.054 40.2007
117.052 40.1951
117.046 40.1889
117.041 40.1848
117.04 40.1848
117.04 40.1853
117.04 40.1852
117.041 40.1844
117.041 40.1838
117.041 40.1842
117.04 40.1848
117.04 40.1848
117.04 40.1847
117.04 40.1847
117.04 40.1848
117.04 40.1847
117.04 40.1847
117.04 40.1847
117.04 40.1848
117.04 40.1847
117.04 40.1848
117.04 40.1848
117.041 40.1844
117.041 40.1848
117.043 40.186
117.041 40.1848
117.04 40.1848
117.04 40.1848
117.04 40.1846
117.039 40.184
117.039 40.184
117.041 40.1847
117.04 40.1848
117.04 40.1848
117.04 40.1848
117.04 40.1848
117.041 40.1847
117.041 40.1847
117.041 40.1848
117.041 40.1841
117.043 40.1855
117.041 40.1848
117.04 40.1848
117.041 40.1847
117.086 40.1272
117.086 40.1272
117.086 40.1272
117.086 40.1272
117.049 40.1998
117.052 40.206
117.052 40.206
117.067 40.2139
