116.382 39.9318
116.408 39.932
116.411 39.9383
116.402 39.9479
116.374 39.9489
116.362 40.0022
116.328 40.0477
116.332 40.0767
116.371 39.9856
116.484 39.9381
116.483 39.8765
116.493 39.8222
116.546 39.7745
116.6 39.7248
116.658 39.6764
116.695 39.6606
116.721 39.66
116.705 39.6594
116.701 39.661
116.656 39.6786
116.58 39.7385
116.522 39.8002
116.515 39.8083
116.542 39.8634
116.537 39.9335
116.537 39.9335
116.439 40.0183
116.355 40.0217
116.333 40.0769
116.307 40.0733
116.361 40.0039
116.376 39.9862
116.389 39.9612
116.405 39.9476
116.419 39.9329
116.42 39.9158
116.429 39.9085
116.448 39.9069
116.448 39.8978
116.449 39.8921
116.455 39.8922
116.589 39.9079
116.592 39.9121
116.576 39.9131
116.548 39.9149
116.522 39.9159
116.522 39.9159
116.505 39.9069
116.472 39.9072
116.446 39.8977
116.434 39.8885
116.433 39.8714
116.393 39.8654
116.394 39.8545
116.395 39.8343
116.394 39.8016
116.396 39.8032
116.396 39.8268
116.408 39.8409
116.408 39.8541
116.394 39.8621
116.368 39.8741
116.357 39.882
116.348 39.8714
116.382 39.8697
116.406 39.8703
116.415 39.869
116.415 39.869
116.415 39.869
116.415 39.869
116.415 39.869
116.409 39.8558
116.394 39.8417
116.396 39.8153
116.41 39.8039
116.399 39.8038
116.405 39.841
116.409 39.8414
116.415 39.8483
116.45 39.8624
116.455 39.8823
116.45 39.8832
116.45 39.8832
116.433 39.8704
116.428 39.864
116.426 39.86
116.43 39.849
116.426 39.8569
116.425 39.8601
116.425 39.8599
116.402 39.8708
116.344 39.8675
116.344 39.8675
116.344 39.8675
116.344 39.8675
116.357 39.8675
116.4 39.8705
116.42 39.8689
116.418 39.865
116.418 39.865
116.418 39.8666
116.418 39.8667
116.433 39.8673
116.439 39.8757
116.468 39.9036
116.468 39.9036
116.484 39.9504
116.488 39.9926
116.571 40.0389
116.582 40.0793
116.549 40.0277
116.472 39.978
116.452 39.9518
116.455 39.9442
116.455 39.9223
116.456 39.9005
116.456 39.9029
116.439 39.8997
116.434 39.8805
116.43 39.8671
116.43 39.8671
116.416 39.8644
116.343 39.8882
116.331 39.8869
116.344 39.8888
116.357 39.8946
116.357 39.882
116.358 39.8746
116.358 39.8666
116.373 39.8691
116.415 39.8693
116.415 39.8693
116.423 39.8696
116.392 39.8704
116.351 39.8671
116.343 39.8963
116.351 39.9114
116.35 39.9295
116.33 39.9371
116.337 39.931
116.347 39.9198
116.347 39.9078
116.347 39.8972
116.347 39.8818
116.358 39.8692
116.308 39.8663
116.29 39.876
116.315 39.8878
116.342 39.8815
116.358 39.8661
116.401 39.8704
116.412 39.8685
116.425 39.8612
116.427 39.8508
116.445 39.859
116.468 39.8831
116.468 39.8831
116.446 39.8834
116.43 39.9043
116.415 39.9069
116.393 39.9064
116.37 39.9072
116.376 39.9121
116.395 39.922
116.419 39.9138
116.411 39.9244
116.411 39.9389
116.417 39.9479
116.42 39.9325
116.426 39.9228
116.426 39.9228
116.43 39.9089
116.446 39.9069
116.455 39.897
116.456 39.9132
116.456 39.9132
116.456 39.9398
116.448 39.9469
116.444 39.9327
116.436 39.9398
116.423 39.9418
116.42 39.9327
116.42 39.9194
116.42 39.9071
116.41 39.9069
116.406 39.9067
116.378 39.8946
116.378 39.8888
116.384 39.882
116.391 39.8768
116.417 39.8699
116.419 39.8668
116.418 39.8668
116.44 39.879
116.457 39.8873
116.448 39.8817
116.454 39.8669
116.427 39.86
116.419 39.857
116.432 39.8633
116.426 39.8646
116.433 39.8705
116.428 39.8646
116.416 39.8699
116.426 39.8575
116.426 39.8575
116.426 39.8575
116.426 39.8575
116.376 39.8695
116.343 39.8892
116.315 39.8988
116.311 39.8956
116.316 39.895
116.338 39.8962
116.342 39.8691
116.358 39.8668
116.395 39.8701
116.415 39.8684
116.431 39.8606
116.433 39.8562
116.433 39.8562
116.432 39.8613
116.422 39.8575
116.417 39.8509
116.417 39.8567
116.422 39.8524
116.421 39.8636
116.417 39.8702
116.369 39.8695
116.376 39.8693
116.414 39.8684
116.425 39.8574
116.396 39.8633
116.411 39.8682
116.415 39.8684
116.415 39.8684
116.415 39.8684
116.415 39.8684
116.483 39.9089
116.455 39.9045
116.433 39.8925
116.454 39.8922
116.483 39.892
116.497 39.8941
116.461 39.8993
116.463 39.9064
116.458 39.9074
116.437 39.9072
116.415 39.9012
116.406 39.8995
116.406 39.8906
116.415 39.8702
116.415 39.8684
116.424 39.8625
116.417 39.8564
116.405 39.8525
116.413 39.8549
116.418 39.8659
116.419 39.8676
116.418 39.8673
116.418 39.8671
116.399 39.8707
116.343 39.8882
116.373 39.869
116.407 39.8687
116.445 39.8701
116.459 39.8734
116.45 39.8832
116.418 39.8642
116.425 39.86
116.415 39.866
116.412 39.898
116.426 39.8994
116.443 39.8804
116.42 39.8797
116.395 39.8907
116.361 39.888
116.331 39.8962
116.342 39.8879
116.347 39.8963
116.351 39.9124
116.349 39.9312
116.359 39.9393
116.367 39.9403
116.355 39.9657
116.363 39.9798
116.364 39.9999
116.331 40.0358
116.312 40.0287
116.334 40.0371
116.318 40.0604
116.334 40.0733
116.302 40.0824
116.264 40.1216
116.286 40.1006
116.362 40.0022
116.375 39.9756
116.371 39.9477
116.367 39.9376
116.367 39.9376
116.35 39.9287
116.352 39.9076
116.357 39.8944
116.342 39.8887
116.327 39.8477
116.342 39.8481
116.378 39.8598
116.404 39.8705
116.437 39.869
116.463 39.8587
116.439 39.8576
116.417 39.8643
116.37 39.8696
116.365 39.8802
116.368 39.8876
116.368 39.8974
116.323 39.8958
116.303 39.883
116.327 39.8666
116.356 39.8652
116.331 39.8478
116.312 39.8468
116.312 39.8468
116.334 39.8474
116.381 39.8591
116.414 39.8408
116.4 39.8452
116.391 39.8253
116.391 39.8253
116.39 39.8173
116.396 39.8282
116.396 39.8396
116.391 39.8522
116.309 39.8822
116.369 39.894
116.319 39.9043
116.319 39.9043
116.304 39.9248
116.304 39.9248
116.304 39.9248
116.304 39.9248
116.304 39.9248
116.304 39.9248
116.304 39.9248
116.304 39.9248
116.304 39.9248
116.304 39.9248
116.304 39.9248
116.304 39.9248
116.304 39.9248
116.304 39.9248
116.418 39.8669
116.419 39.864
116.415 39.8822
116.413 39.905
116.406 39.896
116.386 39.899
116.393 39.889
116.415 39.8747
116.418 39.8668
116.374 39.8694
116.433 39.8695
116.416 39.8571
116.415 39.8733
116.412 39.8991
116.39 39.9063
116.372 39.9109
116.389 39.897
116.403 39.8912
116.414 39.8832
116.414 39.8832
116.434 39.883
116.439 39.8854
116.412 39.8919
116.364 39.8882
116.343 39.892
116.304 39.9052
116.304 39.931
116.279 39.9313
116.269 39.9274
116.268 39.9016
116.272 39.8719
116.303 39.8655
116.411 39.9934
116.411 39.9659
116.412 39.9534
116.41 39.9498
116.41 39.9498
116.411 39.9327
116.411 39.9203
116.428 39.9141
116.449 39.892
116.472 39.8919
