116.341 39.8961
116.342 39.8916
116.34 39.9479
116.315 39.9226
116.29 39.9228
116.279 39.9238
116.317 39.8961
116.317 39.8961
116.296 39.8956
116.313 39.8957
116.311 39.901
116.299 39.896
116.271 39.8966
116.248 39.871
116.247 39.8853
116.232 39.8885
116.156 39.76
116.171 39.7676
116.202 39.8142
116.202 39.8142
116.204 39.8
116.218 39.7645
116.231 39.7681
116.28 39.7424
116.301 39.7238
116.339 39.716
116.34 39.7166
108.944 28.4687
108.944 28.4687
116.34 39.7165
116.34 39.7166
116.34 39.7237
116.329 39.8048
116.287 39.9815
116.281 39.9655
116.35 39.9387
116.359 39.937
116.353 39.9141
116.349 39.9126
116.344 39.906
116.317 39.9098
116.317 39.8972
116.289 39.8962
116.343 39.9317
116.354 39.9436
116.399 39.9476
116.427 39.9465
116.427 39.9465
116.434 39.9401
116.436 39.945
116.426 39.9544
116.403 39.9678
116.377 39.9716
116.26 39.9278
116.282 39.906
116.277 39.9126
116.277 39.9169
116.277 39.9165
116.289 39.9089
116.286 39.9064
116.26 39.9026
116.247 39.8992
116.58 40.0482
116.504 39.9865
116.537 39.9298
116.512 39.8358
116.492 39.9065
116.523 39.9017
116.521 39.8926
116.521 39.8927
116.521 39.8927
116.521 39.8927
116.489 39.892
116.506 39.8625
116.495 39.8728
116.481 39.8606
116.481 39.8606
116.48 39.8605
116.484 39.8768
116.484 39.9027
116.493 39.9142
116.499 39.9144
116.516 39.9119
116.483 39.9052
116.481 39.8586
116.467 39.838
116.458 39.8328
116.419 39.8306
116.428 39.8306
116.447 39.8207
116.45 39.8276
116.449 39.8126
116.445 39.7992
116.443 39.7798
116.42 39.765
116.379 39.7631
116.34 39.7618
116.338 39.742
116.333 39.7334
116.331 39.7306
116.331 39.7306
116.326 39.728
116.336 39.7209
116.34 39.7165
116.34 39.7165
116.34 39.7165
116.34 39.7165
116.34 39.7165
116.34 39.7165
116.34 39.7165
116.34 39.7165
116.34 39.7165
116.34 39.7165
116.34 39.7165
116.34 39.7165
116.34 39.7165
116.34 39.7165
116.34 39.7165
116.34 39.7165
116.34 39.7165
116.34 39.7165
116.34 39.7165
116.339 39.7159
116.333 39.7353
116.325 39.7681
116.324 39.7978
116.329 39.807
116.329 39.8133
116.328 39.8134
116.329 39.8135
116.33 39.8134
116.333 39.8298
116.278 39.8462
116.268 39.9038
116.269 39.9631
116.3 39.9814
116.322 39.9912
116.322 39.9912
116.405 39.9245
116.4 39.9126
116.395 39.8991
116.385 39.8885
116.383 39.8881
116.381 39.8849
116.378 39.8954
116.385 39.9004
116.387 39.9218
116.39 39.9352
116.389 39.9476
116.401 39.956
116.393 39.9558
116.406 39.9677
116.406 39.9677
116.449 39.9433
116.462 39.95
116.484 39.9453
116.484 39.9453
116.484 39.9165
116.482 39.8693
116.477 39.8448
116.446 39.8314
116.41 39.8313
116.373 39.8308
116.373 39.8375
116.365 39.8528
116.349 39.9404
116.298 39.9434
116.282 39.9582
116.286 39.9808
116.3 39.9819
116.3 39.9817
116.296 39.9716
116.303 39.9509
116.319 39.9337
116.322 39.9219
116.328 39.9205
116.328 39.9152
116.321 39.9098
116.321 39.9098
116.269 39.9198
116.259 39.9166
116.335 39.9216
116.338 39.9074
116.339 39.9018
116.347 39.8982
116.351 39.8879
116.354 39.8766
116.354 39.8669
116.363 39.8641
116.394 39.8703
116.44 39.8801
116.43 39.9078
116.452 39.9134
116.455 39.9088
116.368 39.8967
116.361 39.8982
116.342 39.8848
116.341 39.8721
116.339 39.8077
116.337 39.7584
116.339 39.7351
116.339 39.716
116.34 39.7163
116.34 39.7165
116.34 39.7165
116.34 39.7165
116.34 39.7165
116.34 39.7165
116.34 39.7165
116.34 39.7165
116.34 39.7165
116.34 39.7165
116.34 39.7165
116.34 39.7165
116.34 39.7165
116.34 39.7165
116.34 39.7165
116.34 39.7165
116.34 39.7165
116.34 39.7165
116.339 39.72
116.337 39.7208
116.34 39.7166
116.34 39.7165
116.339 39.7182
116.331 39.751
116.328 39.7713
116.331 39.7893
116.33 39.8203
116.308 39.8852
116.293 39.8832
116.289 39.906
116.275 39.8958
116.243 39.8962
116.242 39.8962
116.226 39.9027
116.208 39.8993
116.224 39.8922
116.245 39.8883
116.259 39.9159
116.268 39.907
116.253 39.9026
116.233 39.888
116.233 39.8881
116.253 39.8882
116.258 39.8711
116.258 39.8711
116.241 39.8556
116.22 39.8453
116.21 39.8437
116.204 39.8218
116.181 39.8068
116.155 39.8088
116.15 39.8085
116.138 39.7994
116.144 39.8018
116.153 39.8022
116.168 39.8002
116.164 39.7697
116.193 39.7628
116.154 39.7567
116.142 39.7402
116.149 39.7493
116.191 39.7627
116.244 39.7685
116.291 39.724
116.327 39.7221
116.34 39.7167
116.339 39.7161
116.332 39.7449
116.325 39.7711
116.327 39.7893
116.329 39.8042
116.588 40.0774
116.582 40.0767
116.579 40.0626
116.567 40.0708
116.566 40.0712
116.564 40.0711
116.563 40.0701
116.583 40.0608
116.583 40.0606
116.583 40.063
116.582 40.0633
116.583 40.063
116.582 40.0648
116.582 40.0648
116.582 40.0648
116.582 40.0651
116.582 40.0651
116.582 40.0651
116.582 40.0651
116.582 40.0652
116.582 40.0652
116.582 40.0652
116.582 40.0694
116.582 40.0696
116.581 40.0765
116.582 40.0763
116.582 40.0763
116.582 40.0746
116.583 40.0761
116.586 40.0766
116.436 39.9586
116.426 39.9535
116.405 39.9479
116.354 39.9439
116.347 39.9343
116.52 39.9654
116.52 39.9654
116.54 39.9012
116.531 39.847
116.503 39.835
116.501 39.826
116.497 39.8295
116.453 39.861
116.452 39.861
116.416 39.8604
116.376 39.8696
116.365 39.8643
116.45 39.8819
116.454 39.868
116.43 39.8646
116.366 39.8446
116.341 39.8307
116.357 39.7925
116.354 39.7666
116.338 39.7503
116.338 39.7268
116.34 39.7165
116.34 39.7167
116.34 39.7167
116.34 39.7167
116.34 39.7167
116.34 39.7167
116.34 39.7167
116.34 39.7167
116.34 39.7167
116.34 39.7167
116.34 39.7167
116.34 39.7167
116.34 39.7167
116.34 39.7167
116.34 39.7166
116.34 39.7165
116.34 39.7166
116.334 39.7114
116.32 39.6814
116.321 39.6715
116.318 39.6661
116.301 39.6628
116.302 39.6624
116.302 39.6624
116.302 39.663
116.303 39.6628
116.304 39.6637
116.304 39.6637
116.303 39.6634
116.3 39.6606
116.3 39.6606
116.3 39.6606
116.3 39.6606
116.3 39.6606
116.3 39.6607
116.302 39.6628
116.302 39.6628
116.302 39.6628
116.301 39.6619
116.301 39.6628
116.301 39.6628
116.301 39.6619
116.301 39.6627
116.302 39.6629
116.302 39.663
116.302 39.663
116.302 39.663
116.321 39.681
116.326 39.7035
116.34 39.7166
116.34 39.7165
116.34 39.7165
116.34 39.7165
116.34 39.7165
116.34 39.7165
116.34 39.7165
116.34 39.7165
116.34 39.7165
116.34 39.7165
116.34 39.7165
116.34 39.7165
116.34 39.7165
116.34 39.7164
116.34 39.7165
116.34 39.7167
116.34 39.7166
116.34 39.7147
116.324 39.7017
116.307 39.6647
116.284 39.6513
116.257 39.6627
116.241 39.6726
116.241 39.6725
116.241 39.6725
116.241 39.6725
116.241 39.6725
116.241 39.6725
116.241 39.6725
116.241 39.6725
116.272 39.6626
116.284 39.6513
116.284 39.6513
116.284 39.6513
116.284 39.6513
116.284 39.6513
116.284 39.6513
116.284 39.6513
116.284 39.6513
116.284 39.6513
116.284 39.6513
116.284 39.6513
116.284 39.6513
116.284 39.6513
116.284 39.6513
116.284 39.6513
116.284 39.6513
116.284 39.6513
116.284 39.6513
116.284 39.6513
116.284 39.6513
116.284 39.6513
116.284 39.6513
116.284 39.6513
116.284 39.6513
116.284 39.6513
116.284 39.6513
116.284 39.6513
116.281 39.651
116.256 39.6679
116.241 39.6726
116.254 39.6734
116.286 39.6879
116.323 39.7012
116.339 39.7099
116.34 39.7165
116.34 39.7165
116.34 39.7165
116.34 39.7165
116.34 39.7165
116.34 39.7165
116.34 39.7165
116.34 39.7165
116.34 39.7165
116.34 39.7165
116.34 39.7165
116.34 39.7165
116.34 39.7165
116.34 39.7165
116.34 39.7165
116.34 39.7165
116.34 39.7165
116.34 39.7165
116.34 39.7165
116.34 39.7165
116.34 39.7165
116.34 39.7165
116.34 39.7165
116.34 39.7165
116.34 39.7168
116.336 39.721
116.333 39.7247
116.327 39.736
116.326 39.7586
116.325 39.7759
116.3 39.8297
116.287 39.8402
116.293 39.8412
116.154 39.8039
116.171 39.8035
116.75 40
116.19 39.8074
116.2 39.8366
116.206 39.843
116.214 39.8441
116.231 39.8503
116.28 39.868
116.334 39.7945
116.329 39.8072
116.329 39.8072
116.315 39.8177
116.307 39.8267
116.315 39.884
116.295 39.8832
116.295 39.8831
116.295 39.8831
116.295 39.8901
116.289 39.8743
116.281 39.8645
116.272 39.8715
116.242 39.8885
116.259 39.9054
116.239 39.8961
116.222 39.8972
116.212 39.8986
116.224 39.896
116.246 39.8883
116.258 39.8784
116.232 39.8535
116.233 39.8362
116.241 39.8557
116.208 39.9007
116.211 39.9027
116.233 39.9062
116.261 39.9062
116.271 39.906
116.289 39.8974
116.289 39.8744
116.288 39.865
116.323 39.8986
116.337 39.8918
116.366 39.8773
116.405 39.9079
116.412 39.9
116.414 39.8849
116.415 39.8642
116.425 39.8608
