116.42 39.8991
116.409 39.8917
116.386 39.8887
116.379 39.8882
116.384 39.8848
116.375 39.888
116.358 39.888
116.357 39.8871
116.357 39.8874
116.367 39.898
116.367 39.898
116.378 39.8894
116.383 39.8848
116.413 39.8858
116.415 39.8807
116.403 39.8638
116.414 39.864
116.422 39.8992
116.437 39.9067
116.445 39.907
116.449 39.9076
116.444 39.9252
116.449 39.9344
116.451 39.955
116.424 39.9681
116.412 39.9679
116.396 39.9737
116.404 39.9673
116.41 39.9675
116.418 39.9741
116.418 39.9708
116.419 39.9702
116.418 39.9869
116.412 40.0012
116.412 40.0012
116.411 40.0071
116.413 40.0271
116.427 40.021
116.412 40.0245
116.408 40.0414
116.406 40.0462
116.384 40.0213
116.302 39.9596
116.303 39.9503
116.304 39.9423
116.303 39.9376
116.304 39.9334
116.304 39.9189
116.304 39.9082
116.304 39.8957
116.319 39.8954
116.323 39.9013
116.328 39.9014
116.344 39.9018
116.341 39.8982
116.341 39.904
116.347 39.9114
116.35 39.91
116.378 39.9058
116.383 39.906
116.391 39.9062
116.395 39.9064
116.411 39.9068
116.439 39.907
116.439 39.907
116.468 39.9122
116.486 39.9141
116.505 39.9139
116.512 39.9154
116.511 39.9356
116.511 39.9416
116.535 39.9415
116.501 39.9905
116.453 40.0228
116.476 40.0782
116.489 40.1126
116.504 40.1661
116.503 40.1762
116.498 40.1753
116.498 40.174
116.5 40.1772
116.5 40.1773
116.5 40.1773
116.5 40.1773
116.5 40.1773
116.5 40.1773
116.5 40.1773
116.5 40.1773
116.5 40.1773
116.5 40.1773
116.5 40.1773
116.5 40.1773
116.5 40.1773
116.5 40.1773
116.5 40.1773
116.5 40.1773
116.5 40.1773
116.5 40.1773
116.5 40.1773
116.502 40.1775
116.502 40.1774
116.502 40.1774
116.502 40.1774
116.502 40.1774
116.502 40.1774
116.502 40.1774
116.502 40.1774
116.502 40.1774
116.502 40.1774
116.502 40.1774
116.502 40.1774
116.502 40.1774
116.502 40.1774
116.502 40.1774
116.502 40.1774
116.502 40.1774
116.502 40.1774
116.502 40.1774
116.502 40.1774
116.502 40.1774
116.502 40.1774
116.502 40.1774
116.502 40.1774
116.502 40.1775
116.496 40.1677
116.485 40.1479
116.449 40.1076
116.428 40.0876
116.407 40.0833
116.415 40.0748
116.423 40.0658
116.417 40.0608
116.422 40.0593
116.427 40.0489
116.42 40.0374
116.421 40.0421
116.41 40.0363
116.41 40.0107
116.41 40.0069
116.42 39.9678
116.434 39.9583
116.438 39.9539
116.434 39.9533
116.43 39.9632
116.43 39.9632
116.444 39.9595
116.456 39.9294
116.468 39.8994
116.45 39.8977
116.442 39.8925
116.439 39.8938
116.455 39.892
116.459 39.8899
116.452 39.9032
116.451 39.8976
116.439 39.8956
116.431 39.8989
116.421 39.9071
116.398 39.9065
116.374 39.9059
116.353 39.9063
116.319 39.9063
116.297 39.9065
116.291 39.9194
116.32 39.9221
116.32 39.9221
116.328 39.9171
116.335 39.906
116.367 39.9056
116.39 39.9061
116.408 39.9066
116.444 39.907
116.471 39.9056
116.457 39.9073
116.456 39.9022
116.455 39.8954
116.43 39.904
116.399 39.9066
116.37 39.9073
116.368 39.9134
116.372 39.9263
116.362 39.9312
116.328 39.9312
116.302 39.9312
116.296 39.9412
116.302 39.931
116.328 39.9749
116.327 39.9906
116.347 39.9894
116.353 39.9802
116.353 39.9802
116.373 39.9795
116.364 39.9688
116.342 39.9664
116.322 39.9661
116.302 39.9637
116.301 39.9809
116.319 39.9749
116.333 39.9684
116.33 39.9664
116.33 39.9503
116.33 39.9523
116.349 39.9323
116.35 39.919
116.35 39.8984
116.318 39.8961
116.323 39.9001
116.325 39.9013
116.333 39.8964
116.318 39.8924
116.31 39.8861
116.305 39.8985
116.307 39.9056
116.318 39.8982
116.318 39.8982
116.323 39.8961
116.336 39.896
116.331 39.8869
116.333 39.8872
116.344 39.8878
116.357 39.8852
116.358 39.8741
116.362 39.8573
116.359 39.8587
116.36 39.869
116.343 39.8907
116.32 39.8959
116.311 39.8959
116.262 39.8958
116.207 39.8955
116.19 39.9062
116.176 39.9061
116.17 39.9061
116.192 39.9061
116.22 39.9062
116.245 39.9061
116.258 39.9061
116.269 39.9286
116.269 39.9286
116.279 39.9742
116.329 39.9848
116.353 39.9856
116.387 39.9866
116.424 39.9876
116.431 39.9824
116.423 39.9679
116.455 39.9509
116.455 39.9368
116.472 39.9272
116.472 39.9153
116.456 39.9147
116.456 39.9316
116.449 39.9291
116.449 39.9291
116.449 39.9365
116.462 39.95
116.46 39.9586
116.443 39.9601
116.419 39.9722
116.423 39.9874
116.45 40.0161
116.476 40.0658
116.487 40.0992
116.492 40.1404
116.496 40.1602
116.508 40.1638
116.504 40.1754
116.504 40.1754
116.493 40.1531
116.487 40.1009
116.444 40.0808
116.414 40.0537
116.403 40.0463
116.422 40.0419
116.416 40.035
116.408 40.023
116.365 39.9532
116.364 39.966
116.333 39.9664
116.3 39.9735
116.317 39.9749
116.327 39.9752
116.347 39.9701
116.364 39.9671
116.355 39.9526
116.352 39.9432
116.34 39.9444
116.316 39.9627
116.311 39.9778
116.327 39.9751
116.342 39.9729
116.347 39.962
116.35 39.9417
116.35 39.9293
116.351 39.9112
116.326 39.8959
116.326 39.8959
116.306 39.8951
116.32 39.8955
116.353 39.8978
116.376 39.8986
116.394 39.9062
116.404 39.9065
116.418 39.9034
116.412 39.9098
116.406 39.9093
116.398 39.8994
116.392 39.9064
116.389 39.9063
116.385 39.9062
116.383 39.9062
116.37 39.9085
116.363 39.913
116.356 39.9226
116.349 39.9539
116.321 39.9663
116.314 39.9712
116.339 39.975
116.349 39.9539
116.35 39.9297
116.35 39.9297
116.357 39.9171
116.357 39.9131
116.368 39.9099
116.361 39.9105
116.35 39.9045
116.322 39.8959
116.316 39.899
116.323 39.9041
116.369 39.9056
116.372 39.9028
116.386 39.9061
116.411 39.9068
116.454 39.907
116.449 39.9559
116.443 39.964
116.445 39.9583
116.459 39.9578
116.464 39.9799
116.462 39.9956
116.461 40.0183
116.454 40.0333
116.456 40.0477
116.46 40.0681
116.471 40.089
116.471 40.089
116.489 40.1109
116.489 40.13
116.494 40.1579
116.504 40.1754
116.504 40.1754
116.504 40.1754
116.504 40.1754
116.504 40.1754
116.504 40.1754
116.504 40.1754
116.504 40.1754
116.504 40.1754
116.504 40.1754
116.504 40.1754
116.504 40.1754
116.504 40.1754
116.504 40.1754
116.504 40.1754
116.504 40.1754
116.504 40.1754
116.504 40.1754
116.504 40.1754
116.504 40.1754
116.504 40.1754
116.504 40.1754
116.504 40.1754
116.504 40.1754
116.504 40.1754
116.504 40.1752
116.503 40.1734
116.503 40.1731
116.503 40.1731
116.498 40.174
116.494 40.1671
116.494 40.1671
116.493 40.1544
116.489 40.1297
116.491 40.1459
116.487 40.1738
116.488 40.1737
116.488 40.1737
116.488 40.1737
116.488 40.1737
116.488 40.1737
116.488 40.1737
116.488 40.1737
116.488 40.1737
116.488 40.1737
116.488 40.1737
116.501 40.1742
116.501 40.1653
116.489 40.1297
116.491 40.1445
116.509 40.1641
116.504 40.1754
116.504 40.1754
116.504 40.1754
116.504 40.1754
116.504 40.1754
116.504 40.1754
116.504 40.1754
116.504 40.1754
116.504 40.1754
116.504 40.1754
116.504 40.1754
116.504 40.1754
116.504 40.1754
116.504 40.1754
116.504 40.1754
116.504 40.1754
116.504 40.1754
116.504 40.1754
116.504 40.1754
116.504 40.1754
116.504 40.1754
116.504 40.1754
116.504 40.1754
116.504 40.1754
116.504 40.1754
116.506 40.1761
116.502 40.1773
116.502 40.1775
116.504 40.1737
116.491 40.1447
116.486 40.095
116.447 40.0812
116.427 40.0678
116.425 40.0662
116.424 40.0684
116.43 40.0698
116.408 40.0729
116.429 40.0675
116.422 40.0626
116.405 40.0455
116.405 40.0455
116.411 40.018
116.411 39.9852
116.412 39.9684
116.41 39.9498
116.427 39.9344
116.42 39.928
116.403 39.9323
116.403 39.9323
116.403 39.9323
116.402 39.9396
116.402 39.9603
116.401 39.981
116.366 39.9862
116.321 39.9848
116.31 39.9801
116.319 39.9795
116.328 39.9682
116.334 39.9609
116.342 39.949
116.371 39.9212
116.376 39.909
116.376 39.907
116.353 39.9072
116.353 39.9072
116.356 39.9126
116.371 39.9121
116.375 39.9147
116.371 39.9212
116.367 39.9289
116.382 39.9318
116.401 39.9319
116.405 39.9241
116.397 39.9139
116.397 39.9065
116.397 39.9065
116.396 39.9065
116.396 39.9065
116.395 39.9064
116.387 39.9062
116.368 39.9075
116.368 39.899
116.383 39.8985
116.388 39.8923
116.37 39.8882
116.359 39.888
116.351 39.8882
116.316 39.8921
116.332 39.8959
116.336 39.8907
116.322 39.8831
116.319 39.8887
116.304 39.8774
116.31 39.8858
116.305 39.8861
116.304 39.9006
116.33 39.906
116.37 39.9046
116.368 39.9048
116.368 39.9091
116.367 39.9212
116.367 39.9381
116.374 39.9465
116.424 39.9483
116.429 39.914
116.419 39.9046
116.412 39.906
116.411 39.9217
116.429 39.9266
116.428 39.9337
116.453 39.94
116.473 39.9534
116.491 39.9605
116.483 39.9573
116.483 39.9573
116.484 39.9707
116.485 39.9725
116.485 39.9725
116.486 39.9789
116.472 39.9866
116.466 39.983
116.464 39.9855
116.462 39.9943
116.461 40.0179
116.46 40.0235
116.457 40.0323
116.46 40.0605
116.462 40.0823
116.489 40.1173
116.502 40.166
116.502 40.1772
116.497 40.1752
116.465 40.1751
116.462 40.1471
116.448 40.1173
116.398 40.1136
116.36 40.1128
116.36 40.1128
116.36 40.1127
116.36 40.1127
116.36 40.1127
116.36 40.1127
116.36 40.1127
116.36 40.1127
116.36 40.1127
116.36 40.1127
116.36 40.1127
116.36 40.1127
116.36 40.1127
116.36 40.1127
116.36 40.1127
116.36 40.1127
116.36 40.1127
116.36 40.1127
116.36 40.1127
116.36 40.1127
116.36 40.1127
116.36 40.1127
116.36 40.1127
116.387 40.1148
116.425 40.1168
116.457 40.1254
116.476 40.1362
116.495 40.1583
116.508 40.164
116.504 40.1754
116.504 40.1754
116.504 40.1754
116.504 40.1754
116.504 40.1754
116.504 40.1754
116.504 40.1754
116.504 40.1754
116.504 40.1754
116.504 40.1754
116.504 40.1754
116.496 40.1599
116.488 40.1039
116.446 40.0811
116.43 40.0635
116.402 40.0461
116.416 40.0359
116.416 40.0334
116.412 40.0266
116.411 40.0149
116.404 40.0049
116.404 40.0047
116.434 40.0196
116.509 40.0109
116.548 40.0272
116.572 40.0399
116.586 40.0789
116.58 40.0789
116.582 40.1027
116.569 40.1167
116.539 40.0996
116.477 40.0932
116.426 40.065
116.42 40.063
116.42 40.063
116.41 40.065
116.403 40.0656
116.406 40.0566
116.403 40.0226
116.498 40.0015
116.569 40.037
116.583 40.076
116.58 40.0797
116.55 40.1117
116.555 40.1009
116.593 40.1459
116.543 40.1457
116.498 40.1342
116.476 40.0928
116.436 40.0775
116.428 40.0753
116.415 40.0731
116.407 40.0574
116.399 40.0461
116.404 40.0461
116.408 40.0398
116.408 40.0398
116.417 40.0401
116.408 40.0559
116.403 40.0728
116.406 40.0686
116.415 40.0746
116.426 40.0736
116.43 40.0663
116.417 40.0634
116.408 40.0566
116.384 40.0554
116.361 40.0446
116.349 40.0289
116.346 40.0174
116.343 40.0021
116.359 39.9943
116.363 39.9787
116.364 39.9606
116.365 39.9566
116.319 39.9311
116.323 39.9221
116.327 39.9268
116.339 39.9219
116.339 39.9219
116.36 39.9127
116.358 39.9128
116.356 39.9224
116.352 39.9223
116.372 39.9263
116.373 39.941
116.389 39.939
116.402 39.9394
116.419 39.9444
116.419 39.9539
116.415 39.9723
116.412 39.9681
116.418 39.9871
116.45 39.9806
116.457 39.9959
116.462 40.0021
116.458 40.0071
116.458 39.9957
116.475 40.0134
116.524 40.019
116.584 40.0529
116.583 40.0795
116.583 40.0795
116.582 40.0911
116.582 40.1165
116.561 40.1174
116.549 40.1171
116.537 40.1459
116.523 40.1488
116.504 40.17
116.504 40.1754
116.504 40.1754
116.5 40.1699
116.504 40.1754
116.504 40.1754
116.504 40.1754
116.504 40.1754
116.504 40.1754
116.504 40.1754
116.504 40.1754
116.504 40.1754
116.504 40.1754
116.504 40.1754
116.504 40.1754
116.504 40.1754
116.504 40.1754
116.504 40.1754
116.502 40.1768
116.502 40.1772
116.502 40.1772
116.502 40.1772
116.502 40.1772
116.505 40.1744
116.472 40.1749
116.462 40.1484
116.433 40.0922
116.43 40.0704
116.431 40.0703
116.43 40.0648
116.427 40.0635
116.411 40.0584
116.405 40.0488
116.39 40.0311
116.376 40.0305
116.36 40.0301
116.345 40.0225
116.372 39.9868
116.373 39.947
116.427 39.9467
116.42 39.9164
116.412 39.9166
116.434 39.9227
116.492 39.9143
116.521 39.9159
116.52 39.916
116.52 39.916
116.492 39.9146
116.479 39.9325
116.468 39.9402
116.469 39.9363
116.467 39.9415
116.451 39.9508
116.472 39.9696
116.491 39.9867
116.51 40.0061
116.484 39.9868
116.483 39.9699
116.483 39.9791
116.481 39.9732
116.476 39.9546
116.466 39.9414
116.46 39.9425
116.446 39.9466
116.443 39.9495
116.443 39.9495
116.447 39.9501
116.458 39.9515
116.453 39.9539
116.418 39.9705
116.415 39.9781
116.414 39.9839
116.41 39.9884
116.41 39.9861
116.41 39.9861
116.412 39.9569
116.407 39.9556
116.412 39.9578
116.419 39.9483
116.429 39.9077
116.434 39.8694
116.432 39.8582
116.439 39.8602
116.441 39.8704
116.45 39.8742
116.443 39.8833
116.419 39.8801
116.415 39.8766
116.413 39.8991
116.412 39.9076
116.414 39.9228
116.434 39.9225
116.438 39.9251
116.429 39.9231
116.418 39.9038
116.41 39.9018
116.406 39.8961
116.408 39.8957
116.418 39.8958
116.413 39.8917
116.413 39.8917
116.411 39.8719
116.393 39.8609
116.381 39.8509
116.36 39.8497
116.367 39.8492
116.372 39.8387
116.372 39.8386
116.381 39.8543
116.394 39.8596
116.414 39.8698
116.436 39.8913
116.427 39.8924
116.412 39.8958
116.401 39.9063
116.397 39.9176
116.372 39.9213
116.359 39.9225
116.35 39.9268
116.32 39.9377
116.318 39.945
116.334 39.9367
116.355 39.9391
116.388 39.9474
116.389 39.9585
116.389 39.9585
116.393 39.9558
116.398 39.9607
116.402 39.948
116.402 39.9574
116.428 39.9337
116.437 39.8914
116.45 39.8839
116.401 39.9102
116.394 39.9221
116.388 39.9412
116.449 39.9801
116.457 39.9959
116.448 39.9999
116.461 40.0143
116.475 40.0418
116.479 40.0933
116.493 40.1375
116.485 40.1722
116.485 40.1722
116.488 40.1737
116.488 40.1736
116.488 40.1736
116.502 40.1767
116.502 40.1772
116.503 40.1772
116.503 40.1772
116.503 40.1772
116.503 40.1772
116.503 40.1772
116.503 40.1772
116.503 40.1772
116.502 40.1772
116.502 40.1772
116.502 40.1772
116.502 40.1771
116.502 40.1771
116.502 40.1771
116.502 40.1771
116.502 40.1771
116.502 40.1771
116.502 40.1771
116.502 40.1771
116.502 40.1771
116.502 40.1771
116.502 40.1771
116.502 40.1771
116.502 40.1771
116.502 40.1771
116.502 40.1771
116.502 40.1771
116.502 40.1771
116.502 40.1771
116.502 40.1771
116.502 40.1771
116.502 40.1772
116.502 40.1772
116.502 40.1772
116.509 40.1641
116.479 40.1405
116.456 40.1227
116.456 40.1227
116.432 40.0992
116.428 40.0714
116.411 40.0583
116.408 40.0401
116.416 40.0409
116.415 40.0403
116.397 40.0359
116.365 40.0289
116.351 40.0321
116.336 40.0379
116.309 40.0361
116.341 40.0298
116.351 40.0172
116.374 39.981
116.365 39.9507
116.366 39.9425
116.373 39.9544
116.337 40.0384
116.339 40.0324
116.353 40.0149
116.353 40.0149
116.362 40.0018
116.376 39.9862
116.417 39.982
116.411 39.9925
116.411 40.0076
116.423 40.026
116.415 40.0271
116.433 40.0308
116.444 40.0314
116.421 40.0416
116.42 40.0405
116.442 40.0249
116.433 40.0308
116.442 40.0244
116.428 40.0379
116.421 40.0422
116.421 40.0422
116.421 40.0422
116.416 40.0403
116.411 40.0247
116.401 39.9919
116.401 39.9609
116.401 39.9503
116.391 39.9503
116.391 39.9503
116.397 39.9433
116.402 39.9454
116.402 39.9509
116.405 39.9655
116.418 39.9845
116.38 39.9866
116.309 39.9842
116.269 39.9507
116.268 39.934
116.274 39.925
116.298 39.9225
116.304 39.948
116.348 39.9661
116.347 39.9993
116.346 40.0114
116.347 39.9939
116.355 39.9663
116.389 39.9557
116.377 39.952
116.389 39.9501
116.405 39.9475
116.411 39.9497
116.413 39.9504
116.413 39.9555
116.412 39.9717
116.412 39.9717
116.415 39.9742
116.418 39.9824
