116.378 39.9059
116.378 39.9059
116.372 39.9059
116.372 39.906
116.372 39.906
116.372 39.9061
116.372 39.9074
116.372 39.9077
116.372 39.9078
116.372 39.9081
116.372 39.9087
116.372 39.9088
116.372 39.9091
116.372 39.9092
116.371 39.9093
116.37 39.9091
116.37 39.9106
116.371 39.9108
116.371 39.9108
116.373 39.9109
116.374 39.911
116.376 39.9108
116.376 39.9105
116.376 39.9103
116.376 39.9099
116.376 39.908
116.376 39.908
116.376 39.9066
116.376 39.9066
116.377 39.9058
116.385 39.9059
116.385 39.9059
116.386 39.9059
116.387 39.9061
116.389 39.9061
116.389 39.9061
116.391 39.9062
116.392 39.9062
116.392 39.9061
116.392 39.9061
116.392 39.9062
116.393 39.9062
116.393 39.9062
116.393 39.9061
116.393 39.9061
116.4 39.9065
116.4 39.9064
116.4 39.9065
116.405 39.9067
116.42 39.9068
116.42 39.9069
116.429 39.907
116.429 39.9068
116.429 39.9056
116.429 39.9047
116.43 39.9023
116.43 39.9021
116.43 39.902
116.436 39.9021
116.464 39.9037
116.47 39.9038
116.47 39.9038
116.47 39.9038
116.471 39.9038
116.477 39.9041
116.482 39.9048
116.483 39.905
116.483 39.905
116.483 39.9046
116.483 39.9046
116.487 39.9064
116.487 39.9074
116.484 39.9091
116.484 39.9134
116.484 39.9134
116.484 39.9133
116.484 39.9134
116.483 39.913
116.483 39.9127
116.483 39.9122
116.481 39.9064
116.481 39.9038
116.483 39.9037
116.483 39.9033
116.483 39.9032
116.484 39.8986
116.484 39.8985
116.482 39.8988
116.482 39.8989
116.482 39.8991
116.481 39.8993
116.481 39.8993
116.481 39.8993
116.48 39.8993
116.48 39.8992
116.48 39.8991
116.48 39.8991
116.48 39.8991
116.48 39.8994
116.48 39.8977
116.48 39.8976
116.48 39.8976
116.48 39.8977
116.48 39.8978
116.48 39.898
116.48 39.8993
116.472 39.8992
116.472 39.8992
116.472 39.8993
116.472 39.8997
116.472 39.9038
116.471 39.9041
116.471 39.9041
116.445 39.9026
116.441 39.9041
116.44 39.9056
116.439 39.9056
116.439 39.9056
116.439 39.9058
116.438 39.9066
116.438 39.9067
116.438 39.9115
116.438 39.9119
116.435 39.912
116.435 39.9121
116.435 39.9122
116.435 39.914
116.435 39.9164
116.435 39.9169
116.436 39.9216
116.435 39.9208
116.435 39.9209
116.436 39.9213
116.436 39.9212
116.436 39.9213
116.438 39.9193
116.438 39.9189
116.44 39.919
116.44 39.919
116.44 39.9189
116.44 39.9167
116.44 39.9164
116.44 39.9163
116.44 39.9163
116.44 39.9162
116.44 39.9156
116.44 39.9156
116.44 39.9137
116.44 39.9134
116.44 39.912
116.441 39.9119
116.444 39.9119
116.444 39.9098
116.444 39.9094
116.444 39.9092
116.444 39.9083
116.444 39.9081
116.444 39.9082
116.444 39.9082
116.444 39.9078
116.444 39.9072
116.444 39.907
116.444 39.9069
116.456 39.9068
116.456 39.9066
116.456 39.9056
116.456 39.9057
116.456 39.9154
116.455 39.9155
116.456 39.9188
116.456 39.9316
116.456 39.9485
116.455 39.9513
116.443 39.9604
116.442 39.9607
116.436 39.9584
116.436 39.9584
116.436 39.9584
116.436 39.9584
116.436 39.9584
116.436 39.9584
116.436 39.9584
116.436 39.9585
116.436 39.9584
116.436 39.9584
116.436 39.9584
116.429 39.9582
116.426 39.9581
116.426 39.958
116.426 39.9498
116.426 39.9492
116.426 39.9485
116.426 39.9484
116.421 39.9484
116.42 39.9484
116.419 39.9483
116.419 39.9483
116.419 39.9478
116.419 39.9437
116.419 39.9438
116.419 39.9397
116.419 39.9398
116.419 39.9397
116.419 39.9375
116.419 39.9362
116.42 39.9355
116.42 39.9352
116.42 39.9328
116.42 39.9245
116.42 39.9245
116.42 39.9241
116.42 39.924
116.42 39.9239
116.42 39.9231
116.42 39.923
116.419 39.923
116.412 39.9229
116.411 39.9229
116.411 39.9228
116.411 39.9227
116.411 39.9219
116.411 39.9217
116.411 39.9209
116.412 39.9151
116.412 39.9149
116.412 39.9148
116.412 39.9147
116.412 39.9141
116.412 39.914
116.412 39.9137
116.412 39.9132
116.412 39.9131
116.412 39.9129
116.412 39.9112
116.412 39.9109
116.412 39.9102
116.412 39.9102
116.412 39.9102
116.412 39.9098
116.412 39.9098
116.412 39.9093
116.412 39.9074
116.412 39.9073
116.412 39.9051
116.413 39.8999
116.414 39.903
116.414 39.8976
116.413 39.8956
116.413 39.8939
116.413 39.8932
116.412 39.893
116.409 39.8931
116.408 39.893
116.407 39.8908
116.406 39.8914
116.406 39.8914
116.406 39.8869
116.406 39.8868
116.398 39.8864
116.393 39.8851
116.392 39.8848
116.393 39.8821
116.393 39.8807
116.393 39.8807
116.393 39.8793
116.392 39.8772
116.392 39.8756
116.392 39.8754
116.392 39.8753
116.392 39.8753
116.394 39.8754
116.394 39.8755
116.392 39.8753
116.392 39.8753
116.392 39.8754
116.392 39.8754
116.392 39.8753
116.392 39.8725
116.392 39.8712
116.393 39.8649
116.393 39.8646
116.393 39.8603
116.393 39.8601
116.394 39.8582
116.393 39.8565
116.394 39.8554
116.394 39.8553
116.393 39.8547
116.393 39.8548
116.393 39.8552
116.393 39.8554
116.393 39.8554
116.413 39.8557
116.414 39.8557
116.415 39.8557
116.415 39.8563
116.416 39.8609
116.426 39.8599
116.426 39.8599
116.426 39.86
116.425 39.8618
116.425 39.8618
116.425 39.8619
116.425 39.8619
116.426 39.862
116.426 39.862
116.426 39.862
116.426 39.862
116.425 39.862
116.424 39.862
116.424 39.8621
116.424 39.8637
116.425 39.8639
116.425 39.864
116.425 39.8643
116.425 39.8645
116.424 39.8646
116.424 39.8646
116.424 39.8646
116.424 39.8644
116.421 39.8644
116.421 39.8644
116.419 39.8643
116.419 39.8643
116.419 39.8643
116.417 39.8642
116.417 39.8643
116.416 39.8642
116.415 39.8641
116.414 39.8642
116.408 39.8639
116.408 39.8638
116.408 39.8638
116.398 39.8638
116.395 39.8642
116.395 39.8642
116.395 39.8641
116.395 39.864
116.399 39.8601
116.4 39.859
116.404 39.856
116.404 39.8559
116.404 39.8563
116.404 39.8563
116.395 39.8561
116.394 39.8568
116.394 39.8606
116.394 39.8605
116.394 39.8605
116.394 39.8607
116.394 39.8607
116.394 39.864
116.395 39.864
116.397 39.8639
116.4 39.8636
116.4 39.8636
116.403 39.8636
116.406 39.8638
116.407 39.8638
116.409 39.8639
116.409 39.8639
116.41 39.864
116.41 39.864
116.41 39.864
116.41 39.8639
116.412 39.864
116.412 39.8639
116.412 39.8639
116.413 39.8639
116.413 39.8638
116.413 39.8635
116.413 39.8611
116.415 39.8601
116.416 39.8578
116.416 39.8575
116.416 39.8573
116.424 39.8568
116.425 39.8569
116.426 39.8569
116.431 39.8573
116.435 39.8573
116.439 39.8573
116.439 39.8572
116.439 39.8572
116.439 39.8571
116.439 39.8571
116.44 39.8458
116.441 39.8329
116.441 39.832
116.441 39.832
116.443 39.827
116.446 39.8246
116.446 39.8246
116.448 39.8227
116.462 39.8123
116.465 39.8081
116.466 39.8077
116.474 39.7999
116.474 39.7991
116.474 39.7991
116.474 39.7991
116.473 39.7991
116.473 39.7991
116.473 39.7993
116.473 39.799
116.473 39.799
116.475 39.7989
116.478 39.7931
116.478 39.7927
116.478 39.7927
116.478 39.7926
116.475 39.7917
116.474 39.794
116.471 39.7989
116.471 39.799
116.471 39.799
116.473 39.799
116.473 39.799
116.474 39.7991
116.474 39.7991
116.474 39.7992
116.474 39.7994
116.474 39.7996
116.471 39.804
116.472 39.8064
116.473 39.8079
116.476 39.8098
116.501 39.8189
116.501 39.8189
116.502 39.8187
116.502 39.8183
116.502 39.8179
116.501 39.8176
116.501 39.8176
116.5 39.8179
116.479 39.8346
116.46 39.8525
116.46 39.8525
116.448 39.8621
116.448 39.8623
116.448 39.8625
116.448 39.8626
116.449 39.8625
116.449 39.8623
116.449 39.8621
116.449 39.8618
116.445 39.8589
116.441 39.8578
116.433 39.8578
116.433 39.8579
116.433 39.858
116.432 39.8601
116.432 39.8608
116.432 39.8609
116.432 39.8612
116.431 39.861
116.431 39.8609
116.431 39.8609
116.428 39.8612
116.428 39.8619
116.428 39.8634
116.427 39.8633
116.428 39.8642
116.428 39.8644
116.429 39.8645
116.429 39.8646
116.429 39.8645
116.43 39.8645
116.43 39.8645
116.43 39.8645
116.431 39.8644
116.431 39.8645
116.431 39.8645
116.431 39.8645
116.432 39.8645
116.432 39.8644
116.432 39.8643
116.432 39.8614
116.432 39.8614
116.432 39.8593
116.432 39.8592
116.433 39.8574
116.433 39.8573
116.434 39.8574
116.435 39.8574
116.45 39.86
116.451 39.8592
116.476 39.8377
116.493 39.8225
116.507 39.8133
116.505 39.8115
116.505 39.8112
116.505 39.811
116.518 39.7989
116.518 39.7987
116.518 39.7985
116.515 39.7971
116.515 39.7971
116.514 39.7974
116.514 39.7979
116.514 39.7979
116.514 39.7978
116.514 39.7976
116.514 39.7974
116.517 39.7942
116.522 39.7878
116.525 39.785
116.524 39.7848
116.524 39.7843
116.521 39.783
116.521 39.783
116.521 39.7829
116.521 39.7829
116.525 39.7845
116.525 39.7844
116.539 39.7687
116.542 39.7666
116.542 39.7666
116.543 39.7647
116.543 39.7645
116.544 39.7644
116.544 39.7645
116.546 39.7648
116.546 39.7648
116.546 39.7648
116.546 39.7648
116.554 39.7658
116.562 39.7665
116.562 39.7663
116.567 39.7609
116.567 39.7609
116.571 39.7615
116.572 39.7612
116.577 39.7541
116.578 39.7541
116.579 39.7544
116.597 39.7574
116.613 39.7574
116.616 39.756
116.627 39.7559
116.627 39.756
116.627 39.7561
116.626 39.7576
116.626 39.7576
116.626 39.7576
116.626 39.7575
116.626 39.7576
116.626 39.7591
116.626 39.7591
116.627 39.7592
116.627 39.7593
116.626 39.7602
116.626 39.7604
116.626 39.7607
116.626 39.7602
116.626 39.7602
116.627 39.7597
116.627 39.7597
116.627 39.7598
116.627 39.7598
116.627 39.7598
116.627 39.7599
116.627 39.7599
116.627 39.7599
116.628 39.76
116.628 39.7597
116.629 39.7596
116.629 39.7597
116.633 39.7594
116.633 39.7561
116.633 39.756
116.634 39.7559
116.647 39.7547
116.647 39.7506
116.647 39.7505
116.647 39.7504
116.647 39.7507
116.647 39.7507
116.647 39.7507
116.647 39.7507
116.647 39.7509
116.646 39.7558
116.646 39.7559
116.627 39.756
116.627 39.7561
116.626 39.7576
116.626 39.7576
116.626 39.7574
116.626 39.7576
116.626 39.759
116.626 39.7591
116.627 39.7592
116.627 39.7593
116.626 39.7602
116.626 39.7604
116.626 39.7605
116.626 39.7607
116.647 39.7505
116.647 39.7507
116.647 39.7508
116.647 39.751
116.647 39.7559
116.646 39.7559
116.634 39.756
116.633 39.7595
116.633 39.7595
116.628 39.7599
116.628 39.7598
116.627 39.7598
116.626 39.7602
116.627 39.7603
116.628 39.7603
116.629 39.7602
116.629 39.7601
116.629 39.7595
116.629 39.7595
116.633 39.7595
116.633 39.7593
116.633 39.7559
116.634 39.7559
116.647 39.7558
116.647 39.7558
116.647 39.7556
116.647 39.7506
116.647 39.7507
116.647 39.7509
116.647 39.7546
116.646 39.7558
116.646 39.7559
116.626 39.7561
116.626 39.7562
116.626 39.7576
116.626 39.7591
116.626 39.7592
116.627 39.7593
116.627 39.7594
116.627 39.7598
116.627 39.7598
116.627 39.7599
116.627 39.7599
116.627 39.7599
116.627 39.7598
116.627 39.7598
116.627 39.7597
116.626 39.7598
116.626 39.7602
116.626 39.7602
116.626 39.7602
116.625 39.7606
116.625 39.761
116.625 39.761
116.625 39.7611
116.625 39.761
116.624 39.7608
116.624 39.7602
116.624 39.7595
116.625 39.7561
116.624 39.756
116.624 39.756
116.615 39.7561
116.614 39.7565
116.613 39.7575
116.612 39.7576
116.594 39.757
116.578 39.7542
116.577 39.7544
116.567 39.7674
116.566 39.7674
116.544 39.7647
116.543 39.7645
116.543 39.7652
116.542 39.7664
116.536 39.7718
116.535 39.7729
116.531 39.7766
116.531 39.7766
116.531 39.7762
116.526 39.7748
116.523 39.7729
116.523 39.7727
116.527 39.7685
116.527 39.7685
116.527 39.7687
116.527 39.7687
116.522 39.7664
116.521 39.7665
116.506 39.7748
116.491 39.779
116.479 39.7926
116.475 39.7987
116.474 39.7999
116.474 39.8
116.474 39.8008
116.477 39.8022
116.321 39.8022
116.478 39.8021
116.479 39.8
116.48 39.7998
116.489 39.8026
116.49 39.8025
116.492 39.7994
116.492 39.7993
116.494 39.8001
116.494 39.8001
116.496 39.801
116.496 39.801
116.496 39.8011
116.496 39.8013
116.494 39.8043
116.494 39.8044
116.487 39.8131
116.487 39.8136
116.488 39.8141
116.488 39.8144
116.501 39.819
116.501 39.8189
116.502 39.8186
116.502 39.8183
116.502 39.818
116.501 39.8177
116.501 39.8177
116.5 39.8178
116.489 39.826
116.471 39.8426
116.45 39.8605
116.45 39.8625
116.45 39.8628
116.455 39.8672
116.455 39.8869
116.456 39.8956
116.455 39.8959
116.456 39.9007
116.456 39.9014
116.456 39.9025
116.456 39.9026
116.456 39.9064
116.456 39.9071
116.456 39.9071
116.456 39.9073
116.456 39.9073
116.453 39.9077
116.451 39.9077
116.451 39.9077
116.444 39.9116
116.444 39.9116
116.444 39.9117
116.444 39.9119
116.444 39.912
116.444 39.9121
116.439 39.912
116.435 39.9119
116.435 39.912
116.435 39.9134
116.435 39.914
116.435 39.9163
116.435 39.917
116.435 39.9174
116.435 39.9177
116.434 39.9192
116.435 39.9204
116.435 39.9226
116.435 39.9226
116.439 39.922
116.44 39.9219
116.442 39.9217
116.442 39.9217
116.442 39.9211
116.442 39.9212
116.443 39.9212
116.443 39.9214
116.445 39.9212
116.446 39.9206
116.449 39.9195
116.454 39.9176
116.455 39.9179
116.455 39.9177
116.455 39.9057
116.455 39.9056
116.455 39.9057
116.455 39.9067
116.455 39.9068
116.472 39.9068
116.481 39.9066
116.481 39.9066
116.482 39.9061
116.482 39.9055
116.483 39.9045
116.484 39.9045
116.49 39.9066
116.49 39.9072
116.485 39.9078
116.485 39.908
116.484 39.9091
116.482 39.9074
116.481 39.9071
116.476 39.9072
116.472 39.9072
116.472 39.9072
116.472 39.9072
116.472 39.9068
116.472 39.906
116.472 39.9058
116.472 39.9057
116.471 39.9058
116.47 39.9059
116.469 39.9057
116.468 39.9058
116.468 39.9064
116.468 39.9066
116.469 39.9067
116.472 39.9066
116.472 39.9065
116.472 39.9048
116.472 39.9046
116.471 39.8921
116.471 39.8921
116.469 39.8922
116.469 39.8922
116.468 39.8923
116.467 39.892
116.467 39.8921
116.46 39.8922
116.456 39.8922
116.456 39.8923
116.455 39.8922
116.453 39.8921
116.45 39.8922
116.439 39.8924
116.437 39.8924
116.438 39.8923
116.453 39.8919
116.454 39.892
116.455 39.8918
116.455 39.8916
116.455 39.8909
116.455 39.8909
116.455 39.8907
116.455 39.8866
116.455 39.886
116.457 39.8716
116.458 39.8715
116.458 39.8715
116.458 39.8708
116.458 39.8707
116.458 39.8706
116.458 39.8705
116.458 39.8703
116.458 39.8703
116.455 39.8702
116.455 39.8704
116.455 39.8775
116.455 39.8777
116.456 39.8992
116.456 39.9023
116.456 39.9024
116.457 39.9051
116.456 39.9047
116.456 39.906
116.456 39.9114
116.456 39.9201
116.456 39.9316
116.456 39.9322
116.456 39.9323
116.46 39.9323
116.46 39.9324
116.465 39.9324
116.472 39.9324
116.472 39.9324
116.483 39.9323
116.483 39.9323
116.49 39.9332
116.495 39.9347
116.511 39.9389
116.511 39.939
116.518 39.9403
116.536 39.9403
116.539 39.9404
116.541 39.9406
116.541 39.9406
116.541 39.9407
116.541 39.9408
116.541 39.9494
116.541 39.9495
116.548 39.9496
116.548 39.9498
116.548 39.9498
116.551 39.9527
116.551 39.953
116.55 39.9536
116.55 39.9538
116.55 39.9538
116.551 39.9528
116.551 39.9526
116.55 39.9522
116.548 39.9497
116.548 39.9496
116.546 39.9496
116.541 39.9494
116.541 39.9492
116.541 39.9406
116.541 39.9406
116.541 39.9406
116.541 39.9406
116.539 39.9405
116.538 39.9403
116.537 39.9404
116.52 39.9404
116.518 39.9404
116.516 39.9403
116.5 39.936
116.486 39.9325
116.485 39.9325
116.483 39.932
116.483 39.932
116.483 39.9079
116.483 39.9076
116.482 39.9071
116.455 39.907
116.436 39.9072
116.435 39.9072
116.429 39.9073
116.429 39.9075
116.429 39.9084
116.429 39.9086
116.429 39.9086
116.429 39.9085
116.43 39.8994
116.431 39.8987
116.435 39.8977
116.437 39.8972
116.438 39.8966
116.44 39.8768
116.437 39.8701
116.436 39.8695
116.436 39.8693
116.436 39.8693
116.434 39.8693
116.433 39.8696
116.433 39.8695
116.433 39.8694
116.433 39.8692
116.433 39.8692
116.433 39.8689
116.433 39.8687
116.433 39.8685
116.433 39.8683
116.433 39.8674
116.433 39.8672
116.433 39.8653
116.433 39.8652
116.433 39.865
116.432 39.8613
116.432 39.8611
116.432 39.8612
116.433 39.864
116.433 39.8641
116.433 39.8642
116.433 39.8644
116.433 39.8645
116.435 39.8646
116.435 39.8647
116.435 39.8648
116.435 39.865
116.435 39.8651
116.435 39.8652
116.435 39.865
116.435 39.8648
116.435 39.8646
116.435 39.8646
116.433 39.8646
116.425 39.8646
116.424 39.8648
116.424 39.8646
116.424 39.8644
116.424 39.8643
116.425 39.8645
116.428 39.8645
116.428 39.8645
116.432 39.8645
116.432 39.8645
116.433 39.8644
116.433 39.8644
116.432 39.8583
116.433 39.8574
116.443 39.858
116.446 39.8595
116.452 39.8642
116.453 39.8645
116.453 39.8645
116.465 39.8583
116.465 39.8583
116.465 39.8584
116.466 39.8611
116.466 39.8611
116.466 39.861
116.466 39.861
116.466 39.861
116.466 39.8611
116.466 39.8611
116.466 39.8611
116.466 39.861
116.466 39.8608
116.465 39.8583
116.465 39.8583
116.464 39.8583
116.46 39.8598
116.453 39.8648
116.455 39.8669
116.455 39.8678
116.455 39.8681
116.455 39.8681
116.455 39.8878
116.456 39.9086
116.455 39.9512
116.454 39.9525
116.435 39.965
116.43 39.9682
116.426 39.9689
116.426 39.9693
116.426 39.9702
116.435 39.9836
116.436 39.9844
116.436 39.9844
116.436 39.9846
116.434 39.9853
116.433 39.9825
116.431 39.9849
116.431 39.9851
116.431 39.9864
116.431 39.9864
116.431 39.9864
116.431 39.9865
116.431 39.9866
116.431 39.9867
116.431 39.9868
116.431 39.9867
116.43 39.9873
116.43 39.9875
116.431 39.9875
116.432 39.9873
116.434 39.9858
116.435 39.9855
116.435 39.985
116.437 39.9846
116.448 39.9793
116.448 39.9791
116.446 39.976
116.438 39.968
116.443 39.9678
116.443 39.9677
116.443 39.9667
116.443 39.9666
116.441 39.9665
116.441 39.9664
116.441 39.9661
116.443 39.9653
116.443 39.9651
116.442 39.9643
116.443 39.9642
116.443 39.9639
116.443 39.9636
116.442 39.9624
116.441 39.9622
116.441 39.9618
116.441 39.9612
116.442 39.9605
116.443 39.9595
116.444 39.9594
116.444 39.9594
116.444 39.9593
116.444 39.9593
116.444 39.9592
116.444 39.9592
116.443 39.9584
116.443 39.9582
116.444 39.9589
116.444 39.9589
116.453 39.9534
116.46 39.9585
116.46 39.9585
116.461 39.9572
116.462 39.9541
116.462 39.9534
116.462 39.9535
116.462 39.9536
116.462 39.9537
116.462 39.9538
116.462 39.9537
116.462 39.9501
116.463 39.95
116.463 39.95
116.48 39.956
116.481 39.9563
116.481 39.9563
116.483 39.9573
116.484 39.9577
116.473 39.9537
116.47 39.9528
116.465 39.9508
116.465 39.9508
116.465 39.9506
116.465 39.9506
116.465 39.9498
116.465 39.9498
116.468 39.9441
116.468 39.9441
116.469 39.9366
116.468 39.9357
116.466 39.9331
116.466 39.9326
116.466 39.9325
116.461 39.9326
116.456 39.9326
116.456 39.9327
116.456 39.9359
116.456 39.936
116.456 39.9397
116.456 39.9398
116.455 39.9382
116.455 39.9381
116.455 39.9367
116.455 39.9366
116.449 39.9367
116.449 39.9365
116.449 39.9342
116.449 39.9325
116.449 39.9325
116.449 39.932
116.449 39.9318
116.449 39.9312
116.449 39.9311
116.45 39.9311
116.45 39.9313
116.419 39.9486
116.419 39.9393
116.42 39.9361
116.42 39.9356
116.42 39.9355
116.42 39.9352
116.42 39.9351
116.422 39.9351
116.425 39.9352
116.425 39.9351
116.425 39.9323
116.423 39.9324
116.423 39.9324
116.42 39.9324
116.42 39.9321
116.42 39.9293
116.42 39.9234
116.42 39.9184
116.42 39.9151
116.42 39.9151
116.42 39.915
116.42 39.9146
116.415 39.9144
116.415 39.9144
116.414 39.9143
116.413 39.9142
116.412 39.9144
116.413 39.9145
116.413 39.9145
116.413 39.9148
116.412 39.9146
116.412 39.9144
116.412 39.9118
116.412 39.9117
116.412 39.9113
116.411 39.9112
116.411 39.9111
116.411 39.9109
116.412 39.9096
116.411 39.9071
116.405 39.9068
116.405 39.9068
116.405 39.9068
116.401 39.9066
116.387 39.9062
116.381 39.906
116.377 39.9059
116.369 39.9059
116.366 39.906
116.366 39.9062
116.365 39.9076
116.362 39.9078
116.362 39.9078
116.362 39.9078
116.361 39.9078
116.361 39.9077
116.36 39.9078
116.36 39.9078
116.361 39.9081
116.361 39.9095
116.361 39.9105
116.361 39.9106
116.361 39.9105
116.364 39.9103
116.364 39.9102
116.367 39.9102
116.367 39.9102
116.367 39.9101
116.367 39.9095
116.367 39.9093
116.368 39.8988
116.368 39.8822
116.368 39.8775
116.368 39.8673
116.368 39.8645
116.368 39.8645
116.366 39.8588
116.365 39.8573
116.364 39.854
116.364 39.8543
116.364 39.8547
116.364 39.8546
116.364 39.854
116.365 39.8534
116.365 39.8529
116.365 39.8527
116.365 39.8509
116.365 39.8505
116.365 39.85
116.365 39.8495
116.365 39.8494
116.365 39.8493
116.37 39.8492
116.373 39.8492
116.38 39.8479
116.381 39.8479
116.381 39.8481
116.381 39.8505
116.381 39.8506
116.381 39.8507
116.381 39.8524
116.38 39.8531
116.38 39.8533
116.381 39.8539
116.381 39.8552
116.381 39.8553
116.391 39.8555
116.391 39.8554
116.391 39.8524
116.391 39.8525
116.391 39.8527
116.39 39.8525
116.39 39.8525
116.388 39.8525
116.388 39.8555
116.388 39.8556
116.388 39.8556
116.388 39.8556
116.389 39.8556
116.395 39.8556
116.395 39.8555
116.395 39.8554
116.395 39.8552
116.394 39.8548
116.394 39.8548
116.394 39.8549
116.394 39.855
116.394 39.8565
116.394 39.8566
116.395 39.8559
116.387 39.8557
116.387 39.8557
116.367 39.8556
116.348 39.8507
116.343 39.8494
116.342 39.8495
116.341 39.8502
116.341 39.8506
116.341 39.8508
116.341 39.8514
116.341 39.8555
116.341 39.8561
116.342 39.861
116.342 39.8613
116.342 39.8644
116.343 39.8666
116.343 39.8668
116.343 39.8674
116.343 39.8676
116.343 39.8676
116.344 39.8672
116.344 39.867
116.343 39.8669
116.334 39.867
116.334 39.867
116.331 39.8671
116.331 39.8672
116.331 39.8677
116.331 39.8677
116.331 39.8677
116.331 39.8678
116.331 39.8715
116.331 39.8718
116.331 39.8747
116.331 39.8757
116.331 39.876
116.321 39.876
116.321 39.876
116.321 39.8762
116.321 39.8762
116.321 39.8772
116.32 39.8785
116.32 39.8785
116.32 39.8785
116.318 39.8787
116.318 39.8787
116.318 39.8821
116.318 39.883
116.318 39.8832
116.318 39.8832
116.318 39.8832
116.315 39.8832
116.315 39.8834
116.315 39.8875
116.315 39.8876
116.315 39.8879
116.315 39.8882
116.315 39.8907
116.316 39.8912
116.316 39.8916
116.315 39.892
116.315 39.892
116.315 39.892
116.315 39.8919
116.315 39.8908
116.315 39.8902
116.315 39.8899
116.315 39.8891
116.315 39.8885
116.315 39.8882
116.315 39.888
116.316 39.888
116.317 39.8885
116.317 39.8885
116.317 39.8885
116.319 39.8887
116.319 39.8889
116.331 39.8885
116.348 39.8888
116.352 39.8879
116.352 39.888
116.353 39.888
116.357 39.8878
116.361 39.8888
116.362 39.8886
116.362 39.8887
116.362 39.8887
116.362 39.8918
116.362 39.8919
116.362 39.892
116.362 39.8921
116.362 39.8921
116.362 39.892
116.362 39.8901
116.362 39.8871
116.362 39.8878
116.362 39.8878
116.367 39.8877
116.368 39.8877
116.368 39.8875
116.368 39.8873
116.368 39.8783
116.368 39.8772
116.368 39.8771
116.367 39.8771
116.366 39.8772
116.366 39.8771
116.366 39.8771
116.366 39.877
116.366 39.877
116.366 39.877
116.366 39.877
116.366 39.877
116.368 39.877
116.368 39.8773
116.371 39.8774
116.371 39.8772
116.371 39.8771
116.371 39.8758
116.371 39.8752
116.371 39.8741
116.371 39.8741
116.371 39.8743
116.371 39.8773
116.371 39.8773
116.372 39.8774
116.373 39.8775
116.374 39.8775
116.376 39.8776
116.377 39.8775
116.381 39.8775
116.381 39.8775
116.381 39.8773
116.381 39.877
116.382 39.8646
116.381 39.8598
116.381 39.8595
116.381 39.8594
116.381 39.8594
116.381 39.8594
116.386 39.8593
116.386 39.8593
116.387 39.8593
116.388 39.8593
116.388 39.859
116.388 39.8586
116.388 39.8581
116.388 39.8579
116.388 39.8584
116.388 39.8585
116.388 39.8588
116.388 39.8589
116.388 39.859
116.388 39.8591
116.388 39.859
116.388 39.8584
116.388 39.8583
116.388 39.8583
116.388 39.8582
116.388 39.8576
116.388 39.8576
116.388 39.8575
116.389 39.8577
116.358 39.9894
116.358 39.9894
116.393 39.8569
116.393 39.8565
116.394 39.855
116.393 39.8549
116.393 39.8548
116.393 39.8548
116.393 39.8548
116.393 39.8556
116.371 39.8348
116.331 39.7683
116.331 39.7683
116.331 39.7683
116.331 39.7683
116.331 39.7683
116.331 39.7683
116.331 39.7683
116.331 39.7683
116.331 39.7683
116.331 39.7683
116.331 39.7683
116.331 39.7683
116.331 39.7683
116.331 39.7683
116.331 39.7683
116.331 39.7683
116.507 39.8138
116.507 39.8135
116.507 39.8132
116.505 39.812
116.505 39.812
116.506 39.8108
116.506 39.8107
116.506 39.8105
116.505 39.8099
116.507 39.807
116.507 39.807
116.508 39.8059
116.509 39.8045
116.512 39.8004
116.506 39.7985
116.506 39.7985
116.502 39.7996
116.502 39.7996
116.502 39.7996
116.504 39.7967
116.504 39.7967
116.504 39.7966
116.503 39.7959
116.501 39.7952
116.501 39.7952
116.499 39.7981
116.498 39.798
116.495 39.7963
116.495 39.7961
116.495 39.7959
116.495 39.7959
116.493 39.7926
116.493 39.7907
116.488 39.7888
116.488 39.789
116.487 39.7902
116.487 39.7902
116.487 39.7901
116.488 39.7888
116.489 39.7888
116.489 39.7888
116.491 39.7897
116.492 39.7905
116.493 39.791
116.493 39.7932
116.493 39.7932
116.494 39.7933
116.495 39.7962
116.495 39.7964
116.499 39.7982
116.499 39.7984
116.498 39.7984
116.497 39.7999
116.494 39.8045
116.494 39.8047
116.501 39.8085
116.501 39.8083
116.501 39.8084
116.501 39.8082
116.501 39.808
116.501 39.8079
116.494 39.8046
116.494 39.8045
116.494 39.8043
116.494 39.804
116.504 39.7919
116.506 39.789
116.506 39.7886
116.508 39.7862
116.508 39.786
116.509 39.7854
116.508 39.7853
116.504 39.7832
116.504 39.783
116.509 39.7771
116.509 39.7771
116.511 39.7765
116.511 39.7765
116.513 39.7762
116.513 39.7761
116.513 39.776
116.516 39.7753
116.517 39.7754
116.52 39.7771
116.52 39.7772
116.519 39.7785
116.517 39.7808
116.517 39.7811
116.521 39.7826
116.521 39.7827
116.521 39.7828
116.512 39.795
116.513 39.7951
116.516 39.7968
116.516 39.797
116.516 39.7972
116.516 39.7974
116.516 39.7976
116.514 39.7974
116.514 39.7974
116.513 39.7975
116.514 39.7976
116.514 39.7978
116.514 39.7976
116.515 39.7972
116.522 39.7879
116.524 39.7846
116.521 39.7829
116.521 39.7829
116.521 39.7829
116.525 39.7845
116.525 39.7845
116.525 39.7845
116.525 39.7845
116.525 39.7842
116.532 39.7763
116.536 39.7716
116.542 39.7666
116.542 39.7663
116.543 39.7648
116.543 39.7647
116.543 39.7645
116.544 39.7644
116.544 39.7644
116.562 39.7666
116.567 39.761
116.567 39.761
116.567 39.761
116.567 39.761
116.571 39.7615
116.571 39.7613
116.578 39.7541
116.612 39.7576
116.613 39.7573
116.616 39.7559
116.627 39.7561
116.626 39.7576
116.626 39.7576
116.626 39.7575
116.626 39.7575
116.626 39.7575
116.626 39.7575
116.626 39.7575
116.626 39.7575
116.627 39.756
116.626 39.7559
116.613 39.7569
116.612 39.7576
116.598 39.7574
116.595 39.7573
116.578 39.7542
116.577 39.7544
116.575 39.7566
116.575 39.7567
116.574 39.7565
116.571 39.7553
116.572 39.7541
116.572 39.7541
116.571 39.7538
116.571 39.7538
116.557 39.7474
116.556 39.7475
116.556 39.7477
116.551 39.7535
116.551 39.7559
116.551 39.7561
116.55 39.7565
116.55 39.7571
116.55 39.7571
116.55 39.7571
116.533 39.7544
116.533 39.7545
116.533 39.7546
116.534 39.7555
116.539 39.7606
116.539 39.7607
116.539 39.7608
116.539 39.761
116.537 39.7632
116.537 39.7632
116.53 39.7701
116.53 39.7702
116.525 39.7775
116.525 39.7778
116.524 39.7791
116.524 39.7792
116.528 39.781
116.528 39.7812
116.525 39.7846
116.525 39.7848
116.528 39.7861
116.528 39.7862
116.526 39.7855
116.525 39.7849
116.524 39.785
116.524 39.7857
116.52 39.7906
116.52 39.7907
116.515 39.7967
116.515 39.7968
116.515 39.7969
116.515 39.7969
116.515 39.7969
116.507 39.7932
116.507 39.7933
116.504 39.7962
116.504 39.7962
116.502 39.7993
116.502 39.7993
116.499 39.8027
116.499 39.8027
116.497 39.8015
116.497 39.8015
116.492 39.7996
116.492 39.7995
116.492 39.7993
116.492 39.7991
116.495 39.796
116.494 39.794
116.493 39.7907
116.492 39.7903
116.492 39.7902
116.492 39.7904
116.491 39.7899
116.491 39.7898
116.491 39.7898
116.492 39.79
116.492 39.7904
116.493 39.7906
116.493 39.7906
116.493 39.7904
116.495 39.7877
116.495 39.7877
116.496 39.7876
116.496 39.7876
116.504 39.7914
116.504 39.7913
116.504 39.791
116.506 39.7886
116.513 39.7798
116.514 39.7792
116.514 39.779
116.521 39.7825
116.521 39.7825
116.521 39.7824
116.524 39.7793
116.537 39.7635
116.54 39.7598
116.54 39.7585
116.54 39.7545
116.54 39.7542
116.54 39.7542
116.536 39.7543
116.536 39.7542
116.536 39.7488
116.536 39.7488
116.536 39.7487
116.536 39.7487
116.539 39.7487
116.539 39.7488
116.539 39.7493
116.539 39.7503
116.539 39.7503
116.539 39.7503
116.539 39.7502
116.539 39.7503
116.539 39.7487
116.539 39.7486
116.536 39.7487
116.536 39.7487
116.536 39.7488
116.536 39.7542
116.537 39.7543
116.551 39.7572
116.55 39.7573
116.55 39.7573
116.55 39.7574
116.547 39.7613
116.548 39.7614
116.548 39.7614
116.547 39.7616
116.547 39.7616
116.547 39.7617
116.547 39.7617
116.543 39.7648
116.539 39.7693
116.539 39.7694
116.529 39.7801
116.528 39.7809
116.528 39.7809
116.52 39.7773
116.52 39.7773
116.517 39.7807
116.517 39.781
116.519 39.782
116.521 39.7827
116.521 39.783
116.516 39.789
116.516 39.7892
116.52 39.7908
116.52 39.7908
116.52 39.791
116.52 39.791
116.518 39.794
116.518 39.7941
116.521 39.7955
116.521 39.7955
116.521 39.7952
116.522 39.7937
116.522 39.7936
116.523 39.7925
116.523 39.7923
116.522 39.7917
116.521 39.7914
116.52 39.791
116.516 39.7891
116.516 39.7892
116.508 39.7982
116.506 39.8014
116.501 39.8075
116.5 39.8077
116.5 39.8076
116.494 39.805
116.493 39.8051
116.493 39.8053
116.487 39.8129
116.488 39.8145
116.502 39.819
116.502 39.8188
116.502 39.8185
116.502 39.8182
116.501 39.8177
116.501 39.8177
116.491 39.8237
116.471 39.8426
116.45 39.8603
116.451 39.8636
116.454 39.8666
116.455 39.8683
116.455 39.883
116.455 39.883
116.445 39.8833
116.445 39.8833
116.44 39.8833
116.44 39.8835
116.44 39.8837
116.439 39.8847
116.439 39.8854
116.438 39.8966
116.436 39.8975
116.431 39.8989
116.43 39.8999
116.43 39.8999
116.43 39.9005
116.43 39.9005
116.43 39.9021
116.43 39.905
116.43 39.907
116.431 39.9071
116.44 39.9068
116.44 39.9068
116.454 39.9069
116.456 39.9065
116.456 39.9065
116.456 39.9059
116.456 39.9079
116.456 39.9165
116.456 39.9165
116.456 39.9165
116.456 39.9165
116.456 39.9165
116.456 39.9165
116.456 39.9165
116.456 39.9165
116.456 39.9165
116.456 39.9165
116.456 39.9165
116.456 39.9165
116.456 39.9165
116.456 39.9165
116.456 39.9165
116.456 39.9165
116.456 39.9165
116.456 39.9165
116.456 39.9165
116.456 39.9165
116.456 39.9165
116.456 39.9165
116.456 39.9165
116.456 39.9165
116.456 39.9165
116.456 39.9165
116.456 39.9165
116.456 39.9165
116.456 39.9165
116.456 39.9165
116.456 39.9165
116.411 39.9344
116.411 39.9242
116.411 39.9242
116.411 39.9183
116.412 39.9105
116.412 39.9097
116.412 39.9094
116.412 39.9091
116.412 39.9083
116.412 39.9074
116.412 39.9008
116.412 39.9004
116.412 39.8998
116.413 39.8996
116.415 39.8991
116.421 39.8992
116.427 39.8993
116.43 39.8992
116.438 39.8966
116.44 39.8766
116.437 39.8699
116.436 39.8694
116.435 39.8693
116.434 39.8694
116.433 39.8697
116.433 39.8695
116.433 39.8691
116.433 39.8689
116.433 39.8687
116.433 39.8685
116.433 39.8673
116.433 39.8651
116.432 39.8582
116.433 39.8574
116.442 39.8577
116.445 39.8589
116.447 39.8601
116.45 39.86
116.45 39.8598
116.47 39.8425
116.471 39.8417
116.471 39.8411
116.469 39.8392
116.466 39.8374
116.466 39.8374
116.466 39.8376
116.463 39.8399
116.463 39.84
116.46 39.84
116.46 39.8399
116.46 39.8398
116.46 39.8393
116.46 39.8391
116.46 39.8386
116.46 39.8384
116.46 39.8376
116.46 39.8376
116.461 39.8376
116.461 39.8377
116.46 39.8376
116.46 39.8377
116.46 39.8384
116.46 39.8385
116.46 39.8391
116.46 39.8392
116.46 39.8398
116.46 39.8399
116.461 39.84
116.463 39.8399
116.463 39.8399
116.463 39.84
116.463 39.8401
116.463 39.8432
116.463 39.8435
116.46 39.846
116.459 39.8469
116.459 39.8498
116.459 39.8498
116.46 39.8533
116.46 39.8544
116.459 39.8546
116.459 39.8549
116.458 39.8566
116.458 39.8569
116.455 39.862
116.455 39.8621
116.454 39.8629
116.454 39.8634
116.455 39.8635
116.465 39.8581
116.478 39.8474
116.478 39.8474
116.485 39.8411
116.485 39.841
116.492 39.8408
116.492 39.8404
116.493 39.8404
116.493 39.8406
116.493 39.8407
116.493 39.8407
116.5 39.8401
116.5 39.8402
116.498 39.8402
116.498 39.8402
116.498 39.8401
116.498 39.8402
116.498 39.8403
116.493 39.8407
116.493 39.8406
116.492 39.8406
116.484 39.8413
116.474 39.8514
116.468 39.8571
116.468 39.8575
116.468 39.8575
116.459 39.86
116.453 39.8646
116.455 39.867
116.455 39.8678
116.455 39.87
116.454 39.87
116.452 39.87
116.438 39.8707
116.438 39.8708
116.439 39.8757
116.44 39.8777
116.438 39.8965
116.437 39.8972
116.434 39.8981
116.432 39.8997
116.432 39.8997
116.414 39.8991
116.414 39.8994
116.419 39.9033
116.419 39.9034
116.419 39.9035
116.421 39.9035
116.421 39.9036
116.421 39.9036
116.421 39.9038
116.421 39.9042
116.421 39.9067
116.421 39.9068
116.421 39.9104
116.421 39.9105
116.421 39.9138
116.42 39.9179
116.42 39.9179
116.42 39.9228
116.42 39.9229
116.42 39.923
116.427 39.9228
116.428 39.9228
116.428 39.9227
116.429 39.9227
116.429 39.923
116.429 39.9232
116.429 39.9241
116.427 39.9442
116.427 39.9468
116.426 39.9477
116.402 39.9477
116.402 39.9477
116.372 39.9475
116.363 39.9468
116.351 39.943
116.35 39.9431
116.35 39.9434
116.349 39.9662
116.349 39.9672
116.35 39.9667
116.35 39.9666
116.322 39.9661
116.315 39.9659
116.315 39.9659
116.315 39.9662
116.315 39.9662
116.313 39.971
116.313 39.971
116.312 39.9745
116.312 39.9745
116.311 39.9746
116.311 39.9747
116.308 39.9746
116.306 39.9745
116.306 39.9745
116.306 39.9745
116.304 39.9744
116.304 39.9744
116.304 39.9744
116.303 39.975
116.302 39.9776
116.302 39.9773
116.302 39.9776
116.302 39.978
116.302 39.9782
116.302 39.978
116.302 39.9786
116.302 39.9795
116.302 39.9805
116.303 39.9805
116.303 39.9807
116.305 39.9806
116.305 39.9808
116.307 39.981
116.307 39.9809
116.307 39.9808
116.308 39.9808
116.309 39.981
116.309 39.9807
116.309 39.9803
116.309 39.98
116.31 39.9804
116.31 39.9796
116.311 39.9794
116.316 39.9636
116.317 39.9558
116.317 39.9558
116.317 39.9556
116.318 39.9555
116.318 39.9556
116.318 39.9556
116.329 39.9562
116.329 39.9564
116.337 39.9567
116.337 39.9568
116.337 39.9568
116.338 39.9568
116.34 39.9568
116.34 39.9565
116.341 39.9529
116.341 39.9529
116.343 39.9454
116.344 39.9432
116.344 39.943
116.344 39.9429
116.345 39.9425
116.345 39.9423
116.345 39.9419
116.345 39.9417
116.345 39.9416
116.346 39.9395
116.346 39.9393
116.346 39.9392
116.323 39.9373
116.31 39.9388
116.293 39.9449
116.288 39.9467
116.286 39.9467
116.282 39.946
116.278 39.9455
116.27 39.9455
116.254 39.9232
116.254 39.9231
116.254 39.923
116.254 39.9184
116.254 39.9183
116.254 39.9183
116.254 39.9184
116.254 39.9185
116.254 39.923
116.254 39.9231
116.274 39.9231
116.294 39.9225
116.295 39.9225
116.295 39.9225
116.295 39.9228
116.302 39.9229
116.303 39.9228
116.304 39.9218
116.304 39.9205
116.304 39.9046
116.304 39.9046
116.304 39.8952
116.304 39.8951
116.302 39.8955
116.332 39.8959
116.341 39.8964
116.342 39.8962
116.342 39.8959
116.342 39.8956
116.342 39.891
116.342 39.891
116.342 39.8898
116.342 39.8896
116.342 39.8896
116.342 39.8895
116.342 39.8892
116.341 39.8889
116.341 39.8884
116.342 39.888
116.342 39.888
116.352 39.8878
116.353 39.8877
116.353 39.884
116.353 39.8829
116.353 39.8825
116.353 39.8825
116.353 39.8824
116.353 39.8799
116.353 39.8768
116.353 39.8768
116.353 39.8766
116.353 39.8766
116.358 39.8768
116.358 39.8766
116.358 39.8679
116.358 39.8676
116.358 39.8676
116.361 39.868
116.387 39.8701
116.409 39.8707
116.412 39.8697
116.414 39.8697
116.414 39.8695
116.415 39.8681
116.416 39.8565
116.416 39.856
116.416 39.856
116.44 39.8575
116.444 39.8584
116.448 39.8602
116.45 39.86
116.464 39.8488
116.485 39.8286
116.506 39.8138
116.507 39.8134
116.507 39.813
116.507 39.8127
116.506 39.8124
116.505 39.8116
116.505 39.8113
116.505 39.811
116.518 39.7991
116.518 39.7988
116.518 39.7985
116.515 39.7971
116.515 39.7971
116.515 39.7972
116.515 39.7972
116.514 39.7974
116.515 39.7976
116.515 39.7978
116.515 39.7978
116.515 39.7975
116.515 39.7974
116.522 39.7884
116.522 39.7882
116.525 39.7848
116.524 39.7846
116.521 39.7829
116.521 39.7828
116.522 39.7829
116.525 39.7845
116.525 39.7843
116.542 39.7663
116.544 39.764
116.544 39.7638
116.544 39.7638
116.544 39.7639
116.544 39.7641
116.539 39.761
116.539 39.761
116.539 39.7606
116.54 39.7586
116.54 39.7571
116.537 39.7572
116.537 39.7572
116.537 39.7574
116.537 39.7578
116.537 39.7582
116.537 39.7587
116.537 39.7588
116.538 39.7586
116.537 39.7587
116.537 39.7581
116.537 39.7572
116.537 39.7572
116.54 39.7569
116.54 39.7567
116.54 39.7543
116.54 39.7543
116.54 39.7542
116.541 39.7542
116.55 39.757
116.55 39.7569
116.55 39.7569
116.55 39.7566
116.551 39.7509
116.551 39.7509
116.551 39.751
116.55 39.7563
116.55 39.7571
116.55 39.7571
116.54 39.7544
116.54 39.7568
116.54 39.7569
116.54 39.7595
116.54 39.7608
116.54 39.761
116.544 39.7646
116.554 39.7658
116.567 39.7672
116.567 39.7669
116.578 39.7541
116.578 39.7541
116.589 39.7559
116.595 39.7572
116.602 39.7574
116.605 39.7574
116.613 39.7573
116.616 39.7559
116.627 39.7559
116.627 39.7561
116.626 39.7582
116.626 39.7587
116.626 39.7596
116.626 39.7596
116.625 39.7596
116.625 39.7595
116.625 39.7595
116.625 39.7595
116.621 39.7573
116.622 39.7584
116.623 39.7593
116.625 39.761
116.625 39.76
116.626 39.7595
116.626 39.7594
116.627 39.756
116.627 39.7559
116.615 39.7561
116.615 39.7564
116.613 39.7575
116.598 39.7574
116.593 39.7568
116.578 39.7541
116.577 39.7543
116.571 39.7617
116.571 39.7617
116.566 39.7612
116.564 39.7632
116.562 39.7626
116.561 39.7644
116.551 39.7648
116.551 39.7651
116.55 39.765
116.549 39.7638
116.548 39.7619
116.547 39.7614
116.547 39.7607
116.547 39.7607
116.547 39.7616
116.548 39.7619
116.548 39.7621
116.548 39.7623
116.548 39.7623
116.545 39.7636
116.545 39.7636
116.544 39.7644
116.543 39.7655
116.542 39.7663
116.542 39.7663
116.542 39.7663
116.542 39.7663
116.541 39.7676
116.54 39.7684
116.528 39.7809
116.528 39.7809
116.527 39.7808
116.524 39.7791
116.524 39.7791
116.524 39.7792
116.521 39.7828
116.52 39.7828
116.52 39.7826
116.514 39.7799
116.514 39.7799
116.513 39.7801
116.513 39.7805
116.504 39.7917
116.504 39.7916
116.495 39.7879
116.493 39.7908
116.493 39.7908
116.493 39.7907
116.491 39.7899
116.491 39.7897
116.491 39.7897
116.491 39.7898
116.491 39.7899
116.491 39.79
116.493 39.7908
116.494 39.7933
116.487 39.7946
116.483 39.7954
116.48 39.7996
116.48 39.7996
116.477 39.8023
116.477 39.8023
116.449 39.822
116.448 39.8224
116.446 39.8245
116.442 39.8282
116.44 39.8312
116.434 39.8312
116.422 39.838
116.422 39.8384
116.422 39.8385
116.422 39.8407
116.422 39.8449
116.422 39.8454
116.422 39.8489
116.426 39.8595
116.426 39.8596
116.426 39.8598
116.424 39.8693
116.424 39.8694
116.424 39.8694
116.433 39.8689
116.433 39.8688
116.433 39.8689
116.433 39.8691
116.433 39.8695
116.433 39.8697
116.433 39.87
116.433 39.8747
116.429 39.8794
116.428 39.8795
116.428 39.8796
116.428 39.8817
116.428 39.8826
116.428 39.8827
116.428 39.8828
116.427 39.8828
116.427 39.8829
116.427 39.8829
116.425 39.883
116.425 39.8831
116.425 39.8852
116.425 39.8853
116.422 39.8917
116.422 39.8918
116.421 39.8933
116.421 39.8986
116.421 39.8991
116.421 39.8992
116.414 39.8995
116.414 39.8997
116.414 39.8999
116.414 39.9
116.419 39.9034
116.419 39.9034
116.419 39.9034
116.419 39.9034
116.419 39.9035
116.42 39.9034
116.426 39.9036
116.426 39.9036
116.429 39.9036
116.43 39.9035
116.43 39.9033
116.43 39.9013
116.43 39.8996
116.43 39.8989
116.431 39.8985
116.437 39.8969
116.438 39.8962
116.438 39.8912
116.438 39.8911
116.438 39.891
116.437 39.8911
116.437 39.8913
116.437 39.8922
116.437 39.8923
116.45 39.8918
116.45 39.8918
116.45 39.8918
116.45 39.8864
116.45 39.8864
116.45 39.8864
116.45 39.8862
116.45 39.8813
116.45 39.8804
116.45 39.8804
116.45 39.8755
116.45 39.8754
116.45 39.8749
116.45 39.8748
116.461 39.8749
116.462 39.8746
116.462 39.8748
116.462 39.875
116.462 39.8827
116.462 39.8828
116.462 39.8828
116.462 39.8829
116.462 39.883
116.471 39.883
116.471 39.883
116.481 39.8828
116.483 39.8817
116.483 39.8814
116.483 39.8791
116.484 39.879
116.484 39.879
116.484 39.8793
116.484 39.8914
116.484 39.8914
116.259 39.808
116.485 39.9049
116.487 39.9062
116.487 39.9065
116.487 39.9065
116.487 39.9068
116.487 39.9068
116.487 39.9068
116.487 39.9068
116.487 39.9068
116.487 39.9068
116.329 39.9211
116.329 39.9216
116.328 39.9277
116.328 39.9277
116.328 39.9278
116.328 39.9279
116.328 39.9311
116.328 39.9312
116.328 39.9312
116.329 39.9312
116.33 39.9311
116.33 39.931
116.331 39.931
116.331 39.931
116.332 39.9311
116.333 39.931
116.34 39.931
116.343 39.931
116.349 39.9311
116.35 39.934
116.35 39.9364
116.35 39.9365
116.352 39.9366
116.352 39.9373
116.353 39.937
116.353 39.9352
116.353 39.9352
116.354 39.9353
116.354 39.9352
116.358 39.9355
116.358 39.9356
116.358 39.9359
116.358 39.9371
116.358 39.9371
116.358 39.9371
116.359 39.937
116.359 39.9371
116.359 39.937
116.361 39.9371
116.361 39.9371
116.361 39.9372
116.361 39.9371
116.362 39.9371
116.362 39.937
116.362 39.937
116.362 39.9369
116.362 39.9358
116.362 39.9318
116.362 39.9304
116.359 39.9239
116.359 39.9228
116.358 39.9211
116.358 39.9175
116.358 39.9156
116.359 39.9151
116.358 39.9136
116.358 39.913
116.357 39.9128
116.357 39.9127
116.358 39.9126
116.358 39.9127
116.358 39.9127
116.359 39.9124
116.359 39.9122
116.36 39.9117
116.36 39.9117
116.36 39.9114
116.361 39.9109
116.361 39.9108
116.358 39.9108
116.358 39.9108
116.357 39.9108
116.357 39.9109
116.357 39.911
116.357 39.9115
116.357 39.9115
116.358 39.9133
116.359 39.9164
116.359 39.9213
116.359 39.9236
116.36 39.9247
116.36 39.9247
116.362 39.9352
116.362 39.9353
116.36 39.9393
116.356 39.9391
116.356 39.9392
116.336 39.9371
116.326 39.9371
116.321 39.9376
116.321 39.9375
116.321 39.9375
116.32 39.9374
116.32 39.9374
116.32 39.9376
116.32 39.9375
116.32 39.9373
116.32 39.9373
116.319 39.9371
116.32 39.9316
116.32 39.9312
116.32 39.9304
116.32 39.9303
116.32 39.9302
116.321 39.9309
116.323 39.9317
116.329 39.9318
116.328 39.9315
116.328 39.9278
116.453 39.9087
116.46 39.8982
116.46 39.8982
116.46 39.8982
116.46 39.8982
116.46 39.8982
116.46 39.8982
116.471 39.883
116.467 39.8832
116.466 39.8831
116.466 39.8831
116.456 39.8833
116.455 39.8834
116.455 39.8835
116.455 39.8958
116.455 39.8963
116.456 39.9166
116.456 39.9166
116.456 39.9345
116.456 39.9479
116.456 39.9479
116.456 39.948
116.457 39.9482
116.457 39.948
116.459 39.9489
116.459 39.9488
116.46 39.9488
116.46 39.9492
116.461 39.9494
116.461 39.9495
116.461 39.9496
116.462 39.9505
116.462 39.9507
116.462 39.9532
116.462 39.9537
116.462 39.9537
116.462 39.9539
116.462 39.954
116.462 39.9549
116.462 39.9553
116.462 39.9559
116.462 39.9573
116.46 39.9582
116.46 39.9585
116.46 39.9584
116.454 39.9525
116.455 39.9508
116.455 39.9506
116.455 39.9486
116.455 39.9485
116.455 39.9485
116.455 39.9406
116.455 39.9377
116.455 39.9377
116.455 39.9338
116.455 39.9337
116.455 39.9334
116.455 39.9325
116.456 39.9323
116.457 39.9323
116.46 39.9323
116.46 39.9323
116.461 39.9323
116.461 39.9323
116.461 39.9315
116.461 39.9307
116.461 39.9287
116.461 39.9285
116.461 39.9233
116.461 39.9234
116.461 39.922
116.46 39.922
116.46 39.922
116.458 39.922
116.457 39.922
116.456 39.922
116.449 39.9221
116.446 39.9221
116.446 39.9221
116.446 39.922
116.446 39.922
116.446 39.9219
116.445 39.9216
116.445 39.9216
116.444 39.9216
116.444 39.9224
116.444 39.9225
116.444 39.9224
116.444 39.9225
116.444 39.9237
116.444 39.9237
116.444 39.9238
116.444 39.9249
116.444 39.925
116.444 39.9313
116.444 39.9318
116.444 39.9322
116.444 39.9321
116.444 39.9322
116.444 39.9368
116.444 39.9369
116.444 39.9394
116.444 39.9394
116.444 39.9462
116.444 39.9462
116.444 39.9462
116.444 39.9462
116.445 39.9464
116.446 39.9465
116.446 39.9462
116.449 39.9466
116.449 39.947
116.453 39.9476
116.453 39.9475
116.453 39.9474
116.454 39.9474
116.454 39.9472
116.454 39.9473
116.454 39.9473
116.454 39.9473
116.454 39.9474
116.454 39.9474
116.455 39.9477
116.455 39.9478
116.463 39.9504
116.464 39.9505
116.464 39.9505
116.465 39.9508
116.465 39.9508
116.465 39.9505
116.466 39.9481
116.466 39.9481
116.468 39.9456
116.468 39.9441
116.468 39.944
116.468 39.9439
116.463 39.9434
116.463 39.9433
116.463 39.9432
116.463 39.9433
116.463 39.9433
116.462 39.9432
116.46 39.9427
116.456 39.9427
116.456 39.9427
116.456 39.9468
116.456 39.9468
116.456 39.947
116.456 39.9513
116.452 39.9542
116.439 39.9599
116.438 39.9591
116.437 39.9584
116.436 39.9584
116.436 39.9584
116.434 39.9599
116.434 39.9599
116.434 39.9594
116.434 39.9596
116.433 39.9599
116.434 39.9599
116.434 39.9601
116.434 39.9603
116.437 39.9634
116.437 39.9634
116.44 39.9617
116.439 39.9629
116.439 39.9629
116.438 39.963
116.438 39.9631
116.438 39.9634
116.436 39.9646
116.429 39.9683
116.425 39.9682
116.42 39.968
116.42 39.968
116.398 39.9675
116.381 39.9671
116.376 39.9672
116.375 39.9675
116.375 39.9678
116.375 39.9682
116.37 39.9926
116.373 39.9926
116.373 39.9927
116.374 39.9927
116.374 39.9927
116.374 39.9891
116.375 39.9894
116.375 39.9896
116.375 39.9903
116.374 39.9884
116.374 39.9895
116.375 39.9901
116.375 39.9905
116.375 39.9905
116.375 39.9906
116.375 39.9906
116.375 39.9909
116.375 39.9904
116.375 39.9896
116.375 39.9892
116.375 39.9891
116.375 39.9891
116.377 39.9893
116.378 39.9893
116.379 39.9892
116.379 39.9896
116.379 39.9897
116.379 39.99
116.378 39.9903
116.378 39.9903
116.378 39.9899
116.378 39.9898
116.378 39.9895
116.378 39.9895
116.379 39.989
116.379 39.989
116.379 39.9881
116.379 39.9878
116.375 39.9867
116.375 39.9867
116.371 39.9865
116.37 39.9868
116.365 39.9862
116.365 39.9863
116.353 39.9859
116.348 39.9857
116.348 39.9857
116.347 39.9856
116.347 39.9853
116.347 39.9753
116.347 39.9753
116.343 39.9752
116.343 39.9751
116.343 39.9753
116.33 39.9752
116.33 39.9753
116.329 39.9753
116.329 39.9751
116.329 39.9751
116.332 39.9749
116.332 39.9743
116.332 39.9743
116.332 39.9743
116.332 39.9742
116.332 39.9738
116.333 39.967
116.333 39.9661
116.333 39.9661
116.352 39.9662
116.363 39.9661
116.363 39.9663
116.364 39.9662
116.38 39.9667
116.39 39.967
116.391 39.967
116.394 39.967
116.394 39.9671
116.394 39.9672
116.394 39.9672
116.394 39.9673
116.395 39.9671
116.395 39.9671
116.395 39.9671
116.405 39.9673
116.405 39.9672
116.41 39.9674
116.41 39.9674
116.41 39.9674
116.41 39.9674
116.411 39.9674
116.412 39.9674
116.412 39.9673
116.412 39.9659
116.412 39.9656
116.412 39.9576
116.412 39.9562
116.412 39.9561
116.412 39.9562
116.412 39.9561
116.412 39.9561
116.412 39.9563
116.412 39.9577
116.413 39.9578
116.419 39.9576
116.419 39.9577
116.419 39.9577
116.429 39.9579
116.428 39.9534
116.428 39.9533
116.433 39.9534
116.433 39.9534
116.433 39.9534
116.433 39.9532
116.433 39.953
116.434 39.9481
116.435 39.9479
116.435 39.9478
116.435 39.9476
116.435 39.9475
116.435 39.9474
116.434 39.9471
116.434 39.9468
116.434 39.9466
116.434 39.9465
116.433 39.9461
116.431 39.9435
116.428 39.9435
116.428 39.9436
116.423 39.9485
116.421 39.9484
116.42 39.9483
116.42 39.9483
116.419 39.948
116.419 39.94
116.42 39.9349
116.42 39.9328
116.42 39.9327
116.42 39.9325
116.426 39.932
116.427 39.9319
116.427 39.9315
116.427 39.9314
116.428 39.9296
116.428 39.9235
116.428 39.9231
116.428 39.9223
116.428 39.922
116.428 39.9219
116.429 39.9218
116.429 39.922
116.43 39.9228
116.43 39.9228
116.432 39.9228
116.432 39.9228
116.432 39.9228
116.432 39.9228
116.432 39.9228
116.432 39.9228
116.433 39.9228
116.433 39.9229
116.434 39.9227
116.435 39.9227
116.438 39.922
116.438 39.9218
116.439 39.9217
116.443 39.9221
116.444 39.9223
116.444 39.9222
116.444 39.9222
116.444 39.9222
116.444 39.922
116.444 39.922
116.444 39.922
116.444 39.922
116.444 39.9215
116.444 39.9201
116.443 39.9072
116.443 39.9072
116.412 39.9097
116.412 39.9097
116.412 39.9097
116.406 39.9129
116.406 39.9129
116.406 39.9128
116.406 39.9128
116.406 39.9128
116.407 39.9132
116.407 39.9132
116.407 39.914
116.41 39.9141
116.409 39.9137
116.409 39.9137
116.41 39.9138
116.412 39.914
116.412 39.9141
116.412 39.9141
116.413 39.9143
116.413 39.9143
116.413 39.9143
116.413 39.9142
116.413 39.9141
116.418 39.9141
116.419 39.9141
116.419 39.9141
116.42 39.9141
116.42 39.9142
116.42 39.9142
116.42 39.9143
116.42 39.9143
116.42 39.9141
116.421 39.9142
116.421 39.9144
116.42 39.9227
116.42 39.9225
116.42 39.928
116.42 39.928
116.421 39.9279
116.421 39.928
116.422 39.9279
116.422 39.9278
116.423 39.9278
116.424 39.9278
116.424 39.9277
116.425 39.9278
116.425 39.9276
116.426 39.9277
116.428 39.9278
116.428 39.9277
116.428 39.9268
116.428 39.9266
116.428 39.926
116.428 39.9249
116.428 39.9237
116.428 39.9235
116.428 39.9233
116.428 39.9231
116.428 39.9222
116.428 39.9214
116.428 39.9213
116.428 39.9209
116.428 39.9173
116.428 39.9173
116.428 39.9169
116.428 39.9168
116.428 39.9166
116.428 39.9165
116.428 39.9164
116.428 39.916
116.428 39.916
116.428 39.9158
116.428 39.9158
116.428 39.9157
116.428 39.9155
116.428 39.9154
116.428 39.9152
116.428 39.9149
116.428 39.9149
116.428 39.9149
116.428 39.9137
116.428 39.9135
116.428 39.9135
116.428 39.9134
116.428 39.9133
116.428 39.9132
116.428 39.913
116.428 39.9127
116.428 39.9126
116.429 39.9104
116.429 39.9102
116.429 39.9101
116.429 39.9083
116.429 39.9079
116.43 39.9042
116.43 39.9036
116.43 39.9036
116.43 39.8991
116.431 39.8985
116.432 39.8981
116.437 39.897
116.437 39.8965
116.438 39.8959
116.44 39.8782
116.44 39.8768
116.437 39.8701
116.436 39.8696
116.435 39.8693
116.434 39.8694
116.434 39.8694
116.433 39.8695
116.433 39.8695
116.433 39.8697
116.433 39.8697
116.433 39.8696
116.433 39.8693
116.433 39.8689
116.433 39.8687
116.433 39.8686
116.433 39.8684
116.433 39.8672
116.433 39.8661
116.432 39.8618
116.432 39.8592
116.433 39.8574
116.433 39.8573
116.434 39.8573
116.435 39.8573
116.444 39.8583
116.447 39.8601
116.45 39.86
116.45 39.8598
116.471 39.8422
116.491 39.8239
116.507 39.8134
116.507 39.8131
116.507 39.8127
116.506 39.8123
116.505 39.8116
116.505 39.8113
116.505 39.8111
116.518 39.7989
116.518 39.7987
116.517 39.7978
116.515 39.7971
116.515 39.7971
116.515 39.7973
116.514 39.7974
116.515 39.7975
116.515 39.7976
116.515 39.7979
116.514 39.798
116.514 39.7979
116.514 39.7979
116.514 39.7978
116.514 39.7976
116.515 39.7971
116.522 39.7881
116.525 39.7849
116.524 39.7846
116.521 39.7829
116.521 39.7828
116.525 39.7845
116.525 39.7844
116.538 39.7695
116.542 39.7666
116.542 39.7666
116.543 39.7648
116.544 39.7645
116.544 39.7645
116.554 39.7658
116.555 39.7657
116.562 39.7666
116.562 39.7664
116.567 39.7609
116.571 39.7614
116.572 39.7612
116.577 39.754
116.578 39.754
116.61 39.7575
116.613 39.7574
116.614 39.7568
116.615 39.7561
116.625 39.7559
116.627 39.756
116.626 39.7575
116.626 39.7576
116.539 39.7612
116.537 39.763
116.53 39.7702
116.526 39.7751
116.525 39.7776
116.524 39.778
116.524 39.7781
116.524 39.7781
116.524 39.7791
116.524 39.7793
116.528 39.7809
116.528 39.7811
116.526 39.7855
116.528 39.7861
116.528 39.7862
116.527 39.7862
116.527 39.7862
116.525 39.785
116.525 39.7851
116.518 39.7936
116.517 39.7938
116.515 39.7969
116.515 39.7969
116.511 39.7951
116.508 39.7981
116.506 39.8016
116.509 39.8028
116.509 39.8029
116.509 39.8031
116.509 39.8031
116.513 39.8047
116.518 39.7991
116.523 39.7924
116.523 39.7922
116.522 39.7917
116.521 39.7917
116.52 39.791
116.52 39.7909
116.52 39.7908
116.52 39.7904
116.524 39.7858
116.524 39.7858
116.524 39.7856
116.525 39.7849
116.524 39.7847
116.514 39.7799
116.514 39.78
116.513 39.7801
116.512 39.7824
116.512 39.7825
116.512 39.7825
116.509 39.7855
116.507 39.789
116.506 39.7888
116.504 39.7915
116.499 39.798
116.496 39.8011
116.491 39.8077
116.486 39.8137
116.475 39.8237
116.475 39.8237
116.47 39.8299
116.468 39.835
116.467 39.8359
116.466 39.8369
116.458 39.8331
116.453 39.8324
116.453 39.8326
116.451 39.842
116.45 39.8428
116.45 39.843
116.45 39.8434
116.45 39.8434
116.45 39.8435
116.45 39.8436
116.449 39.8451
116.449 39.8454
116.448 39.8494
116.448 39.8494
116.449 39.8492
116.449 39.8486
116.449 39.8486
116.449 39.8485
116.449 39.8485
116.449 39.8485
116.45 39.8485
116.45 39.8484
117.237 40.1548
117.237 40.1548
116.451 39.8485
116.451 39.8487
116.451 39.8487
116.451 39.8487
116.451 39.8487
116.451 39.8487
116.451 39.8487
116.451 39.8487
116.451 39.8488
116.451 39.8487
116.451 39.8487
116.451 39.8486
116.451 39.8484
116.45 39.8484
116.45 39.8484
116.45 39.8484
116.45 39.8485
116.45 39.8485
116.45 39.8485
116.449 39.8486
116.449 39.8486
116.449 39.8485
116.449 39.8489
116.449 39.849
116.449 39.8491
116.449 39.8493
116.449 39.8493
116.448 39.8494
116.448 39.8494
116.448 39.8495
116.448 39.8496
116.448 39.8505
116.448 39.8512
116.448 39.8518
116.448 39.8519
116.448 39.852
116.448 39.852
116.447 39.8522
116.448 39.8533
116.447 39.8545
116.446 39.8569
116.445 39.857
116.443 39.8574
116.443 39.8575
116.443 39.8578
116.443 39.8578
116.454 39.8662
116.455 39.8675
116.455 39.8699
116.455 39.8698
116.454 39.87
116.438 39.8707
116.438 39.8708
116.438 39.8709
116.44 39.8783
116.438 39.8963
116.437 39.8968
116.437 39.8974
116.435 39.8978
116.434 39.8983
116.432 39.8997
116.432 39.8997
116.432 39.8997
116.425 39.8995
116.414 39.8995
116.414 39.8996
116.414 39.8998
116.414 39.8999
116.414 39.9
116.416 39.9013
116.419 39.9034
116.419 39.9034
116.419 39.9035
116.42 39.9036
116.42 39.9036
116.421 39.9036
116.421 39.9037
116.421 39.9039
116.421 39.9041
116.421 39.9054
116.421 39.9069
116.433 39.907
116.435 39.9069
116.435 39.9069
116.435 39.9058
116.435 39.9058
116.435 39.9057
116.435 39.9057
116.436 39.9056
116.438 39.9058
116.438 39.9059
116.438 39.9061
116.438 39.907
116.444 39.907
116.443 39.907
116.444 39.907
116.455 39.9069
116.455 39.9068
116.455 39.9054
116.455 39.9054
116.455 39.9049
116.455 39.9045
116.455 39.8973
116.455 39.8964
116.455 39.8963
116.455 39.8796
116.454 39.8661
116.448 39.8611
116.447 39.8611
116.447 39.8616
116.447 39.8618
116.448 39.8618
116.448 39.8615
116.47 39.8428
116.487 39.827
116.507 39.8133
116.507 39.813
116.506 39.8127
116.505 39.8114
116.505 39.8111
116.515 39.8032
116.528 39.7864
116.528 39.7862
116.521 39.7831
116.513 39.7797
116.513 39.7794
116.513 39.7759
116.514 39.7756
116.514 39.7757
116.516 39.7753
116.516 39.7754
116.52 39.777
116.524 39.7789
116.525 39.778
116.525 39.7777
116.525 39.7777
116.524 39.7779
116.521 39.7826
116.518 39.7859
116.519 39.7861
116.522 39.7876
116.522 39.7879
116.52 39.7906
116.515 39.797
116.511 39.7953
116.508 39.7981
116.508 39.7981
116.506 39.8014
116.501 39.8076
116.501 39.8077
116.494 39.8048
116.486 39.8012
116.485 39.8008
116.485 39.8006
116.485 39.8006
116.485 39.8004
116.486 39.799
116.486 39.7989
116.486 39.7989
116.487 39.7972
116.487 39.797
116.483 39.7951
116.479 39.7929
116.476 39.7918
116.475 39.7919
116.471 39.7988
116.474 39.7991
116.474 39.7996
116.474 39.8006
116.472 39.8026
116.466 39.8073
116.442 39.8276
116.441 39.8314
116.441 39.8387
116.441 39.8424
116.441 39.8441
116.44 39.8445
116.439 39.8507
116.439 39.8511
116.439 39.8572
116.439 39.8573
116.443 39.8578
116.446 39.8594
116.447 39.8598
116.446 39.86
116.44 39.8576
116.426 39.8575
116.426 39.8574
116.426 39.8574
116.426 39.8571
116.426 39.8561
116.426 39.8561
116.427 39.8539
116.427 39.85
116.427 39.8499
116.427 39.8492
116.427 39.8482
116.422 39.8482
116.422 39.8483
116.422 39.8525
116.422 39.8526
116.422 39.8531
116.422 39.8539
116.422 39.8542
116.425 39.857
116.405 39.8558
116.392 39.8559
116.392 39.8561
116.392 39.8561
116.393 39.8563
116.393 39.8566
116.393 39.8566
116.393 39.8566
116.393 39.8566
116.393 39.8564
116.393 39.855
116.393 39.8548
116.393 39.8548
116.404 39.8555
116.405 39.8555
116.407 39.8555
116.407 39.8555
116.408 39.8555
116.408 39.858
116.408 39.8594
116.408 39.8604
116.408 39.8606
116.408 39.8606
116.408 39.8606
116.409 39.8606
116.413 39.8629
116.413 39.864
116.413 39.864
116.413 39.864
116.413 39.864
116.413 39.864
116.414 39.864
116.414 39.8641
116.415 39.8646
116.415 39.8646
116.415 39.8642
116.415 39.8648
116.415 39.8643
116.416 39.8567
116.415 39.8562
116.41 39.8558
116.398 39.8558
116.398 39.8559
116.393 39.8558
116.392 39.856
116.393 39.8561
116.393 39.8566
116.393 39.8566
116.393 39.8566
116.394 39.8533
116.394 39.8532
116.394 39.847
116.394 39.844
116.394 39.8439
116.391 39.8439
116.391 39.8437
116.391 39.8409
116.391 39.8409
116.391 39.8406
116.391 39.8393
116.391 39.8392
116.391 39.8367
116.391 39.8363
116.392 39.8366
116.393 39.8364
116.394 39.8355
116.395 39.8316
116.394 39.8314
116.393 39.831
116.367 39.8301
116.337 39.8298
116.308 39.8295
116.286 39.8299
116.283 39.831
116.282 39.8323
116.281 39.8349
116.281 39.835
116.278 39.8353
116.278 39.8353
116.278 39.8358
116.278 39.8358
116.277 39.8359
116.277 39.8359
116.277 39.8359
116.277 39.836
116.277 39.8359
116.277 39.8356
116.277 39.8357
116.278 39.8357
116.278 39.8356
116.278 39.8348
116.278 39.8347
116.281 39.8347
116.281 39.8345
116.283 39.8311
116.284 39.8298
116.284 39.8297
116.285 39.8293
116.302 39.8291
116.307 39.8291
116.307 39.8297
116.307 39.8297
116.307 39.8464
116.307 39.8465
116.31 39.8469
116.311 39.8469
116.319 39.8465
116.32 39.8464
116.32 39.8466
116.32 39.8481
116.32 39.8481
116.321 39.848
116.321 39.8479
116.321 39.8479
116.336 39.8475
116.353 39.8517
116.353 39.8518
116.353 39.8517
116.353 39.8488
116.353 39.8451
116.353 39.8411
116.353 39.8412
116.353 39.8389
116.353 39.8389
116.353 39.8292
116.352 39.8295
116.379 39.8302
116.394 39.8305
116.394 39.8304
116.394 39.8299
116.395 39.8232
116.395 39.8221
116.395 39.8221
116.396 39.8161
116.396 39.816
116.396 39.8122
116.396 39.8123
116.396 39.8122
116.396 39.8122
116.396 39.8123
116.396 39.8138
116.396 39.8139
116.396 39.8215
116.396 39.8216
116.396 39.8242
116.395 39.8353
116.395 39.8353
116.398 39.8346
116.399 39.8345
116.399 39.8347
116.401 39.8369
116.401 39.8376
116.401 39.8395
116.401 39.8397
116.402 39.84
116.402 39.8404
116.401 39.8423
116.395 39.8548
116.395 39.855
116.395 39.8553
116.396 39.8554
116.411 39.8556
116.415 39.8556
116.415 39.8556
116.416 39.8557
116.417 39.8561
116.417 39.8561
116.42 39.8565
116.42 39.8565
116.421 39.8566
116.422 39.8567
116.422 39.8567
116.422 39.8567
116.426 39.8569
116.426 39.8568
116.426 39.8544
116.426 39.8545
116.426 39.8558
116.426 39.8558
116.426 39.8564
116.426 39.8564
116.426 39.8568
116.426 39.8568
116.426 39.8569
116.426 39.857
116.43 39.8571
116.43 39.8572
116.431 39.8573
116.432 39.8574
116.443 39.8579
116.446 39.8594
116.454 39.8663
116.455 39.8676
116.455 39.8889
116.456 39.9051
116.456 39.9051
116.456 39.9051
116.457 39.9059
116.457 39.9061
116.467 39.9069
116.485 39.9067
116.486 39.9064
116.486 39.9061
116.486 39.9058
116.485 39.9056
116.485 39.9057
116.484 39.9059
116.484 39.9062
116.484 39.93
116.484 39.9323
116.489 39.9327
116.49 39.9303
116.49 39.9301
116.492 39.9301
116.498 39.9303
116.498 39.9302
116.498 39.93
116.498 39.9299
116.498 39.9299
116.498 39.9278
116.498 39.9277
116.498 39.9275
116.498 39.9274
116.498 39.9272
116.498 39.9272
116.497 39.9271
116.496 39.927
116.496 39.9221
116.496 39.9221
116.496 39.922
116.495 39.9219
116.484 39.9218
116.484 39.922
116.484 39.9222
116.484 39.9428
116.466 39.9693
116.466 39.9719
116.485 39.9892
116.509 40.0112
116.517 40.0163
116.53 40.0211
116.53 40.0211
116.532 40.0216
116.568 40.0362
116.586 40.0538
116.586 40.0538
116.586 40.0539
116.586 40.0539
116.582 40.059
116.582 40.0591
116.581 40.0594
116.581 40.0596
116.579 40.0598
116.574 40.0603
116.571 40.0606
116.571 40.0606
116.564 40.0612
116.564 40.0613
116.562 40.07
116.562 40.07
116.567 40.0705
116.567 40.0707
116.567 40.0707
116.567 40.0708
116.567 40.0709
116.567 40.0719
116.567 40.072
116.566 40.0721
116.566 40.0721
116.566 40.0722
116.566 40.0722
116.564 40.072
116.564 40.0719
116.564 40.0719
116.564 40.0718
116.564 40.0715
116.564 40.0702
116.564 40.0702
116.563 40.07
116.562 40.07
116.562 40.0699
116.562 40.0698
116.564 40.0643
116.58 40.0624
116.582 40.0622
116.583 40.0623
116.583 40.0624
116.581 40.0735
116.58 40.0759
116.58 40.0759
116.58 40.0759
116.58 40.0763
116.58 40.0763
116.581 40.0764
116.581 40.0764
116.582 40.0765
116.582 40.0763
116.582 40.0746
116.582 40.0746
116.583 40.0746
116.583 40.0749
116.583 40.0757
116.583 40.0759
116.583 40.076
116.583 40.0759
116.583 40.0753
116.582 40.0712
116.582 40.0697
116.582 40.0696
116.584 40.0599
116.584 40.0599
116.585 40.0561
116.586 40.0548
116.586 40.0546
116.586 40.0546
116.585 40.0548
116.582 40.0591
116.582 40.0591
116.581 40.0595
116.579 40.0599
116.562 40.0613
116.561 40.0614
116.561 40.0613
116.505 40.0088
116.501 40.0057
116.486 39.9913
116.482 39.9879
116.482 39.988
116.48 39.989
116.48 39.9891
116.467 39.9974
116.467 39.9976
116.466 39.9983
116.465 39.9984
116.465 39.9982
116.462 39.9959
116.462 39.9959
116.462 39.9956
116.462 39.9954
116.462 39.9924
116.464 39.9911
116.456 39.9764
116.455 39.9757
116.455 39.9756
116.455 39.9757
116.45 39.9787
116.461 39.9704
116.46 39.9692
116.46 39.9682
116.449 39.9586
116.439 39.9503
116.439 39.9502
116.439 39.95
116.439 39.9498
116.44 39.9491
116.44 39.949
116.437 39.9463
116.433 39.9423
116.433 39.942
116.433 39.9412
116.433 39.9409
116.433 39.9399
116.433 39.9399
116.433 39.9398
116.432 39.9398
116.428 39.9398
116.428 39.94
116.427 39.9399
116.426 39.9397
116.416 39.9396
116.414 39.9396
116.413 39.9396
116.413 39.9396
116.411 39.9395
116.411 39.9395
116.411 39.9394
116.411 39.9357
116.411 39.9322
116.411 39.9321
116.419 39.9322
116.419 39.9322
116.427 39.9322
116.427 39.9322
116.429 39.932
116.429 39.9322
116.429 39.9323
116.437 39.9323
116.444 39.9323
116.444 39.9323
116.449 39.932
116.449 39.9312
116.449 39.9312
116.451 39.931
116.451 39.9308
116.451 39.9307
116.451 39.9307
116.451 39.9305
116.451 39.9302
116.451 39.9299
116.451 39.9299
116.451 39.9299
116.452 39.9298
116.452 39.9295
116.451 39.9295
116.451 39.9295
116.451 39.9295
116.451 39.9295
116.451 39.9295
116.451 39.9295
116.451 39.9296
116.451 39.9296
116.451 39.9297
116.451 39.9302
116.451 39.9305
116.451 39.9306
116.451 39.9306
116.451 39.9307
116.451 39.9308
116.451 39.931
116.451 39.9312
116.45 39.9312
116.45 39.9312
116.449 39.9312
116.449 39.9311
116.449 39.931
116.449 39.9273
116.449 39.9258
116.449 39.9257
116.44 39.9256
116.44 39.9256
116.44 39.9254
116.44 39.9222
116.44 39.9223
116.44 39.9222
116.44 39.9221
116.44 39.9219
116.44 39.9218
116.441 39.9217
116.444 39.9214
116.444 39.9212
116.444 39.9207
116.444 39.9206
116.438 39.9212
116.438 39.9211
116.435 39.9212
116.435 39.9211
116.435 39.9225
116.435 39.9225
116.435 39.9227
116.435 39.9227
116.435 39.9227
116.435 39.9227
116.444 39.9215
116.444 39.9214
116.446 39.9205
116.446 39.9205
116.447 39.9205
116.447 39.9208
116.447 39.9219
116.447 39.922
116.448 39.922
116.456 39.9443
116.456 39.948
116.456 39.9481
116.462 39.9499
116.462 39.9498
116.462 39.9496
116.463 39.9433
116.463 39.9431
116.463 39.9431
116.461 39.9427
116.461 39.9427
116.46 39.9427
116.46 39.9426
116.46 39.9425
116.46 39.9425
116.46 39.9425
116.462 39.943
116.463 39.9431
116.463 39.9432
116.468 39.9356
116.466 39.9295
116.466 39.9295
116.465 39.9291
116.461 39.9281
116.459 39.9276
116.483 39.9258
116.586 39.804
116.586 39.804
116.586 39.804
116.586 39.804
116.586 39.804
116.586 39.804
116.586 39.804
116.586 39.804
116.586 39.804
116.586 39.804
116.586 39.804
116.586 39.804
116.586 39.804
116.586 39.804
116.586 39.804
116.586 39.804
116.586 39.804
116.586 39.804
116.586 39.804
116.586 39.804
116.586 39.804
116.551 39.7502
116.551 39.7502
116.551 39.7502
116.551 39.7502
116.551 39.745
116.551 39.745
116.556 39.746
116.576 39.7544
116.576 39.7544
116.576 39.7542
116.576 39.7539
116.577 39.7538
116.613 39.7573
116.614 39.7568
116.616 39.756
116.626 39.7559
116.627 39.756
116.627 39.7562
116.626 39.7594
116.626 39.7596
116.626 39.7596
116.626 39.7582
116.627 39.756
116.627 39.7559
116.626 39.7559
116.615 39.7561
116.613 39.7575
116.596 39.7573
116.594 39.757
116.593 39.7567
116.592 39.7566
116.592 39.7564
116.618 39.7382
116.618 39.7382
116.625 39.7334
116.576 39.7561
116.571 39.7616
116.571 39.7617
116.566 39.7615
116.565 39.7629
116.564 39.7629
116.561 39.7617
116.55 39.7624
116.547 39.7616
116.547 39.7617
116.542 39.7663
116.528 39.7809
116.528 39.7809
116.524 39.779
116.524 39.7792
116.521 39.7827
116.52 39.7827
116.514 39.7799
116.513 39.7801
116.504 39.7916
116.503 39.7915
116.495 39.7877
116.495 39.7878
116.493 39.7907
116.491 39.7898
116.491 39.7898
116.491 39.7898
116.491 39.7897
116.491 39.7897
116.491 39.7897
116.491 39.7898
116.491 39.7899
116.491 39.7898
116.489 39.7888
116.488 39.7889
116.486 39.792
116.486 39.7923
116.487 39.7946
116.486 39.7947
116.483 39.7951
116.484 39.7951
116.483 39.7951
116.481 39.7941
116.479 39.7929
116.479 39.7929
116.476 39.7914
116.474 39.7763
116.472 39.7804
116.473 39.7963
116.471 39.7987
116.472 39.799
116.452 39.6901
116.452 39.6901
116.458 39.6131
116.412 39.6492
116.412 39.6492
116.412 39.6492
116.412 39.6492
116.412 39.6492
116.412 39.6492
116.412 39.6492
116.412 39.6492
116.412 39.6492
116.412 39.6492
116.448 39.8981
116.449 39.8981
116.45 39.898
116.45 39.8978
116.45 39.8969
116.45 39.8928
116.45 39.8926
116.439 39.8924
116.438 39.8926
116.438 39.8928
116.438 39.8941
116.438 39.8946
116.438 39.8965
116.436 39.8976
116.43 39.8995
116.43 39.8998
116.429 39.9156
116.427 39.9304
116.428 39.9308
116.427 39.9321
116.427 39.9323
116.426 39.932
116.42 39.933
116.42 39.9329
116.417 39.9325
116.416 39.9325
116.416 39.9326
116.416 39.9326
116.416 39.9324
116.416 39.9323
116.411 39.9323
116.411 39.9323
116.411 39.9322
116.411 39.932
116.411 39.9308
116.411 39.9305
116.411 39.9266
116.411 39.9261
116.411 39.9261
116.411 39.9248
116.411 39.9239
116.411 39.9235
116.411 39.9178
116.411 39.9177
116.411 39.9174
116.411 39.9173
116.412 39.9113
116.411 39.9113
116.411 39.9109
116.412 39.9108
116.412 39.9107
116.412 39.9106
116.412 39.9105
116.412 39.91
116.412 39.9101
116.412 39.9101
116.412 39.9101
116.412 39.9109
116.412 39.9106
116.411 39.9093
116.411 39.9091
116.41 39.9068
116.426 39.9071
116.435 39.9071
116.436 39.9072
116.456 39.9061
116.456 39.9055
116.456 39.9058
116.455 39.9179
116.454 39.9181
116.456 39.9219
116.457 39.9222
116.461 39.922
116.461 39.922
116.461 39.922
116.461 39.9222
116.461 39.9242
116.462 39.9242
116.462 39.9242
116.462 39.9236
116.462 39.9236
116.462 39.9231
116.462 39.9233
116.462 39.9235
116.462 39.9235
116.462 39.9236
116.462 39.9243
116.462 39.9243
116.462 39.9243
116.462 39.9243
116.463 39.9242
116.464 39.9242
116.464 39.9243
116.464 39.9243
116.464 39.9243
116.465 39.9243
116.466 39.9244
116.466 39.9244
116.466 39.9244
116.466 39.9244
116.466 39.9244
116.466 39.9243
116.467 39.9243
116.467 39.9243
116.467 39.9243
116.467 39.9224
116.468 39.9216
116.468 39.9216
116.472 39.9215
116.472 39.9213
116.472 39.9179
116.472 39.9152
116.472 39.9123
116.472 39.9123
116.471 39.9123
116.471 39.9123
116.47 39.9124
116.47 39.9123
116.468 39.9084
116.467 39.9075
116.467 39.9071
116.467 39.9072
116.467 39.9072
116.466 39.9074
116.466 39.9074
116.465 39.9078
116.465 39.9079
116.468 39.91
116.472 39.9085
116.472 39.9089
116.472 39.9089
116.472 39.9089
116.472 39.9089
116.472 39.9087
116.472 39.9083
116.472 39.9073
116.472 39.9066
116.472 39.9066
116.474 39.9054
116.495 39.9067
116.53 39.9081
116.564 39.9082
116.597 39.9078
116.602 39.9073
116.606 39.9063
116.615 39.9076
116.616 39.9085
116.616 39.9085
116.635 39.9205
116.636 39.9211
116.638 39.9216
116.674 39.9227
116.709 39.9224
116.743 39.93
116.76 39.9339
116.77 39.9384
116.795 39.9422
116.808 39.9427
116.823 39.9436
116.834 39.9447
116.835 39.9447
116.842 39.9454
116.842 39.9455
116.865 39.9472
116.866 39.9473
116.866 39.9474
116.866 39.9478
116.867 39.9478
116.867 39.9479
116.867 39.9481
116.825 39.9439
116.81 39.9427
116.81 39.9428
116.809 39.9428
116.809 39.9428
116.808 39.9429
116.807 39.943
116.807 39.943
116.805 39.9431
116.802 39.9431
116.802 39.943
116.796 39.9424
116.796 39.9424
116.796 39.9424
116.796 39.9426
116.793 39.9494
116.793 39.9494
116.793 39.9493
116.794 39.9472
116.796 39.943
116.796 39.943
116.796 39.9429
116.796 39.9428
116.796 39.9425
116.796 39.9424
116.784 39.9402
116.785 39.9394
116.759 39.9345
116.759 39.9344
116.731 39.9271
116.697 39.9224
116.663 39.9222
116.651 39.9215
116.651 39.9214
116.651 39.9212
116.654 39.9213
116.655 39.9213
116.655 39.9213
116.657 39.9211
116.659 39.9192
116.672 39.9088
116.673 39.9085
116.684 39.9019
116.684 39.9018
116.694 39.8933
116.694 39.893
116.693 39.8928
116.69 39.8915
116.69 39.8914
116.689 39.8912
116.684 39.8912
116.684 39.8912
116.684 39.8913
116.683 39.8913
116.679 39.8912
116.679 39.8913
116.679 39.891
116.679 39.891
116.679 39.8907
116.68 39.8886
116.676 39.8868
116.68 39.882
116.68 39.882
116.68 39.8818
116.67 39.8775
116.667 39.8753
116.659 39.8747
116.659 39.8746
116.645 39.8748
116.644 39.8753
116.64 39.8783
116.64 39.8785
116.648 39.887
116.648 39.8871
116.65 39.8895
116.65 39.8897
116.65 39.8899
116.65 39.89
116.639 39.893
116.639 39.8931
116.639 39.8932
116.639 39.8932
116.637 39.8945
116.637 39.8945
116.636 39.8969
116.636 39.898
116.635 39.8984
116.634 39.8997
116.633 39.9006
116.633 39.9008
116.633 39.901
116.632 39.9012
116.632 39.9016
116.631 39.9016
116.63 39.9015
116.63 39.9012
116.631 39.9014
116.631 39.9014
116.631 39.9014
116.632 39.9014
116.632 39.9013
116.634 39.8986
116.635 39.8983
116.638 39.8935
116.637 39.8806
116.637 39.8797
116.64 39.8784
116.645 39.8627
116.645 39.8626
116.645 39.8504
116.653 39.8506
116.653 39.8506
116.653 39.8504
116.652 39.8309
116.652 39.8107
116.652 39.8023
116.652 39.8023
116.651 39.8019
116.64 39.7923
116.64 39.7922
116.64 39.7923
116.64 39.7921
116.64 39.7921
116.641 39.7921
116.642 39.7914
116.642 39.7914
116.642 39.7914
116.646 39.7909
116.646 39.7908
116.646 39.7905
116.646 39.7899
116.646 39.7865
116.646 39.7866
116.646 39.7869
116.646 39.7868
116.646 39.7867
116.646 39.7864
116.646 39.7606
116.647 39.752
116.647 39.7517
116.647 39.7517
116.647 39.7517
116.647 39.7518
116.646 39.7559
116.646 39.7559
116.627 39.7561
116.626 39.7566
116.626 39.7569
116.626 39.7569
116.626 39.7576
116.626 39.7576
116.626 39.7575
116.626 39.7576
116.626 39.7575
116.626 39.7576
116.626 39.7578
116.626 39.7585
116.626 39.7585
116.626 39.7575
116.626 39.7575
116.627 39.756
116.627 39.7559
116.615 39.7561
116.615 39.7565
116.613 39.7575
116.604 39.7575
116.594 39.757
116.578 39.7541
116.578 39.7542
116.575 39.7567
116.575 39.7567
116.575 39.7566
116.571 39.7554
116.571 39.7554
116.571 39.7552
116.571 39.755
116.572 39.7542
116.571 39.7539
116.57 39.7535
116.557 39.7474
116.556 39.7475
116.555 39.7486
116.554 39.7499
116.552 39.7516
116.552 39.7517
116.551 39.7525
116.551 39.7526
116.551 39.7524
116.551 39.7457
116.551 39.7457
116.551 39.7456
116.551 39.7456
116.54 39.7455
116.54 39.7458
116.54 39.746
116.54 39.76
116.537 39.7628
116.537 39.7629
116.537 39.763
116.537 39.7632
116.537 39.7632
116.537 39.7632
116.535 39.7621
116.533 39.762
116.532 39.7623
116.522 39.7661
116.522 39.7661
116.503 39.7756
116.491 39.779
116.479 39.7923
116.479 39.7923
116.479 39.7924
116.474 39.8006
116.466 39.8075
116.461 39.8128
116.448 39.8226
116.448 39.8226
116.442 39.8284
116.442 39.8284
116.441 39.8304
116.441 39.8303
116.442 39.828
116.444 39.8253
116.445 39.8248
116.445 39.8245
116.448 39.8227
116.448 39.8228
116.448 39.8227
116.449 39.8255
116.449 39.8256
116.45 39.827
116.45 39.827
116.45 39.8276
116.45 39.8276
116.45 39.8276
116.451 39.8276
116.451 39.8275
116.451 39.8276
116.452 39.8275
116.452 39.8275
116.452 39.8279
116.452 39.828
116.452 39.828
116.452 39.8284
116.452 39.8285
116.453 39.8314
116.453 39.8325
116.451 39.8423
116.45 39.843
116.45 39.8431
116.451 39.8432
116.451 39.8432
116.452 39.8432
116.452 39.8432
116.452 39.843
116.452 39.8425
116.452 39.842
116.452 39.8418
116.454 39.8416
116.454 39.8418
116.455 39.842
116.454 39.8415
116.454 39.8415
116.454 39.8415
116.454 39.8415
116.453 39.8416
116.452 39.8416
116.452 39.8415
116.452 39.8416
116.452 39.8422
116.452 39.8428
116.452 39.843
116.452 39.843
116.451 39.843
116.451 39.843
116.45 39.8429
116.451 39.8378
116.453 39.834
116.454 39.8318
116.461 39.8336
116.462 39.8338
116.462 39.8338
116.462 39.8319
116.462 39.8293
116.462 39.8281
116.462 39.828
116.462 39.828
116.462 39.8279
116.461 39.8281
116.461 39.828
116.461 39.8279
116.462 39.8279
116.462 39.828
116.462 39.8281
116.462 39.8294
116.462 39.8334
116.462 39.834
116.466 39.8367
116.466 39.8368
116.466 39.8374
116.466 39.8374
116.463 39.8398
116.463 39.8401
116.463 39.8437
116.459 39.8489
116.46 39.8541
116.459 39.8547
116.458 39.8552
116.457 39.8552
116.45 39.8605
116.45 39.8625
116.45 39.8625
116.455 39.8673
116.455 39.8676
116.455 39.8676
116.455 39.8699
116.455 39.87
116.471 39.87
116.471 39.87
116.471 39.87
116.471 39.8702
116.471 39.8747
116.471 39.8747
116.471 39.8747
116.471 39.8761
116.471 39.8762
116.471 39.8762
116.471 39.8778
116.471 39.8826
116.471 39.8826
116.471 39.887
116.471 39.8871
116.472 39.8912
116.471 39.8911
116.471 39.8912
116.471 39.8916
116.471 39.8917
116.472 39.8917
116.483 39.8908
116.483 39.8906
116.483 39.8903
116.483 39.8885
116.483 39.8884
116.483 39.883
116.483 39.8829
116.483 39.8829
116.481 39.8829
116.471 39.8832
116.471 39.8834
116.471 39.8871
116.471 39.8914
116.471 39.8915
116.471 39.8916
116.471 39.8916
116.471 39.8917
116.471 39.892
116.471 39.892
116.47 39.8921
116.469 39.8921
116.468 39.8921
116.468 39.8921
116.467 39.8922
116.457 39.8922
116.456 39.8924
116.456 39.8924
116.456 39.8925
116.456 39.8927
116.455 39.8954
116.455 39.8958
116.456 39.9085
116.456 39.9085
116.456 39.9085
116.456 39.9083
116.456 39.9072
116.456 39.9072
116.446 39.9071
116.432 39.9072
116.422 39.9071
116.422 39.9071
116.409 39.9069
116.409 39.9072
116.409 39.9074
116.408 39.9074
116.408 39.9074
116.408 39.9073
116.408 39.9074
116.408 39.9079
116.408 39.9079
116.408 39.9079
116.408 39.9079
116.408 39.908
116.408 39.9081
116.409 39.9081
116.409 39.9081
116.409 39.9081
116.409 39.9081
116.409 39.9082
116.409 39.9082
116.409 39.9084
116.409 39.9085
116.409 39.9087
116.41 39.9088
116.41 39.909
116.41 39.909
116.411 39.9091
116.411 39.9086
116.411 39.9087
116.411 39.9088
116.411 39.9089
116.411 39.9089
116.411 39.9089
116.411 39.9089
116.411 39.9089
116.412 39.907
116.411 39.9069
116.405 39.9068
116.401 39.9068
116.4 39.907
116.401 39.9115
116.401 39.9116
116.401 39.9136
116.4 39.9171
116.4 39.9184
116.4 39.9184
116.4 39.9229
116.4 39.9229
116.397 39.9228
116.397 39.9223
116.396 39.9222
116.395 39.9221
116.385 39.9217
116.385 39.9215
116.384 39.9209
116.383 39.921
116.382 39.9212
116.378 39.9212
116.375 39.9213
116.374 39.9213
116.374 39.9215
116.374 39.9256
116.374 39.9257
116.374 39.9264
116.374 39.9264
116.376 39.9265
116.376 39.9267
116.376 39.9287
116.376 39.9309
116.376 39.9308
116.376 39.9311
116.376 39.9312
116.376 39.9313
116.376 39.9314
116.376 39.9315
116.377 39.9318
116.371 39.9315
116.371 39.9315
116.357 39.9303
116.349 39.9306
116.351 39.9124
116.351 39.9104
116.262 39.8919
116.262 39.8919
116.262 39.8919
116.262 39.8919
116.262 39.8919
116.262 39.8919
116.262 39.8919
116.262 39.8919
116.262 39.8919
116.262 39.8919
116.262 39.8919
116.262 39.8919
116.262 39.8919
116.262 39.8919
116.262 39.8919
116.262 39.8919
116.262 39.8919
116.262 39.8919
116.262 39.8919
116.262 39.8919
116.262 39.8919
116.262 39.8919
116.262 39.8919
116.262 39.8919
116.262 39.8919
116.262 39.8919
116.262 39.8919
116.262 39.8919
116.456 39.8887
116.456 39.8888
116.456 39.8892
116.456 39.8892
116.456 39.8893
116.456 39.8898
116.456 39.8919
116.456 39.892
116.461 39.8918
116.461 39.8918
116.471 39.8918
116.484 39.8918
116.489 39.892
116.497 39.8919
116.497 39.8921
116.496 39.8944
116.497 39.9007
116.496 39.9008
116.495 39.9007
116.495 39.9007
116.495 39.9007
116.496 39.9007
116.496 39.9007
116.496 39.9006
116.497 39.9006
116.497 39.8997
116.496 39.8997
116.496 39.8997
116.495 39.8997
116.494 39.8998
116.488 39.8994
116.488 39.8994
116.487 39.8995
116.484 39.8994
116.484 39.8995
116.484 39.8979
116.483 39.8978
116.481 39.8978
116.48 39.8984
116.479 39.8995
116.478 39.8991
116.478 39.8993
116.477 39.8991
116.478 39.8991
116.478 39.8991
116.478 39.899
116.478 39.8991
116.477 39.8992
116.477 39.8992
116.472 39.8991
116.471 39.8991
116.471 39.8989
116.471 39.8984
116.471 39.892
116.471 39.892
116.467 39.8921
116.463 39.8921
116.456 39.8922
116.456 39.8921
116.456 39.8919
116.471 39.8914
116.471 39.8876
116.472 39.8876
116.472 39.8884
116.472 39.8885
116.472 39.8892
116.472 39.8892
116.472 39.8893
116.472 39.8894
116.471 39.8916
116.471 39.8917
116.471 39.892
116.471 39.8921
116.47 39.8922
116.47 39.8922
116.47 39.8922
116.47 39.8922
116.469 39.8922
116.469 39.8922
116.469 39.8921
116.469 39.8921
116.468 39.8922
116.468 39.8922
116.468 39.8922
116.468 39.8921
116.467 39.8922
116.467 39.8922
116.456 39.8923
116.456 39.8924
116.456 39.8924
116.456 39.8922
116.456 39.8922
116.456 39.8924
116.456 39.907
116.456 39.9087
116.456 39.9086
116.454 39.9085
116.452 39.9068
116.452 39.9073
116.452 39.9074
116.452 39.9078
116.452 39.9078
116.452 39.908
116.452 39.9094
116.452 39.9105
116.457 39.9138
116.457 39.9132
116.457 39.9126
116.456 39.9069
116.456 39.9068
116.456 39.9069
116.46 39.9069
116.471 39.9066
116.472 39.9067
116.472 39.9066
116.472 39.9062
116.472 39.9058
116.472 39.9057
116.471 39.9057
116.471 39.9057
116.471 39.9057
116.47 39.9057
116.469 39.9058
116.469 39.9058
116.468 39.9058
116.468 39.9061
116.468 39.9066
116.468 39.9067
116.471 39.9069
116.471 39.9071
116.471 39.9069
116.466 39.9071
116.458 39.9073
116.458 39.9074
116.458 39.9074
116.434 39.9072
116.429 39.9074
116.429 39.9075
116.429 39.9085
116.429 39.9086
116.429 39.9085
116.43 39.9046
116.43 39.904
116.429 39.9037
116.429 39.9037
116.421 39.9048
116.421 39.9047
116.421 39.9038
116.421 39.9036
116.421 39.9036
116.418 39.9037
116.418 39.9064
116.418 39.9065
116.418 39.9067
116.419 39.9068
116.434 39.907
116.435 39.9069
116.435 39.9069
116.435 39.9067
116.435 39.9056
116.435 39.9057
116.435 39.9058
116.436 39.9057
116.436 39.9057
116.436 39.9058
116.438 39.9059
116.438 39.906
116.438 39.9062
116.438 39.907
116.453 39.9073
116.452 39.9074
116.452 39.9074
116.452 39.9074
116.452 39.9073
116.452 39.9074
116.452 39.9074
116.452 39.9077
116.452 39.908
116.452 39.9081
116.452 39.9081
116.452 39.9081
116.451 39.9087
116.452 39.9104
116.452 39.9104
116.452 39.9105
116.451 39.9106
116.451 39.9107
116.452 39.9118
116.452 39.912
116.455 39.9121
116.455 39.9119
116.455 39.9061
116.455 39.9053
116.455 39.9036
116.455 39.8994
116.455 39.8927
116.455 39.8925
116.455 39.888
116.455 39.888
116.452 39.8881
116.453 39.888
116.453 39.8879
116.453 39.8877
116.453 39.8872
116.453 39.8869
116.453 39.8868
116.454 39.8817
116.454 39.8817
116.454 39.8817
116.454 39.8817
116.454 39.8817
116.454 39.8817
116.454 39.8817
116.454 39.8817
116.454 39.8817
116.454 39.8817
116.454 39.8817
116.454 39.8817
116.454 39.8817
116.454 39.8817
116.454 39.8817
116.454 39.8817
116.454 39.8817
116.454 39.8817
116.454 39.8817
116.454 39.8817
116.454 39.8817
116.454 39.8817
116.454 39.8817
116.454 39.8817
116.454 39.8817
116.454 39.8817
116.454 39.8817
116.454 39.8817
116.357 39.8877
116.367 39.8877
116.378 39.8879
116.378 39.8879
116.389 39.889
116.39 39.8894
116.406 39.8913
116.412 39.8914
116.412 39.8913
116.412 39.891
116.413 39.8874
116.413 39.8862
116.414 39.8828
116.415 39.8798
116.415 39.8635
116.416 39.8565
116.416 39.8561
116.417 39.8531
116.418 39.853
116.417 39.8483
116.418 39.8483
116.422 39.8482
116.422 39.848
116.422 39.8386
116.422 39.8385
116.422 39.8384
116.422 39.8383
116.433 39.8316
116.433 39.8307
116.434 39.8307
116.458 39.8327
116.463 39.8348
116.471 39.8396
116.473 39.8395
116.474 39.8391
116.476 39.8369
116.476 39.8368
116.485 39.829
116.507 39.8133
116.507 39.813
116.506 39.8128
116.505 39.8115
116.505 39.8113
116.505 39.8111
116.505 39.8111
116.513 39.8045
116.516 39.8019
116.516 39.8018
116.512 39.8001
116.514 39.7979
116.515 39.7978
116.515 39.7976
116.515 39.7975
116.515 39.7974
116.525 39.7848
116.521 39.783
116.522 39.783
116.525 39.7846
116.525 39.7845
116.526 39.7838
116.526 39.7837
116.542 39.7666
116.542 39.7666
116.55 39.7571
116.55 39.7571
116.551 39.7519
116.551 39.7498
116.551 39.7498
116.551 39.7498
116.551 39.7499
116.551 39.75
116.551 39.75
116.551 39.7501
116.551 39.75
116.551 39.7488
116.551 39.745
116.551 39.745
116.556 39.7461
116.557 39.7469
116.558 39.7469
116.558 39.7469
116.561 39.7456
116.562 39.7445
116.562 39.7445
116.568 39.7375
116.568 39.7375
116.585 39.7396
116.586 39.7397
116.585 39.7409
116.584 39.7437
116.584 39.7437
116.584 39.7437
116.584 39.7447
116.583 39.7447
116.577 39.7447
116.577 39.7449
116.576 39.7537
116.576 39.7538
116.587 39.7556
116.589 39.7559
116.599 39.7574
116.613 39.7574
116.616 39.7559
116.627 39.756
116.626 39.7596
116.623 39.7574
116.623 39.7576
116.623 39.7576
116.624 39.7579
116.624 39.758
116.624 39.7579
116.624 39.758
116.624 39.7581
116.624 39.7582
116.624 39.7583
116.624 39.7583
116.624 39.7584
116.624 39.7582
116.624 39.758
116.624 39.7582
116.624 39.7582
116.624 39.7581
116.624 39.758
116.624 39.7581
116.624 39.7578
116.625 39.7591
116.625 39.7592
116.625 39.7594
116.625 39.7594
116.303 39.8657
116.302 39.8661
116.282 39.8646
116.279 39.8647
116.278 39.865
116.278 39.865
116.273 39.8727
116.268 39.8951
116.269 39.8976
116.267 39.8989
116.26 39.8993
116.26 39.8993
116.256 39.8991
116.252 39.8991
116.252 39.9008
116.252 39.8991
116.247 39.8991
116.247 39.899
116.247 39.8989
116.247 39.897
116.247 39.8958
116.273 39.8958
116.302 39.8958
116.329 39.896
116.34 39.8965
116.342 39.8963
116.342 39.8961
116.342 39.8957
116.343 39.8776
116.343 39.8685
116.343 39.8685
116.343 39.8678
116.345 39.8673
116.346 39.8671
116.373 39.8692
116.387 39.8699
116.387 39.8698
116.387 39.8683
116.387 39.868
116.387 39.8679
116.387 39.8678
116.387 39.8677
116.385 39.8674
116.385 39.8674
116.385 39.8674
116.385 39.8674
116.385 39.8668
116.386 39.8676
116.386 39.8676
116.387 39.8676
116.387 39.8678
116.387 39.8698
116.387 39.8698
116.394 39.8638
116.394 39.8639
116.394 39.8639
116.393 39.8638
116.393 39.8636
116.393 39.86
116.394 39.8479
116.394 39.8396
116.394 39.8398
116.395 39.8359
116.395 39.8357
116.395 39.8316
116.395 39.8316
116.394 39.8314
116.394 39.8314
116.394 39.8309
116.381 39.8305
116.381 39.8304
116.382 39.8303
116.384 39.8301
116.391 39.8298
116.391 39.8298
116.391 39.8298
116.391 39.8297
116.39 39.8295
116.39 39.8289
116.39 39.8289
116.39 39.8289
116.39 39.8289
116.39 39.8289
116.39 39.8289
116.39 39.829
116.39 39.8292
116.39 39.8293
116.391 39.8299
116.391 39.8298
116.391 39.8299
116.391 39.8301
116.394 39.8304
116.394 39.8303
116.394 39.8303
116.395 39.8301
116.396 39.8301
116.396 39.8302
116.397 39.8306
116.406 39.8306
116.411 39.8306
116.424 39.8307
116.44 39.8305
116.44 39.8305
116.44 39.8305
116.44 39.8305
116.44 39.8305
116.44 39.8305
116.441 39.8305
116.441 39.8303
116.444 39.8261
116.445 39.8249
116.445 39.8248
116.445 39.8248
116.445 39.8247
116.445 39.8247
116.445 39.8246
116.445 39.8246
116.444 39.8247
116.489 39.7888
116.489 39.7888
116.491 39.7901
116.492 39.7901
116.493 39.7908
116.493 39.7908
116.493 39.7906
116.493 39.7905
116.498 39.7845
116.499 39.7844
116.504 39.7832
116.505 39.7834
116.509 39.7853
116.509 39.7853
116.509 39.7852
116.513 39.7799
116.513 39.7784
116.513 39.7761
116.513 39.776
116.516 39.7752
116.516 39.7751
116.515 39.7729
116.515 39.7726
116.515 39.7726
116.516 39.7754
116.52 39.7771
116.517 39.7808
116.517 39.7811
116.521 39.7828
116.521 39.783
116.52 39.7833
116.516 39.7888
116.513 39.7919
116.511 39.795
116.511 39.7951
116.513 39.796
116.513 39.796
116.515 39.797
116.515 39.7972
116.515 39.7976
116.515 39.7977
116.515 39.7977
116.515 39.7979
116.515 39.7985
116.515 39.7986
116.515 39.7984
116.515 39.7979
116.522 39.788
116.525 39.7849
116.525 39.7848
116.521 39.7829
116.521 39.7828
116.521 39.7829
116.525 39.7845
116.525 39.7844
116.526 39.7835
116.526 39.7836
116.526 39.7838
116.525 39.7846
116.525 39.7848
116.528 39.7861
116.528 39.7862
116.527 39.7862
116.514 39.7799
116.513 39.78
116.513 39.7803
116.504 39.7916
116.504 39.7916
116.495 39.7877
116.495 39.7878
116.494 39.7894
116.494 39.7893
116.494 39.7893
116.496 39.7876
116.496 39.7876
116.504 39.7915
116.504 39.7914
116.506 39.7888
116.509 39.7856
116.509 39.7856
116.511 39.7825
116.511 39.7825
116.513 39.7792
116.514 39.779
116.514 39.7791
116.515 39.7794
116.516 39.7805
116.521 39.7825
116.521 39.7824
116.524 39.7791
116.524 39.779
116.528 39.7808
116.528 39.7807
116.542 39.7666
116.544 39.7645
116.544 39.7644
116.546 39.7648
116.546 39.7648
116.546 39.7648
116.553 39.7658
116.554 39.7658
116.561 39.7666
116.562 39.7666
116.562 39.7665
116.567 39.7609
116.571 39.7614
116.572 39.7612
116.577 39.7541
116.578 39.7541
116.613 39.7574
116.614 39.757
116.615 39.756
116.617 39.7559
116.627 39.7559
116.627 39.7561
116.627 39.7562
116.626 39.7587
116.626 39.7589
116.626 39.7597
116.626 39.7582
116.626 39.7575
116.626 39.7574
116.626 39.7575
116.626 39.7575
116.626 39.7576
116.626 39.7582
116.626 39.7583
116.626 39.7583
116.625 39.7582
116.625 39.7584
116.625 39.7586
116.626 39.7583
116.626 39.7578
116.626 39.7578
116.625 39.7576
116.624 39.7576
116.615 39.7563
116.613 39.7575
116.595 39.7573
116.595 39.7573
116.595 39.7573
116.578 39.7542
116.577 39.7543
116.571 39.7617
116.571 39.7617
116.566 39.7611
116.566 39.7614
116.561 39.7668
116.546 39.7649
116.546 39.7649
116.544 39.7647
116.544 39.7647
116.544 39.7646
116.543 39.7647
116.543 39.7648
116.542 39.7662
116.542 39.7662
116.542 39.7663
116.542 39.7667
116.535 39.7723
116.535 39.7724
116.535 39.7725
116.525 39.7848
116.528 39.7864
116.527 39.7863
116.525 39.785
116.524 39.7851
116.523 39.7869
116.523 39.7875
116.515 39.7969
116.515 39.7969
116.511 39.7952
116.507 39.7932
116.507 39.7932
116.504 39.7961
116.502 39.7995
116.502 39.7994
116.499 39.8027
116.497 39.8019
116.497 39.8019
116.492 39.7994
116.492 39.7994
116.488 39.7971
116.487 39.7967
116.487 39.7948
116.487 39.7948
116.485 39.795
116.484 39.795
116.484 39.795
116.484 39.795
116.483 39.795
116.481 39.7939
116.479 39.793
116.475 39.7922
116.474 39.7939
116.474 39.7938
116.404 39.6564
116.472 39.7974
116.471 39.7989
116.471 39.799
116.474 39.7991
116.474 39.7992
116.474 39.7992
116.475 39.7993
116.475 39.7994
116.475 39.7996
116.474 39.8006
116.474 39.8006
116.473 39.8014
116.473 39.8017
116.45 39.8211
116.449 39.8225
116.449 39.8225
116.442 39.8284
116.441 39.8304
116.441 39.8321
116.441 39.8387
116.441 39.844
116.441 39.8441
116.44 39.8441
116.44 39.8445
116.44 39.8473
116.44 39.8473
116.439 39.8526
116.439 39.8527
116.433 39.8562
116.433 39.8574
116.426 39.8576
116.426 39.8576
116.416 39.8569
116.41 39.8681
116.411 39.8684
116.41 39.8683
116.41 39.8676
116.41 39.8674
116.41 39.8673
116.408 39.8675
116.407 39.8645
116.407 39.864
116.679 39.928
116.679 39.928
116.679 39.9274
116.68 39.9274
116.68 39.9267
116.68 39.9262
116.681 39.9232
116.681 39.923
116.681 39.923
116.676 39.9228
116.676 39.9228
116.676 39.9228
116.65 39.9215
116.65 39.9215
116.651 39.9253
116.651 39.9254
116.643 39.9282
116.642 39.9282
116.618 39.9252
116.618 39.9252
116.612 39.9241
116.612 39.9241
116.604 39.9234
116.577 39.9237
116.53 39.9225
116.515 39.9226
116.515 39.9226
116.511 39.9234
116.511 39.9245
116.626 39.759
116.581 40.0763
116.581 40.0763
116.582 40.0764
116.581 40.0765
116.581 40.0765
116.581 40.0766
116.581 40.0777
116.581 40.0777
116.581 40.0776
116.582 40.0771
116.582 40.0769
116.583 40.0769
116.583 40.077
116.584 40.0775
116.584 40.0782
116.584 40.0783
116.584 40.0793
116.583 40.0792
116.583 40.0792
116.583 40.0792
116.583 40.0621
116.583 40.0519
116.578 40.0458
116.564 40.034
116.542 40.0256
116.517 40.0168
116.517 40.0168
116.508 40.0104
116.488 39.9926
116.46 39.9676
116.455 39.9099
116.455 39.9099
116.455 39.9099
116.455 39.9099
116.455 39.9099
116.455 39.9099
116.455 39.9099
116.455 39.9099
116.455 39.9099
116.455 39.9099
116.455 39.9099
116.455 39.9099
116.455 39.9099
116.455 39.9099
116.455 39.9099
116.455 39.9099
116.455 39.9099
116.455 39.9099
116.455 39.9099
116.455 39.9099
116.455 39.9099
116.459 39.8145
116.448 39.8226
116.442 39.8282
116.442 39.83
116.441 39.8301
116.441 39.8308
116.441 39.8387
116.446 39.8599
116.442 39.8579
116.41 39.8558
116.383 39.8557
116.363 39.855
116.319 39.8491
116.316 39.8513
116.311 39.8567
116.31 39.8569
116.307 39.8568
116.307 39.8568
116.304 39.8569
116.304 39.8568
116.301 39.8567
116.301 39.8567
116.301 39.8567
116.301 39.8567
116.311 39.8566
116.311 39.8565
116.321 39.8481
116.327 39.8475
116.327 39.8474
116.351 39.8514
116.353 39.8518
116.354 39.8488
116.354 39.8488
116.354 39.8488
116.356 39.849
116.356 39.849
116.357 39.8491
116.358 39.8493
116.358 39.8494
116.362 39.8493
116.364 39.8494
116.365 39.8493
116.365 39.8447
116.352 39.8446
116.352 39.8446
116.352 39.8445
116.351 39.8446
116.348 39.8446
116.348 39.8445
116.348 39.8444
116.353 39.8445
116.353 39.8445
116.353 39.8445
116.353 39.8445
116.353 39.8445
116.353 39.8447
116.353 39.8469
116.353 39.8471
116.354 39.8488
116.354 39.8488
116.358 39.8494
116.358 39.8494
116.362 39.8494
116.389 39.9624
116.389 39.9481
116.389 39.9478
116.402 39.9322
116.402 39.932
116.402 39.9319
116.403 39.9318
116.404 39.9318
116.404 39.9317
116.404 39.9319
116.423 39.932
116.427 39.9322
116.427 39.9318
116.428 39.9319
116.429 39.9321
116.437 39.932
116.437 39.932
116.437 39.932
116.444 39.9323
116.452 39.9324
116.452 39.9324
116.466 39.9323
116.476 39.9323
116.478 39.93
116.483 39.9322
116.484 39.932
116.484 39.9102
116.484 39.8849
116.481 39.8621
116.478 39.8453
116.475 39.8433
116.626 39.7597
116.479 39.7931
116.471 39.7992
116.471 39.7992
116.473 39.7993
116.474 39.7993
116.474 39.7992
116.474 39.7993
116.474 39.7995
116.474 39.8
116.46 39.8125
116.449 39.8223
116.443 39.8275
116.442 39.8304
116.442 39.8306
116.442 39.8307
116.453 39.8317
116.453 39.8317
116.453 39.8323
116.452 39.8365
116.45 39.8439
116.45 39.8439
116.447 39.8505
116.447 39.8535
116.447 39.8539
116.447 39.8539
116.445 39.8571
116.443 39.8577
116.443 39.858
116.447 39.8597
116.447 39.8598
116.443 39.8584
116.439 39.8578
116.433 39.858
116.433 39.8582
116.432 39.8592
116.432 39.8609
116.432 39.861
116.432 39.8611
116.428 39.8612
116.432 39.8672
116.432 39.8672
116.433 39.8672
116.433 39.8671
116.433 39.865
116.433 39.865
116.433 39.8649
116.433 39.8648
116.432 39.8647
116.432 39.8647
116.432 39.8647
116.432 39.8647
116.432 39.8647
116.432 39.8647
116.432 39.8647
116.432 39.8647
116.432 39.8647
116.432 39.8647
116.432 39.8647
116.432 39.8647
116.432 39.8647
116.432 39.8647
116.432 39.8647
116.432 39.8647
116.432 39.8647
116.432 39.8647
116.432 39.8647
116.432 39.8647
116.432 39.8647
116.432 39.8647
116.432 39.8647
116.432 39.8647
116.572 40.0632
116.563 40.0648
116.563 40.0678
116.567 40.0706
116.567 40.0707
116.567 40.0707
116.567 40.0708
116.567 40.0709
116.567 40.0709
116.567 40.0709
116.567 40.071
116.567 40.071
116.567 40.0711
116.567 40.0711
116.567 40.0712
116.567 40.0713
116.566 40.0712
116.566 40.0712
116.564 40.0712
116.564 40.0711
116.564 40.0703
116.564 40.0702
116.564 40.0702
116.563 40.0701
116.583 40.0622
116.583 40.06
116.581 40.0705
116.581 40.0705
116.581 40.0707
116.581 40.0716
116.581 40.0717
116.581 40.0739
116.581 40.0747
116.58 40.0764
116.582 40.0745
116.583 40.0747
116.583 40.075
116.583 40.075
116.583 40.0755
116.584 40.0756
116.583 40.0759
116.583 40.076
116.584 40.0762
116.585 40.0764
116.585 40.0764
116.585 40.0766
116.586 40.0767
116.586 40.0767
116.586 40.0767
116.586 40.0769
116.587 40.077
116.587 40.077
116.587 40.0771
116.588 40.0773
116.588 40.0773
116.588 40.0773
116.588 40.0773
116.588 40.0773
116.588 40.0773
116.588 40.0773
116.588 40.0773
116.588 40.0773
116.588 40.0773
