116.353 39.9087
116.352 39.9124
116.339 39.9203
116.347 39.9201
116.347 39.9201
116.348 39.925
116.349 39.931
116.349 39.9502
116.369 39.9664
116.373 39.9632
116.373 39.9505
116.396 39.9476
116.421 39.9397
116.422 39.9397
116.421 39.9351
116.427 39.9347
116.428 39.9126
116.425 39.9106
116.425 39.9073
116.394 39.9066
116.368 39.9075
116.368 39.9138
116.367 39.9187
116.367 39.9308
116.366 39.9438
116.405 39.9477
116.421 39.9519
116.426 39.9526
116.426 39.9511
116.411 39.9481
116.411 39.9444
116.411 39.942
116.411 39.9326
116.429 39.9325
116.455 39.9193
116.455 39.881
116.455 39.8725
116.455 39.8774
116.455 39.879
116.456 39.9089
116.456 39.9282
116.476 39.932
116.479 39.9326
116.479 39.9318
116.467 39.9474
116.462 39.9555
116.455 39.9544
116.455 39.9554
116.455 39.9554
116.449 39.9563
116.442 39.9603
116.441 39.9619
116.426 39.9683
116.414 39.968
116.411 39.9672
116.391 39.9672
116.315 39.9655
116.307 39.9449
116.307 39.9444
116.307 39.9442
116.307 39.944
116.307 39.944
116.311 39.9503
116.319 39.9556
116.34 39.9572
116.339 39.9593
116.328 39.9658
116.328 39.973
116.328 39.9768
116.322 39.9848
116.322 39.9867
116.33 39.9914
116.345 40.0049
116.334 39.9992
116.329 39.9915
116.327 39.9915
116.309 40.0028
116.308 40.0222
116.299 40.0374
116.305 40.0504
116.297 40.0483
116.304 40.0359
116.306 40.0294
116.306 40.0294
116.295 40.0357
116.3 40.034
116.306 40.0305
116.31 40.0284
116.295 40.0238
116.281 40.0218
116.271 40.0267
116.274 40.0221
116.275 40.0216
116.279 40.0169
116.271 40.0266
116.282 40.0103
116.301 39.9838
116.308 39.9832
116.304 39.9812
116.3 39.9755
116.301 39.9698
116.303 39.9585
116.311 39.9519
116.318 39.9482
116.317 39.9589
116.317 39.9601
116.322 39.9659
116.339 39.9661
116.339 39.9665
116.339 39.9664
116.329 39.9664
116.325 39.9663
116.322 39.9662
116.313 39.9705
116.306 39.9745
116.301 39.9745
116.3 39.9783
116.302 39.961
116.304 39.9438
116.304 39.9438
116.344 39.9383
116.351 39.9387
116.346 39.939
116.345 39.939
116.297 39.9438
116.27 39.9455
116.272 39.9439
116.268 39.9403
116.267 39.9198
116.266 39.9185
116.267 39.9063
116.265 39.9064
116.259 39.919
116.259 39.9272
116.258 39.9113
116.259 39.8978
116.231 39.8963
116.226 39.8837
116.215 39.8744
116.215 39.8744
116.215 39.8744
116.215 39.8744
116.215 39.8744
116.215 39.8744
116.215 39.8744
116.215 39.8745
116.215 39.8745
116.215 39.8744
116.215 39.8744
116.215 39.8744
116.215 39.8744
116.215 39.8744
116.215 39.8744
116.215 39.8744
116.215 39.8744
116.214 39.8741
116.214 39.8742
116.214 39.8742
116.214 39.8742
116.214 39.8742
116.214 39.8742
116.214 39.8742
116.214 39.8742
116.214 39.8742
116.214 39.8742
116.214 39.8742
116.214 39.8742
116.214 39.8742
116.214 39.8742
116.214 39.8742
116.214 39.8742
116.214 39.8742
116.214 39.8742
116.214 39.8742
116.214 39.8742
116.214 39.8742
116.214 39.8742
116.214 39.8743
116.214 39.8743
116.214 39.8743
116.214 39.8742
116.214 39.8742
116.214 39.8742
116.214 39.8742
116.214 39.8742
116.214 39.8742
116.214 39.8742
116.214 39.8742
116.214 39.8742
116.214 39.8742
116.214 39.8742
116.214 39.8742
116.214 39.8742
116.214 39.8742
116.214 39.8742
116.214 39.8742
116.214 39.8742
116.214 39.8742
116.214 39.8742
116.214 39.8742
116.214 39.8742
116.214 39.8742
116.214 39.8742
116.214 39.8742
116.214 39.8742
116.214 39.8742
116.214 39.8743
116.214 39.8743
116.214 39.8743
116.214 39.8743
116.214 39.8742
116.214 39.8742
116.214 39.8742
116.214 39.8742
116.214 39.8742
116.214 39.8742
116.214 39.8742
116.214 39.8742
116.214 39.8742
116.214 39.8742
116.214 39.8742
116.214 39.8742
116.214 39.8742
116.214 39.8742
116.214 39.8742
116.214 39.8742
116.214 39.8742
116.214 39.8742
116.214 39.8742
116.214 39.8742
116.214 39.8742
116.214 39.8742
116.214 39.8742
116.214 39.8742
116.214 39.8742
116.214 39.8742
116.214 39.8742
116.214 39.8742
116.214 39.8742
116.214 39.8742
116.214 39.8742
116.214 39.8742
116.214 39.8742
116.214 39.8742
116.214 39.8742
116.214 39.8742
116.214 39.8742
116.214 39.8742
116.214 39.8742
116.214 39.8742
116.214 39.8742
116.214 39.8742
116.214 39.8742
116.214 39.8742
116.214 39.8742
116.214 39.8739
116.218 39.8742
116.218 39.8741
116.218 39.8742
116.223 39.8911
116.222 39.8897
116.222 39.8902
116.223 39.8905
116.223 39.8905
116.26 39.8957
116.26 39.8957
116.327 39.906
116.329 39.9169
116.347 39.9229
116.348 39.9222
116.381 39.8502
116.369 39.8493
116.368 39.8665
116.368 39.8683
116.343 39.892
116.323 39.8991
116.317 39.8969
116.317 39.8969
116.316 39.8992
116.323 39.903
116.323 39.9015
116.317 39.897
116.315 39.898
116.315 39.9057
116.315 39.9057
116.304 39.9243
116.32 39.9374
116.318 39.9545
116.318 39.9545
116.319 39.9646
116.328 39.9662
116.348 39.9308
116.353 39.917
116.358 39.913
116.365 39.9082
116.366 39.9045
116.366 39.9045
116.368 39.8993
116.368 39.8883
116.378 39.8851
116.377 39.8817
116.373 39.8818
116.368 39.8875
116.365 39.8984
116.326 39.8962
116.315 39.8965
116.315 39.8958
116.305 39.8836
116.305 39.8836
116.314 39.8668
116.307 39.8681
116.306 39.8694
116.312 39.8711
116.296 39.8834
116.296 39.883
116.295 39.8836
116.295 39.8834
116.295 39.8837
116.296 39.8833
116.295 39.8835
116.296 39.8833
116.304 39.8861
116.308 39.8848
116.311 39.8832
116.308 39.8809
116.319 39.8886
116.32 39.8869
116.311 39.8865
116.289 39.8996
116.306 39.9056
116.303 39.9075
116.303 39.9074
116.314 39.8992
116.317 39.8987
116.317 39.899
116.328 39.9058
116.335 39.9123
116.336 39.9127
116.35 39.9111
116.352 39.9058
116.381 39.9059
116.41 39.9068
116.436 39.907
116.443 39.9069
116.45 39.9069
116.456 39.9146
116.451 39.9187
116.451 39.9187
116.447 39.9215
116.444 39.9215
116.442 39.9212
116.442 39.9216
116.455 39.9176
116.473 39.9143
116.485 39.9142
116.5 39.9146
116.505 39.9147
116.497 39.9147
116.473 39.9071
116.44 39.9072
116.422 39.9038
116.419 39.908
116.417 39.9026
116.416 39.9022
116.416 39.9018
116.412 39.9073
116.412 39.907
116.402 39.9068
116.395 39.9064
116.378 39.9059
116.358 39.9059
116.351 39.914
116.35 39.9272
116.339 39.9373
116.294 39.9445
116.287 39.9443
116.288 39.9463
116.303 39.9509
116.313 39.9715
116.319 39.977
116.314 39.9748
116.314 39.9748
116.3 39.9767
116.3 39.9827
116.309 39.9815
116.319 39.9777
116.319 39.9777
116.31 39.9776
116.3 39.9829
116.283 40.0007
116.264 40.0064
116.247 40.0098
116.247 40.0098
116.264 40.0042
116.286 39.993
116.286 39.9927
116.264 39.9687
116.26 39.9687
116.268 39.9655
116.282 39.9584
116.282 39.9584
116.283 39.9574
116.276 39.9453
116.263 39.9457
116.245 39.9332
116.244 39.9331
116.247 39.9181
116.226 39.8887
116.221 39.8738
116.215 39.8743
116.215 39.8744
116.215 39.8744
116.215 39.8744
116.215 39.8744
116.215 39.8744
116.214 39.8742
116.214 39.8742
116.214 39.8742
116.214 39.8742
116.214 39.8742
116.214 39.8742
116.214 39.8742
116.214 39.8742
116.214 39.8742
116.214 39.8742
116.214 39.8742
116.214 39.8742
116.214 39.8742
116.214 39.8742
116.214 39.8742
116.214 39.8742
116.214 39.8742
116.214 39.8742
116.214 39.8742
116.214 39.8742
116.214 39.8742
116.214 39.8742
116.214 39.8742
116.214 39.8742
116.214 39.8742
116.214 39.8742
116.214 39.8742
116.214 39.8742
116.214 39.8742
116.214 39.8742
116.214 39.8742
116.214 39.8742
116.214 39.8742
116.214 39.8742
116.214 39.8742
116.214 39.8742
116.214 39.8742
116.214 39.8742
116.214 39.8742
116.214 39.8742
116.214 39.8742
116.214 39.8742
116.214 39.8742
116.214 39.8742
116.214 39.8742
116.214 39.8742
116.214 39.8742
116.214 39.8742
116.214 39.8742
116.214 39.8742
116.214 39.8742
116.214 39.8742
116.214 39.8742
116.214 39.8742
116.214 39.8742
116.214 39.8742
116.214 39.8742
116.214 39.8742
116.214 39.8742
116.214 39.8742
116.214 39.8742
116.214 39.8742
116.214 39.8742
116.214 39.8742
116.214 39.8742
116.214 39.8742
116.214 39.8742
116.214 39.8742
116.214 39.8742
116.214 39.8742
116.214 39.8742
116.214 39.8742
116.214 39.8742
116.214 39.8742
116.214 39.8742
116.214 39.8742
116.214 39.8742
116.214 39.8742
116.214 39.8742
116.214 39.8742
116.214 39.8742
116.214 39.8742
116.214 39.8742
116.214 39.8742
116.214 39.8742
116.214 39.8742
116.214 39.8742
116.214 39.8742
116.214 39.8742
116.214 39.8742
116.214 39.8742
116.214 39.8742
116.214 39.8742
116.214 39.8742
116.214 39.8742
116.214 39.8742
116.214 39.8742
116.214 39.8742
116.214 39.8742
116.214 39.8742
116.214 39.8742
116.214 39.8742
116.214 39.8742
116.214 39.8742
116.214 39.8742
116.214 39.8742
116.214 39.8742
116.214 39.8742
116.214 39.8742
116.214 39.8742
116.214 39.8742
116.214 39.8742
116.214 39.8742
116.214 39.8742
116.214 39.8742
116.214 39.8742
116.214 39.8742
116.214 39.8742
116.214 39.8742
116.214 39.8742
116.214 39.8742
116.214 39.8742
116.214 39.8742
116.214 39.8742
116.214 39.8742
116.214 39.8742
116.214 39.8742
116.214 39.8742
116.225 39.8791
116.225 39.8837
116.224 39.8965
116.198 39.9058
116.182 39.9269
116.179 39.9271
116.191 39.9265
116.192 39.9233
116.222 39.8902
116.261 39.9062
116.277 39.9062
116.28 39.906
116.289 39.9012
116.289 39.9029
116.284 39.9063
116.26 39.9063
116.259 39.905
116.258 39.8989
116.267 39.899
116.271 39.8989
116.291 39.9226
116.32 39.922
116.326 39.9215
116.326 39.9215
116.338 39.9216
116.347 39.9205
116.347 39.9223
116.347 39.922
116.361 39.9309
116.378 39.9316
116.378 39.9316
116.402 39.9319
116.402 39.9319
116.419 39.9321
116.42 39.9349
116.42 39.9353
116.423 39.9481
116.464 39.9714
116.47 39.9879
116.461 40.0067
116.462 40.01
116.461 40.0073
116.463 39.9921
116.472 39.9785
116.476 39.9661
116.479 39.9696
116.489 39.9671
116.484 39.97
116.481 39.9575
116.484 39.9424
116.462 39.9325
116.444 39.9321
116.452 39.9313
116.452 39.9313
116.452 39.9314
116.452 39.9322
116.453 39.9322
116.472 39.9323
116.484 39.9145
116.483 39.8773
116.477 39.879
116.477 39.8789
116.477 39.8788
116.477 39.8788
116.477 39.8788
116.477 39.8788
116.472 39.878
116.471 39.8891
116.472 39.8891
116.471 39.8905
116.456 39.898
116.455 39.903
116.455 39.9041
116.455 39.9041
116.456 39.9065
116.456 39.9206
116.449 39.9411
116.446 39.943
116.455 39.9484
116.457 39.9548
116.46 39.9584
116.461 39.9582
116.452 39.9545
116.396 39.9739
116.389 39.9673
116.379 39.9672
116.379 39.9672
116.379 39.9672
116.377 39.9671
116.374 39.9648
116.389 39.9575
116.389 39.9502
116.406 39.9605
116.402 39.9608
116.387 39.9476
116.369 39.9475
116.357 39.9445
116.35 39.9305
116.332 39.9218
116.328 39.9264
116.328 39.927
116.327 39.9362
116.347 39.9387
116.35 39.9447
116.356 39.9664
116.374 39.964
116.373 39.9574
116.376 39.9496
116.389 39.9483
116.41 39.9481
116.419 39.9412
116.42 39.9292
116.411 39.9303
116.42 39.9363
116.419 39.9449
116.419 39.9472
116.379 39.9476
116.352 39.9432
116.35 39.931
116.35 39.9225
116.35 39.9225
116.349 39.8976
116.319 39.8961
116.315 39.9054
116.304 39.9079
116.304 39.9079
116.304 39.9093
116.304 39.9095
116.304 39.9497
116.311 39.9488
116.317 39.9523
116.318 39.9515
116.318 39.9514
116.318 39.9515
116.317 39.9514
116.318 39.9508
116.32 39.9342
116.328 39.921
116.315 39.9071
116.315 39.8969
116.302 39.9076
116.302 39.907
116.3 39.9066
116.27 39.9064
116.259 39.916
116.259 39.9194
116.259 39.9029
116.255 39.8889
116.251 39.8883
116.251 39.8884
116.238 39.8884
116.215 39.8743
116.215 39.8743
116.214 39.8742
116.214 39.8742
116.214 39.8742
116.214 39.8742
116.214 39.8742
116.214 39.8742
116.214 39.8742
116.214 39.8742
116.214 39.8742
116.214 39.8742
116.214 39.8742
116.214 39.8742
116.214 39.8742
116.214 39.8742
116.214 39.8742
116.214 39.8742
116.214 39.8742
116.214 39.8742
116.214 39.8742
116.214 39.8742
116.214 39.8742
116.214 39.8742
116.214 39.8742
116.214 39.8742
116.214 39.8742
116.214 39.8742
116.214 39.8742
116.214 39.8742
116.214 39.8742
116.214 39.8742
116.214 39.8742
116.214 39.8742
116.214 39.8742
116.214 39.8742
116.214 39.8742
116.214 39.8742
116.214 39.8742
116.214 39.8742
116.214 39.8742
116.214 39.8742
116.405 39.8876
116.405 39.8876
116.405 39.8876
116.405 39.8876
116.214 39.8742
116.214 39.8742
116.214 39.8742
116.214 39.8742
116.214 39.8742
116.214 39.8742
116.214 39.8742
116.214 39.8742
116.214 39.8742
116.214 39.8742
116.214 39.8742
116.214 39.8742
116.214 39.8742
116.214 39.8742
116.214 39.8742
116.214 39.8742
116.214 39.8742
116.214 39.8742
116.214 39.8742
116.214 39.8742
116.214 39.8742
116.214 39.8742
116.214 39.8742
116.214 39.8742
116.214 39.8742
116.214 39.8745
116.214 39.8744
116.214 39.8744
116.214 39.8741
116.214 39.8742
116.214 39.8742
116.214 39.8742
116.214 39.8742
116.214 39.8742
116.214 39.8742
116.214 39.8742
116.214 39.8742
116.214 39.8742
116.214 39.8742
116.214 39.8742
116.214 39.8742
116.214 39.8742
116.214 39.8742
116.214 39.8742
116.214 39.8742
116.214 39.8742
116.214 39.8742
116.214 39.8742
116.214 39.8742
116.214 39.8742
116.214 39.8742
116.214 39.8742
116.214 39.8742
116.214 39.8742
116.214 39.8742
116.214 39.8742
116.214 39.8742
116.214 39.8742
116.214 39.8742
116.214 39.8742
116.214 39.8742
116.214 39.8742
116.225 39.8826
116.221 39.8901
116.224 39.8916
116.228 39.9052
116.228 39.9052
116.224 39.8962
116.26 39.8957
116.313 39.8955
116.313 39.8955
116.314 39.895
116.318 39.8988
116.315 39.9043
116.315 39.8984
116.296 39.8968
116.296 39.8985
116.317 39.9059
116.322 39.899
116.306 39.8961
116.304 39.8891
116.304 39.8957
116.304 39.941
116.365 39.9604
116.349 39.9695
116.366 39.9859
116.37 40.0001
116.381 39.99
116.381 39.9917
116.375 39.9866
116.375 39.9866
116.375 39.9866
116.363 39.9851
116.355 39.9803
116.355 39.9803
116.348 39.9836
116.322 39.9797
116.312 39.9779
116.308 39.9797
116.309 39.9812
116.309 39.9814
116.309 39.9811
116.315 39.9664
116.318 39.9479
116.318 39.9479
116.338 39.9371
116.361 39.9372
116.355 39.9353
116.344 39.9388
116.304 39.9392
116.304 39.9211
116.304 39.9186
116.304 39.9186
116.304 39.9186
116.304 39.9186
116.304 39.9186
116.301 39.9064
116.296 39.9064
116.259 39.9061
116.267 39.9063
116.27 39.9055
116.276 39.906
116.271 39.8991
116.269 39.9038
116.269 39.9038
116.269 39.9031
116.289 39.9063
116.315 39.8977
116.315 39.8977
116.312 39.8961
116.296 39.899
116.297 39.8895
116.295 39.8832
116.295 39.8832
116.295 39.8835
116.295 39.8831
116.295 39.883
116.295 39.8835
116.295 39.8837
116.296 39.8833
116.298 39.8886
116.311 39.8863
116.315 39.886
116.305 39.8861
116.305 39.8862
116.313 39.8904
116.304 39.9246
116.284 39.9474
116.278 39.956
116.278 39.9639
116.282 39.9579
116.282 39.9579
116.282 39.9579
116.274 39.9528
116.281 39.9559
116.282 39.9573
116.282 39.9573
116.297 39.9585
116.301 39.9695
116.3 39.9735
116.343 39.9663
116.399 39.9674
116.447 39.9575
116.456 39.9272
116.455 39.9127
116.457 39.906
116.455 39.9052
116.456 39.9042
116.455 39.9235
116.455 39.9517
116.452 39.9536
116.455 39.9487
116.456 39.9515
116.456 39.9403
116.455 39.9355
116.475 39.9324
116.492 39.9336
116.509 39.9334
116.511 39.9294
116.511 39.9226
116.509 39.9151
116.496 39.9147
116.484 39.9325
116.464 39.9415
116.468 39.9409
116.454 39.9305
116.455 39.9239
116.454 39.884
116.428 39.883
116.42 39.8764
116.42 39.8764
116.42 39.8764
116.42 39.8764
116.4 39.8716
116.387 39.8815
116.379 39.8868
116.376 39.8881
116.368 39.8935
116.368 39.8895
116.368 39.8916
116.365 39.8986
116.362 39.8983
116.357 39.8968
116.357 39.8856
116.358 39.8783
116.345 39.8763
116.344 39.8751
116.344 39.8759
116.356 39.8819
116.367 39.8818
116.368 39.8976
116.368 39.9077
116.37 39.9085
116.37 39.9085
116.366 39.9063
116.365 39.9058
116.364 39.9058
116.357 39.8976
116.357 39.8821
116.358 39.8691
116.359 39.8453
116.351 39.8445
116.341 39.8473
116.33 39.8647
116.31 39.8668
116.305 39.8792
116.305 39.8796
116.305 39.9074
116.305 39.9077
116.305 39.9077
116.304 39.9078
116.305 39.9079
116.305 39.9077
116.304 39.9119
116.311 39.9445
116.303 39.9419
116.304 39.937
116.303 39.9344
116.304 39.9239
116.303 39.907
116.33 39.8961
116.33 39.8961
116.407 39.8705
116.412 39.8695
116.408 39.8646
116.408 39.8642
116.408 39.8643
116.408 39.8643
116.408 39.8642
116.408 39.8642
116.408 39.8648
116.407 39.8657
116.386 39.8709
116.368 39.8816
116.369 39.8935
116.369 39.8965
116.388 39.8889
116.413 39.8859
116.421 39.8859
116.413 39.8859
116.384 39.8849
116.372 39.8881
116.393 39.89
116.417 39.8918
116.455 39.892
116.459 39.888
116.453 39.8927
116.453 39.8927
116.428 39.8925
116.412 39.8989
116.386 39.899
116.334 39.8964
116.267 39.8959
116.224 39.8946
116.22 39.874
116.214 39.8743
116.214 39.8743
116.214 39.8742
116.214 39.8743
116.214 39.8742
116.214 39.8742
116.214 39.8742
116.214 39.8742
116.214 39.8742
116.214 39.8742
116.214 39.8742
116.214 39.8742
116.214 39.8742
116.214 39.8742
116.214 39.8742
116.214 39.8742
116.214 39.8742
116.214 39.8742
116.214 39.8742
116.214 39.8742
116.214 39.8742
116.214 39.8742
116.214 39.8742
116.214 39.8742
116.214 39.8742
116.214 39.8742
116.214 39.8742
116.214 39.8742
116.214 39.8742
116.214 39.8742
116.214 39.8742
116.214 39.8742
116.214 39.8742
116.214 39.8742
116.214 39.8742
116.214 39.8742
116.214 39.8742
116.214 39.8742
116.214 39.8742
116.214 39.8742
116.214 39.8742
116.214 39.8742
116.214 39.8742
116.214 39.8742
116.214 39.8742
116.214 39.8742
116.214 39.8742
116.214 39.8742
116.214 39.8742
116.214 39.8742
116.214 39.8742
116.214 39.8742
116.214 39.8742
116.214 39.8742
116.214 39.8742
116.214 39.8742
116.214 39.8742
116.214 39.8742
116.214 39.8742
116.214 39.8743
116.214 39.8743
116.214 39.8743
116.214 39.8743
116.214 39.8743
116.214 39.8743
116.214 39.8743
116.214 39.8743
116.214 39.8743
116.214 39.8743
116.214 39.8743
116.214 39.8743
116.214 39.8743
116.214 39.8743
116.214 39.8743
116.214 39.8743
116.214 39.8743
116.214 39.8743
116.214 39.8743
116.214 39.8743
116.214 39.8743
116.214 39.8743
116.214 39.8743
116.214 39.8743
116.214 39.8743
116.214 39.8743
116.214 39.8743
116.214 39.8743
116.214 39.8743
116.214 39.8743
116.214 39.8743
116.214 39.8743
116.214 39.8743
116.214 39.8743
116.214 39.8743
116.214 39.8743
116.214 39.8743
116.214 39.8743
116.214 39.8743
116.214 39.8743
116.214 39.8743
116.214 39.8742
116.214 39.8742
116.225 39.8769
116.223 39.8908
116.225 39.8901
116.243 39.8909
116.223 39.891
116.222 39.8904
116.222 39.8905
116.222 39.8907
116.236 39.9063
116.249 39.9165
116.252 39.9192
116.254 39.9164
116.23 39.8954
116.225 39.8851
116.225 39.8851
116.224 39.8916
116.268 39.8958
116.373 39.8691
116.381 39.8608
116.381 39.8606
116.381 39.8566
116.381 39.859
116.364 39.8686
116.343 39.8965
116.296 39.8959
116.304 39.9017
116.299 39.8956
116.317 39.896
116.316 39.8969
116.315 39.8977
116.317 39.906
116.35 39.9279
116.346 39.9407
116.341 39.9593
116.341 39.959
116.342 39.9586
116.34 39.9566
116.343 39.9476
116.328 39.9233
116.323 39.9204
116.342 39.9056
116.343 39.8733
116.358 39.8532
116.363 39.8443
116.363 39.8446
116.346 39.8446
116.315 39.8522
116.267 39.8641
116.21 39.8425
116.191 39.7891
116.135 39.753
116.135 39.753
116.121 39.7328
116.084 39.7171
116.025 39.7061
115.991 39.6981
115.961 39.6774
115.927 39.6516
115.912 39.6421
115.912 39.6418
115.912 39.6418
115.912 39.6417
115.912 39.6417
115.912 39.6417
115.912 39.6417
115.912 39.6417
115.912 39.6417
115.912 39.6417
115.912 39.6417
115.912 39.6417
115.912 39.6417
115.912 39.6417
115.912 39.6417
115.912 39.6417
115.912 39.6417
115.912 39.6417
115.912 39.6417
115.912 39.6417
115.917 39.6399
115.917 39.6399
115.918 39.6392
115.918 39.6392
115.918 39.6392
115.918 39.6393
115.918 39.6393
115.918 39.6393
115.918 39.6393
115.918 39.6393
115.918 39.6393
115.918 39.6393
115.918 39.6393
115.918 39.6393
115.918 39.6393
115.918 39.6393
115.918 39.6393
115.918 39.6393
115.918 39.6393
115.918 39.6393
115.918 39.6393
115.918 39.6392
115.918 39.6392
115.918 39.6392
115.918 39.6392
115.918 39.6392
115.918 39.6392
115.918 39.6392
115.918 39.6392
115.918 39.6392
115.918 39.6392
115.918 39.6392
115.918 39.6394
115.918 39.6394
115.918 39.6394
115.918 39.6394
115.918 39.6393
115.918 39.6393
115.918 39.6393
115.918 39.6393
115.918 39.6392
115.918 39.6392
115.917 39.6392
115.917 39.6392
115.917 39.6392
115.918 39.6391
115.918 39.6392
115.918 39.6392
115.918 39.6392
115.918 39.6392
115.918 39.6392
115.918 39.6392
115.918 39.6392
115.918 39.6392
115.918 39.6392
115.918 39.6392
115.918 39.6392
115.918 39.6392
115.918 39.6392
115.918 39.6392
115.918 39.6392
115.918 39.6392
115.918 39.6392
115.918 39.6392
115.918 39.6392
115.918 39.6392
115.918 39.6392
115.918 39.6392
115.918 39.6392
115.918 39.6392
115.918 39.6392
115.918 39.6392
115.918 39.6392
115.918 39.6394
115.918 39.6393
115.918 39.6393
115.918 39.6393
115.918 39.6393
115.918 39.6393
115.918 39.6393
115.918 39.6393
115.918 39.6393
115.918 39.6393
115.924 39.634
115.918 39.6394
115.918 39.6391
115.918 39.6392
115.918 39.6392
115.918 39.6393
115.918 39.6393
115.918 39.6393
115.918 39.6392
115.918 39.6392
115.918 39.6392
115.918 39.6392
115.918 39.6392
115.918 39.6392
115.918 39.6392
115.918 39.6392
115.918 39.6392
115.918 39.6392
115.918 39.6392
115.918 39.6392
115.918 39.6392
115.918 39.6392
115.918 39.6392
115.918 39.6392
115.918 39.6392
115.918 39.6392
115.918 39.6392
115.918 39.6392
115.918 39.6392
115.918 39.6392
115.918 39.6392
115.918 39.6392
115.918 39.6392
115.918 39.6392
115.918 39.6392
115.918 39.6392
115.918 39.6392
115.918 39.6392
115.918 39.6392
115.918 39.6392
115.918 39.6392
115.918 39.6392
115.918 39.6392
115.918 39.6394
115.918 39.6394
115.918 39.6394
115.918 39.6394
115.918 39.6394
115.918 39.6394
115.918 39.6394
115.917 39.6392
115.918 39.6393
115.918 39.6393
115.918 39.6393
115.917 39.6392
115.917 39.6392
115.918 39.6392
115.918 39.6392
115.918 39.6393
115.918 39.6393
115.918 39.6393
115.918 39.6393
115.918 39.6393
115.918 39.6393
115.918 39.6392
115.918 39.6392
115.918 39.6393
115.918 39.6392
115.918 39.6392
115.918 39.6392
115.918 39.6392
115.918 39.6392
115.918 39.6392
115.918 39.6392
115.918 39.6392
115.918 39.6392
115.918 39.6392
115.918 39.6392
115.918 39.6392
115.918 39.6393
115.918 39.6393
115.918 39.6393
115.918 39.6393
115.918 39.6393
115.918 39.6393
115.918 39.6394
115.918 39.6394
115.918 39.6392
115.918 39.6394
115.918 39.6393
115.918 39.6393
115.918 39.6392
115.917 39.6391
115.918 39.6393
115.918 39.6394
115.918 39.6393
115.918 39.6393
115.918 39.6393
115.918 39.6392
115.918 39.6392
115.918 39.6392
115.917 39.639
115.918 39.6392
115.918 39.6392
115.918 39.6392
115.918 39.6392
115.918 39.6392
115.918 39.6392
115.918 39.6392
115.918 39.6392
115.918 39.6393
115.918 39.6392
115.917 39.639
115.918 39.6394
115.918 39.6394
115.918 39.6394
115.918 39.6394
115.918 39.6394
115.918 39.6394
116.422 39.9035
115.918 39.6394
115.918 39.6394
115.918 39.6394
115.918 39.6394
115.918 39.6394
115.918 39.6394
115.918 39.6394
115.918 39.6394
115.918 39.6394
115.918 39.6394
115.918 39.6394
115.918 39.6393
115.918 39.6393
115.918 39.6392
115.918 39.6392
115.918 39.6392
115.918 39.6392
115.918 39.6392
115.918 39.6392
115.918 39.6392
115.918 39.6392
115.918 39.6392
115.918 39.6392
115.918 39.6392
115.918 39.6392
115.918 39.6392
115.918 39.6392
115.918 39.6392
115.918 39.6392
115.918 39.6392
115.918 39.6392
115.918 39.6392
115.918 39.6392
115.918 39.6392
115.918 39.6392
115.918 39.6392
115.918 39.6392
115.918 39.6391
115.918 39.6392
115.918 39.6393
115.918 39.6393
115.918 39.6393
115.918 39.6393
115.918 39.6393
115.918 39.6394
115.918 39.6391
115.918 39.6392
115.918 39.6392
115.918 39.6393
115.918 39.6393
115.918 39.6393
115.918 39.6393
115.918 39.6394
115.918 39.6391
115.918 39.6392
115.918 39.6391
115.918 39.6391
115.918 39.6392
115.918 39.6392
115.918 39.6392
115.918 39.6392
115.918 39.6392
115.918 39.6392
115.918 39.6392
115.918 39.6392
115.918 39.6392
115.918 39.6392
115.918 39.6392
115.918 39.6393
115.918 39.6393
115.918 39.6393
115.918 39.6393
115.918 39.6393
115.918 39.6393
115.918 39.6393
115.918 39.6393
115.918 39.6393
115.918 39.6393
115.918 39.6393
115.918 39.6393
115.918 39.6393
115.918 39.6393
115.918 39.6393
115.918 39.6393
115.918 39.6393
115.918 39.6393
115.918 39.6393
115.918 39.6393
115.918 39.6393
115.918 39.6393
115.918 39.6393
115.918 39.6393
115.918 39.6393
115.918 39.6393
115.918 39.6393
115.918 39.6393
115.918 39.6393
115.918 39.6393
115.918 39.6393
115.918 39.6393
115.918 39.6393
115.918 39.6393
115.918 39.6393
115.918 39.6393
115.918 39.6393
115.918 39.6393
115.918 39.6393
115.918 39.6393
115.918 39.6393
115.918 39.6393
115.918 39.6392
115.918 39.6392
115.918 39.6394
115.917 39.6394
115.918 39.6394
115.917 39.6394
115.917 39.6393
115.917 39.6393
115.917 39.6393
115.917 39.6393
115.918 39.6393
115.918 39.6393
115.918 39.6393
115.918 39.6393
115.918 39.6393
115.918 39.6391
115.918 39.6392
115.918 39.6392
115.918 39.6392
115.918 39.6392
115.918 39.6392
115.918 39.6392
115.918 39.6392
115.918 39.6392
115.918 39.6392
115.918 39.6392
115.918 39.6392
115.918 39.6392
115.918 39.6392
115.918 39.6392
115.917 39.6392
115.917 39.6392
115.918 39.6392
115.918 39.6393
115.918 39.6393
115.918 39.6393
115.918 39.6393
115.918 39.6393
115.918 39.6393
115.918 39.6393
115.918 39.6393
115.918 39.6393
115.917 39.6393
115.918 39.6393
115.918 39.6393
115.918 39.6392
115.918 39.6392
115.918 39.6392
115.918 39.6392
115.918 39.6392
115.918 39.6393
115.918 39.6393
115.918 39.6393
115.918 39.6393
115.918 39.6393
115.918 39.6393
115.918 39.6393
115.918 39.6393
115.918 39.6393
115.918 39.6393
115.918 39.6393
115.918 39.6392
115.918 39.6392
115.918 39.6392
115.918 39.6392
115.918 39.6392
115.918 39.6392
115.918 39.6392
115.918 39.6392
115.918 39.6392
115.918 39.6392
115.918 39.6392
115.918 39.6392
115.918 39.6392
115.917 39.6393
115.918 39.6392
115.917 39.6393
115.917 39.6393
115.917 39.6393
115.917 39.6393
115.917 39.6393
115.917 39.6393
115.918 39.6392
115.918 39.6392
115.918 39.6392
115.918 39.6392
115.918 39.6392
115.918 39.6392
115.918 39.6392
115.918 39.6392
115.918 39.6393
115.918 39.6393
115.918 39.6393
115.918 39.6393
115.918 39.6393
115.918 39.6393
115.918 39.6393
115.918 39.6393
115.918 39.6393
115.918 39.6393
115.918 39.6393
115.918 39.6393
115.918 39.6393
115.918 39.6393
115.918 39.6391
115.918 39.6392
115.918 39.6393
115.918 39.6393
115.918 39.6393
115.918 39.6393
115.918 39.6393
115.918 39.6392
115.918 39.6392
115.918 39.6392
115.918 39.6392
115.918 39.6392
115.918 39.6392
115.918 39.6392
115.918 39.6392
115.918 39.6392
115.918 39.6392
115.918 39.6392
115.918 39.6393
115.918 39.6393
115.918 39.6393
115.918 39.6393
115.918 39.6393
115.918 39.6393
115.918 39.6393
115.918 39.6393
115.918 39.6393
115.918 39.6393
115.918 39.6393
115.918 39.6393
115.918 39.6393
115.918 39.6392
115.918 39.6392
115.917 39.6393
115.918 39.6392
115.918 39.6392
115.918 39.6392
115.918 39.6392
115.917 39.639
115.918 39.6391
115.917 39.6393
115.917 39.6393
115.918 39.6393
115.918 39.6393
115.918 39.6392
115.918 39.6392
115.918 39.6392
115.918 39.6392
115.918 39.6392
115.918 39.6392
115.918 39.6392
115.918 39.6392
115.918 39.6392
115.918 39.6392
115.918 39.6392
115.918 39.6392
115.918 39.6392
115.918 39.6392
115.918 39.6392
115.914 39.642
115.912 39.642
115.912 39.642
115.912 39.642
115.912 39.642
115.912 39.642
115.912 39.6418
115.912 39.6419
115.912 39.6419
115.912 39.6419
115.912 39.642
115.912 39.642
115.912 39.642
115.912 39.642
115.912 39.6422
115.919 39.6399
115.921 39.6401
115.941 39.6779
115.982 39.6933
115.992 39.6983
116.029 39.7071
116.064 39.7141
116.106 39.7214
116.13 39.7296
116.109 39.7246
116.086 39.7111
116.092 39.71
116.092 39.71
116.092 39.71
116.092 39.71
116.092 39.71
116.092 39.71
116.092 39.71
116.092 39.71
116.092 39.71
116.092 39.71
116.092 39.71
116.092 39.7101
116.092 39.7101
116.092 39.7101
116.092 39.7101
116.092 39.7101
116.092 39.7101
116.092 39.7101
116.092 39.7101
116.092 39.7101
116.092 39.7101
116.092 39.7101
116.092 39.7101
116.092 39.7101
116.092 39.7101
116.092 39.7101
116.092 39.71
116.092 39.71
116.092 39.7101
116.092 39.7101
116.092 39.7101
116.092 39.7101
116.092 39.7101
116.092 39.7101
116.092 39.7101
116.092 39.7101
116.092 39.7101
116.092 39.7101
116.092 39.7101
116.092 39.7101
116.092 39.7101
116.076 39.7162
116.027 39.7065
115.987 39.6971
115.952 39.6767
115.927 39.6508
115.912 39.642
115.912 39.6419
115.912 39.6419
115.912 39.6419
115.912 39.642
115.912 39.642
115.912 39.642
115.912 39.642
115.912 39.642
115.912 39.642
115.912 39.642
115.912 39.642
115.912 39.642
