116.299 39.9925
116.299 39.9925
116.298 39.9924
116.298 39.9924
116.299 39.9912
116.299 39.9854
116.298 39.9747
116.297 39.9746
116.297 39.9745
116.297 39.9745
116.297 39.9744
116.297 39.9743
116.297 39.9743
116.29 39.972
116.292 39.9618
116.292 39.9616
116.292 39.9614
116.293 39.9612
116.293 39.9611
116.293 39.961
116.293 39.961
116.293 39.961
116.297 39.9585
116.303 39.9535
116.304 39.9412
116.304 39.9411
116.304 39.9409
116.304 39.9407
116.304 39.9404
116.304 39.9401
116.304 39.9398
116.304 39.9395
116.304 39.9391
116.304 39.9388
116.304 39.9385
116.304 39.9383
116.304 39.938
116.304 39.9378
116.304 39.9376
116.304 39.9373
116.304 39.937
116.304 39.9368
116.304 39.9366
116.304 39.9365
116.304 39.9365
116.304 39.9289
116.304 39.9289
116.304 39.929
116.304 39.929
116.304 39.929
116.304 39.929
116.303 39.929
116.303 39.929
116.303 39.929
116.303 39.929
116.303 39.929
116.303 39.929
116.303 39.929
116.303 39.929
116.303 39.929
116.303 39.9289
116.303 39.9289
116.303 39.9289
116.303 39.9289
116.303 39.9288
116.303 39.9288
116.303 39.9287
116.303 39.9287
116.303 39.9286
116.303 39.9286
116.303 39.9286
116.302 39.9286
116.302 39.9286
116.302 39.9286
116.302 39.9286
116.3 39.928
116.3 39.928
116.3 39.9279
116.3 39.9279
116.3 39.9279
116.299 39.9279
116.299 39.9279
116.299 39.9279
116.299 39.9279
116.299 39.9279
116.299 39.928
116.299 39.928
116.299 39.928
116.299 39.928
116.299 39.928
116.299 39.9279
116.299 39.928
116.299 39.928
116.299 39.928
116.299 39.928
116.299 39.928
116.298 39.928
116.298 39.928
116.298 39.928
116.298 39.9279
116.298 39.9279
116.298 39.928
116.298 39.928
116.298 39.9281
116.298 39.9281
116.298 39.9281
116.298 39.9281
116.298 39.9282
116.298 39.9282
116.298 39.9283
116.298 39.9284
116.298 39.9284
