116.423 39.9707
116.423 39.9707
116.423 39.9707
116.423 39.9707
116.423 39.9707
116.423 39.9707
116.423 39.9707
116.423 39.9707
116.423 39.9707
116.423 39.9707
116.423 39.9707
116.423 39.9707
116.423 39.9707
116.423 39.9707
116.423 39.9707
116.423 39.9707
116.423 39.9707
116.423 39.9707
116.423 39.9707
116.423 39.9707
116.423 39.9707
116.423 39.9707
116.423 39.9707
116.423 39.9707
116.423 39.9707
116.423 39.9707
116.423 39.9707
116.423 39.9707
116.423 39.9707
116.423 39.9707
116.423 39.9706
116.423 39.9706
116.423 39.9706
116.423 39.9706
116.423 39.9706
116.423 39.9706
116.423 39.9705
116.423 39.9705
116.423 39.9704
116.426 39.976
116.426 39.976
116.427 39.9761
116.427 39.9761
116.427 39.976
116.427 39.976
116.427 39.976
116.427 39.976
116.427 39.976
116.427 39.976
116.427 39.976
116.427 39.976
116.427 39.976
116.427 39.976
116.427 39.976
116.427 39.976
116.427 39.976
116.427 39.976
116.427 39.976
116.427 39.9761
116.427 39.9761
116.427 39.9761
116.427 39.9761
116.427 39.9761
116.427 39.9761
116.427 39.976
116.427 39.976
116.427 39.976
116.427 39.976
116.427 39.976
116.427 39.976
116.427 39.976
116.427 39.976
116.427 39.976
116.427 39.976
116.427 39.976
116.427 39.976
116.427 39.976
116.427 39.976
116.427 39.9759
116.427 39.9759
116.428 39.9759
116.428 39.9759
116.428 39.976
116.428 39.976
116.428 39.976
116.428 39.976
116.428 39.976
116.428 39.976
116.428 39.976
116.428 39.976
116.428 39.976
116.428 39.976
116.428 39.976
116.428 39.976
116.428 39.976
116.428 39.976
116.428 39.976
116.428 39.976
116.428 39.976
116.428 39.976
116.428 39.976
116.428 39.976
116.428 39.976
116.428 39.976
116.428 39.976
116.428 39.976
116.428 39.976
116.428 39.976
116.428 39.976
116.428 39.9761
116.428 39.976
116.428 39.976
116.428 39.976
116.428 39.976
116.428 39.9761
116.428 39.9761
116.428 39.9761
116.428 39.9761
116.428 39.9761
116.428 39.9762
116.428 39.9762
116.428 39.9762
116.428 39.9762
116.428 39.9763
116.428 39.9763
116.428 39.9763
116.428 39.9763
116.428 39.9764
116.428 39.9764
116.428 39.9765
116.429 39.9765
116.429 39.9766
116.429 39.9766
116.429 39.9766
116.429 39.9767
116.428 39.9766
116.428 39.9766
116.428 39.9766
116.428 39.9766
116.428 39.9766
116.428 39.9767
116.428 39.9767
116.428 39.9767
116.428 39.9767
116.428 39.9768
116.428 39.9768
116.428 39.9769
116.428 39.9769
116.428 39.977
116.428 39.977
116.428 39.9771
116.428 39.9771
116.428 39.9772
116.428 39.9772
116.428 39.9772
116.428 39.9773
116.428 39.9773
116.428 39.9773
116.428 39.9773
116.428 39.9773
116.428 39.9773
116.428 39.9773
116.428 39.9774
116.428 39.9774
116.428 39.9774
116.428 39.9774
116.428 39.9774
116.428 39.9774
116.428 39.9774
116.428 39.9775
116.428 39.9776
116.428 39.9776
116.428 39.9776
116.428 39.9776
116.428 39.9777
116.428 39.9777
116.428 39.9777
116.428 39.9777
116.428 39.9777
116.428 39.9777
116.428 39.9778
116.428 39.9778
116.428 39.9778
116.428 39.9778
116.428 39.9778
116.428 39.9779
116.428 39.9779
116.428 39.9778
116.428 39.9778
116.428 39.9778
116.428 39.9779
116.428 39.9779
116.428 39.9779
116.428 39.9779
116.428 39.978
116.428 39.978
116.428 39.978
116.428 39.978
116.428 39.978
116.428 39.9781
116.428 39.9782
116.428 39.9782
116.428 39.9782
116.428 39.9782
116.428 39.9782
116.428 39.9782
116.428 39.9782
116.428 39.9782
116.428 39.9783
116.428 39.9783
116.428 39.9783
116.428 39.9783
116.429 39.9783
116.429 39.9784
116.429 39.9784
116.429 39.9784
116.429 39.9784
116.428 39.976
116.428 39.9759
116.428 39.9759
116.428 39.9759
116.428 39.976
116.428 39.976
116.428 39.976
116.428 39.976
116.427 39.976
116.427 39.976
116.427 39.9759
116.427 39.9759
116.427 39.9759
116.427 39.976
116.427 39.9761
116.427 39.9761
116.427 39.9761
116.427 39.976
116.427 39.9759
116.427 39.9759
116.427 39.9759
116.427 39.9759
116.427 39.9759
116.427 39.9759
116.427 39.9758
116.427 39.9759
116.427 39.9759
116.427 39.9759
116.427 39.9759
116.427 39.976
116.427 39.9759
116.427 39.9759
116.427 39.9759
116.427 39.9759
116.427 39.976
116.427 39.976
116.427 39.976
116.427 39.976
116.427 39.976
116.427 39.976
116.427 39.976
116.427 39.976
116.427 39.976
116.427 39.976
116.427 39.976
116.427 39.976
116.427 39.976
116.427 39.976
116.427 39.976
116.427 39.976
116.427 39.976
116.427 39.9759
116.427 39.976
116.427 39.9759
116.427 39.976
116.427 39.9759
116.426 39.9759
116.426 39.9759
116.426 39.9759
116.426 39.9759
116.426 39.9759
116.426 39.9759
116.426 39.9759
116.426 39.9759
116.426 39.9759
116.426 39.9759
116.426 39.9759
116.426 39.9759
116.426 39.9759
116.426 39.9759
116.426 39.9759
116.426 39.9759
116.426 39.9759
116.426 39.9759
116.426 39.9759
116.426 39.9759
116.426 39.9759
116.426 39.9759
116.426 39.9759
116.426 39.9759
116.426 39.9759
116.426 39.9759
116.426 39.9759
116.426 39.976
116.426 39.976
116.426 39.976
116.426 39.976
116.426 39.976
116.426 39.9759
116.426 39.9759
116.426 39.9759
116.426 39.9759
116.426 39.9759
116.426 39.9759
116.426 39.9759
116.426 39.9759
116.426 39.9759
116.425 39.9759
116.425 39.9759
116.425 39.976
116.425 39.976
116.425 39.976
116.425 39.9759
116.425 39.9759
116.425 39.9759
116.425 39.9759
116.425 39.9759
116.425 39.9759
116.425 39.9759
116.425 39.9759
116.425 39.9759
116.425 39.9759
116.425 39.9759
116.425 39.976
116.425 39.9759
116.425 39.9759
116.425 39.9759
116.425 39.9759
116.425 39.9759
116.425 39.9759
116.425 39.9759
116.425 39.9759
116.425 39.9759
116.425 39.9759
116.425 39.9759
116.425 39.9758
116.425 39.9758
116.425 39.9758
116.425 39.9758
116.425 39.9758
116.425 39.9757
116.425 39.9757
116.425 39.9757
116.425 39.9757
116.425 39.9756
116.425 39.9756
116.425 39.9756
116.425 39.9756
116.425 39.9756
116.425 39.9755
116.425 39.9755
116.425 39.9755
116.425 39.9755
116.425 39.9755
116.425 39.9755
116.425 39.9755
116.425 39.9755
116.425 39.9755
116.425 39.9755
116.425 39.9755
116.425 39.9754
116.425 39.9754
116.425 39.9754
116.425 39.9754
116.425 39.9754
116.425 39.9754
116.425 39.9754
116.425 39.9754
116.425 39.9755
116.425 39.9755
116.425 39.9755
