121.628 38.9175
121.628 38.9176
121.628 38.9176
121.628 38.9175
121.628 38.9175
121.628 38.9176
121.627 38.9174
121.627 38.9173
121.626 38.917
121.626 38.9165
121.625 38.9161
121.625 38.9157
121.625 38.9153
121.625 38.9149
121.624 38.9145
121.624 38.9141
121.624 38.9137
121.624 38.9133
121.624 38.9129
121.624 38.913
121.624 38.913
121.623 38.9129
121.623 38.913
121.623 38.9134
121.623 38.9133
121.623 38.9136
121.622 38.9135
121.622 38.9134
121.621 38.9134
121.621 38.9134
121.619 38.913
121.619 38.9128
121.618 38.9128
121.617 38.9126
121.616 38.9125
121.615 38.9124
121.615 38.9123
121.614 38.9123
121.614 38.9123
121.614 38.9123
121.614 38.9123
121.614 38.9123
121.614 38.9123
121.614 38.9123
121.614 38.9123
121.614 38.9123
121.614 38.9123
121.613 38.9121
121.612 38.9118
121.611 38.9117
121.611 38.9115
121.61 38.9114
121.61 38.9113
121.61 38.9112
121.61 38.9112
121.61 38.9112
121.609 38.9111
121.609 38.911
121.609 38.911
121.609 38.9112
121.609 38.9115
121.609 38.9117
121.609 38.9118
121.609 38.9118
121.609 38.9118
121.609 38.9118
121.609 38.9119
121.609 38.912
121.608 38.9122
121.608 38.9123
121.607 38.9124
121.607 38.9126
121.607 38.9126
121.607 38.9126
121.607 38.9126
121.607 38.9126
121.607 38.9126
121.607 38.9126
121.607 38.9127
121.606 38.9128
121.606 38.9128
121.605 38.9128
121.605 38.9128
121.604 38.9128
121.603 38.9127
121.603 38.9126
121.602 38.9126
121.602 38.9126
121.602 38.9126
121.602 38.9126
121.602 38.9126
121.602 38.9126
121.602 38.9126
121.602 38.9126
121.602 38.9126
121.602 38.9126
121.601 38.9125
121.601 38.9126
121.6 38.9125
121.6 38.9124
121.6 38.9124
121.6 38.9124
121.6 38.9124
121.6 38.9124
121.6 38.9124
121.6 38.9124
121.6 38.9123
121.599 38.9118
121.599 38.9116
121.599 38.9115
121.599 38.9114
121.598 38.9114
121.598 38.9113
121.597 38.9112
121.597 38.9111
121.596 38.911
121.596 38.9109
121.595 38.9108
121.594 38.9108
121.594 38.9108
121.594 38.9108
121.593 38.9107
121.593 38.9106
121.593 38.9105
121.593 38.9105
121.592 38.9104
121.592 38.9103
121.592 38.9103
121.592 38.9103
121.592 38.9103
121.592 38.9103
121.591 38.9102
121.59 38.9101
121.589 38.91
121.588 38.9099
121.588 38.9099
121.588 38.91
121.587 38.91
121.587 38.9101
121.587 38.9101
121.587 38.9101
121.587 38.9101
121.587 38.9101
121.587 38.9101
121.587 38.9101
121.587 38.9101
121.587 38.9101
121.587 38.9101
121.587 38.9101
121.587 38.9101
121.587 38.9101
121.587 38.9101
121.587 38.9101
121.587 38.9101
121.587 38.9101
121.587 38.9101
121.586 38.9101
121.586 38.9101
121.585 38.9101
121.585 38.91
121.584 38.91
121.584 38.91
121.584 38.9101
121.584 38.9101
121.584 38.9101
121.584 38.9101
121.584 38.9101
121.584 38.9101
121.584 38.91
121.583 38.9101
121.583 38.9102
121.583 38.9102
121.583 38.9102
121.583 38.9102
121.583 38.9102
121.583 38.9102
121.583 38.9102
121.583 38.9102
121.583 38.9102
121.583 38.9102
121.583 38.9102
121.583 38.9102
121.583 38.9102
121.583 38.9102
121.583 38.91
121.583 38.9099
121.583 38.9099
121.582 38.9097
121.582 38.9097
121.581 38.9098
121.58 38.9098
121.58 38.9098
121.579 38.9098
121.579 38.9099
121.579 38.9099
121.579 38.9099
121.579 38.9099
121.578 38.91
121.577 38.9099
121.576 38.9099
121.575 38.9099
121.575 38.9099
121.574 38.91
121.574 38.91
121.573 38.9101
121.573 38.91
121.572 38.9101
121.572 38.9101
121.572 38.9102
121.571 38.9103
121.571 38.9103
121.571 38.9103
121.571 38.9103
121.571 38.9105
121.571 38.9107
121.57 38.9108
121.569 38.9111
121.569 38.9113
121.568 38.9116
121.568 38.9118
121.567 38.912
121.567 38.9121
121.567 38.9123
121.566 38.9124
121.566 38.9124
121.566 38.9124
121.566 38.9124
121.566 38.9125
121.566 38.9125
121.566 38.9125
121.566 38.9126
121.566 38.9127
121.565 38.9129
121.565 38.9129
121.565 38.913
121.565 38.913
121.565 38.913
121.565 38.913
121.565 38.913
121.565 38.9131
121.564 38.9132
121.564 38.9134
121.564 38.9135
121.563 38.9136
121.563 38.9139
121.562 38.9141
121.562 38.9144
121.561 38.9146
121.561 38.9148
121.561 38.9149
121.561 38.9149
121.561 38.9149
121.56 38.915
121.56 38.9151
121.56 38.9152
121.559 38.9154
121.559 38.9157
121.558 38.916
121.557 38.9162
121.557 38.9164
121.556 38.9167
121.555 38.917
121.555 38.9173
121.554 38.9175
121.553 38.9178
121.553 38.918
121.552 38.9182
121.552 38.9185
121.552 38.9187
121.551 38.9188
121.551 38.919
121.551 38.9191
121.55 38.9192
121.55 38.9192
121.55 38.9192
121.55 38.9192
121.55 38.9193
121.55 38.9194
121.55 38.9195
121.549 38.9197
121.549 38.9199
121.548 38.9202
121.548 38.9204
121.547 38.9206
121.547 38.9207
121.547 38.9208
121.547 38.9208
121.547 38.9208
121.547 38.9208
121.546 38.9208
121.546 38.921
121.546 38.9211
121.545 38.9212
121.545 38.9214
121.545 38.9216
121.544 38.9218
121.544 38.922
121.544 38.9222
121.543 38.9222
121.543 38.9223
121.543 38.9223
121.543 38.9223
121.543 38.9223
121.543 38.9224
121.543 38.9226
121.543 38.9228
121.542 38.9231
121.542 38.9233
121.542 38.9235
121.541 38.9236
121.541 38.9236
121.54 38.9236
121.539 38.9236
121.539 38.9236
121.538 38.9237
121.538 38.9237
121.538 38.9237
121.538 38.9237
121.538 38.9237
121.538 38.9237
121.538 38.9238
121.537 38.9239
121.537 38.924
121.536 38.9241
121.535 38.9243
121.535 38.9244
121.535 38.9246
121.534 38.9247
121.534 38.9248
121.533 38.9248
121.533 38.925
121.532 38.925
121.532 38.9251
121.532 38.9251
121.531 38.9251
121.531 38.9252
121.531 38.9252
121.53 38.9252
121.53 38.9253
121.53 38.9253
121.53 38.9253
121.53 38.9253
121.53 38.9254
121.529 38.9255
121.529 38.9258
121.529 38.9263
121.529 38.9267
121.528 38.927
121.528 38.9272
121.528 38.9275
121.528 38.9278
121.527 38.9281
121.526 38.9283
121.526 38.9284
121.526 38.9284
121.526 38.9284
121.526 38.9284
121.526 38.9285
121.526 38.9285
121.526 38.9286
121.526 38.9286
121.526 38.9287
121.526 38.9287
121.526 38.9287
121.526 38.9288
121.526 38.9288
121.526 38.9288
121.526 38.9288
121.526 38.9288
121.526 38.9288
121.527 38.9288
121.527 38.9289
121.527 38.9289
121.527 38.9289
121.527 38.9289
121.527 38.9289
121.527 38.9287
121.527 38.9287
121.527 38.9287
121.527 38.9288
121.527 38.9288
121.527 38.9288
121.527 38.9288
121.527 38.9288
121.528 38.9288
121.528 38.9287
121.528 38.9286
121.528 38.9287
121.528 38.9287
121.528 38.9287
121.528 38.9287
121.528 38.9288
121.528 38.9288
121.529 38.9288
121.529 38.9288
121.529 38.9288
121.529 38.9288
121.529 38.9288
121.529 38.9288
121.529 38.9288
121.529 38.9288
121.529 38.9288
121.529 38.9288
121.529 38.9288
121.529 38.9288
121.529 38.9288
121.529 38.9288
121.529 38.9289
121.529 38.9289
121.529 38.9289
121.529 38.929
121.529 38.929
121.529 38.9291
121.529 38.9291
121.529 38.9291
121.529 38.9291
121.529 38.9292
121.529 38.9292
