116.327 40.0774
116.327 40.0774
116.327 40.0774
116.327 40.0774
116.327 40.0774
116.327 40.0774
116.327 40.0774
116.327 40.0774
116.327 40.0775
116.327 40.0775
116.327 40.0776
116.327 40.0776
116.327 40.0776
116.327 40.0776
116.327 40.0776
116.327 40.0777
116.327 40.0777
116.327 40.0777
116.327 40.0777
116.327 40.0777
116.327 40.0775
116.327 40.0779
116.327 40.0777
116.327 40.0777
116.327 40.0776
116.327 40.0776
116.327 40.0775
116.327 40.0775
116.327 40.0774
116.327 40.0772
116.327 40.0772
116.327 40.0772
116.327 40.0772
116.327 40.0772
116.327 40.0772
116.327 40.0772
116.327 40.0771
116.327 40.0771
116.327 40.077
116.327 40.077
116.327 40.077
116.327 40.077
116.327 40.077
116.327 40.0771
116.327 40.077
116.327 40.077
116.327 40.077
116.327 40.0771
116.327 40.0771
116.327 40.0771
116.327 40.0772
116.327 40.0772
116.327 40.0772
116.327 40.0773
116.327 40.0773
116.327 40.0773
116.327 40.0774
116.327 40.0774
116.327 40.0775
116.327 40.0776
116.327 40.0776
116.327 40.0776
116.327 40.0776
116.327 40.0776
116.327 40.0776
116.327 40.0776
116.327 40.0776
116.327 40.0776
116.327 40.0775
116.326 40.0775
116.326 40.0775
116.326 40.0774
116.326 40.0774
116.326 40.0774
116.326 40.0774
116.326 40.0774
116.326 40.0774
116.326 40.0774
116.326 40.0774
116.326 40.0774
116.326 40.0774
116.326 40.0773
116.326 40.0773
116.326 40.0773
116.326 40.0773
116.325 40.0772
116.325 40.0773
116.325 40.0773
116.325 40.0773
116.325 40.0773
116.325 40.0773
116.325 40.0773
116.325 40.0773
116.325 40.0772
116.325 40.0772
116.325 40.0771
116.325 40.0771
116.325 40.0771
116.325 40.0771
116.325 40.0771
116.325 40.0771
116.325 40.0771
116.325 40.0771
116.325 40.0771
116.325 40.0771
116.325 40.0771
116.325 40.077
116.325 40.077
116.325 40.077
116.325 40.077
116.325 40.077
116.325 40.077
116.325 40.077
116.325 40.077
116.325 40.077
116.325 40.077
116.325 40.077
116.325 40.077
116.324 40.077
116.324 40.077
116.324 40.077
116.324 40.0769
116.324 40.0769
116.324 40.0769
116.324 40.0769
116.324 40.0769
116.324 40.0768
116.324 40.0768
116.324 40.0768
116.324 40.0768
116.324 40.0768
116.324 40.0768
116.324 40.0768
116.324 40.0767
116.324 40.0767
116.324 40.0767
116.324 40.0767
116.324 40.0767
116.324 40.0767
116.324 40.0767
116.324 40.0767
116.324 40.0767
116.324 40.0767
116.324 40.0766
116.324 40.0766
116.324 40.0766
116.324 40.0766
116.324 40.0766
116.324 40.0766
116.323 40.0766
116.323 40.0766
116.323 40.0766
116.323 40.0766
116.323 40.0766
116.323 40.0766
116.323 40.0765
116.323 40.0765
116.323 40.0765
116.323 40.0765
116.323 40.0765
116.323 40.0765
116.323 40.0765
116.323 40.0765
116.323 40.0764
116.323 40.0764
116.323 40.0764
116.323 40.0763
116.323 40.0763
116.323 40.0763
116.323 40.0763
116.323 40.0763
116.323 40.0762
116.323 40.0762
116.323 40.0762
116.323 40.0761
116.323 40.0761
116.323 40.076
116.323 40.076
116.323 40.076
116.323 40.076
116.323 40.076
116.323 40.076
116.323 40.0759
116.323 40.0759
116.323 40.0759
116.323 40.0759
116.323 40.0759
116.323 40.0758
116.323 40.0758
116.323 40.0758
116.323 40.0757
116.323 40.0757
116.323 40.0757
116.323 40.0757
116.323 40.0757
116.323 40.0757
116.323 40.0757
116.323 40.0757
116.323 40.0757
116.323 40.0757
116.323 40.0757
116.323 40.0757
116.323 40.0758
116.323 40.0758
116.323 40.0758
116.323 40.0758
116.323 40.0759
116.323 40.0759
116.323 40.0759
116.323 40.0759
116.323 40.076
116.323 40.076
116.323 40.076
116.323 40.076
116.323 40.076
116.323 40.076
116.323 40.0759
116.323 40.0759
116.323 40.0759
116.323 40.0759
116.323 40.0759
116.323 40.0759
116.323 40.0759
116.323 40.0759
116.323 40.076
116.323 40.076
116.323 40.076
116.323 40.076
116.323 40.076
116.323 40.076
116.323 40.076
116.323 40.076
116.323 40.076
116.323 40.076
116.323 40.0759
116.323 40.0759
116.323 40.0757
116.323 40.0757
116.323 40.0756
116.323 40.0757
116.323 40.0757
116.323 40.0757
116.323 40.0757
116.323 40.0758
116.323 40.0759
116.323 40.0761
116.323 40.0762
116.323 40.0762
116.323 40.0763
116.323 40.0763
116.323 40.0764
116.323 40.0765
116.323 40.0765
116.323 40.0766
116.322 40.0767
116.322 40.0766
116.322 40.0764
116.321 40.0762
116.32 40.0759
116.319 40.0757
116.319 40.0754
116.318 40.0753
116.318 40.0752
116.318 40.0752
116.318 40.0752
116.318 40.0752
116.318 40.0752
116.318 40.0752
116.318 40.0752
116.318 40.0752
116.317 40.0751
116.317 40.075
116.316 40.0748
116.316 40.0745
116.315 40.0742
116.314 40.0739
116.313 40.0737
116.312 40.0734
116.311 40.0733
116.311 40.0732
116.311 40.0732
116.311 40.0731
116.311 40.0731
116.311 40.073
116.311 40.073
116.31 40.0729
116.31 40.0729
116.31 40.0728
116.31 40.0728
116.31 40.0727
116.31 40.0727
116.309 40.0726
116.309 40.0725
116.308 40.0723
116.308 40.0722
116.308 40.0723
116.307 40.0727
116.307 40.0732
116.306 40.0737
116.306 40.0741
116.307 40.0743
116.307 40.0741
116.307 40.0736
116.308 40.0729
116.308 40.0722
116.309 40.0714
116.309 40.0708
116.31 40.0704
116.31 40.0704
116.31 40.0703
116.31 40.0703
116.31 40.0703
116.31 40.0702
116.31 40.0702
116.31 40.0702
116.31 40.0702
116.31 40.0702
116.31 40.0701
116.31 40.0701
116.31 40.0701
116.31 40.0701
116.31 40.0701
116.31 40.07
116.31 40.07
116.31 40.07
116.31 40.0698
116.31 40.0696
116.311 40.0692
116.311 40.0685
116.312 40.0677
116.313 40.0668
116.314 40.0657
116.315 40.0635
116.317 40.0612
116.319 40.059
116.32 40.0569
116.322 40.0547
116.324 40.0526
116.325 40.0505
116.327 40.0482
116.329 40.0459
116.33 40.0439
116.332 40.042
116.333 40.0404
116.334 40.0394
116.334 40.0385
116.335 40.0374
116.336 40.0365
116.337 40.0355
116.337 40.0346
116.338 40.0335
116.339 40.0325
116.34 40.0311
116.341 40.0301
116.342 40.029
116.343 40.028
116.344 40.0263
116.345 40.0252
116.346 40.0242
116.347 40.0223
116.348 40.0203
116.35 40.0182
116.352 40.0161
116.354 40.014
116.355 40.0124
116.355 40.0121
116.355 40.012
116.355 40.012
116.355 40.012
116.355 40.012
116.355 40.0119
116.355 40.0119
116.355 40.0119
116.355 40.0119
116.355 40.0119
116.355 40.0118
116.355 40.0118
116.355 40.0117
116.355 40.0117
116.355 40.0117
116.355 40.0117
116.355 40.0117
116.355 40.0116
116.355 40.0116
116.355 40.0115
116.355 40.0115
116.355 40.0115
116.355 40.0115
116.355 40.0115
116.355 40.0115
116.356 40.0115
116.356 40.0115
116.356 40.0115
116.355 40.0115
116.355 40.0115
116.355 40.0114
116.356 40.0114
116.356 40.0112
116.356 40.011
116.356 40.0106
116.356 40.0104
116.356 40.0102
116.356 40.01
116.356 40.0099
116.356 40.0098
116.357 40.0097
116.357 40.0096
116.357 40.0095
116.357 40.0094
116.357 40.0093
116.357 40.0091
116.357 40.0089
116.357 40.0088
116.357 40.0086
116.358 40.0084
116.358 40.0082
116.358 40.008
116.358 40.0078
116.358 40.0076
116.358 40.0074
116.359 40.007
116.359 40.0064
116.359 40.0063
116.359 40.0063
116.359 40.0061
116.359 40.006
116.359 40.0059
116.359 40.0059
116.36 40.0058
116.36 40.0057
116.36 40.0057
116.36 40.0056
116.36 40.0055
116.36 40.0053
116.36 40.0051
116.36 40.0049
116.36 40.0046
116.361 40.0043
116.361 40.004
116.361 40.0038
116.361 40.0037
116.361 40.0035
116.361 40.0033
116.361 40.0033
116.361 40.0033
116.361 40.0032
116.361 40.0032
116.361 40.0032
116.361 40.0032
116.361 40.0031
116.362 40.0031
116.362 40.0031
116.362 40.0031
116.362 40.003
116.362 40.003
116.362 40.003
116.362 40.0028
116.362 40.0027
116.362 40.0024
116.362 40.0019
116.363 40.0013
116.363 40.0006
116.364 39.9999
116.364 39.9993
116.365 39.9989
116.365 39.9985
116.365 39.9982
116.365 39.998
116.365 39.9979
116.366 39.9977
116.366 39.9976
116.366 39.9974
116.366 39.997
116.366 39.9966
116.367 39.9964
116.367 39.9962
116.367 39.996
116.367 39.9959
116.367 39.9957
116.367 39.9957
116.367 39.9955
116.367 39.9953
116.368 39.9951
116.368 39.9948
116.368 39.9947
116.368 39.9945
116.368 39.9943
116.369 39.9938
116.369 39.9933
116.369 39.9928
116.37 39.9924
116.37 39.9919
116.37 39.9915
116.371 39.991
116.371 39.9906
116.371 39.9902
116.371 39.99
116.371 39.9897
116.371 39.9892
116.371 39.9885
116.371 39.9878
116.37 39.9871
116.37 39.9865
116.369 39.9863
116.368 39.9863
116.367 39.9862
116.365 39.9861
116.364 39.9861
116.362 39.986
116.361 39.986
116.358 39.9859
116.357 39.9859
116.356 39.9858
116.354 39.9857
116.353 39.9857
116.352 39.9857
116.349 39.9856
116.348 39.9856
116.346 39.9856
116.345 39.9855
116.342 39.9855
116.341 39.9855
116.339 39.9854
116.338 39.9854
116.337 39.9854
116.336 39.9853
116.334 39.9853
116.332 39.9852
116.331 39.9852
116.331 39.9851
116.33 39.9851
116.33 39.9851
116.329 39.985
116.328 39.985
116.328 39.9849
116.327 39.9849
116.327 39.9849
116.327 39.9849
116.327 39.9848
116.327 39.9846
116.327 39.9846
116.327 39.9846
116.327 39.9844
116.327 39.9842
116.327 39.9835
116.327 39.9826
116.327 39.9816
116.327 39.9807
116.327 39.98
116.327 39.9793
116.327 39.9783
116.327 39.9774
116.328 39.9769
116.328 39.9768
116.328 39.9768
116.328 39.9768
116.328 39.9767
116.328 39.9766
116.328 39.9763
116.328 39.9759
116.328 39.9757
116.328 39.9757
116.328 39.9756
116.328 39.9756
116.328 39.9756
116.328 39.9756
116.328 39.9756
116.328 39.9756
116.328 39.9755
116.328 39.9755
116.328 39.9755
116.328 39.9755
116.328 39.9755
116.328 39.9755
116.328 39.9756
116.328 39.9758
116.328 39.9761
116.328 39.9762
116.328 39.9763
116.328 39.9766
116.328 39.9767
116.328 39.9768
116.328 39.9769
116.328 39.9769
116.328 39.9769
116.329 39.9769
116.329 39.977
116.33 39.977
116.331 39.9771
116.331 39.9772
116.332 39.9771
116.332 39.9769
116.332 39.9765
116.332 39.976
116.331 39.9758
116.331 39.9757
116.331 39.9758
116.33 39.9757
116.331 39.9756
