116.323 40.076
116.323 40.076
116.323 40.076
116.323 40.076
116.323 40.076
116.323 40.076
116.323 40.076
116.323 40.076
116.323 40.0759
116.323 40.0757
116.323 40.0756
116.323 40.0757
116.323 40.0757
116.323 40.0757
116.323 40.0757
116.323 40.0758
116.323 40.0759
116.323 40.0762
116.323 40.0764
116.323 40.0768
116.324 40.0769
116.325 40.0773
116.326 40.0776
116.327 40.0779
116.327 40.0779
116.327 40.078
116.327 40.078
116.328 40.0781
116.329 40.0782
116.33 40.0783
116.331 40.0785
116.333 40.0786
116.334 40.0787
116.335 40.0788
116.336 40.0788
116.337 40.0789
116.338 40.0789
116.338 40.0789
116.338 40.0789
116.338 40.0789
116.339 40.0789
116.34 40.0789
116.342 40.079
116.343 40.0791
116.345 40.0791
116.346 40.0792
116.347 40.0792
116.348 40.0793
116.349 40.0793
116.35 40.0794
116.351 40.0794
116.352 40.0794
116.352 40.0794
116.352 40.0794
116.352 40.0794
116.352 40.0794
116.352 40.0794
116.352 40.0795
116.352 40.0795
116.353 40.0795
116.354 40.0795
116.355 40.0796
116.356 40.0796
116.357 40.0796
116.357 40.0796
116.357 40.0796
116.357 40.0796
116.357 40.0797
116.357 40.08
116.357 40.0805
116.357 40.0812
116.357 40.0819
116.357 40.0824
116.357 40.0825
116.357 40.0828
116.357 40.0834
116.357 40.0843
116.357 40.085
116.357 40.0853
116.357 40.0854
116.357 40.0854
116.357 40.0854
116.357 40.0854
116.357 40.0855
116.357 40.0856
116.357 40.0858
116.357 40.0863
116.357 40.0869
116.357 40.0877
116.356 40.0883
116.357 40.0886
116.357 40.0886
116.358 40.0887
116.359 40.0888
116.359 40.0889
116.359 40.0891
116.359 40.0897
116.358 40.0904
116.358 40.0909
116.358 40.0913
116.358 40.0915
116.359 40.0919
116.359 40.0925
116.359 40.0932
116.359 40.0939
116.359 40.0947
116.359 40.0955
116.359 40.0961
116.359 40.0967
116.359 40.0972
116.359 40.0977
116.359 40.0981
116.359 40.0982
116.359 40.0983
116.36 40.0984
116.361 40.0985
116.362 40.0986
116.363 40.0988
116.364 40.0989
116.365 40.099
116.366 40.0991
116.367 40.0992
116.368 40.0992
116.368 40.0993
116.368 40.0993
116.369 40.0994
116.369 40.0994
116.37 40.0995
116.371 40.0996
116.372 40.0997
116.372 40.0999
116.373 40.1001
116.373 40.1006
116.373 40.1013
116.373 40.1021
116.372 40.103
116.372 40.1035
116.372 40.1037
116.372 40.1043
116.372 40.1051
116.372 40.106
116.372 40.107
116.372 40.108
116.371 40.1091
116.371 40.1101
116.371 40.111
116.371 40.112
116.371 40.113
116.37 40.1139
116.37 40.1144
116.37 40.1145
116.369 40.1144
116.368 40.1142
116.367 40.1141
116.367 40.114
116.366 40.114
116.366 40.1141
116.366 40.1142
116.366 40.1143
116.366 40.1144
116.366 40.1145
116.366 40.1146
116.366 40.1148
116.366 40.1152
116.366 40.1158
116.366 40.1164
116.366 40.117
116.365 40.1176
116.365 40.1182
116.365 40.1184
116.365 40.1184
116.365 40.1184
116.365 40.1184
116.365 40.1184
116.365 40.1183
116.365 40.1181
116.364 40.1178
116.364 40.1176
116.363 40.1173
116.363 40.1169
116.363 40.1168
116.363 40.1166
116.363 40.1165
116.362 40.1164
116.362 40.1164
116.362 40.1163
116.362 40.1163
116.362 40.1162
116.361 40.1163
116.361 40.1165
116.36 40.1166
116.36 40.1166
116.36 40.1165
116.36 40.1165
116.359 40.1164
116.358 40.1163
116.357 40.1163
116.356 40.1163
116.356 40.1165
116.355 40.1166
116.354 40.1168
116.353 40.117
116.353 40.1173
116.352 40.1177
116.352 40.1183
116.351 40.1189
116.351 40.1195
116.35 40.1199
116.35 40.1202
116.35 40.1204
116.35 40.1209
116.349 40.1214
116.349 40.1221
116.348 40.1226
116.348 40.1232
116.347 40.1238
116.347 40.1245
116.346 40.1251
116.345 40.1257
116.345 40.1262
116.344 40.1266
116.343 40.1271
116.343 40.1276
116.342 40.128
116.341 40.1285
116.341 40.1288
116.34 40.1288
116.339 40.1287
116.339 40.1286
116.338 40.1286
116.337 40.1285
116.337 40.1284
116.337 40.1284
116.336 40.1283
116.336 40.1283
116.336 40.1283
116.336 40.1283
116.336 40.1283
116.336 40.1283
116.336 40.1283
116.336 40.1283
116.336 40.1283
116.336 40.1283
116.336 40.1283
