116.329 39.9769
116.328 39.9769
116.328 39.9769
116.328 39.9769
116.327 39.9769
116.327 39.9771
116.327 39.9775
116.327 39.9782
116.327 39.9792
116.327 39.98
116.327 39.9808
116.327 39.9817
116.327 39.9826
116.327 39.9832
116.327 39.9836
116.327 39.984
116.327 39.9842
116.327 39.9844
116.327 39.9845
116.327 39.9845
116.328 39.9846
116.328 39.9846
116.329 39.9847
116.33 39.9847
116.331 39.9847
116.332 39.9848
116.333 39.9848
116.335 39.9848
116.336 39.9849
116.337 39.985
116.338 39.985
116.339 39.9852
116.34 39.9852
116.341 39.9852
116.342 39.9853
116.344 39.9853
116.345 39.9854
116.346 39.9854
116.348 39.9855
116.349 39.9855
116.35 39.9856
116.352 39.9857
116.353 39.9857
116.354 39.9857
116.356 39.9858
116.357 39.9858
116.358 39.9858
116.359 39.9859
116.361 39.9859
116.362 39.9859
116.363 39.9859
116.364 39.9859
116.365 39.986
116.366 39.986
116.367 39.986
116.368 39.9859
116.369 39.986
116.37 39.986
116.371 39.9858
116.372 39.9856
116.372 39.9856
116.373 39.9858
116.373 39.9862
116.373 39.9868
116.373 39.9872
116.372 39.9877
116.372 39.9884
116.372 39.989
116.371 39.9896
116.371 39.9902
116.371 39.9908
116.371 39.9913
116.37 39.992
116.37 39.9928
116.369 39.9937
116.368 39.9946
116.367 39.9955
116.367 39.9963
116.366 39.997
116.366 39.9977
116.365 39.9985
116.364 39.9994
116.364 40.0003
116.363 40.0011
116.363 40.002
116.362 40.0029
116.361 40.0039
116.36 40.0059
116.358 40.0077
116.358 40.0087
116.357 40.0097
116.356 40.0105
116.356 40.0112
116.356 40.0116
116.356 40.0119
116.355 40.0124
116.354 40.0132
116.353 40.0142
116.352 40.0153
116.351 40.0172
116.35 40.0192
116.348 40.0213
116.346 40.0237
116.344 40.026
116.343 40.0281
116.341 40.0303
116.339 40.0323
116.338 40.034
116.337 40.0349
116.337 40.0359
116.336 40.0369
116.335 40.038
116.333 40.0402
116.332 40.0426
116.33 40.0448
116.328 40.0469
116.327 40.0492
116.325 40.0517
116.323 40.0541
116.321 40.0563
116.319 40.0585
116.318 40.0607
116.316 40.0627
116.315 40.0647
116.313 40.0669
116.311 40.0691
116.31 40.0703
116.31 40.0705
116.31 40.0707
116.31 40.0711
116.31 40.0714
116.31 40.0717
116.31 40.072
116.309 40.0721
116.31 40.0722
116.31 40.0723
116.31 40.0723
116.31 40.0724
116.311 40.0726
116.311 40.0728
116.311 40.073
116.312 40.0733
116.313 40.0735
116.313 40.0736
116.313 40.0736
116.313 40.0736
116.313 40.0736
116.313 40.0737
116.313 40.0737
116.313 40.0737
116.313 40.0737
116.313 40.0737
116.314 40.0737
116.314 40.0738
116.314 40.0738
116.314 40.0739
116.314 40.0739
116.314 40.0739
116.314 40.0739
116.314 40.0739
116.314 40.074
116.314 40.074
116.315 40.074
116.315 40.074
116.315 40.074
116.315 40.074
116.315 40.074
116.315 40.0741
116.315 40.0741
116.315 40.0741
116.315 40.0741
116.315 40.0741
116.315 40.0741
116.315 40.0741
116.315 40.0742
116.315 40.0742
116.315 40.0743
116.316 40.0744
116.316 40.0744
116.316 40.0744
116.316 40.0744
116.316 40.0745
116.316 40.0745
116.316 40.0745
116.316 40.0745
116.316 40.0745
116.316 40.0745
116.316 40.0745
116.316 40.0746
116.317 40.0746
116.317 40.0747
116.317 40.0747
116.317 40.0747
116.317 40.0747
116.317 40.0747
116.317 40.0747
116.317 40.0748
116.317 40.0749
116.317 40.0749
116.318 40.075
116.318 40.0752
116.319 40.0754
116.32 40.0756
116.321 40.0759
116.321 40.0761
116.322 40.0763
116.322 40.0764
116.323 40.0765
116.323 40.0766
116.324 40.0769
116.325 40.0772
116.326 40.0775
116.327 40.0778
116.327 40.0779
116.327 40.0776
116.328 40.077
116.328 40.0765
116.328 40.0763
116.328 40.076
116.327 40.076
116.327 40.0759
116.327 40.076
116.327 40.0761
116.327 40.0764
116.327 40.0766
116.327 40.0768
116.327 40.0769
116.327 40.0769
116.327 40.077
116.327 40.077
116.327 40.077
116.327 40.0769
116.326 40.0768
116.326 40.0768
116.326 40.0767
116.326 40.0766
116.325 40.0765
116.325 40.0764
116.325 40.0764
116.325 40.0763
116.325 40.0762
116.325 40.0762
116.324 40.0761
116.324 40.0761
116.324 40.076
116.324 40.076
116.324 40.076
116.323 40.076
116.323 40.076
116.323 40.076
116.323 40.076
116.323 40.076
116.323 40.076
116.323 40.076
116.323 40.076
116.323 40.076
116.323 40.076
116.323 40.076
116.323 40.076
116.323 40.076
116.323 40.076
116.323 40.0761
116.323 40.0761
116.323 40.0761
116.323 40.0761
116.323 40.0761
116.323 40.0761
116.324 40.0761
116.324 40.0762
116.324 40.0762
116.324 40.0762
116.324 40.0762
116.324 40.0762
116.324 40.0762
116.324 40.0763
116.324 40.0763
116.324 40.0763
116.324 40.0763
116.324 40.0763
116.324 40.0763
116.324 40.0763
116.324 40.0763
116.324 40.0763
116.324 40.0763
116.324 40.0764
116.324 40.0764
116.324 40.0764
116.324 40.0764
116.324 40.0764
116.324 40.0764
116.324 40.0764
116.324 40.0765
116.324 40.0765
116.324 40.0765
116.324 40.0765
116.324 40.0765
116.324 40.0765
116.324 40.0765
116.324 40.0765
116.324 40.0765
116.324 40.0765
116.324 40.0765
116.324 40.0765
116.324 40.0765
116.324 40.0765
116.324 40.0765
116.325 40.0765
116.325 40.0766
116.325 40.0766
116.325 40.0766
116.325 40.0766
116.325 40.0766
116.325 40.0766
116.325 40.0766
116.325 40.0767
116.325 40.0767
116.325 40.0767
116.325 40.0767
116.325 40.0766
116.325 40.0767
116.325 40.0767
116.325 40.0767
116.325 40.0767
116.325 40.0767
116.325 40.0767
116.325 40.0767
116.325 40.0767
116.325 40.0768
116.325 40.0767
116.325 40.0767
116.325 40.0768
116.325 40.0768
116.325 40.0767
116.325 40.0768
116.325 40.0768
116.325 40.0768
116.325 40.0768
116.325 40.0768
116.325 40.0768
116.325 40.0769
116.325 40.0769
116.326 40.0769
116.326 40.0769
116.326 40.077
116.326 40.077
116.326 40.077
116.326 40.077
116.326 40.077
