116.395 40.0201
116.395 40.02
116.395 40.0198
116.395 40.0198
116.395 40.0198
116.395 40.0197
116.395 40.0197
116.395 40.0198
116.395 40.0197
116.395 40.0197
116.395 40.0197
116.395 40.0197
116.395 40.0197
116.395 40.0196
116.395 40.0196
116.395 40.0196
116.395 40.0196
116.395 40.0196
116.395 40.0196
116.395 40.0196
116.395 40.0195
116.395 40.0195
116.395 40.0195
116.395 40.0195
116.395 40.0195
116.395 40.0195
116.394 40.0195
116.394 40.0195
116.394 40.0195
116.394 40.0195
116.394 40.0195
116.394 40.0195
116.394 40.0195
116.394 40.0195
116.394 40.0195
116.394 40.0195
116.394 40.0195
116.394 40.0195
116.394 40.0195
116.394 40.0195
116.394 40.0195
116.394 40.0195
116.394 40.0195
116.394 40.0195
116.394 40.0195
116.394 40.0195
116.394 40.0195
116.394 40.0195
116.394 40.0195
116.394 40.0195
116.394 40.0195
116.394 40.0195
116.394 40.0194
116.394 40.0194
116.394 40.0194
116.394 40.0194
116.394 40.0194
116.394 40.0194
116.394 40.0194
116.394 40.0194
116.394 40.0194
116.394 40.0193
116.394 40.0193
116.394 40.0193
116.394 40.0193
116.394 40.0193
116.394 40.0193
116.394 40.0193
116.394 40.0192
116.394 40.0192
116.394 40.0192
116.394 40.0192
116.394 40.0191
116.394 40.0191
116.394 40.0191
116.394 40.0191
116.394 40.0191
116.394 40.019
116.394 40.019
116.394 40.019
116.394 40.019
116.394 40.019
116.394 40.019
116.394 40.019
116.394 40.019
116.393 40.019
116.393 40.019
116.393 40.019
116.393 40.0191
116.393 40.0191
116.393 40.0191
116.393 40.0191
116.393 40.019
116.393 40.0191
116.393 40.0192
116.393 40.0192
116.393 40.0192
116.393 40.0192
116.393 40.0192
116.393 40.0192
116.393 40.0192
116.393 40.0192
116.393 40.0192
116.393 40.0192
116.393 40.0192
116.393 40.0192
116.393 40.0192
116.393 40.0192
116.392 40.0192
116.392 40.0192
116.392 40.0192
116.392 40.0192
116.392 40.0192
116.392 40.0192
116.392 40.0192
116.392 40.0193
116.392 40.0193
116.392 40.0193
116.392 40.0193
116.392 40.0193
116.392 40.0193
116.392 40.0193
116.392 40.0193
116.392 40.0193
116.392 40.0193
116.392 40.0194
116.392 40.0194
116.392 40.0194
116.392 40.0194
116.392 40.0194
116.392 40.0194
116.392 40.0194
116.392 40.0194
116.392 40.0194
116.392 40.0194
116.392 40.0194
116.392 40.0194
116.392 40.0194
116.392 40.0194
116.392 40.0194
116.392 40.0195
116.392 40.0195
116.392 40.0195
116.392 40.0195
116.392 40.0195
116.392 40.0195
116.391 40.0195
116.391 40.0195
116.391 40.0195
116.391 40.0195
116.391 40.0196
116.391 40.0196
116.391 40.0196
116.391 40.0196
116.391 40.0196
116.391 40.0196
116.391 40.0196
116.391 40.0196
116.391 40.0196
116.391 40.0196
116.391 40.0196
116.391 40.0196
116.391 40.0197
116.391 40.0197
116.391 40.0197
116.391 40.0197
116.391 40.0197
116.391 40.0197
116.391 40.0197
116.391 40.0197
116.391 40.0197
116.391 40.0198
116.391 40.0198
116.391 40.0198
116.391 40.0198
116.391 40.0198
116.39 40.0198
116.39 40.0198
116.39 40.0198
116.39 40.0198
116.39 40.0199
116.39 40.0199
116.39 40.0199
116.39 40.0199
116.39 40.02
116.39 40.02
116.39 40.02
116.39 40.02
116.39 40.02
116.39 40.02
116.39 40.02
116.39 40.02
116.39 40.0201
116.39 40.0201
116.39 40.0201
116.39 40.0201
116.39 40.0201
116.39 40.0201
116.39 40.0201
116.39 40.0202
116.39 40.0202
116.39 40.0202
116.39 40.0202
116.39 40.0202
116.39 40.0202
116.39 40.0202
116.39 40.0202
116.39 40.0202
116.39 40.0202
116.39 40.0202
116.39 40.0202
116.39 40.0202
116.39 40.0202
116.39 40.0202
116.39 40.0202
116.39 40.0202
116.39 40.0202
116.389 40.0202
116.389 40.0202
116.389 40.0202
116.389 40.0202
116.389 40.0202
116.389 40.0202
116.389 40.0202
116.389 40.0201
116.389 40.0201
116.389 40.0201
116.389 40.0201
116.389 40.0201
116.389 40.0201
116.389 40.0202
116.389 40.0202
116.389 40.0202
116.389 40.0202
116.389 40.0202
116.389 40.0202
116.389 40.0202
116.389 40.0202
116.389 40.0202
116.389 40.0203
116.389 40.0203
116.389 40.0203
116.389 40.0203
116.389 40.0203
116.389 40.0203
116.389 40.0203
116.389 40.0203
116.389 40.0202
116.389 40.0202
116.389 40.0202
116.388 40.0202
116.388 40.0202
116.388 40.0202
116.388 40.0202
116.388 40.0202
116.388 40.0202
116.388 40.0202
116.388 40.0202
116.388 40.0202
116.388 40.0202
116.388 40.0202
116.388 40.0202
116.388 40.0202
116.388 40.0202
116.388 40.0202
116.388 40.0202
116.388 40.0202
116.388 40.0201
116.388 40.0202
116.388 40.0201
116.388 40.0201
116.388 40.0201
116.388 40.0201
116.388 40.0202
116.388 40.0202
116.388 40.0202
116.388 40.0202
116.388 40.0201
116.388 40.0201
116.388 40.0202
116.388 40.0202
116.388 40.0201
116.388 40.0201
116.388 40.0201
116.388 40.0201
116.388 40.0201
116.388 40.0201
116.387 40.0201
116.387 40.0201
116.387 40.0201
116.387 40.0201
116.387 40.0201
116.387 40.0202
116.387 40.0201
116.387 40.0201
116.387 40.0201
116.387 40.0201
116.387 40.0201
116.387 40.0201
116.387 40.0201
116.387 40.0201
116.387 40.0201
116.387 40.0201
116.387 40.0201
116.387 40.0201
116.387 40.0201
116.387 40.02
116.387 40.02
116.387 40.02
116.387 40.02
116.387 40.0201
116.387 40.0201
116.387 40.0201
116.387 40.02
116.387 40.02
116.387 40.02
116.387 40.0199
116.387 40.0199
116.387 40.0199
116.387 40.0199
116.387 40.0199
116.387 40.0199
116.387 40.0199
116.387 40.0199
116.387 40.0199
116.386 40.02
116.386 40.02
116.386 40.02
116.386 40.02
116.386 40.02
116.386 40.02
116.386 40.0201
116.386 40.0201
116.386 40.0201
116.386 40.0201
116.386 40.0201
116.386 40.0201
116.386 40.0201
116.386 40.0201
116.386 40.0202
116.386 40.0202
116.386 40.0202
116.386 40.0202
116.386 40.0202
116.386 40.0202
116.386 40.0202
116.386 40.0203
116.386 40.0203
116.386 40.0203
116.386 40.0203
116.386 40.0203
116.386 40.0203
116.386 40.0204
116.386 40.0204
116.386 40.0204
116.386 40.0204
116.386 40.0205
116.386 40.0205
116.386 40.0205
116.386 40.0205
116.386 40.0205
116.386 40.0207
116.386 40.0208
116.386 40.0208
116.386 40.0208
116.386 40.0208
116.386 40.0208
116.386 40.0208
116.386 40.0208
116.386 40.0208
116.386 40.0209
116.386 40.0209
116.386 40.0209
116.386 40.0209
116.386 40.0209
116.386 40.021
116.386 40.021
116.386 40.021
116.386 40.021
116.386 40.021
116.386 40.021
116.386 40.021
116.386 40.021
116.386 40.021
116.386 40.0211
116.386 40.0211
116.386 40.0211
116.386 40.0211
116.386 40.0211
116.386 40.0211
116.386 40.0211
116.386 40.0211
116.386 40.0211
116.386 40.0211
116.386 40.0212
116.386 40.0212
116.385 40.0212
116.385 40.0212
116.385 40.0212
116.385 40.0212
116.385 40.0212
116.386 40.0213
116.385 40.0213
116.386 40.0213
116.386 40.0213
116.386 40.0213
116.386 40.0213
116.386 40.0213
116.386 40.0213
116.386 40.0213
116.386 40.0214
116.386 40.0214
116.386 40.0214
116.386 40.0214
116.386 40.0214
116.386 40.0214
116.386 40.0214
116.386 40.0214
116.386 40.0214
116.386 40.0214
116.386 40.0215
116.386 40.0215
116.386 40.0215
116.386 40.0215
116.386 40.0215
116.386 40.0215
116.386 40.0215
116.386 40.0216
116.386 40.0216
116.386 40.0217
116.386 40.0217
116.386 40.0217
116.386 40.0217
116.386 40.0217
116.386 40.0217
116.386 40.0216
116.386 40.0216
116.386 40.0217
116.386 40.0217
116.386 40.0217
116.386 40.0219
116.386 40.0219
116.386 40.0219
116.386 40.0219
116.386 40.0219
116.386 40.022
116.386 40.022
116.386 40.022
116.386 40.022
116.386 40.022
116.386 40.0221
116.386 40.0221
116.386 40.0221
116.386 40.0221
116.386 40.0222
116.386 40.0222
116.386 40.0222
116.386 40.0222
116.386 40.0222
116.386 40.0222
116.386 40.0222
116.386 40.0222
116.386 40.0222
116.386 40.0223
116.386 40.0223
116.386 40.0223
116.386 40.0223
116.386 40.0223
116.386 40.0223
116.386 40.0223
116.386 40.0223
116.386 40.0223
116.386 40.0223
116.386 40.0224
116.386 40.0224
116.386 40.0223
116.386 40.0223
116.386 40.0223
116.386 40.0223
116.386 40.0223
116.386 40.0223
116.386 40.0223
116.386 40.0223
116.386 40.0223
116.386 40.0222
116.386 40.0222
116.386 40.0222
116.386 40.0222
116.386 40.0222
116.386 40.0222
116.386 40.0223
116.385 40.0223
116.385 40.0223
116.385 40.0222
116.385 40.0222
116.385 40.0222
116.385 40.0223
116.385 40.0222
116.385 40.0222
116.385 40.0223
116.385 40.0223
116.385 40.0223
116.385 40.0223
116.385 40.0223
116.385 40.0223
116.385 40.0223
116.385 40.0223
116.385 40.0223
116.385 40.0223
116.385 40.0223
116.385 40.0223
116.385 40.0223
116.385 40.0223
116.385 40.0223
116.385 40.0223
116.385 40.0223
116.385 40.0223
116.385 40.0223
116.385 40.0223
116.385 40.0223
116.385 40.0223
116.385 40.0223
116.385 40.0224
116.385 40.0224
116.384 40.0224
116.384 40.0225
116.384 40.0225
116.384 40.0226
116.384 40.0226
116.384 40.0226
116.384 40.0226
116.384 40.0226
116.384 40.0226
116.384 40.0226
116.384 40.0226
116.384 40.0226
116.384 40.0226
116.384 40.0227
116.384 40.0227
116.384 40.0227
116.384 40.0227
116.384 40.0228
116.384 40.0228
116.384 40.0228
116.384 40.0228
116.384 40.0228
116.384 40.0229
116.384 40.0229
116.384 40.0229
116.384 40.0229
116.384 40.0229
116.384 40.0229
116.384 40.0229
116.384 40.0229
116.384 40.023
116.384 40.023
116.384 40.023
116.384 40.023
116.384 40.023
116.384 40.023
116.384 40.023
116.384 40.023
116.384 40.023
116.384 40.023
116.384 40.023
116.384 40.023
116.384 40.0229
116.384 40.0229
116.384 40.0229
116.384 40.0229
116.384 40.023
116.384 40.023
116.384 40.023
116.384 40.023
116.384 40.023
116.384 40.023
116.384 40.023
116.384 40.0231
116.384 40.0231
116.384 40.0231
116.384 40.0231
116.384 40.0232
116.384 40.0232
116.384 40.0232
116.384 40.0232
116.384 40.0233
116.384 40.0233
116.384 40.0233
116.384 40.0233
116.384 40.0233
116.384 40.0233
116.384 40.0234
116.384 40.0234
116.384 40.0234
116.383 40.0234
116.384 40.0235
116.384 40.0235
116.384 40.0236
116.384 40.0236
116.384 40.0236
116.384 40.0236
116.384 40.0237
116.384 40.0237
116.384 40.0237
116.384 40.0237
116.384 40.0237
116.384 40.0237
116.384 40.0237
116.384 40.0238
116.384 40.0238
116.384 40.0238
116.384 40.0238
116.384 40.0238
116.384 40.0239
116.384 40.0239
116.384 40.0239
116.384 40.0239
116.384 40.0239
116.384 40.0239
116.384 40.0239
116.384 40.024
116.384 40.024
116.384 40.024
116.384 40.024
116.384 40.024
116.384 40.024
116.384 40.0241
116.384 40.024
116.384 40.024
116.384 40.024
116.384 40.024
116.384 40.0241
116.384 40.0241
116.384 40.0241
116.384 40.0241
116.384 40.0241
116.384 40.0241
116.384 40.0242
116.384 40.0242
116.384 40.0242
116.384 40.0242
116.384 40.0242
116.384 40.0243
116.384 40.0243
116.384 40.0243
116.384 40.0243
116.384 40.0243
116.385 40.0243
116.385 40.0243
116.385 40.0243
116.385 40.0243
116.385 40.0243
116.385 40.0243
116.385 40.0244
116.385 40.0244
116.385 40.0244
116.385 40.0243
116.385 40.0243
116.385 40.0243
116.385 40.0243
116.385 40.0243
116.385 40.0243
116.385 40.0243
116.385 40.0243
116.385 40.0243
116.385 40.0243
116.385 40.0243
116.385 40.0243
116.385 40.0243
116.385 40.0243
116.385 40.0243
116.385 40.0243
116.385 40.0243
116.385 40.0243
116.385 40.0243
116.385 40.0243
116.385 40.0243
116.385 40.0244
116.385 40.0244
116.385 40.0244
116.385 40.0244
116.385 40.0244
116.385 40.0244
116.385 40.0244
116.385 40.0244
116.385 40.0244
116.385 40.0244
116.385 40.0244
116.385 40.0244
116.385 40.0244
116.385 40.0244
116.385 40.0244
116.385 40.0244
116.385 40.0246
116.385 40.0247
116.385 40.0247
116.385 40.0247
116.385 40.0247
116.385 40.0247
116.385 40.0247
116.385 40.0247
116.385 40.0247
116.385 40.0247
116.386 40.0247
116.386 40.0247
116.386 40.0247
116.386 40.0247
116.386 40.0247
116.386 40.0247
116.386 40.0247
116.386 40.0247
116.386 40.0247
116.386 40.0247
116.386 40.0247
116.386 40.0247
116.386 40.0247
116.386 40.0247
116.386 40.0247
116.386 40.0247
116.386 40.0247
116.386 40.0247
116.386 40.0247
116.386 40.0247
116.386 40.0247
116.386 40.0247
116.386 40.0247
116.386 40.0247
116.386 40.0247
116.386 40.0247
116.386 40.0247
116.386 40.0247
116.386 40.0248
116.386 40.0247
116.386 40.0247
116.386 40.0247
116.386 40.0247
116.386 40.0247
116.386 40.0247
116.386 40.0247
116.386 40.0247
116.386 40.0247
116.386 40.0247
116.387 40.0247
116.387 40.0247
116.387 40.0247
116.387 40.0247
116.387 40.0247
116.387 40.0247
116.387 40.0248
116.387 40.0248
116.387 40.0248
116.386 40.0248
116.386 40.0248
116.386 40.0248
116.386 40.0248
116.386 40.0248
116.386 40.0248
116.386 40.0248
116.386 40.0248
116.386 40.0248
116.386 40.0248
116.386 40.0249
116.386 40.0249
116.386 40.0249
116.386 40.0249
116.386 40.0249
116.386 40.0249
116.386 40.0249
116.386 40.0249
116.386 40.0249
116.386 40.0249
116.386 40.025
116.386 40.025
116.386 40.025
116.386 40.0251
116.386 40.0251
116.386 40.0251
116.387 40.0251
116.387 40.0252
116.387 40.0252
116.387 40.0252
116.387 40.0252
116.387 40.0252
116.387 40.0252
116.387 40.0252
116.387 40.0252
116.387 40.0253
116.387 40.0252
116.387 40.0252
116.387 40.0253
116.387 40.0253
116.387 40.0253
116.387 40.0253
116.387 40.0253
116.387 40.0253
116.387 40.0253
116.387 40.0253
116.387 40.0253
116.387 40.0253
116.387 40.0253
116.387 40.0253
116.387 40.0253
116.387 40.0253
116.387 40.0253
116.387 40.0253
116.387 40.0254
116.387 40.0254
116.387 40.0254
116.387 40.0254
116.387 40.0254
116.387 40.0254
116.387 40.0254
116.387 40.0254
116.387 40.0253
116.387 40.0253
116.387 40.0253
116.387 40.0253
116.387 40.0253
116.387 40.0253
116.387 40.0253
116.387 40.0253
116.387 40.0253
116.387 40.0254
116.387 40.0254
116.387 40.0254
116.387 40.0254
116.387 40.0255
116.387 40.0255
116.387 40.0255
116.387 40.0255
116.387 40.0255
116.387 40.0255
116.387 40.0256
116.387 40.0256
116.387 40.0256
116.387 40.0256
116.387 40.0256
116.387 40.0257
116.387 40.0257
116.388 40.0257
116.388 40.0257
116.388 40.0257
116.388 40.0258
116.388 40.0258
116.388 40.0258
116.388 40.0258
116.388 40.0258
116.388 40.0258
116.388 40.0259
116.388 40.0259
116.388 40.0259
116.388 40.026
116.388 40.026
116.388 40.026
116.388 40.0261
116.388 40.0261
116.388 40.0261
116.388 40.0261
116.388 40.0261
116.388 40.0261
116.388 40.0261
116.388 40.0261
116.388 40.0262
116.387 40.0262
116.387 40.0262
116.387 40.0262
116.387 40.0262
116.387 40.0262
116.387 40.0262
116.387 40.0262
116.387 40.0262
116.387 40.0262
116.387 40.0262
116.387 40.0262
116.387 40.0262
116.387 40.0262
116.387 40.0262
116.387 40.0262
116.387 40.0262
116.387 40.0262
116.387 40.0262
116.387 40.0262
116.387 40.0262
116.387 40.0262
116.387 40.0262
116.387 40.0262
116.387 40.0262
116.387 40.0262
116.387 40.0262
116.387 40.0262
116.387 40.0262
116.387 40.0262
116.387 40.0262
116.387 40.0262
116.387 40.0262
116.387 40.0262
116.387 40.0262
116.387 40.0262
116.387 40.0262
116.387 40.0262
116.387 40.0262
116.387 40.0263
116.387 40.0263
116.387 40.0263
116.387 40.0263
116.387 40.0263
116.386 40.0264
116.386 40.0264
116.386 40.0264
116.386 40.0264
116.386 40.0264
116.386 40.0264
116.386 40.0265
116.386 40.0265
116.386 40.0265
116.386 40.0265
116.386 40.0265
116.386 40.0265
116.386 40.0265
116.386 40.0266
116.386 40.0266
116.386 40.0266
116.386 40.0266
116.386 40.0266
116.386 40.0266
116.386 40.0267
116.386 40.0267
116.386 40.0267
116.386 40.0267
116.386 40.0267
116.386 40.0267
116.386 40.0268
116.386 40.0268
116.386 40.0268
116.386 40.0268
116.386 40.0268
116.386 40.0268
116.386 40.0268
116.386 40.0268
116.386 40.0268
116.386 40.0269
116.386 40.0269
116.386 40.0269
116.386 40.027
116.386 40.027
116.386 40.027
116.386 40.027
116.386 40.027
116.386 40.0271
116.386 40.0271
116.386 40.0271
116.386 40.0271
116.386 40.0271
116.386 40.0272
116.386 40.0272
116.386 40.0272
116.386 40.0272
116.386 40.0273
116.386 40.0273
116.386 40.0273
116.386 40.0273
116.386 40.0273
116.386 40.0274
116.386 40.0274
116.386 40.0275
116.386 40.0275
116.386 40.0275
116.386 40.0275
116.386 40.0275
116.386 40.0275
116.386 40.0276
116.386 40.0276
116.386 40.0276
116.386 40.0276
116.386 40.0277
116.386 40.0277
116.386 40.0277
116.386 40.0277
116.386 40.0278
116.386 40.0278
116.386 40.0278
116.386 40.0278
116.386 40.0278
116.386 40.0278
116.386 40.0278
116.386 40.0279
116.386 40.0279
116.386 40.0279
116.386 40.0279
116.386 40.0279
116.386 40.0279
116.386 40.0279
116.386 40.0279
116.386 40.028
116.386 40.028
116.386 40.028
116.386 40.028
116.386 40.028
116.386 40.0281
116.386 40.0281
116.386 40.0281
116.386 40.0282
116.386 40.0282
116.386 40.0282
116.386 40.0283
116.386 40.0283
116.386 40.0283
116.386 40.0284
116.386 40.0284
116.386 40.0284
116.386 40.0284
116.386 40.0284
116.386 40.0284
116.386 40.0284
116.386 40.0284
116.386 40.0284
116.386 40.0285
116.387 40.0285
116.387 40.0285
116.387 40.0285
116.387 40.0285
116.387 40.0285
116.387 40.0285
116.387 40.0285
116.387 40.0286
116.387 40.0286
116.387 40.0286
116.387 40.0286
116.387 40.0286
116.387 40.0286
116.387 40.0286
116.387 40.0287
116.387 40.0287
116.387 40.0287
116.387 40.0287
116.387 40.0287
116.387 40.0287
116.387 40.0287
116.387 40.0287
116.387 40.0287
116.387 40.0287
116.387 40.0287
116.387 40.0287
116.387 40.0287
116.387 40.0286
116.387 40.0286
116.387 40.0286
116.387 40.0287
116.387 40.0287
116.387 40.0287
116.387 40.0287
116.387 40.0287
116.387 40.0288
116.387 40.0288
116.387 40.0288
116.387 40.0288
116.387 40.0288
116.387 40.0288
116.387 40.0289
116.387 40.0289
116.387 40.0289
116.387 40.0289
116.387 40.0289
116.387 40.029
116.387 40.029
116.387 40.029
116.387 40.029
116.387 40.0291
116.387 40.0291
116.387 40.0291
116.387 40.0291
116.387 40.0291
116.386 40.0291
116.386 40.0291
116.386 40.0291
116.386 40.0292
116.386 40.0292
116.386 40.0292
116.386 40.0292
116.386 40.0292
116.386 40.0292
116.386 40.0292
116.386 40.0292
116.386 40.0292
116.386 40.0293
116.386 40.0293
116.386 40.0293
116.386 40.0293
116.386 40.0293
116.386 40.0294
116.386 40.0294
116.386 40.0294
116.386 40.0294
116.386 40.0294
116.386 40.0294
116.386 40.0295
116.386 40.0295
116.386 40.0295
116.386 40.0295
116.386 40.0295
116.386 40.0295
116.386 40.0295
116.386 40.0296
116.386 40.0296
116.386 40.0296
116.386 40.0296
116.386 40.0296
116.386 40.0296
116.386 40.0297
116.386 40.0297
116.386 40.0297
116.386 40.0297
116.386 40.0297
116.386 40.0297
116.386 40.0297
116.386 40.0297
116.386 40.0297
116.386 40.0297
116.386 40.0298
116.386 40.0298
116.386 40.0298
116.386 40.0298
116.386 40.0298
116.386 40.0298
116.386 40.0298
116.386 40.0298
116.386 40.0298
116.386 40.0299
116.386 40.0299
116.386 40.0299
116.386 40.0299
116.386 40.0299
116.386 40.0299
116.386 40.0299
116.386 40.0299
116.386 40.0299
116.386 40.03
116.386 40.03
116.386 40.03
116.386 40.03
116.386 40.03
116.386 40.03
116.386 40.03
116.386 40.03
116.386 40.0299
116.386 40.0299
116.386 40.0299
116.386 40.0299
116.386 40.0299
116.386 40.0299
116.386 40.0299
116.386 40.0299
116.386 40.0299
116.386 40.0299
116.386 40.0299
116.386 40.0298
116.386 40.0298
116.386 40.0298
116.386 40.0298
116.386 40.0298
116.386 40.0298
116.386 40.0298
116.386 40.0298
116.386 40.0298
116.386 40.0298
116.386 40.0298
116.385 40.0298
116.385 40.0298
116.385 40.0298
116.385 40.0298
116.385 40.0297
116.385 40.0297
116.385 40.0297
116.385 40.0297
116.385 40.0297
116.385 40.0297
116.385 40.0296
116.385 40.0296
116.385 40.0296
116.385 40.0296
116.385 40.0296
116.385 40.0296
116.385 40.0296
116.385 40.0295
116.385 40.0295
116.385 40.0295
116.385 40.0295
116.385 40.0295
116.385 40.0295
116.385 40.0295
116.385 40.0295
116.385 40.0295
116.385 40.0295
116.385 40.0295
116.385 40.0295
116.385 40.0295
116.385 40.0295
116.385 40.0295
116.385 40.0295
116.385 40.0295
116.385 40.0295
116.385 40.0295
116.385 40.0295
116.385 40.0295
116.385 40.0295
116.385 40.0295
116.385 40.0294
116.384 40.0294
116.384 40.0294
116.384 40.0294
116.384 40.0294
116.384 40.0294
116.384 40.0294
116.384 40.0294
116.384 40.0294
116.384 40.0294
116.384 40.0295
116.384 40.0294
116.384 40.0294
116.384 40.0294
116.384 40.0294
116.384 40.0294
116.384 40.0294
116.384 40.0294
116.384 40.0294
116.384 40.0294
116.384 40.0294
116.384 40.0294
116.384 40.0294
116.384 40.0294
116.384 40.0294
116.384 40.0294
116.384 40.0294
116.384 40.0294
116.384 40.0294
116.384 40.0294
116.384 40.0294
116.384 40.0294
116.384 40.0294
116.383 40.0294
116.383 40.0294
116.383 40.0294
116.383 40.0294
116.383 40.0294
116.383 40.0295
116.383 40.0295
116.383 40.0295
116.383 40.0295
116.383 40.0295
116.383 40.0295
116.383 40.0295
116.383 40.0295
116.383 40.0296
116.383 40.0296
116.383 40.0296
116.383 40.0296
116.383 40.0296
116.383 40.0296
116.383 40.0296
116.383 40.0296
116.383 40.0296
116.383 40.0296
116.383 40.0296
116.383 40.0296
116.383 40.0296
116.383 40.0296
116.383 40.0295
116.383 40.0295
116.383 40.0295
116.383 40.0295
116.383 40.0294
116.383 40.0294
116.383 40.0294
116.383 40.0294
116.383 40.0294
116.383 40.0294
116.383 40.0294
116.383 40.0294
116.383 40.0294
116.383 40.0294
116.383 40.0293
116.383 40.0293
116.383 40.0293
116.383 40.0293
116.383 40.0293
116.383 40.0293
116.383 40.0293
116.383 40.0293
116.383 40.0293
116.383 40.0293
116.383 40.0293
116.383 40.0293
116.383 40.0293
116.383 40.0293
116.383 40.0293
116.382 40.0293
116.382 40.0293
116.382 40.0293
116.382 40.0293
116.382 40.0293
116.382 40.0293
116.382 40.0293
116.382 40.0293
116.382 40.0293
116.382 40.0293
116.382 40.0293
116.382 40.0293
116.382 40.0293
116.382 40.0293
116.382 40.0293
116.382 40.0293
116.382 40.0293
116.382 40.0293
116.382 40.0293
116.382 40.0293
116.382 40.0293
116.382 40.0293
116.382 40.0293
116.382 40.0293
116.382 40.0293
116.382 40.0293
116.382 40.0293
116.382 40.0293
116.382 40.0293
116.381 40.0293
116.381 40.0293
116.381 40.0293
116.381 40.0293
116.381 40.0293
116.381 40.0293
116.381 40.0293
116.381 40.0293
116.381 40.0293
116.381 40.0293
116.381 40.0293
116.381 40.0293
116.381 40.0293
116.381 40.0292
116.381 40.0292
116.381 40.0292
116.381 40.0292
116.381 40.0292
116.381 40.0292
116.381 40.0292
116.381 40.0292
116.381 40.0292
116.381 40.0292
116.381 40.0292
116.381 40.0292
116.381 40.0292
116.381 40.0291
116.381 40.0292
116.381 40.0292
116.381 40.0292
116.381 40.0291
116.381 40.0291
116.381 40.0291
116.381 40.0291
116.381 40.029
116.381 40.029
116.381 40.029
116.381 40.029
116.381 40.029
116.381 40.029
116.381 40.029
116.381 40.0289
116.381 40.0289
116.381 40.0289
116.381 40.0289
116.381 40.0289
116.381 40.0289
116.381 40.0288
116.381 40.0288
116.381 40.0288
116.381 40.0288
116.381 40.0287
116.381 40.0287
116.381 40.0287
116.381 40.0286
116.381 40.0286
116.381 40.0286
116.381 40.0285
116.381 40.0285
116.381 40.0284
116.381 40.0284
116.381 40.0284
116.381 40.0283
116.381 40.0283
116.381 40.0282
116.381 40.0282
116.381 40.0282
116.381 40.0282
116.381 40.0282
116.381 40.0281
116.381 40.0281
116.381 40.028
116.381 40.028
116.381 40.0279
116.381 40.0279
116.381 40.0279
116.381 40.0279
116.381 40.0279
116.381 40.0278
116.381 40.0278
116.381 40.0278
116.381 40.0277
116.381 40.0277
116.381 40.0277
116.381 40.0277
116.381 40.0277
116.381 40.0276
116.381 40.0276
116.381 40.0276
116.381 40.0275
116.381 40.0275
116.381 40.0275
116.381 40.0274
116.381 40.0274
116.381 40.0273
116.381 40.0273
116.381 40.0272
116.381 40.0272
116.381 40.0272
116.381 40.0272
116.381 40.0272
116.381 40.0271
116.381 40.0271
116.381 40.0271
116.381 40.0271
116.381 40.027
116.381 40.027
116.38 40.027
116.38 40.0269
116.38 40.0269
116.38 40.0269
116.38 40.0269
116.38 40.0269
116.38 40.0269
116.38 40.0269
116.38 40.0269
116.38 40.0268
116.38 40.0268
116.38 40.0268
116.38 40.0268
116.38 40.0268
116.38 40.0268
116.38 40.0268
116.38 40.0268
116.38 40.0268
116.38 40.0268
116.38 40.0268
116.38 40.0267
116.38 40.0267
116.38 40.0267
116.38 40.0266
116.38 40.0266
116.38 40.0266
116.38 40.0266
116.38 40.0266
116.38 40.0266
116.38 40.0266
116.38 40.0265
116.38 40.0265
116.38 40.0265
116.38 40.0265
116.38 40.0265
116.38 40.0265
116.38 40.0264
116.38 40.0264
116.38 40.0264
116.38 40.0264
116.38 40.0263
116.38 40.0263
116.38 40.0263
116.38 40.0263
116.38 40.0263
116.38 40.0262
116.38 40.0262
116.38 40.0262
116.38 40.0261
116.38 40.0261
116.38 40.0261
116.38 40.0261
116.38 40.0261
116.38 40.026
116.38 40.026
116.38 40.026
116.38 40.026
116.38 40.0259
116.38 40.0259
116.38 40.0259
116.38 40.0259
116.38 40.0259
116.38 40.0259
116.38 40.0258
116.38 40.0258
116.38 40.0258
116.38 40.0258
116.38 40.0258
116.38 40.0257
116.38 40.0257
116.38 40.0257
116.38 40.0257
116.38 40.0257
116.38 40.0257
116.38 40.0256
116.38 40.0256
116.38 40.0256
116.38 40.0256
116.38 40.0255
116.38 40.0255
116.38 40.0255
116.38 40.0255
116.38 40.0255
116.38 40.0254
116.38 40.0254
116.38 40.0254
116.38 40.0253
116.38 40.0253
116.38 40.0253
116.38 40.0253
116.38 40.0253
116.38 40.0252
116.38 40.0252
116.38 40.0252
116.38 40.0252
116.38 40.0252
116.38 40.0251
116.38 40.0251
116.38 40.0251
116.38 40.0251
116.38 40.0251
116.38 40.025
116.38 40.025
116.38 40.025
116.38 40.025
116.38 40.0249
116.38 40.0249
116.381 40.0249
116.381 40.0249
116.381 40.0249
116.381 40.0249
116.381 40.0249
116.381 40.0248
116.381 40.0248
116.381 40.0248
116.381 40.0247
116.381 40.0247
116.381 40.0247
116.381 40.0247
116.381 40.0247
116.381 40.0247
116.381 40.0247
116.381 40.0247
116.381 40.0247
116.381 40.0247
116.381 40.0247
116.381 40.0247
116.381 40.0247
116.381 40.0247
116.381 40.0247
116.381 40.0247
116.381 40.0247
116.381 40.0247
116.381 40.0247
116.381 40.0247
116.381 40.0247
116.381 40.0247
116.381 40.0247
116.381 40.0246
116.381 40.0246
116.381 40.0246
116.381 40.0246
116.381 40.0246
116.381 40.0246
116.381 40.0246
116.381 40.0246
116.381 40.0246
116.381 40.0246
116.381 40.0246
116.381 40.0246
116.381 40.0246
116.381 40.0246
116.381 40.0246
116.381 40.0246
116.381 40.0246
116.381 40.0245
116.381 40.0245
116.381 40.0245
116.381 40.0245
116.381 40.0245
116.381 40.0244
116.381 40.0244
116.381 40.0244
116.381 40.0244
116.381 40.0243
116.381 40.0243
116.381 40.0243
116.381 40.0243
116.381 40.0242
116.381 40.0242
116.381 40.0242
116.381 40.0241
116.381 40.0241
116.381 40.0241
116.381 40.0241
116.381 40.024
116.381 40.024
116.381 40.024
116.381 40.024
116.381 40.024
116.381 40.0239
116.381 40.0239
116.381 40.0239
116.381 40.0239
116.381 40.0239
116.381 40.0238
116.381 40.0238
116.381 40.0238
116.381 40.0238
116.381 40.0238
116.381 40.0238
116.38 40.0238
116.38 40.0238
116.38 40.0237
116.381 40.0237
116.381 40.0237
116.381 40.0236
116.381 40.0236
116.381 40.0236
116.381 40.0235
116.381 40.0235
116.381 40.0235
116.381 40.0235
116.381 40.0235
116.381 40.0235
116.381 40.0235
116.381 40.0234
116.381 40.0234
116.381 40.0234
116.381 40.0234
116.381 40.0234
116.381 40.0234
116.381 40.0234
116.381 40.0233
116.381 40.0233
116.381 40.0233
116.381 40.0233
116.381 40.0233
116.381 40.0233
116.381 40.0233
116.381 40.0233
116.381 40.0233
116.381 40.0232
116.381 40.0232
116.381 40.0232
116.381 40.0232
116.381 40.0232
116.381 40.0232
116.381 40.0231
116.381 40.0231
116.381 40.0231
116.381 40.0231
116.381 40.0231
116.381 40.0231
116.381 40.0231
116.381 40.0231
116.381 40.0231
116.381 40.0231
116.381 40.0231
116.381 40.023
116.381 40.023
116.381 40.023
116.381 40.023
116.381 40.023
116.381 40.023
116.381 40.023
116.381 40.023
116.381 40.023
116.381 40.023
116.381 40.023
116.382 40.023
116.382 40.023
116.382 40.023
116.382 40.023
116.382 40.023
116.382 40.023
116.382 40.023
116.382 40.023
116.382 40.023
116.382 40.023
116.382 40.0229
116.382 40.0229
116.382 40.0229
116.382 40.0229
116.382 40.0229
116.382 40.0229
116.382 40.0228
116.382 40.0228
116.382 40.0228
116.382 40.0228
116.382 40.0227
116.382 40.0227
116.382 40.0227
116.382 40.0227
116.382 40.0227
116.382 40.0226
116.382 40.0226
116.382 40.0226
116.382 40.0226
116.382 40.0225
116.381 40.0223
116.382 40.0225
116.382 40.0225
116.382 40.0225
116.382 40.0225
116.382 40.0225
116.382 40.0225
116.382 40.0225
116.382 40.0225
116.382 40.0225
116.382 40.0225
116.382 40.0225
116.382 40.0225
116.382 40.0225
116.382 40.0225
116.382 40.0225
116.382 40.0225
116.382 40.0225
116.382 40.0224
116.382 40.0224
116.382 40.0224
116.382 40.0224
116.382 40.0224
116.383 40.0224
116.383 40.0224
116.383 40.0224
116.383 40.0224
116.383 40.0223
116.383 40.0223
116.383 40.0223
116.383 40.0223
116.383 40.0223
116.383 40.0223
116.383 40.0223
116.383 40.0223
116.383 40.0223
116.383 40.0223
116.383 40.0223
116.383 40.0223
116.383 40.0223
116.383 40.0223
116.383 40.0223
116.383 40.0223
116.383 40.0223
116.383 40.0223
116.383 40.0223
116.383 40.0223
116.383 40.0223
116.383 40.0223
116.383 40.0223
116.383 40.0222
116.383 40.0222
116.383 40.0223
116.383 40.0223
116.383 40.0222
116.383 40.0222
116.383 40.0222
116.383 40.0222
116.383 40.0222
116.383 40.0222
116.383 40.0223
116.384 40.0223
116.384 40.0223
116.384 40.0223
116.384 40.0223
116.384 40.0223
116.384 40.0223
116.384 40.0223
116.384 40.0223
116.384 40.0223
116.384 40.0223
116.384 40.0223
116.384 40.0224
116.384 40.0224
116.384 40.0224
116.384 40.0224
116.384 40.0224
116.384 40.0224
116.384 40.0225
116.384 40.0225
116.384 40.0225
116.384 40.0225
116.384 40.0225
116.384 40.0225
116.384 40.0225
116.384 40.0225
116.384 40.0226
116.384 40.0225
116.384 40.0225
116.384 40.0225
116.384 40.0225
116.384 40.0225
116.385 40.0225
116.385 40.0225
116.385 40.0225
116.385 40.0225
116.385 40.0225
116.385 40.0225
116.385 40.0225
116.385 40.0225
116.385 40.0224
116.385 40.0224
116.385 40.0224
116.385 40.0224
116.385 40.0224
116.385 40.0224
116.385 40.0225
116.385 40.0225
116.385 40.0225
116.385 40.0225
116.385 40.0225
116.385 40.0225
116.386 40.0225
116.386 40.0225
116.386 40.0225
116.386 40.0225
116.386 40.0225
116.386 40.0225
116.386 40.0225
116.386 40.0225
116.386 40.0225
116.386 40.0225
116.386 40.0224
116.386 40.0224
116.386 40.0224
116.386 40.0224
116.386 40.0223
116.386 40.0223
116.386 40.0223
116.386 40.0222
116.386 40.0222
116.386 40.0222
116.386 40.0221
116.386 40.0221
116.386 40.0221
116.386 40.022
116.386 40.022
116.386 40.022
116.386 40.022
116.386 40.022
116.386 40.022
116.386 40.0219
116.386 40.0219
116.386 40.0219
116.386 40.0218
116.386 40.0218
116.386 40.0218
116.386 40.0218
116.386 40.0218
116.386 40.0217
116.386 40.0217
116.386 40.0217
116.386 40.0216
116.386 40.0216
116.386 40.0216
116.386 40.0216
116.386 40.0216
116.386 40.0215
116.386 40.0215
116.386 40.0215
116.386 40.0215
116.386 40.0214
116.386 40.0214
116.386 40.0214
116.386 40.0214
116.386 40.0213
116.386 40.0213
116.386 40.0213
116.386 40.0213
116.386 40.0213
116.386 40.0213
116.386 40.0213
116.386 40.0212
116.386 40.0212
116.386 40.0212
116.386 40.0211
116.386 40.0211
116.386 40.0211
116.386 40.021
116.386 40.021
116.386 40.021
116.386 40.0209
116.386 40.0209
116.386 40.0209
116.386 40.0209
116.386 40.0209
116.386 40.0209
116.386 40.0208
116.386 40.0208
116.386 40.0208
116.386 40.0208
116.386 40.0208
116.386 40.0207
116.386 40.0207
116.386 40.0207
116.386 40.0206
116.386 40.0206
116.386 40.0206
116.386 40.0206
116.386 40.0206
116.386 40.0206
116.386 40.0206
116.386 40.0205
116.386 40.0205
116.386 40.0205
116.386 40.0205
116.386 40.0204
116.386 40.0204
116.386 40.0204
116.386 40.0204
116.386 40.0204
116.386 40.0204
116.386 40.0204
116.386 40.0204
116.386 40.0203
116.386 40.0203
116.386 40.0203
116.386 40.0203
116.386 40.0203
116.386 40.0203
116.386 40.0202
116.386 40.0202
116.386 40.0202
116.386 40.0201
116.386 40.0201
116.386 40.0201
116.386 40.0201
116.386 40.0201
116.386 40.0201
116.386 40.0201
116.387 40.0201
116.387 40.0201
116.387 40.0201
116.387 40.0201
116.387 40.0202
116.387 40.0202
116.387 40.0202
116.387 40.0202
116.387 40.0202
116.387 40.0202
116.387 40.0202
116.387 40.0202
116.387 40.0202
116.387 40.0202
116.387 40.0202
116.387 40.0202
116.387 40.0202
116.387 40.0202
116.387 40.0202
116.387 40.0203
116.387 40.0203
116.387 40.0203
116.387 40.0203
116.387 40.0203
116.387 40.0203
116.387 40.0203
116.387 40.0203
116.387 40.0203
116.387 40.0203
116.387 40.0203
116.387 40.0203
116.387 40.0204
116.387 40.0204
116.387 40.0204
116.388 40.0204
116.388 40.0204
116.388 40.0204
116.388 40.0204
116.388 40.0204
116.388 40.0204
116.388 40.0204
116.388 40.0204
116.388 40.0204
116.388 40.0204
116.388 40.0204
116.388 40.0204
116.388 40.0204
116.388 40.0204
116.388 40.0204
116.388 40.0204
116.388 40.0204
116.388 40.0204
116.388 40.0204
116.388 40.0204
116.389 40.0204
116.389 40.0204
116.389 40.0204
116.389 40.0204
116.389 40.0204
116.389 40.0204
116.389 40.0204
116.389 40.0204
116.389 40.0204
116.389 40.0204
116.389 40.0204
116.389 40.0204
116.389 40.0204
116.389 40.0204
116.389 40.0204
116.389 40.0204
116.389 40.0204
116.389 40.0204
116.389 40.0204
116.389 40.0204
116.389 40.0205
116.389 40.0205
116.39 40.0204
116.39 40.0204
116.39 40.0204
116.39 40.0204
116.39 40.0205
116.39 40.0205
116.39 40.0205
116.39 40.0205
116.39 40.0205
116.39 40.0205
116.39 40.0205
116.39 40.0205
116.39 40.0205
116.39 40.0204
116.39 40.0204
116.39 40.0204
116.39 40.0204
116.39 40.0204
116.39 40.0204
116.39 40.0204
116.39 40.0204
116.39 40.0204
116.39 40.0204
116.39 40.0203
116.39 40.0203
116.39 40.0203
116.39 40.0203
116.391 40.0203
116.391 40.0203
116.391 40.0203
116.391 40.0203
116.391 40.0203
116.391 40.0203
116.391 40.0203
116.391 40.0203
116.391 40.0203
116.391 40.0203
116.391 40.0203
116.391 40.0203
116.391 40.0203
116.391 40.0202
116.391 40.0202
116.391 40.0202
116.391 40.0202
116.391 40.0202
116.391 40.0202
116.391 40.0202
116.391 40.0202
116.391 40.0202
116.391 40.0202
116.391 40.0201
116.391 40.0201
116.391 40.0201
116.391 40.02
116.391 40.02
116.391 40.0199
116.391 40.0198
116.392 40.0198
116.392 40.0198
116.392 40.0198
116.392 40.0199
116.392 40.0199
116.392 40.0199
116.392 40.0199
116.392 40.0198
116.392 40.0198
116.392 40.0198
116.392 40.0198
116.392 40.0198
116.392 40.0197
116.392 40.0197
116.392 40.0197
116.392 40.0197
116.392 40.0197
116.392 40.0197
116.392 40.0197
116.392 40.0196
116.392 40.0196
116.392 40.0196
116.392 40.0195
116.392 40.0195
116.392 40.0195
116.393 40.0195
116.393 40.0195
116.393 40.0195
116.393 40.0195
116.393 40.0195
116.393 40.0195
116.393 40.0195
116.393 40.0195
116.393 40.0195
116.393 40.0195
116.393 40.0195
116.393 40.0195
116.393 40.0195
116.393 40.0195
116.393 40.0195
116.393 40.0195
116.393 40.0195
116.393 40.0195
116.393 40.0195
116.393 40.0195
116.393 40.0195
116.393 40.0195
116.394 40.0195
116.394 40.0195
116.394 40.0195
116.394 40.0195
116.394 40.0195
116.394 40.0195
116.394 40.0195
116.394 40.0195
116.394 40.0195
116.394 40.0196
116.394 40.0196
116.393 40.0196
116.393 40.0196
116.393 40.0196
116.394 40.0197
116.394 40.0197
116.394 40.0197
116.394 40.0197
116.394 40.0197
116.394 40.0197
116.394 40.0198
116.394 40.0198
116.394 40.0198
116.394 40.0198
116.394 40.0199
116.394 40.0199
116.394 40.0198
116.394 40.0198
116.394 40.0198
116.394 40.0198
116.394 40.0198
116.394 40.0199
116.394 40.0199
116.394 40.0199
116.394 40.0199
116.394 40.0199
116.394 40.0199
116.394 40.0199
116.394 40.0199
116.394 40.0199
116.394 40.0199
116.394 40.0199
116.394 40.0199
116.395 40.0199
116.395 40.0199
116.395 40.0199
116.395 40.0199
116.395 40.0199
116.395 40.0199
116.395 40.02
116.395 40.02
116.395 40.02
116.395 40.02
116.395 40.0201
116.395 40.0201
116.395 40.0202
116.395 40.0202
116.395 40.0202
116.395 40.0201
116.395 40.0201
116.395 40.0201
