115.317 26.2769
115.317 26.2768
115.317 26.2762
115.317 26.2754
115.317 26.2746
115.317 26.2739
115.317 26.2729
115.318 26.2718
115.318 26.2709
115.318 26.27
115.318 26.2692
115.318 26.2685
115.318 26.2679
115.318 26.2674
115.318 26.2669
115.318 26.2665
115.317 26.2658
115.317 26.265
115.317 26.2642
115.317 26.2633
115.317 26.2625
115.317 26.2616
115.317 26.2607
115.316 26.2599
115.316 26.2593
115.316 26.2586
115.315 26.2579
115.314 26.2574
115.313 26.257
115.312 26.2565
115.31 26.256
115.31 26.2554
115.309 26.2547
115.308 26.2538
115.308 26.2531
115.308 26.2521
115.308 26.2512
115.308 26.251
115.308 26.2493
115.309 26.2485
115.309 26.2475
115.31 26.2465
115.31 26.2454
115.31 26.2445
115.31 26.2436
115.31 26.2428
115.31 26.2419
115.31 26.2409
115.31 26.2401
115.31 26.2395
115.31 26.2388
115.31 26.2383
115.31 26.2378
115.31 26.2359
115.31 26.2351
115.31 26.2341
115.31 26.2331
115.31 26.232
115.311 26.2309
115.311 26.2303
115.311 26.2297
115.311 26.2291
115.31 26.2284
115.31 26.2275
115.31 26.2268
115.309 26.226
115.309 26.2252
115.308 26.2235
115.308 26.2229
115.309 26.2223
115.309 26.2215
115.309 26.2206
115.309 26.2197
115.309 26.219
115.309 26.2182
115.309 26.2172
115.309 26.2166
115.308 26.2159
115.307 26.215
115.306 26.2143
115.306 26.2136
115.306 26.213
115.305 26.2122
115.305 26.2113
115.305 26.2105
115.305 26.2096
115.305 26.2087
115.305 26.2076
115.305 26.2067
115.305 26.2059
115.305 26.205
115.305 26.204
115.305 26.2031
115.305 26.2021
115.305 26.2013
115.305 26.2005
115.305 26.1996
115.305 26.1985
115.305 26.1976
115.304 26.1967
115.304 26.1958
115.303 26.195
115.303 26.1941
115.302 26.1934
115.302 26.1926
115.302 26.1919
115.302 26.1911
115.302 26.1903
115.302 26.1896
115.302 26.1887
115.302 26.1878
115.301 26.1869
115.301 26.1861
115.3 26.1857
115.3 26.1854
115.299 26.1851
115.299 26.1849
115.298 26.1848
115.298 26.1846
115.298 26.1845
115.298 26.1845
115.298 26.1845
115.298 26.1844
115.298 26.1843
115.298 26.1843
115.298 26.1842
115.298 26.1842
115.298 26.1842
115.298 26.1842
115.298 26.1842
115.298 26.1842
115.298 26.184
115.297 26.1838
115.297 26.1831
115.297 26.1825
115.297 26.1819
115.297 26.1812
115.297 26.1805
115.297 26.1799
115.297 26.1792
115.297 26.1785
115.296 26.1781
115.295 26.1776
115.295 26.1768
115.294 26.1759
115.294 26.1749
115.293 26.1738
115.293 26.1729
115.293 26.172
115.293 26.1712
115.294 26.1704
115.295 26.1694
115.296 26.1677
115.296 26.1666
115.295 26.1655
115.295 26.1644
115.294 26.1626
115.294 26.1616
115.294 26.1607
115.295 26.1596
115.295 26.1585
115.294 26.1574
115.294 26.1563
115.293 26.1553
115.292 26.1535
115.29 26.1517
115.289 26.1502
115.288 26.1495
115.288 26.1489
115.287 26.1482
115.285 26.1471
115.285 26.1465
115.284 26.1457
115.283 26.1448
115.283 26.1439
115.283 26.1431
115.283 26.1425
115.283 26.1421
115.283 26.1415
115.283 26.1408
115.283 26.14
115.283 26.139
115.283 26.1379
115.283 26.1368
115.283 26.1357
115.282 26.1348
115.282 26.1341
115.281 26.1334
115.281 26.1329
115.28 26.1324
115.279 26.1316
115.278 26.1309
115.277 26.1299
115.277 26.1288
115.277 26.1277
115.277 26.1268
115.277 26.126
115.277 26.1252
115.277 26.1243
115.276 26.1233
115.276 26.1224
115.275 26.1216
115.274 26.1207
115.274 26.1198
115.273 26.1189
115.272 26.1182
115.271 26.1173
115.27 26.1163
115.27 26.1152
115.269 26.1144
115.269 26.1138
115.268 26.1133
115.267 26.1126
115.265 26.1116
115.265 26.1111
115.264 26.1104
115.263 26.1095
115.262 26.1084
115.261 26.1069
115.261 26.1061
115.26 26.1052
115.26 26.1044
115.26 26.1036
115.259 26.1027
115.259 26.1018
115.258 26.1009
115.258 26.1
115.258 26.099
115.258 26.0979
115.258 26.0969
115.258 26.096
115.258 26.0953
115.258 26.0945
115.258 26.0938
115.258 26.0931
115.258 26.0921
115.258 26.0911
115.258 26.0901
115.257 26.0894
115.257 26.0888
115.257 26.088
115.257 26.0872
115.256 26.0864
115.255 26.0858
115.255 26.0853
115.254 26.085
115.253 26.0848
115.252 26.0846
115.251 26.0844
115.251 26.0842
115.25 26.0841
115.25 26.0839
115.249 26.0837
115.248 26.0835
115.247 26.0833
115.246 26.083
115.245 26.0827
115.244 26.0822
115.243 26.0817
115.243 26.0809
115.242 26.0801
115.242 26.0795
115.241 26.0789
115.24 26.0784
115.24 26.0778
115.239 26.0772
115.238 26.0766
115.238 26.0761
115.237 26.0755
115.236 26.0747
115.235 26.074
115.235 26.0736
115.234 26.0734
115.233 26.0731
115.231 26.0727
115.23 26.0722
115.229 26.0718
115.228 26.0713
115.227 26.0709
115.226 26.0704
115.225 26.0698
115.223 26.069
115.222 26.0686
115.221 26.0682
115.221 26.0677
115.221 26.067
115.22 26.0663
115.22 26.0655
115.22 26.0646
115.219 26.0636
115.219 26.0627
115.218 26.062
115.217 26.0613
115.217 26.0607
115.216 26.0599
115.216 26.0591
115.215 26.0584
115.215 26.0577
115.214 26.057
115.213 26.0563
115.213 26.056
115.212 26.0556
115.211 26.0552
115.21 26.0547
115.209 26.0542
115.208 26.0539
115.208 26.0534
115.207 26.0528
115.207 26.0521
115.206 26.0513
115.205 26.0508
115.205 26.0503
115.204 26.0497
115.203 26.0491
115.202 26.0485
115.201 26.0477
115.201 26.047
115.2 26.0463
115.199 26.0457
115.198 26.0451
115.197 26.0445
115.197 26.0439
115.196 26.0433
115.195 26.0428
115.194 26.0424
115.194 26.042
115.193 26.0416
115.192 26.0412
115.192 26.0406
115.191 26.04
115.19 26.0395
115.19 26.0391
115.19 26.0386
115.189 26.0382
115.188 26.0376
115.187 26.0369
115.185 26.0356
115.184 26.035
115.183 26.0348
115.182 26.0348
115.181 26.0351
115.179 26.0352
115.178 26.035
115.177 26.0346
115.176 26.0341
115.175 26.0337
115.174 26.0335
115.173 26.0332
115.172 26.0328
115.171 26.0324
115.17 26.0319
115.169 26.0314
115.169 26.0309
115.168 26.0304
115.167 26.0297
115.166 26.0295
115.165 26.0292
115.165 26.0287
115.164 26.0283
115.163 26.0276
115.162 26.0269
115.162 26.0263
115.162 26.025
115.162 26.0242
115.163 26.0235
115.163 26.0228
115.163 26.0221
115.163 26.0214
115.163 26.0206
115.163 26.0197
115.163 26.0188
115.162 26.0181
115.161 26.0175
115.16 26.0168
115.16 26.0161
115.159 26.0156
115.159 26.0149
115.158 26.0141
115.158 26.0133
115.157 26.0125
115.157 26.0117
115.156 26.0109
115.156 26.0104
115.156 26.0099
115.155 26.0093
115.154 26.0087
115.154 26.0082
115.154 26.0078
115.153 26.0074
115.152 26.0068
115.152 26.0063
115.151 26.0057
115.15 26.0051
115.149 26.0045
115.149 26.004
115.148 26.0033
115.148 26.0025
115.147 26.0018
115.147 26.0012
115.146 26.0007
115.146 26.0001
115.145 25.9996
115.145 25.9991
115.144 25.9985
115.144 25.9978
115.143 25.997
115.142 25.9963
115.142 25.9954
115.142 25.9948
115.141 25.9942
115.141 25.9933
115.142 25.9923
115.142 25.9913
115.142 25.9904
115.142 25.9896
115.141 25.9888
115.141 25.988
115.141 25.9871
115.14 25.9865
115.14 25.9859
115.139 25.9854
115.139 25.9849
115.139 25.9845
115.138 25.9841
115.138 25.9838
115.138 25.9836
115.138 25.9834
115.138 25.9832
115.137 25.9826
115.137 25.9819
115.137 25.9813
115.137 25.9805
115.137 25.9797
115.137 25.9789
115.137 25.978
115.137 25.977
115.137 25.9761
115.137 25.9755
115.137 25.9749
115.137 25.9741
115.137 25.9731
115.137 25.972
115.136 25.9712
115.136 25.9704
115.135 25.9697
115.135 25.9692
115.134 25.9686
115.134 25.9678
115.133 25.9669
115.132 25.966
115.132 25.9652
115.132 25.9644
115.131 25.9638
115.131 25.9632
115.131 25.9627
115.131 25.9622
115.131 25.9616
115.131 25.9612
115.131 25.9611
115.13 25.9609
115.129 25.9607
115.128 25.9607
115.127 25.9607
115.126 25.9609
115.125 25.961
115.124 25.9608
115.124 25.9605
115.123 25.96
115.122 25.9595
115.122 25.9588
115.121 25.9579
115.121 25.9571
115.12 25.9563
115.119 25.9556
115.119 25.9552
115.118 25.9548
115.117 25.9545
115.117 25.9541
115.116 25.9537
115.116 25.9533
115.115 25.9528
115.114 25.9523
115.114 25.9518
115.113 25.9513
115.112 25.9508
115.112 25.9504
115.111 25.9499
115.111 25.9495
115.11 25.9491
115.11 25.9487
115.109 25.9483
115.108 25.9478
115.108 25.9475
115.107 25.9474
115.106 25.9475
115.105 25.9479
115.105 25.9483
115.104 25.9486
115.103 25.9487
115.103 25.9488
115.102 25.9487
115.102 25.9485
115.101 25.9484
115.1 25.9483
115.1 25.9482
115.099 25.948
115.099 25.9479
115.098 25.9479
115.098 25.9478
115.097 25.9477
115.097 25.9476
115.096 25.9475
115.096 25.9473
115.096 25.9473
115.096 25.9472
115.096 25.9471
115.095 25.947
115.095 25.9468
115.095 25.9463
115.094 25.9458
115.094 25.9453
115.093 25.9449
115.093 25.9447
115.092 25.9444
115.091 25.9441
115.091 25.9438
115.09 25.9435
115.089 25.9433
115.089 25.9431
115.088 25.9428
115.088 25.9426
115.087 25.9423
115.087 25.942
115.086 25.9417
115.085 25.9414
115.085 25.9411
115.084 25.9408
115.084 25.9405
115.083 25.9402
115.082 25.9398
115.082 25.9394
115.081 25.9391
115.08 25.9387
115.079 25.9382
115.078 25.9377
115.077 25.9372
115.076 25.9367
115.075 25.9362
115.075 25.9356
115.074 25.9349
115.073 25.9342
115.072 25.9333
115.071 25.9321
115.07 25.9315
115.07 25.9309
115.069 25.9303
115.068 25.9296
115.068 25.9289
115.067 25.9282
115.066 25.9273
115.066 25.9264
115.065 25.9256
115.065 25.925
115.064 25.9249
115.064 25.9249
115.064 25.9249
115.064 25.9249
115.064 25.9249
115.064 25.9249
115.064 25.9249
115.063 25.9252
115.063 25.9255
115.062 25.9259
115.062 25.9262
115.062 25.9263
115.062 25.9264
115.062 25.9264
115.062 25.9264
115.062 25.9264
115.061 25.9265
115.061 25.9267
115.061 25.927
115.06 25.9275
115.059 25.928
115.059 25.9285
115.058 25.929
115.057 25.9294
115.056 25.9297
115.056 25.9297
115.056 25.9296
115.055 25.9294
115.055 25.9291
115.055 25.9289
115.055 25.9284
115.055 25.9279
115.054 25.9274
115.054 25.927
115.053 25.9266
115.052 25.926
115.051 25.9253
115.05 25.9246
115.048 25.9234
115.046 25.9226
115.043 25.9222
115.041 25.922
115.038 25.9218
115.035 25.9216
115.033 25.9214
115.03 25.9208
115.028 25.9201
115.025 25.9193
115.023 25.9185
115.021 25.9178
115.018 25.9173
115.015 25.917
115.012 25.9169
115.009 25.9171
115.007 25.9174
115.004 25.9176
115.003 25.9178
115.002 25.9178
114.999 25.9179
114.997 25.9178
114.994 25.9175
114.991 25.917
114.988 25.9167
114.985 25.9166
114.983 25.9166
114.98 25.9168
114.977 25.917
114.973 25.9172
114.971 25.9173
114.968 25.9172
114.966 25.9169
114.963 25.9164
114.961 25.9158
114.958 25.9156
114.955 25.9157
114.953 25.9162
114.951 25.9169
114.949 25.9174
114.948 25.918
114.947 25.9186
114.945 25.9197
114.943 25.9208
114.941 25.9219
114.938 25.9227
114.935 25.923
114.933 25.9229
114.93 25.9223
114.928 25.9214
114.927 25.9207
114.926 25.92
114.924 25.9185
114.922 25.9169
114.92 25.9153
114.918 25.9139
114.916 25.9125
114.914 25.9112
114.911 25.91
114.909 25.909
114.906 25.9084
114.904 25.9079
114.901 25.9075
114.899 25.907
114.897 25.9066
114.895 25.9064
114.894 25.9062
114.892 25.9055
114.89 25.9047
114.889 25.9043
114.888 25.9038
114.887 25.9031
114.886 25.9023
114.885 25.9007
114.884 25.8988
114.882 25.8967
114.88 25.8945
114.879 25.8922
114.877 25.8904
114.875 25.889
114.872 25.8874
114.87 25.886
114.868 25.8846
114.866 25.883
114.864 25.8812
114.863 25.8793
114.861 25.8773
114.86 25.8751
114.859 25.8729
114.857 25.8707
114.854 25.8687
114.852 25.867
114.849 25.8656
114.847 25.8641
114.844 25.8628
114.842 25.8613
114.839 25.8597
114.836 25.8581
114.834 25.857
114.833 25.8566
114.832 25.8562
114.831 25.856
114.831 25.8565
114.831 25.857
114.832 25.8571
114.832 25.8569
114.833 25.8565
114.834 25.856
114.835 25.8554
114.837 25.8544
114.838 25.8538
114.839 25.8532
114.84 25.8528
114.84 25.8525
114.84 25.8524
114.84 25.8524
114.84 25.8523
114.841 25.8522
114.841 25.8521
114.841 25.8521
114.841 25.8521
114.841 25.8521
114.841 25.8521
114.841 25.8521
114.841 25.8521
114.841 25.8521
114.841 25.852
114.841 25.852
114.841 25.852
114.841 25.852
114.841 25.852
114.841 25.852
114.841 25.852
114.842 25.8517
114.842 25.8513
114.843 25.8509
114.844 25.8507
114.844 25.8504
114.844 25.8502
114.845 25.8502
114.846 25.8502
114.847 25.8502
114.848 25.8502
114.849 25.8502
114.85 25.8502
114.851 25.8502
114.853 25.8502
114.854 25.8502
114.855 25.8502
114.855 25.8501
114.855 25.8501
114.855 25.8501
114.855 25.8501
114.856 25.8501
114.856 25.8501
114.857 25.8502
114.858 25.8502
114.86 25.8502
114.861 25.8502
114.862 25.8502
114.863 25.8502
114.865 25.8502
114.867 25.8501
114.869 25.8501
114.871 25.8501
114.872 25.8501
114.874 25.8501
114.876 25.8501
114.877 25.8501
114.878 25.8501
114.879 25.8501
114.88 25.8501
114.881 25.8501
114.882 25.85
114.883 25.8501
114.884 25.8501
114.885 25.8501
114.886 25.8501
114.887 25.8501
114.888 25.8501
114.889 25.8501
114.89 25.8501
114.89 25.8501
114.891 25.8501
114.892 25.8501
114.893 25.8501
114.894 25.85
114.895 25.85
114.896 25.85
114.896 25.85
114.897 25.8501
114.897 25.8501
114.898 25.8501
114.898 25.8501
114.899 25.85
114.899 25.8499
114.899 25.8497
114.899 25.8494
114.899 25.8487
114.898 25.8479
114.898 25.8471
114.898 25.8464
114.898 25.8457
114.898 25.8449
114.897 25.8443
114.897 25.8438
114.897 25.8438
114.897 25.8438
114.897 25.8438
114.897 25.8438
114.897 25.8438
114.897 25.8438
114.897 25.841
114.897 25.8404
114.897 25.8397
114.897 25.8391
114.897 25.8387
114.897 25.8385
114.897 25.8384
114.897 25.8384
114.897 25.8384
114.897 25.8382
114.897 25.838
114.898 25.8378
114.898 25.8376
114.898 25.8375
114.898 25.8374
114.898 25.8373
114.898 25.8372
114.898 25.837
114.898 25.8366
114.898 25.8361
114.898 25.8356
114.898 25.835
114.898 25.8343
114.898 25.8337
114.898 25.8326
114.898 25.8323
114.898 25.8316
114.898 25.8311
114.898 25.8306
114.898 25.8302
114.898 25.8297
114.898 25.8292
114.898 25.8284
114.898 25.8275
114.897 25.8267
114.897 25.8261
114.896 25.8256
114.895 25.8253
114.895 25.825
114.894 25.8247
114.894 25.8244
114.893 25.8241
114.893 25.8239
114.892 25.8236
114.891 25.8233
114.891 25.823
114.89 25.8227
114.89 25.8224
114.889 25.8221
114.889 25.8218
114.888 25.8214
114.888 25.821
114.888 25.8205
114.887 25.8199
114.887 25.8194
114.887 25.8188
114.887 25.8182
114.887 25.8175
114.887 25.8169
114.887 25.8163
114.886 25.8158
114.886 25.8154
114.886 25.8149
114.885 25.8145
114.885 25.8139
114.885 25.8133
114.885 25.8127
114.885 25.8122
114.885 25.8115
114.885 25.8107
114.885 25.8098
114.885 25.8089
114.885 25.8079
114.885 25.8069
114.885 25.806
114.885 25.8053
114.885 25.805
114.885 25.8049
114.885 25.8049
114.884 25.805
114.884 25.8048
114.884 25.8047
114.884 25.8045
114.884 25.8043
114.884 25.8042
114.884 25.8042
114.883 25.8042
114.883 25.8042
114.883 25.8042
114.882 25.804
114.882 25.8037
114.882 25.8035
114.882 25.8033
114.882 25.8031
114.882 25.803
114.882 25.803
114.882 25.8031
114.882 25.8033
114.881 25.8039
114.881 25.8039
114.881 25.8038
114.881 25.8038
114.881 25.8037
114.881 25.8037
114.881 25.8036
114.881 25.8036
114.881 25.8035
114.881 25.8035
114.881 25.8034
114.882 25.8034
114.882 25.8033
114.882 25.8033
114.882 25.8033
114.882 25.8033
114.882 25.8033
114.882 25.8033
114.882 25.8034
114.882 25.8034
114.882 25.8034
114.882 25.8034
114.882 25.8034
114.882 25.8034
114.882 25.8034
114.882 25.8034
114.882 25.8034
114.882 25.8034
114.882 25.8034
114.882 25.8034
114.882 25.8034
114.882 25.8034
114.882 25.8034
114.882 25.8034
114.882 25.8034
114.882 25.8034
114.882 25.8034
114.882 25.8033
114.882 25.8032
