116.331 39.9759
116.331 39.9759
116.331 39.9759
116.331 39.9759
116.331 39.9758
116.331 39.9758
116.331 39.9758
116.331 39.9758
116.331 39.9758
116.331 39.9758
116.331 39.9758
116.331 39.9758
116.331 39.9758
116.331 39.9757
116.331 39.9757
116.331 39.9757
116.331 39.9757
116.331 39.9757
116.331 39.9757
116.331 39.9757
116.331 39.9757
116.331 39.9757
116.331 39.9757
116.331 39.9757
116.331 39.9757
116.331 39.9757
116.331 39.9757
116.331 39.9757
116.331 39.9757
116.331 39.9757
116.331 39.9757
116.331 39.9757
116.331 39.9757
116.331 39.9757
116.331 39.9755
116.331 39.9756
116.331 39.9756
116.331 39.9756
116.331 39.9757
116.331 39.9757
116.331 39.9758
116.331 39.9758
116.331 39.9758
116.331 39.9759
116.331 39.9758
116.332 39.9758
116.332 39.9758
116.332 39.9758
116.332 39.9758
116.332 39.9757
116.332 39.9758
116.332 39.9758
116.332 39.9758
116.332 39.9758
116.332 39.9758
116.332 39.9757
116.332 39.9756
116.332 39.9755
116.332 39.9755
116.332 39.9754
116.332 39.9754
116.332 39.9753
116.332 39.9753
116.332 39.9753
116.332 39.9753
116.332 39.9753
116.332 39.9753
116.332 39.9753
116.332 39.9753
116.332 39.9753
116.332 39.9753
116.332 39.9753
116.332 39.9753
116.332 39.9753
116.333 39.9753
116.333 39.9753
116.333 39.9753
116.333 39.9753
116.333 39.9753
116.333 39.9753
116.333 39.9753
116.333 39.9753
116.333 39.9753
116.333 39.9753
116.333 39.9754
116.333 39.9754
116.333 39.9754
116.333 39.9754
116.333 39.9753
116.333 39.9754
116.333 39.9754
116.333 39.9754
116.333 39.9754
116.333 39.9754
116.333 39.9754
116.333 39.9754
116.333 39.9754
116.333 39.9754
116.333 39.9754
116.333 39.9754
116.333 39.9754
116.333 39.9753
116.333 39.9753
116.333 39.9754
116.334 39.9754
116.334 39.9754
116.334 39.9754
116.334 39.9754
116.334 39.9754
116.334 39.9754
116.334 39.9753
116.334 39.9753
116.334 39.9753
116.334 39.9753
116.334 39.9753
116.334 39.9753
116.334 39.9753
116.334 39.9753
116.334 39.9754
116.334 39.9754
116.334 39.9754
116.334 39.9755
116.334 39.9754
116.334 39.9754
116.334 39.9754
116.334 39.9754
116.334 39.9757
116.334 39.9758
116.334 39.9757
116.334 39.9756
116.334 39.9756
116.334 39.9755
116.334 39.9753
116.334 39.9753
116.334 39.9754
116.334 39.9754
116.334 39.9754
116.334 39.9754
116.334 39.9755
116.334 39.9756
116.334 39.9758
116.334 39.9761
116.334 39.977
116.334 39.9779
116.333 39.9793
116.333 39.9804
116.333 39.9821
116.333 39.9831
116.332 39.9841
116.332 39.9852
116.332 39.9862
116.332 39.9872
116.332 39.9882
116.332 39.9892
116.332 39.9902
116.332 39.9913
116.332 39.9915
116.332 39.9916
116.332 39.9917
116.332 39.9917
116.332 39.9917
116.332 39.9917
116.332 39.9918
116.332 39.9919
116.332 39.9919
116.332 39.9919
116.332 39.9919
116.332 39.9918
116.332 39.9918
116.332 39.9919
116.332 39.9919
116.332 39.9919
116.332 39.9919
116.332 39.9919
116.332 39.9932
116.332 39.994
116.332 39.9949
116.332 39.996
116.332 39.997
116.332 39.9984
116.332 39.9994
116.332 40.0005
116.332 40.0016
116.332 40.0026
116.331 40.0036
116.331 40.0047
116.331 40.0057
116.331 40.0067
116.331 40.0077
116.33 40.0086
116.329 40.0094
116.328 40.0103
116.327 40.0111
116.326 40.0119
116.326 40.0127
116.325 40.0134
116.324 40.0142
116.323 40.015
116.322 40.0157
116.321 40.0165
116.32 40.0172
116.32 40.0181
116.319 40.019
116.319 40.0201
116.318 40.0212
116.318 40.0222
116.318 40.0232
116.317 40.0241
116.317 40.0252
116.317 40.026
116.316 40.027
116.316 40.0279
116.316 40.0289
116.315 40.0297
116.315 40.0303
116.315 40.0309
116.314 40.0314
116.314 40.0317
116.314 40.0319
116.314 40.0319
116.314 40.0319
116.307 40.0421
116.306 40.0432
116.305 40.0442
116.305 40.0451
116.304 40.046
116.303 40.0469
116.303 40.0478
116.302 40.0487
116.302 40.0492
116.302 40.0496
116.302 40.0498
116.302 40.0499
116.302 40.05
116.302 40.0501
116.302 40.05
116.302 40.0502
116.301 40.0502
116.301 40.0503
116.301 40.0503
116.301 40.0504
116.301 40.0505
116.301 40.0505
116.301 40.0506
116.301 40.0506
116.301 40.0506
116.301 40.0506
116.301 40.0506
116.301 40.0506
116.301 40.0507
116.301 40.0507
116.301 40.0507
116.301 40.0507
116.301 40.0506
116.301 40.0506
116.301 40.0504
116.301 40.0505
116.301 40.0509
116.301 40.0515
116.3 40.0525
116.299 40.0535
116.299 40.0545
116.298 40.0555
116.298 40.0566
116.297 40.0576
116.297 40.0585
116.296 40.0595
116.296 40.0604
116.295 40.0613
116.294 40.0621
116.328 40.0701
116.328 40.0701
116.328 40.0701
116.328 40.0701
116.328 40.0702
116.328 40.0702
116.328 40.0702
116.328 40.0703
116.328 40.0703
116.328 40.0703
116.328 40.0704
116.328 40.0704
116.328 40.0705
116.329 40.0707
116.329 40.0708
116.329 40.0708
116.329 40.0708
116.329 40.0708
116.329 40.0708
116.329 40.0709
116.329 40.0709
116.329 40.0709
116.329 40.0709
116.328 40.071
116.328 40.071
116.328 40.071
116.328 40.0711
116.328 40.0711
116.328 40.0712
116.328 40.0712
116.328 40.0713
116.329 40.0713
116.329 40.0713
116.329 40.0713
116.329 40.0714
116.329 40.0714
116.329 40.0715
116.329 40.0715
116.329 40.0715
116.328 40.0715
116.328 40.0715
116.328 40.0715
116.328 40.0716
116.328 40.0716
116.328 40.0716
116.328 40.0716
116.328 40.0717
116.328 40.0717
116.328 40.0717
116.328 40.0718
116.328 40.0719
116.328 40.0719
116.328 40.0719
116.328 40.0719
116.328 40.0719
116.328 40.0719
116.328 40.0719
116.328 40.072
116.328 40.072
116.328 40.0721
116.328 40.0722
116.328 40.0722
116.328 40.0722
116.328 40.0722
116.328 40.0722
116.328 40.0722
116.328 40.0723
116.328 40.0723
116.328 40.0724
116.328 40.0724
116.328 40.0724
116.328 40.0725
116.328 40.0725
116.328 40.0725
116.328 40.0725
116.328 40.0726
116.328 40.0726
116.328 40.0726
116.328 40.0727
116.328 40.0727
116.328 40.0727
116.328 40.0727
116.328 40.0727
116.328 40.0728
116.328 40.0728
116.328 40.0728
116.328 40.0728
116.328 40.0729
116.328 40.0729
116.328 40.0729
116.328 40.0729
116.328 40.073
116.328 40.073
116.328 40.073
116.328 40.073
116.328 40.0731
116.328 40.0731
116.328 40.0731
116.328 40.0731
116.328 40.0732
116.328 40.0732
116.328 40.0732
116.328 40.0732
116.328 40.0732
116.328 40.0733
116.328 40.0733
116.328 40.0733
116.328 40.0733
116.328 40.0734
116.328 40.0734
116.328 40.0734
116.328 40.0734
116.328 40.0735
116.328 40.0735
116.328 40.0735
116.328 40.0735
116.328 40.0736
116.328 40.0736
116.328 40.0736
116.328 40.0736
116.328 40.0736
116.328 40.0737
116.328 40.0737
116.328 40.0737
116.328 40.0737
116.328 40.0737
116.328 40.0738
116.328 40.0738
116.328 40.0738
116.328 40.0738
116.328 40.0739
116.328 40.0739
116.328 40.0739
116.328 40.0739
116.328 40.074
116.328 40.074
116.328 40.074
116.328 40.074
116.328 40.074
116.328 40.0741
116.328 40.0741
116.328 40.0741
116.328 40.0741
116.328 40.0742
116.328 40.0742
116.328 40.0742
116.328 40.0742
116.328 40.0742
116.328 40.0742
116.328 40.0742
116.328 40.0742
116.328 40.0742
116.328 40.0742
116.328 40.0742
116.328 40.0742
116.328 40.0742
116.328 40.0743
116.328 40.0743
116.328 40.0743
116.328 40.0743
116.328 40.0744
116.328 40.0744
116.328 40.0744
116.328 40.0744
116.328 40.0744
116.328 40.0745
116.328 40.0745
116.328 40.0745
116.328 40.0745
116.328 40.0746
116.328 40.0746
116.328 40.0746
116.328 40.0746
116.328 40.0746
116.328 40.0747
116.328 40.0747
116.328 40.0747
116.328 40.0747
116.328 40.0747
116.328 40.0748
116.328 40.0748
116.328 40.0749
116.328 40.0749
116.328 40.0749
116.328 40.0749
116.328 40.0749
116.328 40.075
116.328 40.075
116.328 40.075
116.328 40.0751
116.328 40.0751
116.328 40.0751
116.328 40.0751
116.328 40.0752
116.328 40.0752
116.328 40.0752
116.328 40.0753
116.328 40.0753
116.328 40.0753
116.328 40.0753
116.328 40.0754
116.328 40.0754
116.328 40.0754
116.328 40.0754
116.328 40.0755
116.328 40.0755
116.328 40.0755
116.328 40.0755
116.328 40.0755
116.328 40.0756
116.328 40.0756
116.328 40.0756
116.328 40.0757
116.328 40.0757
116.328 40.0757
116.328 40.0757
116.328 40.0758
116.328 40.0758
116.328 40.0758
116.328 40.0759
116.328 40.0759
116.328 40.0759
116.327 40.0759
116.327 40.0759
116.327 40.0759
116.327 40.0759
116.327 40.076
116.327 40.076
116.327 40.076
116.327 40.076
116.327 40.076
116.327 40.076
116.327 40.076
116.327 40.076
116.327 40.0759
116.327 40.076
116.327 40.076
116.327 40.076
116.327 40.076
116.327 40.076
116.327 40.076
116.327 40.076
116.327 40.0761
116.327 40.0761
116.327 40.0762
116.327 40.0762
116.327 40.0762
116.327 40.0763
116.327 40.0763
116.327 40.0763
116.327 40.0763
116.327 40.0763
116.327 40.0764
116.327 40.0764
116.327 40.0763
116.327 40.0764
116.327 40.0764
116.327 40.0764
116.327 40.0764
116.327 40.0765
116.327 40.0765
116.327 40.0766
116.327 40.0767
116.327 40.0767
116.327 40.0767
116.327 40.0767
116.327 40.0767
116.327 40.0766
116.327 40.0766
116.327 40.0766
116.327 40.0766
116.327 40.0766
116.327 40.0766
116.327 40.0766
116.327 40.0766
116.326 40.0766
116.326 40.0766
116.326 40.0766
116.326 40.0766
116.326 40.0766
116.326 40.0766
116.326 40.0766
116.326 40.0766
116.326 40.0766
116.326 40.0766
116.326 40.0766
116.326 40.0767
116.326 40.0766
116.326 40.0766
116.326 40.0766
116.326 40.0766
116.326 40.0766
116.326 40.0766
116.326 40.0766
116.326 40.0765
116.326 40.0765
116.326 40.0765
116.326 40.0765
116.326 40.0765
116.326 40.0765
116.326 40.0765
116.326 40.0765
116.326 40.0765
116.326 40.0766
116.326 40.0766
116.326 40.0766
116.326 40.0766
116.326 40.0767
116.326 40.0767
116.326 40.0767
116.326 40.0768
116.326 40.0768
116.326 40.0768
116.326 40.0767
116.326 40.0767
116.325 40.0767
116.325 40.0767
116.325 40.0767
116.325 40.0767
116.325 40.0766
