116.328 39.9848
116.328 39.9848
116.33 39.9848
116.331 39.9849
116.332 39.9849
116.334 39.985
116.336 39.985
116.337 39.9852
116.338 39.9853
116.339 39.9854
116.341 39.9855
116.342 39.9856
116.345 39.9856
116.348 39.9857
116.349 39.9857
116.351 39.9858
116.352 39.9858
116.355 39.9859
116.358 39.9859
116.36 39.986
116.362 39.986
116.363 39.9861
116.365 39.9861
116.366 39.9861
116.367 39.9861
116.368 39.986
116.369 39.9861
116.37 39.9861
116.371 39.9859
116.372 39.9856
116.373 39.9858
116.373 39.9861
116.373 39.9867
116.373 39.9872
116.372 39.9878
116.372 39.9883
116.372 39.9892
116.371 39.9899
116.371 39.9906
116.371 39.9914
116.37 39.9924
116.369 39.9935
116.368 39.9945
116.367 39.9955
116.367 39.9963
116.366 39.9973
116.365 39.9983
116.365 39.9993
116.364 40.0003
116.363 40.0012
116.362 40.0023
116.362 40.0032
116.361 40.0042
116.359 40.0062
116.358 40.0082
116.357 40.0098
116.356 40.0105
116.356 40.0111
116.356 40.0115
116.356 40.0116
116.356 40.0115
116.356 40.0116
116.356 40.0116
116.356 40.0119
116.355 40.0122
116.355 40.0128
116.354 40.0136
116.353 40.0146
116.352 40.0164
116.35 40.0183
116.348 40.0205
116.347 40.0227
116.345 40.0246
116.345 40.0255
116.344 40.0263
116.343 40.027
116.343 40.0278
116.343 40.0284
116.342 40.0291
116.341 40.0298
116.341 40.0307
116.34 40.0316
116.339 40.0326
116.338 40.0335
116.338 40.0344
116.337 40.0352
116.336 40.0361
116.336 40.0369
116.335 40.0377
116.335 40.0386
116.334 40.0393
116.333 40.0401
116.333 40.0408
116.332 40.0415
116.332 40.0421
116.331 40.043
116.33 40.0441
116.329 40.0458
116.328 40.0476
116.327 40.0486
116.326 40.0497
116.325 40.0517
116.323 40.0536
116.322 40.0554
116.32 40.0574
116.319 40.0593
116.317 40.0614
116.315 40.0636
116.314 40.0658
116.312 40.0678
116.311 40.0695
116.311 40.0701
116.311 40.0704
116.311 40.0704
116.311 40.0704
116.311 40.0704
116.311 40.0704
116.311 40.0704
116.311 40.0704
116.311 40.0704
116.31 40.0706
116.31 40.0708
116.31 40.071
116.31 40.0715
116.31 40.0718
116.31 40.072
116.31 40.0722
116.31 40.0723
116.31 40.0724
116.311 40.0725
116.311 40.0727
116.311 40.0729
116.311 40.0731
116.312 40.0733
116.313 40.0736
116.314 40.0739
116.315 40.0742
116.316 40.0745
116.317 40.0747
116.317 40.0748
116.317 40.0749
116.317 40.0749
116.317 40.0749
116.317 40.0749
116.317 40.0749
116.317 40.0749
116.318 40.075
116.318 40.0751
116.319 40.0754
116.32 40.0757
116.321 40.0761
116.322 40.0764
116.322 40.0765
116.323 40.0765
116.323 40.0765
116.323 40.0765
116.323 40.0765
116.323 40.0766
116.323 40.0766
116.323 40.0768
116.324 40.0771
116.325 40.0775
116.326 40.0777
116.327 40.0779
116.327 40.0776
116.328 40.077
116.328 40.0764
116.328 40.076
116.327 40.076
116.327 40.076
116.327 40.076
116.327 40.076
116.327 40.0761
116.327 40.0763
116.327 40.0766
116.327 40.0767
116.327 40.0768
116.327 40.0769
116.327 40.0769
116.326 40.0768
116.326 40.0767
116.326 40.0766
116.325 40.0764
116.325 40.0764
116.325 40.0763
116.325 40.0762
116.324 40.0762
116.324 40.0762
116.323 40.0761
116.323 40.0761
