116.328 39.975
116.328 39.975
116.328 39.9751
116.328 39.9751
116.328 39.9751
116.328 39.9751
116.328 39.9752
116.328 39.9752
116.328 39.9751
116.328 39.9749
116.328 39.9746
116.328 39.974
116.328 39.9732
116.328 39.9724
116.328 39.9716
116.328 39.9708
116.328 39.9701
116.328 39.9693
116.328 39.9684
116.328 39.9676
116.328 39.967
116.328 39.9669
116.328 39.9668
116.328 39.9667
116.328 39.9667
116.328 39.9667
116.328 39.9667
116.328 39.9667
116.328 39.9666
116.328 39.9664
116.328 39.966
116.329 39.966
116.33 39.966
116.331 39.9661
116.332 39.9661
116.332 39.9661
116.332 39.9661
116.332 39.9661
116.333 39.9661
116.333 39.9661
116.333 39.9661
116.334 39.9661
116.334 39.9661
116.335 39.9661
116.336 39.9661
116.337 39.9661
116.338 39.9661
116.338 39.9661
116.339 39.9661
116.34 39.9661
116.341 39.9661
116.342 39.9662
116.343 39.9662
116.344 39.9662
116.345 39.9662
116.346 39.9662
116.347 39.9662
116.348 39.9662
116.349 39.9663
116.35 39.9662
116.351 39.9662
116.352 39.9662
116.352 39.9663
116.352 39.9663
116.353 39.9663
116.353 39.9663
116.354 39.9663
116.354 39.9663
116.354 39.9663
116.355 39.9663
116.355 39.9663
116.355 39.9663
116.356 39.9663
116.356 39.9663
116.356 39.9663
116.357 39.9663
116.357 39.9663
116.357 39.9663
116.358 39.9663
116.359 39.9663
116.36 39.9663
116.361 39.9664
116.362 39.9664
116.364 39.9664
116.365 39.9665
116.366 39.9665
116.367 39.9666
116.368 39.9666
116.369 39.9666
116.37 39.9667
116.372 39.9667
116.373 39.9667
116.374 39.9668
116.375 39.9668
116.376 39.9668
116.377 39.9668
116.378 39.9668
116.379 39.9669
116.38 39.9669
116.381 39.9669
116.382 39.9669
116.383 39.9669
116.384 39.9669
116.384 39.967
116.385 39.967
116.386 39.967
116.387 39.9671
116.387 39.9671
116.387 39.9671
116.388 39.9671
116.388 39.9671
116.388 39.9671
116.389 39.9671
116.389 39.9672
116.39 39.9672
116.391 39.9672
116.392 39.9672
116.393 39.9672
116.393 39.9672
116.394 39.9673
116.395 39.9673
116.397 39.9673
116.399 39.9674
116.4 39.9674
116.4 39.9674
116.401 39.9674
116.401 39.9674
116.402 39.9675
116.403 39.9675
116.404 39.9675
116.405 39.9675
116.406 39.9675
116.406 39.9675
116.406 39.9676
116.407 39.9676
116.407 39.9676
116.407 39.9676
116.408 39.9676
116.408 39.9677
116.409 39.9677
116.411 39.9677
116.411 39.9677
116.412 39.9677
116.413 39.9678
116.414 39.9678
116.416 39.9678
116.417 39.9678
116.418 39.9679
116.419 39.9679
116.42 39.9679
116.421 39.9679
116.424 39.968
116.425 39.9681
116.426 39.9681
116.426 39.9681
116.426 39.9681
116.427 39.9681
116.428 39.9681
116.428 39.9681
116.428 39.9681
116.428 39.9681
116.428 39.9681
116.428 39.9681
116.428 39.9681
116.428 39.9681
116.428 39.9681
116.428 39.9681
116.428 39.9681
116.429 39.9681
116.429 39.9681
116.429 39.9681
116.429 39.968
116.429 39.968
116.43 39.968
116.43 39.9679
116.43 39.9679
116.43 39.9679
116.43 39.9678
116.43 39.9677
116.431 39.9677
116.431 39.9676
116.431 39.9675
116.431 39.9675
116.431 39.9675
116.431 39.9675
116.431 39.9674
116.431 39.9674
116.431 39.9674
116.432 39.9673
116.432 39.9672
116.432 39.9671
116.432 39.9671
116.432 39.9671
116.432 39.967
116.432 39.967
116.432 39.9669
116.432 39.9668
116.432 39.9667
116.433 39.9666
116.433 39.9665
116.433 39.9664
116.433 39.9663
116.433 39.9662
116.433 39.9662
116.433 39.9661
116.433 39.9661
116.433 39.966
116.434 39.966
116.434 39.9659
116.434 39.9659
116.434 39.9659
116.434 39.9658
116.434 39.9657
116.434 39.9657
116.434 39.9656
116.434 39.9656
116.434 39.9656
116.434 39.9656
116.434 39.9656
116.434 39.9655
116.434 39.9655
116.434 39.9654
116.435 39.9653
116.435 39.9652
116.435 39.9651
116.435 39.9651
116.435 39.9651
116.435 39.9651
116.435 39.965
116.435 39.9649
116.435 39.9649
116.435 39.9648
116.436 39.9646
116.436 39.9645
116.436 39.9644
116.436 39.9642
116.436 39.9642
116.436 39.9641
116.436 39.9641
116.436 39.9641
116.436 39.9641
116.436 39.964
116.437 39.9639
116.437 39.9638
116.437 39.9637
116.437 39.9635
116.437 39.9634
116.438 39.9632
116.438 39.963
116.438 39.9629
116.439 39.9628
116.439 39.9626
116.439 39.9624
116.439 39.9621
116.44 39.9618
116.44 39.9617
116.44 39.9616
116.44 39.9614
116.441 39.9614
116.441 39.9613
116.441 39.9613
116.441 39.9613
116.441 39.9612
116.441 39.9611
116.441 39.961
116.441 39.961
116.441 39.9609
116.441 39.9608
116.442 39.9607
116.442 39.9605
116.442 39.9602
116.443 39.96
116.443 39.9598
116.443 39.9596
116.444 39.9594
116.444 39.9591
116.444 39.9587
116.445 39.9585
116.445 39.9585
116.445 39.9584
116.445 39.9583
116.445 39.9582
116.446 39.9578
116.446 39.9574
116.446 39.957
116.445 39.9565
116.445 39.9558
116.445 39.9554
116.444 39.9549
116.444 39.9543
116.443 39.9538
116.443 39.9538
116.443 39.9538
116.443 39.9538
116.443 39.9536
116.443 39.9534
116.442 39.9528
116.441 39.9522
116.441 39.9516
116.44 39.9511
116.439 39.9507
116.439 39.9505
116.439 39.9503
116.439 39.9502
116.439 39.95
116.439 39.9498
116.439 39.9497
116.439 39.9496
116.439 39.9495
116.439 39.9494
116.44 39.9493
116.44 39.9489
116.441 39.9485
116.441 39.9481
116.442 39.9478
116.442 39.9477
116.442 39.9477
116.442 39.9477
116.442 39.9477
116.442 39.9476
116.442 39.9476
116.442 39.9476
116.442 39.9476
116.442 39.9476
116.442 39.9477
116.442 39.9478
116.442 39.948
116.441 39.9484
116.441 39.9487
116.441 39.9488
116.441 39.9488
116.441 39.9488
116.441 39.9488
116.441 39.9488
116.441 39.9488
116.441 39.9489
116.441 39.9488
116.441 39.9488
