116.373 39.9816
116.374 39.9815
116.374 39.9805
116.374 39.9802
116.374 39.9799
116.374 39.9796
116.374 39.9793
116.374 39.9786
116.375 39.9778
116.375 39.9768
116.375 39.9758
116.375 39.9748
116.375 39.9738
116.375 39.9728
116.375 39.9719
116.375 39.9711
116.375 39.9708
116.375 39.9705
116.375 39.9697
116.374 39.9689
116.374 39.9681
116.374 39.9673
116.374 39.9666
116.374 39.9658
116.374 39.965
116.374 39.9647
116.374 39.964
116.374 39.9637
116.374 39.9634
116.374 39.9631
116.374 39.9628
116.374 39.9625
116.374 39.9618
116.373 39.9615
116.373 39.9612
116.373 39.9609
116.373 39.9606
116.373 39.9603
116.373 39.96
116.373 39.9592
116.373 39.9589
116.373 39.9587
116.373 39.9584
116.373 39.9581
116.373 39.9578
116.373 39.9575
116.373 39.9572
116.373 39.9569
116.373 39.9566
116.373 39.9563
116.373 39.9555
116.373 39.9547
116.373 39.954
116.373 39.9537
116.373 39.9534
116.373 39.9532
116.373 39.9529
116.373 39.9526
116.373 39.9523
116.373 39.9521
116.373 39.9518
116.373 39.9516
116.373 39.9514
116.373 39.9513
116.373 39.9511
116.373 39.951
116.373 39.9509
116.373 39.9508
116.373 39.9508
116.373 39.9507
116.373 39.9507
116.373 39.9507
116.373 39.9507
116.373 39.9507
116.373 39.9506
116.373 39.9506
116.373 39.9506
116.373 39.9505
116.373 39.9504
116.373 39.9503
116.373 39.9502
116.373 39.9501
116.373 39.9501
116.373 39.95
116.373 39.95
116.373 39.9499
116.373 39.9498
116.373 39.9497
116.373 39.9495
116.373 39.9494
116.372 39.9494
116.372 39.9493
116.372 39.9492
116.372 39.9491
116.372 39.949
116.372 39.9489
116.372 39.9488
116.372 39.9487
116.372 39.9486
116.372 39.9485
116.372 39.9484
116.372 39.9484
116.372 39.9483
116.372 39.9483
116.372 39.9482
116.372 39.9482
116.372 39.9481
116.372 39.948
116.372 39.9479
116.372 39.9479
116.372 39.9478
116.372 39.9478
116.372 39.9478
116.372 39.9478
116.371 39.9478
116.371 39.9477
116.371 39.9477
116.371 39.9477
116.371 39.9477
116.37 39.9477
116.37 39.9476
116.37 39.9476
116.37 39.9476
116.37 39.9476
116.37 39.9476
116.369 39.9475
116.369 39.9475
116.369 39.9475
116.369 39.9475
116.368 39.9475
116.367 39.9474
116.366 39.9474
116.366 39.9473
116.365 39.9473
116.365 39.9472
116.365 39.9472
116.364 39.9471
116.364 39.947
116.363 39.9469
116.363 39.9467
116.363 39.9466
116.362 39.9465
116.362 39.9464
116.362 39.9462
116.362 39.9461
116.361 39.946
116.361 39.9458
116.36 39.9457
116.36 39.9455
116.36 39.9454
116.36 39.9453
116.359 39.9452
116.359 39.9451
116.359 39.945
116.358 39.9449
116.358 39.9448
116.358 39.9447
116.358 39.9447
116.357 39.9446
116.357 39.9445
116.357 39.9444
116.356 39.9443
116.356 39.9442
116.356 39.9441
116.355 39.944
116.355 39.9439
116.354 39.9438
116.354 39.9437
116.354 39.9436
116.353 39.9435
116.353 39.9434
116.353 39.9433
116.352 39.9432
116.352 39.9431
116.352 39.9431
116.351 39.943
116.351 39.9429
116.351 39.9428
116.35 39.9427
116.35 39.9426
116.35 39.9425
116.35 39.9423
116.35 39.9422
116.349 39.942
116.349 39.9418
116.349 39.9416
116.349 39.9414
116.349 39.9412
116.349 39.9409
116.349 39.9407
116.349 39.9405
116.349 39.9403
116.349 39.94
116.349 39.9397
116.349 39.9394
116.349 39.9385
116.349 39.9377
116.349 39.9368
116.349 39.9359
116.349 39.9351
116.349 39.9348
116.349 39.9346
116.349 39.9343
116.35 39.9341
116.35 39.9338
116.35 39.9336
116.35 39.9333
116.35 39.933
116.35 39.9328
116.35 39.9325
116.35 39.9316
116.35 39.9308
116.35 39.9299
116.35 39.9291
116.35 39.9284
116.35 39.9282
116.35 39.928
116.35 39.9278
116.35 39.9276
116.35 39.9274
116.35 39.9272
116.35 39.927
116.35 39.9267
116.35 39.9265
116.35 39.9262
116.35 39.9259
116.35 39.9256
116.35 39.9253
116.35 39.925
116.35 39.9247
116.35 39.9245
116.35 39.9242
116.35 39.9239
116.35 39.9236
116.35 39.9234
116.35 39.9231
116.35 39.9228
116.35 39.9226
116.35 39.9224
116.35 39.9221
116.35 39.922
116.35 39.9218
116.35 39.9216
116.35 39.9215
116.35 39.9213
116.35 39.9211
116.35 39.921
116.35 39.9207
116.35 39.9205
116.35 39.9204
116.35 39.9202
116.35 39.92
116.35 39.9199
116.35 39.9198
116.35 39.9197
116.35 39.9196
116.35 39.9195
116.35 39.9195
116.35 39.9194
116.35 39.9194
116.35 39.9194
116.35 39.9193
116.35 39.9192
116.35 39.9191
116.35 39.919
116.35 39.9189
116.35 39.9188
116.35 39.9186
116.35 39.9185
116.35 39.9183
116.35 39.9182
116.35 39.918
116.35 39.9178
116.35 39.9177
116.35 39.9175
116.35 39.9173
116.35 39.9172
116.35 39.9171
116.35 39.917
116.35 39.9169
116.35 39.9167
116.35 39.9166
116.35 39.9165
116.35 39.9164
116.35 39.9163
116.35 39.9162
116.35 39.9161
116.35 39.916
116.35 39.9159
116.35 39.9158
116.35 39.9157
116.35 39.9156
116.35 39.9154
116.35 39.9153
116.35 39.9152
116.35 39.9152
116.35 39.9151
116.35 39.915
116.35 39.9149
116.35 39.9148
116.35 39.9146
116.351 39.9145
116.351 39.9143
116.351 39.9142
116.351 39.914
116.351 39.9139
116.35 39.9138
116.35 39.9137
116.35 39.9136
116.35 39.9136
116.35 39.9135
116.35 39.9134
116.35 39.9134
116.35 39.9133
116.35 39.9133
116.35 39.9133
116.35 39.9132
116.35 39.9132
116.35 39.9132
116.35 39.9132
116.35 39.9132
116.35 39.9131
116.35 39.913
116.35 39.9128
116.35 39.9126
116.35 39.9125
116.35 39.9123
116.35 39.9121
116.35 39.9119
116.35 39.9117
116.35 39.9115
116.35 39.9114
116.35 39.9112
116.35 39.9112
116.35 39.9111
116.35 39.9111
116.35 39.911
116.35 39.911
116.35 39.9109
116.35 39.9108
116.35 39.9107
116.35 39.9106
116.35 39.9104
116.35 39.9103
116.35 39.9102
116.35 39.9101
116.35 39.91
116.35 39.9099
116.35 39.9097
116.35 39.9096
116.35 39.9094
116.35 39.9092
116.35 39.9091
116.35 39.9089
116.35 39.9087
116.35 39.9085
116.35 39.9083
116.35 39.9082
116.35 39.9081
116.35 39.9079
116.35 39.9078
116.35 39.9078
116.35 39.9077
116.35 39.9076
116.35 39.9075
116.35 39.9074
116.35 39.9073
116.35 39.9072
116.35 39.9071
116.35 39.907
116.35 39.9069
116.35 39.9067
116.35 39.9066
116.35 39.9065
116.35 39.9064
116.35 39.9063
116.35 39.9062
116.35 39.9062
116.35 39.9061
116.35 39.906
116.35 39.9059
116.35 39.9058
116.35 39.9056
116.35 39.9054
116.35 39.9052
116.35 39.9051
116.35 39.9049
116.35 39.9048
116.35 39.9047
116.35 39.9046
116.35 39.9045
116.35 39.9044
116.35 39.9042
116.35 39.9041
116.35 39.9039
116.35 39.9038
116.35 39.9037
116.35 39.9036
116.35 39.9035
116.35 39.9034
116.35 39.9034
116.35 39.9033
116.35 39.9032
116.35 39.9032
116.35 39.9032
116.35 39.9032
116.35 39.9032
116.35 39.9031
116.35 39.903
116.35 39.903
116.35 39.9028
116.35 39.9027
116.35 39.9026
116.35 39.9025
116.35 39.9024
116.35 39.9022
116.35 39.9021
116.35 39.9019
116.35 39.9017
116.35 39.9016
116.35 39.9014
116.35 39.9012
116.35 39.9011
116.35 39.9009
116.35 39.9008
116.35 39.9006
116.35 39.9004
116.35 39.9003
116.35 39.9002
116.35 39.9
116.35 39.8998
116.35 39.8996
116.35 39.8994
116.35 39.8992
116.35 39.899
116.35 39.8988
116.35 39.8986
116.35 39.8984
116.35 39.8982
116.35 39.898
116.35 39.8979
116.35 39.8978
116.35 39.8976
116.35 39.8975
116.349 39.8974
116.349 39.8974
116.349 39.8973
116.349 39.8972
116.349 39.8971
116.348 39.8971
116.348 39.8971
116.348 39.897
116.348 39.897
116.347 39.897
116.347 39.897
116.347 39.897
116.347 39.897
116.346 39.897
116.346 39.897
116.346 39.897
116.346 39.897
116.346 39.8969
116.345 39.8969
116.345 39.8969
116.345 39.8969
116.345 39.8969
116.344 39.8968
116.344 39.8968
116.344 39.8968
116.344 39.8967
116.344 39.8966
116.343 39.8964
116.343 39.8962
116.343 39.896
116.343 39.8958
116.343 39.8955
116.342 39.8952
116.342 39.8949
116.342 39.8946
116.342 39.8943
116.342 39.894
116.342 39.8937
116.342 39.8934
116.342 39.8931
116.342 39.8929
116.342 39.8926
116.342 39.8923
116.342 39.892
116.342 39.8918
116.342 39.8916
116.342 39.8913
116.342 39.8911
116.342 39.8909
116.342 39.8907
116.342 39.8904
116.342 39.8902
116.342 39.89
116.342 39.8897
116.342 39.8894
116.343 39.8892
116.343 39.8889
116.343 39.8886
116.343 39.8884
116.343 39.8882
116.343 39.8879
116.343 39.8877
116.343 39.8875
116.343 39.8873
116.343 39.8871
116.343 39.8869
116.343 39.8867
116.343 39.8865
116.343 39.8863
116.343 39.8862
116.343 39.886
116.343 39.8858
116.343 39.8856
116.343 39.8854
116.343 39.8852
116.343 39.885
116.343 39.8847
116.343 39.8845
116.343 39.8843
116.343 39.884
116.343 39.8837
116.343 39.8835
116.343 39.8832
116.343 39.883
116.343 39.8827
116.343 39.8825
116.343 39.8823
116.343 39.8821
116.343 39.8818
116.343 39.8815
116.343 39.8813
116.343 39.881
116.343 39.8808
116.343 39.8805
116.343 39.8803
116.343 39.88
116.343 39.8797
116.343 39.8795
116.343 39.8792
116.343 39.879
116.343 39.8787
116.343 39.8786
116.343 39.8784
116.343 39.8782
116.343 39.878
116.343 39.8778
116.343 39.8776
116.343 39.8774
116.343 39.8772
116.343 39.877
116.343 39.8768
116.343 39.8765
116.343 39.8763
116.343 39.8761
116.343 39.8758
116.343 39.8756
116.343 39.8754
116.343 39.8751
116.343 39.8748
116.343 39.8746
116.343 39.8743
116.343 39.8741
116.343 39.8738
116.343 39.8735
116.343 39.8732
116.343 39.873
116.343 39.8728
116.343 39.8726
116.343 39.8723
116.343 39.8721
116.343 39.8718
116.343 39.8716
116.343 39.8713
116.343 39.8711
116.343 39.8708
116.343 39.8705
116.343 39.8703
116.343 39.8698
116.343 39.8696
116.343 39.8693
116.343 39.8691
116.343 39.8688
116.343 39.8686
116.343 39.8684
116.342 39.8682
116.342 39.868
116.342 39.8678
116.342 39.8675
116.342 39.8673
116.342 39.8672
116.342 39.867
116.342 39.8669
116.342 39.8667
116.342 39.8665
116.342 39.8663
116.342 39.8661
116.342 39.8659
116.342 39.8657
116.342 39.8656
116.342 39.8654
116.342 39.8652
116.342 39.865
116.342 39.8648
116.342 39.8646
116.342 39.8644
116.342 39.8642
116.342 39.8639
116.342 39.8638
116.342 39.8635
116.342 39.8633
116.342 39.8631
116.342 39.8629
116.342 39.8627
116.342 39.8625
116.342 39.8622
116.342 39.862
116.342 39.8617
116.342 39.8614
116.342 39.8612
116.342 39.8609
116.342 39.8606
116.342 39.8603
116.341 39.86
116.341 39.8592
116.341 39.8585
116.341 39.8582
116.341 39.8579
116.341 39.8576
116.341 39.8574
116.341 39.8572
116.341 39.8571
116.341 39.8569
116.341 39.8569
116.341 39.8568
116.341 39.8567
116.341 39.8565
116.341 39.8564
116.341 39.8562
116.341 39.856
116.341 39.8558
116.341 39.8556
116.341 39.8554
116.341 39.8552
116.341 39.855
116.341 39.8547
116.341 39.8544
116.341 39.8542
116.341 39.8539
116.341 39.8537
116.341 39.8535
116.341 39.8532
116.341 39.853
116.341 39.8528
116.34 39.8526
116.34 39.8523
116.34 39.8521
116.34 39.8519
116.34 39.8517
116.34 39.8515
116.34 39.8513
116.34 39.8511
116.34 39.8509
116.34 39.8507
116.34 39.8506
116.34 39.8504
116.34 39.8503
116.34 39.8502
116.34 39.8501
116.339 39.8499
116.339 39.8498
116.339 39.8497
116.339 39.8495
116.339 39.8494
116.339 39.8493
116.339 39.8492
116.339 39.849
116.338 39.8489
116.338 39.8488
116.338 39.8487
116.338 39.8486
116.338 39.8485
116.338 39.8485
116.338 39.8484
116.338 39.8482
116.338 39.8481
116.338 39.848
116.338 39.8479
116.338 39.8478
116.338 39.8476
116.338 39.8475
116.338 39.8473
116.338 39.8472
116.338 39.8471
116.339 39.847
116.339 39.8468
116.339 39.8467
116.339 39.8466
116.339 39.8465
116.339 39.8463
116.339 39.8462
116.339 39.8461
116.339 39.846
116.339 39.8459
116.339 39.8458
116.34 39.8458
116.34 39.8458
116.34 39.8458
116.34 39.8457
116.34 39.8458
116.34 39.8458
116.34 39.8458
116.34 39.8458
116.34 39.8459
116.34 39.846
116.34 39.8461
116.34 39.8462
116.34 39.8464
116.341 39.8466
116.341 39.8468
116.341 39.8469
116.341 39.8471
116.341 39.8473
116.341 39.8474
116.341 39.8476
116.341 39.8477
116.342 39.8479
116.342 39.848
116.342 39.8481
116.342 39.8483
116.342 39.8484
116.342 39.8485
116.343 39.8487
116.343 39.8487
116.343 39.8488
116.343 39.8489
116.343 39.8489
116.343 39.8491
116.342 39.8493
116.342 39.8494
116.342 39.8495
116.342 39.8496
116.342 39.8496
116.342 39.8497
116.342 39.8498
116.342 39.8499
116.341 39.85
116.341 39.8501
116.341 39.8502
116.341 39.8504
116.341 39.8505
116.341 39.8506
116.341 39.8507
116.341 39.8508
116.341 39.8508
116.341 39.8509
116.341 39.851
116.341 39.8511
116.341 39.8513
116.341 39.8515
116.341 39.8517
116.341 39.8519
116.341 39.8522
116.341 39.8524
116.341 39.8527
116.341 39.853
116.341 39.8532
116.341 39.8535
116.341 39.8538
116.341 39.854
116.341 39.8543
116.341 39.8546
116.341 39.8549
116.341 39.8551
116.341 39.8554
116.341 39.8556
116.341 39.8559
116.341 39.8561
116.341 39.8564
116.341 39.8567
116.341 39.857
116.341 39.8573
116.342 39.8581
116.342 39.8589
116.342 39.8592
116.342 39.8595
116.342 39.8598
116.342 39.8601
116.342 39.8604
116.342 39.8606
116.342 39.8609
116.342 39.8612
116.342 39.8615
116.342 39.8618
116.342 39.8621
116.342 39.8623
116.342 39.8626
116.342 39.8628
116.342 39.8631
116.342 39.8634
116.342 39.8637
116.342 39.864
116.342 39.8643
116.342 39.8645
116.342 39.8647
116.342 39.8649
116.342 39.8651
116.342 39.8652
116.343 39.8653
116.343 39.8655
116.343 39.8656
116.343 39.8658
116.343 39.8659
116.344 39.8661
116.344 39.8663
116.344 39.8665
116.344 39.8667
116.344 39.8667
116.345 39.8668
116.345 39.8668
116.345 39.8668
116.345 39.8668
116.346 39.8668
116.346 39.8668
116.346 39.8668
116.347 39.8668
116.347 39.8668
116.347 39.8668
116.348 39.8668
116.348 39.8668
116.348 39.8669
116.349 39.8669
116.349 39.8669
116.349 39.8669
116.349 39.8669
116.35 39.8669
116.35 39.8669
116.35 39.8669
116.351 39.8669
116.351 39.8669
116.351 39.8669
116.352 39.8669
116.352 39.867
116.352 39.867
116.353 39.867
116.353 39.867
116.353 39.8671
116.353 39.8671
116.354 39.8671
116.354 39.8672
116.354 39.8672
116.355 39.8672
116.355 39.8673
116.355 39.8673
116.356 39.8674
116.356 39.8674
116.356 39.8675
116.357 39.8675
116.357 39.8676
116.357 39.8676
116.358 39.8677
116.358 39.8677
116.359 39.8679
116.36 39.8681
116.361 39.8682
116.362 39.8683
116.362 39.8684
116.363 39.8684
116.363 39.8684
116.363 39.8685
116.363 39.8685
116.364 39.8685
116.364 39.8685
116.364 39.8685
116.364 39.8685
116.365 39.8685
116.365 39.8685
116.365 39.8686
116.365 39.8686
116.365 39.8686
116.366 39.8686
116.366 39.8686
116.366 39.8686
116.366 39.8686
116.366 39.8686
116.367 39.8686
116.367 39.8686
116.367 39.8686
116.367 39.8686
116.367 39.8686
116.368 39.8686
116.368 39.8686
116.368 39.8686
116.368 39.8686
116.368 39.8686
116.368 39.8686
116.368 39.8687
116.368 39.8687
116.368 39.8687
116.368 39.8687
116.368 39.8687
116.368 39.8687
116.369 39.8687
116.369 39.8687
116.369 39.8688
116.369 39.8688
116.369 39.8688
116.37 39.8688
116.37 39.8689
116.37 39.8689
116.37 39.8689
116.37 39.8689
116.371 39.8689
116.371 39.8689
116.371 39.8689
116.371 39.8689
116.371 39.8689
116.371 39.8689
116.372 39.8689
116.372 39.869
116.372 39.869
116.372 39.869
116.372 39.869
116.372 39.869
116.372 39.869
116.373 39.869
116.373 39.8691
116.373 39.8691
116.373 39.8691
116.373 39.8691
116.374 39.8691
116.374 39.8691
116.374 39.8692
116.375 39.8692
116.375 39.8692
116.375 39.8692
116.375 39.8692
116.375 39.8693
116.376 39.8693
116.376 39.8693
116.376 39.8693
116.376 39.8693
116.376 39.8693
116.376 39.8693
116.376 39.8693
116.376 39.8693
116.376 39.8693
116.376 39.8693
116.377 39.8693
116.377 39.8693
116.377 39.8693
116.377 39.8693
116.377 39.8693
116.377 39.8693
116.377 39.8693
116.377 39.8693
116.377 39.8693
116.377 39.8693
116.377 39.8692
116.377 39.8692
116.377 39.8692
116.377 39.8692
116.377 39.8692
116.377 39.8692
116.377 39.8692
116.377 39.8692
116.377 39.8692
116.377 39.8692
116.377 39.8692
116.377 39.8692
116.377 39.8692
116.377 39.8692
116.377 39.8692
116.377 39.8692
116.377 39.8692
116.377 39.8692
116.377 39.8692
116.377 39.8692
116.377 39.8692
116.377 39.8692
116.377 39.8692
116.377 39.8692
116.377 39.8692
116.377 39.8692
116.377 39.8692
116.377 39.8692
116.377 39.8692
116.377 39.8692
116.377 39.8693
116.377 39.8693
116.377 39.8693
116.377 39.8693
116.377 39.8693
116.377 39.8693
116.378 39.8694
116.378 39.8694
116.378 39.8694
116.378 39.8694
116.378 39.8694
116.378 39.8694
116.378 39.8694
116.379 39.8694
116.379 39.8694
116.379 39.8693
116.379 39.8692
116.379 39.8692
116.379 39.8692
116.379 39.8691
116.379 39.8691
116.38 39.8692
116.38 39.8692
116.38 39.8692
116.38 39.8692
116.38 39.8693
116.381 39.8693
116.381 39.8693
116.381 39.8694
116.381 39.8694
116.381 39.8693
116.381 39.8693
116.381 39.8692
116.381 39.8691
116.382 39.869
116.382 39.8689
116.382 39.8688
116.382 39.8687
116.382 39.8685
116.382 39.8684
116.382 39.8682
116.381 39.8681
116.381 39.8679
116.381 39.8677
116.381 39.8675
116.382 39.8673
116.382 39.867
116.382 39.8668
116.382 39.8666
116.382 39.8664
116.382 39.8656
116.382 39.8655
116.382 39.8654
116.382 39.8653
116.382 39.8652
116.382 39.8651
116.382 39.865
116.382 39.8649
116.381 39.8647
116.381 39.8646
116.381 39.8645
116.381 39.8645
116.381 39.8644
116.381 39.8644
116.381 39.8643
116.381 39.8643
116.381 39.8642
116.381 39.8642
116.381 39.8642
116.381 39.8641
116.381 39.8641
116.381 39.8641
116.381 39.8641
116.381 39.8641
116.381 39.864
116.381 39.8638
116.381 39.8637
116.381 39.8636
116.381 39.8635
116.381 39.8634
116.381 39.8632
116.381 39.8631
116.381 39.8629
116.381 39.8627
116.381 39.8625
116.381 39.8623
116.381 39.8621
116.381 39.862
116.381 39.8618
116.381 39.8616
116.381 39.8615
116.381 39.8613
116.381 39.8611
116.381 39.861
116.381 39.8608
116.381 39.8607
116.381 39.8606
116.381 39.8606
116.381 39.8605
116.381 39.8599
116.381 39.8597
116.381 39.8596
116.381 39.8594
116.381 39.8593
116.381 39.8591
116.381 39.8589
116.381 39.8587
116.381 39.8586
116.381 39.8584
116.381 39.8583
116.381 39.8581
116.381 39.8579
116.381 39.8577
116.381 39.8575
116.381 39.8574
116.381 39.8572
116.381 39.8571
116.381 39.8569
116.381 39.8568
116.38 39.8566
116.38 39.8565
116.38 39.8563
116.38 39.8563
116.38 39.8562
116.38 39.8561
116.38 39.856
116.38 39.856
116.38 39.8559
116.38 39.8559
116.38 39.8559
116.379 39.8559
116.379 39.856
116.379 39.856
116.379 39.856
116.378 39.856
116.378 39.8559
116.378 39.8559
116.378 39.856
116.378 39.8559
116.378 39.856
116.378 39.856
116.377 39.856
116.377 39.856
116.377 39.856
116.377 39.856
116.377 39.856
116.377 39.856
116.376 39.856
116.376 39.856
116.376 39.856
116.376 39.856
116.376 39.856
116.375 39.856
116.375 39.856
116.375 39.856
116.375 39.856
116.375 39.856
116.374 39.856
116.374 39.856
116.374 39.856
116.374 39.856
116.373 39.856
116.373 39.856
116.373 39.856
116.373 39.856
116.372 39.856
116.372 39.8561
116.372 39.8561
116.372 39.8561
116.372 39.8562
116.372 39.8562
116.372 39.8563
116.372 39.8565
116.372 39.8567
116.372 39.8568
116.372 39.857
116.372 39.8572
116.372 39.8573
116.372 39.8575
116.372 39.8576
116.372 39.8577
116.372 39.8578
116.372 39.8579
116.372 39.858
116.372 39.8581
116.372 39.8582
116.372 39.8583
116.372 39.8584
116.372 39.8584
116.372 39.8585
116.372 39.8586
116.372 39.8587
116.372 39.8588
116.372 39.8588
116.372 39.8589
116.372 39.859
116.372 39.8591
116.371 39.8592
116.371 39.8593
116.371 39.8594
116.371 39.8594
116.371 39.8595
116.371 39.8595
116.371 39.8596
116.371 39.8596
116.371 39.8596
116.371 39.8596
116.371 39.8597
116.371 39.8597
116.371 39.8597
116.371 39.8598
116.371 39.8598
116.371 39.8598
116.371 39.8598
116.371 39.8598
116.371 39.8599
116.371 39.8599
116.371 39.8598
116.371 39.8598
116.371 39.8598
116.371 39.8598
116.371 39.8598
116.371 39.8598
116.371 39.8598
116.371 39.8598
116.371 39.8598
116.371 39.8598
116.371 39.8598
116.371 39.8598
116.371 39.8598
116.371 39.8598
116.37 39.8598
116.37 39.8597
116.37 39.8597
116.37 39.8597
116.37 39.8596
116.37 39.8596
116.37 39.8596
116.37 39.8596
116.37 39.8596
116.371 39.8595
116.371 39.8595
116.371 39.8595
116.371 39.8593
116.371 39.8592
116.371 39.8591
116.371 39.859
116.371 39.859
116.372 39.8589
116.372 39.8588
116.372 39.8588
116.372 39.8587
116.372 39.8587
116.372 39.8587
116.372 39.8587
116.372 39.8587
116.372 39.8587
116.372 39.8587
116.372 39.8587
116.372 39.8587
116.372 39.8587
116.372 39.8587
116.372 39.8587
116.372 39.8587
116.372 39.8587
116.373 39.8586
116.373 39.8586
116.373 39.8586
116.373 39.8585
116.373 39.8584
116.374 39.8584
116.374 39.8583
116.374 39.8583
116.374 39.8582
116.374 39.8582
116.375 39.8582
116.375 39.8582
116.375 39.8582
116.375 39.8582
116.376 39.8582
116.376 39.8582
116.376 39.8581
116.376 39.8581
116.377 39.8581
116.377 39.8581
116.377 39.8581
116.377 39.8581
116.377 39.8581
116.377 39.8581
116.377 39.858
116.377 39.858
116.377 39.858
116.377 39.8579
116.377 39.8578
116.377 39.8576
116.377 39.8575
116.377 39.8573
116.377 39.8571
116.377 39.857
116.377 39.8568
116.377 39.8566
116.377 39.8564
116.377 39.8563
116.377 39.8561
116.377 39.8561
116.377 39.856
116.377 39.856
116.377 39.856
116.377 39.856
116.377 39.856
116.377 39.8559
116.377 39.8559
116.377 39.8559
116.377 39.8559
116.377 39.8559
116.377 39.8559
116.376 39.8559
116.376 39.856
116.376 39.856
116.376 39.8559
116.376 39.8559
116.376 39.8559
116.376 39.8559
116.375 39.8559
116.375 39.8559
116.375 39.8559
116.375 39.8559
116.375 39.8559
116.375 39.8558
116.374 39.8558
116.374 39.8558
116.374 39.8558
116.374 39.8558
116.374 39.8558
116.373 39.8558
116.373 39.8558
116.373 39.8558
116.372 39.8558
116.372 39.8558
116.372 39.8557
116.371 39.8557
116.371 39.8557
116.371 39.8556
116.37 39.8556
116.37 39.8556
116.37 39.8555
116.369 39.8554
116.369 39.8552
116.368 39.8552
116.368 39.8552
116.368 39.8552
116.367 39.8551
116.367 39.8552
116.367 39.8552
116.366 39.8551
116.366 39.8551
116.366 39.8551
116.365 39.855
116.365 39.855
116.365 39.8549
116.364 39.8549
116.364 39.8548
116.364 39.8548
116.363 39.8547
116.363 39.8546
116.362 39.8545
116.362 39.8544
116.362 39.8543
116.361 39.8543
116.36 39.854
116.359 39.8538
116.358 39.8535
116.357 39.8532
116.356 39.853
116.355 39.8527
116.354 39.8524
116.353 39.8521
116.352 39.8518
116.352 39.8518
116.351 39.8517
116.351 39.8516
116.351 39.8515
116.35 39.8514
116.35 39.8513
116.35 39.8512
116.349 39.8511
116.349 39.8509
116.349 39.8509
116.348 39.8508
116.348 39.8507
116.348 39.8506
116.347 39.8505
116.347 39.8504
116.347 39.8504
116.346 39.8503
116.346 39.8502
116.346 39.8502
116.346 39.8501
116.345 39.8501
116.345 39.85
116.345 39.8499
116.345 39.8499
116.344 39.8498
116.344 39.8497
116.344 39.8496
116.344 39.8496
116.343 39.8495
116.343 39.8495
116.343 39.8494
116.343 39.8494
116.342 39.8494
116.342 39.8495
116.342 39.8496
116.342 39.8497
116.341 39.8499
116.341 39.85
116.341 39.8502
116.341 39.8504
116.341 39.8506
116.341 39.8507
116.341 39.8509
116.341 39.851
116.341 39.8512
116.341 39.8514
116.341 39.8517
116.341 39.8519
116.341 39.8521
116.341 39.8524
116.341 39.8526
116.341 39.8529
116.341 39.8532
116.341 39.8535
116.341 39.8537
116.341 39.854
116.341 39.8542
116.341 39.8544
116.341 39.8546
116.341 39.8549
116.341 39.8551
116.341 39.8554
116.341 39.8556
116.341 39.8559
116.341 39.8562
116.341 39.8565
116.341 39.8568
116.341 39.8571
116.341 39.8573
116.341 39.8577
116.342 39.8585
116.342 39.8593
116.342 39.8596
116.342 39.8603
116.342 39.8612
116.342 39.862
116.342 39.8622
116.342 39.8625
116.342 39.8628
116.342 39.8631
116.342 39.8639
116.342 39.8648
116.342 39.8654
116.342 39.8657
116.342 39.8659
116.342 39.8662
116.342 39.8665
116.343 39.8667
116.343 39.867
116.343 39.8672
116.343 39.8674
116.343 39.8676
116.343 39.8679
116.343 39.8681
116.343 39.8684
116.343 39.8687
116.343 39.869
116.343 39.8692
116.343 39.8695
116.343 39.8697
116.343 39.8699
116.343 39.8702
116.343 39.8704
116.343 39.8707
116.343 39.8709
116.343 39.8712
116.343 39.8715
116.343 39.8718
116.343 39.872
116.343 39.8723
116.343 39.8726
116.343 39.8728
116.343 39.8731
116.343 39.8733
116.343 39.8735
116.343 39.8737
116.343 39.874
116.343 39.8742
116.343 39.8745
116.343 39.8747
116.343 39.875
116.343 39.8753
116.343 39.8756
116.343 39.8759
116.343 39.8762
116.343 39.8765
116.343 39.8773
116.343 39.8781
116.343 39.8789
116.343 39.8797
116.343 39.88
116.343 39.8803
116.343 39.8805
116.343 39.8808
116.342 39.8811
116.342 39.8814
116.342 39.8817
116.343 39.882
116.343 39.8823
116.343 39.8826
116.343 39.8829
116.343 39.8832
116.343 39.8835
116.343 39.8838
116.343 39.884
116.343 39.8843
116.343 39.8845
116.343 39.8848
116.343 39.885
116.343 39.8853
116.343 39.8856
116.343 39.8858
116.343 39.8861
116.343 39.8864
116.343 39.8866
116.343 39.8868
116.343 39.887
116.343 39.8872
116.343 39.8875
116.343 39.8877
116.343 39.8879
116.343 39.8881
116.343 39.8883
116.343 39.8884
116.343 39.8886
116.343 39.8888
116.343 39.8889
116.343 39.8891
116.343 39.8893
116.343 39.8896
116.343 39.8898
116.343 39.89
116.343 39.8902
116.343 39.8904
116.343 39.8907
116.343 39.8909
116.343 39.8911
116.343 39.8913
116.343 39.8916
116.343 39.8918
116.343 39.892
116.343 39.8922
116.343 39.8925
116.343 39.8927
116.343 39.8929
116.343 39.8932
116.343 39.8934
116.343 39.8937
116.343 39.8939
116.343 39.8942
116.343 39.8944
116.343 39.8946
116.343 39.8949
116.343 39.8951
116.343 39.8953
116.343 39.8955
116.343 39.8957
116.343 39.8959
116.343 39.8961
116.343 39.8962
116.344 39.8964
116.344 39.8965
116.344 39.8966
116.345 39.8967
116.345 39.8968
116.345 39.8968
116.346 39.8968
116.346 39.8969
116.346 39.8969
116.347 39.8969
116.347 39.8969
116.348 39.897
116.348 39.897
116.348 39.897
116.349 39.8971
116.349 39.8971
116.349 39.8972
116.349 39.8973
116.35 39.8975
116.35 39.8976
116.35 39.8978
116.35 39.898
116.35 39.8982
116.351 39.8985
116.351 39.8987
116.351 39.8989
116.351 39.8991
116.351 39.8994
116.351 39.8996
116.351 39.8999
116.351 39.9001
116.351 39.9004
116.351 39.9007
116.351 39.9009
116.351 39.9012
116.351 39.9014
116.351 39.9017
116.351 39.9019
116.351 39.9022
116.351 39.9024
116.351 39.9027
116.351 39.9029
116.351 39.9031
116.35 39.9034
116.35 39.9036
116.35 39.9038
116.35 39.9041
116.35 39.9043
116.35 39.9046
116.35 39.9048
116.35 39.905
116.35 39.9053
116.35 39.9055
116.35 39.9057
116.35 39.9059
116.35 39.9062
116.35 39.9064
116.35 39.9066
116.35 39.9069
116.35 39.9071
116.35 39.9073
116.35 39.9075
116.35 39.9077
116.35 39.9079
116.35 39.9082
116.35 39.9084
116.35 39.9086
116.35 39.9089
116.35 39.9091
116.35 39.9094
116.35 39.9097
116.351 39.9099
116.351 39.9102
116.351 39.9105
116.351 39.9108
116.351 39.9111
116.351 39.9113
116.351 39.9116
116.351 39.9119
116.351 39.9121
116.351 39.9124
116.351 39.9127
116.351 39.913
116.35 39.9133
116.35 39.9136
116.35 39.9138
116.35 39.9141
116.35 39.9144
116.35 39.9147
116.35 39.9149
116.35 39.9152
116.35 39.9155
116.35 39.9158
116.35 39.9166
116.35 39.9174
116.35 39.9182
116.35 39.919
116.35 39.9198
116.35 39.9201
116.35 39.9204
116.35 39.9207
116.35 39.921
116.35 39.9218
116.35 39.9225
116.35 39.9228
116.35 39.9231
116.35 39.9233
116.35 39.9236
116.35 39.9239
116.35 39.9241
116.35 39.9244
116.35 39.9247
116.35 39.9249
116.35 39.9252
116.35 39.9255
116.35 39.9257
116.35 39.926
116.35 39.9262
116.35 39.9265
116.35 39.9267
116.35 39.927
116.35 39.9273
116.35 39.9275
116.35 39.9278
116.35 39.9281
116.35 39.9284
116.35 39.9293
116.35 39.9302
116.35 39.9312
116.35 39.9321
116.35 39.933
116.349 39.9339
116.349 39.9347
116.349 39.9355
116.349 39.9357
116.349 39.9359
116.349 39.9362
116.349 39.9364
116.349 39.9366
116.349 39.9369
116.349 39.9371
116.349 39.9374
116.349 39.9376
116.349 39.9379
116.349 39.9381
116.349 39.9384
116.349 39.9387
116.349 39.9389
116.349 39.9392
116.349 39.9395
116.349 39.9398
116.349 39.9401
116.349 39.9404
116.349 39.9407
116.349 39.9409
116.349 39.9411
116.35 39.9414
116.35 39.9416
116.35 39.9418
116.35 39.942
116.35 39.9422
116.35 39.9424
116.351 39.9426
116.351 39.9427
116.351 39.9428
116.351 39.9429
116.352 39.943
116.352 39.9431
116.353 39.9432
116.353 39.9433
116.353 39.9434
116.354 39.9435
116.354 39.9436
116.354 39.9437
116.355 39.9438
116.355 39.9438
116.355 39.9439
116.356 39.944
116.356 39.9441
116.356 39.9442
116.357 39.9443
116.357 39.9444
116.357 39.9445
116.358 39.9448
116.359 39.9449
116.359 39.945
116.359 39.9451
116.36 39.9452
116.36 39.9454
116.36 39.9455
116.361 39.9456
116.361 39.9457
116.361 39.9458
116.362 39.946
116.362 39.9461
116.362 39.9462
116.362 39.9463
116.363 39.9464
116.363 39.9465
116.363 39.9466
116.364 39.9466
116.364 39.9467
116.364 39.9468
116.364 39.9469
116.365 39.947
116.365 39.947
116.365 39.9471
116.366 39.9471
116.366 39.9471
116.366 39.9472
116.367 39.9472
116.367 39.9472
116.368 39.9473
116.369 39.9473
116.369 39.9473
116.369 39.9473
116.37 39.9473
116.37 39.9473
116.37 39.9473
116.371 39.9474
116.371 39.9474
116.371 39.9475
116.371 39.9476
116.372 39.9478
116.372 39.9481
116.372 39.9484
116.372 39.9488
116.372 39.9491
116.373 39.9495
116.373 39.9498
116.373 39.9502
116.373 39.9505
116.373 39.9509
116.373 39.9511
116.373 39.9514
116.373 39.9517
116.373 39.9519
116.373 39.9522
116.373 39.9525
116.373 39.9528
116.373 39.953
116.373 39.9533
116.373 39.9536
116.373 39.9539
116.373 39.9546
116.373 39.955
116.373 39.9557
116.373 39.9565
116.373 39.9574
116.373 39.9582
116.373 39.959
116.373 39.9593
116.373 39.9596
116.373 39.9599
116.373 39.9601
116.373 39.9604
116.373 39.9607
116.373 39.9609
116.373 39.9612
116.373 39.9615
116.374 39.9618
116.374 39.9621
116.374 39.9624
116.374 39.9627
116.374 39.9634
116.374 39.9642
116.374 39.9644
116.374 39.9647
116.374 39.965
116.374 39.9653
116.374 39.9656
116.374 39.9659
116.374 39.9663
116.374 39.967
116.374 39.9673
116.374 39.9676
116.374 39.9678
116.374 39.9681
116.374 39.9683
116.374 39.9686
116.374 39.9688
116.374 39.9691
116.374 39.9694
116.375 39.9697
116.375 39.97
116.375 39.9702
116.375 39.9705
116.375 39.9708
116.375 39.9711
116.375 39.9714
116.375 39.9716
116.375 39.9719
116.375 39.9722
116.375 39.9725
116.375 39.9728
116.375 39.9736
116.375 39.9744
116.375 39.9752
116.375 39.9754
116.375 39.9757
116.375 39.9759
116.375 39.9762
116.375 39.9764
116.375 39.9767
116.375 39.977
116.375 39.9773
116.375 39.9776
116.375 39.9778
116.375 39.9781
116.375 39.9784
116.374 39.9787
116.374 39.979
116.374 39.9797
116.374 39.9805
116.374 39.9812
116.374 39.9814
116.374 39.9816
116.374 39.9819
116.374 39.9821
116.373 39.9824
116.373 39.9826
116.373 39.9829
116.373 39.9831
116.373 39.9833
116.373 39.9835
116.373 39.9838
116.373 39.984
116.373 39.9843
116.373 39.9845
116.373 39.9847
116.373 39.985
116.373 39.9852
116.373 39.9854
116.373 39.9855
116.374 39.9857
116.374 39.9858
116.374 39.9859
116.374 39.986
116.375 39.9861
116.375 39.9861
116.375 39.9862
116.376 39.9862
116.376 39.9862
116.376 39.9862
116.377 39.9862
116.377 39.9862
116.377 39.9863
116.378 39.9863
116.378 39.9863
116.378 39.9864
116.379 39.9864
116.379 39.9864
116.379 39.9864
116.38 39.9864
116.38 39.9864
116.381 39.9864
116.381 39.9864
116.381 39.9864
116.382 39.9864
116.382 39.9864
116.383 39.9864
116.383 39.9865
116.383 39.9865
116.384 39.9865
116.385 39.9865
116.386 39.9865
116.386 39.9865
116.387 39.9866
116.388 39.9866
116.389 39.9867
116.39 39.9867
116.391 39.9867
116.392 39.9867
116.394 39.9868
116.395 39.9868
116.396 39.9868
116.397 39.9868
116.398 39.9869
116.399 39.9869
116.4 39.987
116.401 39.987
116.402 39.987
116.402 39.987
116.403 39.987
116.403 39.987
116.404 39.987
116.404 39.987
116.404 39.987
116.404 39.987
116.405 39.987
116.405 39.987
116.405 39.9871
116.406 39.9871
116.406 39.9871
116.406 39.9871
116.406 39.9871
116.407 39.987
116.407 39.987
116.407 39.987
116.407 39.987
116.407 39.987
116.408 39.987
116.408 39.987
116.408 39.9871
116.408 39.9871
116.409 39.9871
116.409 39.9871
116.409 39.9871
116.409 39.9871
116.409 39.9871
116.41 39.9871
116.41 39.9871
116.41 39.9871
116.41 39.9871
116.41 39.9871
116.411 39.9871
116.411 39.9871
116.411 39.9871
116.411 39.9871
116.412 39.9871
116.412 39.9871
116.412 39.9871
116.412 39.9871
116.412 39.9872
116.413 39.9872
116.413 39.9872
116.413 39.9872
116.414 39.9872
116.414 39.9872
116.414 39.9872
116.415 39.9872
116.415 39.9873
116.415 39.9873
116.416 39.9873
116.416 39.9873
116.416 39.9873
116.416 39.9873
116.417 39.9873
116.417 39.9873
116.417 39.9873
116.417 39.9873
116.417 39.9873
116.417 39.9873
116.417 39.9873
116.417 39.9873
116.417 39.9873
116.417 39.9873
116.417 39.9873
116.417 39.9873
116.417 39.9873
116.417 39.9873
116.418 39.9873
116.418 39.9874
116.418 39.9874
116.418 39.9874
116.418 39.9874
116.418 39.9874
116.418 39.9873
116.418 39.9873
116.417 39.9873
116.417 39.9873
116.418 39.9873
116.418 39.9874
116.418 39.9876
116.418 39.9877
116.418 39.9879
116.418 39.988
116.418 39.9882
116.418 39.9884
116.418 39.9886
116.418 39.9887
116.418 39.9889
116.418 39.9891
116.418 39.9892
116.418 39.9894
116.418 39.9896
116.418 39.9897
116.418 39.9898
116.418 39.9898
116.418 39.9898
116.418 39.9898
116.418 39.9898
116.418 39.9899
116.418 39.9899
116.418 39.9899
116.417 39.9898
116.417 39.9898
116.417 39.9898
116.417 39.9898
116.417 39.9899
116.417 39.9901
116.417 39.9901
116.417 39.9902
116.417 39.9902
116.417 39.9901
116.417 39.9901
116.417 39.99
116.418 39.9899
116.418 39.9898
116.418 39.9898
116.418 39.9897
116.418 39.9897
116.418 39.9897
116.418 39.9897
116.418 39.9897
116.418 39.9897
116.418 39.9897
116.418 39.9897
116.418 39.9897
116.418 39.9897
116.418 39.9897
116.418 39.9897
116.418 39.9897
116.418 39.9897
116.418 39.9897
116.418 39.9897
116.418 39.9897
116.418 39.9897
116.418 39.9897
116.418 39.9896
116.418 39.9896
116.418 39.9896
116.418 39.9895
116.418 39.9895
116.418 39.9895
116.418 39.9894
116.418 39.9894
116.418 39.9894
116.418 39.9894
116.418 39.9895
116.418 39.9895
116.418 39.9895
116.418 39.9895
