116.327 39.9779
116.327 39.9781
116.327 39.9784
116.327 39.9787
116.327 39.979
116.327 39.9794
116.327 39.9796
116.327 39.9799
116.327 39.9803
116.327 39.9806
116.327 39.981
116.327 39.9813
116.327 39.9815
116.327 39.9818
116.327 39.9821
116.327 39.9824
116.327 39.9826
116.327 39.9829
116.327 39.9832
116.327 39.9834
116.327 39.9836
116.327 39.9839
116.327 39.9841
116.327 39.9842
116.327 39.9842
116.327 39.9843
116.327 39.9844
116.327 39.9844
116.327 39.9844
116.327 39.9844
116.327 39.9844
116.327 39.9845
116.327 39.9845
116.327 39.9845
116.327 39.9845
116.327 39.9845
116.327 39.9845
116.327 39.9846
116.327 39.9846
116.327 39.9847
116.327 39.9848
116.327 39.9849
116.327 39.985
116.327 39.985
116.326 39.9849
116.326 39.9849
116.326 39.9849
116.325 39.9849
116.325 39.9849
116.325 39.9849
116.324 39.9848
116.324 39.9848
116.323 39.9848
116.323 39.9848
116.323 39.9848
116.322 39.9848
116.322 39.9848
116.322 39.9848
116.322 39.9847
116.321 39.9847
116.321 39.9847
116.321 39.9847
116.321 39.9847
116.321 39.9847
116.32 39.9847
116.32 39.9847
116.32 39.9847
116.319 39.9847
116.319 39.9847
116.318 39.9847
116.318 39.9847
116.317 39.9846
116.317 39.9846
116.316 39.9846
116.316 39.9846
116.315 39.9846
116.315 39.9846
116.315 39.9846
116.315 39.9846
116.314 39.9846
116.314 39.9846
116.314 39.9846
116.314 39.9846
116.314 39.9846
116.314 39.9846
116.314 39.9846
116.314 39.9846
116.314 39.9845
116.314 39.9845
116.314 39.9845
116.313 39.9845
116.313 39.9845
116.313 39.9845
116.312 39.9845
116.312 39.9845
116.312 39.9845
116.312 39.9845
116.311 39.9845
116.311 39.9845
116.311 39.9845
116.311 39.9845
116.311 39.9845
116.311 39.9845
116.311 39.9845
116.311 39.9845
116.31 39.9845
116.31 39.9844
116.31 39.9844
116.31 39.9844
116.31 39.9844
116.309 39.9844
116.309 39.9844
116.308 39.9844
116.308 39.9844
116.307 39.9844
116.307 39.9843
116.307 39.9843
116.306 39.9843
116.306 39.9843
116.305 39.9843
116.305 39.9843
116.305 39.9842
116.304 39.9842
116.304 39.9842
116.304 39.9842
116.303 39.9842
116.303 39.9841
116.302 39.9841
116.302 39.9841
116.301 39.9841
116.301 39.9841
116.3 39.984
116.299 39.984
116.299 39.984
116.298 39.984
116.298 39.984
116.297 39.9839
116.297 39.9839
116.296 39.9839
116.296 39.9839
116.295 39.9839
116.295 39.9838
116.294 39.9838
116.294 39.9838
116.293 39.9837
116.293 39.9836
116.292 39.9835
116.291 39.9834
116.291 39.9833
116.29 39.9831
116.29 39.9829
116.289 39.9827
116.289 39.9825
116.288 39.9822
116.288 39.982
116.287 39.9817
116.287 39.9814
116.287 39.9811
116.286 39.9808
116.286 39.9805
116.286 39.9802
116.285 39.9798
116.285 39.9795
116.285 39.9792
116.284 39.9788
116.284 39.9785
116.284 39.9782
116.283 39.9779
116.283 39.9776
116.283 39.9773
116.282 39.977
116.282 39.9767
116.282 39.9764
116.281 39.976
116.281 39.9757
116.281 39.9754
116.28 39.9751
116.28 39.9747
116.279 39.9745
116.279 39.9742
116.279 39.9739
116.278 39.9737
116.278 39.9734
116.277 39.9732
116.277 39.9729
116.277 39.9727
116.276 39.9725
116.276 39.9723
116.275 39.9721
116.275 39.9719
116.274 39.9717
116.274 39.9715
116.273 39.9713
116.273 39.9711
116.273 39.9708
116.272 39.9706
116.272 39.9704
116.271 39.9701
116.271 39.9699
116.27 39.9696
116.27 39.9693
116.27 39.969
116.269 39.9687
116.269 39.9683
116.269 39.9679
116.269 39.9676
116.269 39.9672
116.269 39.9668
116.268 39.9664
116.268 39.9659
116.268 39.9655
116.268 39.9651
116.268 39.9647
116.268 39.9643
116.269 39.9638
116.269 39.9634
116.269 39.963
116.269 39.9626
116.269 39.9622
116.269 39.9618
116.269 39.9613
116.269 39.9609
116.269 39.9606
116.269 39.9602
116.269 39.9598
116.269 39.9595
116.269 39.9591
116.269 39.9588
116.269 39.9585
116.269 39.9582
116.269 39.9579
116.269 39.9576
116.269 39.9573
116.269 39.957
116.269 39.9568
116.269 39.9565
116.269 39.9563
116.269 39.956
116.269 39.9558
116.269 39.9555
116.269 39.9552
116.269 39.9549
116.269 39.9546
116.269 39.9543
116.269 39.954
116.269 39.9537
116.269 39.9534
116.269 39.9531
116.269 39.9528
116.269 39.9525
116.269 39.9522
116.269 39.9519
116.269 39.9516
116.269 39.9514
116.269 39.9511
116.269 39.9508
116.269 39.9505
116.269 39.9503
116.269 39.95
116.269 39.9498
116.269 39.9496
116.269 39.9495
116.269 39.9494
116.269 39.9494
116.268 39.9494
116.268 39.9495
116.268 39.9495
116.268 39.9494
116.268 39.9494
116.268 39.9494
116.268 39.9494
116.267 39.9494
116.267 39.9494
116.267 39.9494
116.267 39.9494
116.267 39.9494
116.266 39.9494
116.266 39.9494
116.266 39.9494
116.266 39.9494
116.266 39.9494
116.266 39.9494
116.266 39.9494
116.266 39.9494
116.266 39.9494
116.266 39.9494
116.266 39.9494
116.266 39.9494
116.266 39.9494
116.266 39.9493
116.266 39.9493
116.266 39.9493
116.266 39.9492
116.266 39.9492
116.266 39.9492
116.266 39.9491
116.266 39.9491
116.266 39.9491
116.266 39.949
116.266 39.949
116.266 39.949
116.266 39.9489
116.266 39.9489
116.266 39.9489
116.266 39.9489
116.266 39.9488
116.266 39.9488
116.266 39.9488
116.266 39.9488
116.266 39.9487
116.266 39.9487
116.266 39.9487
116.266 39.9487
116.266 39.9487
116.266 39.9487
116.266 39.9487
116.266 39.9486
116.266 39.9486
116.266 39.9486
116.266 39.9486
116.266 39.9485
116.266 39.9485
116.266 39.9485
116.266 39.9485
116.266 39.9485
116.266 39.9484
116.266 39.9484
116.266 39.9484
116.266 39.9484
116.266 39.9484
116.266 39.9483
116.266 39.9483
116.266 39.9483
116.266 39.9483
116.266 39.9483
116.266 39.9482
116.266 39.9482
116.266 39.9482
116.266 39.9482
116.266 39.9481
116.266 39.9481
116.266 39.9481
116.266 39.9481
116.266 39.9481
116.266 39.948
116.266 39.948
116.266 39.948
116.266 39.948
116.266 39.948
116.266 39.948
116.266 39.948
116.266 39.9481
116.266 39.9482
116.266 39.9482
116.266 39.9483
116.266 39.9484
116.266 39.9484
116.266 39.9485
116.266 39.9485
116.266 39.9485
