116.46 39.9583
116.46 39.9583
116.46 39.9583
116.46 39.9583
116.46 39.9583
116.46 39.9583
116.46 39.9583
116.46 39.9583
116.46 39.9583
116.46 39.9583
116.46 39.9583
116.46 39.9583
116.46 39.9583
116.46 39.9582
116.46 39.9583
116.46 39.9578
116.46 39.9578
116.46 39.9579
116.46 39.9579
116.459 39.9579
116.454 39.9566
116.454 39.955
116.454 39.9549
116.453 39.955
116.453 39.955
116.453 39.9551
116.453 39.9551
116.453 39.9552
116.453 39.9552
116.453 39.9552
116.453 39.9552
116.453 39.9552
116.453 39.9553
116.453 39.9553
116.453 39.9553
116.453 39.9554
116.453 39.9553
116.454 39.9553
116.454 39.9553
116.454 39.9553
116.454 39.9553
116.454 39.9554
116.454 39.9554
116.454 39.9554
116.454 39.9554
116.454 39.9554
116.454 39.9554
116.454 39.9555
116.454 39.9555
116.454 39.9555
116.454 39.9555
116.454 39.9555
116.454 39.9556
116.454 39.9556
116.454 39.9556
116.454 39.9556
116.454 39.9557
116.454 39.9557
116.454 39.9557
116.454 39.9557
116.454 39.9556
116.454 39.9556
116.454 39.9556
116.454 39.9555
116.454 39.9555
116.454 39.9555
116.454 39.9556
116.454 39.9557
116.454 39.9558
116.454 39.9559
116.454 39.956
116.454 39.956
116.454 39.956
116.454 39.9561
116.454 39.9561
116.454 39.9561
116.454 39.9561
116.454 39.9561
116.454 39.9561
116.454 39.9562
116.454 39.9562
116.454 39.9564
116.454 39.9564
116.454 39.9564
116.454 39.9564
116.454 39.9564
116.454 39.9564
116.454 39.9564
116.454 39.9564
116.454 39.9564
116.454 39.9564
116.454 39.9564
116.454 39.9564
116.454 39.9565
116.454 39.9565
116.454 39.9565
116.454 39.9566
116.454 39.9566
116.454 39.9567
116.454 39.9567
116.454 39.9567
116.454 39.9567
116.454 39.9567
116.454 39.9567
116.454 39.9568
116.454 39.9568
116.454 39.9568
116.454 39.9567
116.454 39.9567
116.454 39.9568
116.454 39.9568
116.454 39.9568
116.454 39.9569
116.454 39.9569
116.454 39.9569
116.454 39.9569
116.454 39.957
116.454 39.957
116.454 39.957
116.454 39.957
116.454 39.957
116.454 39.957
116.454 39.957
116.454 39.9569
116.454 39.9569
116.454 39.9567
116.454 39.9566
116.454 39.9564
116.454 39.9563
116.454 39.9563
116.454 39.9562
116.454 39.9562
116.454 39.9562
116.454 39.9562
116.454 39.9562
116.454 39.9563
116.454 39.9563
116.454 39.9563
116.454 39.9563
116.454 39.9563
116.454 39.9563
116.454 39.9563
116.454 39.9563
116.454 39.9563
116.454 39.9563
116.454 39.9563
116.454 39.9563
116.454 39.9563
116.454 39.9563
116.454 39.9563
116.454 39.9563
116.454 39.9563
116.454 39.9563
116.454 39.9564
116.454 39.9564
116.454 39.9564
116.454 39.9564
116.454 39.9564
116.454 39.9564
116.454 39.9564
116.453 39.9565
116.453 39.9566
116.453 39.9566
116.453 39.9565
116.453 39.9565
116.453 39.9565
116.453 39.9564
116.453 39.9563
116.453 39.9562
116.453 39.9561
116.454 39.9561
116.454 39.956
116.454 39.956
116.454 39.9559
116.454 39.9559
116.454 39.9559
116.454 39.9558
116.453 39.9558
116.453 39.9558
116.453 39.9558
116.453 39.9558
116.453 39.9558
116.453 39.9558
116.453 39.9558
116.453 39.9558
116.453 39.9558
116.453 39.9558
116.453 39.9558
116.453 39.9558
116.453 39.9558
116.453 39.9558
116.453 39.9558
116.453 39.9558
116.453 39.9558
116.453 39.9558
116.453 39.9558
116.453 39.9558
116.453 39.9558
116.453 39.9558
116.453 39.9557
116.453 39.9557
116.453 39.9556
116.453 39.9556
116.453 39.9556
116.453 39.9556
116.453 39.9556
116.453 39.9556
116.453 39.9557
116.453 39.9557
116.453 39.9556
116.453 39.9556
116.453 39.9556
116.453 39.9557
116.453 39.9556
116.453 39.9556
116.453 39.9556
116.453 39.9556
116.453 39.9556
116.453 39.9556
116.453 39.9556
116.453 39.9556
116.453 39.9556
116.453 39.9556
116.453 39.9557
116.454 39.9557
116.454 39.9557
116.454 39.9557
116.454 39.9557
116.454 39.9557
116.454 39.9557
116.454 39.9556
116.454 39.9556
116.454 39.9556
116.454 39.9554
116.454 39.9552
116.454 39.955
116.454 39.9549
116.454 39.9548
116.454 39.9547
116.454 39.9547
116.454 39.9547
116.454 39.9547
116.454 39.9546
116.454 39.9546
116.454 39.9546
116.454 39.9546
116.454 39.9546
116.454 39.9546
116.454 39.9546
116.454 39.9546
116.454 39.9546
116.454 39.9546
116.454 39.9545
116.454 39.9545
116.454 39.9545
116.455 39.9545
116.455 39.9544
116.455 39.9544
116.455 39.9544
116.455 39.9544
116.455 39.9544
116.455 39.9544
116.455 39.9544
116.455 39.9544
116.455 39.9545
116.455 39.9545
116.455 39.9545
116.455 39.9545
116.455 39.9545
116.455 39.9545
116.455 39.9546
116.455 39.9546
116.455 39.9546
116.455 39.9546
116.455 39.9546
116.455 39.9546
116.455 39.9546
116.455 39.9546
116.455 39.9546
116.455 39.9546
116.455 39.9546
116.455 39.9546
116.455 39.9546
116.455 39.9546
116.455 39.9545
116.455 39.9545
116.455 39.9545
116.455 39.9544
116.455 39.9544
116.455 39.9544
116.455 39.9544
116.455 39.9543
116.455 39.9543
116.455 39.9543
116.455 39.9543
116.455 39.9543
116.455 39.9542
116.455 39.9542
116.455 39.9542
116.455 39.9542
116.455 39.9542
116.455 39.9543
116.455 39.9543
116.455 39.9543
116.456 39.9543
116.456 39.9543
116.456 39.9544
116.456 39.9544
116.456 39.9544
116.456 39.9544
116.456 39.9544
116.456 39.9544
116.456 39.9545
116.456 39.9545
116.456 39.9545
116.456 39.9545
116.456 39.9546
116.456 39.9546
116.456 39.9546
116.456 39.9547
116.456 39.9548
116.456 39.9548
116.456 39.9549
116.456 39.9549
116.456 39.955
116.456 39.955
116.456 39.955
116.456 39.955
116.456 39.955
116.456 39.955
116.456 39.9552
116.456 39.9553
116.455 39.9554
116.455 39.9555
116.455 39.9556
116.455 39.9557
116.455 39.9557
116.455 39.9557
116.456 39.9557
116.456 39.9557
116.456 39.9557
116.456 39.9558
116.456 39.9558
116.455 39.9558
116.455 39.9557
116.456 39.9556
116.456 39.9555
116.456 39.9555
116.456 39.9554
116.456 39.9554
116.456 39.9554
116.456 39.9554
116.456 39.9554
116.456 39.9554
116.456 39.9554
116.456 39.9554
116.456 39.9554
116.456 39.9554
116.456 39.9554
116.456 39.9554
116.456 39.9554
116.456 39.9554
116.456 39.9554
116.456 39.9554
116.456 39.9554
116.456 39.9555
116.456 39.9555
116.456 39.9555
116.456 39.9555
116.456 39.9555
116.456 39.9555
116.456 39.9555
116.456 39.9556
116.456 39.9556
116.456 39.9556
116.456 39.9556
116.456 39.9556
116.456 39.9556
116.456 39.9557
116.456 39.9557
116.456 39.9557
116.456 39.9557
116.456 39.9558
116.456 39.9558
116.456 39.9558
116.456 39.9558
116.456 39.9558
116.456 39.9559
116.456 39.9559
116.456 39.9559
116.456 39.9559
116.456 39.956
116.456 39.956
116.456 39.956
116.456 39.956
116.456 39.956
116.456 39.956
116.456 39.956
116.456 39.956
116.456 39.956
116.456 39.956
116.456 39.9561
116.456 39.9561
116.456 39.9562
116.456 39.9562
116.456 39.9562
116.456 39.9562
116.456 39.9562
116.456 39.9562
116.456 39.9562
116.456 39.9562
116.457 39.9563
116.457 39.9562
116.457 39.9562
116.457 39.9562
116.457 39.9562
116.457 39.9562
116.457 39.9562
116.457 39.9562
116.457 39.9563
116.457 39.9563
116.457 39.9563
116.457 39.9563
116.457 39.9563
116.457 39.9564
116.457 39.9564
116.457 39.9564
116.457 39.9564
116.457 39.9565
116.457 39.9565
116.457 39.9565
116.457 39.9565
116.457 39.9565
116.457 39.9566
116.457 39.9566
116.457 39.9566
116.457 39.9566
116.457 39.9566
116.457 39.9566
116.457 39.9567
116.457 39.9567
116.457 39.9567
116.457 39.9567
116.457 39.9568
116.457 39.9568
116.457 39.9568
116.457 39.9568
116.457 39.9569
116.457 39.9569
116.457 39.9569
116.457 39.9569
116.457 39.9569
116.457 39.9569
116.457 39.957
116.457 39.957
116.457 39.957
116.457 39.957
116.457 39.957
116.457 39.957
116.457 39.957
116.457 39.957
116.457 39.957
116.457 39.957
116.457 39.9571
116.457 39.9571
116.457 39.9571
116.457 39.9572
116.457 39.9572
116.457 39.9572
116.457 39.9572
116.457 39.9572
116.457 39.9572
116.457 39.9572
116.458 39.9571
116.458 39.9571
116.458 39.9571
116.458 39.9571
116.458 39.957
116.458 39.957
116.458 39.957
116.458 39.957
116.458 39.957
116.458 39.957
116.458 39.957
116.458 39.957
116.458 39.9571
116.458 39.9571
116.458 39.9571
116.458 39.9571
116.458 39.9571
116.458 39.9572
116.458 39.9571
116.458 39.9571
116.458 39.9572
116.458 39.9572
116.458 39.9572
116.458 39.9572
116.458 39.9572
116.458 39.9573
116.458 39.9574
116.458 39.9575
116.458 39.9576
116.458 39.9576
116.458 39.9576
116.458 39.9576
116.458 39.9575
116.458 39.9576
116.458 39.9575
116.458 39.9575
116.458 39.9575
116.458 39.9576
116.458 39.9575
116.458 39.9575
116.458 39.9576
116.458 39.9576
116.458 39.9577
116.458 39.9578
116.458 39.9579
116.458 39.958
116.458 39.958
116.458 39.958
116.458 39.958
116.458 39.958
116.458 39.958
116.458 39.9581
116.458 39.9582
116.458 39.9582
116.458 39.9583
116.458 39.9583
116.458 39.9583
116.458 39.9583
116.458 39.9583
116.458 39.9582
116.458 39.9582
116.458 39.9582
116.458 39.9582
116.458 39.9582
116.458 39.9582
116.458 39.9582
116.459 39.9582
116.458 39.9582
116.458 39.9582
116.459 39.9582
116.459 39.9582
116.459 39.9582
116.459 39.9582
116.459 39.9582
116.459 39.9582
116.459 39.9582
116.459 39.9582
116.459 39.9581
116.459 39.9581
116.459 39.9581
116.459 39.9581
116.459 39.9581
116.459 39.9581
116.459 39.958
116.459 39.958
116.459 39.958
116.459 39.958
116.459 39.958
116.459 39.9581
116.459 39.9581
116.459 39.9581
116.459 39.9581
116.459 39.9581
116.459 39.9581
116.459 39.9581
116.459 39.9581
116.459 39.9581
116.459 39.9581
116.459 39.9581
116.459 39.9581
116.459 39.9581
116.459 39.9582
116.459 39.9582
116.459 39.9582
116.459 39.9582
116.459 39.9582
116.459 39.9582
116.459 39.9583
116.459 39.9583
116.459 39.9583
116.459 39.9583
116.459 39.9584
116.459 39.9585
116.459 39.9585
116.459 39.9585
116.459 39.9585
116.459 39.9586
116.459 39.9586
116.459 39.9586
116.459 39.9587
116.459 39.9587
116.459 39.9587
116.46 39.9587
116.46 39.9587
116.46 39.9588
116.46 39.9588
116.46 39.9588
116.46 39.9588
116.46 39.9588
116.46 39.9588
116.46 39.9588
116.46 39.9588
116.46 39.9588
116.46 39.9588
116.46 39.9589
116.46 39.9589
116.46 39.9589
116.46 39.9589
116.46 39.9589
116.46 39.9589
116.46 39.9589
116.46 39.9588
116.46 39.9588
116.46 39.9588
116.46 39.9588
116.46 39.9588
116.46 39.9587
116.46 39.9587
116.46 39.9587
116.46 39.9587
116.46 39.9586
116.46 39.9586
116.46 39.9586
116.46 39.9585
116.46 39.9585
116.46 39.9584
116.46 39.9584
116.46 39.9584
116.46 39.9583
116.46 39.9583
116.46 39.9582
116.46 39.9582
116.46 39.9581
116.46 39.9581
116.46 39.9581
