116.348 39.9873
116.348 39.9873
116.348 39.9873
116.348 39.9873
116.348 39.9873
116.348 39.9873
116.348 39.9873
116.348 39.9873
116.348 39.9873
116.348 39.9873
116.348 39.9873
116.348 39.9873
116.348 39.9873
116.348 39.9873
116.348 39.9873
116.348 39.9873
116.348 39.9873
116.348 39.9873
116.348 39.9873
116.348 39.9873
116.348 39.9873
116.348 39.9873
116.348 39.9873
116.348 39.9874
116.348 39.9874
116.348 39.9874
116.348 39.9874
116.348 39.9874
116.348 39.9874
116.348 39.9874
116.348 39.9874
116.348 39.9875
116.348 39.9875
116.348 39.9875
116.347 39.9875
116.347 39.9875
116.347 39.9875
116.347 39.9876
116.347 39.9876
116.347 39.9877
116.347 39.9877
116.347 39.9877
116.347 39.9877
116.347 39.9878
116.347 39.9878
116.347 39.9878
116.347 39.9878
116.347 39.9879
116.347 39.9879
116.347 39.9879
116.347 39.9879
116.347 39.9879
116.347 39.988
116.347 39.988
116.347 39.988
116.347 39.988
116.347 39.988
116.347 39.988
116.347 39.988
116.347 39.988
116.347 39.988
116.347 39.9881
116.347 39.9881
116.347 39.9881
116.347 39.9882
116.347 39.9882
116.347 39.9882
116.347 39.9882
116.347 39.9882
116.347 39.9883
116.347 39.9883
116.347 39.9883
116.347 39.9884
116.347 39.9884
116.347 39.9885
116.347 39.9885
116.347 39.9885
116.347 39.9885
116.347 39.9886
116.347 39.9886
116.347 39.9886
116.347 39.9886
116.347 39.9887
116.347 39.9887
116.347 39.9887
116.347 39.9888
116.347 39.9888
116.347 39.9888
116.347 39.9889
116.347 39.9889
116.347 39.9889
116.347 39.989
116.347 39.989
116.347 39.989
116.347 39.9891
116.347 39.9891
116.347 39.9892
116.347 39.9892
116.347 39.9892
116.347 39.9892
116.347 39.9892
116.347 39.9892
116.347 39.9892
116.347 39.9892
116.347 39.9892
116.347 39.9892
116.347 39.9892
116.347 39.9892
116.347 39.9892
116.347 39.9893
116.347 39.9893
116.347 39.9893
116.347 39.9893
116.347 39.9893
116.347 39.9893
116.347 39.9893
116.347 39.9893
116.347 39.9894
116.347 39.9894
116.347 39.9895
116.347 39.9895
116.347 39.9896
116.347 39.9897
116.347 39.9899
116.347 39.9901
116.347 39.9902
116.347 39.9904
116.347 39.9906
116.347 39.9908
116.347 39.991
116.347 39.9912
116.347 39.9914
116.347 39.9915
116.347 39.9922
116.347 39.9922
116.345 39.9923
116.345 39.9923
116.345 39.9923
116.344 39.9922
116.344 39.9922
116.344 39.9922
116.344 39.9922
116.344 39.9922
116.343 39.9922
116.343 39.9922
116.343 39.9922
116.343 39.9921
116.342 39.9921
116.342 39.9921
116.342 39.9921
116.342 39.9921
116.341 39.9921
116.341 39.9921
116.341 39.992
116.341 39.992
116.34 39.992
116.34 39.992
116.34 39.9919
116.34 39.9919
116.339 39.9919
116.339 39.9919
116.339 39.9919
116.339 39.9919
116.338 39.9919
116.338 39.9919
116.338 39.992
116.338 39.992
116.338 39.9919
116.338 39.9919
116.338 39.9919
116.338 39.9918
116.338 39.9919
116.338 39.9918
116.338 39.9918
116.337 39.9918
116.337 39.9918
116.337 39.9918
116.337 39.9918
116.337 39.9918
116.337 39.9918
116.337 39.9918
116.337 39.9918
116.337 39.9918
116.337 39.9918
116.337 39.9918
116.337 39.9918
116.337 39.9917
116.336 39.9918
116.336 39.9918
116.336 39.9918
116.336 39.9917
116.336 39.9917
116.336 39.9917
116.336 39.9917
116.335 39.9917
116.335 39.9917
116.335 39.9917
116.335 39.9917
116.335 39.9917
116.335 39.9917
116.335 39.9917
116.335 39.9916
116.333 39.9916
116.333 39.9916
116.333 39.9916
116.333 39.9916
116.333 39.9916
116.332 39.9916
116.332 39.9916
116.332 39.9916
116.332 39.9916
116.332 39.9916
116.332 39.9916
116.332 39.9916
116.332 39.9915
116.331 39.9915
116.331 39.9915
116.331 39.9915
116.331 39.9915
116.331 39.9914
116.331 39.9914
116.331 39.9914
116.331 39.9914
116.33 39.9915
116.33 39.9915
116.33 39.9915
116.33 39.9915
116.329 39.9915
116.329 39.9915
116.329 39.9915
116.329 39.9915
116.329 39.9916
116.329 39.9915
116.329 39.9916
116.329 39.9916
116.329 39.9916
116.329 39.9916
116.329 39.9916
116.329 39.9916
116.329 39.9916
116.329 39.9915
116.329 39.9916
116.329 39.9916
116.329 39.9916
116.328 39.9916
116.328 39.9916
116.328 39.9915
116.328 39.9915
116.328 39.9914
116.328 39.9912
116.327 39.9912
116.327 39.9912
116.327 39.9912
116.327 39.9911
116.327 39.9911
116.327 39.9911
116.327 39.9911
116.327 39.9912
116.327 39.9913
116.327 39.9913
116.327 39.9913
116.327 39.9914
116.327 39.9913
116.327 39.9913
116.327 39.9913
116.327 39.9913
116.327 39.9913
116.327 39.9913
116.327 39.9913
116.327 39.9913
116.327 39.9913
116.327 39.9913
116.327 39.9914
116.326 39.9914
116.326 39.9915
116.326 39.9916
116.326 39.9916
116.325 39.9916
116.325 39.9916
116.325 39.9916
116.325 39.9916
116.324 39.9916
116.324 39.9915
116.324 39.9915
116.324 39.9914
116.323 39.9914
116.323 39.9914
116.323 39.9914
116.323 39.9914
116.322 39.9914
116.322 39.9914
116.322 39.9914
116.322 39.9914
116.322 39.9914
116.322 39.9914
116.322 39.9914
116.322 39.9914
116.322 39.9914
116.322 39.9914
116.322 39.9914
116.322 39.9913
116.321 39.9913
116.321 39.9913
116.321 39.9913
116.321 39.9913
116.32 39.9914
116.32 39.9914
116.32 39.9914
116.32 39.9914
116.319 39.9915
116.319 39.9915
116.319 39.9914
116.319 39.9914
116.318 39.9915
116.318 39.9915
116.318 39.9915
116.318 39.9915
116.318 39.9915
116.317 39.9916
116.317 39.9916
116.317 39.9916
116.317 39.9916
116.317 39.9916
116.317 39.9916
116.317 39.9916
116.317 39.9916
116.317 39.9915
116.317 39.9914
116.317 39.9914
116.317 39.9913
116.316 39.9913
116.316 39.9913
116.316 39.9912
116.316 39.9912
116.316 39.9911
116.315 39.9911
116.315 39.9911
116.315 39.9911
116.315 39.9911
116.314 39.991
116.314 39.991
116.314 39.991
116.313 39.991
116.313 39.991
116.313 39.991
116.313 39.991
116.312 39.991
116.312 39.991
116.312 39.991
116.311 39.991
116.311 39.991
116.311 39.991
116.311 39.991
116.31 39.991
116.31 39.991
116.31 39.991
116.31 39.991
116.31 39.991
116.31 39.9911
116.31 39.9913
116.31 39.9914
116.31 39.9915
116.31 39.9917
116.31 39.9919
116.31 39.9921
116.31 39.9922
116.31 39.9924
116.31 39.9926
116.31 39.9928
116.31 39.993
116.31 39.9932
116.309 39.9934
116.309 39.9936
116.309 39.9938
116.309 39.994
116.309 39.9941
116.309 39.9942
116.309 39.9943
116.309 39.9944
116.309 39.9946
116.309 39.9945
116.309 39.9946
116.309 39.9946
116.309 39.9946
116.309 39.9946
116.309 39.9946
116.31 39.9946
116.31 39.9945
116.31 39.9945
116.31 39.9945
116.309 39.9945
116.309 39.9945
116.309 39.9945
116.309 39.9945
116.309 39.9945
116.309 39.9945
116.309 39.9945
116.309 39.9945
116.309 39.9945
116.309 39.9945
116.309 39.9945
116.309 39.9945
116.309 39.9944
116.309 39.9944
116.309 39.9944
116.309 39.9944
116.309 39.9944
116.309 39.9943
116.309 39.9943
116.309 39.9943
116.309 39.9942
116.309 39.9942
116.309 39.9942
116.309 39.9942
116.309 39.9941
116.309 39.9941
116.309 39.994
116.309 39.9939
116.309 39.9939
116.309 39.9939
116.309 39.9939
116.309 39.9938
116.309 39.9938
116.309 39.9938
116.309 39.9938
116.309 39.9937
116.309 39.9937
116.309 39.9937
116.309 39.9937
116.309 39.9936
116.309 39.9936
116.309 39.9936
116.309 39.9935
116.309 39.9935
116.309 39.9934
116.309 39.9934
116.309 39.9934
116.309 39.9934
116.309 39.9933
116.309 39.9933
116.309 39.9933
116.309 39.9932
116.309 39.9932
116.309 39.9932
116.309 39.9931
116.309 39.9931
116.309 39.9931
116.309 39.9931
116.309 39.993
116.309 39.993
116.309 39.993
116.309 39.993
116.309 39.993
116.309 39.9929
116.309 39.9929
116.309 39.9929
116.309 39.9929
116.309 39.9928
116.309 39.9928
116.309 39.9928
116.309 39.9928
116.309 39.9928
116.309 39.9927
116.309 39.9927
116.309 39.9927
116.309 39.9927
116.309 39.9927
116.309 39.9926
116.309 39.9926
116.309 39.9926
116.309 39.9926
116.309 39.9925
116.309 39.9925
116.309 39.9925
116.309 39.9924
116.309 39.9924
116.309 39.9924
116.309 39.9924
116.309 39.9923
116.309 39.9923
116.309 39.9923
116.309 39.9922
116.309 39.9922
116.309 39.9921
116.309 39.9921
116.309 39.992
116.309 39.992
116.309 39.992
116.309 39.992
116.309 39.9919
116.309 39.9918
116.309 39.9918
116.309 39.9918
116.309 39.9918
116.309 39.9918
116.309 39.9917
116.309 39.9917
116.309 39.9917
116.309 39.9917
116.309 39.9917
116.309 39.9917
116.309 39.9918
116.309 39.9918
116.309 39.9918
116.309 39.9918
116.309 39.9918
116.308 39.9918
116.308 39.9918
116.308 39.9918
116.308 39.9918
116.308 39.9918
116.308 39.9918
116.308 39.9918
116.308 39.9918
116.308 39.9918
116.308 39.9918
116.308 39.9918
116.308 39.9918
116.308 39.9918
116.308 39.9918
116.308 39.9918
116.308 39.9918
116.308 39.9918
116.308 39.9918
116.308 39.9918
116.308 39.9918
116.308 39.9918
116.308 39.9918
116.308 39.9918
116.307 39.9918
116.307 39.9918
116.307 39.9918
116.307 39.9918
116.307 39.9918
116.307 39.9918
116.307 39.9918
116.307 39.9918
116.307 39.9918
116.307 39.9918
116.307 39.9918
116.307 39.9918
116.307 39.9918
116.307 39.9918
116.307 39.9918
116.307 39.9918
116.307 39.9917
116.307 39.9917
116.307 39.9917
116.307 39.9917
116.307 39.9917
116.307 39.9917
116.307 39.9917
116.307 39.9917
116.307 39.9917
116.307 39.9917
116.307 39.9917
116.307 39.9917
116.307 39.9917
116.307 39.9917
116.307 39.9917
116.306 39.9917
116.306 39.9917
116.306 39.9917
116.306 39.9917
116.306 39.9918
116.306 39.9917
116.306 39.9917
116.306 39.9916
116.306 39.9915
116.306 39.9916
116.306 39.9916
116.306 39.9917
116.307 39.9918
116.307 39.9918
116.307 39.9918
116.307 39.9918
116.307 39.9917
116.307 39.9916
116.307 39.9916
116.307 39.9915
116.307 39.9914
116.307 39.9913
116.307 39.9913
116.307 39.9913
116.307 39.9913
116.307 39.9913
116.306 39.9913
116.306 39.9913
116.306 39.9913
116.306 39.9912
116.306 39.9912
116.306 39.9911
116.306 39.9911
116.306 39.9911
116.306 39.991
116.306 39.991
116.306 39.9909
116.306 39.9909
116.306 39.9909
116.306 39.9909
116.306 39.9908
116.306 39.9908
116.306 39.9908
116.306 39.9908
116.306 39.9908
116.306 39.9908
116.306 39.9908
116.306 39.9908
116.306 39.9908
116.306 39.9908
116.306 39.9908
116.306 39.9908
116.306 39.9909
116.306 39.9909
116.306 39.9909
116.306 39.9909
116.306 39.9908
116.306 39.9908
116.306 39.9908
116.306 39.9908
116.306 39.9908
116.306 39.9907
116.305 39.9907
116.305 39.9907
116.305 39.9907
116.305 39.9906
116.305 39.9906
116.305 39.9906
116.305 39.9905
116.305 39.9905
116.305 39.9904
116.305 39.9904
116.305 39.9904
116.305 39.9903
116.305 39.9903
116.305 39.9903
116.305 39.9902
116.305 39.9902
116.305 39.9903
116.305 39.9902
116.305 39.9902
116.305 39.9901
116.305 39.99
116.305 39.99
116.305 39.99
116.305 39.9899
116.305 39.9899
116.305 39.9899
116.305 39.9898
116.305 39.9898
116.305 39.9898
116.305 39.9898
116.305 39.9897
116.305 39.9897
116.305 39.9897
116.305 39.9897
116.305 39.9896
116.305 39.9897
116.305 39.9896
116.305 39.9896
116.305 39.9896
116.305 39.9896
116.305 39.9895
116.305 39.9895
116.305 39.9895
116.305 39.9895
116.305 39.9895
116.305 39.9895
116.305 39.9895
116.305 39.9895
116.305 39.9895
116.305 39.9895
116.305 39.9895
116.305 39.9895
116.305 39.9895
116.305 39.9894
116.305 39.9894
116.305 39.9893
116.305 39.9893
116.305 39.9892
116.305 39.9892
116.305 39.9891
116.305 39.9891
116.305 39.989
116.305 39.989
116.305 39.989
116.305 39.9889
116.305 39.9889
116.305 39.9889
116.305 39.9889
116.305 39.9889
116.305 39.9888
116.305 39.9888
116.305 39.9888
116.305 39.9887
116.305 39.9887
116.305 39.9886
116.305 39.9886
116.305 39.9886
116.305 39.9885
116.305 39.9885
116.305 39.9885
116.305 39.9885
116.305 39.9885
116.305 39.9884
116.305 39.9884
116.305 39.9884
116.305 39.9884
116.305 39.9884
116.305 39.9884
116.305 39.9884
116.305 39.9883
116.305 39.9883
116.305 39.9883
116.305 39.9883
116.305 39.9883
116.305 39.9882
116.305 39.9881
116.305 39.9881
116.305 39.988
116.305 39.988
116.305 39.988
116.305 39.988
116.305 39.988
116.305 39.988
116.305 39.9881
116.305 39.9881
116.305 39.9881
116.305 39.9882
116.305 39.9882
116.305 39.9882
116.305 39.9882
116.305 39.9882
116.305 39.9883
116.305 39.9882
116.305 39.9882
116.305 39.9882
116.305 39.9882
116.305 39.9882
116.305 39.9882
116.305 39.9881
116.305 39.9881
116.305 39.9881
116.305 39.988
116.305 39.988
116.304 39.9879
116.304 39.9879
116.304 39.9879
116.304 39.9878
116.304 39.9878
116.304 39.9877
116.304 39.9877
116.304 39.9877
116.304 39.9877
116.304 39.9876
116.304 39.9876
116.304 39.9876
116.304 39.9876
116.304 39.9876
116.304 39.9877
116.304 39.9877
116.304 39.9877
116.304 39.9877
116.304 39.9877
116.304 39.9878
116.304 39.9878
116.304 39.9878
116.304 39.9879
116.304 39.9879
116.304 39.9879
116.304 39.9878
116.304 39.9878
116.304 39.9878
116.304 39.9877
116.304 39.9877
116.304 39.9877
116.304 39.9877
116.304 39.9876
116.304 39.9876
116.304 39.9876
116.304 39.9876
116.304 39.9875
116.304 39.9874
116.304 39.9874
116.304 39.9875
116.304 39.9875
116.304 39.9875
116.304 39.9875
116.304 39.9875
116.303 39.9875
116.303 39.9875
116.303 39.9875
116.303 39.9875
116.303 39.9875
116.303 39.9875
116.303 39.9875
116.303 39.9875
116.303 39.9875
116.303 39.9875
116.303 39.9875
116.303 39.9875
116.303 39.9875
116.303 39.9875
116.303 39.9875
116.303 39.9875
116.303 39.9875
116.303 39.9875
116.303 39.9875
116.303 39.9875
116.303 39.9875
116.303 39.9875
116.303 39.9875
116.303 39.9875
116.303 39.9875
116.303 39.9875
116.303 39.9875
116.303 39.9875
116.303 39.9875
116.303 39.9875
116.303 39.9875
116.303 39.9875
116.303 39.9875
116.303 39.9875
116.303 39.9875
116.303 39.9875
116.303 39.9875
116.303 39.9875
116.303 39.9875
116.303 39.9875
116.303 39.9875
116.303 39.9876
116.303 39.9876
116.303 39.9875
116.303 39.9875
116.303 39.9875
116.303 39.9874
116.303 39.9874
116.303 39.9874
116.303 39.9873
116.303 39.9873
116.303 39.9872
116.303 39.9871
116.303 39.9871
116.303 39.9871
116.303 39.9871
116.303 39.9871
116.303 39.9871
116.303 39.9871
116.303 39.987
116.303 39.987
116.303 39.9871
116.303 39.9871
116.303 39.9871
116.303 39.9871
116.303 39.9871
116.303 39.9871
116.303 39.9871
116.303 39.9871
116.303 39.9871
116.303 39.9871
116.303 39.9871
116.303 39.9871
116.303 39.9871
116.303 39.9871
116.303 39.9871
116.303 39.9871
116.303 39.9871
116.303 39.9871
116.303 39.9871
116.303 39.9871
116.303 39.9871
116.303 39.9871
116.303 39.987
116.303 39.9871
116.303 39.9871
116.303 39.9871
116.303 39.987
116.303 39.987
116.303 39.987
116.303 39.9869
116.303 39.9869
116.303 39.9869
116.303 39.9869
116.303 39.9869
116.303 39.9868
116.303 39.9868
116.303 39.9867
116.303 39.9867
116.303 39.9866
116.303 39.9866
116.303 39.9866
116.303 39.9865
116.303 39.9866
116.303 39.9866
116.303 39.9866
116.303 39.9866
116.303 39.9866
116.303 39.9866
116.303 39.9866
116.302 39.9866
116.302 39.9866
116.302 39.9866
116.302 39.9866
116.302 39.9866
116.302 39.9866
116.302 39.9867
116.302 39.9867
116.302 39.9867
116.302 39.9867
116.302 39.9867
116.302 39.9867
116.302 39.9867
116.302 39.9867
116.302 39.9867
116.302 39.9867
116.302 39.9866
116.302 39.9866
116.302 39.9866
116.302 39.9866
116.302 39.9866
116.302 39.9866
116.302 39.9866
116.302 39.9866
116.302 39.9866
116.302 39.9866
116.302 39.9866
116.301 39.9866
116.301 39.9866
116.301 39.9866
116.301 39.9867
116.301 39.9867
116.301 39.9866
116.301 39.9866
116.301 39.9866
116.301 39.9866
116.301 39.9866
116.301 39.9866
116.301 39.9866
116.301 39.9866
116.301 39.9866
116.301 39.9865
116.301 39.9865
116.301 39.9865
116.301 39.9865
116.301 39.9865
116.301 39.9865
116.301 39.9865
116.301 39.9865
116.301 39.9866
116.301 39.9866
116.301 39.9866
116.301 39.9866
116.301 39.9866
116.3 39.9866
116.3 39.9865
116.3 39.9865
116.3 39.9865
116.3 39.9865
116.3 39.9865
116.3 39.9865
116.3 39.9865
116.3 39.9864
116.3 39.9864
116.301 39.9865
116.301 39.9865
116.301 39.9865
116.301 39.9865
116.3 39.9865
116.3 39.9864
116.3 39.9864
116.3 39.9864
116.3 39.9864
116.3 39.9864
116.3 39.9864
116.3 39.9865
116.3 39.9865
116.3 39.9865
116.3 39.9865
116.3 39.9865
116.3 39.9865
116.3 39.9865
116.3 39.9865
116.3 39.9865
116.3 39.9865
116.3 39.9865
116.3 39.9865
116.3 39.9864
116.3 39.9864
116.3 39.9864
116.3 39.9864
116.3 39.9864
116.3 39.9864
116.299 39.9864
116.299 39.9864
116.299 39.9864
116.299 39.9864
116.299 39.9865
116.299 39.9865
116.299 39.9865
116.299 39.9864
116.299 39.9864
116.299 39.9864
116.299 39.9864
116.299 39.9863
116.299 39.9863
116.299 39.9863
116.299 39.9863
116.299 39.9863
116.299 39.9864
116.299 39.9864
116.299 39.9864
116.299 39.9864
116.299 39.9864
116.299 39.9864
116.299 39.9864
116.299 39.9864
116.299 39.9865
116.299 39.9864
116.299 39.9865
116.299 39.9865
116.299 39.9866
116.299 39.9866
116.299 39.9867
116.299 39.9867
116.299 39.9867
116.299 39.9867
116.299 39.9868
116.299 39.9868
116.299 39.9868
116.299 39.9868
116.299 39.9867
116.299 39.9867
116.299 39.9866
116.299 39.9865
116.299 39.9864
116.299 39.9863
116.299 39.9862
116.299 39.9861
116.299 39.9859
116.299 39.9858
116.299 39.9857
116.299 39.9856
116.299 39.9855
116.299 39.9853
116.299 39.9852
116.299 39.985
116.299 39.985
116.299 39.9852
116.299 39.985
116.299 39.9848
116.299 39.9848
116.299 39.9847
116.299 39.9846
116.299 39.9846
116.299 39.9845
116.299 39.9845
116.299 39.9845
116.299 39.9845
116.299 39.9846
116.299 39.9849
116.299 39.9848
116.299 39.9847
116.299 39.9846
116.299 39.9845
116.299 39.9844
116.299 39.9844
116.299 39.9843
116.3 39.9841
116.3 39.9841
116.3 39.984
116.3 39.984
116.3 39.9839
116.3 39.9842
116.3 39.9841
116.3 39.984
116.3 39.9839
116.3 39.9841
116.3 39.984
116.3 39.9839
116.3 39.9838
116.3 39.9837
116.3 39.9834
116.3 39.9833
116.3 39.9832
116.3 39.9832
116.3 39.9832
116.3 39.9832
116.3 39.9832
116.3 39.9834
116.3 39.9835
116.301 39.9835
116.301 39.9835
116.301 39.9835
116.301 39.9835
116.301 39.9835
116.301 39.9835
116.301 39.9835
116.301 39.9835
116.301 39.9835
116.301 39.9835
116.301 39.9835
116.301 39.9835
116.301 39.9836
116.301 39.9836
116.301 39.9837
116.301 39.9837
116.302 39.9838
116.302 39.9838
116.302 39.9838
116.302 39.9838
116.302 39.9838
116.302 39.9837
116.302 39.9837
116.302 39.9838
116.303 39.9838
116.303 39.9837
116.303 39.9837
116.303 39.9837
116.303 39.9837
116.303 39.9837
116.303 39.9837
116.303 39.9837
116.304 39.9837
116.304 39.9837
116.304 39.9837
116.304 39.9836
116.304 39.9837
116.304 39.9837
116.304 39.9837
116.304 39.9837
116.304 39.9837
116.304 39.9837
116.304 39.9837
116.304 39.9837
116.304 39.9837
116.304 39.9837
116.304 39.9837
116.304 39.9837
116.304 39.9837
116.304 39.9837
116.305 39.9837
116.305 39.9837
116.305 39.9838
116.305 39.9837
116.305 39.9837
116.305 39.9837
116.305 39.9837
116.305 39.9837
116.306 39.9837
116.306 39.9837
116.306 39.9837
116.306 39.9837
116.306 39.9838
116.306 39.9837
116.306 39.9837
116.306 39.9838
116.306 39.9838
116.306 39.9838
116.306 39.9838
116.306 39.9838
116.306 39.9838
116.306 39.9838
116.306 39.9838
116.307 39.9837
116.307 39.9837
116.307 39.9838
116.307 39.9838
116.307 39.9838
116.307 39.9839
116.307 39.9839
116.307 39.9839
116.307 39.984
116.307 39.9839
116.307 39.9839
116.307 39.9839
116.307 39.9839
116.308 39.9839
116.308 39.9839
116.308 39.9839
116.308 39.9839
116.308 39.9839
116.308 39.9839
116.308 39.9839
116.308 39.9839
116.309 39.9839
116.309 39.984
116.309 39.984
116.309 39.984
116.309 39.984
116.309 39.984
116.309 39.984
116.309 39.984
116.309 39.984
116.309 39.984
116.309 39.984
116.31 39.984
116.31 39.984
116.31 39.984
116.31 39.984
116.31 39.984
116.31 39.984
116.31 39.984
116.31 39.984
116.31 39.984
116.31 39.9841
116.31 39.9841
116.311 39.9841
116.311 39.9841
116.311 39.9841
116.311 39.9841
116.311 39.9841
116.311 39.9841
116.311 39.9841
116.311 39.9841
116.311 39.9841
116.312 39.9841
116.312 39.9841
116.312 39.9841
116.312 39.9841
116.312 39.9841
116.312 39.9841
116.312 39.9841
116.312 39.9842
116.313 39.9842
116.313 39.9842
116.313 39.9841
116.313 39.9841
116.313 39.9841
116.313 39.9841
116.313 39.9841
116.313 39.9841
116.313 39.9841
116.313 39.9841
116.313 39.9841
116.314 39.9841
116.314 39.9841
116.314 39.9841
116.314 39.9841
116.314 39.9842
116.314 39.9841
116.314 39.9842
116.314 39.9842
116.314 39.9842
116.314 39.9842
116.314 39.9842
116.315 39.9841
116.315 39.9841
116.315 39.9841
116.315 39.9841
116.315 39.9841
116.315 39.9841
116.315 39.9841
116.315 39.9841
116.315 39.9841
116.315 39.9841
116.316 39.9841
116.316 39.9841
116.316 39.9842
116.316 39.9842
116.316 39.9842
116.316 39.9842
116.317 39.9842
116.317 39.9842
116.317 39.9842
116.317 39.9842
116.318 39.9843
116.318 39.9843
116.318 39.9843
116.318 39.9843
116.319 39.9843
116.319 39.9843
116.319 39.9844
116.32 39.9844
116.32 39.9844
116.32 39.9844
116.32 39.9844
116.321 39.9844
116.321 39.9844
116.321 39.9844
116.321 39.9844
116.321 39.9844
116.321 39.9844
116.321 39.9844
116.321 39.9844
116.321 39.9844
116.321 39.9844
116.321 39.9844
116.322 39.9844
116.322 39.9844
116.322 39.9844
116.322 39.9844
116.323 39.9844
116.323 39.9844
116.323 39.9844
116.323 39.9845
116.324 39.9845
116.324 39.9845
116.324 39.9845
116.324 39.9845
116.324 39.9845
116.324 39.9845
116.324 39.9845
116.324 39.9845
116.325 39.9845
116.325 39.9845
116.325 39.9845
116.325 39.9846
116.325 39.9846
116.325 39.9846
116.326 39.9846
116.326 39.9846
116.326 39.9846
116.326 39.9846
116.326 39.9846
116.326 39.9846
116.326 39.9846
116.326 39.9846
116.326 39.9846
116.326 39.9846
116.326 39.9846
116.326 39.9846
116.327 39.9846
116.327 39.9846
116.327 39.9846
116.327 39.9846
116.327 39.9846
116.327 39.9846
116.328 39.9846
116.328 39.9846
116.328 39.9846
116.328 39.9846
116.329 39.9846
116.329 39.9846
116.329 39.9846
116.329 39.9847
116.33 39.9847
116.33 39.9847
116.33 39.9848
116.331 39.9848
116.331 39.9848
116.331 39.9848
116.332 39.9849
116.332 39.9849
116.332 39.9849
116.333 39.9849
116.333 39.9849
116.333 39.9849
116.334 39.9849
116.334 39.9849
116.336 39.9851
116.337 39.9851
116.338 39.9851
116.338 39.9851
116.338 39.9851
116.338 39.9852
116.339 39.9852
116.339 39.9852
116.339 39.9852
116.339 39.9852
116.339 39.9852
116.339 39.9852
116.339 39.9852
116.34 39.9852
116.34 39.9852
116.34 39.9852
116.34 39.9852
116.34 39.9852
116.34 39.9852
116.34 39.9852
116.34 39.9852
116.34 39.9852
116.341 39.9852
116.341 39.9853
116.341 39.9853
116.341 39.9853
116.342 39.9853
116.342 39.9854
116.342 39.9854
116.342 39.9854
116.342 39.9854
116.342 39.9854
116.342 39.9854
116.342 39.9854
116.343 39.9854
116.343 39.9854
116.343 39.9854
116.343 39.9853
116.343 39.9853
116.343 39.9853
116.343 39.9853
116.343 39.9853
116.344 39.9853
116.344 39.9853
116.344 39.9854
116.344 39.9854
116.344 39.9854
116.344 39.9854
116.344 39.9854
116.344 39.9854
116.344 39.9854
116.344 39.9854
116.344 39.9854
116.345 39.9853
116.345 39.9854
116.345 39.9854
116.345 39.9854
116.345 39.9853
116.345 39.9853
116.345 39.9854
116.345 39.9853
116.345 39.9853
116.345 39.9853
116.345 39.9853
116.345 39.9853
116.345 39.9853
116.345 39.9853
116.345 39.9853
116.345 39.9853
116.345 39.9853
116.345 39.9852
116.345 39.9852
116.345 39.9853
116.345 39.9853
116.345 39.9853
116.345 39.9853
116.345 39.9853
116.345 39.9854
116.345 39.9855
116.345 39.9855
116.345 39.9855
116.345 39.9855
116.345 39.9856
116.345 39.9856
116.345 39.9856
116.345 39.9855
116.346 39.9855
116.346 39.9855
116.346 39.9854
116.346 39.9854
116.346 39.9854
116.346 39.9854
116.346 39.9854
116.346 39.9854
116.346 39.9854
116.346 39.9854
116.347 39.985
116.347 39.9849
116.347 39.9848
116.347 39.9847
116.347 39.9846
116.347 39.9845
116.347 39.9844
116.347 39.9846
116.347 39.9849
116.347 39.985
116.347 39.985
116.347 39.9849
116.347 39.9849
116.347 39.9849
116.347 39.9849
116.347 39.9849
116.347 39.9849
116.347 39.985
116.347 39.985
116.347 39.985
116.347 39.985
116.347 39.985
116.347 39.985
116.347 39.9851
116.347 39.9851
116.347 39.9852
116.347 39.9852
116.347 39.9853
116.347 39.9853
116.347 39.9853
116.347 39.9853
116.346 39.9854
116.346 39.9854
116.346 39.9854
116.346 39.9854
116.346 39.9854
116.346 39.9853
116.347 39.9852
116.347 39.9852
116.347 39.9851
116.347 39.9851
116.347 39.9852
116.347 39.9852
116.347 39.9853
116.347 39.9854
116.347 39.9855
116.348 39.9854
116.348 39.9854
116.348 39.9854
116.348 39.9854
116.349 39.9854
116.349 39.9854
116.349 39.9855
116.35 39.9847
116.35 39.9849
116.35 39.9851
116.35 39.9851
116.35 39.9852
116.35 39.9853
116.351 39.9853
116.351 39.9853
116.351 39.9853
116.351 39.9853
116.351 39.9853
116.351 39.9853
116.351 39.9853
116.351 39.9853
116.351 39.9853
116.351 39.9853
116.351 39.9853
116.351 39.9853
116.351 39.9853
116.351 39.9853
116.351 39.9853
116.351 39.9853
116.351 39.9853
116.351 39.9853
116.351 39.9853
116.351 39.9853
116.351 39.9853
116.351 39.9853
116.351 39.9853
116.351 39.9854
116.351 39.9854
116.351 39.9854
116.351 39.9854
116.351 39.9854
116.351 39.9854
116.351 39.9854
116.351 39.9853
116.352 39.9853
116.352 39.9853
116.352 39.9853
116.352 39.9853
116.352 39.9854
116.352 39.9853
116.352 39.9853
116.352 39.9853
116.352 39.9853
116.352 39.9853
116.352 39.9853
116.352 39.9852
116.352 39.9852
116.352 39.9852
116.352 39.9851
116.352 39.9851
116.352 39.985
116.352 39.985
116.352 39.985
116.352 39.985
116.352 39.985
116.352 39.985
116.352 39.985
116.352 39.9851
116.352 39.985
116.352 39.985
116.352 39.985
116.352 39.985
116.352 39.985
116.352 39.985
116.352 39.985
116.352 39.985
116.352 39.9849
116.352 39.9849
116.352 39.9849
116.352 39.9848
116.352 39.9848
116.352 39.9848
116.353 39.9849
116.353 39.9849
116.353 39.9849
116.353 39.9849
116.353 39.9849
116.353 39.9849
116.353 39.9849
116.353 39.9849
116.353 39.9849
116.353 39.9849
116.353 39.9849
116.353 39.9849
116.353 39.9849
116.353 39.9849
116.353 39.9849
116.353 39.985
116.353 39.985
116.353 39.9849
116.353 39.9849
116.353 39.9849
116.353 39.9849
116.353 39.9849
116.353 39.9849
116.353 39.9849
116.353 39.9849
116.353 39.9849
116.353 39.9849
116.353 39.9849
116.353 39.9849
116.354 39.9849
116.354 39.9849
116.354 39.9849
116.354 39.9849
116.354 39.9849
116.354 39.9849
116.354 39.9849
116.354 39.9848
116.354 39.9847
116.354 39.9847
116.354 39.9847
116.354 39.9846
116.354 39.9845
116.354 39.9845
116.354 39.9844
116.354 39.9844
116.354 39.9843
116.354 39.9843
116.354 39.9842
116.354 39.9842
116.354 39.9841
116.354 39.9841
116.354 39.984
116.354 39.984
116.354 39.984
116.354 39.984
116.354 39.984
116.354 39.9841
116.354 39.9841
116.354 39.9842
116.354 39.9842
116.355 39.9842
116.355 39.9841
116.355 39.9841
116.355 39.9841
116.355 39.9841
116.355 39.9841
116.355 39.9841
116.355 39.9841
116.355 39.9841
116.356 39.9841
116.356 39.9841
116.356 39.984
116.356 39.984
116.356 39.9839
116.356 39.9838
116.356 39.9838
116.356 39.9837
116.356 39.9836
116.356 39.9835
116.356 39.9835
116.356 39.9834
116.355 39.9834
116.355 39.9832
116.355 39.9832
116.355 39.9831
116.355 39.983
116.355 39.9829
116.356 39.9829
116.356 39.9828
116.356 39.9827
116.356 39.9826
116.356 39.9825
116.356 39.9825
116.356 39.9824
116.356 39.9823
116.356 39.9823
116.356 39.9822
116.356 39.9821
116.356 39.9821
116.356 39.982
116.356 39.9819
116.356 39.9818
116.356 39.9818
116.356 39.9817
116.356 39.9816
116.356 39.9816
116.356 39.9815
116.356 39.9814
116.356 39.9813
116.356 39.9813
116.356 39.9812
116.356 39.9811
116.356 39.9811
116.356 39.981
116.356 39.9809
116.356 39.9808
116.356 39.9808
116.356 39.9807
116.356 39.9807
116.356 39.9806
116.356 39.9806
116.356 39.9805
116.356 39.9804
116.356 39.9803
116.356 39.9803
116.356 39.9802
116.356 39.9802
116.356 39.9802
116.356 39.9802
116.356 39.9802
116.356 39.9803
116.356 39.9803
116.356 39.9803
116.356 39.9804
116.356 39.9804
116.357 39.9804
116.357 39.9804
116.357 39.9804
116.357 39.9804
116.357 39.9803
116.357 39.9803
116.357 39.9804
116.357 39.9804
116.357 39.9804
116.357 39.9804
116.357 39.9804
116.358 39.9804
116.358 39.9804
116.358 39.9804
116.358 39.9804
116.358 39.9804
116.358 39.9804
116.358 39.9804
116.358 39.9804
116.358 39.9804
116.359 39.9804
116.359 39.9804
116.359 39.9804
116.359 39.9804
116.359 39.9804
116.359 39.9804
116.359 39.9804
116.359 39.9804
116.359 39.9804
116.359 39.9804
116.359 39.9803
116.359 39.9803
116.359 39.9802
116.359 39.9802
116.359 39.9801
116.359 39.98
116.359 39.98
116.359 39.9799
116.359 39.9798
116.359 39.9798
116.359 39.9797
116.359 39.9796
116.359 39.9796
116.359 39.9795
116.359 39.9794
116.359 39.9794
116.359 39.9793
116.359 39.9792
116.359 39.9791
116.359 39.9791
116.359 39.979
116.359 39.9789
116.359 39.9789
116.359 39.9788
116.359 39.9787
116.359 39.9786
116.359 39.9786
116.359 39.9785
116.359 39.9784
116.36 39.9784
116.36 39.9783
116.36 39.9783
116.36 39.9782
116.36 39.9781
116.36 39.9781
116.36 39.978
116.359 39.9779
116.359 39.9779
116.359 39.9778
116.359 39.9778
116.36 39.9778
116.36 39.9777
116.36 39.9776
116.36 39.9776
116.36 39.9775
116.36 39.9774
116.36 39.9774
116.36 39.9773
116.36 39.9773
116.36 39.9772
116.36 39.9772
116.36 39.9773
116.36 39.9773
116.36 39.9774
116.36 39.9775
116.36 39.9776
116.36 39.9776
116.36 39.9776
116.36 39.9776
116.36 39.9776
116.36 39.9776
116.36 39.9776
116.36 39.9776
116.36 39.9776
116.36 39.9776
116.36 39.9776
116.361 39.9776
116.361 39.9776
116.361 39.9776
116.361 39.9776
116.361 39.9776
116.361 39.9775
116.361 39.9775
116.361 39.9775
116.361 39.9774
116.361 39.9773
116.361 39.9771
