116.304 39.9698
116.302 39.9697
116.301 39.9699
116.301 39.9712
116.301 39.9722
116.3 39.9738
116.3 39.9744
116.3 39.975
116.3 39.9761
116.3 39.9776
116.3 39.9794
116.3 39.9798
116.3 39.9805
116.3 39.9812
116.3 39.9823
116.299 39.9829
116.299 39.9814
116.3 39.981
116.301 39.9821
116.301 39.9814
116.301 39.9803
116.301 39.981
116.3 39.9813
116.3 39.9806
116.3 39.9799
116.3 39.9787
116.3 39.978
116.3 39.9774
116.3 39.9734
116.301 39.9697
116.299 39.9689
116.301 39.9694
116.302 39.9696
116.304 39.9699
116.305 39.9713
116.305 39.971
