116.322 40.0014
116.322 40.0014
116.322 40.0014
116.322 40.0014
116.322 40.0014
116.322 40.0014
116.322 40.0014
116.322 40.0014
116.322 40.0014
116.322 40.0014
116.322 40.0014
116.322 40.0014
116.322 40.0014
116.322 40.0014
116.322 40.0014
116.322 40.0013
116.322 40.0013
116.322 40.0013
116.322 40.0012
116.322 40.0011
116.322 40.001
116.322 40.0009
116.322 40.0009
116.322 40.0008
116.322 40.0007
116.322 40.0007
116.322 40.0006
116.322 40.0005
116.322 40.0004
116.322 40.0003
116.322 40.0002
116.322 40.0001
116.322 40
116.322 40
116.322 39.9999
116.322 39.9998
116.322 39.9998
116.322 39.9998
116.322 39.9997
116.322 39.9997
116.322 39.9997
116.323 39.9997
116.323 39.9997
116.323 39.9997
116.323 39.9997
116.323 39.9997
116.323 39.9997
116.323 39.9997
116.323 39.9996
116.323 39.9997
116.324 39.9997
116.324 39.9997
116.324 39.9997
116.324 39.9997
116.324 39.9997
116.324 39.9997
116.324 39.9997
116.324 39.9997
116.323 39.9997
116.323 39.9997
116.324 39.9997
116.324 39.9997
116.324 39.9997
116.324 39.9997
116.324 39.9997
116.324 39.9997
116.324 39.9997
116.324 39.9997
116.325 39.9997
116.325 39.9997
116.325 39.9997
116.325 39.9998
116.325 39.9998
116.325 39.9997
116.325 39.9997
116.326 39.9997
116.326 39.9996
116.326 39.9995
116.326 39.9994
116.326 39.9994
116.326 39.9993
116.326 39.9992
116.326 39.9992
116.326 39.9991
116.326 39.9991
116.326 39.999
116.326 39.9989
116.326 39.9988
116.326 39.9987
116.326 39.9986
116.326 39.9986
116.326 39.9985
116.326 39.9984
116.326 39.9983
116.326 39.9982
116.326 39.9981
116.326 39.998
116.326 39.9979
116.326 39.9979
116.326 39.9978
116.326 39.9977
116.326 39.9976
116.326 39.9975
116.326 39.9974
116.326 39.9973
116.326 39.9973
116.326 39.9972
116.326 39.9971
116.326 39.997
116.326 39.9969
116.326 39.9968
116.326 39.9967
116.326 39.9966
116.326 39.9965
116.326 39.9964
116.326 39.9964
116.326 39.9963
116.326 39.9962
116.326 39.9962
116.326 39.9961
116.326 39.996
116.326 39.9959
116.326 39.9958
116.326 39.9957
116.326 39.9956
116.326 39.9956
116.326 39.9955
116.326 39.9954
116.326 39.9953
116.326 39.9952
116.326 39.9952
116.326 39.9951
116.326 39.995
116.326 39.995
116.326 39.9949
116.326 39.9948
116.326 39.9947
116.326 39.9947
116.326 39.9946
116.326 39.9945
116.326 39.9945
116.326 39.9944
116.326 39.9943
116.326 39.9943
116.326 39.9942
116.326 39.9941
116.326 39.9941
116.326 39.994
116.326 39.9939
116.326 39.9939
116.326 39.9938
116.326 39.9937
116.326 39.9936
116.326 39.9935
116.326 39.9935
116.326 39.9934
116.326 39.9933
116.326 39.9932
116.326 39.9931
116.326 39.9931
116.326 39.993
116.326 39.9929
116.326 39.9928
116.326 39.9927
116.326 39.9927
116.326 39.9926
116.326 39.9925
116.326 39.9924
116.326 39.9923
116.326 39.9922
116.326 39.9921
116.326 39.992
116.326 39.992
116.326 39.9919
116.326 39.9918
116.326 39.9917
116.326 39.9917
116.326 39.9916
116.326 39.9916
116.326 39.9915
116.326 39.9914
116.327 39.9914
116.327 39.9913
116.327 39.9912
116.327 39.9912
116.327 39.9911
116.327 39.991
116.327 39.9909
116.327 39.9908
116.326 39.9907
116.326 39.9906
116.326 39.9906
116.327 39.9905
116.327 39.9904
116.327 39.9903
116.327 39.9902
116.327 39.9901
116.327 39.99
116.327 39.9899
116.327 39.9899
116.327 39.9898
116.327 39.9897
116.327 39.9896
116.327 39.9896
116.327 39.9895
116.327 39.9894
116.327 39.9893
116.327 39.9892
116.327 39.9892
116.327 39.9891
116.327 39.989
116.327 39.9889
116.327 39.9888
116.327 39.9888
116.327 39.9887
116.327 39.9886
116.327 39.9885
116.327 39.9884
116.327 39.9884
116.327 39.9883
116.327 39.9882
116.327 39.9881
116.327 39.988
116.327 39.988
116.327 39.9879
116.327 39.9878
116.327 39.9877
116.327 39.9877
116.327 39.9876
116.327 39.9875
116.327 39.9874
116.327 39.9873
116.327 39.9872
116.327 39.9871
116.327 39.987
116.327 39.9869
116.327 39.9868
116.327 39.9868
116.327 39.9867
116.327 39.9866
116.327 39.9865
116.327 39.9864
116.327 39.9864
116.327 39.9863
116.327 39.9862
116.327 39.9861
116.327 39.986
116.327 39.9859
116.327 39.9858
116.327 39.9857
116.327 39.9856
116.327 39.9856
116.327 39.9855
116.327 39.9854
116.327 39.9853
116.327 39.9852
116.327 39.9852
116.327 39.9849
116.327 39.9849
116.327 39.9848
116.327 39.9848
116.327 39.9847
116.327 39.9846
116.327 39.9846
116.327 39.9845
116.327 39.9844
116.327 39.9843
116.327 39.9842
116.327 39.9842
116.327 39.9841
116.327 39.984
116.327 39.9839
116.327 39.9838
116.327 39.9837
116.327 39.9836
116.327 39.9835
116.327 39.9834
116.327 39.9833
116.327 39.9832
116.327 39.9831
116.327 39.983
116.327 39.9829
116.327 39.9828
116.327 39.9827
116.327 39.9826
116.327 39.9825
116.327 39.9824
116.327 39.9823
116.327 39.9823
116.327 39.9822
116.327 39.9821
116.327 39.982
116.327 39.9819
116.327 39.9818
116.327 39.9818
116.327 39.9817
116.327 39.9816
116.327 39.9815
116.327 39.9814
116.327 39.9813
116.327 39.9812
116.327 39.9812
116.327 39.9811
116.327 39.981
116.327 39.9809
116.327 39.9808
116.327 39.9807
116.327 39.9807
116.327 39.9806
116.327 39.9805
116.327 39.9804
116.327 39.9803
116.327 39.9803
116.327 39.9802
116.327 39.9801
116.327 39.98
116.327 39.9799
116.327 39.9799
116.327 39.9798
116.327 39.9797
116.327 39.9796
116.327 39.9795
116.327 39.9795
116.327 39.9794
116.327 39.9793
116.327 39.9792
116.327 39.9791
116.327 39.979
116.327 39.9789
116.327 39.9788
116.327 39.9787
116.327 39.9787
116.327 39.9786
116.327 39.9785
116.327 39.9784
116.327 39.9783
116.327 39.9782
116.327 39.9781
116.327 39.978
116.327 39.978
116.327 39.9779
116.327 39.9778
116.327 39.9776
116.327 39.9776
116.327 39.9775
116.327 39.9774
116.327 39.9773
116.327 39.9772
116.327 39.9772
116.327 39.9771
116.327 39.977
116.327 39.977
116.327 39.9769
116.327 39.9768
116.327 39.9767
116.327 39.9766
116.327 39.9765
116.327 39.9765
116.327 39.9764
116.327 39.9763
116.327 39.9762
116.327 39.9761
116.327 39.976
116.327 39.9759
116.327 39.9758
116.327 39.9757
116.327 39.9756
116.327 39.9756
116.327 39.9755
116.327 39.9754
116.327 39.9754
116.327 39.9754
116.328 39.9754
116.328 39.9754
116.328 39.9753
116.328 39.9753
116.328 39.9753
116.328 39.9753
116.328 39.9753
116.328 39.9753
116.328 39.9753
116.328 39.9753
116.328 39.9753
116.328 39.9753
116.329 39.9754
116.329 39.9754
116.329 39.9754
116.329 39.9754
116.329 39.9754
116.329 39.9754
116.329 39.9753
116.329 39.9754
116.329 39.9754
116.329 39.9754
116.329 39.9753
116.33 39.9753
116.33 39.9753
116.33 39.9753
116.33 39.9753
116.33 39.9753
116.33 39.9753
116.33 39.9753
116.33 39.9754
116.33 39.9754
116.33 39.9755
116.33 39.9755
116.33 39.9755
116.33 39.9755
116.33 39.9756
116.33 39.9756
116.33 39.9756
116.33 39.9757
116.33 39.9758
116.33 39.9758
116.33 39.9759
116.33 39.976
116.33 39.9761
116.33 39.9762
116.33 39.9762
116.33 39.9763
116.33 39.9764
116.33 39.9764
116.33 39.9765
116.33 39.9766
116.33 39.9767
116.33 39.9767
116.33 39.9768
116.33 39.9768
116.33 39.9769
116.33 39.9769
116.33 39.9769
116.33 39.9769
116.33 39.9769
116.33 39.9769
116.33 39.9769
116.33 39.9769
116.33 39.9769
116.33 39.9769
116.33 39.9768
116.33 39.9768
116.33 39.9768
116.33 39.9767
116.33 39.9767
116.33 39.9767
116.33 39.9766
116.33 39.9766
116.33 39.9766
116.33 39.9765
116.33 39.9765
116.33 39.9765
116.33 39.9764
116.33 39.9764
116.33 39.9764
116.33 39.9763
116.33 39.9763
116.33 39.9763
116.33 39.9763
116.33 39.9763
116.33 39.9763
116.33 39.9763
116.33 39.9763
116.33 39.9763
116.33 39.9763
116.33 39.9764
116.33 39.9764
116.33 39.9764
116.33 39.9764
116.331 39.9764
116.331 39.9764
116.331 39.9764
116.331 39.9763
116.331 39.9763
116.331 39.9763
116.331 39.9762
116.331 39.9762
116.331 39.9762
116.331 39.9763
116.331 39.9763
116.331 39.9764
116.331 39.9764
116.331 39.9752
116.33 39.9752
116.33 39.9752
116.33 39.9752
116.33 39.9752
116.33 39.9752
116.33 39.9752
116.33 39.9752
116.33 39.9752
116.33 39.9752
116.33 39.9753
116.33 39.9753
116.33 39.9753
116.33 39.9753
116.33 39.9753
116.33 39.9753
116.33 39.9753
116.33 39.9753
116.33 39.9753
116.33 39.9753
116.33 39.9753
116.33 39.9753
116.329 39.9754
116.329 39.9754
116.329 39.9754
116.329 39.9754
116.329 39.9754
116.329 39.9754
116.329 39.9754
116.329 39.9754
116.329 39.9754
116.329 39.9754
116.329 39.9754
116.329 39.9754
116.329 39.9754
116.329 39.9754
116.329 39.9754
116.329 39.9754
116.329 39.9754
116.329 39.9754
116.329 39.9754
116.329 39.9753
116.329 39.9753
116.329 39.9753
116.329 39.9753
116.329 39.9753
116.329 39.9753
116.329 39.9753
116.329 39.9753
116.329 39.9753
116.329 39.9753
116.329 39.9753
116.329 39.9753
116.329 39.9753
116.329 39.9753
116.329 39.9753
116.329 39.9753
116.329 39.9753
116.329 39.9753
116.329 39.9753
116.329 39.9753
116.329 39.9753
116.329 39.9753
116.329 39.9753
116.329 39.9753
116.329 39.9753
116.329 39.9753
116.328 39.9753
116.328 39.9753
116.328 39.9753
116.328 39.9753
116.328 39.9753
116.327 39.9753
116.327 39.9753
116.327 39.9753
116.327 39.9752
116.327 39.9752
116.327 39.9752
116.327 39.9752
116.326 39.9752
116.326 39.9752
116.326 39.9752
116.326 39.9752
116.326 39.9752
116.326 39.9752
116.326 39.9752
116.325 39.9752
116.325 39.9752
116.325 39.9752
116.325 39.9752
116.325 39.9752
116.325 39.9751
116.325 39.9751
116.324 39.9751
116.324 39.9751
116.324 39.9751
116.324 39.9751
116.324 39.9751
116.324 39.9751
116.323 39.9751
116.323 39.9751
116.323 39.9751
116.323 39.9751
116.323 39.9751
116.323 39.9751
116.322 39.9751
116.322 39.9751
116.322 39.9751
116.322 39.9751
116.322 39.9751
116.322 39.9751
116.322 39.9751
116.322 39.9751
116.321 39.9751
116.321 39.975
116.321 39.975
116.321 39.975
116.321 39.975
116.321 39.975
116.321 39.975
116.32 39.975
116.32 39.975
116.32 39.975
116.32 39.975
116.32 39.975
116.32 39.975
116.32 39.975
116.319 39.975
116.319 39.975
116.319 39.9749
116.319 39.9749
116.319 39.9749
116.319 39.9749
116.319 39.9749
116.318 39.9749
116.318 39.9749
116.318 39.9749
116.318 39.9749
116.318 39.9749
116.318 39.9749
116.318 39.9749
116.317 39.9749
116.317 39.9749
116.317 39.9748
116.317 39.9748
116.317 39.9748
116.317 39.9748
116.317 39.9748
116.316 39.9748
116.316 39.9748
116.316 39.9747
116.316 39.9747
116.316 39.9747
116.316 39.9747
116.316 39.9747
116.315 39.9747
116.315 39.9747
116.315 39.9747
116.315 39.9747
116.315 39.9747
116.315 39.9747
116.314 39.9747
116.314 39.9747
116.314 39.9747
116.314 39.9747
116.314 39.9747
116.314 39.9747
116.314 39.9747
116.313 39.9747
116.313 39.9747
116.313 39.9747
116.313 39.9747
116.313 39.9747
116.313 39.9747
116.312 39.9746
116.312 39.9746
116.312 39.9747
116.312 39.9747
116.312 39.9746
116.312 39.9746
116.312 39.9746
116.312 39.9746
116.312 39.9746
116.312 39.9744
116.312 39.9743
116.312 39.9742
116.312 39.9741
116.312 39.9739
116.312 39.9738
116.312 39.9736
116.312 39.9735
116.312 39.9734
116.312 39.9733
116.312 39.9732
116.312 39.9731
116.312 39.973
116.312 39.9729
116.312 39.9728
116.312 39.9727
116.312 39.9726
116.312 39.9725
116.312 39.9724
116.312 39.9723
116.312 39.9721
116.313 39.972
116.313 39.9719
116.313 39.9718
116.313 39.9717
116.313 39.9716
116.313 39.9715
116.313 39.9713
116.313 39.9712
116.313 39.971
116.313 39.9709
116.313 39.9707
116.313 39.9706
116.313 39.9705
116.313 39.9704
116.313 39.9703
116.313 39.9702
116.313 39.9701
116.313 39.97
116.313 39.9699
116.313 39.9697
116.313 39.9696
116.313 39.9695
116.314 39.9694
116.314 39.9693
116.314 39.9691
116.314 39.969
116.314 39.9689
116.314 39.9688
116.314 39.9686
116.314 39.9685
116.314 39.9684
116.314 39.9683
116.314 39.9682
116.314 39.968
116.314 39.9679
116.314 39.9678
116.314 39.9677
116.314 39.9676
116.314 39.9675
116.314 39.9674
116.314 39.9673
116.314 39.9672
116.314 39.967
116.315 39.9669
116.315 39.9667
116.315 39.9666
116.315 39.9665
116.315 39.9664
116.315 39.9661
116.315 39.9661
116.315 39.966
116.315 39.9659
116.315 39.9658
116.315 39.9657
116.315 39.9657
116.315 39.9656
116.315 39.9655
116.315 39.9654
116.315 39.9652
116.315 39.9651
116.315 39.9649
116.315 39.9648
116.315 39.9646
116.315 39.9645
116.315 39.9643
116.316 39.9642
116.316 39.9641
116.316 39.964
116.316 39.9639
116.316 39.9638
116.316 39.9637
116.316 39.9636
116.316 39.9635
116.316 39.9634
116.316 39.9633
116.316 39.9632
116.316 39.9631
116.316 39.9629
116.316 39.9629
116.316 39.9628
116.316 39.9627
116.316 39.9626
116.316 39.9625
116.316 39.9623
116.316 39.9622
116.316 39.9621
116.316 39.962
116.316 39.9619
116.316 39.9618
116.316 39.9617
116.316 39.9616
116.316 39.9615
116.316 39.9613
116.316 39.9612
116.316 39.9611
116.316 39.961
116.316 39.9608
116.316 39.9607
116.316 39.9606
116.316 39.9605
116.316 39.9603
116.316 39.9602
116.316 39.9601
116.316 39.9599
116.316 39.9598
116.317 39.9597
116.317 39.9596
116.317 39.9594
116.317 39.9593
116.317 39.9591
116.317 39.959
116.317 39.9589
116.317 39.9588
116.317 39.9586
116.317 39.9585
116.317 39.9584
116.317 39.9583
116.317 39.9582
116.317 39.958
116.317 39.9579
116.317 39.9578
116.317 39.9577
116.317 39.9576
116.317 39.9575
116.317 39.9574
116.317 39.9573
116.317 39.9572
116.317 39.957
116.317 39.957
116.317 39.9569
116.317 39.9568
116.317 39.9567
116.317 39.9566
116.317 39.9565
116.317 39.9563
116.317 39.9562
116.317 39.9561
116.317 39.956
116.317 39.9559
116.317 39.9559
116.317 39.9559
116.317 39.9559
116.317 39.9559
116.317 39.9559
116.317 39.9559
116.317 39.9559
116.317 39.9559
116.317 39.9559
116.317 39.9559
116.317 39.9559
116.317 39.9559
116.317 39.9559
116.317 39.9559
116.317 39.9559
116.317 39.9559
116.317 39.9559
116.317 39.9559
116.317 39.9559
116.317 39.9559
116.317 39.9559
116.317 39.9559
116.317 39.9559
116.317 39.9559
116.317 39.9559
116.317 39.9559
116.317 39.9559
116.317 39.9559
116.317 39.9559
116.317 39.9559
116.317 39.9559
116.317 39.9558
116.317 39.9557
116.317 39.9556
116.317 39.9554
116.317 39.9553
116.317 39.9552
116.317 39.955
116.317 39.9549
116.317 39.9548
116.317 39.9547
116.317 39.9546
116.317 39.9545
116.317 39.9544
116.317 39.9543
116.317 39.9542
116.317 39.9541
116.317 39.9541
116.317 39.954
116.317 39.9539
116.317 39.9537
116.317 39.9536
116.317 39.9535
116.317 39.9534
116.317 39.9533
116.317 39.9532
116.317 39.9531
116.317 39.953
116.317 39.9529
116.317 39.9528
116.317 39.9527
116.317 39.9526
116.317 39.9525
116.317 39.9524
116.317 39.9523
116.317 39.9522
116.318 39.9522
116.318 39.9521
116.318 39.952
116.318 39.952
116.318 39.952
116.318 39.952
116.318 39.9519
116.318 39.9519
116.318 39.9518
116.318 39.9518
116.318 39.9517
116.318 39.9517
116.318 39.9516
116.318 39.9516
116.318 39.9516
116.318 39.9515
116.318 39.9515
116.318 39.9515
116.318 39.9515
116.318 39.9515
116.318 39.9515
116.318 39.9515
116.318 39.9514
116.318 39.9514
116.318 39.9514
116.318 39.9514
116.318 39.9514
116.317 39.9514
116.317 39.9514
116.317 39.9514
116.317 39.9514
116.317 39.9515
116.317 39.9515
116.317 39.9515
116.317 39.9515
116.317 39.9515
116.317 39.9515
116.317 39.9515
116.317 39.9516
116.317 39.9516
116.317 39.9516
116.317 39.9516
116.317 39.9516
116.318 39.9516
116.318 39.9516
116.318 39.9516
116.318 39.9516
116.318 39.9517
116.318 39.9517
116.318 39.9517
116.318 39.9517
116.318 39.9517
116.318 39.9516
116.318 39.9517
116.318 39.9517
116.318 39.9516
116.318 39.9516
116.318 39.9517
116.318 39.9517
116.318 39.9517
116.318 39.9517
116.318 39.9517
116.318 39.9517
116.318 39.9517
116.318 39.9517
116.318 39.9517
116.318 39.9517
116.318 39.9517
116.318 39.9517
116.318 39.9518
116.318 39.9518
116.318 39.9518
116.318 39.9518
116.318 39.9518
116.318 39.9518
116.318 39.9518
116.318 39.9519
116.318 39.9519
116.318 39.9519
116.318 39.9519
116.318 39.9519
116.318 39.952
116.318 39.952
116.318 39.952
116.318 39.952
116.318 39.952
116.318 39.952
116.318 39.9521
116.318 39.9521
116.318 39.9521
116.318 39.9521
116.318 39.9521
116.318 39.9522
116.318 39.9522
116.318 39.9522
116.318 39.9522
116.318 39.9522
116.318 39.9522
116.318 39.9522
116.318 39.9522
116.318 39.9522
116.318 39.9522
116.318 39.9522
116.318 39.9522
116.318 39.9522
116.318 39.9522
116.318 39.9522
116.318 39.9521
116.318 39.9522
116.318 39.952
116.318 39.9519
116.318 39.952
116.318 39.952
116.318 39.9519
116.318 39.952
116.318 39.9519
116.318 39.952
116.318 39.952
116.318 39.952
116.318 39.952
116.318 39.9519
116.318 39.9519
116.318 39.9519
116.318 39.9519
116.318 39.9519
116.318 39.9519
116.318 39.9519
116.318 39.9519
116.318 39.9519
116.318 39.9519
116.318 39.9519
116.318 39.9518
116.318 39.9518
116.318 39.9518
116.318 39.9518
116.318 39.9519
116.318 39.9519
116.318 39.9521
116.318 39.9523
116.318 39.9524
116.318 39.9525
116.318 39.9526
116.318 39.9528
116.318 39.9529
116.318 39.953
116.318 39.9531
116.318 39.9532
116.318 39.9534
116.318 39.9535
116.318 39.9537
116.318 39.9538
116.318 39.9539
116.318 39.954
116.318 39.9542
116.318 39.9543
116.318 39.9544
116.318 39.9545
116.318 39.9546
116.318 39.9547
116.318 39.9548
116.317 39.9548
116.318 39.9549
116.317 39.9549
116.317 39.9549
116.317 39.955
116.317 39.9551
116.317 39.9552
116.318 39.9553
116.318 39.9553
116.318 39.9554
116.318 39.9554
116.318 39.9554
116.318 39.9554
116.318 39.9554
116.319 39.9555
116.319 39.9555
116.319 39.9555
116.319 39.9555
116.319 39.9555
116.32 39.9555
116.32 39.9556
116.32 39.9556
116.32 39.9556
116.32 39.9556
116.32 39.9556
116.321 39.9557
116.321 39.9557
116.321 39.9557
116.321 39.9556
116.321 39.9557
116.321 39.9557
116.321 39.9557
116.321 39.9557
116.321 39.9557
116.321 39.9557
116.321 39.9557
116.321 39.9558
116.321 39.9558
116.321 39.9558
116.321 39.9558
116.321 39.9557
116.321 39.9557
116.321 39.9557
116.321 39.9557
116.321 39.9556
116.321 39.9556
116.321 39.9555
116.322 39.9555
116.322 39.9555
116.322 39.9554
116.322 39.9554
116.322 39.9554
116.322 39.9555
116.322 39.9555
116.322 39.9555
116.323 39.9556
116.323 39.9556
116.323 39.9556
116.323 39.9557
116.323 39.9557
116.323 39.9558
116.323 39.9558
116.324 39.9558
116.324 39.9559
116.324 39.9559
116.324 39.9559
116.324 39.956
116.324 39.956
116.325 39.956
116.325 39.956
116.325 39.9561
116.325 39.956
116.325 39.9561
116.325 39.9562
116.326 39.9562
116.327 39.9564
116.327 39.9565
116.327 39.9565
116.327 39.9565
116.327 39.9565
116.327 39.9565
116.327 39.9565
116.327 39.9565
116.327 39.9565
116.327 39.9565
116.327 39.9565
116.328 39.9565
116.328 39.9565
116.328 39.9565
116.328 39.9565
116.328 39.9565
116.328 39.9565
116.328 39.9565
116.328 39.9565
116.328 39.9565
116.328 39.9564
116.328 39.9564
116.328 39.9564
116.328 39.9564
116.328 39.9564
116.328 39.9564
116.328 39.9564
116.328 39.9564
116.328 39.9564
116.328 39.9564
116.328 39.9564
116.328 39.9565
116.328 39.9565
116.328 39.9565
116.328 39.9565
116.328 39.9565
116.328 39.9565
116.328 39.9565
116.328 39.9565
116.328 39.9565
116.328 39.9566
116.329 39.9566
116.329 39.9566
116.329 39.9567
116.329 39.9568
116.329 39.9569
116.329 39.957
116.329 39.9571
116.329 39.9572
116.329 39.9573
116.329 39.9574
116.329 39.9575
116.329 39.9576
116.329 39.9577
116.329 39.9578
116.329 39.958
116.329 39.9581
116.329 39.9583
116.329 39.9584
116.329 39.9585
116.329 39.9587
116.329 39.9588
116.329 39.9589
116.329 39.959
116.329 39.9592
116.329 39.9592
116.329 39.9593
116.329 39.9594
116.329 39.9595
116.329 39.9596
116.329 39.9598
116.329 39.9599
116.329 39.96
116.329 39.9601
116.329 39.9601
116.329 39.9601
116.329 39.9601
116.329 39.9601
116.329 39.9601
116.329 39.96
116.329 39.96
116.329 39.96
116.329 39.96
116.329 39.96
116.329 39.96
116.329 39.96
116.329 39.96
116.329 39.96
116.329 39.96
116.329 39.96
116.329 39.96
116.329 39.96
116.329 39.96
116.329 39.9601
116.329 39.9601
116.329 39.9602
116.329 39.9603
116.329 39.9604
116.328 39.9606
116.329 39.9607
116.329 39.9608
116.328 39.961
116.328 39.9611
116.328 39.9612
116.328 39.9613
116.328 39.9614
116.328 39.9616
116.328 39.9617
116.328 39.9618
116.328 39.9619
116.328 39.9621
116.328 39.9622
116.328 39.9623
116.328 39.9625
116.328 39.9626
116.328 39.9627
116.328 39.9628
116.328 39.9629
116.328 39.9631
116.328 39.9632
116.328 39.9634
116.328 39.9635
116.328 39.9637
116.328 39.9638
116.328 39.9639
116.328 39.9641
116.328 39.9642
116.328 39.9644
116.328 39.9646
116.328 39.9647
116.328 39.9649
116.328 39.965
116.328 39.9651
116.328 39.9653
116.328 39.9654
116.328 39.9655
116.328 39.9656
116.328 39.9658
116.328 39.966
116.328 39.9661
116.328 39.9662
116.328 39.9664
116.328 39.9665
116.328 39.9667
116.328 39.9668
116.328 39.9669
116.328 39.9671
116.328 39.9672
116.328 39.9673
116.328 39.9674
116.328 39.9676
116.328 39.9677
116.328 39.9678
116.328 39.968
116.328 39.9681
116.328 39.9683
116.328 39.9684
116.328 39.9685
116.328 39.9687
116.328 39.9688
116.328 39.969
116.328 39.9691
116.328 39.9692
116.328 39.9694
116.328 39.9695
116.328 39.9697
116.328 39.9698
116.328 39.97
116.328 39.9701
116.328 39.9703
116.328 39.9704
116.328 39.9706
116.328 39.9707
116.328 39.9709
116.328 39.971
116.328 39.9712
116.328 39.9713
116.328 39.9714
116.328 39.9716
116.328 39.9717
116.328 39.9719
116.328 39.972
116.328 39.9722
116.328 39.9723
116.328 39.9725
116.328 39.9726
116.328 39.9728
116.328 39.9729
116.328 39.9731
116.328 39.9733
116.328 39.9734
116.328 39.9735
116.328 39.9737
116.328 39.9738
116.328 39.9739
116.328 39.974
116.328 39.9741
116.328 39.9743
116.328 39.9744
116.328 39.9746
116.328 39.9746
116.328 39.9746
116.328 39.9746
116.328 39.9745
116.328 39.9743
116.328 39.9744
116.328 39.9744
116.328 39.9744
116.328 39.9744
116.328 39.9744
116.328 39.9744
116.328 39.9744
116.328 39.9744
116.328 39.9743
116.328 39.9743
116.328 39.9743
116.328 39.9743
116.328 39.9743
116.328 39.9743
116.328 39.9743
116.328 39.9743
116.328 39.9743
116.328 39.9743
116.328 39.9743
116.328 39.9743
116.328 39.9743
116.328 39.9743
116.328 39.9743
116.328 39.9743
116.328 39.9743
116.328 39.9743
116.328 39.9743
116.328 39.9743
116.328 39.9743
116.328 39.9743
116.328 39.9743
116.328 39.9743
116.328 39.9743
116.328 39.9743
116.328 39.9743
116.328 39.9743
116.328 39.9743
116.328 39.9743
116.328 39.9743
116.328 39.9743
116.328 39.9743
116.328 39.9744
116.328 39.9744
116.328 39.9745
116.328 39.9746
116.328 39.9748
116.328 39.9749
116.328 39.9751
116.328 39.9752
116.328 39.9753
116.328 39.9755
116.328 39.9756
116.328 39.9758
116.328 39.9759
116.328 39.976
116.328 39.976
116.328 39.976
116.328 39.9761
116.327 39.976
116.327 39.9761
116.327 39.9761
116.327 39.9761
116.327 39.9762
116.327 39.9762
116.327 39.9763
116.327 39.9764
116.327 39.9765
116.327 39.9766
116.327 39.9767
116.327 39.9767
116.328 39.9768
116.328 39.9768
116.328 39.9768
116.328 39.9768
116.328 39.9769
116.328 39.9769
116.328 39.9769
116.328 39.9769
116.328 39.9769
116.329 39.9769
116.329 39.9769
116.329 39.9769
116.329 39.9769
116.329 39.9769
116.329 39.9769
116.329 39.9769
116.329 39.9769
116.33 39.977
116.33 39.977
116.33 39.977
116.33 39.977
116.33 39.977
116.33 39.977
116.33 39.977
116.331 39.977
116.331 39.977
116.331 39.977
116.331 39.977
116.331 39.977
116.332 39.977
116.332 39.9769
116.332 39.9769
116.332 39.9768
116.332 39.9766
116.332 39.9765
116.332 39.9763
116.332 39.9762
116.332 39.976
116.332 39.9759
116.332 39.9757
116.332 39.9756
116.332 39.9755
116.331 39.9755
116.331 39.9755
116.331 39.9755
116.331 39.9756
116.331 39.9756
116.331 39.9756
116.331 39.9757
116.331 39.9757
116.331 39.9757
116.331 39.9757
116.331 39.9757
116.331 39.9757
116.331 39.9757
116.331 39.9757
116.331 39.9757
116.331 39.9757
116.331 39.9757
116.331 39.9757
116.331 39.9757
116.331 39.9757
116.331 39.9757
116.331 39.9757
116.331 39.9757
116.331 39.9757
116.331 39.9757
116.331 39.9757
116.331 39.9757
