116.419 39.9523
116.418 39.9524
116.419 39.9523
116.419 39.9522
116.419 39.9522
116.419 39.9522
116.419 39.9521
116.419 39.9521
116.419 39.9521
116.419 39.9521
116.419 39.9521
116.419 39.9521
116.419 39.9521
116.419 39.9521
116.419 39.9521
116.419 39.9521
116.419 39.9521
116.419 39.952
116.419 39.952
116.419 39.952
116.419 39.952
116.419 39.952
116.419 39.952
116.419 39.952
116.419 39.9519
116.419 39.9519
116.419 39.9519
116.419 39.9519
116.419 39.9519
116.419 39.9519
116.419 39.9519
116.419 39.9519
116.419 39.9518
116.419 39.9518
116.419 39.9518
116.419 39.9518
116.419 39.9518
116.419 39.9518
116.419 39.9518
116.419 39.9517
116.419 39.9517
116.419 39.9517
116.419 39.9517
116.419 39.9517
116.419 39.9517
116.419 39.9517
116.419 39.9517
116.419 39.9517
116.419 39.9517
116.419 39.9516
116.419 39.9516
116.419 39.9516
116.419 39.9516
116.419 39.9516
116.419 39.9516
116.419 39.9516
116.419 39.9516
116.419 39.9516
116.419 39.9516
116.419 39.9516
116.418 39.9516
116.418 39.9516
116.418 39.9516
116.418 39.9515
116.418 39.9515
116.418 39.9515
116.418 39.9515
116.418 39.9515
116.418 39.9515
116.418 39.9515
116.418 39.9514
116.418 39.9514
116.418 39.9514
116.418 39.9514
116.418 39.9514
116.418 39.9514
116.419 39.9514
116.419 39.9514
116.419 39.9513
116.419 39.9513
116.419 39.9513
116.419 39.9513
116.419 39.9513
116.419 39.9513
116.419 39.9512
116.419 39.9513
116.419 39.9513
116.419 39.9513
116.419 39.9513
116.419 39.9513
116.419 39.9512
116.419 39.9512
116.419 39.9512
116.419 39.9512
116.419 39.9512
116.419 39.9512
116.419 39.9512
116.419 39.9512
116.419 39.9512
116.419 39.9512
116.419 39.9512
116.418 39.9511
116.418 39.9511
116.418 39.9511
116.418 39.9511
116.418 39.9511
116.418 39.9511
116.418 39.951
116.418 39.951
116.418 39.951
116.418 39.951
116.418 39.951
116.418 39.951
116.418 39.951
