116.381 39.9807
116.381 39.9806
116.381 39.9805
116.381 39.9803
116.381 39.9801
116.381 39.98
116.381 39.9799
116.382 39.9797
116.382 39.9796
116.382 39.9795
116.382 39.9793
116.382 39.9792
116.382 39.9791
116.382 39.979
116.382 39.9789
116.382 39.9788
116.382 39.9786
116.382 39.9785
116.382 39.9784
116.382 39.9782
116.382 39.9781
116.382 39.978
116.382 39.9779
116.382 39.9778
116.382 39.9777
116.382 39.9775
116.382 39.9774
116.382 39.9773
116.382 39.9772
116.382 39.9771
116.382 39.977
116.382 39.9768
116.382 39.9767
116.382 39.9766
116.382 39.9765
116.382 39.9764
116.382 39.9763
116.382 39.9762
116.382 39.9761
116.382 39.976
116.382 39.9758
116.382 39.9757
116.382 39.9756
116.382 39.9755
116.381 39.9755
116.381 39.9754
116.381 39.9754
116.381 39.9754
116.381 39.9755
116.381 39.9755
116.38 39.9755
116.38 39.9755
116.38 39.9755
116.38 39.9756
116.38 39.9756
116.379 39.9756
116.379 39.9756
116.379 39.9756
116.379 39.9756
116.379 39.9756
116.379 39.9755
116.378 39.9755
116.378 39.9755
116.378 39.9755
116.378 39.9755
116.378 39.9755
116.377 39.9755
116.377 39.9755
116.377 39.9755
116.377 39.9755
116.377 39.9755
116.377 39.9755
116.376 39.9755
116.376 39.9755
116.376 39.9755
116.376 39.9755
116.376 39.9755
116.376 39.9755
116.376 39.9755
116.375 39.9755
116.375 39.9755
116.375 39.9755
116.375 39.9754
116.375 39.9753
116.375 39.9752
116.375 39.975
116.375 39.9749
116.375 39.9747
116.375 39.9746
116.375 39.9745
116.375 39.9744
116.375 39.9743
116.375 39.9743
116.375 39.9743
116.374 39.9743
116.374 39.9744
116.374 39.9744
116.374 39.9745
116.374 39.9744
116.375 39.9744
116.375 39.9744
116.375 39.9743
116.375 39.9742
116.375 39.9741
116.375 39.974
116.375 39.9739
116.375 39.9738
116.375 39.9738
116.375 39.9738
116.374 39.9738
116.374 39.9738
116.374 39.9738
116.374 39.9738
116.374 39.9738
116.374 39.9738
116.374 39.9738
116.374 39.9738
116.374 39.9738
116.373 39.9738
116.373 39.9738
116.373 39.9738
116.373 39.9738
116.373 39.9738
116.373 39.9738
116.373 39.9738
116.373 39.9737
116.373 39.9735
116.373 39.9734
116.373 39.9733
116.373 39.9732
116.373 39.973
116.373 39.9729
116.373 39.9728
116.373 39.9727
116.373 39.9725
116.373 39.9724
116.373 39.9723
116.373 39.9722
116.373 39.9721
116.373 39.9719
116.373 39.9718
116.373 39.9717
116.373 39.9716
116.373 39.9715
116.373 39.9714
116.373 39.9712
116.373 39.9711
116.373 39.9709
116.373 39.9708
116.373 39.9707
116.373 39.9705
116.373 39.9703
116.373 39.9702
116.373 39.97
116.373 39.9698
116.373 39.9697
116.373 39.9696
116.373 39.9695
116.373 39.9694
116.373 39.9693
116.373 39.9692
116.373 39.9691
116.373 39.969
116.373 39.9689
116.373 39.9688
116.373 39.9687
116.373 39.9686
116.373 39.9684
116.373 39.9683
116.373 39.9683
116.373 39.9682
116.373 39.968
116.373 39.9678
116.373 39.9677
116.373 39.9675
116.373 39.9674
116.373 39.9674
116.373 39.9674
116.373 39.9674
116.372 39.9673
116.372 39.9673
116.372 39.9673
116.372 39.9672
116.372 39.9671
116.372 39.967
116.372 39.967
116.372 39.967
116.371 39.967
116.371 39.9671
116.371 39.967
116.371 39.967
116.371 39.967
116.371 39.967
116.371 39.967
116.371 39.967
116.371 39.967
116.37 39.9669
116.37 39.9669
116.37 39.9669
116.37 39.9669
116.37 39.9669
116.37 39.9668
116.37 39.9668
116.37 39.9668
116.369 39.9668
116.369 39.9668
116.369 39.9668
116.369 39.9668
116.369 39.9668
116.369 39.9668
116.369 39.9668
116.369 39.9668
116.368 39.9668
116.368 39.9668
116.368 39.9668
116.368 39.9668
116.368 39.9668
116.368 39.9668
116.368 39.9668
116.368 39.9668
116.367 39.9668
116.367 39.9668
116.367 39.9668
116.367 39.9668
116.367 39.9668
116.367 39.9668
116.366 39.9668
116.366 39.9668
116.366 39.9668
116.366 39.9668
116.366 39.9669
116.366 39.9669
116.365 39.9669
116.365 39.9669
116.365 39.9669
116.365 39.9669
116.365 39.9669
116.365 39.9669
116.365 39.9669
116.365 39.9668
116.365 39.9668
116.364 39.9668
116.364 39.9668
116.364 39.9668
116.364 39.9668
116.364 39.9668
116.364 39.9668
116.364 39.9663
116.364 39.9662
116.364 39.9661
116.364 39.9659
116.364 39.9658
116.364 39.9656
116.364 39.9655
116.364 39.9654
116.364 39.9653
116.364 39.9652
116.364 39.965
116.364 39.9649
116.364 39.9648
116.364 39.9647
116.364 39.9646
116.364 39.9644
116.364 39.9643
116.364 39.9642
116.364 39.9641
116.364 39.9641
116.364 39.964
116.364 39.964
116.364 39.964
116.363 39.964
116.363 39.964
116.363 39.964
116.363 39.964
116.363 39.9641
116.363 39.9641
116.363 39.9641
116.363 39.9641
116.363 39.9641
116.362 39.9641
116.362 39.9641
116.362 39.9641
116.362 39.9641
116.362 39.964
116.362 39.964
116.362 39.9639
116.362 39.9638
116.362 39.9637
116.362 39.9636
116.362 39.9636
116.362 39.9636
116.362 39.9637
116.361 39.9637
116.361 39.9637
116.361 39.9637
116.361 39.9637
116.361 39.9637
116.361 39.9637
116.361 39.9637
116.361 39.9637
116.36 39.9636
116.36 39.9636
116.36 39.9636
116.36 39.9636
116.36 39.9637
116.36 39.9636
116.36 39.9635
116.36 39.9634
116.36 39.9633
116.36 39.9632
116.36 39.9631
116.36 39.963
116.36 39.9629
116.36 39.9628
116.36 39.9627
116.36 39.9626
116.36 39.9625
116.36 39.9624
116.36 39.9623
116.36 39.9622
116.36 39.9621
116.36 39.962
116.36 39.9619
116.36 39.9618
116.36 39.9617
116.36 39.9616
116.36 39.9615
116.36 39.9614
116.36 39.9614
116.36 39.9614
116.36 39.9614
116.36 39.9615
116.36 39.9615
116.36 39.9615
116.359 39.9615
116.359 39.9615
116.359 39.9615
116.359 39.9615
116.359 39.9615
116.359 39.9615
116.359 39.9615
116.359 39.9615
116.359 39.9616
116.358 39.9616
116.358 39.9616
116.358 39.9616
116.358 39.9616
116.358 39.9616
116.358 39.9616
116.358 39.9616
116.358 39.9616
116.357 39.9616
116.357 39.9616
116.357 39.9616
116.357 39.9616
116.357 39.9616
116.357 39.9616
116.357 39.9616
116.357 39.9616
116.357 39.9616
116.357 39.9616
116.356 39.9616
116.356 39.9616
116.356 39.9616
116.356 39.9616
116.356 39.9616
116.356 39.9616
116.356 39.9615
116.356 39.9615
116.355 39.9615
116.355 39.9614
116.355 39.9614
116.355 39.9614
116.355 39.9615
116.355 39.9615
116.355 39.9617
116.355 39.9619
116.355 39.962
116.355 39.9621
116.355 39.9622
116.355 39.9623
116.355 39.9624
116.355 39.9625
116.355 39.9626
116.355 39.9628
116.355 39.9629
116.355 39.9631
116.355 39.9632
116.355 39.9633
116.355 39.9634
116.355 39.9635
116.355 39.9636
116.355 39.9637
116.355 39.9637
116.355 39.9638
116.354 39.9638
116.354 39.9639
116.354 39.9639
116.354 39.9639
116.354 39.9639
116.354 39.9639
116.354 39.9639
116.354 39.9639
116.354 39.9639
116.354 39.9639
116.353 39.9639
116.353 39.9639
116.353 39.9639
116.353 39.9639
116.353 39.964
116.353 39.964
116.353 39.9639
116.352 39.9639
116.352 39.964
116.352 39.964
116.352 39.964
116.352 39.9639
116.352 39.9638
116.351 39.9638
116.351 39.9638
116.351 39.9638
116.351 39.9637
116.351 39.9637
116.351 39.9637
116.351 39.9637
116.351 39.9637
116.35 39.9637
116.35 39.9637
116.35 39.9637
116.35 39.9637
116.35 39.9638
116.35 39.9637
116.35 39.9637
116.349 39.9637
116.349 39.9637
116.349 39.9637
116.349 39.9637
116.349 39.9637
116.349 39.9637
116.349 39.9638
116.349 39.9639
116.349 39.964
116.349 39.9641
116.349 39.9642
116.349 39.9643
116.349 39.9644
116.349 39.9645
116.349 39.9646
116.349 39.9647
116.349 39.9648
116.349 39.9649
116.349 39.965
116.349 39.9651
116.349 39.9652
116.349 39.9653
116.349 39.9654
116.349 39.9655
116.349 39.9656
116.349 39.9657
116.349 39.9658
116.349 39.9659
116.348 39.9661
116.348 39.9662
116.348 39.9664
116.348 39.9667
116.348 39.9671
116.348 39.9673
116.348 39.9674
116.348 39.9675
116.348 39.9676
116.348 39.9678
116.348 39.9679
116.348 39.9681
116.348 39.9682
116.348 39.9684
116.348 39.9686
116.348 39.9687
116.348 39.9689
116.348 39.9691
116.348 39.9693
116.348 39.9694
116.348 39.9696
116.348 39.9698
116.348 39.97
116.348 39.9702
116.348 39.9703
116.348 39.9705
116.348 39.9707
116.348 39.971
116.348 39.9712
116.348 39.9714
116.348 39.9716
116.348 39.9717
116.348 39.9719
116.348 39.9721
116.348 39.9723
116.348 39.9725
116.348 39.9727
116.349 39.9729
116.349 39.9731
116.349 39.9736
116.349 39.9738
116.349 39.9743
116.348 39.9742
116.348 39.9743
116.348 39.9744
116.348 39.9745
116.348 39.9746
116.348 39.9747
116.348 39.9748
116.348 39.9749
116.348 39.9751
116.348 39.9752
116.348 39.9753
116.348 39.9754
116.348 39.9754
116.348 39.9754
116.347 39.9754
116.347 39.9754
116.347 39.9754
116.347 39.9754
116.347 39.9754
116.347 39.9754
116.347 39.9754
116.346 39.9754
116.346 39.9754
116.346 39.9753
116.346 39.9753
116.346 39.9753
116.345 39.9753
116.345 39.9753
116.345 39.9753
116.345 39.9753
116.345 39.9753
116.344 39.9753
116.344 39.9753
116.344 39.9753
116.344 39.9753
116.344 39.9753
116.344 39.9753
116.344 39.9752
116.344 39.9752
116.343 39.9752
116.343 39.9752
116.343 39.9752
116.343 39.9752
116.343 39.9752
116.343 39.9752
116.343 39.9752
116.343 39.9753
116.343 39.9753
116.342 39.9753
116.342 39.9753
116.342 39.9753
116.342 39.9754
116.342 39.9753
116.342 39.9753
116.342 39.9753
116.341 39.9753
116.341 39.9753
116.341 39.9753
116.341 39.9753
116.341 39.9753
116.341 39.9753
116.341 39.9752
116.34 39.9752
116.34 39.9752
116.34 39.9752
116.34 39.9753
116.34 39.9753
116.34 39.9753
116.34 39.9752
116.339 39.9752
116.339 39.9752
116.339 39.9752
116.339 39.9752
116.339 39.9752
116.339 39.9752
116.339 39.9752
116.338 39.9752
116.338 39.9752
116.338 39.9752
116.338 39.9752
116.338 39.9752
116.337 39.9752
116.337 39.9752
116.337 39.9752
116.337 39.9752
116.337 39.9752
116.336 39.9752
116.336 39.9752
116.336 39.9752
116.336 39.9752
116.336 39.9752
116.335 39.9752
116.335 39.9752
116.335 39.9752
116.335 39.9752
116.334 39.9752
116.334 39.9752
116.334 39.9752
116.333 39.9752
116.333 39.9752
116.333 39.9752
116.333 39.9752
116.333 39.9752
116.333 39.9752
116.332 39.9752
116.332 39.9752
116.332 39.9752
116.332 39.9752
116.332 39.9752
116.332 39.9752
116.332 39.9753
116.331 39.9753
116.331 39.9753
116.331 39.9753
116.331 39.9753
116.331 39.9753
116.331 39.9753
116.331 39.9753
116.331 39.9753
116.33 39.9753
116.33 39.9753
116.33 39.9753
116.33 39.9753
116.33 39.9753
116.33 39.9753
116.33 39.9753
116.33 39.9753
116.329 39.9753
116.329 39.9753
116.329 39.9753
116.329 39.9754
116.329 39.9754
116.329 39.9754
116.329 39.9754
116.329 39.9754
116.329 39.9754
116.328 39.9754
116.328 39.9754
116.328 39.9754
116.328 39.9754
116.328 39.9754
116.328 39.9755
116.328 39.9755
116.328 39.9756
116.328 39.9758
116.328 39.976
116.328 39.9761
116.327 39.9763
116.327 39.9764
116.327 39.9765
116.327 39.9766
116.327 39.9767
116.327 39.9768
116.327 39.9769
116.327 39.9771
116.327 39.9772
116.327 39.9773
116.327 39.9775
116.327 39.9776
116.327 39.9777
116.327 39.9778
116.327 39.9779
116.327 39.978
116.327 39.9781
116.327 39.9782
116.327 39.9783
116.327 39.9784
116.327 39.9785
116.327 39.9786
116.327 39.9787
116.327 39.9788
116.327 39.9789
116.327 39.979
116.327 39.9791
116.327 39.9791
116.327 39.9791
116.327 39.9792
116.327 39.9793
116.327 39.9794
116.327 39.9796
116.327 39.9797
116.327 39.9798
116.327 39.9799
116.327 39.9799
116.327 39.9799
116.327 39.9799
116.327 39.9799
116.327 39.98
116.326 39.98
116.326 39.9801
116.326 39.9801
116.326 39.9801
116.325 39.9802
116.325 39.9803
116.325 39.9803
116.325 39.9803
116.325 39.9804
116.325 39.9802
116.325 39.9801
116.324 39.98
116.324 39.98
116.324 39.98
116.324 39.98
116.324 39.98
116.324 39.98
116.323 39.98
116.323 39.9799
116.323 39.98
116.323 39.98
116.323 39.98
116.323 39.9799
116.323 39.98
116.323 39.98
116.322 39.9799
116.322 39.9799
116.322 39.9798
116.322 39.9798
116.322 39.9799
116.322 39.98
116.322 39.98
116.322 39.9799
116.322 39.9799
116.321 39.9799
116.321 39.98
116.321 39.9801
116.321 39.9803
116.321 39.9804
116.321 39.9804
116.321 39.9805
116.321 39.9806
116.321 39.9807
116.321 39.9808
116.321 39.9809
116.321 39.981
116.321 39.9812
116.321 39.9813
116.321 39.9814
116.321 39.9816
116.321 39.9818
116.321 39.982
116.321 39.9821
116.321 39.9823
116.321 39.9825
116.321 39.9826
116.321 39.9827
116.321 39.9828
116.321 39.983
116.321 39.9831
116.321 39.9832
116.321 39.9833
116.321 39.9834
116.321 39.9835
116.321 39.9836
116.321 39.9837
116.321 39.9838
116.321 39.9839
116.321 39.984
116.321 39.9841
116.321 39.9843
116.321 39.9844
116.321 39.9845
116.321 39.9846
116.321 39.9847
116.321 39.9848
116.321 39.9848
116.321 39.9848
116.321 39.9848
116.321 39.9848
116.321 39.9848
116.32 39.9848
116.32 39.9848
116.32 39.9849
116.32 39.985
116.32 39.9851
116.32 39.9851
116.32 39.985
116.32 39.985
116.32 39.9849
116.32 39.9848
