116.32 39.985
116.32 39.9849
116.32 39.9848
116.32 39.9848
116.32 39.9847
116.32 39.9847
116.32 39.9847
116.32 39.9847
116.319 39.9847
116.319 39.9846
116.319 39.9846
116.319 39.9846
116.319 39.9846
116.319 39.9846
116.319 39.9846
116.318 39.9846
116.318 39.9846
116.318 39.9846
116.318 39.9846
116.318 39.9846
116.318 39.9846
116.318 39.9846
116.317 39.9846
116.317 39.9846
116.317 39.9846
116.317 39.9846
116.317 39.9846
116.316 39.9846
116.316 39.9846
116.316 39.9846
116.316 39.9846
116.316 39.9845
116.316 39.9845
116.315 39.9845
116.315 39.9845
116.315 39.9845
116.315 39.9845
116.315 39.9845
116.315 39.9845
116.315 39.9845
116.315 39.9845
116.314 39.9845
116.314 39.9845
116.314 39.9845
116.314 39.9844
116.314 39.9843
116.314 39.9842
116.314 39.9841
116.314 39.9841
116.314 39.9841
116.314 39.9841
116.315 39.9841
116.315 39.9841
116.315 39.9841
116.315 39.9841
116.315 39.9841
116.315 39.9841
116.315 39.9841
116.316 39.9842
116.316 39.9842
116.316 39.9842
116.316 39.9842
116.316 39.9842
116.316 39.9842
116.316 39.9842
116.317 39.9842
116.317 39.9842
116.317 39.9842
116.317 39.9842
116.317 39.9842
116.317 39.9842
116.318 39.9842
116.318 39.9842
116.318 39.9842
116.318 39.9843
116.318 39.9843
116.319 39.9843
116.319 39.9843
116.319 39.9843
116.319 39.9843
116.319 39.9843
116.319 39.9843
116.32 39.9844
116.32 39.9844
116.32 39.9844
116.32 39.9844
116.32 39.9844
116.321 39.9844
116.321 39.9844
116.321 39.9844
116.322 39.9844
116.322 39.9844
116.322 39.9844
116.322 39.9844
116.322 39.9845
116.323 39.9845
116.323 39.9845
116.323 39.9846
116.324 39.9846
116.324 39.9846
116.324 39.9846
116.324 39.9846
116.325 39.9845
116.325 39.9844
116.325 39.9844
116.325 39.9843
116.326 39.9842
116.326 39.9842
116.326 39.9842
116.326 39.9842
116.326 39.9843
116.327 39.9843
116.328 39.9844
116.328 39.9845
116.329 39.9846
116.329 39.9846
116.329 39.9846
116.329 39.9846
116.329 39.9847
116.33 39.9847
116.33 39.9847
116.33 39.9848
116.33 39.9848
116.331 39.9848
116.331 39.9848
116.331 39.9849
116.331 39.9849
116.331 39.9849
116.332 39.9849
116.332 39.9849
116.332 39.9849
116.332 39.9849
116.332 39.985
116.333 39.985
116.333 39.985
116.333 39.985
116.333 39.985
116.334 39.985
116.334 39.985
116.334 39.985
116.334 39.985
116.335 39.985
116.335 39.985
116.335 39.985
116.335 39.985
116.335 39.9851
116.336 39.9851
116.336 39.9851
116.336 39.9851
116.336 39.9851
116.336 39.9851
116.337 39.9851
116.337 39.9851
116.337 39.9851
116.337 39.9851
116.337 39.9852
116.338 39.9852
116.338 39.9852
116.338 39.9852
116.338 39.9852
116.338 39.9852
116.339 39.9852
116.339 39.9852
116.339 39.9852
116.339 39.9852
116.339 39.9852
116.339 39.9852
116.34 39.9852
116.34 39.9852
116.34 39.9852
116.34 39.9852
116.34 39.9852
116.341 39.9852
116.341 39.9852
116.341 39.9852
116.341 39.9852
116.341 39.9852
116.341 39.9852
116.342 39.9852
116.342 39.9852
116.342 39.9852
116.342 39.9852
116.342 39.9852
116.342 39.9852
116.342 39.9852
116.343 39.9852
116.343 39.9852
116.343 39.9852
116.343 39.9852
116.343 39.9852
116.343 39.9852
116.343 39.9852
116.344 39.9852
116.344 39.9852
116.344 39.9852
116.344 39.9852
116.344 39.9852
116.344 39.9852
116.344 39.9852
116.345 39.9852
116.345 39.9852
116.345 39.9852
116.345 39.9852
116.345 39.9852
116.345 39.9852
116.345 39.9852
116.345 39.9852
116.345 39.9852
116.346 39.9852
116.346 39.9852
116.346 39.9852
116.346 39.9852
116.346 39.9852
116.346 39.9852
116.346 39.9852
116.346 39.9852
116.347 39.9852
116.347 39.9852
116.347 39.9852
116.347 39.9852
116.347 39.9852
116.347 39.9852
116.347 39.9851
116.347 39.9849
116.347 39.9848
116.347 39.9847
116.347 39.9845
116.347 39.9844
116.347 39.9843
116.347 39.9842
116.347 39.984
116.347 39.9839
116.347 39.9838
116.347 39.9836
116.347 39.9835
116.347 39.9833
116.347 39.9832
116.347 39.983
116.347 39.9829
116.347 39.9827
116.347 39.9826
116.347 39.9824
116.347 39.9823
116.347 39.9822
116.347 39.982
116.347 39.9819
116.347 39.9817
116.347 39.9816
116.347 39.9814
116.347 39.9812
116.347 39.9811
116.348 39.9809
116.348 39.9808
116.348 39.9806
116.348 39.9805
116.348 39.9804
116.348 39.9802
116.348 39.9801
116.348 39.98
116.348 39.9799
116.348 39.9798
116.348 39.9797
116.348 39.9796
116.348 39.9795
116.348 39.9793
116.348 39.9792
116.348 39.9791
116.348 39.979
116.348 39.9789
116.348 39.9787
116.348 39.9786
116.348 39.9785
116.348 39.9783
116.348 39.9782
116.348 39.9781
116.348 39.9779
116.348 39.9778
116.348 39.9777
116.348 39.9775
116.348 39.9774
116.348 39.9773
116.348 39.9771
116.348 39.977
116.348 39.9768
116.348 39.9767
116.348 39.9766
116.348 39.9764
116.348 39.9763
116.348 39.9762
116.348 39.9761
116.348 39.9759
116.348 39.9758
116.348 39.9757
116.347 39.9756
116.347 39.9755
116.347 39.9754
116.347 39.9753
116.347 39.9752
116.347 39.9752
116.347 39.9752
116.347 39.9752
116.347 39.9752
116.347 39.9752
116.346 39.9752
116.346 39.9752
116.346 39.9752
116.346 39.9752
116.346 39.9752
116.346 39.9752
116.345 39.9752
116.345 39.9752
116.345 39.9752
116.345 39.9752
116.345 39.9752
116.345 39.9752
116.345 39.9752
116.344 39.9752
116.344 39.9752
116.344 39.9752
116.344 39.9752
116.344 39.9752
116.344 39.9752
116.344 39.9753
116.344 39.9753
116.343 39.9753
116.343 39.9753
116.343 39.9753
116.343 39.9753
116.343 39.9753
116.343 39.9754
116.343 39.9754
116.343 39.9754
116.342 39.9754
116.342 39.9754
116.342 39.9754
116.342 39.9754
116.342 39.9753
116.342 39.9753
116.342 39.9753
116.342 39.9753
116.342 39.9753
116.341 39.9752
116.341 39.9752
116.341 39.9752
116.341 39.9752
116.341 39.9752
116.341 39.9752
116.341 39.9752
116.341 39.9752
116.341 39.9753
116.34 39.9753
116.34 39.9753
116.34 39.9753
116.34 39.9753
116.34 39.9753
116.34 39.9753
116.34 39.9752
116.339 39.9752
116.339 39.9752
116.339 39.9752
116.339 39.9752
116.339 39.9752
116.339 39.9752
116.339 39.9752
116.339 39.9752
116.339 39.9752
116.338 39.9752
116.338 39.9752
116.338 39.9752
116.338 39.9752
116.338 39.9752
116.338 39.9752
116.338 39.9752
116.337 39.9752
116.337 39.9752
116.337 39.9752
116.337 39.9752
116.337 39.9752
116.337 39.9752
116.336 39.9752
116.336 39.9752
116.336 39.9752
116.336 39.9752
116.336 39.9752
116.335 39.9752
116.335 39.9752
116.335 39.9752
116.335 39.9752
116.335 39.9752
116.334 39.9752
116.334 39.9752
116.334 39.9752
116.334 39.9752
116.334 39.9752
116.333 39.9752
116.333 39.9752
116.333 39.9752
116.333 39.9752
116.333 39.9752
116.333 39.9752
116.332 39.9752
116.332 39.9752
116.332 39.9752
116.332 39.9752
116.332 39.9752
116.332 39.9752
116.332 39.9752
116.331 39.9752
116.331 39.9752
116.331 39.9752
116.331 39.9752
116.331 39.9752
116.331 39.9752
116.33 39.9752
116.33 39.9752
116.33 39.9752
116.33 39.9752
116.33 39.9752
116.33 39.9752
116.33 39.9753
116.33 39.9753
116.329 39.9753
116.329 39.9753
116.329 39.9753
116.329 39.9753
116.329 39.9753
116.329 39.9753
116.329 39.9753
116.329 39.9753
116.329 39.9753
116.328 39.9753
116.328 39.9753
116.328 39.9753
116.328 39.9754
116.328 39.9753
116.328 39.9753
116.328 39.9754
116.328 39.9755
116.328 39.9756
116.328 39.9758
116.328 39.976
116.328 39.9761
116.328 39.9762
116.328 39.9764
116.328 39.9765
116.328 39.9767
116.327 39.9768
116.328 39.9769
116.328 39.977
116.328 39.9771
116.328 39.9772
116.328 39.9773
116.328 39.9774
116.328 39.9775
116.328 39.9776
116.328 39.9777
116.328 39.9778
116.328 39.978
116.328 39.9781
116.328 39.9782
116.328 39.9783
116.328 39.9783
116.328 39.9784
116.328 39.9785
116.328 39.9786
116.328 39.9788
116.328 39.9789
116.327 39.979
116.327 39.9791
116.327 39.9793
116.327 39.9794
116.327 39.9795
116.327 39.9796
116.327 39.9797
116.327 39.9798
116.327 39.9799
116.327 39.98
116.327 39.9801
116.327 39.9802
116.327 39.9803
116.327 39.9804
116.327 39.9805
116.327 39.9807
116.327 39.9808
116.327 39.9809
116.327 39.981
116.327 39.9811
116.327 39.9812
116.327 39.9813
116.327 39.9814
116.327 39.9816
116.327 39.9817
116.327 39.9819
116.327 39.982
116.327 39.9822
116.327 39.9823
116.327 39.9824
116.327 39.9825
116.327 39.9827
116.327 39.9828
116.327 39.9829
116.327 39.983
116.327 39.9831
116.327 39.9832
116.327 39.9834
116.327 39.9835
116.327 39.9836
116.327 39.9837
116.327 39.9838
116.327 39.9839
116.327 39.984
116.327 39.9842
116.327 39.9843
116.327 39.9844
116.327 39.9845
116.327 39.9846
116.327 39.9847
116.327 39.9849
116.327 39.985
116.327 39.9852
116.327 39.9853
116.327 39.9855
116.327 39.9856
116.327 39.9857
116.327 39.9858
116.327 39.9859
116.327 39.986
116.327 39.9861
116.327 39.9863
116.327 39.9864
116.327 39.9865
116.327 39.9866
116.327 39.9867
116.327 39.9868
116.327 39.987
116.327 39.9871
116.327 39.9872
116.327 39.9873
116.327 39.9874
116.327 39.9876
116.327 39.9877
116.327 39.9878
116.327 39.9879
116.327 39.988
116.327 39.9881
116.327 39.9882
116.327 39.9883
116.327 39.9884
116.327 39.9885
116.327 39.9886
116.327 39.9888
116.327 39.9889
116.327 39.989
116.327 39.9891
116.327 39.9892
116.327 39.9893
116.327 39.9894
116.327 39.9895
116.327 39.9896
116.327 39.9897
116.327 39.9898
116.327 39.9899
116.327 39.99
116.327 39.9901
116.327 39.9902
116.327 39.9904
116.327 39.9905
116.327 39.9906
116.327 39.9907
116.327 39.9908
116.327 39.9909
116.327 39.9911
116.327 39.9912
116.327 39.9913
116.327 39.9914
116.327 39.9914
116.327 39.9914
116.327 39.9915
116.327 39.9915
116.328 39.9915
116.328 39.9915
116.328 39.9915
116.328 39.9915
116.328 39.9915
116.328 39.9915
116.328 39.9915
116.328 39.9915
116.328 39.9915
116.329 39.9915
116.329 39.9915
116.329 39.9915
116.329 39.9915
116.329 39.9915
116.329 39.9915
116.329 39.9915
116.329 39.9914
116.33 39.9914
116.33 39.9914
116.33 39.9914
116.33 39.9915
116.33 39.9915
116.33 39.9915
116.33 39.9915
116.33 39.9915
116.331 39.9915
116.331 39.9915
116.331 39.9915
116.331 39.9915
116.331 39.9915
116.331 39.9915
116.331 39.9915
116.331 39.9915
116.331 39.9915
116.332 39.9915
116.332 39.9915
116.332 39.9915
116.332 39.9916
116.332 39.9917
116.332 39.9917
116.332 39.9917
116.332 39.9917
116.333 39.9916
116.333 39.9916
116.333 39.9916
116.333 39.9916
116.333 39.9916
116.333 39.9916
116.333 39.9916
116.333 39.9916
116.334 39.9916
116.334 39.9916
116.334 39.9916
116.334 39.9916
116.334 39.9916
116.334 39.9916
116.334 39.9917
116.334 39.9918
116.334 39.992
116.334 39.992
116.334 39.9921
116.334 39.9923
116.334 39.9925
116.334 39.9927
116.334 39.9928
116.334 39.9929
116.334 39.993
116.334 39.9931
116.334 39.9932
116.334 39.9934
116.334 39.9935
116.334 39.9936
116.334 39.9937
116.334 39.9938
116.334 39.994
116.334 39.9941
116.334 39.9942
116.334 39.9943
116.334 39.9944
116.334 39.9946
116.334 39.9947
116.334 39.9948
116.334 39.9949
116.334 39.995
116.334 39.9951
116.334 39.9952
116.334 39.9953
116.334 39.9954
116.334 39.9955
116.334 39.9956
116.334 39.9958
116.334 39.9959
116.334 39.996
116.334 39.9962
116.334 39.9963
116.334 39.9965
116.334 39.9966
116.334 39.9966
116.334 39.9968
116.334 39.9969
116.334 39.997
116.334 39.9971
116.334 39.9972
116.334 39.9974
116.334 39.9975
116.334 39.9976
116.334 39.9977
116.334 39.9978
116.334 39.9979
116.334 39.998
116.334 39.9981
116.334 39.9982
116.334 39.9982
116.334 39.9983
116.334 39.9984
116.334 39.9985
116.334 39.9986
116.334 39.9985
116.334 39.9984
116.334 39.9983
116.334 39.9982
116.334 39.9982
116.334 39.9981
116.334 39.9981
116.333 39.9981
116.333 39.9981
116.333 39.9982
116.333 39.9982
116.333 39.9982
116.333 39.9981
116.333 39.998
116.333 39.9979
116.333 39.9978
116.333 39.9978
116.333 39.9978
116.333 39.9978
116.332 39.9978
116.332 39.9978
116.332 39.9978
116.332 39.9979
116.333 39.9979
116.333 39.9979
116.333 39.9979
116.333 39.9979
116.333 39.9978
116.333 39.9977
116.333 39.9975
116.333 39.9974
116.333 39.9969
116.334 39.9965
116.334 39.9964
116.334 39.9965
116.334 39.9966
116.334 39.9967
116.334 39.9968
116.334 39.9969
116.335 39.9969
116.335 39.9969
116.335 39.9969
116.335 39.9969
116.335 39.9967
116.335 39.9966
116.335 39.9965
116.335 39.9963
116.335 39.9962
116.335 39.996
116.335 39.9959
116.335 39.9957
116.335 39.9956
116.335 39.9955
116.335 39.9954
116.335 39.9952
116.335 39.9951
116.335 39.995
116.335 39.9949
116.335 39.9948
116.335 39.9947
116.335 39.9946
116.335 39.9944
116.335 39.9943
116.335 39.9941
116.335 39.9939
116.335 39.9938
116.335 39.9936
116.335 39.9935
116.335 39.9933
116.335 39.9932
116.335 39.993
116.335 39.9929
116.335 39.9927
116.335 39.9925
116.335 39.9924
116.335 39.9923
116.335 39.9922
116.335 39.9921
116.335 39.992
116.335 39.9919
116.335 39.9918
116.335 39.9917
116.335 39.9916
116.335 39.9915
116.335 39.9914
116.335 39.9912
116.335 39.9911
116.334 39.9913
116.334 39.9913
116.334 39.9913
116.334 39.9912
116.334 39.991
116.334 39.9909
116.334 39.9908
116.334 39.9907
116.334 39.9905
116.334 39.9904
116.334 39.9902
116.334 39.99
116.334 39.9899
116.334 39.9898
116.334 39.9896
116.334 39.9894
116.334 39.9893
116.334 39.9891
116.334 39.989
116.334 39.9889
116.334 39.9888
116.334 39.9886
116.334 39.9884
116.334 39.9883
116.334 39.9882
116.334 39.9881
116.334 39.988
116.334 39.9879
116.334 39.9878
116.334 39.9877
116.334 39.9876
116.334 39.9875
116.334 39.9875
116.334 39.9873
116.334 39.9871
116.334 39.987
116.334 39.9869
116.334 39.9867
116.334 39.9866
116.334 39.9864
116.334 39.9862
116.334 39.9861
116.334 39.9859
116.334 39.9858
116.334 39.9856
116.334 39.9855
116.334 39.9854
116.334 39.9853
116.334 39.9852
116.334 39.9851
116.334 39.9849
116.334 39.9848
116.334 39.9847
116.334 39.9845
116.334 39.9844
116.334 39.9842
116.334 39.9841
116.334 39.984
116.334 39.9839
116.334 39.9838
116.334 39.9837
116.334 39.9836
116.335 39.9835
116.335 39.9834
116.335 39.9833
116.335 39.9832
116.335 39.9831
116.335 39.983
116.335 39.9829
116.335 39.9828
116.335 39.9827
116.335 39.9826
116.335 39.9824
116.335 39.9823
116.335 39.9821
116.335 39.9819
116.335 39.9818
116.335 39.9816
116.335 39.9815
116.335 39.9813
116.335 39.9811
116.335 39.981
116.335 39.9809
116.335 39.9808
116.335 39.9807
116.335 39.9806
116.335 39.9806
116.335 39.9805
116.335 39.9804
116.335 39.9803
116.335 39.9802
116.335 39.9801
116.335 39.98
116.335 39.9799
116.335 39.9798
116.335 39.9796
116.335 39.9795
116.335 39.9793
116.335 39.9792
116.335 39.979
116.335 39.9788
116.335 39.9787
116.335 39.9786
116.335 39.9785
116.335 39.9784
116.335 39.9783
116.335 39.9782
116.335 39.9781
116.335 39.978
116.335 39.9779
116.335 39.9777
116.335 39.9776
116.335 39.9774
116.335 39.9773
116.335 39.9772
116.335 39.9771
116.335 39.977
116.335 39.9769
116.335 39.9768
116.336 39.9766
116.336 39.9765
116.336 39.9764
116.336 39.9763
116.336 39.9762
116.336 39.9761
116.336 39.976
116.336 39.9759
116.336 39.9759
116.336 39.9758
116.336 39.9757
116.337 39.9756
116.337 39.9756
116.337 39.9755
116.337 39.9755
116.337 39.9754
116.337 39.9753
116.337 39.9753
116.337 39.9752
116.337 39.9752
116.337 39.9752
116.337 39.9752
116.337 39.9752
116.337 39.9752
116.336 39.9752
116.336 39.9752
116.336 39.9752
116.336 39.9752
116.336 39.9752
116.336 39.9752
116.336 39.9752
116.336 39.9752
116.336 39.9752
116.335 39.9752
116.335 39.9752
116.335 39.9752
116.335 39.9752
116.335 39.9752
116.335 39.9752
116.335 39.9752
116.335 39.9752
116.335 39.9752
116.335 39.9752
116.334 39.9752
116.334 39.9752
116.334 39.9752
116.334 39.9752
116.334 39.9752
116.334 39.9752
116.334 39.9751
116.334 39.9752
116.334 39.9752
116.333 39.9752
116.333 39.9752
116.333 39.9752
116.333 39.9752
116.333 39.9752
116.333 39.9752
116.333 39.9752
116.333 39.9752
116.332 39.9752
116.332 39.9752
116.332 39.9752
116.332 39.9752
116.332 39.9752
116.332 39.9752
116.332 39.9752
116.332 39.9752
116.332 39.9752
116.331 39.9752
116.331 39.9753
116.331 39.9753
116.331 39.9753
116.331 39.9753
116.331 39.9753
116.331 39.9753
116.331 39.9753
116.33 39.9753
116.33 39.9753
116.33 39.9753
116.33 39.9753
116.33 39.9753
116.33 39.9753
116.33 39.9753
116.329 39.9753
116.329 39.9753
116.329 39.9753
116.329 39.9753
116.329 39.9753
116.329 39.9753
116.329 39.9753
116.329 39.9753
116.329 39.9753
116.328 39.9753
116.328 39.9753
116.328 39.9754
116.328 39.9753
116.328 39.9753
116.328 39.9754
116.328 39.9754
116.328 39.9755
116.328 39.9756
116.328 39.9757
116.328 39.9759
116.328 39.976
116.328 39.9761
116.328 39.9762
116.328 39.9763
116.328 39.9764
116.328 39.9765
116.328 39.9766
116.328 39.9767
116.328 39.9768
116.328 39.9769
116.328 39.977
116.328 39.9771
116.328 39.9772
116.328 39.9773
116.328 39.9775
116.328 39.9776
116.328 39.9777
116.328 39.9778
116.328 39.9779
116.328 39.9781
116.328 39.9782
116.328 39.9783
116.328 39.9784
116.328 39.9785
116.328 39.9787
116.328 39.9788
116.328 39.9789
116.328 39.979
116.328 39.9791
116.328 39.9792
116.328 39.9793
116.328 39.9794
116.328 39.9795
116.328 39.9796
116.328 39.9797
116.328 39.9798
116.327 39.9798
116.327 39.9797
116.327 39.9796
116.327 39.9794
116.327 39.9793
116.327 39.9792
116.327 39.9791
116.327 39.979
116.327 39.9788
116.327 39.9787
116.327 39.9786
116.327 39.9785
116.327 39.9784
116.327 39.9783
116.327 39.9782
116.327 39.978
116.327 39.9779
116.327 39.9778
116.327 39.9777
116.327 39.9776
116.327 39.9775
116.327 39.9774
116.327 39.9773
116.327 39.9772
116.327 39.9771
116.327 39.977
116.327 39.9769
116.327 39.9768
116.327 39.9767
116.327 39.9766
116.327 39.9765
116.327 39.9764
116.327 39.9763
116.327 39.9761
116.327 39.976
116.327 39.9758
116.327 39.9757
116.327 39.9756
116.327 39.9755
116.327 39.9754
116.328 39.9753
116.328 39.9752
116.328 39.9752
116.328 39.9751
116.328 39.9751
116.328 39.9751
116.328 39.9751
116.328 39.9751
116.328 39.9751
116.329 39.9751
116.329 39.9751
116.329 39.9751
116.329 39.9751
116.329 39.9751
116.329 39.9751
116.329 39.9751
116.329 39.9751
116.329 39.9751
116.329 39.9751
116.33 39.9751
116.33 39.9751
116.33 39.9751
116.33 39.9751
116.33 39.9751
116.33 39.9751
116.33 39.9751
116.33 39.9751
116.33 39.9751
116.331 39.9751
116.331 39.9751
116.331 39.9751
116.331 39.9751
116.331 39.9751
116.331 39.9751
116.331 39.975
116.331 39.975
116.331 39.975
116.332 39.975
116.332 39.9751
116.332 39.9749
116.332 39.9749
116.332 39.9748
116.332 39.9746
116.332 39.9745
116.332 39.9744
116.332 39.9742
116.332 39.9741
116.332 39.974
116.332 39.9738
116.332 39.9737
116.332 39.9736
116.332 39.9735
116.332 39.9735
116.332 39.9733
116.332 39.9732
116.332 39.9731
116.332 39.973
116.332 39.9729
116.332 39.9728
116.332 39.9728
116.332 39.9727
116.332 39.9726
116.332 39.9726
116.332 39.9726
116.332 39.9726
116.331 39.9726
116.331 39.9727
116.331 39.9727
116.331 39.9727
116.331 39.9726
116.331 39.9726
116.331 39.9726
116.331 39.9726
116.33 39.9726
116.33 39.9726
116.33 39.9726
116.33 39.9727
116.33 39.9726
116.33 39.9727
116.33 39.9727
116.329 39.9727
116.329 39.9727
116.329 39.9728
116.329 39.9728
116.329 39.9728
116.329 39.9728
116.329 39.9728
116.329 39.9728
116.329 39.9728
116.328 39.9728
116.328 39.9728
116.328 39.9728
116.328 39.9728
116.328 39.9729
116.328 39.973
116.328 39.9731
116.328 39.9732
116.328 39.9734
116.328 39.9735
116.328 39.9737
116.328 39.9738
116.328 39.9739
116.328 39.9741
116.328 39.9742
116.328 39.9743
116.328 39.9744
116.328 39.9746
116.328 39.9748
116.328 39.975
116.328 39.9751
116.328 39.9753
116.328 39.9754
116.328 39.9756
116.328 39.9757
116.328 39.9759
116.328 39.976
116.328 39.9761
116.328 39.9762
116.328 39.9763
116.328 39.9764
116.328 39.9765
116.328 39.9766
116.328 39.9768
116.328 39.9769
116.328 39.9771
116.328 39.9772
116.328 39.9773
116.327 39.9774
116.327 39.9775
116.327 39.9776
116.327 39.9777
116.327 39.9778
116.327 39.978
116.327 39.9781
116.327 39.9783
116.327 39.9784
116.327 39.9785
116.327 39.9786
116.327 39.9787
116.327 39.9788
116.327 39.9789
116.327 39.979
116.327 39.979
116.327 39.9792
116.327 39.9793
116.327 39.9794
116.327 39.9795
116.327 39.9796
116.327 39.9797
116.327 39.9798
116.327 39.9798
116.327 39.9798
116.327 39.9798
116.327 39.9798
116.327 39.9798
116.326 39.9798
116.326 39.9798
116.326 39.9798
116.326 39.9798
116.326 39.9798
116.326 39.9798
116.326 39.9798
116.326 39.9798
116.325 39.9798
116.325 39.9798
116.325 39.9798
116.325 39.9797
116.325 39.9797
116.325 39.9797
116.324 39.9797
116.324 39.9797
116.324 39.9797
116.324 39.9797
116.324 39.9797
116.324 39.9797
116.324 39.9797
116.323 39.9797
116.323 39.9797
116.323 39.9797
116.323 39.9797
116.323 39.9797
116.323 39.9797
116.323 39.9797
116.323 39.9797
116.322 39.9796
116.322 39.9796
116.322 39.9796
116.322 39.9796
116.322 39.9796
116.322 39.9796
116.322 39.9796
116.322 39.9796
116.322 39.9796
116.321 39.9796
116.321 39.9796
116.321 39.9796
116.321 39.9796
116.321 39.9796
116.321 39.9797
116.321 39.9797
116.321 39.9797
116.32 39.9797
116.32 39.9797
116.32 39.9797
116.32 39.9797
116.32 39.9797
116.32 39.9797
116.32 39.9797
116.32 39.9797
116.32 39.9797
116.319 39.9797
116.319 39.9797
116.319 39.9798
116.319 39.9798
116.319 39.9798
116.319 39.9799
116.319 39.98
116.319 39.9803
116.319 39.9804
116.319 39.9805
116.319 39.9806
116.319 39.9807
116.319 39.9808
116.319 39.9809
116.319 39.981
116.319 39.9811
116.319 39.9812
116.319 39.9813
116.319 39.9814
116.319 39.9816
116.319 39.9817
116.319 39.9819
116.319 39.982
116.319 39.9821
116.319 39.9822
116.319 39.9824
116.319 39.9825
116.319 39.9827
116.319 39.9828
116.319 39.9829
116.319 39.983
116.318 39.983
116.318 39.983
116.318 39.9829
116.318 39.9828
116.318 39.9829
116.318 39.983
116.318 39.983
116.319 39.9831
116.319 39.9832
116.319 39.9833
116.319 39.9834
116.319 39.9835
116.319 39.9836
116.319 39.9837
116.319 39.9838
116.319 39.9839
116.319 39.9841
116.319 39.9842
116.319 39.9842
116.319 39.9842
116.319 39.9842
116.319 39.9842
116.319 39.9843
116.319 39.9843
116.32 39.9843
116.32 39.9843
116.32 39.9843
116.32 39.9843
116.32 39.9843
116.32 39.9843
116.32 39.9843
116.321 39.9843
116.321 39.9843
116.321 39.9843
116.321 39.9843
116.321 39.9844
116.321 39.9845
116.321 39.9846
116.321 39.9847
116.321 39.9848
116.321 39.9848
116.321 39.9848
116.321 39.9848
116.32 39.9848
116.32 39.9848
116.32 39.9849
116.32 39.985
116.32 39.985
116.32 39.985
116.32 39.985
116.32 39.9849
116.32 39.9849
116.32 39.9849
116.32 39.9849
116.319 39.985
116.319 39.985
116.319 39.9851
116.319 39.9852
116.319 39.9853
116.319 39.9855
116.319 39.9856
116.319 39.9857
116.319 39.9858
116.319 39.9859
116.319 39.9861
116.319 39.9862
116.319 39.9863
116.319 39.9864
116.319 39.9865
116.319 39.9866
116.319 39.9866
116.32 39.9866
116.32 39.9866
116.32 39.9866
116.32 39.9866
116.32 39.9866
116.32 39.9866
116.32 39.9866
116.32 39.9866
116.321 39.9866
116.321 39.9867
116.321 39.9867
116.321 39.9867
116.321 39.9866
116.321 39.9865
116.321 39.9864
116.321 39.9863
116.321 39.9861
116.321 39.986
116.321 39.9859
116.321 39.9858
116.321 39.9857
116.321 39.9856
116.321 39.9855
116.321 39.9854
116.321 39.9852
116.321 39.9851
116.321 39.985
116.321 39.9849
116.321 39.9848
116.321 39.9847
116.321 39.9846
116.321 39.9845
116.321 39.9843
116.321 39.9842
116.321 39.984
116.321 39.9839
116.321 39.9838
116.321 39.9837
116.321 39.9836
116.321 39.9835
116.321 39.9834
116.321 39.9833
116.321 39.9832
116.321 39.9831
116.321 39.983
116.321 39.9829
116.321 39.9828
116.321 39.9826
116.321 39.9825
116.321 39.9824
116.321 39.9824
116.321 39.9824
116.321 39.9824
116.321 39.9824
116.32 39.9824
116.32 39.9824
116.32 39.9824
116.32 39.9823
116.32 39.9823
116.32 39.9823
116.32 39.9823
116.32 39.9823
116.32 39.9823
116.319 39.9824
116.319 39.9824
116.319 39.9824
116.319 39.9824
116.319 39.9823
116.319 39.9823
116.319 39.9823
116.319 39.9824
116.319 39.9825
116.319 39.9826
116.319 39.9827
116.319 39.9828
116.319 39.983
116.318 39.983
116.318 39.983
116.318 39.9829
116.318 39.9828
116.318 39.9829
116.318 39.983
116.318 39.983
116.319 39.9831
116.319 39.9832
116.319 39.9834
116.319 39.9835
116.319 39.9836
116.319 39.9838
116.319 39.9839
116.319 39.984
116.319 39.9841
116.319 39.9841
116.319 39.9841
116.319 39.9842
116.319 39.9842
116.319 39.9842
116.319 39.9842
116.319 39.9842
116.32 39.9842
116.32 39.9842
116.32 39.9842
116.32 39.9843
116.32 39.9843
116.32 39.9843
116.32 39.9843
116.321 39.9843
116.321 39.9843
116.321 39.9843
116.321 39.9843
116.321 39.9843
116.321 39.9844
116.321 39.9845
116.321 39.9847
116.321 39.9847
116.321 39.9848
116.321 39.9848
116.321 39.9848
116.32 39.9848
116.32 39.9848
116.32 39.9849
116.32 39.985
116.32 39.985
116.32 39.985
116.32 39.985
116.32 39.985
116.32 39.9849
