116.61 40.0493
116.61 40.0493
116.61 40.0495
116.61 40.0496
116.61 40.0497
116.61 40.0498
116.61 40.0499
116.61 40.05
116.61 40.0501
116.61 40.0502
116.61 40.0503
116.61 40.0504
116.61 40.0505
116.61 40.0507
116.61 40.0508
116.61 40.0508
116.61 40.051
116.61 40.051
116.61 40.0511
116.61 40.0512
116.61 40.0513
116.61 40.0514
116.61 40.0517
116.61 40.0518
116.61 40.052
116.61 40.0521
116.61 40.0521
116.61 40.0522
116.61 40.0523
116.61 40.0524
116.61 40.0525
116.61 40.0526
116.61 40.0526
116.605 40.0317
116.605 40.0316
116.605 40.0315
116.605 40.0313
116.604 40.0311
116.604 40.031
116.604 40.0309
116.604 40.0307
116.604 40.0306
116.604 40.0305
116.604 40.0304
116.604 40.0303
116.603 40.0302
116.603 40.0301
116.603 40.03
116.603 40.03
116.603 40.0299
116.602 40.0299
116.602 40.0298
116.602 40.0298
116.602 40.0297
116.602 40.0297
116.602 40.0297
116.601 40.0297
116.601 40.0297
116.601 40.0297
116.601 40.0297
116.601 40.0297
116.6 40.0297
116.6 40.0298
116.6 40.0298
116.6 40.0298
116.6 40.0299
116.599 40.0299
116.599 40.03
116.599 40.0301
116.599 40.0302
116.599 40.0303
116.599 40.0304
116.598 40.0305
116.598 40.0306
116.598 40.0307
116.598 40.0308
116.598 40.0309
116.597 40.031
116.597 40.0311
116.597 40.0312
116.597 40.0313
116.597 40.0314
116.596 40.0315
116.596 40.0316
116.596 40.0317
116.596 40.0318
116.596 40.0319
116.596 40.032
116.595 40.0321
116.595 40.0322
116.595 40.0324
116.595 40.0325
116.595 40.0326
116.594 40.0327
116.594 40.0328
116.594 40.0329
116.594 40.033
116.593 40.0333
116.593 40.0334
116.593 40.0335
116.593 40.0336
116.592 40.0337
116.592 40.0338
116.592 40.0339
116.592 40.034
116.591 40.0341
116.591 40.0342
116.591 40.0343
116.591 40.0343
116.591 40.0344
116.59 40.0345
116.59 40.0345
116.59 40.0346
116.59 40.0346
116.589 40.0347
116.589 40.0347
116.589 40.0348
116.589 40.0348
116.588 40.0348
116.588 40.0349
116.588 40.0349
116.588 40.0349
116.587 40.0349
116.587 40.035
116.587 40.035
116.586 40.035
116.586 40.035
116.586 40.035
116.586 40.035
116.585 40.0349
116.585 40.0349
116.585 40.0349
116.584 40.0349
116.584 40.0348
116.584 40.0348
116.584 40.0348
116.583 40.0347
116.583 40.0347
116.583 40.0346
116.582 40.0346
116.582 40.0345
116.582 40.0345
116.582 40.0345
116.581 40.0344
116.581 40.0344
116.581 40.0343
116.58 40.0343
116.58 40.0342
116.58 40.0342
116.58 40.0341
116.579 40.0341
116.579 40.034
116.579 40.034
116.579 40.0339
116.578 40.0339
116.578 40.0338
116.578 40.0338
116.577 40.0338
116.577 40.0337
116.577 40.0337
116.577 40.0336
116.576 40.0336
116.576 40.0336
116.576 40.0335
116.576 40.0335
116.575 40.0335
116.575 40.0335
116.575 40.0335
116.575 40.0334
116.575 40.0334
116.574 40.0334
116.574 40.0334
116.574 40.0334
116.574 40.0334
116.573 40.0334
116.573 40.0334
116.573 40.0334
116.573 40.0334
116.573 40.0335
116.572 40.0335
116.572 40.0335
116.572 40.0335
116.572 40.0336
116.572 40.0336
116.571 40.0337
116.571 40.0337
116.571 40.0338
116.571 40.0339
116.571 40.034
116.571 40.0341
116.57 40.0342
116.57 40.0343
116.57 40.0344
116.57 40.0345
116.57 40.0346
116.57 40.0347
116.57 40.0348
116.569 40.0349
116.569 40.035
116.569 40.0351
116.569 40.0352
116.569 40.0353
116.569 40.0354
116.569 40.0354
116.569 40.0355
116.568 40.0356
116.568 40.0356
116.568 40.0356
116.568 40.0356
116.568 40.0357
116.568 40.0357
116.568 40.0357
116.567 40.0357
116.567 40.0357
116.567 40.0357
116.567 40.0357
116.567 40.0356
116.566 40.0356
116.566 40.0355
116.566 40.0355
116.566 40.0354
116.566 40.0353
116.566 40.0353
116.565 40.0352
116.565 40.0351
116.565 40.035
116.565 40.0349
116.565 40.0348
116.564 40.0347
116.564 40.0346
116.564 40.0345
116.564 40.0344
116.564 40.0343
116.564 40.0342
116.563 40.0341
116.563 40.034
116.563 40.0339
116.563 40.0338
116.563 40.0338
116.562 40.0337
116.562 40.0336
116.562 40.0335
116.562 40.0334
116.562 40.0332
116.561 40.0331
116.561 40.033
116.561 40.0329
116.561 40.0328
116.561 40.0327
116.56 40.0325
116.56 40.0324
116.56 40.0323
116.56 40.0322
116.559 40.032
116.559 40.0319
116.559 40.0318
116.559 40.0317
116.559 40.0315
116.558 40.0314
116.558 40.0313
116.558 40.0312
116.558 40.031
116.557 40.0309
116.557 40.0308
116.557 40.0307
116.557 40.0305
116.556 40.0304
116.556 40.0303
116.556 40.0302
116.556 40.0301
116.555 40.03
116.555 40.0299
116.555 40.0298
116.555 40.0297
116.554 40.0296
116.554 40.0295
116.554 40.0294
116.554 40.0293
116.553 40.0292
116.553 40.0291
116.553 40.029
116.553 40.0289
116.552 40.0288
116.552 40.0287
116.552 40.0287
116.551 40.0286
116.551 40.0285
116.551 40.0284
116.551 40.0283
116.55 40.0283
116.55 40.0282
116.55 40.0281
116.55 40.028
116.549 40.0279
116.549 40.0278
116.549 40.0277
116.548 40.0277
116.548 40.0276
116.548 40.0275
116.548 40.0274
116.547 40.0273
116.547 40.0272
116.547 40.0271
116.546 40.027
116.546 40.0269
116.546 40.0269
116.546 40.0268
116.545 40.0267
116.545 40.0266
116.545 40.0265
116.544 40.0264
116.544 40.0263
116.544 40.0262
116.544 40.0261
116.543 40.026
116.543 40.0259
116.543 40.0258
116.542 40.0257
116.542 40.0256
116.542 40.0255
116.542 40.0254
116.541 40.0254
116.541 40.0253
116.541 40.0252
116.541 40.0251
116.54 40.025
116.54 40.0249
116.54 40.0248
116.539 40.0247
116.539 40.0246
116.539 40.0245
116.539 40.0244
116.538 40.0243
116.538 40.0242
116.538 40.0241
116.538 40.024
116.537 40.0239
116.537 40.0238
116.537 40.0237
116.536 40.0236
116.536 40.0235
116.536 40.0234
116.536 40.0233
116.535 40.0232
116.535 40.0231
116.535 40.023
116.535 40.0229
116.534 40.0228
116.534 40.0227
116.534 40.0226
116.533 40.0226
116.533 40.0225
116.533 40.0224
116.533 40.0223
116.532 40.0222
116.532 40.0221
116.532 40.022
116.532 40.0219
116.531 40.0218
116.531 40.0217
116.531 40.0216
116.53 40.0215
116.53 40.0213
116.53 40.0212
116.53 40.0211
116.529 40.021
116.529 40.0209
116.529 40.0208
116.528 40.0207
116.528 40.0206
116.528 40.0205
116.528 40.0204
116.527 40.0203
116.527 40.0203
116.527 40.0202
116.526 40.0201
116.526 40.02
116.526 40.0199
116.526 40.0198
116.526 40.0197
116.525 40.0197
116.525 40.0196
116.525 40.0195
116.525 40.0195
116.525 40.0195
116.525 40.0194
116.525 40.0194
116.525 40.0194
116.524 40.0193
116.524 40.0193
116.524 40.0193
116.524 40.0192
116.524 40.0192
116.524 40.0192
116.524 40.0191
116.524 40.0191
116.524 40.019
116.524 40.019
116.523 40.0189
116.523 40.0188
116.523 40.0188
116.523 40.0188
116.523 40.0187
116.523 40.0187
116.523 40.0186
116.523 40.0186
116.522 40.0186
116.522 40.0185
116.522 40.0185
116.522 40.0184
116.522 40.0184
116.522 40.0183
116.522 40.0183
116.522 40.0182
116.521 40.0182
116.521 40.0181
116.521 40.018
116.521 40.018
116.521 40.0179
116.521 40.0179
116.521 40.0178
116.52 40.0178
116.52 40.0177
116.52 40.0177
116.52 40.0176
116.52 40.0175
116.52 40.0175
116.519 40.0174
116.519 40.0174
116.519 40.0173
116.519 40.0172
116.519 40.0172
116.519 40.0171
116.518 40.0171
116.518 40.017
116.518 40.0169
116.518 40.0169
116.518 40.0168
116.518 40.0168
116.517 40.0167
116.517 40.0167
116.517 40.0166
116.517 40.0165
116.517 40.0165
116.517 40.0164
116.516 40.0163
116.516 40.0162
116.516 40.0161
116.516 40.0161
116.516 40.016
116.516 40.0159
116.515 40.0158
116.515 40.0157
116.515 40.0157
116.515 40.0156
116.515 40.0155
116.515 40.0154
116.514 40.0153
116.514 40.0153
116.514 40.0152
116.514 40.0151
116.514 40.015
116.514 40.0149
116.514 40.0148
116.513 40.0148
116.513 40.0147
116.513 40.0146
116.513 40.0145
116.513 40.0144
116.513 40.0143
116.512 40.0142
116.512 40.0141
116.512 40.014
116.512 40.0139
116.512 40.0138
116.512 40.0137
116.512 40.0136
116.511 40.0135
116.511 40.0133
116.511 40.0132
116.511 40.0131
116.511 40.0131
116.511 40.013
116.511 40.0129
116.511 40.0128
116.511 40.0127
116.51 40.0126
116.51 40.0125
116.51 40.0124
116.51 40.0123
116.51 40.0122
116.51 40.0121
116.51 40.012
116.51 40.0119
116.509 40.0118
116.509 40.0116
116.509 40.0115
116.509 40.0114
116.509 40.0113
116.509 40.0112
116.509 40.0111
116.509 40.011
116.508 40.0109
116.508 40.0108
116.508 40.0107
116.508 40.0106
116.508 40.0105
116.508 40.0104
116.508 40.0103
116.508 40.0102
116.508 40.0101
116.507 40.01
116.507 40.0099
116.507 40.0098
116.507 40.0096
116.507 40.0095
116.507 40.0094
116.507 40.0093
116.506 40.0091
116.506 40.009
116.506 40.0089
116.506 40.0088
116.506 40.0086
116.506 40.0085
116.506 40.0084
116.505 40.0082
116.505 40.0081
116.505 40.0079
116.505 40.0078
116.505 40.0076
116.505 40.0075
116.504 40.0074
116.504 40.0072
116.504 40.0071
116.504 40.007
116.504 40.0068
116.504 40.0067
116.504 40.0066
116.503 40.0065
116.503 40.0063
116.503 40.0062
116.503 40.0061
116.503 40.006
116.503 40.0059
116.503 40.0057
116.503 40.0056
116.502 40.0055
116.502 40.0053
116.502 40.0052
116.502 40.0051
116.502 40.005
116.502 40.0048
116.502 40.0047
116.501 40.0046
116.501 40.0045
116.501 40.0043
116.501 40.0042
116.501 40.0041
116.501 40.0039
116.501 40.0038
116.5 40.0037
116.5 40.0035
116.5 40.0034
116.5 40.0033
116.5 40.0031
116.5 40.003
116.499 40.0029
116.499 40.0027
116.499 40.0026
116.499 40.0025
116.499 40.0023
116.499 40.0022
116.499 40.0021
116.498 40.0019
116.498 40.0018
116.498 40.0017
116.498 40.0016
116.498 40.0014
116.498 40.0013
116.498 40.0012
116.498 40.0011
116.497 40.001
116.497 40.0008
116.497 40.0007
116.497 40.0006
116.497 40.0005
116.497 40.0004
116.497 40.0002
116.496 40.0001
116.496 40
116.496 39.9999
116.496 39.9998
116.496 39.9996
116.496 39.9995
116.496 39.9994
116.496 39.9992
116.495 39.9991
116.495 39.999
116.495 39.9988
116.495 39.9987
116.495 39.9985
116.495 39.9984
116.494 39.9982
116.494 39.9981
116.494 39.9979
116.494 39.9978
116.494 39.9976
116.494 39.9975
116.493 39.9974
116.493 39.9972
116.493 39.9971
116.493 39.9969
116.493 39.9968
116.493 39.9966
116.492 39.9964
116.492 39.9963
116.492 39.9961
116.492 39.996
116.492 39.9958
116.492 39.9957
116.491 39.9956
116.491 39.9954
116.491 39.9953
116.491 39.9951
116.491 39.995
116.491 39.9948
116.49 39.9946
116.49 39.9945
116.49 39.9943
116.49 39.9942
116.49 39.994
116.49 39.9939
116.489 39.9937
116.489 39.9936
116.489 39.9934
116.489 39.9933
116.489 39.9931
116.489 39.993
116.488 39.9928
116.488 39.9926
116.488 39.9925
116.488 39.9923
116.488 39.9922
116.488 39.992
116.487 39.9919
116.487 39.9917
116.487 39.9916
116.487 39.9914
116.487 39.9912
116.487 39.9911
116.486 39.9909
116.486 39.9908
116.486 39.9906
116.486 39.9905
116.486 39.9903
116.486 39.9902
116.485 39.99
116.485 39.9899
116.485 39.9897
116.485 39.9896
116.485 39.9894
116.485 39.9892
116.484 39.9891
116.484 39.9889
116.484 39.9888
116.484 39.9886
116.484 39.9885
116.484 39.9883
116.483 39.9882
116.483 39.988
116.483 39.9879
116.483 39.9877
116.483 39.9876
116.482 39.9874
116.482 39.9872
116.482 39.9871
116.482 39.9869
116.482 39.9868
116.482 39.9866
116.481 39.9864
116.481 39.9863
116.481 39.9861
116.481 39.9859
116.481 39.9858
116.48 39.9856
116.48 39.9854
116.48 39.9853
116.48 39.9851
116.48 39.9849
116.48 39.9848
116.479 39.9846
116.479 39.9844
116.479 39.9843
116.479 39.9841
116.479 39.9839
116.478 39.9838
116.478 39.9836
116.478 39.9834
116.478 39.9833
116.478 39.9831
116.478 39.9829
116.477 39.9827
116.477 39.9826
116.477 39.9824
116.477 39.9822
116.477 39.9821
116.476 39.9819
116.476 39.9817
116.476 39.9816
116.476 39.9814
116.476 39.9813
116.476 39.9811
116.475 39.981
116.475 39.9808
116.475 39.9807
116.475 39.9805
116.475 39.9804
116.475 39.9802
116.474 39.9801
116.474 39.9799
116.474 39.9798
116.474 39.9796
116.474 39.9795
116.474 39.9793
116.473 39.9792
116.473 39.979
116.473 39.9789
116.473 39.9787
116.473 39.9786
116.473 39.9784
116.472 39.9783
116.472 39.9781
116.472 39.978
116.472 39.9778
116.472 39.9777
116.472 39.9775
116.471 39.9774
116.471 39.9772
116.471 39.9771
116.471 39.9769
116.471 39.9768
116.471 39.9767
116.47 39.9765
116.47 39.9764
116.47 39.9763
116.47 39.9762
116.47 39.976
116.47 39.9759
116.47 39.9758
116.469 39.9757
116.469 39.9755
116.469 39.9754
116.469 39.9753
116.469 39.9751
116.469 39.975
116.468 39.9748
116.468 39.9747
116.468 39.9746
116.468 39.9745
116.468 39.9744
116.468 39.9743
116.468 39.9742
116.467 39.9741
116.467 39.974
116.467 39.9739
116.467 39.9738
116.467 39.9737
116.467 39.9736
116.467 39.9735
116.467 39.9734
116.466 39.9733
116.466 39.9732
116.466 39.9731
116.466 39.973
116.466 39.9729
116.466 39.9729
116.466 39.9728
116.466 39.9727
116.466 39.9726
116.466 39.9725
116.465 39.9725
116.465 39.9724
116.465 39.9723
116.465 39.9722
116.465 39.9721
116.465 39.972
116.465 39.9719
116.465 39.9719
116.465 39.9718
116.465 39.9717
116.465 39.9716
116.464 39.9715
116.464 39.9714
116.464 39.9713
116.464 39.9712
116.464 39.9711
116.464 39.9709
116.464 39.9708
116.464 39.9707
116.464 39.9705
116.464 39.9704
116.464 39.9702
116.464 39.9701
116.464 39.9699
116.464 39.9698
116.464 39.9696
116.464 39.9695
116.464 39.9693
116.464 39.9692
116.464 39.9691
116.464 39.9689
116.464 39.9688
116.465 39.9687
116.465 39.9686
116.465 39.9685
116.465 39.9684
116.465 39.9683
116.465 39.9682
116.465 39.9681
116.466 39.968
116.466 39.9679
116.466 39.9678
116.466 39.9678
116.466 39.9677
116.467 39.9676
116.467 39.9675
116.467 39.9674
116.467 39.9674
116.467 39.9673
116.467 39.9672
116.468 39.9671
116.468 39.967
116.468 39.9669
116.468 39.9668
116.468 39.9668
116.468 39.9667
116.468 39.9666
116.469 39.9665
116.469 39.9664
116.469 39.9663
116.469 39.9662
116.469 39.966
116.469 39.9659
116.469 39.9658
116.47 39.9657
116.47 39.9656
116.47 39.9655
116.47 39.9654
116.47 39.9653
116.47 39.9652
116.471 39.9651
116.471 39.965
116.471 39.9648
116.471 39.9647
116.471 39.9646
116.472 39.9645
116.472 39.9644
116.472 39.9643
116.472 39.9642
116.472 39.9641
116.472 39.964
116.473 39.9639
116.473 39.9637
116.473 39.9636
116.473 39.9635
116.473 39.9634
116.473 39.9633
116.474 39.9632
116.474 39.9631
116.474 39.963
116.474 39.9628
116.474 39.9627
116.474 39.9626
116.475 39.9625
116.475 39.9624
116.475 39.9623
116.475 39.9622
116.475 39.962
116.475 39.9619
116.476 39.9618
116.476 39.9617
116.476 39.9616
116.476 39.9615
116.476 39.9614
116.476 39.9612
116.477 39.9611
116.477 39.961
116.477 39.9609
116.477 39.9608
116.477 39.9606
116.477 39.9605
116.478 39.9604
116.478 39.9603
116.478 39.9601
116.478 39.96
116.478 39.9599
116.478 39.9598
116.479 39.9596
116.479 39.9595
116.479 39.9593
116.479 39.9592
116.479 39.9591
116.479 39.9589
116.48 39.9588
116.48 39.9586
116.48 39.9585
116.48 39.9583
116.48 39.9582
116.48 39.958
116.48 39.9579
116.481 39.9578
116.481 39.9576
116.481 39.9575
116.481 39.9573
116.481 39.9571
116.481 39.957
116.481 39.9568
116.481 39.9567
116.481 39.9565
116.482 39.9564
116.482 39.9562
116.482 39.956
116.482 39.9559
116.482 39.9557
116.482 39.9556
116.482 39.9554
116.482 39.9553
116.482 39.9551
116.482 39.955
116.482 39.9548
116.483 39.9547
116.483 39.9545
116.483 39.9543
116.483 39.9542
116.483 39.954
116.483 39.9538
116.483 39.9537
116.483 39.9535
116.483 39.9534
116.483 39.9532
116.483 39.9531
116.483 39.953
116.483 39.9528
116.483 39.9527
116.483 39.9525
116.483 39.9524
116.483 39.9522
116.483 39.9521
116.483 39.952
116.483 39.9518
116.483 39.9517
116.483 39.9516
116.483 39.9514
116.483 39.9513
116.484 39.9512
116.484 39.951
116.484 39.9509
116.484 39.9507
116.484 39.9506
116.484 39.9504
116.484 39.9503
116.484 39.9501
116.484 39.95
116.484 39.9498
116.484 39.9497
116.484 39.9495
116.484 39.9494
116.484 39.9492
116.484 39.9491
116.484 39.9489
116.484 39.9488
116.484 39.9486
116.484 39.9485
116.484 39.9483
116.484 39.9482
116.484 39.948
116.484 39.9479
116.484 39.9477
116.484 39.9476
116.484 39.9474
116.484 39.9472
116.484 39.9471
116.484 39.9469
116.484 39.9467
116.484 39.9466
116.484 39.9464
116.484 39.9462
116.484 39.9461
116.484 39.9459
116.484 39.9457
116.484 39.9456
116.484 39.9454
116.484 39.9453
116.484 39.9451
116.484 39.9449
116.484 39.9448
116.484 39.9446
116.484 39.9445
116.484 39.9443
116.484 39.9441
116.484 39.944
116.484 39.9438
116.484 39.9437
116.484 39.9435
116.484 39.9434
116.484 39.9432
116.484 39.9431
116.484 39.9429
116.484 39.9428
116.484 39.9426
116.484 39.9425
116.484 39.9423
116.484 39.9422
116.484 39.942
116.484 39.9419
116.484 39.9417
116.484 39.9416
116.484 39.9414
116.484 39.9413
116.484 39.9411
116.484 39.9409
116.484 39.9408
116.484 39.9406
116.484 39.9405
116.484 39.9403
116.484 39.9401
116.484 39.94
116.484 39.9398
116.484 39.9396
116.484 39.9395
116.484 39.9393
116.484 39.9392
116.484 39.939
116.484 39.9388
116.484 39.9387
116.484 39.9385
116.484 39.9383
116.484 39.9381
116.484 39.938
116.484 39.9378
116.484 39.9376
116.484 39.9374
116.484 39.9372
116.484 39.9371
116.484 39.9369
116.484 39.9367
116.484 39.9365
116.484 39.9364
116.484 39.9362
116.484 39.936
116.484 39.9359
116.484 39.9357
116.484 39.9355
116.484 39.9353
116.484 39.9352
116.484 39.935
116.484 39.9348
116.484 39.9346
116.484 39.9345
116.484 39.9343
116.484 39.9341
116.484 39.934
116.484 39.9338
116.484 39.9337
116.484 39.9335
116.484 39.9333
116.484 39.9332
116.484 39.933
116.484 39.9329
116.484 39.9327
116.484 39.9326
116.484 39.9324
116.484 39.9322
116.484 39.9321
116.484 39.9319
116.484 39.9317
116.484 39.9316
116.484 39.9314
116.484 39.9313
116.484 39.9311
116.484 39.9309
116.484 39.9308
116.484 39.9306
116.484 39.9305
116.484 39.9303
116.484 39.9301
116.484 39.93
116.484 39.9298
116.484 39.9296
116.484 39.9295
116.484 39.9293
116.484 39.9291
116.484 39.929
116.484 39.9288
116.484 39.9286
116.484 39.9285
116.484 39.9283
116.484 39.9282
116.484 39.928
116.484 39.9278
116.484 39.9277
116.484 39.9275
116.484 39.9274
116.484 39.9272
116.484 39.9271
116.484 39.9269
116.484 39.9268
116.484 39.9266
116.484 39.9265
116.484 39.9263
116.484 39.9261
116.484 39.926
116.484 39.9258
116.484 39.9257
116.484 39.9255
116.484 39.9254
116.484 39.9252
116.484 39.9251
116.484 39.9249
116.484 39.9248
116.484 39.9246
116.484 39.9245
116.484 39.9243
116.484 39.9241
116.484 39.924
116.484 39.9238
116.484 39.9237
116.484 39.9235
116.484 39.9234
116.484 39.9232
116.484 39.9231
116.484 39.9229
116.484 39.9228
116.484 39.9226
116.484 39.9225
116.484 39.9223
116.484 39.9222
116.484 39.922
116.484 39.9219
116.484 39.9217
116.484 39.9216
116.484 39.9214
116.484 39.9213
116.484 39.9211
116.484 39.921
116.484 39.9208
116.484 39.9207
116.484 39.9205
116.484 39.9204
116.484 39.9202
116.484 39.92
116.484 39.9199
116.484 39.9197
116.484 39.9196
116.484 39.9194
116.484 39.9193
116.484 39.9191
116.484 39.919
116.484 39.9188
116.484 39.9187
116.484 39.9186
116.484 39.9184
116.484 39.9183
116.484 39.9182
116.484 39.918
116.484 39.9179
116.484 39.9178
116.484 39.9177
116.484 39.9175
116.484 39.9174
116.484 39.9173
116.484 39.9172
116.484 39.917
116.484 39.9169
116.484 39.9168
116.484 39.9167
116.484 39.9165
116.484 39.9164
116.484 39.9163
116.484 39.9162
116.484 39.9161
116.484 39.916
116.484 39.9159
116.484 39.9158
116.484 39.9156
116.484 39.9155
116.484 39.9154
116.484 39.9153
116.484 39.9152
116.484 39.915
116.484 39.9149
116.484 39.9148
116.484 39.9147
116.484 39.9145
116.484 39.9144
116.484 39.9142
116.484 39.9141
116.484 39.914
116.484 39.9138
116.484 39.9137
116.484 39.9136
116.484 39.9134
116.484 39.9133
116.484 39.9131
116.484 39.913
116.484 39.9128
116.484 39.9127
116.484 39.9126
116.484 39.9124
116.484 39.9123
116.484 39.9121
116.484 39.912
116.484 39.9118
116.484 39.9117
116.484 39.9115
116.484 39.9113
116.484 39.9112
116.484 39.911
116.484 39.9109
116.484 39.9107
116.484 39.9106
116.484 39.9104
116.484 39.9103
116.484 39.9101
116.484 39.91
116.484 39.9098
116.484 39.9097
116.484 39.9095
116.484 39.9094
116.484 39.9092
116.484 39.9091
116.484 39.9089
116.484 39.9088
116.484 39.9087
116.484 39.9085
116.484 39.9084
116.484 39.9083
116.484 39.9082
116.484 39.908
116.484 39.9079
116.484 39.9078
116.484 39.9077
116.483 39.9077
116.483 39.9076
116.483 39.9075
116.483 39.9074
116.483 39.9073
116.484 39.9073
116.484 39.9074
116.484 39.9074
116.484 39.9075
116.484 39.9075
116.484 39.9075
116.484 39.9076
116.484 39.9076
116.484 39.9076
116.485 39.9077
116.485 39.9077
116.485 39.9078
116.485 39.9078
116.485 39.9078
116.485 39.9079
116.485 39.9079
116.485 39.9079
116.486 39.908
116.486 39.908
116.486 39.908
116.486 39.9081
116.486 39.9081
116.486 39.9082
116.486 39.9082
116.486 39.9082
116.486 39.9082
116.486 39.9082
116.487 39.9082
116.487 39.9083
116.487 39.9083
116.487 39.9083
116.487 39.9084
116.487 39.9085
116.488 39.9085
116.488 39.9086
116.488 39.9087
116.488 39.9087
116.488 39.9088
116.489 39.9093
116.489 39.9094
116.49 39.9094
116.49 39.9095
116.49 39.9097
116.491 39.9097
116.491 39.9097
116.491 39.9098
116.491 39.9099
116.491 39.91
116.492 39.91
116.492 39.9099
116.492 39.91
116.492 39.9101
116.492 39.9101
116.492 39.9102
116.493 39.9103
116.493 39.9104
116.493 39.9106
116.488 39.9092
116.489 39.9096
116.481 39.9064
116.481 39.9063
116.481 39.9068
116.481 39.9068
116.482 39.9055
116.482 39.9054
116.482 39.9053
116.482 39.9051
116.482 39.905
116.482 39.9049
116.482 39.9048
116.482 39.9047
116.483 39.9046
116.482 39.9045
116.483 39.9044
116.483 39.9043
116.483 39.9042
116.483 39.9041
116.482 39.904
116.482 39.9039
116.482 39.9038
116.482 39.9037
116.482 39.9036
116.482 39.9035
116.482 39.9034
116.482 39.9034
116.483 39.9033
116.483 39.9033
116.483 39.9033
116.484 39.9035
116.483 39.9037
116.484 39.9037
116.484 39.9037
116.484 39.9038
116.484 39.9039
116.484 39.9041
116.484 39.9042
116.484 39.9043
116.484 39.9044
116.484 39.9045
116.484 39.9046
116.484 39.9047
116.484 39.9048
116.484 39.905
116.484 39.9051
116.484 39.9052
116.484 39.9052
116.484 39.9053
116.484 39.9054
116.484 39.9054
116.484 39.9055
116.484 39.9055
116.484 39.9056
116.485 39.9056
116.485 39.9057
116.485 39.9057
116.485 39.9058
116.485 39.9059
116.485 39.9059
116.485 39.906
116.485 39.906
116.485 39.906
116.486 39.9061
116.486 39.9061
116.486 39.9061
116.486 39.906
116.486 39.906
116.487 39.906
116.487 39.906
116.487 39.906
116.487 39.9061
116.486 39.9076
116.486 39.9072
116.486 39.907
116.486 39.907
116.486 39.9071
116.482 39.9115
116.415 39.8645
116.415 39.8646
116.415 39.8648
116.415 39.8649
116.415 39.865
116.415 39.8651
116.415 39.865
116.415 39.8649
116.415 39.8648
116.415 39.8649
116.415 39.8649
116.415 39.8648
116.415 39.8645
116.415 39.8645
116.415 39.8646
116.415 39.8646
116.415 39.8645
116.415 39.8644
116.415 39.8643
116.415 39.8643
116.415 39.8644
116.415 39.8644
116.415 39.8643
116.415 39.8642
116.415 39.8641
116.415 39.8642
116.415 39.8643
116.415 39.8644
116.415 39.8646
116.415 39.8646
116.415 39.8647
116.415 39.8645
116.415 39.8645
116.415 39.8644
116.415 39.8644
116.414 39.8644
116.414 39.8644
116.414 39.8644
116.414 39.8645
116.414 39.8644
116.414 39.8644
116.414 39.8644
116.414 39.8645
116.414 39.8644
116.414 39.8644
116.414 39.8644
116.413 39.8644
116.413 39.8644
116.415 39.8673
116.415 39.8675
116.415 39.8676
116.416 39.8677
116.416 39.8679
116.416 39.868
116.416 39.8682
116.416 39.8684
116.416 39.8685
116.416 39.8687
116.416 39.8688
116.416 39.869
116.416 39.8691
116.416 39.8693
116.416 39.8695
116.416 39.8696
116.416 39.8697
116.416 39.8698
116.416 39.8699
116.417 39.8701
116.417 39.8702
116.417 39.8703
116.417 39.8704
116.417 39.8705
116.417 39.8707
116.417 39.8708
116.417 39.871
116.417 39.8712
116.417 39.8713
116.417 39.8714
116.417 39.8715
116.417 39.8716
116.418 39.8716
116.418 39.8715
116.418 39.8714
116.418 39.8712
116.417 39.8711
116.417 39.871
116.417 39.8709
116.417 39.8708
116.417 39.8706
116.417 39.8705
116.417 39.8703
116.417 39.8701
116.417 39.8699
116.417 39.8697
116.417 39.8695
116.417 39.8692
116.416 39.869
116.416 39.8688
116.416 39.8686
116.416 39.8683
116.416 39.8681
116.416 39.8679
116.414 39.8646
116.414 39.8645
116.414 39.8645
116.413 39.864
116.41 39.8645
116.41 39.8644
116.41 39.8644
116.41 39.8643
116.41 39.8643
116.409 39.8643
116.409 39.8643
116.409 39.8642
116.409 39.8642
116.409 39.8641
116.409 39.864
116.409 39.8639
116.409 39.8639
116.409 39.8638
116.408 39.8638
116.408 39.8638
116.408 39.8637
116.408 39.8637
116.408 39.8637
116.408 39.8638
116.408 39.8638
116.408 39.8638
116.408 39.8638
116.408 39.8639
116.408 39.8641
116.407 39.8642
116.407 39.8643
116.407 39.8645
116.407 39.8647
116.407 39.8648
116.407 39.8649
116.407 39.8651
116.407 39.8652
116.407 39.8654
116.407 39.8655
116.407 39.8657
116.407 39.8658
116.407 39.866
116.407 39.8661
116.407 39.8662
116.407 39.8663
116.407 39.8665
116.407 39.8667
116.407 39.8668
116.407 39.8669
116.407 39.8671
116.407 39.8671
116.407 39.8673
116.407 39.8674
116.407 39.8676
116.407 39.8678
116.407 39.8679
116.407 39.868
116.407 39.8681
116.407 39.8682
116.407 39.8683
116.407 39.8684
116.407 39.8685
116.407 39.8686
116.407 39.8687
116.407 39.8688
116.407 39.8689
116.407 39.8691
116.407 39.8692
116.407 39.8693
116.407 39.8694
116.407 39.8695
116.407 39.8696
116.407 39.8697
116.407 39.8698
116.407 39.87
116.407 39.8701
116.407 39.8702
116.407 39.8703
116.407 39.8704
116.407 39.8705
116.407 39.8706
116.407 39.8708
116.407 39.8709
116.407 39.8711
116.407 39.8712
116.407 39.8714
116.407 39.8715
116.407 39.8716
116.407 39.8717
116.407 39.8717
116.407 39.8718
116.408 39.8718
116.408 39.8718
116.408 39.8719
116.408 39.8719
116.408 39.8718
116.408 39.8718
116.408 39.8718
116.408 39.8716
116.408 39.8715
116.408 39.8713
116.408 39.8712
116.408 39.8711
116.408 39.8711
116.408 39.871
116.408 39.871
116.408 39.8709
116.408 39.8709
116.408 39.8709
116.408 39.8709
116.407 39.8709
116.407 39.8708
116.407 39.8708
116.407 39.8708
116.407 39.8708
116.407 39.8708
116.407 39.8708
116.406 39.8708
116.406 39.8708
116.406 39.8708
116.406 39.8708
116.406 39.8708
116.406 39.8708
116.405 39.8708
116.405 39.8708
116.405 39.8708
116.405 39.8707
116.405 39.8707
116.404 39.8707
116.404 39.8707
116.404 39.8707
116.404 39.8707
116.404 39.8707
116.403 39.8707
116.403 39.8707
116.403 39.8707
116.403 39.8707
116.403 39.8707
116.402 39.8707
116.402 39.8707
116.402 39.8707
116.402 39.8707
116.402 39.8707
116.402 39.8707
116.401 39.8707
116.401 39.8707
116.401 39.8707
116.401 39.8707
116.401 39.8707
116.4 39.8707
116.4 39.8707
116.4 39.8707
116.4 39.8707
116.4 39.8707
116.4 39.8707
116.399 39.8707
116.399 39.8706
116.399 39.8706
116.399 39.8706
116.399 39.8706
116.398 39.8707
116.398 39.8707
116.398 39.8707
116.398 39.8707
116.398 39.8707
116.397 39.8707
116.397 39.8707
116.397 39.8706
116.397 39.8707
116.397 39.8706
116.397 39.8706
116.396 39.8706
116.396 39.8706
116.396 39.8706
116.396 39.8706
116.396 39.8706
116.396 39.8705
116.395 39.8705
116.395 39.8705
116.395 39.8705
116.395 39.8705
116.395 39.8705
116.395 39.8705
116.395 39.8705
116.394 39.8705
116.394 39.8705
116.394 39.8705
116.394 39.8705
116.394 39.8705
116.394 39.8704
116.393 39.8704
116.393 39.8704
116.393 39.8704
116.393 39.8704
116.393 39.8704
116.393 39.8704
116.392 39.8704
116.392 39.8704
116.392 39.8704
116.392 39.8704
116.392 39.8704
116.392 39.8704
116.392 39.8704
116.391 39.8704
116.391 39.8704
116.391 39.8703
116.391 39.8703
116.391 39.8703
116.391 39.8703
116.391 39.8703
116.391 39.8703
116.39 39.8703
116.39 39.8704
116.39 39.8705
116.39 39.8706
116.39 39.8707
116.39 39.8708
116.39 39.8709
116.39 39.871
116.391 39.871
116.391 39.871
116.391 39.871
116.391 39.871
116.391 39.871
116.391 39.871
116.391 39.871
116.391 39.871
116.391 39.871
116.392 39.871
116.392 39.871
116.392 39.871
116.392 39.871
116.392 39.871
116.392 39.871
116.392 39.871
116.392 39.8709
116.392 39.8708
116.392 39.8707
116.392 39.8706
116.392 39.8704
116.392 39.8702
116.392 39.8701
116.392 39.87
116.392 39.8699
116.392 39.8698
116.392 39.8696
116.392 39.8695
116.392 39.8694
116.393 39.8693
116.393 39.8692
116.393 39.8691
116.393 39.8689
116.393 39.8688
116.393 39.8687
116.393 39.8685
116.393 39.8684
116.393 39.8682
116.393 39.8681
116.393 39.868
116.393 39.8678
116.393 39.8677
116.393 39.8675
116.393 39.8674
116.393 39.8672
116.393 39.867
116.393 39.8668
116.393 39.8667
116.393 39.8666
116.393 39.8664
116.393 39.8663
116.393 39.8662
116.393 39.8661
116.393 39.8659
116.393 39.8658
116.393 39.8656
116.393 39.8655
116.393 39.8654
116.393 39.8652
116.393 39.8651
116.393 39.865
116.393 39.8649
116.393 39.8648
116.393 39.8647
116.393 39.8646
116.393 39.8645
116.393 39.8644
116.393 39.8642
116.393 39.8641
116.393 39.864
116.393 39.864
116.393 39.864
116.393 39.864
116.393 39.864
116.393 39.864
116.392 39.864
116.392 39.8639
116.392 39.8639
116.392 39.8639
116.392 39.8639
116.392 39.8639
116.392 39.8639
116.392 39.8639
116.392 39.8639
116.391 39.864
116.391 39.864
116.391 39.864
116.391 39.864
116.391 39.8639
116.391 39.8639
116.391 39.864
116.391 39.864
116.391 39.864
116.39 39.864
116.39 39.864
116.39 39.864
116.39 39.8639
116.39 39.8638
116.39 39.8638
116.39 39.8638
116.39 39.8638
116.39 39.8638
116.39 39.8638
116.39 39.8638
116.389 39.8638
116.389 39.8638
116.389 39.8638
116.389 39.8638
116.389 39.8638
116.389 39.8638
116.389 39.8638
116.389 39.8638
116.389 39.8638
116.388 39.8638
116.388 39.8637
116.388 39.8637
116.388 39.8638
116.388 39.8638
116.388 39.8638
116.387 39.8638
116.387 39.8639
116.387 39.8639
116.387 39.8639
116.387 39.8639
116.387 39.8639
116.387 39.8639
116.387 39.8638
116.387 39.8639
116.387 39.864
116.387 39.8641
116.387 39.8642
116.387 39.8643
116.387 39.8644
116.387 39.8646
116.387 39.8647
116.387 39.8648
116.387 39.8649
116.387 39.865
116.386 39.8651
116.386 39.8651
116.386 39.8652
116.386 39.8652
116.386 39.8651
116.386 39.8651
116.386 39.8651
116.386 39.8652
116.386 39.8652
116.386 39.8651
116.386 39.865
116.386 39.8649
116.386 39.8648
116.386 39.8647
116.386 39.8647
116.386 39.8647
116.386 39.8647
116.386 39.8648
116.386 39.8647
116.386 39.8647
116.386 39.8649
116.386 39.865
116.386 39.8651
116.386 39.8652
116.386 39.8653
116.386 39.8654
116.386 39.8653
116.391 39.8636
116.392 39.8635
116.392 39.8633
116.393 39.8632
116.393 39.863
116.394 39.8629
116.394 39.8627
116.395 39.8625
116.395 39.8624
116.396 39.8622
116.396 39.8621
116.397 39.8619
116.397 39.8618
116.398 39.8616
116.398 39.8615
116.398 39.8614
116.399 39.8612
116.399 39.8611
116.4 39.861
116.4 39.8608
116.401 39.8607
116.401 39.8606
116.402 39.8604
116.402 39.8603
116.403 39.8601
116.403 39.86
116.404 39.8599
116.404 39.8598
116.405 39.8596
116.406 39.8595
116.406 39.8593
116.407 39.8592
116.407 39.859
116.408 39.8589
116.409 39.8587
116.409 39.8585
116.41 39.8584
116.41 39.8582
116.411 39.858
116.412 39.8578
116.412 39.8576
116.413 39.8575
116.413 39.8573
116.414 39.8571
116.415 39.8569
116.416 39.8567
116.416 39.8565
116.417 39.8563
116.418 39.8561
116.418 39.8558
116.419 39.8556
116.42 39.8554
116.421 39.8552
116.421 39.855
116.422 39.8548
116.423 39.8546
116.423 39.8544
116.424 39.8541
116.389 39.8653
116.389 39.8653
116.389 39.8653
116.389 39.8654
116.389 39.8654
116.388 39.8654
116.388 39.8654
116.388 39.8654
116.388 39.8654
116.388 39.8654
116.388 39.8654
116.388 39.8654
116.388 39.8653
116.387 39.8653
116.387 39.8653
116.387 39.8653
116.387 39.8653
116.387 39.8653
116.387 39.8653
116.387 39.8654
116.387 39.8654
116.387 39.8655
116.387 39.8655
116.387 39.8656
116.387 39.8656
116.387 39.8656
116.388 39.8657
116.388 39.8657
116.388 39.8657
116.388 39.8657
116.388 39.8657
116.388 39.8657
116.388 39.8657
116.388 39.8658
116.389 39.8658
116.389 39.8659
116.389 39.8659
116.389 39.866
116.389 39.866
116.389 39.866
116.389 39.8661
116.389 39.8661
116.389 39.8661
116.389 39.8661
116.39 39.8662
116.39 39.8662
116.39 39.8662
116.39 39.8662
116.39 39.8663
116.39 39.8663
116.39 39.8663
116.39 39.8664
116.39 39.8664
116.391 39.8664
116.391 39.8664
116.391 39.8664
116.391 39.8665
116.391 39.8664
116.391 39.8664
116.391 39.8664
116.392 39.8664
116.392 39.8664
116.392 39.8664
116.392 39.8664
116.392 39.8664
116.392 39.8664
116.392 39.8664
116.392 39.8664
116.393 39.8664
116.393 39.8663
116.393 39.8663
116.393 39.8664
116.393 39.8664
116.393 39.8664
116.393 39.8664
116.394 39.8664
116.394 39.8664
116.394 39.8664
116.394 39.8664
116.394 39.8664
116.394 39.8664
116.394 39.8665
116.395 39.8665
116.395 39.8665
116.395 39.8665
116.395 39.8665
116.395 39.8665
116.395 39.8665
116.395 39.8665
116.395 39.8666
116.396 39.8666
116.396 39.8666
116.396 39.8666
116.396 39.8666
116.396 39.8666
116.396 39.8667
116.396 39.8667
116.396 39.8667
116.397 39.8667
116.397 39.8668
116.397 39.8668
116.397 39.8668
116.397 39.8668
116.397 39.8668
116.397 39.8668
116.397 39.8668
116.397 39.8669
116.398 39.8669
116.398 39.8669
116.398 39.8669
116.398 39.8669
116.398 39.8669
116.398 39.867
116.398 39.867
116.398 39.867
116.399 39.867
116.399 39.867
116.399 39.867
116.399 39.867
116.399 39.867
116.399 39.8671
116.399 39.8671
116.4 39.8671
116.4 39.8671
116.4 39.8672
116.4 39.8672
116.4 39.8672
116.4 39.8672
116.401 39.8672
116.401 39.8673
116.401 39.8673
116.401 39.8673
116.401 39.8673
116.402 39.8674
116.402 39.8674
116.402 39.8674
116.402 39.8674
116.402 39.8674
116.403 39.8675
116.403 39.8675
116.403 39.8675
116.403 39.8676
116.403 39.8676
116.404 39.8676
116.404 39.8677
116.404 39.8677
116.404 39.8677
116.404 39.8677
116.405 39.8677
116.405 39.8678
116.405 39.8678
116.405 39.8678
116.406 39.8678
116.406 39.8679
116.406 39.8679
116.406 39.8679
116.407 39.8679
116.407 39.868
116.407 39.868
116.407 39.868
116.408 39.868
116.408 39.8681
116.408 39.8681
116.408 39.8681
116.409 39.8681
116.409 39.8682
116.409 39.8682
116.409 39.8682
116.409 39.8683
116.41 39.8683
116.41 39.8683
116.41 39.8684
116.411 39.8684
116.386 39.8652
116.386 39.8653
