116.328 40.04
116.328 40.0399
116.328 40.04
116.328 40.0401
116.328 40.04
116.328 40.04
116.328 40.0401
116.328 40.0402
116.328 40.0402
116.328 40.0403
116.328 40.0404
116.329 40.0406
116.329 40.0408
116.328 40.0384
116.329 40.0386
116.33 40.0385
116.329 40.0385
116.329 40.0385
116.329 40.0384
116.329 40.0384
116.326 40.0387
116.326 40.0388
116.326 40.0388
116.326 40.0388
116.326 40.0388
116.326 40.0388
116.326 40.0389
116.326 40.0389
116.326 40.0389
116.326 40.0389
116.326 40.0389
116.326 40.0389
116.326 40.0389
116.326 40.0389
116.326 40.0389
116.326 40.0389
116.326 40.0389
116.326 40.0389
116.326 40.0389
116.325 40.0389
116.325 40.0389
116.325 40.0389
116.325 40.0389
116.325 40.0389
116.325 40.0389
116.325 40.0389
116.325 40.039
116.326 40.0391
116.326 40.0391
116.325 40.0392
116.325 40.0393
116.324 40.0393
116.324 40.0393
116.323 40.0393
116.323 40.0393
116.322 40.0393
116.321 40.0393
116.32 40.0393
116.32 40.0393
116.319 40.0393
116.318 40.0393
116.318 40.0392
116.317 40.0391
116.317 40.0391
116.317 40.0391
116.317 40.0391
116.317 40.039
116.317 40.0388
116.317 40.0387
116.317 40.0387
116.317 40.0386
116.317 40.0384
116.317 40.0381
116.317 40.0378
116.317 40.0374
116.317 40.037
116.317 40.0367
116.317 40.0365
116.317 40.0363
116.317 40.0363
116.317 40.0363
116.317 40.0363
116.317 40.0363
116.317 40.0363
116.317 40.0362
116.317 40.036
116.317 40.0358
116.317 40.0355
116.317 40.0353
116.317 40.0351
116.317 40.0349
116.317 40.0348
116.317 40.0348
116.317 40.0348
116.316 40.035
116.316 40.0353
116.315 40.0355
116.314 40.0358
116.314 40.0361
116.313 40.0362
116.312 40.0363
116.311 40.0364
116.311 40.0365
116.31 40.0365
116.31 40.0364
116.309 40.0363
116.309 40.0362
116.309 40.0361
116.309 40.0361
116.308 40.036
116.308 40.0358
116.307 40.0358
116.307 40.0357
116.307 40.0357
116.307 40.0357
116.307 40.0357
116.307 40.0357
116.307 40.0357
116.307 40.0357
116.307 40.0357
116.307 40.0356
116.307 40.0356
116.306 40.0355
116.306 40.0354
116.305 40.0353
116.305 40.0354
116.305 40.0355
116.304 40.0354
116.304 40.0352
116.304 40.035
116.303 40.0348
116.303 40.0346
116.302 40.0344
116.301 40.0343
116.301 40.0342
116.301 40.0341
116.301 40.0341
116.3 40.034
116.3 40.0339
116.299 40.0337
116.298 40.0336
116.297 40.0334
116.296 40.0332
116.295 40.033
116.294 40.0329
116.293 40.0329
116.293 40.0329
116.292 40.0329
116.291 40.0328
116.29 40.0328
116.289 40.0328
116.289 40.0328
116.289 40.0328
116.289 40.0328
116.288 40.0328
116.287 40.0328
116.286 40.0328
116.286 40.0328
116.285 40.0328
116.285 40.0328
116.285 40.0328
116.284 40.0327
116.283 40.0328
116.282 40.0328
116.282 40.0328
116.282 40.0328
116.282 40.0328
116.282 40.0328
116.282 40.0328
116.282 40.0328
116.282 40.0328
116.282 40.0328
116.282 40.0328
116.281 40.0328
116.281 40.0327
116.28 40.0327
116.279 40.0327
116.278 40.0327
116.277 40.0327
116.276 40.0327
116.275 40.0326
116.274 40.0325
116.272 40.0323
116.271 40.0321
116.27 40.0318
116.269 40.0316
116.268 40.0314
116.268 40.0314
116.268 40.0314
116.267 40.0313
116.267 40.0313
116.267 40.0313
116.267 40.0313
116.267 40.0313
116.267 40.0311
116.267 40.0308
116.267 40.0304
116.268 40.0298
116.268 40.0293
116.269 40.0286
116.269 40.028
116.27 40.0274
116.27 40.0267
116.271 40.0261
116.271 40.0255
116.272 40.0249
116.273 40.0243
116.273 40.0236
116.274 40.023
116.274 40.0223
116.275 40.0217
116.275 40.0211
116.276 40.0206
116.276 40.0201
116.276 40.0198
116.277 40.0195
116.277 40.0192
116.277 40.0192
116.277 40.0191
116.277 40.0189
116.277 40.0187
116.278 40.0185
116.278 40.0183
116.278 40.0181
116.278 40.0178
116.279 40.0174
116.279 40.0169
116.279 40.0163
116.28 40.0157
116.28 40.015
116.281 40.0144
116.281 40.0139
116.28 40.0137
116.28 40.0136
116.279 40.0136
116.278 40.0135
116.277 40.0132
116.277 40.0127
116.277 40.0121
116.276 40.0118
116.275 40.0117
116.274 40.0116
116.273 40.0114
116.272 40.0113
116.271 40.0111
116.27 40.0108
116.268 40.0103
116.267 40.0096
116.266 40.0086
116.265 40.0075
116.265 40.0063
116.264 40.0052
116.263 40.0043
116.262 40.0035
116.261 40.0029
116.26 40.0025
116.259 40.0022
116.257 40.002
116.256 40.002
116.254 40.0019
116.253 40.0019
116.252 40.0018
116.25 40.0018
116.248 40.0017
116.247 40.0017
116.245 40.0015
116.243 40.0013
116.242 40.001
116.241 40.0005
116.239 40
116.238 39.9994
116.236 39.9988
116.235 39.9982
116.234 39.9977
116.232 39.9972
116.231 39.9969
116.229 39.9966
116.228 39.9964
116.226 39.996
116.224 39.9958
116.223 39.9955
116.221 39.995
116.22 39.9945
116.219 39.9938
116.218 39.993
116.217 39.992
116.216 39.991
116.215 39.9898
116.215 39.9885
116.215 39.9872
116.215 39.9858
116.215 39.9844
116.215 39.9831
116.215 39.9817
116.215 39.9804
116.215 39.9792
116.215 39.9781
116.215 39.977
116.214 39.976
116.214 39.975
116.214 39.9739
116.214 39.9729
116.214 39.9718
116.213 39.9706
116.213 39.9695
116.213 39.9683
116.213 39.9671
116.213 39.966
116.212 39.9649
116.212 39.9637
116.212 39.9626
116.212 39.9614
116.212 39.9604
116.211 39.9593
116.211 39.9582
116.211 39.9571
116.211 39.956
116.21 39.9548
116.21 39.9536
116.21 39.9523
116.21 39.951
116.21 39.9497
116.209 39.9485
116.209 39.9473
116.208 39.9462
116.207 39.9452
116.207 39.9441
116.206 39.9431
116.206 39.942
116.206 39.941
116.206 39.94
116.206 39.939
116.206 39.9379
116.206 39.9369
116.206 39.9358
116.206 39.9346
116.206 39.9336
116.206 39.9325
116.206 39.9314
116.206 39.9303
116.206 39.9292
116.206 39.9281
116.206 39.927
116.206 39.9259
116.206 39.9248
116.206 39.9237
116.206 39.9225
116.206 39.9213
116.206 39.9201
116.206 39.919
116.206 39.9179
116.205 39.9168
116.205 39.9158
116.205 39.9148
116.205 39.9137
116.205 39.9126
116.205 39.9115
116.205 39.9105
116.205 39.9094
116.205 39.9083
116.205 39.9073
116.205 39.9062
116.205 39.905
116.205 39.9038
116.205 39.9025
116.205 39.9012
116.205 39.9
116.205 39.8987
116.205 39.8977
116.205 39.8966
116.205 39.8955
116.205 39.8944
116.205 39.8932
116.205 39.892
116.205 39.8909
116.205 39.8898
116.205 39.8887
116.205 39.8876
116.205 39.8865
116.204 39.8854
116.203 39.8842
116.203 39.883
116.202 39.8818
116.202 39.8806
116.202 39.8794
116.202 39.8781
116.202 39.8768
116.202 39.8753
116.202 39.8739
116.203 39.8726
116.203 39.8713
116.204 39.8701
116.204 39.8689
116.205 39.8677
116.206 39.8666
116.207 39.8654
116.208 39.8643
116.209 39.8632
116.21 39.8621
116.21 39.861
116.211 39.8599
116.212 39.8587
116.213 39.8576
116.214 39.8563
116.214 39.855
116.214 39.8538
116.215 39.8526
116.215 39.8514
116.215 39.8503
116.215 39.8493
116.216 39.8482
116.216 39.8471
116.217 39.8461
116.218 39.8452
116.219 39.8442
116.22 39.8433
116.22 39.8425
116.221 39.8417
116.222 39.8409
116.223 39.84
116.224 39.8392
116.225 39.8384
116.226 39.8376
116.226 39.8367
116.227 39.8358
116.228 39.8349
116.229 39.8339
116.23 39.833
116.231 39.8322
116.232 39.8316
116.234 39.8312
116.235 39.8307
116.237 39.8303
116.238 39.8299
116.24 39.8294
116.241 39.8286
116.242 39.8278
116.243 39.8268
116.244 39.8258
116.245 39.8248
116.246 39.8239
116.246 39.8228
116.247 39.8218
116.248 39.8207
116.249 39.8197
116.25 39.8187
116.251 39.8177
116.252 39.8166
116.253 39.8155
116.254 39.8144
116.255 39.8133
116.256 39.8122
116.256 39.8111
116.257 39.81
116.258 39.8088
116.258 39.8076
116.259 39.8063
116.259 39.8051
116.259 39.8039
116.259 39.8026
116.26 39.8013
116.26 39.8
116.26 39.7986
116.26 39.7973
116.26 39.796
116.261 39.7947
116.261 39.7935
116.261 39.7922
116.262 39.7909
116.262 39.7896
116.263 39.7884
116.263 39.787
116.264 39.7857
116.264 39.7844
116.265 39.7831
116.265 39.7819
116.266 39.7805
116.266 39.7793
116.267 39.7781
116.268 39.7769
116.269 39.7758
116.27 39.7748
116.271 39.774
116.273 39.7733
116.274 39.7729
116.276 39.7725
116.278 39.7723
116.279 39.7724
116.281 39.7726
116.283 39.7729
116.284 39.7735
116.286 39.7741
116.288 39.7749
116.289 39.7757
116.29 39.7764
116.292 39.7772
116.293 39.7781
116.295 39.7788
116.296 39.7794
116.297 39.7799
116.299 39.7803
116.3 39.7805
116.302 39.7806
116.303 39.7805
116.304 39.7804
116.306 39.7803
116.307 39.7801
116.309 39.7799
116.31 39.7797
116.312 39.7795
116.313 39.7793
116.315 39.7792
116.316 39.779
116.318 39.7788
116.319 39.7786
116.321 39.7785
116.322 39.7783
116.324 39.7781
116.325 39.778
116.326 39.7779
116.328 39.7778
116.329 39.7777
116.329 39.7777
116.33 39.7776
116.331 39.7775
116.331 39.7775
116.332 39.7774
116.333 39.7774
116.334 39.7772
116.334 39.7768
116.335 39.7764
116.335 39.776
116.335 39.7758
116.335 39.7758
116.336 39.7755
116.336 39.775
116.336 39.7743
116.335 39.7735
116.335 39.7725
116.335 39.7714
116.335 39.7702
116.336 39.7689
116.336 39.7675
116.336 39.7661
116.336 39.7647
116.336 39.7633
116.337 39.762
116.337 39.7607
116.337 39.7593
116.337 39.7579
116.337 39.7567
116.338 39.7554
116.338 39.7542
116.338 39.7529
116.338 39.7516
116.338 39.7504
116.338 39.7491
116.338 39.7477
116.338 39.7464
116.338 39.745
116.338 39.7436
116.339 39.7423
116.339 39.7409
116.339 39.7396
116.339 39.7382
116.339 39.7369
116.339 39.7355
116.339 39.7341
116.34 39.7326
116.34 39.7312
116.34 39.7298
116.34 39.7283
116.34 39.7269
116.34 39.7255
116.34 39.724
116.339 39.7227
116.339 39.7213
116.339 39.7199
116.338 39.7185
116.338 39.7171
116.338 39.7157
116.337 39.7144
116.336 39.7133
116.335 39.7123
116.334 39.7113
116.333 39.7104
116.332 39.7094
116.331 39.7085
116.33 39.7075
116.329 39.7065
116.328 39.7054
116.327 39.7043
116.326 39.7032
116.325 39.7019
116.324 39.7007
116.324 39.6994
116.323 39.6981
116.323 39.6967
116.323 39.6953
116.323 39.6939
116.323 39.6925
116.323 39.6911
116.323 39.6897
116.323 39.6883
116.323 39.687
116.322 39.6856
116.322 39.6843
116.321 39.683
116.32 39.6817
116.32 39.6805
116.32 39.6794
116.32 39.6784
116.319 39.6773
116.319 39.6762
116.319 39.6751
116.319 39.674
116.319 39.6729
116.319 39.6718
116.319 39.6706
116.318 39.6694
116.318 39.6681
116.318 39.6668
116.318 39.6655
116.318 39.6641
116.318 39.6627
116.318 39.6613
116.318 39.6598
116.318 39.6583
116.318 39.6568
116.318 39.6555
116.318 39.6543
116.318 39.6531
116.318 39.6519
116.317 39.6505
116.317 39.6492
116.317 39.6478
116.317 39.6463
116.317 39.6449
116.317 39.6435
116.317 39.6421
116.317 39.6407
116.318 39.6393
116.318 39.6378
116.318 39.6362
116.318 39.6347
116.319 39.6333
116.319 39.6319
116.319 39.6305
116.319 39.6291
116.319 39.6276
116.319 39.6262
116.319 39.6248
116.319 39.6234
116.319 39.622
116.319 39.6207
116.319 39.6193
116.319 39.618
116.32 39.6166
116.32 39.6152
116.32 39.6138
116.32 39.6124
116.32 39.6111
116.32 39.6097
116.321 39.6084
116.321 39.6071
116.321 39.6058
116.321 39.6046
116.321 39.6033
116.322 39.602
116.322 39.6007
116.322 39.5994
116.322 39.5981
116.322 39.5968
116.322 39.5955
116.322 39.5942
116.321 39.5928
116.321 39.5915
116.321 39.5903
116.321 39.5891
116.321 39.5878
116.321 39.5866
116.321 39.5854
116.321 39.5842
116.32 39.5829
116.32 39.5817
116.32 39.5804
116.32 39.5791
116.32 39.5778
116.32 39.5765
116.32 39.5751
116.32 39.5738
116.32 39.5724
116.32 39.571
116.32 39.5697
116.32 39.5683
116.32 39.5669
116.32 39.5655
116.32 39.5641
116.319 39.5627
116.319 39.5613
116.319 39.56
116.319 39.5586
116.319 39.5572
116.318 39.5558
116.318 39.5544
116.318 39.5529
116.318 39.5515
116.318 39.55
116.318 39.5485
116.318 39.547
116.318 39.5456
116.318 39.5441
116.318 39.5427
116.318 39.5414
116.318 39.54
116.318 39.5387
116.319 39.5374
116.319 39.5362
116.319 39.5352
116.319 39.5343
116.319 39.5337
116.319 39.5334
116.319 39.5334
116.319 39.5334
116.319 39.5334
116.319 39.5334
116.319 39.5334
116.319 39.5334
116.319 39.5333
116.319 39.5331
116.319 39.5328
116.319 39.5323
116.319 39.5316
116.319 39.5309
116.319 39.5301
116.319 39.5292
116.319 39.5282
116.319 39.5272
116.32 39.5262
116.32 39.5251
116.32 39.524
116.32 39.523
116.32 39.522
116.32 39.5211
116.32 39.5202
116.32 39.5195
116.32 39.519
116.32 39.5186
116.32 39.5181
116.32 39.5175
116.32 39.5167
116.319 39.5159
116.319 39.5149
116.319 39.514
116.319 39.513
116.319 39.5121
116.318 39.5113
116.318 39.5104
116.318 39.5097
116.318 39.5092
116.318 39.5088
116.318 39.5083
116.318 39.5076
116.318 39.5069
116.318 39.5062
116.318 39.5054
116.318 39.5046
116.317 39.5037
116.317 39.5028
116.317 39.5018
116.317 39.5009
116.317 39.5
116.317 39.4991
116.317 39.4983
116.317 39.4976
116.317 39.4972
116.317 39.4968
116.317 39.4964
116.317 39.4958
116.316 39.4951
116.316 39.4943
116.316 39.4933
116.316 39.4922
116.316 39.4911
116.316 39.4899
116.316 39.4887
116.316 39.4875
116.315 39.4863
116.315 39.4851
116.315 39.4839
116.315 39.4827
116.315 39.4815
116.315 39.4803
116.314 39.4793
116.314 39.4784
116.313 39.4777
116.312 39.477
116.311 39.4765
116.31 39.4761
116.309 39.4757
116.308 39.4752
116.307 39.4746
116.306 39.4741
116.305 39.4737
116.305 39.473
116.304 39.4723
116.304 39.4715
116.304 39.4708
116.304 39.4698
116.304 39.4689
116.304 39.4679
116.304 39.467
116.304 39.466
116.304 39.4651
116.304 39.4641
116.304 39.4631
116.304 39.4623
116.304 39.4616
116.304 39.4612
116.304 39.461
116.304 39.4609
116.304 39.4608
116.304 39.4608
116.304 39.4608
116.304 39.4608
116.304 39.4608
116.304 39.4607
116.304 39.4606
116.304 39.4606
116.304 39.4604
116.304 39.4602
116.304 39.4598
116.304 39.4593
116.304 39.4586
116.304 39.4579
116.304 39.4571
116.304 39.4563
116.304 39.4555
116.304 39.4546
116.304 39.4538
116.304 39.4529
116.304 39.452
116.304 39.4511
116.304 39.4501
116.303 39.4492
116.303 39.4482
116.303 39.4473
116.304 39.4463
116.304 39.4454
116.304 39.4445
116.304 39.4437
116.304 39.4428
116.304 39.442
116.304 39.4412
116.303 39.4407
116.303 39.4403
116.303 39.4403
116.303 39.4401
116.303 39.4398
116.303 39.4393
116.303 39.4388
116.303 39.4383
116.303 39.4378
116.303 39.4375
116.303 39.4374
116.303 39.4374
116.303 39.4374
116.303 39.4374
116.303 39.4373
116.303 39.4371
116.303 39.4368
116.303 39.4363
116.303 39.4358
116.303 39.4352
116.303 39.4345
116.303 39.4338
116.303 39.4331
116.303 39.4325
116.303 39.4317
116.303 39.4311
116.303 39.4305
116.303 39.4302
116.303 39.43
116.303 39.43
116.303 39.43
116.303 39.43
116.303 39.43
116.303 39.43
116.303 39.43
116.303 39.43
116.303 39.43
116.303 39.43
116.303 39.43
116.303 39.43
116.303 39.43
116.303 39.4299
116.303 39.4296
116.303 39.4292
116.303 39.4287
116.303 39.4281
116.303 39.4277
116.303 39.4271
116.303 39.4265
116.303 39.4258
116.303 39.425
116.302 39.4241
116.302 39.4233
116.302 39.4225
116.302 39.4218
116.302 39.4211
116.302 39.4205
116.302 39.4199
116.302 39.4193
116.302 39.4186
116.303 39.4179
116.303 39.4171
116.303 39.4162
116.303 39.4153
116.303 39.4144
116.303 39.4135
116.303 39.4127
116.303 39.4119
116.304 39.411
116.304 39.4101
116.304 39.4093
116.304 39.4085
116.304 39.4076
116.304 39.4068
116.304 39.406
116.304 39.4052
116.304 39.4044
116.304 39.4035
116.304 39.4027
116.305 39.4018
116.305 39.401
116.305 39.4002
116.305 39.3993
116.305 39.3985
116.305 39.3977
116.306 39.397
116.306 39.3963
116.306 39.3956
116.306 39.3949
116.306 39.3945
116.306 39.3943
116.306 39.3944
116.306 39.3944
116.306 39.3944
116.306 39.3944
116.306 39.3944
116.306 39.3944
116.306 39.3944
116.306 39.3944
116.306 39.3944
116.306 39.3944
116.306 39.3944
116.306 39.3944
116.306 39.3944
116.306 39.3944
116.306 39.3944
116.306 39.3944
116.306 39.3944
116.306 39.3944
116.306 39.3944
116.306 39.3945
116.306 39.3948
116.306 39.3952
116.306 39.3958
116.306 39.3965
116.306 39.3973
116.305 39.3979
116.305 39.3986
116.305 39.3993
116.305 39.4
116.305 39.4008
116.305 39.4015
116.305 39.4021
116.305 39.4027
116.305 39.4031
116.305 39.4033
116.305 39.4033
116.306 39.4032
116.307 39.4031
116.308 39.403
116.309 39.4029
116.31 39.4028
116.31 39.4028
116.311 39.4027
116.312 39.4026
116.313 39.4025
116.314 39.4024
116.314 39.4023
116.315 39.4022
116.316 39.4021
116.317 39.4021
116.318 39.402
116.318 39.4019
116.319 39.4019
116.32 39.4018
116.321 39.4018
116.321 39.4018
116.322 39.4018
116.323 39.4018
116.323 39.4018
116.323 39.4018
116.323 39.4018
116.323 39.4018
116.323 39.4018
116.323 39.4018
116.323 39.4018
116.323 39.4018
116.323 39.4018
116.323 39.4018
116.323 39.4018
116.323 39.4018
116.323 39.4018
116.323 39.4018
116.323 39.4018
116.323 39.4018
116.323 39.4018
116.323 39.4018
116.323 39.4018
116.323 39.4018
116.323 39.4018
116.323 39.4018
116.323 39.4018
116.323 39.4018
116.323 39.4018
116.323 39.4017
116.323 39.4017
116.323 39.4017
116.323 39.4017
116.323 39.4017
116.323 39.4018
116.323 39.4018
116.323 39.4018
116.323 39.4018
116.323 39.4018
116.323 39.4018
116.323 39.4018
116.323 39.4018
116.323 39.4018
116.323 39.4018
116.323 39.4018
116.323 39.4018
116.323 39.4018
116.323 39.4018
116.323 39.4018
116.324 39.4016
116.324 39.4015
116.323 39.4016
116.323 39.4017
116.323 39.4018
116.323 39.4018
116.323 39.4019
116.322 39.4019
116.322 39.4019
116.321 39.4019
116.321 39.4019
116.32 39.4019
116.319 39.402
116.319 39.402
116.318 39.402
116.317 39.4021
116.317 39.4021
116.316 39.4022
116.316 39.4023
116.315 39.4023
116.314 39.4024
116.314 39.4024
116.313 39.4025
116.312 39.4026
116.311 39.4027
116.31 39.4028
116.31 39.4029
116.309 39.4029
116.308 39.403
116.307 39.4031
116.306 39.4032
116.305 39.4033
116.305 39.4034
116.305 39.4034
116.304 39.4036
116.304 39.4039
116.304 39.4043
116.304 39.4048
116.304 39.4053
116.304 39.4058
116.304 39.4063
116.304 39.4068
116.304 39.4074
116.304 39.408
116.304 39.4086
116.304 39.4092
116.304 39.4099
116.304 39.4106
116.304 39.4112
116.304 39.4119
116.303 39.4125
116.303 39.4132
116.303 39.4138
116.303 39.4145
116.303 39.4151
116.303 39.4157
116.303 39.4163
116.303 39.4169
116.303 39.4175
116.303 39.4181
116.303 39.4187
116.303 39.4192
116.302 39.4198
116.302 39.4205
116.302 39.4212
116.302 39.4218
116.302 39.4225
116.302 39.4232
116.303 39.4239
116.303 39.4245
116.303 39.4251
116.303 39.4258
116.303 39.4264
116.303 39.4271
116.303 39.4276
116.303 39.4282
116.303 39.4286
116.303 39.4289
116.303 39.4291
116.303 39.4291
116.303 39.4291
116.303 39.4292
116.303 39.4294
116.303 39.4298
116.303 39.4302
116.303 39.4306
116.303 39.4311
116.303 39.4317
116.303 39.4324
116.303 39.433
116.303 39.4337
116.303 39.4343
116.303 39.4349
116.303 39.4354
116.303 39.4359
116.303 39.4361
116.303 39.4361
116.303 39.4361
116.303 39.4361
116.303 39.4362
116.303 39.4362
116.303 39.4362
116.303 39.4362
116.303 39.4362
116.303 39.4362
116.303 39.4362
116.303 39.4362
116.303 39.4363
116.303 39.4365
116.303 39.4369
116.303 39.4373
116.303 39.4378
116.304 39.4383
116.304 39.4387
116.304 39.4391
116.304 39.4393
116.304 39.4394
116.304 39.4394
116.304 39.4394
116.304 39.4394
116.304 39.4394
116.304 39.4394
116.304 39.4394
116.304 39.4394
116.304 39.4394
116.304 39.4394
116.304 39.4394
116.304 39.4394
116.304 39.4395
116.304 39.4398
116.304 39.4402
116.304 39.4407
116.304 39.4413
116.304 39.4419
116.304 39.4426
116.304 39.4433
116.304 39.444
116.304 39.4447
116.304 39.4455
116.304 39.4462
116.304 39.447
116.304 39.4478
116.304 39.4486
116.304 39.4495
116.304 39.4504
116.304 39.4514
116.304 39.4524
116.304 39.4533
116.304 39.4541
116.304 39.4549
116.304 39.4556
116.304 39.4564
116.304 39.4571
116.304 39.4578
116.304 39.4584
116.304 39.4591
116.304 39.4597
116.304 39.4601
116.304 39.4604
116.304 39.4606
116.304 39.4607
116.304 39.4607
116.304 39.4607
116.304 39.4607
116.304 39.4608
116.304 39.461
116.304 39.4614
116.304 39.4618
116.304 39.4624
116.304 39.463
116.304 39.4638
116.304 39.4646
116.304 39.4655
116.304 39.4665
116.304 39.4676
116.304 39.4687
116.304 39.4698
116.304 39.4708
116.304 39.4716
116.304 39.4722
116.305 39.4729
116.305 39.4736
116.306 39.4741
116.307 39.4745
116.308 39.475
116.309 39.4755
116.31 39.4759
116.311 39.4763
116.311 39.4767
116.312 39.4771
116.313 39.4776
116.313 39.4781
116.314 39.4788
116.314 39.4795
116.315 39.4803
116.315 39.4812
116.315 39.4822
116.315 39.4832
116.315 39.4842
116.315 39.4851
116.316 39.4861
116.316 39.4871
116.316 39.488
116.316 39.4889
116.316 39.4897
116.316 39.4906
116.316 39.4916
116.316 39.4926
116.316 39.4936
116.316 39.4946
116.317 39.4957
116.317 39.4964
116.317 39.4967
116.317 39.4967
116.317 39.4967
116.317 39.4967
116.317 39.4967
116.317 39.4969
116.317 39.4973
116.317 39.4978
116.317 39.4985
116.317 39.4992
116.317 39.5
116.317 39.5008
116.317 39.5017
116.317 39.5026
116.317 39.5036
116.318 39.5045
116.318 39.5054
116.318 39.5062
116.318 39.5069
116.318 39.5076
116.318 39.5082
116.318 39.5088
116.318 39.5094
116.318 39.51
116.318 39.5106
116.318 39.5112
116.319 39.5119
116.319 39.5126
116.319 39.5133
116.319 39.514
116.319 39.5148
116.319 39.5155
116.32 39.5162
116.32 39.5169
116.32 39.5176
116.32 39.5182
116.32 39.5188
116.32 39.5195
116.32 39.5202
116.32 39.5209
116.32 39.5217
116.32 39.5225
116.32 39.5233
116.32 39.5241
116.32 39.5249
116.32 39.5256
116.32 39.5263
116.32 39.527
116.319 39.5276
116.32 39.5279
116.32 39.5281
116.32 39.5286
116.319 39.5292
116.319 39.5298
116.319 39.5304
116.319 39.531
116.319 39.5316
116.319 39.5323
116.319 39.5331
116.319 39.5338
116.319 39.5347
116.319 39.5355
116.319 39.5365
116.319 39.5374
116.319 39.5383
116.319 39.5392
116.319 39.5402
116.319 39.5412
116.319 39.5422
116.319 39.5432
116.319 39.5442
116.319 39.5451
116.319 39.5461
116.319 39.547
116.319 39.5479
116.319 39.5488
116.319 39.5496
116.319 39.5504
116.319 39.5512
116.319 39.552
116.319 39.5528
116.319 39.5537
116.319 39.5545
116.319 39.5554
116.319 39.5563
116.319 39.5571
116.319 39.5578
116.319 39.5584
116.319 39.5591
116.319 39.5598
116.319 39.5604
116.32 39.561
116.32 39.5616
116.32 39.5623
116.32 39.563
116.32 39.5637
116.32 39.5645
116.32 39.5652
116.32 39.5658
116.32 39.5664
116.32 39.567
116.32 39.5676
116.32 39.5683
116.32 39.569
116.32 39.5696
116.32 39.5702
116.32 39.5708
116.32 39.5714
116.32 39.5719
116.32 39.5725
116.32 39.573
116.32 39.5736
116.32 39.5742
116.32 39.5748
116.32 39.5753
116.32 39.5759
116.32 39.5764
116.32 39.577
116.32 39.5775
116.32 39.5781
116.32 39.5787
116.32 39.5793
116.32 39.5799
116.32 39.5805
116.321 39.5809
116.321 39.5813
116.321 39.5818
116.321 39.5824
116.321 39.5831
116.321 39.5839
116.321 39.5848
116.321 39.5858
116.321 39.5868
116.321 39.5879
116.321 39.5888
116.321 39.5896
116.322 39.5902
116.322 39.5906
116.322 39.5913
116.322 39.592
116.322 39.5928
116.322 39.5938
116.322 39.5949
116.322 39.596
116.322 39.5972
116.322 39.5984
116.322 39.5997
116.322 39.6009
116.322 39.6021
116.322 39.6033
116.322 39.6043
116.321 39.6054
116.321 39.6065
116.321 39.6075
116.321 39.6085
116.321 39.6095
116.321 39.6104
116.321 39.6113
116.32 39.6122
116.32 39.6131
116.32 39.6141
116.32 39.6152
116.32 39.6161
116.32 39.617
116.32 39.6179
116.32 39.6187
116.32 39.6192
116.32 39.6194
116.32 39.6195
116.32 39.6195
116.32 39.6195
116.32 39.6195
116.32 39.6195
116.32 39.6195
116.32 39.6195
116.32 39.6195
116.32 39.6197
116.32 39.6201
116.32 39.6207
116.32 39.6213
116.32 39.6219
116.32 39.6226
116.32 39.6233
116.32 39.624
116.32 39.6247
116.32 39.6256
116.32 39.6264
116.32 39.6272
116.32 39.6281
116.32 39.629
116.319 39.6298
116.319 39.6306
116.319 39.6312
116.319 39.6317
116.319 39.6323
116.319 39.6328
116.319 39.6333
116.319 39.6339
116.319 39.6345
116.319 39.6352
116.319 39.6357
116.319 39.6362
116.318 39.6368
116.318 39.6374
116.318 39.638
116.318 39.6387
116.318 39.6394
116.318 39.64
116.318 39.6407
116.318 39.6414
116.318 39.6421
116.318 39.6427
116.318 39.6433
116.318 39.6439
116.318 39.6445
116.318 39.645
116.318 39.6456
116.318 39.6462
116.318 39.6469
116.318 39.6476
116.318 39.6484
116.318 39.6491
116.318 39.6499
116.318 39.6506
116.318 39.6513
116.318 39.652
116.318 39.6528
116.318 39.6535
116.318 39.6542
116.318 39.655
116.318 39.6558
116.318 39.6565
116.318 39.6573
116.318 39.6581
116.318 39.6589
116.318 39.6597
116.318 39.6604
116.318 39.661
116.318 39.6615
116.318 39.6618
116.318 39.6621
116.318 39.6625
116.318 39.663
116.318 39.6636
116.318 39.6641
116.318 39.6646
116.318 39.665
116.318 39.6653
116.318 39.6654
116.318 39.6654
116.318 39.6654
116.318 39.6654
116.318 39.6654
116.318 39.6654
116.318 39.6654
116.318 39.6654
116.318 39.6654
116.318 39.6654
116.318 39.6657
116.318 39.6661
116.318 39.6667
116.319 39.6672
116.319 39.6678
116.319 39.6683
116.319 39.6689
116.319 39.6695
116.319 39.6701
116.319 39.6707
116.319 39.6714
116.319 39.6721
116.319 39.6729
116.319 39.6736
116.319 39.6742
116.319 39.6749
116.319 39.6755
116.32 39.6762
116.32 39.6769
116.32 39.6775
116.32 39.6782
116.32 39.679
116.32 39.6797
116.32 39.6804
116.321 39.6809
116.321 39.6814
116.322 39.682
116.322 39.6826
116.322 39.6833
116.322 39.6838
116.322 39.6844
116.322 39.6851
116.323 39.6857
116.323 39.6864
116.323 39.687
116.323 39.6877
116.323 39.6884
116.323 39.689
116.323 39.6895
116.323 39.6896
116.323 39.6897
116.323 39.6897
116.323 39.6897
116.323 39.6897
116.323 39.6897
116.323 39.6897
116.323 39.6898
116.323 39.69
116.323 39.6904
116.323 39.6908
116.323 39.6914
116.324 39.692
116.324 39.6926
116.324 39.6933
116.324 39.6939
116.324 39.6945
116.324 39.6951
116.324 39.6957
116.324 39.6963
116.324 39.6968
116.324 39.6973
116.325 39.6977
116.325 39.698
116.326 39.6983
116.326 39.6986
116.326 39.6991
116.326 39.6995
116.326 39.6999
116.326 39.7003
116.325 39.7007
116.325 39.7014
116.325 39.7021
116.326 39.7028
116.326 39.7034
116.327 39.704
116.327 39.7047
116.328 39.7053
116.329 39.706
116.33 39.7066
116.33 39.7073
116.331 39.7079
116.331 39.7084
116.332 39.709
116.333 39.7096
116.333 39.7102
116.334 39.7108
116.335 39.7114
116.335 39.7121
116.336 39.7128
116.337 39.7135
116.337 39.7142
116.338 39.7149
116.338 39.7154
116.338 39.7159
116.338 39.7164
116.338 39.7168
116.338 39.7173
116.339 39.7179
116.339 39.7185
116.339 39.7192
116.339 39.7197
116.339 39.72
116.339 39.7202
116.339 39.7202
116.339 39.7202
116.339 39.7202
116.339 39.7202
116.339 39.7202
116.339 39.7202
116.339 39.7202
116.339 39.7202
116.339 39.7202
116.339 39.7202
116.339 39.7202
116.339 39.7202
116.339 39.7202
116.339 39.7202
116.339 39.7202
116.339 39.7202
116.339 39.7203
116.339 39.7206
116.339 39.721
116.339 39.7215
116.34 39.7221
116.34 39.7226
116.34 39.7231
116.34 39.7235
116.34 39.7237
116.34 39.7239
116.34 39.7241
116.34 39.7244
116.34 39.7248
116.34 39.7253
116.34 39.7259
116.34 39.7267
116.34 39.7275
116.34 39.7284
116.34 39.7291
116.34 39.7295
116.34 39.7296
116.34 39.7295
116.34 39.7295
116.34 39.7295
116.34 39.7295
116.34 39.7295
116.34 39.7297
116.34 39.73
116.34 39.7304
116.34 39.7308
116.34 39.7314
116.34 39.732
116.34 39.7327
116.34 39.7333
116.34 39.7338
116.34 39.734
116.34 39.734
116.34 39.734
116.34 39.7339
116.34 39.7339
116.34 39.7339
116.34 39.7339
116.34 39.7339
116.34 39.7339
116.34 39.7339
116.34 39.7339
116.34 39.7339
116.34 39.734
116.34 39.7342
116.34 39.7345
116.34 39.7348
116.34 39.7352
116.34 39.7357
116.34 39.7364
116.34 39.737
116.339 39.7376
116.339 39.7382
116.339 39.7387
116.339 39.7394
116.339 39.7398
116.339 39.7399
116.339 39.74
116.339 39.74
116.339 39.74
116.339 39.74
116.339 39.74
116.339 39.74
116.339 39.7401
116.339 39.7403
116.339 39.7406
116.339 39.7409
116.339 39.7413
116.339 39.7418
116.339 39.7425
116.339 39.7431
116.339 39.7436
116.339 39.744
116.339 39.7445
116.339 39.7449
116.339 39.7455
116.339 39.7461
116.339 39.7467
116.339 39.7474
116.339 39.748
116.339 39.7487
116.339 39.7495
116.338 39.7505
116.338 39.7514
116.338 39.7523
116.338 39.7532
116.338 39.7542
116.338 39.7551
116.338 39.756
116.338 39.7568
116.338 39.7575
116.338 39.7581
116.337 39.7588
116.337 39.7595
116.337 39.7601
116.337 39.7604
116.337 39.7605
116.337 39.7606
116.337 39.7606
116.337 39.7606
116.337 39.7606
116.337 39.7608
116.337 39.761
116.337 39.7613
116.337 39.7617
116.337 39.7621
116.337 39.7626
116.337 39.7632
116.337 39.7638
116.337 39.7643
116.337 39.7648
116.337 39.7654
116.337 39.7659
116.336 39.7665
116.336 39.7672
116.336 39.7678
116.336 39.7684
116.336 39.769
116.336 39.7697
116.336 39.7704
116.336 39.7712
116.336 39.772
116.336 39.7727
116.336 39.7733
116.336 39.7738
116.336 39.774
116.336 39.7742
116.336 39.7745
116.336 39.7747
116.336 39.7751
116.337 39.7756
116.337 39.776
116.338 39.7764
116.338 39.7769
116.339 39.7774
116.339 39.7777
116.339 39.7781
116.339 39.7785
116.339 39.7789
116.338 39.7793
116.338 39.7798
116.339 39.7803
116.339 39.7807
116.339 39.7812
116.339 39.7816
116.339 39.7819
116.34 39.7822
116.34 39.7826
116.34 39.7831
116.34 39.7835
116.341 39.7841
116.341 39.7846
116.341 39.7851
116.342 39.7856
116.342 39.786
116.342 39.7865
116.342 39.7869
116.342 39.7874
116.342 39.7877
116.342 39.7878
116.342 39.7878
116.343 39.7878
116.343 39.7878
116.342 39.7878
116.342 39.7878
116.342 39.7878
116.342 39.7878
116.342 39.7878
116.342 39.7878
116.342 39.7878
116.343 39.7878
116.343 39.788
116.343 39.7882
116.343 39.7885
116.343 39.7888
116.343 39.7891
116.343 39.7895
116.343 39.7898
116.343 39.7901
116.343 39.7904
116.342 39.7908
116.342 39.7911
116.342 39.7915
116.342 39.792
116.342 39.7925
116.342 39.7931
116.342 39.7938
116.342 39.7943
116.342 39.7948
116.342 39.7953
116.342 39.7958
116.342 39.7962
116.342 39.7967
116.342 39.797
116.342 39.7974
116.342 39.7976
116.341 39.798
116.341 39.7984
116.341 39.7989
116.341 39.7994
116.341 39.7999
116.341 39.8003
116.34 39.8007
116.34 39.801
116.34 39.8015
116.34 39.8019
116.34 39.8023
116.34 39.8027
116.34 39.8031
116.34 39.8035
116.34 39.804
116.34 39.8044
116.34 39.8048
116.34 39.8053
116.339 39.8059
116.339 39.8065
116.339 39.8073
116.339 39.8081
116.339 39.8089
116.339 39.8096
116.339 39.8103
116.339 39.811
116.339 39.8117
116.339 39.8125
116.339 39.8133
116.339 39.8141
116.339 39.815
116.339 39.8158
116.339 39.8167
116.339 39.8176
116.339 39.8185
116.339 39.8194
116.339 39.8203
116.339 39.8212
116.339 39.8221
116.339 39.8229
116.339 39.8239
116.34 39.8248
116.34 39.8257
116.34 39.8266
116.34 39.8275
116.34 39.8284
116.34 39.8293
116.34 39.8302
116.34 39.831
116.34 39.8319
116.34 39.8328
116.34 39.8337
116.34 39.8347
116.34 39.8356
116.34 39.8365
116.34 39.8374
116.34 39.8382
116.34 39.839
116.34 39.8398
116.34 39.8407
116.34 39.8416
116.34 39.8425
116.34 39.8433
116.34 39.8442
116.34 39.845
116.34 39.8459
116.34 39.8468
116.34 39.8477
116.34 39.8485
116.34 39.8494
116.341 39.8503
116.341 39.8511
116.341 39.8518
116.341 39.8526
116.341 39.8533
116.341 39.8541
116.341 39.8547
116.341 39.8554
116.341 39.856
116.341 39.8568
116.341 39.8576
116.341 39.8584
116.342 39.8592
116.342 39.8598
116.342 39.8604
116.342 39.8611
116.342 39.8617
116.342 39.8625
116.342 39.8632
116.342 39.864
116.342 39.8648
116.342 39.8656
116.342 39.8662
116.343 39.8668
116.343 39.8674
116.343 39.868
116.343 39.8686
116.343 39.8693
116.343 39.8699
116.343 39.8705
116.343 39.8712
116.343 39.8719
116.343 39.8726
116.343 39.8732
116.343 39.8738
116.343 39.8744
116.343 39.8751
116.343 39.8758
116.343 39.8766
116.343 39.8775
116.343 39.8785
116.343 39.8795
116.343 39.8804
116.343 39.8813
116.343 39.8821
116.343 39.8828
116.343 39.8834
116.343 39.8841
116.343 39.8847
116.343 39.8854
116.343 39.8862
116.343 39.887
116.343 39.8879
116.343 39.8887
116.343 39.8895
116.343 39.89
116.343 39.8905
116.343 39.8911
116.343 39.8917
116.343 39.8923
116.343 39.8929
116.343 39.8935
116.343 39.8942
116.343 39.8949
116.343 39.8956
116.343 39.8962
116.344 39.8966
116.344 39.8967
116.344 39.8967
116.345 39.8968
116.345 39.8968
116.345 39.8968
116.345 39.8968
116.346 39.8968
116.346 39.8969
116.346 39.8969
116.347 39.8969
116.347 39.8969
116.348 39.897
116.349 39.897
116.349 39.8973
116.35 39.8976
116.35 39.8978
116.35 39.8981
116.35 39.8982
116.351 39.8985
116.351 39.8986
116.351 39.8988
116.351 39.8991
116.351 39.8995
116.351 39.8999
116.351 39.9004
116.351 39.9009
116.351 39.9016
116.351 39.9023
116.351 39.9028
116.351 39.903
116.351 39.903
116.351 39.9027
116.351 39.9027
116.351 39.9031
116.35 39.9035
116.35 39.904
116.35 39.9045
116.35 39.905
116.35 39.9054
116.35 39.9059
116.35 39.9063
116.35 39.9065
116.35 39.9068
116.35 39.9071
116.35 39.9077
116.35 39.9081
116.35 39.9084
116.35 39.9088
116.35 39.9091
116.35 39.9093
116.351 39.9093
116.351 39.9093
116.351 39.9093
116.351 39.9093
116.351 39.9093
116.351 39.9093
116.351 39.9093
116.351 39.9094
116.35 39.9091
116.35 39.909
116.351 39.9099
116.351 39.9101
116.351 39.9102
116.351 39.9104
116.351 39.9105
116.351 39.9106
116.351 39.9109
116.351 39.9112
116.351 39.9116
116.351 39.912
116.351 39.9124
116.351 39.913
116.351 39.9136
116.351 39.9143
116.35 39.9149
116.35 39.9156
116.35 39.9162
116.35 39.9166
116.35 39.9171
116.35 39.9173
116.35 39.9175
116.35 39.9177
116.35 39.9181
116.35 39.9185
116.35 39.9189
116.35 39.9193
116.35 39.9198
116.35 39.9203
116.35 39.9208
116.35 39.9213
116.35 39.922
116.35 39.9226
116.35 39.9231
116.35 39.9237
116.35 39.9243
116.35 39.9249
116.35 39.9254
116.35 39.9259
116.35 39.9264
116.35 39.9269
116.35 39.9273
116.35 39.9276
116.35 39.928
116.35 39.9281
116.35 39.9282
116.35 39.9284
116.35 39.9287
116.35 39.9291
116.35 39.9294
116.35 39.9299
116.35 39.9301
116.35 39.9303
116.35 39.9307
116.35 39.9309
116.35 39.9311
116.35 39.9314
116.35 39.9317
116.35 39.9321
116.35 39.9325
116.35 39.9329
116.35 39.9334
116.35 39.9338
116.35 39.9343
116.35 39.9347
116.349 39.9353
116.349 39.9359
116.349 39.9363
116.349 39.9369
116.349 39.9373
116.349 39.9378
116.349 39.9385
116.349 39.9393
116.349 39.9402
116.349 39.9408
116.349 39.9413
116.35 39.9419
116.35 39.9427
116.35 39.9437
116.35 39.9446
116.35 39.9456
116.35 39.9466
116.35 39.9474
116.35 39.9483
116.35 39.9491
116.35 39.9498
116.349 39.9504
116.349 39.9509
116.349 39.9514
116.349 39.9521
116.349 39.9528
116.349 39.9535
116.349 39.9541
116.349 39.9549
116.349 39.9556
116.349 39.9563
116.349 39.9571
116.349 39.9578
116.349 39.9587
116.349 39.9595
116.349 39.9603
116.349 39.9612
116.349 39.9621
116.349 39.9631
116.349 39.964
116.349 39.965
116.349 39.9658
116.348 39.9666
116.348 39.9673
116.348 39.9681
116.348 39.9689
116.348 39.9698
116.348 39.9706
116.348 39.9713
116.348 39.9721
116.348 39.9729
116.348 39.9738
116.348 39.9746
116.348 39.9752
116.348 39.9759
116.348 39.9767
116.348 39.9775
116.348 39.9783
116.348 39.9791
116.348 39.9798
116.348 39.9805
116.348 39.9812
116.348 39.9819
116.348 39.9827
116.348 39.9835
116.348 39.9843
116.347 39.9848
116.347 39.9851
116.347 39.9851
116.347 39.9851
116.347 39.9851
116.347 39.9851
116.347 39.9851
116.347 39.9851
116.347 39.9851
116.347 39.9851
116.347 39.9851
116.347 39.9851
116.347 39.9851
116.347 39.9851
116.347 39.9851
116.347 39.9851
116.347 39.9851
116.347 39.9851
116.347 39.9851
116.347 39.9851
116.347 39.9851
116.347 39.9851
116.347 39.9851
116.347 39.9851
116.347 39.9851
116.347 39.9851
116.347 39.9851
116.347 39.9855
116.347 39.986
116.347 39.9867
116.347 39.9875
116.347 39.9883
116.347 39.9891
116.347 39.99
116.347 39.9907
116.347 39.9913
116.347 39.9916
116.347 39.9917
116.347 39.9917
116.347 39.9917
116.347 39.9917
116.347 39.9917
116.347 39.9917
116.347 39.9917
116.347 39.9917
116.347 39.9917
116.347 39.9917
116.347 39.9917
116.347 39.992
116.347 39.9924
116.347 39.993
116.347 39.9938
116.347 39.9947
116.347 39.9956
116.347 39.9965
116.347 39.9974
116.347 39.9981
116.347 39.9987
116.347 39.9989
116.347 39.9991
116.347 39.9993
116.347 39.9996
116.347 40
116.347 40.0003
116.347 40.0007
116.347 40.0011
116.347 40.0016
116.347 40.0023
116.346 40.003
116.346 40.0039
116.346 40.0048
116.346 40.0056
116.346 40.0063
116.346 40.0069
116.346 40.0073
116.346 40.0076
116.346 40.008
116.346 40.0085
116.346 40.009
116.346 40.0095
116.346 40.01
116.346 40.0105
116.346 40.011
116.346 40.0115
116.346 40.012
116.346 40.0124
116.346 40.0127
116.346 40.013
116.346 40.0133
116.346 40.0133
116.346 40.0133
116.346 40.0133
116.346 40.0133
116.346 40.0133
116.346 40.0133
116.346 40.0133
116.346 40.0133
116.346 40.0133
116.346 40.0134
116.346 40.0138
116.346 40.0143
116.346 40.015
116.346 40.0156
116.346 40.016
116.346 40.0164
116.346 40.0167
116.346 40.0172
116.346 40.0178
116.346 40.0184
116.346 40.019
116.346 40.0196
116.346 40.0202
116.346 40.0206
116.346 40.0207
116.346 40.0208
116.346 40.0208
116.346 40.0208
116.346 40.0208
116.346 40.0208
116.346 40.0208
116.346 40.0207
116.346 40.0207
116.346 40.0207
116.346 40.0208
116.346 40.0208
116.346 40.0208
116.346 40.0208
116.346 40.0208
116.346 40.0208
116.346 40.0208
116.346 40.0208
116.346 40.0208
116.346 40.0208
116.346 40.0208
116.346 40.0208
116.346 40.0208
116.346 40.0208
116.346 40.0208
116.346 40.0211
116.347 40.0212
116.347 40.0213
116.348 40.0214
116.349 40.0214
116.35 40.0214
116.35 40.0214
116.351 40.0216
116.351 40.0221
116.35 40.0227
116.349 40.0231
116.348 40.0235
116.347 40.0238
116.346 40.0242
116.345 40.0248
116.345 40.0256
116.344 40.0263
116.344 40.0268
116.344 40.027
116.344 40.027
116.344 40.027
116.344 40.027
116.344 40.0271
116.344 40.0271
116.344 40.0273
116.343 40.0275
116.343 40.0279
116.343 40.0283
116.342 40.0288
116.342 40.0293
116.342 40.0297
116.341 40.0299
116.341 40.03
116.341 40.0301
116.342 40.0301
116.342 40.0301
116.342 40.0301
116.342 40.0302
116.342 40.0302
116.342 40.0301
116.342 40.0301
116.342 40.0301
116.342 40.0301
116.342 40.0302
116.342 40.0302
116.342 40.0302
116.341 40.03
116.341 40.0299
116.341 40.0298
116.34 40.0298
116.34 40.0297
116.34 40.0296
116.339 40.0295
116.339 40.0295
116.339 40.0295
116.339 40.0294
116.338 40.0294
116.338 40.0294
116.338 40.0294
116.338 40.0294
116.337 40.0294
116.337 40.0294
116.337 40.0294
116.337 40.0294
116.337 40.0294
116.337 40.0294
116.337 40.0294
116.337 40.0294
116.337 40.0294
116.337 40.0294
116.337 40.0294
116.337 40.0294
116.337 40.0294
116.337 40.0294
116.337 40.0294
116.337 40.0294
116.337 40.0294
116.337 40.0294
116.337 40.0294
116.337 40.0294
116.337 40.0294
116.336 40.0294
116.336 40.0295
116.335 40.0295
116.335 40.0295
116.334 40.0295
116.334 40.0295
116.333 40.0295
116.333 40.0295
116.333 40.0295
116.332 40.0296
116.332 40.0296
116.331 40.0296
116.331 40.0296
116.331 40.0298
116.331 40.0302
116.331 40.0308
116.331 40.0316
116.331 40.0323
116.331 40.0329
116.331 40.0336
116.331 40.0343
116.33 40.0349
116.33 40.0352
116.33 40.0352
116.33 40.0352
116.33 40.0352
116.33 40.0352
116.33 40.0352
116.33 40.0352
116.33 40.0352
116.33 40.0352
116.33 40.0352
116.33 40.0352
116.33 40.0353
116.33 40.0353
116.329 40.0351
116.328 40.0349
116.328 40.0348
116.327 40.0348
116.326 40.0348
116.326 40.035
116.326 40.0354
116.326 40.0358
116.326 40.0361
116.326 40.0364
116.326 40.0365
116.326 40.0366
116.326 40.0366
116.326 40.0366
116.326 40.0366
116.326 40.0366
116.326 40.0366
116.326 40.0366
116.326 40.0366
116.326 40.0366
116.326 40.0366
116.326 40.0366
116.326 40.0367
116.326 40.0367
116.326 40.0367
116.326 40.0367
116.326 40.0367
116.326 40.0367
116.326 40.0367
116.326 40.0367
116.326 40.0367
116.326 40.0368
116.326 40.0371
116.326 40.0373
116.326 40.0377
116.326 40.038
116.326 40.0382
116.326 40.0383
116.326 40.0383
116.326 40.0383
116.326 40.0383
116.326 40.0383
116.325 40.0384
116.325 40.0385
116.325 40.0385
116.325 40.0385
116.325 40.0385
116.325 40.0385
116.325 40.0385
116.325 40.0385
116.325 40.0384
116.325 40.0384
116.325 40.0384
116.325 40.0384
116.325 40.0384
116.325 40.0384
116.325 40.0384
116.325 40.0384
116.325 40.0384
116.325 40.0384
116.325 40.0384
116.325 40.0384
116.325 40.0384
116.325 40.0384
116.325 40.0384
116.325 40.0384
116.325 40.0384
116.325 40.0384
116.325 40.0384
116.325 40.0384
116.326 40.0384
116.326 40.0384
116.326 40.0384
116.326 40.0384
116.326 40.0384
116.326 40.0384
116.326 40.0384
116.326 40.0384
116.326 40.0384
116.326 40.0384
116.326 40.0384
116.326 40.0384
116.326 40.0384
116.326 40.0384
116.326 40.0384
116.326 40.0384
116.326 40.0384
116.326 40.0385
116.326 40.0385
116.326 40.0386
116.325 40.0386
116.325 40.0386
116.325 40.0386
116.325 40.0386
116.325 40.0386
116.325 40.0386
116.325 40.0386
116.325 40.0386
116.325 40.0386
116.325 40.0385
116.325 40.0385
116.325 40.0385
116.325 40.0385
116.325 40.0385
116.325 40.0385
116.325 40.0385
116.325 40.0385
116.325 40.0385
116.325 40.0385
116.325 40.0385
116.325 40.0385
116.325 40.0385
116.325 40.0385
116.325 40.0385
116.325 40.0385
116.325 40.0385
116.325 40.0385
116.325 40.0385
116.325 40.0385
116.325 40.0385
116.325 40.0385
116.325 40.0385
116.325 40.0385
116.326 40.0385
116.326 40.0385
116.326 40.0385
116.326 40.0385
116.326 40.0385
116.326 40.0385
116.326 40.0385
116.326 40.0385
116.326 40.0385
116.326 40.0385
116.326 40.0385
116.326 40.0385
116.326 40.0385
116.326 40.0385
116.326 40.0385
116.326 40.0385
116.326 40.0385
116.326 40.0385
116.326 40.0385
116.326 40.0385
116.326 40.0385
116.326 40.0385
116.326 40.0385
116.326 40.0385
116.326 40.0385
116.326 40.0385
116.326 40.0385
116.326 40.0385
116.326 40.0385
116.326 40.0385
116.326 40.0385
116.326 40.0385
116.326 40.0385
116.326 40.0385
116.326 40.0385
116.326 40.0385
116.326 40.0385
116.326 40.0385
116.326 40.0385
116.326 40.0385
116.326 40.0385
116.326 40.0385
116.326 40.0385
116.326 40.0385
116.326 40.0385
116.326 40.0385
116.326 40.0385
116.326 40.0385
116.326 40.0385
116.326 40.0385
116.326 40.0384
116.326 40.0384
116.326 40.0384
116.326 40.0384
116.326 40.0384
116.326 40.0385
116.326 40.0385
116.326 40.0385
116.326 40.0385
116.326 40.0385
116.326 40.0385
116.326 40.0385
116.326 40.0385
116.326 40.0385
116.326 40.0385
116.326 40.0385
116.325 40.0385
116.325 40.0385
116.325 40.0385
116.325 40.0385
116.325 40.0385
116.325 40.0385
116.325 40.0385
116.325 40.0385
116.325 40.0385
116.325 40.0385
116.325 40.0385
116.325 40.0385
116.325 40.0385
116.325 40.0386
116.325 40.0386
116.325 40.0387
116.325 40.0387
116.324 40.0384
116.324 40.0384
116.323 40.0386
116.323 40.0387
116.323 40.0387
116.323 40.0387
116.323 40.0388
116.324 40.0389
116.324 40.0389
116.324 40.0389
116.325 40.039
116.325 40.039
116.325 40.039
116.324 40.0391
116.324 40.0392
116.324 40.0392
116.324 40.0392
116.324 40.0392
116.324 40.0392
116.324 40.0392
116.324 40.0392
116.324 40.0392
116.324 40.0392
116.324 40.0391
116.324 40.0392
116.324 40.0392
116.324 40.0392
116.323 40.0392
116.323 40.0392
116.323 40.0392
116.323 40.0392
116.323 40.0391
116.323 40.0391
116.323 40.0391
116.323 40.0391
116.323 40.0391
116.323 40.0391
116.323 40.0392
116.323 40.0392
116.323 40.0392
116.323 40.0392
116.322 40.0393
116.322 40.0392
116.322 40.0392
116.322 40.0392
116.322 40.0392
116.322 40.0392
116.322 40.0393
116.322 40.0394
116.322 40.0394
116.322 40.0396
116.322 40.0396
116.322 40.0397
116.322 40.04
116.322 40.0401
116.322 40.0399
116.322 40.04
116.322 40.04
116.322 40.04
116.322 40.04
116.322 40.04
116.322 40.04
116.322 40.04
116.322 40.0399
116.322 40.0399
116.322 40.0399
116.322 40.0399
116.322 40.0399
116.322 40.0399
116.322 40.0399
116.322 40.0399
116.322 40.0399
116.322 40.04
116.322 40.04
116.322 40.0404
116.322 40.0403
116.322 40.0402
116.322 40.0402
116.322 40.0402
116.322 40.0403
116.322 40.0403
116.322 40.0403
116.322 40.0403
116.322 40.0402
116.322 40.0403
116.322 40.0403
116.322 40.0403
116.322 40.0402
116.321 40.0399
116.321 40.0399
116.322 40.04
116.322 40.04
116.322 40.04
116.322 40.04
116.322 40.0399
116.322 40.0399
116.322 40.0399
116.322 40.0399
116.322 40.0399
