116.292 40.0508
116.292 40.0508
116.292 40.0507
116.292 40.0507
116.292 40.0507
116.292 40.0506
116.292 40.0506
116.292 40.0506
116.292 40.0506
116.292 40.0506
116.292 40.0505
116.292 40.0505
116.292 40.0505
116.292 40.0505
116.292 40.0505
116.292 40.0505
116.292 40.0505
116.292 40.0504
116.292 40.0504
116.292 40.0504
116.292 40.0504
116.292 40.0504
116.292 40.0504
116.292 40.0504
116.292 40.0504
116.292 40.0504
116.292 40.0504
116.292 40.0504
116.292 40.0504
116.292 40.0503
116.292 40.0503
116.292 40.0503
116.292 40.0502
116.292 40.0502
116.292 40.0502
116.292 40.0502
116.292 40.0502
116.292 40.0502
116.292 40.0502
116.292 40.0502
116.292 40.0502
116.292 40.0501
116.292 40.0502
116.292 40.0502
116.292 40.0502
116.292 40.0502
116.292 40.0501
116.292 40.0501
116.292 40.0501
116.292 40.0501
116.292 40.0501
116.292 40.0501
116.292 40.0501
116.292 40.0501
116.292 40.05
116.292 40.0499
116.292 40.0498
116.292 40.0497
116.292 40.0495
116.292 40.0494
116.292 40.0492
116.292 40.049
116.293 40.0488
116.293 40.0486
116.293 40.0484
116.293 40.0481
116.293 40.0477
116.293 40.0473
116.293 40.047
116.294 40.0467
116.294 40.0463
116.294 40.0459
116.294 40.0456
116.295 40.0452
116.295 40.0448
116.295 40.0444
116.295 40.0442
116.295 40.0442
116.295 40.0442
116.295 40.0442
116.295 40.0442
116.295 40.0441
116.295 40.0441
116.295 40.0441
116.295 40.044
116.295 40.044
116.295 40.0439
116.295 40.0438
116.296 40.0437
116.296 40.0436
116.296 40.0435
116.296 40.0434
116.296 40.0433
116.296 40.0433
116.296 40.0433
116.296 40.0432
116.296 40.0433
116.296 40.0433
116.297 40.0434
116.297 40.0435
116.297 40.0436
116.297 40.0437
116.298 40.0438
116.298 40.0439
116.298 40.0439
116.298 40.044
116.299 40.0442
116.299 40.0442
116.299 40.0442
116.299 40.0442
116.299 40.0442
116.3 40.044
116.3 40.0437
116.3 40.0436
116.3 40.0435
116.3 40.0435
116.3 40.0435
116.3 40.0435
116.3 40.0434
116.3 40.0433
116.3 40.0432
116.3 40.0431
116.3 40.0429
116.3 40.0427
116.3 40.0425
116.3 40.0423
116.301 40.042
116.301 40.0418
116.301 40.0415
116.301 40.0412
116.301 40.0409
116.302 40.0405
116.302 40.0401
116.302 40.0397
116.302 40.0393
116.302 40.039
116.302 40.0388
116.302 40.0389
116.302 40.0389
116.302 40.0389
116.302 40.0389
116.302 40.0389
116.302 40.0388
116.302 40.0387
116.302 40.0386
116.303 40.0385
116.303 40.0384
116.303 40.0382
116.303 40.038
116.303 40.0379
116.303 40.0377
116.303 40.0375
116.303 40.0372
116.304 40.037
116.304 40.0367
116.304 40.0364
116.304 40.0361
116.304 40.036
116.304 40.0359
116.304 40.0359
116.304 40.0359
116.304 40.0358
116.304 40.0358
116.304 40.0358
116.304 40.0358
116.304 40.0358
116.304 40.0358
116.304 40.0358
116.304 40.0358
116.304 40.0358
116.304 40.0358
116.304 40.0357
116.304 40.0356
116.304 40.0354
116.304 40.0352
116.304 40.0351
116.304 40.0349
116.304 40.0348
116.305 40.0346
116.305 40.0345
116.305 40.0343
116.305 40.0341
116.305 40.034
116.305 40.0338
116.305 40.0336
116.305 40.0335
116.305 40.0333
116.305 40.0332
116.305 40.033
116.305 40.0328
116.306 40.0326
116.306 40.0324
116.306 40.0322
116.306 40.0319
116.306 40.0316
116.306 40.0315
116.306 40.0314
116.306 40.0314
116.306 40.0314
116.306 40.0313
116.306 40.0313
116.306 40.0312
116.306 40.0312
116.306 40.0311
116.306 40.0309
116.306 40.0308
116.306 40.0307
116.306 40.0305
116.306 40.0304
116.306 40.0302
116.306 40.03
116.306 40.0298
116.306 40.0296
116.307 40.0292
116.307 40.0287
116.307 40.0284
116.307 40.0282
116.307 40.0281
116.307 40.0281
116.307 40.0281
116.307 40.0281
116.307 40.0282
116.307 40.0282
116.307 40.0281
116.307 40.0281
116.307 40.028
116.307 40.0279
116.307 40.0277
116.307 40.0276
116.307 40.0275
116.307 40.0273
116.307 40.0271
116.307 40.0269
116.307 40.0267
116.307 40.0265
116.307 40.0263
116.307 40.0261
116.307 40.0261
116.307 40.026
116.307 40.026
116.307 40.026
116.307 40.026
116.307 40.026
116.307 40.0259
116.307 40.0258
116.307 40.0257
116.307 40.0256
116.307 40.0255
116.307 40.0253
116.307 40.0251
116.307 40.0249
116.308 40.0247
116.308 40.0245
116.308 40.0244
116.308 40.0242
116.308 40.024
116.308 40.0238
116.308 40.0235
116.308 40.0233
116.308 40.0231
116.308 40.0228
116.308 40.0227
116.308 40.0225
116.308 40.0223
116.308 40.0221
116.308 40.022
116.308 40.0218
116.308 40.0217
116.308 40.0216
116.308 40.0214
116.308 40.0213
116.308 40.0211
116.308 40.021
116.308 40.0208
116.308 40.0207
116.308 40.0207
116.308 40.0207
116.308 40.0206
116.308 40.0205
116.308 40.0204
116.308 40.0202
116.308 40.0201
116.308 40.0199
116.308 40.0197
116.308 40.0196
116.308 40.0194
116.308 40.0192
116.308 40.0191
116.308 40.0189
116.308 40.0187
116.308 40.0185
116.308 40.0183
116.309 40.0181
116.309 40.0179
116.309 40.0177
116.309 40.0174
116.31 40.0171
116.31 40.0169
116.31 40.0166
116.311 40.0162
116.311 40.0159
116.311 40.0155
116.311 40.0152
116.312 40.0151
116.312 40.015
116.312 40.015
116.312 40.015
116.312 40.0149
116.312 40.0148
116.312 40.0147
116.312 40.0145
116.312 40.0144
116.312 40.0142
116.312 40.014
116.312 40.0139
116.312 40.0137
116.312 40.0135
116.312 40.0132
116.312 40.0129
116.312 40.0126
116.312 40.0123
116.312 40.0121
116.312 40.012
116.312 40.0119
116.312 40.0118
116.312 40.0118
116.312 40.0118
116.312 40.0117
116.312 40.0116
116.312 40.0115
116.312 40.0114
116.312 40.0113
116.312 40.0111
116.312 40.011
116.312 40.0108
116.312 40.0107
116.312 40.0105
116.312 40.0103
116.312 40.0101
116.312 40.0097
116.312 40.0094
116.312 40.0091
116.313 40.0088
116.313 40.0086
116.313 40.0084
116.313 40.0083
116.313 40.0082
116.313 40.008
116.313 40.0079
116.313 40.0078
116.313 40.0077
116.313 40.0077
116.313 40.0076
116.313 40.0075
116.313 40.0073
116.313 40.0071
116.313 40.007
116.313 40.0068
116.313 40.0066
116.313 40.0062
116.313 40.0059
116.313 40.0056
116.313 40.0052
116.312 40.005
116.312 40.0049
116.311 40.0049
116.311 40.0048
116.31 40.0047
116.31 40.0045
116.31 40.0042
116.309 40.0039
116.309 40.0036
116.309 40.0033
116.309 40.003
116.309 40.0027
116.309 40.0024
116.309 40.0022
116.309 40.0022
116.309 40.0021
116.309 40.002
116.309 40.0019
116.309 40.0017
116.309 40.0016
116.309 40.0014
116.309 40.0012
116.309 40.001
116.309 40.0008
116.309 40.0006
116.309 40.0004
116.309 40.0002
116.309 39.9998
116.309 39.9995
116.309 39.9992
116.309 39.999
116.309 39.9989
116.309 39.9988
116.309 39.9988
116.309 39.9988
116.309 39.9988
116.309 39.9988
116.309 39.9987
116.309 39.9986
116.309 39.9985
116.309 39.9984
116.309 39.9982
116.309 39.9981
116.309 39.9979
116.309 39.9977
116.309 39.9975
116.309 39.9973
116.309 39.9971
116.309 39.9969
116.309 39.9968
116.309 39.9968
116.309 39.9968
116.309 39.9968
116.309 39.9967
116.309 39.9966
116.309 39.9965
116.309 39.9965
116.309 39.9965
116.309 39.9964
116.309 39.9964
116.309 39.9964
116.309 39.9963
116.309 39.9961
116.309 39.996
116.309 39.9958
116.309 39.9957
116.309 39.9955
116.309 39.9953
116.309 39.9951
116.309 39.9949
116.309 39.9946
116.309 39.9943
116.309 39.9939
116.309 39.9935
116.309 39.9932
116.309 39.993
116.309 39.9928
116.309 39.9926
116.309 39.9925
116.31 39.9923
116.31 39.9921
116.31 39.9919
116.31 39.9918
116.31 39.9916
116.31 39.9916
116.31 39.9915
116.31 39.9915
116.31 39.9915
116.31 39.9915
116.31 39.9914
116.31 39.9914
116.31 39.9913
116.31 39.9911
116.31 39.991
116.31 39.9909
116.31 39.9907
116.31 39.9905
116.31 39.9904
116.31 39.9902
116.31 39.99
116.31 39.9896
116.31 39.9892
116.31 39.9888
116.31 39.9884
116.31 39.9882
116.31 39.9882
116.31 39.9882
116.31 39.9881
116.31 39.9882
116.31 39.9881
116.31 39.9881
116.31 39.9881
116.31 39.9881
116.31 39.9881
116.31 39.9881
116.31 39.9881
116.31 39.9882
116.31 39.9882
116.31 39.9882
116.31 39.9882
116.31 39.9882
116.31 39.9882
116.31 39.9883
116.31 39.9883
116.31 39.9883
116.31 39.9883
116.31 39.9884
116.31 39.9884
116.31 39.9884
116.31 39.9885
116.31 39.9885
116.31 39.9885
116.31 39.9886
116.31 39.9886
116.31 39.9886
116.31 39.9887
116.31 39.9887
116.31 39.9887
116.31 39.9887
116.31 39.9888
116.31 39.9888
116.31 39.9888
116.31 39.9888
116.31 39.9888
116.31 39.9888
116.31 39.9888
116.31 39.9889
116.31 39.9889
116.31 39.9889
116.31 39.9889
116.309 39.9889
116.309 39.9889
116.309 39.9889
116.309 39.9889
116.309 39.9889
116.309 39.9888
116.309 39.9888
116.309 39.9888
116.309 39.9889
116.309 39.9889
116.309 39.9889
116.309 39.9889
116.309 39.9889
116.309 39.9889
116.309 39.9889
116.309 39.9888
116.309 39.9888
116.309 39.9888
116.309 39.9888
116.309 39.9888
116.309 39.9888
116.309 39.9888
116.309 39.9888
116.309 39.9888
116.309 39.9888
116.309 39.9888
116.309 39.9888
116.309 39.9888
116.309 39.9888
116.309 39.9888
116.309 39.9888
116.309 39.9888
116.309 39.9888
116.309 39.9888
116.309 39.9888
116.308 39.9888
116.308 39.9888
116.308 39.9888
116.308 39.9888
116.308 39.9888
116.308 39.9888
116.308 39.9888
116.308 39.9888
116.308 39.9888
116.308 39.9888
116.308 39.9888
116.308 39.9888
116.308 39.9888
116.308 39.9888
116.308 39.9888
116.308 39.9888
116.308 39.9888
116.308 39.9888
116.308 39.9888
116.308 39.9888
116.308 39.9888
116.308 39.9888
116.308 39.9888
116.308 39.9888
116.308 39.9888
116.308 39.9888
116.308 39.9888
116.308 39.9887
116.308 39.9887
116.308 39.9887
116.308 39.9887
116.308 39.9887
116.308 39.9887
116.308 39.9887
116.307 39.9887
116.307 39.9886
116.307 39.9887
116.307 39.9887
116.307 39.9887
116.307 39.9887
116.307 39.9887
116.307 39.9887
116.307 39.9887
116.307 39.9887
116.307 39.9887
116.307 39.9887
116.307 39.9887
116.307 39.9887
116.307 39.9887
116.307 39.9887
116.307 39.9888
116.307 39.9888
116.307 39.9888
116.307 39.9888
116.307 39.9888
116.307 39.9888
116.307 39.9888
116.307 39.9888
116.307 39.9888
116.307 39.9888
116.307 39.9887
116.307 39.9887
116.307 39.9887
116.307 39.9887
116.307 39.9887
116.307 39.9887
116.307 39.9887
116.307 39.9887
116.307 39.9887
116.307 39.9886
116.307 39.9886
116.307 39.9886
116.307 39.9886
116.307 39.9885
116.307 39.9885
116.307 39.9885
116.307 39.9885
116.307 39.9885
116.307 39.9884
116.307 39.9884
116.307 39.9884
116.307 39.9884
116.307 39.9883
116.307 39.9883
116.307 39.9883
116.307 39.9883
116.307 39.9883
116.307 39.9882
116.307 39.9882
116.307 39.9882
116.307 39.9882
116.307 39.9882
116.307 39.9881
116.307 39.9881
116.307 39.9881
116.307 39.9881
116.307 39.9881
116.307 39.9881
116.307 39.988
116.307 39.988
116.307 39.988
116.307 39.988
116.307 39.988
116.307 39.988
116.307 39.9879
116.307 39.9879
116.307 39.9879
116.307 39.9879
116.307 39.9879
116.307 39.9878
116.307 39.9878
116.307 39.9878
116.307 39.9878
116.307 39.9878
116.307 39.9877
116.307 39.9877
116.307 39.9877
116.307 39.9877
116.307 39.9877
116.307 39.9877
116.307 39.9876
116.307 39.9876
116.307 39.9876
116.307 39.9876
116.307 39.9876
116.307 39.9876
116.307 39.9876
116.307 39.9875
116.307 39.9875
116.307 39.9874
116.307 39.9874
116.307 39.9874
116.307 39.9874
116.307 39.9873
116.307 39.9873
116.307 39.9873
116.307 39.9873
116.307 39.9873
116.307 39.9872
116.307 39.9872
116.307 39.9872
116.307 39.9871
116.307 39.9871
116.307 39.9871
116.307 39.9871
116.307 39.9871
116.307 39.9871
116.307 39.9871
116.307 39.9871
116.306 39.987
116.306 39.987
116.306 39.987
116.306 39.987
116.306 39.987
116.306 39.9869
116.306 39.9869
116.306 39.987
116.306 39.987
116.306 39.987
116.306 39.987
116.306 39.987
116.306 39.987
116.306 39.987
116.306 39.987
116.306 39.987
116.306 39.987
116.306 39.987
116.306 39.9871
116.306 39.9871
116.306 39.9871
116.306 39.9871
116.306 39.9871
116.306 39.987
116.306 39.987
116.306 39.987
116.306 39.987
116.306 39.987
116.306 39.9871
116.306 39.9871
116.306 39.9871
116.306 39.9871
116.306 39.9871
116.306 39.9871
116.306 39.9872
116.306 39.9872
116.306 39.9872
116.306 39.9873
116.306 39.9873
116.306 39.9872
116.306 39.9872
116.306 39.9872
116.305 39.9872
116.305 39.9872
116.305 39.9872
116.305 39.9872
116.305 39.9872
116.305 39.9872
116.305 39.9872
116.305 39.9872
116.305 39.9872
116.305 39.9872
116.305 39.9872
116.305 39.9872
116.305 39.9872
116.305 39.9872
116.305 39.9872
116.305 39.9872
116.305 39.9872
116.305 39.9872
116.305 39.9872
116.305 39.9872
116.305 39.9872
116.305 39.9872
116.305 39.9872
116.305 39.9871
116.305 39.9871
116.305 39.9872
116.305 39.9872
116.305 39.9872
116.305 39.9872
116.305 39.9872
116.305 39.9872
116.305 39.9871
116.304 39.9871
116.304 39.9871
116.304 39.9871
116.304 39.9871
116.304 39.9871
116.304 39.9871
116.304 39.9871
116.304 39.9871
116.304 39.9872
116.304 39.9872
116.304 39.9872
116.304 39.9872
116.304 39.9872
116.304 39.9872
116.304 39.9872
116.304 39.9873
116.304 39.9873
116.304 39.9873
116.304 39.9873
116.304 39.9874
116.304 39.9874
116.304 39.9874
116.304 39.9874
116.304 39.9874
116.304 39.9875
116.304 39.9875
116.304 39.9875
116.304 39.9875
116.304 39.9876
116.304 39.9876
116.304 39.9876
116.304 39.9876
116.304 39.9876
116.304 39.9876
116.304 39.9876
116.304 39.9876
116.304 39.9876
116.304 39.9876
116.304 39.9876
116.304 39.9875
116.304 39.9875
116.304 39.9875
116.304 39.9874
116.304 39.9874
116.304 39.9874
116.304 39.9874
116.304 39.9873
116.304 39.9873
116.304 39.9873
116.304 39.9873
116.304 39.9872
116.304 39.9872
116.304 39.9872
116.304 39.9872
116.304 39.9871
116.304 39.9871
116.304 39.9871
116.304 39.9871
116.304 39.9871
116.304 39.9871
116.303 39.9871
116.304 39.9871
116.304 39.987
116.303 39.9869
116.304 39.9876
116.304 39.9877
116.303 39.9878
116.303 39.9878
116.303 39.9878
116.303 39.9878
116.303 39.9879
116.303 39.9878
116.303 39.9878
116.303 39.9877
116.303 39.9877
116.303 39.9877
116.303 39.9877
116.303 39.9877
116.303 39.9877
116.303 39.9877
116.303 39.9877
116.303 39.9877
116.303 39.9877
116.303 39.9877
116.303 39.9876
