116.3 40.0506
116.3 40.0506
116.3 40.0506
116.3 40.0506
116.3 40.0506
116.3 40.0506
116.3 40.0507
116.3 40.0507
116.3 40.0507
116.3 40.0507
116.3 40.0507
116.3 40.0507
116.3 40.0507
116.3 40.0507
116.3 40.0507
116.3 40.0506
116.3 40.0506
116.3 40.0506
116.3 40.0506
116.3 40.0506
116.3 40.0505
116.3 40.0505
116.3 40.0505
116.3 40.0504
116.3 40.0504
116.3 40.0504
116.3 40.0504
116.3 40.0504
116.301 40.0504
116.301 40.0504
116.301 40.0504
116.301 40.0504
116.3 40.0504
116.3 40.0503
116.3 40.0503
116.3 40.0503
116.301 40.0499
116.301 40.0499
116.301 40.0498
116.3 40.0499
116.3 40.0504
116.301 40.0502
116.301 40.0502
116.301 40.0501
116.301 40.0501
116.301 40.05
116.301 40.05
116.301 40.05
116.301 40.05
116.301 40.05
116.301 40.05
116.301 40.05
116.301 40.05
116.301 40.05
116.301 40.05
116.301 40.05
116.301 40.05
116.301 40.05
116.301 40.05
116.301 40.05
116.301 40.05
116.301 40.05
116.301 40.05
116.301 40.05
116.302 40.05
116.302 40.0499
116.302 40.0499
116.302 40.0499
116.302 40.0499
116.302 40.0499
116.302 40.0499
116.302 40.0499
116.301 40.05
116.301 40.05
116.301 40.05
116.301 40.05
116.301 40.05
116.301 40.05
116.301 40.05
116.301 40.05
116.301 40.0498
116.301 40.0497
116.301 40.0495
116.302 40.0491
116.302 40.0488
116.302 40.0484
116.302 40.0479
116.303 40.0475
116.303 40.0471
116.304 40.0463
116.305 40.0453
116.305 40.0446
116.306 40.0438
116.306 40.0431
116.307 40.0423
116.307 40.0415
116.308 40.0408
116.308 40.04
116.308 40.0393
116.309 40.0385
116.31 40.0381
116.311 40.0376
116.311 40.037
116.311 40.0367
116.312 40.0363
116.312 40.036
116.312 40.0357
116.312 40.0353
116.313 40.035
116.313 40.0346
116.313 40.0343
116.313 40.0339
116.313 40.0336
116.314 40.0332
116.314 40.0329
116.314 40.0326
116.314 40.0323
116.315 40.0311
116.315 40.031
116.322 40.0158
116.323 40.0143
116.324 40.0136
116.325 40.0129
116.325 40.0123
116.326 40.0116
116.327 40.011
116.328 40.0104
116.328 40.0098
116.329 40.0091
116.33 40.0084
116.33 40.0076
116.331 40.0068
116.331 40.0052
116.331 40.0043
116.331 40.0034
116.331 40.0026
116.331 40.0012
116.331 40.0007
116.331 39.9997
116.331 39.9988
116.331 39.998
116.331 39.9971
116.331 39.9963
116.331 39.9955
116.332 39.9947
116.332 39.9939
116.332 39.9931
116.332 39.9927
116.332 39.9923
116.332 39.9907
116.332 39.9905
116.332 39.9903
116.332 39.9901
116.332 39.99
116.332 39.9898
116.332 39.9896
116.332 39.9894
116.332 39.9892
116.332 39.989
116.332 39.9887
116.332 39.9883
116.332 39.9881
116.332 39.9877
116.404 39.9485
116.404 39.9482
116.404 39.9482
116.404 39.9481
116.404 39.9481
116.404 39.9481
116.404 39.9481
116.404 39.948
116.404 39.948
116.404 39.948
116.404 39.948
116.404 39.9481
116.404 39.9481
116.404 39.9481
116.404 39.9481
116.404 39.9482
116.404 39.9481
116.404 39.9482
116.404 39.9482
116.404 39.9482
116.404 39.9483
116.404 39.9483
116.404 39.9483
116.404 39.9483
116.404 39.9483
116.404 39.9483
116.404 39.9483
116.404 39.9483
116.404 39.9482
116.404 39.9482
116.404 39.9481
116.404 39.9481
116.404 39.9481
116.404 39.9481
116.404 39.9481
116.404 39.9481
116.404 39.9481
116.404 39.948
116.404 39.948
116.404 39.948
116.404 39.948
116.404 39.948
116.404 39.948
116.404 39.948
116.404 39.948
116.404 39.948
116.403 39.948
116.403 39.948
116.403 39.948
116.403 39.948
116.403 39.948
116.403 39.948
116.403 39.948
116.403 39.948
116.403 39.948
116.403 39.948
116.403 39.948
116.403 39.948
116.403 39.948
116.403 39.948
116.403 39.948
116.403 39.948
116.403 39.9479
116.403 39.9479
116.403 39.9479
116.403 39.9479
116.403 39.9479
116.403 39.9479
116.403 39.9479
116.403 39.9479
116.403 39.9479
116.403 39.9479
116.403 39.9478
116.403 39.9478
116.403 39.9478
116.403 39.9478
116.403 39.9477
116.403 39.9477
116.403 39.9477
116.403 39.9476
116.403 39.9476
116.403 39.9476
116.403 39.9476
116.403 39.9475
116.403 39.9475
116.403 39.9475
116.403 39.9475
116.403 39.9474
116.403 39.9474
116.403 39.9474
116.403 39.9474
116.403 39.9473
116.403 39.9473
116.403 39.9473
116.403 39.9472
116.403 39.9472
116.403 39.9472
116.403 39.9472
116.403 39.9472
116.403 39.9472
116.403 39.9471
116.403 39.9471
116.403 39.9471
116.402 39.9471
116.402 39.9471
116.402 39.9471
116.402 39.9471
116.402 39.947
116.402 39.947
116.402 39.947
116.402 39.947
116.402 39.9469
116.402 39.9469
116.402 39.947
116.402 39.947
116.402 39.9469
116.402 39.9469
116.402 39.9469
116.402 39.9469
116.402 39.9469
116.402 39.9468
116.402 39.9468
116.402 39.9468
116.402 39.9468
116.402 39.9467
116.402 39.9467
116.402 39.9467
116.402 39.9467
116.402 39.9466
116.402 39.9466
116.402 39.9466
116.402 39.9466
116.402 39.9466
116.402 39.9466
116.402 39.9466
116.402 39.9465
116.402 39.9465
116.402 39.9465
116.402 39.9464
116.402 39.9464
116.402 39.9463
116.402 39.9463
116.402 39.9463
116.402 39.9463
116.402 39.9463
116.402 39.9463
116.402 39.9463
116.402 39.9462
116.402 39.9462
116.402 39.9462
116.402 39.9462
116.402 39.9461
116.402 39.9461
116.402 39.946
116.402 39.946
116.402 39.946
116.402 39.946
116.402 39.946
116.402 39.9459
116.402 39.9458
116.402 39.9458
116.402 39.9458
116.402 39.9458
116.402 39.9458
116.402 39.9457
116.402 39.9457
116.402 39.9457
116.402 39.9456
116.402 39.9456
116.402 39.9456
116.402 39.9456
116.402 39.9456
116.402 39.9455
116.402 39.9455
116.402 39.9454
116.402 39.9453
116.402 39.9453
116.402 39.9452
116.402 39.9452
116.402 39.9451
116.402 39.9451
116.402 39.9451
116.402 39.9451
116.402 39.9451
116.402 39.945
116.402 39.945
116.402 39.9449
116.402 39.9448
116.402 39.9447
116.402 39.9447
116.402 39.9447
116.402 39.9447
116.402 39.9447
116.402 39.9447
116.402 39.9447
116.402 39.9447
116.402 39.9446
116.402 39.9446
116.402 39.9446
116.402 39.9445
116.402 39.9445
116.402 39.9446
116.402 39.9446
116.402 39.9446
116.402 39.9446
116.402 39.9446
116.402 39.9446
116.402 39.9446
116.402 39.9446
116.402 39.9446
116.402 39.9446
116.402 39.9445
116.402 39.9445
116.402 39.9445
116.402 39.9444
116.402 39.9444
116.402 39.9444
116.402 39.9444
116.402 39.9444
116.402 39.9443
116.402 39.9443
116.402 39.9442
116.402 39.9442
116.402 39.9441
116.402 39.944
116.402 39.944
116.402 39.944
116.402 39.944
116.402 39.944
116.402 39.944
116.402 39.944
116.402 39.944
116.402 39.944
116.402 39.9441
116.402 39.944
116.402 39.944
116.402 39.944
116.402 39.944
116.402 39.944
116.402 39.9439
116.402 39.944
116.401 39.944
116.401 39.944
116.401 39.944
116.401 39.944
116.401 39.944
116.401 39.944
116.401 39.944
116.401 39.9441
116.401 39.944
116.401 39.944
116.401 39.944
116.401 39.944
116.401 39.944
116.401 39.944
116.401 39.944
116.401 39.944
116.401 39.944
116.401 39.944
116.401 39.944
116.401 39.944
116.401 39.944
116.401 39.944
116.401 39.944
116.401 39.944
116.401 39.944
116.401 39.944
116.401 39.9441
116.401 39.9441
116.401 39.9441
116.401 39.9441
116.401 39.9441
116.401 39.9441
116.401 39.9441
116.401 39.944
116.401 39.944
116.401 39.944
116.401 39.9439
116.401 39.9439
116.401 39.9438
116.401 39.9438
116.401 39.9438
116.401 39.9437
116.4 39.9438
116.4 39.9438
116.4 39.9438
116.4 39.9439
116.4 39.944
116.4 39.944
116.4 39.9441
116.4 39.9441
116.4 39.9441
116.4 39.9442
116.4 39.9442
