116.31 40.0256
116.31 40.0256
116.31 40.0256
116.31 40.0257
116.31 40.0257
116.31 40.0258
116.31 40.0258
116.31 40.0259
116.31 40.0259
116.31 40.026
116.309 40.026
116.309 40.0261
116.309 40.0261
116.309 40.0261
116.309 40.0261
116.309 40.0261
116.309 40.0261
116.309 40.026
116.309 40.0261
116.309 40.0262
116.308 40.0262
116.308 40.0262
116.308 40.0262
116.308 40.0261
116.308 40.0261
116.308 40.0262
116.308 40.0262
116.308 40.0262
116.308 40.0263
116.308 40.0263
116.308 40.0263
116.308 40.0264
116.308 40.0264
116.308 40.0264
116.308 40.0265
116.308 40.0265
116.308 40.0266
116.308 40.0267
116.308 40.0267
116.308 40.0268
116.308 40.0268
116.308 40.0269
116.308 40.0269
116.308 40.027
116.308 40.027
116.308 40.027
116.307 40.027
116.307 40.0271
116.307 40.0271
116.307 40.0272
116.307 40.0272
116.307 40.0273
116.307 40.0274
116.307 40.0274
116.307 40.0274
116.307 40.0274
116.307 40.0274
116.307 40.0273
116.307 40.0273
116.307 40.0273
116.307 40.0272
116.307 40.0271
116.307 40.027
116.307 40.027
116.307 40.0269
116.307 40.0269
116.307 40.0268
116.307 40.0267
116.307 40.0267
116.307 40.0266
116.307 40.0266
116.307 40.0265
116.307 40.0264
116.307 40.0264
116.307 40.0263
116.307 40.0262
116.307 40.0261
116.307 40.026
116.307 40.026
116.307 40.0259
116.307 40.0257
116.307 40.0256
116.307 40.0256
116.307 40.0257
116.307 40.0257
116.307 40.0257
116.307 40.0256
116.307 40.0255
116.307 40.0254
116.307 40.0252
116.307 40.0251
116.307 40.025
116.307 40.0248
116.307 40.0247
116.307 40.0246
116.307 40.0245
116.307 40.0244
116.307 40.0243
116.307 40.0242
116.307 40.0241
116.307 40.024
116.307 40.0238
116.307 40.0237
116.307 40.0236
116.307 40.0235
116.307 40.0234
116.307 40.0233
116.308 40.0231
116.308 40.023
116.308 40.0228
116.308 40.0227
116.308 40.0225
116.308 40.0223
116.308 40.0222
116.308 40.022
116.308 40.0218
116.308 40.0216
116.308 40.0214
116.307 40.0212
116.307 40.0211
116.307 40.0209
116.307 40.0207
116.307 40.0206
116.307 40.0204
116.307 40.0203
116.307 40.0202
116.307 40.0201
116.307 40.02
116.307 40.0199
116.307 40.0198
116.307 40.0196
116.307 40.0195
116.307 40.0194
116.307 40.0193
116.307 40.0192
116.307 40.0191
116.307 40.019
116.307 40.0191
116.307 40.0192
116.307 40.0191
116.308 40.019
116.308 40.0189
116.308 40.0188
116.308 40.0187
116.308 40.0187
116.308 40.0186
116.308 40.0185
116.308 40.0183
116.308 40.0183
116.308 40.0182
116.308 40.0181
116.308 40.018
116.308 40.0179
116.308 40.0178
116.309 40.0177
116.309 40.0175
116.309 40.0174
116.309 40.0173
116.309 40.0172
116.309 40.0172
116.309 40.0171
116.31 40.017
116.31 40.0169
116.31 40.0168
116.31 40.0167
116.31 40.0167
116.31 40.0167
116.31 40.0166
116.31 40.0164
116.31 40.0164
116.31 40.0163
116.311 40.0162
116.311 40.0161
116.311 40.016
116.311 40.0159
116.311 40.0158
116.311 40.0157
116.311 40.0155
116.311 40.0154
116.311 40.0153
116.311 40.0152
116.311 40.0151
116.311 40.015
116.312 40.0149
116.312 40.0148
116.312 40.0148
116.312 40.0149
116.312 40.0148
116.312 40.0147
116.312 40.0145
116.312 40.0144
116.312 40.0143
116.312 40.0142
116.312 40.0141
116.312 40.014
116.312 40.0138
116.312 40.0137
116.312 40.0135
116.312 40.0134
116.312 40.0132
116.312 40.0131
116.312 40.0129
116.312 40.0127
116.312 40.0126
116.312 40.0124
116.312 40.0123
116.312 40.0121
116.312 40.012
116.312 40.0119
116.312 40.0117
116.312 40.0116
116.312 40.0115
116.312 40.0114
116.312 40.0113
116.312 40.0111
116.312 40.011
116.312 40.0109
116.312 40.0107
116.312 40.0106
116.312 40.0104
116.312 40.0103
116.312 40.0101
116.312 40.01
116.312 40.0098
116.312 40.0097
116.312 40.0095
116.312 40.0094
116.312 40.0093
116.312 40.0091
116.312 40.009
116.312 40.0089
116.313 40.0087
116.313 40.0086
116.313 40.0085
116.313 40.0084
116.313 40.0083
116.313 40.0081
116.313 40.0079
116.313 40.0078
116.313 40.0077
116.313 40.0076
116.313 40.0075
116.313 40.0073
116.313 40.0072
116.313 40.0071
116.313 40.007
116.313 40.0069
116.313 40.0067
116.313 40.0066
116.313 40.0065
116.313 40.0064
116.313 40.0063
116.313 40.0061
116.313 40.006
116.313 40.0058
116.313 40.0057
116.313 40.0056
116.313 40.0055
116.313 40.0054
116.313 40.0053
116.313 40.0052
116.312 40.0051
116.312 40.005
116.312 40.005
116.312 40.0049
116.312 40.0049
116.312 40.0048
116.312 40.0048
116.311 40.0048
116.311 40.0048
116.311 40.0048
116.311 40.0048
116.311 40.0048
116.311 40.0047
116.311 40.0047
116.31 40.0047
116.31 40.0047
116.31 40.0046
116.31 40.0046
116.31 40.0045
116.31 40.0044
116.31 40.0044
116.309 40.0043
116.309 40.0042
116.309 40.0041
116.309 40.004
116.309 40.0039
116.309 40.0038
116.309 40.0037
116.309 40.0036
116.309 40.0035
116.309 40.0033
116.309 40.0032
116.309 40.003
116.309 40.0029
116.309 40.0028
116.309 40.0027
116.309 40.0026
116.309 40.0025
116.309 40.0026
116.309 40.0026
116.309 40.0026
116.309 40.0025
116.309 40.0023
116.309 40.0022
116.309 40.0021
116.309 40.0019
116.309 40.0018
116.309 40.0016
116.309 40.0014
116.309 40.0012
116.309 40.0011
116.309 40.0009
116.309 40.0008
116.309 40.0006
116.309 40.0005
116.309 40.0003
116.309 40.0001
116.309 39.9999
116.309 39.9998
116.309 39.9997
116.309 39.9996
116.309 39.9995
116.309 39.9994
116.309 39.9993
116.309 39.9991
116.309 39.999
116.309 39.9989
116.309 39.9987
116.309 39.9986
116.309 39.9985
116.309 39.9983
116.309 39.9982
116.309 39.9981
116.309 39.998
116.309 39.9979
116.309 39.9978
116.309 39.9976
116.309 39.9975
116.309 39.9974
116.309 39.9973
116.309 39.9972
116.309 39.9971
116.309 39.9971
116.309 39.9971
116.309 39.9971
116.309 39.9971
116.309 39.9971
116.309 39.9971
116.309 39.997
116.309 39.9968
116.309 39.9968
116.309 39.9966
116.309 39.9965
116.309 39.9964
116.309 39.9962
116.309 39.996
116.309 39.9959
116.309 39.9958
116.309 39.9957
116.309 39.9956
116.309 39.9955
116.309 39.9954
116.309 39.9952
116.309 39.9951
116.309 39.995
116.309 39.9949
116.309 39.9948
116.309 39.9949
116.309 39.9949
116.309 39.9948
116.309 39.9947
116.309 39.9946
116.309 39.9944
116.309 39.9944
116.309 39.9942
116.309 39.9941
116.309 39.994
116.309 39.9939
116.309 39.9938
116.309 39.9937
116.309 39.9935
116.309 39.9934
116.309 39.9933
116.309 39.9932
116.309 39.9931
116.309 39.993
116.309 39.9929
116.309 39.9927
116.309 39.9926
116.309 39.9925
116.309 39.9923
116.309 39.9923
116.309 39.9923
116.309 39.9923
116.309 39.9923
116.309 39.9923
116.309 39.9923
116.309 39.9923
116.309 39.9923
116.309 39.9923
116.309 39.9923
116.309 39.9923
116.309 39.9923
116.309 39.9923
116.309 39.9923
116.309 39.9923
116.309 39.9922
116.31 39.9921
116.31 39.9919
116.31 39.9918
116.31 39.9917
116.31 39.9916
116.31 39.9915
116.31 39.9914
116.31 39.9912
116.31 39.9911
116.31 39.991
116.31 39.9909
116.31 39.9908
116.31 39.9906
116.31 39.9905
116.31 39.9904
116.31 39.9903
116.31 39.9902
116.31 39.9901
116.31 39.99
116.31 39.9899
116.31 39.9898
116.31 39.9896
116.31 39.9895
116.31 39.9894
116.31 39.9892
116.31 39.989
116.31 39.9889
116.31 39.9887
116.31 39.9886
116.31 39.9885
116.31 39.9885
116.31 39.9884
116.31 39.9882
116.31 39.9881
116.31 39.988
116.31 39.9878
116.31 39.9877
116.31 39.9876
116.31 39.9874
116.31 39.9873
116.31 39.9871
116.31 39.987
116.31 39.9868
116.31 39.9867
116.31 39.9865
116.31 39.9864
116.31 39.9862
116.31 39.9861
116.31 39.9859
116.31 39.9858
116.31 39.9856
116.31 39.9855
116.31 39.9854
116.31 39.9852
116.31 39.9851
116.31 39.985
116.31 39.9849
116.31 39.9846
116.31 39.9845
116.31 39.9844
116.31 39.9842
116.31 39.984
116.31 39.9839
116.31 39.9838
116.31 39.9837
116.31 39.9836
116.31 39.9835
116.31 39.9834
116.31 39.9833
116.31 39.9832
116.31 39.9831
116.31 39.983
116.31 39.9829
116.31 39.9828
116.31 39.9827
116.31 39.9825
116.31 39.9824
116.31 39.9823
116.31 39.9822
116.31 39.9822
116.31 39.9822
116.31 39.9821
116.31 39.982
116.31 39.9818
116.31 39.9817
116.31 39.9816
116.31 39.9815
116.31 39.9814
116.31 39.9813
116.311 39.9812
116.31 39.9811
116.311 39.9809
116.311 39.9808
116.311 39.9807
116.311 39.9806
116.311 39.9805
116.311 39.9803
116.311 39.9802
116.311 39.9801
116.311 39.98
116.311 39.9799
116.311 39.9799
116.311 39.9799
116.311 39.9798
116.311 39.9797
116.311 39.9796
116.311 39.9795
116.311 39.9793
116.311 39.9792
116.311 39.9791
116.311 39.979
116.311 39.9788
116.311 39.9787
116.311 39.9786
116.311 39.9784
116.311 39.9783
116.311 39.9781
116.311 39.978
116.311 39.9779
116.311 39.9778
116.311 39.9777
116.31 39.9776
116.31 39.9775
116.31 39.9774
116.31 39.9775
116.31 39.9775
116.31 39.9775
116.31 39.9775
116.31 39.9776
116.31 39.9776
116.31 39.9776
116.309 39.9775
116.309 39.9775
116.309 39.9775
116.309 39.9775
116.309 39.9775
116.309 39.9775
116.308 39.9775
116.308 39.9775
116.308 39.9775
116.308 39.9775
116.308 39.9775
116.308 39.9775
116.308 39.9775
116.307 39.9775
116.307 39.9775
116.307 39.9775
116.307 39.9775
116.307 39.9775
116.307 39.9775
116.307 39.9775
116.306 39.9775
116.306 39.9775
116.306 39.9775
116.306 39.9775
116.306 39.9775
116.306 39.9775
116.305 39.9775
116.305 39.9776
116.305 39.9776
116.305 39.9776
116.305 39.9776
116.305 39.9776
116.305 39.9776
116.305 39.9776
116.305 39.9776
116.305 39.9775
116.305 39.9775
116.305 39.9774
116.305 39.9774
116.305 39.9773
116.305 39.9772
116.305 39.9772
116.305 39.9772
116.305 39.9772
116.305 39.9772
116.305 39.9772
116.305 39.9772
116.305 39.9772
116.305 39.9772
116.305 39.9772
116.305 39.9772
116.305 39.9773
116.305 39.9773
116.305 39.9774
116.305 39.9773
116.305 39.9771
116.305 39.977
116.305 39.9769
116.305 39.9768
116.305 39.9767
116.305 39.9766
116.305 39.9765
116.305 39.9763
116.305 39.9762
116.305 39.9761
116.305 39.976
116.305 39.976
116.305 39.9759
116.305 39.9758
116.305 39.9757
116.305 39.9756
116.305 39.9756
116.305 39.9756
116.305 39.9755
116.305 39.9755
116.305 39.9754
116.305 39.9753
116.305 39.9752
116.305 39.9751
116.305 39.975
116.305 39.9749
116.305 39.9749
116.305 39.9748
116.305 39.9747
116.305 39.9746
116.305 39.9746
116.305 39.9746
116.304 39.9746
116.304 39.9746
116.304 39.9747
116.304 39.9748
116.304 39.9748
116.304 39.9748
116.304 39.9748
116.304 39.9748
116.304 39.9748
116.304 39.9748
116.304 39.9747
116.303 39.9747
116.303 39.9747
116.303 39.9747
116.303 39.9747
116.303 39.9748
116.303 39.9747
116.303 39.9747
116.303 39.9747
116.302 39.9747
116.302 39.9747
116.302 39.9747
116.302 39.9747
116.302 39.9747
116.302 39.9748
116.302 39.9748
116.302 39.9747
116.302 39.9747
116.302 39.9747
116.302 39.9747
116.301 39.9747
116.301 39.9748
116.301 39.9748
116.301 39.9747
116.301 39.9748
116.301 39.9748
116.301 39.9747
116.301 39.9747
116.301 39.9747
116.3 39.9747
116.3 39.9746
116.3 39.9746
116.3 39.9746
116.3 39.9746
116.3 39.9746
116.3 39.9746
116.3 39.9746
116.3 39.9746
116.3 39.9746
116.3 39.9746
116.3 39.9746
116.3 39.9746
116.3 39.9746
116.3 39.9746
116.3 39.9746
116.3 39.9746
116.3 39.9753
116.3 39.9753
116.3 39.9753
116.3 39.9753
116.3 39.9753
116.3 39.9753
116.3 39.9762
116.3 39.9762
116.3 39.9763
116.3 39.9764
116.3 39.9765
116.3 39.9766
116.3 39.9764
116.3 39.9763
116.3 39.9763
116.3 39.9763
116.3 39.9763
116.3 39.9763
116.3 39.9762
116.3 39.9762
116.3 39.9762
116.3 39.9761
116.3 39.976
116.3 39.976
116.3 39.9759
116.3 39.9759
116.3 39.9758
116.3 39.9757
116.3 39.9757
116.3 39.9756
116.3 39.9755
116.3 39.9755
116.3 39.9754
116.3 39.9754
116.3 39.9754
116.3 39.9753
116.3 39.9753
116.3 39.9752
116.3 39.9752
116.3 39.9751
116.3 39.9748
116.3 39.9747
116.3 39.9747
116.3 39.9746
116.3 39.9746
116.3 39.9746
116.3 39.9746
116.3 39.9746
116.3 39.9746
116.3 39.9747
116.301 39.9747
116.301 39.9748
116.301 39.9748
116.301 39.9748
116.301 39.9748
116.301 39.9748
116.301 39.9748
116.301 39.9748
116.301 39.9748
116.301 39.9748
116.301 39.9748
116.301 39.9748
116.301 39.9748
116.302 39.9748
116.302 39.9748
116.302 39.9748
116.302 39.9748
116.302 39.9748
116.302 39.9748
116.302 39.9747
116.302 39.9747
116.302 39.9747
116.302 39.9747
116.302 39.9746
116.302 39.9745
116.302 39.9746
116.302 39.9746
116.302 39.9746
116.302 39.9746
116.302 39.9747
116.302 39.9747
116.302 39.9747
116.302 39.9748
116.303 39.9747
116.303 39.9747
116.303 39.9747
116.303 39.9747
116.303 39.9747
116.303 39.9748
116.303 39.9749
116.303 39.975
116.303 39.975
116.303 39.975
116.303 39.9751
116.303 39.9751
116.303 39.9751
116.303 39.9751
116.303 39.9752
116.303 39.9752
116.303 39.9753
116.303 39.9753
116.303 39.9753
116.303 39.9754
116.303 39.9755
116.303 39.9755
116.303 39.9756
116.303 39.9755
116.303 39.9756
116.303 39.9757
116.303 39.9758
116.303 39.9758
116.303 39.9758
116.303 39.9758
116.303 39.9758
116.303 39.9758
116.303 39.9758
116.304 39.9758
116.304 39.9758
116.304 39.9758
116.304 39.9758
116.304 39.9758
116.304 39.9759
116.304 39.9758
116.304 39.9758
116.304 39.9758
116.304 39.9758
116.304 39.9758
116.304 39.9758
116.304 39.9759
116.304 39.9759
116.304 39.9759
116.304 39.9759
116.304 39.9759
116.304 39.9759
116.304 39.9759
116.304 39.9759
116.305 39.9758
116.305 39.9758
116.305 39.9758
116.305 39.9759
116.305 39.976
116.305 39.976
116.305 39.976
116.305 39.9761
116.305 39.9761
116.305 39.9762
116.305 39.9762
116.305 39.9762
116.305 39.9762
116.305 39.9761
116.305 39.976
116.305 39.976
116.305 39.9759
116.305 39.9758
116.305 39.9758
116.305 39.9759
116.305 39.9759
116.305 39.9759
116.305 39.976
116.305 39.9761
116.305 39.9761
116.305 39.976
116.305 39.9761
116.305 39.9762
116.305 39.9763
116.305 39.9763
116.305 39.9763
116.305 39.9763
116.305 39.9763
116.305 39.9763
116.305 39.9762
116.305 39.9762
116.305 39.9763
116.305 39.9763
116.305 39.9763
116.305 39.9763
116.305 39.9762
116.305 39.9762
116.305 39.9762
116.305 39.9762
116.305 39.9761
116.305 39.9761
116.305 39.976
116.305 39.976
116.305 39.976
116.305 39.976
116.305 39.976
116.305 39.9759
116.305 39.9759
116.305 39.976
116.305 39.9759
116.305 39.9759
116.305 39.9759
116.305 39.9759
116.305 39.9759
116.305 39.9759
116.305 39.9759
116.305 39.9759
116.305 39.9759
116.305 39.9759
116.305 39.9759
116.305 39.976
116.305 39.976
116.305 39.976
116.305 39.976
116.305 39.976
116.305 39.976
116.305 39.976
116.305 39.9759
116.305 39.9759
116.305 39.9759
116.305 39.9759
116.305 39.9759
116.305 39.9759
116.305 39.9759
116.305 39.9759
116.305 39.9756
116.305 39.9756
116.305 39.9756
116.305 39.9756
116.305 39.9756
116.305 39.9756
116.305 39.9756
116.305 39.9756
116.305 39.9756
116.305 39.9756
116.305 39.9756
116.305 39.9756
116.305 39.9757
116.305 39.9757
116.305 39.9757
116.305 39.9758
116.305 39.9757
116.305 39.9757
116.305 39.9757
116.305 39.9757
116.305 39.9757
116.305 39.9758
116.305 39.9757
116.305 39.9757
116.305 39.9757
116.305 39.9757
116.305 39.9757
116.305 39.9757
116.305 39.9757
116.305 39.9757
116.305 39.9757
116.305 39.9756
116.305 39.9756
116.305 39.9756
116.305 39.9756
116.305 39.9756
116.305 39.9757
116.305 39.9757
116.305 39.9757
116.305 39.9757
116.305 39.9757
116.305 39.9755
116.305 39.9755
116.305 39.9753
116.305 39.9752
116.305 39.9751
116.305 39.975
116.305 39.9749
116.305 39.9748
116.305 39.9747
116.305 39.9746
116.305 39.9745
116.305 39.9745
116.306 39.9746
116.306 39.9746
116.306 39.9747
116.306 39.9747
116.306 39.9747
116.306 39.9748
116.307 39.9748
116.307 39.9748
116.307 39.9748
116.307 39.9748
116.307 39.9748
116.307 39.9748
116.307 39.9748
116.308 39.9748
116.308 39.9748
116.308 39.9747
116.308 39.9747
116.308 39.9747
116.308 39.9747
116.308 39.9748
116.309 39.9748
116.309 39.9748
116.309 39.9748
116.309 39.9748
116.309 39.9749
116.309 39.9749
116.309 39.975
116.31 39.9751
116.31 39.9751
116.31 39.9752
116.31 39.9753
116.31 39.9754
116.31 39.9755
116.31 39.9756
116.311 39.9756
116.311 39.9756
116.311 39.9755
116.311 39.9755
116.311 39.9755
116.311 39.9755
116.311 39.9756
116.311 39.9757
116.311 39.9758
116.311 39.9759
116.311 39.976
116.311 39.9761
116.311 39.9761
116.311 39.9761
116.311 39.9761
116.311 39.9761
116.311 39.9761
116.311 39.9761
116.311 39.9761
116.311 39.9763
116.311 39.9764
116.311 39.9765
116.311 39.9766
116.311 39.9767
116.311 39.9767
116.311 39.9768
116.311 39.977
116.311 39.9771
116.311 39.9772
116.311 39.9773
116.311 39.9775
116.311 39.9776
116.311 39.9778
116.311 39.9779
116.311 39.9781
116.311 39.9782
116.311 39.9783
116.311 39.9784
116.311 39.9785
116.311 39.9786
116.311 39.9787
116.311 39.9788
116.311 39.9788
116.311 39.9788
116.311 39.9788
116.311 39.9788
116.311 39.9788
116.311 39.9788
116.311 39.9788
116.311 39.9788
116.311 39.9789
116.311 39.979
116.311 39.9792
116.311 39.9793
116.311 39.9794
116.311 39.9796
116.311 39.9797
116.311 39.9798
116.311 39.98
116.311 39.9801
116.311 39.9802
116.311 39.9803
116.311 39.9804
116.311 39.9806
116.311 39.9807
116.311 39.9808
116.311 39.9809
116.311 39.981
116.311 39.9811
116.311 39.9811
116.311 39.9811
116.311 39.9811
116.311 39.9811
116.311 39.9811
116.311 39.9811
116.311 39.9811
116.311 39.9811
116.311 39.9811
116.311 39.9812
116.311 39.9812
116.311 39.9812
116.311 39.9812
116.311 39.9812
116.311 39.9813
116.311 39.9813
116.311 39.9813
116.311 39.9813
116.311 39.9813
116.311 39.9813
116.311 39.9814
116.311 39.9815
116.311 39.9815
116.311 39.9815
116.311 39.9815
116.311 39.9816
116.311 39.9816
116.311 39.9816
116.311 39.9816
116.311 39.9816
116.311 39.9816
116.311 39.9816
116.311 39.9816
116.311 39.9816
116.311 39.9815
116.311 39.9815
116.311 39.9815
116.311 39.9816
116.311 39.9815
116.311 39.9815
116.311 39.9815
116.311 39.9816
116.311 39.9816
116.311 39.9815
116.311 39.9815
116.311 39.9814
116.31 39.9814
116.31 39.9813
116.31 39.9813
116.31 39.9812
116.31 39.9811
116.31 39.981
116.31 39.981
116.31 39.9811
116.31 39.9811
116.31 39.981
116.31 39.981
116.31 39.981
116.31 39.981
116.31 39.981
116.31 39.981
116.31 39.981
116.31 39.981
116.31 39.981
116.31 39.981
116.31 39.9811
116.31 39.9812
116.31 39.9813
116.31 39.9814
116.31 39.9816
116.31 39.9817
116.31 39.9818
116.31 39.982
116.31 39.982
116.31 39.982
116.31 39.982
116.31 39.982
116.31 39.982
116.31 39.9819
116.31 39.9819
116.31 39.982
116.31 39.9821
116.31 39.9822
116.31 39.9824
116.311 39.9826
116.311 39.9827
116.311 39.9828
116.311 39.9829
116.311 39.983
116.311 39.9831
116.311 39.9835
116.311 39.9837
116.311 39.9838
116.311 39.9839
116.311 39.984
116.311 39.9842
116.311 39.9843
116.311 39.9844
116.311 39.9845
116.311 39.9846
116.31 39.9848
116.31 39.9849
116.31 39.9851
116.31 39.9852
116.31 39.9854
116.31 39.9856
116.31 39.9857
116.31 39.9858
116.31 39.986
116.31 39.9861
116.31 39.9862
116.31 39.9862
116.31 39.9862
116.31 39.9861
116.31 39.9861
116.31 39.9862
116.31 39.9863
116.31 39.9864
116.31 39.9865
116.31 39.9867
116.31 39.9868
116.31 39.987
116.31 39.9871
116.31 39.9872
116.31 39.9874
116.31 39.9875
116.31 39.9876
116.31 39.9877
116.31 39.9877
116.31 39.9878
116.31 39.9878
116.31 39.9879
116.31 39.988
116.31 39.988
116.31 39.9881
116.31 39.9881
116.31 39.9881
116.31 39.9881
116.31 39.9883
116.31 39.9884
116.31 39.9886
116.31 39.9887
116.31 39.9888
116.31 39.9889
116.31 39.989
116.31 39.9891
116.31 39.9892
116.31 39.9894
116.31 39.9895
116.31 39.9896
116.31 39.9897
116.31 39.9898
116.31 39.9899
116.31 39.9901
116.31 39.9902
116.31 39.9904
116.31 39.9905
116.31 39.9905
116.31 39.9905
116.31 39.9905
116.31 39.9904
116.31 39.9904
116.31 39.9903
116.31 39.9903
116.31 39.9903
116.31 39.9902
116.31 39.9902
116.31 39.9902
116.31 39.9902
116.31 39.9902
116.31 39.9902
116.31 39.9902
116.31 39.9902
116.31 39.9902
116.31 39.9902
116.31 39.9903
116.31 39.9903
116.31 39.9903
116.31 39.9902
116.31 39.9902
116.31 39.9902
116.31 39.9902
116.31 39.9902
116.31 39.9902
116.31 39.9903
116.31 39.9904
116.31 39.9905
116.31 39.9907
116.31 39.9909
116.31 39.9911
116.31 39.9912
116.31 39.9913
116.31 39.9915
116.31 39.9916
116.31 39.9917
116.31 39.9919
116.31 39.992
116.31 39.9921
116.31 39.9923
116.31 39.9925
116.31 39.9926
116.31 39.9928
116.31 39.9929
116.31 39.993
116.31 39.9931
116.31 39.9932
116.31 39.9933
116.31 39.9934
116.31 39.9935
116.31 39.9936
116.31 39.9937
116.31 39.9938
116.31 39.9939
116.31 39.9941
116.31 39.9942
116.31 39.9943
116.31 39.9944
116.31 39.9944
116.31 39.9946
116.31 39.9946
116.31 39.9948
116.31 39.9949
116.31 39.9951
116.309 39.9952
116.309 39.9954
116.309 39.9955
116.309 39.9956
116.309 39.9957
116.309 39.9958
116.309 39.9959
116.309 39.996
116.309 39.996
116.309 39.996
116.309 39.996
116.309 39.9961
116.309 39.9962
116.309 39.9962
116.309 39.9962
116.309 39.9962
116.309 39.9962
116.309 39.9962
116.309 39.9962
116.309 39.9962
116.309 39.9962
116.309 39.9963
116.309 39.9964
116.309 39.9966
116.309 39.9967
116.309 39.9969
116.309 39.997
116.309 39.9972
116.309 39.9974
116.309 39.9975
116.309 39.9977
116.309 39.9978
116.309 39.998
116.309 39.9981
116.309 39.9982
116.309 39.9983
116.309 39.9983
116.309 39.9983
116.309 39.9983
116.309 39.9983
116.309 39.9983
116.309 39.9984
116.309 39.9986
116.309 39.9987
116.309 39.9988
116.309 39.999
116.309 39.9991
116.309 39.9992
116.309 39.9994
116.309 39.9995
116.309 39.9996
116.309 39.9997
116.309 39.9999
116.309 40
116.309 40.0001
116.309 40.0002
116.309 40.0003
116.309 40.0004
116.309 40.0005
116.309 40.0006
116.309 40.0007
116.309 40.0008
116.309 40.0009
116.309 40.001
116.309 40.0011
116.309 40.0013
116.309 40.0014
116.309 40.0015
116.309 40.0016
116.309 40.0017
116.309 40.0018
116.309 40.0019
116.309 40.002
116.309 40.0022
116.309 40.0023
116.309 40.0024
116.309 40.0025
116.309 40.0026
116.309 40.0027
116.309 40.0028
116.309 40.0029
116.309 40.003
116.309 40.003
116.309 40.003
116.309 40.003
116.309 40.0031
116.309 40.0032
116.309 40.0033
116.309 40.0034
116.309 40.0035
116.309 40.0037
116.309 40.0038
116.309 40.0039
116.309 40.004
116.309 40.0041
116.31 40.0042
116.31 40.0043
116.31 40.0044
116.31 40.0044
116.31 40.0045
116.31 40.0045
116.31 40.0046
116.31 40.0046
116.311 40.0047
116.311 40.0048
116.311 40.0048
116.311 40.0048
116.311 40.0048
116.311 40.0048
116.312 40.0049
116.312 40.0049
116.312 40.0049
116.312 40.0049
116.312 40.005
116.312 40.005
116.312 40.005
116.312 40.0051
116.313 40.0052
116.313 40.0052
116.313 40.0053
116.313 40.0054
116.313 40.0055
116.313 40.0056
116.313 40.0056
116.313 40.0058
116.313 40.0059
116.313 40.006
116.313 40.0061
116.313 40.0062
116.313 40.0063
116.313 40.0064
116.313 40.0065
116.313 40.0066
116.313 40.0067
116.313 40.0067
116.313 40.0068
116.313 40.007
116.313 40.0071
116.313 40.0072
116.313 40.0073
116.313 40.0074
116.313 40.0075
116.313 40.0076
116.313 40.0077
116.313 40.0078
116.313 40.0079
116.313 40.0081
116.313 40.0083
116.313 40.0084
116.313 40.0086
116.313 40.0087
116.313 40.0088
116.313 40.0089
116.313 40.009
116.313 40.0092
116.313 40.0093
116.313 40.0094
116.313 40.0096
116.313 40.0098
116.313 40.0099
116.313 40.01
116.313 40.0101
116.313 40.0102
116.313 40.0103
116.313 40.0104
116.313 40.0105
116.313 40.0106
116.312 40.0107
116.312 40.0107
116.312 40.0108
116.312 40.0109
116.312 40.0111
116.312 40.0113
116.312 40.0114
116.312 40.0116
116.312 40.0118
116.312 40.0119
116.312 40.012
116.312 40.0122
116.312 40.0124
116.312 40.0125
116.312 40.0127
116.312 40.0128
116.312 40.0129
116.312 40.013
116.312 40.0131
116.312 40.0132
116.312 40.0133
116.312 40.0134
116.312 40.0135
116.312 40.0136
116.312 40.0138
116.312 40.0139
116.312 40.014
116.312 40.0141
116.312 40.0142
116.312 40.0142
116.312 40.0142
116.312 40.0141
116.312 40.0142
116.312 40.0143
116.312 40.0143
116.312 40.0145
116.312 40.0146
116.312 40.0147
116.312 40.0148
116.312 40.015
116.312 40.0151
116.312 40.0153
116.311 40.0154
116.311 40.0156
116.311 40.0157
116.311 40.0158
116.311 40.016
116.311 40.0161
116.311 40.0162
116.311 40.0164
116.311 40.0164
116.31 40.0166
116.31 40.0167
116.31 40.0168
116.31 40.0169
116.31 40.017
116.31 40.0171
116.31 40.0172
116.31 40.0173
116.309 40.0174
116.309 40.0175
116.309 40.0176
116.309 40.0176
116.309 40.0177
116.309 40.0178
116.309 40.0179
116.309 40.018
116.309 40.0182
116.308 40.0183
116.308 40.0184
116.308 40.0186
116.308 40.0187
116.308 40.0189
116.308 40.019
116.308 40.0191
116.308 40.0193
116.308 40.0194
116.308 40.0195
116.308 40.0197
116.308 40.0198
116.308 40.0199
116.308 40.0201
116.308 40.0202
116.308 40.0203
116.308 40.0204
116.308 40.0204
116.308 40.0204
116.308 40.0204
116.308 40.0204
116.308 40.0204
116.308 40.0204
116.308 40.0204
116.308 40.0204
116.308 40.0205
116.308 40.0206
116.308 40.0207
116.308 40.0208
116.308 40.021
116.308 40.0211
116.308 40.0213
116.308 40.0214
116.308 40.0216
116.308 40.0217
116.308 40.0219
116.308 40.022
116.308 40.0221
116.308 40.0223
116.308 40.0225
116.308 40.0226
116.308 40.0227
116.308 40.0229
116.308 40.023
116.308 40.0232
116.308 40.0233
116.308 40.0234
116.308 40.0235
116.308 40.0236
116.308 40.0237
116.308 40.0238
116.308 40.0238
116.308 40.0238
116.308 40.0238
116.308 40.0238
116.308 40.0239
116.308 40.0239
116.308 40.0241
116.308 40.0242
116.308 40.0244
116.308 40.0245
116.308 40.0247
116.308 40.0248
116.308 40.0249
116.308 40.0251
116.308 40.0252
116.308 40.0254
116.308 40.0255
116.308 40.0257
116.308 40.0258
116.308 40.0259
116.308 40.026
116.308 40.0262
116.307 40.0262
116.307 40.0262
116.308 40.0263
116.309 40.0259
116.307 40.0261
116.308 40.0262
116.308 40.0262
116.308 40.0263
116.308 40.0263
116.308 40.0264
116.308 40.0264
116.307 40.0264
116.307 40.0265
116.308 40.0266
116.307 40.0267
116.307 40.0268
116.307 40.0268
116.307 40.0268
116.307 40.0269
116.307 40.027
116.307 40.0271
116.307 40.0272
116.307 40.0272
116.307 40.0273
116.307 40.0274
116.308 40.0274
116.308 40.0274
116.308 40.0274
116.308 40.0275
116.308 40.0275
116.308 40.0276
116.308 40.0276
116.308 40.0276
116.308 40.0276
116.308 40.0276
116.308 40.0277
116.308 40.0278
116.308 40.0278
116.308 40.0279
116.308 40.028
116.308 40.0281
116.308 40.0281
116.308 40.0281
116.308 40.0282
116.308 40.0283
116.308 40.0283
116.307 40.0283
116.307 40.0284
116.307 40.0284
116.307 40.0285
116.307 40.0286
116.307 40.0286
116.307 40.0287
116.307 40.0287
116.307 40.0288
116.307 40.0288
116.307 40.0289
116.307 40.0289
116.307 40.029
116.307 40.0291
116.307 40.0291
116.307 40.0291
116.307 40.0292
116.307 40.0292
116.307 40.0292
116.307 40.0292
116.307 40.0293
116.307 40.0294
116.307 40.0294
116.307 40.0295
116.307 40.0295
116.307 40.0295
116.307 40.029
116.307 40.028
116.307 40.0279
116.307 40.0279
116.307 40.0279
116.307 40.0278
116.307 40.0277
116.307 40.0277
116.307 40.0276
116.307 40.0276
116.307 40.0275
116.307 40.0275
116.307 40.0275
116.307 40.0274
116.307 40.0274
116.307 40.0274
116.307 40.0273
116.307 40.0272
116.307 40.0272
116.307 40.0271
116.307 40.0271
116.307 40.0271
116.307 40.0271
116.307 40.0271
116.307 40.0271
116.307 40.0271
116.307 40.0271
116.307 40.0271
116.307 40.0271
116.307 40.0271
116.307 40.0271
116.307 40.0271
116.307 40.027
116.308 40.0269
116.308 40.0269
116.308 40.0268
116.308 40.0268
116.308 40.0267
116.308 40.0267
116.308 40.0266
116.308 40.0266
116.308 40.0265
116.308 40.0265
116.308 40.0264
116.308 40.0263
116.308 40.0263
116.308 40.0263
116.308 40.0262
116.308 40.0262
116.308 40.0261
116.308 40.0261
116.308 40.026
116.308 40.026
116.308 40.0259
116.308 40.0259
116.308 40.0259
116.308 40.0259
116.308 40.0259
116.308 40.0259
116.308 40.0259
116.308 40.0258
116.308 40.0258
116.309 40.0258
116.309 40.0258
116.309 40.0258
116.309 40.0258
116.309 40.0258
116.309 40.0258
116.309 40.0258
116.309 40.0258
116.309 40.0258
116.309 40.0258
116.309 40.0258
116.309 40.0258
116.309 40.0258
116.309 40.0258
116.309 40.0257
116.309 40.0256
116.31 40.0255
116.31 40.0254
116.31 40.0253
116.31 40.0253
116.31 40.0252
116.31 40.0252
116.31 40.0252
116.31 40.0251
116.31 40.0251
116.31 40.025
116.31 40.025
116.31 40.025
116.309 40.0251
116.309 40.0251
116.309 40.0251
116.309 40.0251
116.309 40.0251
116.309 40.0251
116.309 40.0252
116.309 40.0252
116.309 40.0253
116.309 40.0253
116.309 40.0254
116.309 40.0254
116.309 40.0254
116.309 40.0254
116.309 40.0254
116.309 40.0257
116.309 40.0256
116.309 40.0255
116.309 40.0255
116.309 40.0254
116.309 40.0254
116.309 40.0254
116.309 40.0254
116.309 40.0254
116.309 40.0254
116.309 40.0254
116.309 40.0254
116.309 40.0254
116.309 40.0254
116.309 40.0254
116.309 40.0254
116.309 40.0254
116.309 40.0254
116.309 40.0254
116.309 40.0254
116.309 40.0254
116.309 40.0254
116.309 40.0254
116.309 40.0254
116.309 40.0254
116.309 40.0254
116.309 40.0254
116.309 40.0253
116.309 40.0253
116.308 40.0253
116.31 40.0238
116.309 40.0246
116.309 40.0243
116.309 40.0248
116.309 40.0251
116.309 40.0252
116.309 40.0253
116.309 40.0254
116.309 40.0254
116.309 40.0254
116.309 40.0254
116.309 40.0254
116.309 40.0254
116.309 40.0254
116.309 40.0254
116.309 40.0254
116.309 40.0254
116.309 40.0254
116.309 40.0254
