116.332 39.9735
116.332 39.9735
116.332 39.9735
116.332 39.9735
116.332 39.9735
116.332 39.9735
116.332 39.9736
116.332 39.9736
116.332 39.9736
116.332 39.9736
116.332 39.9737
116.332 39.9737
116.332 39.9737
116.332 39.9738
116.332 39.9738
116.332 39.9739
116.332 39.9739
116.332 39.9739
116.332 39.9739
116.332 39.974
116.332 39.974
116.332 39.9741
116.332 39.9741
116.332 39.9742
116.332 39.9742
116.332 39.9743
116.332 39.9743
116.332 39.9743
116.331 39.9744
116.332 39.9745
116.331 39.9745
116.332 39.9746
116.332 39.9746
116.332 39.9746
116.332 39.9747
116.332 39.9747
116.332 39.9748
116.332 39.9748
116.332 39.9748
116.332 39.9748
116.332 39.9748
116.332 39.9748
116.332 39.9748
116.332 39.9748
116.332 39.9748
116.332 39.9748
116.332 39.9748
116.332 39.9749
116.332 39.9749
116.332 39.975
116.332 39.975
116.332 39.975
116.332 39.975
116.333 39.975
116.333 39.975
116.333 39.975
116.333 39.975
116.333 39.975
116.333 39.975
116.333 39.975
116.333 39.975
116.333 39.9749
116.333 39.975
116.333 39.9749
116.333 39.9749
116.333 39.9749
116.333 39.9749
116.333 39.9749
116.333 39.9749
116.333 39.9749
116.334 39.9749
116.334 39.975
116.334 39.975
116.334 39.975
116.334 39.975
116.334 39.975
116.334 39.975
116.334 39.975
116.334 39.975
116.334 39.9751
116.334 39.9751
116.334 39.9751
116.334 39.9751
116.334 39.9751
116.334 39.9751
116.334 39.9751
116.334 39.9752
116.334 39.9752
116.334 39.9752
116.334 39.9753
116.334 39.9753
116.334 39.9753
116.334 39.9754
116.334 39.9754
116.334 39.9755
116.334 39.9755
116.334 39.9755
116.334 39.9755
116.334 39.9755
116.334 39.9755
116.334 39.9754
116.334 39.9753
116.334 39.9753
116.334 39.9752
116.334 39.9752
116.334 39.9752
116.334 39.9752
116.334 39.9752
116.334 39.9752
116.333 39.9752
116.333 39.9751
116.333 39.9751
116.333 39.9751
116.333 39.9751
116.333 39.9751
116.333 39.9751
116.333 39.9751
116.334 39.9751
116.334 39.9751
116.333 39.9751
116.333 39.9751
116.333 39.9751
116.333 39.9751
116.333 39.9751
116.333 39.9751
116.333 39.9751
116.333 39.9751
116.333 39.9751
116.333 39.9751
116.333 39.9751
116.333 39.9751
116.334 39.975
116.334 39.975
116.334 39.9749
116.334 39.9749
116.333 39.9751
116.333 39.9752
116.334 39.9752
116.334 39.9751
116.334 39.9751
116.334 39.9751
116.334 39.9751
116.334 39.9751
116.334 39.9751
116.334 39.9751
116.334 39.975
116.334 39.975
116.334 39.975
116.334 39.975
116.334 39.9749
116.334 39.975
116.334 39.975
116.334 39.975
116.334 39.975
116.334 39.975
116.334 39.975
116.334 39.975
116.334 39.975
116.334 39.975
116.334 39.975
116.334 39.975
116.334 39.975
116.334 39.9749
116.334 39.975
116.334 39.975
116.334 39.975
116.334 39.975
116.334 39.975
116.334 39.975
116.334 39.975
116.334 39.9751
116.334 39.9751
116.334 39.9751
116.334 39.9752
116.334 39.9752
116.334 39.9752
116.334 39.9752
116.333 39.9752
116.333 39.9753
116.333 39.9753
116.333 39.9752
116.333 39.9752
116.333 39.9752
116.333 39.9752
116.333 39.9752
116.333 39.9752
116.333 39.9752
116.334 39.9752
116.334 39.9751
116.334 39.9751
116.334 39.9751
116.334 39.9751
116.334 39.9751
116.334 39.9751
116.334 39.9751
116.334 39.9751
116.334 39.9751
116.334 39.9751
116.334 39.975
116.334 39.975
116.334 39.975
116.334 39.975
116.334 39.975
116.334 39.9751
116.334 39.9751
116.334 39.9751
116.334 39.9751
116.334 39.9751
116.334 39.975
116.334 39.975
116.334 39.975
116.334 39.975
116.334 39.975
116.334 39.975
116.334 39.975
116.334 39.9749
116.334 39.9749
116.334 39.9749
116.334 39.9749
116.334 39.9749
116.334 39.9749
116.334 39.9749
116.334 39.9749
116.334 39.9749
116.334 39.9748
116.334 39.9748
116.334 39.9748
116.334 39.9747
116.334 39.9747
116.334 39.9747
116.334 39.9747
116.334 39.9747
116.334 39.9747
116.334 39.9747
116.334 39.9747
116.334 39.9748
116.334 39.9748
116.334 39.9749
116.334 39.9749
116.334 39.975
116.334 39.975
116.334 39.9751
116.334 39.9751
116.334 39.9751
116.334 39.9751
116.334 39.9751
116.334 39.9751
116.334 39.9751
116.333 39.9751
116.333 39.9752
116.333 39.9752
116.333 39.9752
116.333 39.9752
116.333 39.9752
116.333 39.9752
116.333 39.9753
116.333 39.9752
116.333 39.9752
116.333 39.9752
116.333 39.9752
116.333 39.9752
116.333 39.9752
116.332 39.9751
116.332 39.9751
116.332 39.9751
116.332 39.9751
116.332 39.9751
116.332 39.9752
116.332 39.9752
116.332 39.9752
116.332 39.9752
116.332 39.9752
116.332 39.9752
116.331 39.9753
116.331 39.9753
116.331 39.9753
116.331 39.9753
116.331 39.9753
116.331 39.9753
116.331 39.9753
116.331 39.9753
116.331 39.9753
116.331 39.9753
116.331 39.9753
116.331 39.9753
116.33 39.9753
116.33 39.9753
116.33 39.9753
116.33 39.9754
116.33 39.9754
116.33 39.9754
116.33 39.9754
116.33 39.9754
116.33 39.9753
116.33 39.9753
116.33 39.9752
116.33 39.9752
116.33 39.9752
116.33 39.9752
116.33 39.9752
116.33 39.9752
116.33 39.9752
116.33 39.9752
116.33 39.9752
116.33 39.9752
116.33 39.9752
116.33 39.9752
116.33 39.9752
116.33 39.9752
116.33 39.9752
116.33 39.9752
116.33 39.9752
116.33 39.9752
116.33 39.9751
116.33 39.9751
116.329 39.975
116.329 39.975
116.329 39.9751
116.329 39.9752
116.329 39.9752
116.329 39.9752
116.329 39.9752
116.329 39.9752
116.329 39.9752
116.329 39.9753
116.329 39.9753
116.329 39.9753
116.329 39.9753
116.329 39.9753
116.329 39.9753
116.329 39.9753
116.329 39.9752
116.329 39.9752
116.329 39.9752
116.329 39.9752
116.329 39.9752
116.329 39.9752
116.329 39.9752
116.329 39.9752
116.329 39.9752
116.329 39.9752
116.329 39.9752
116.329 39.9752
116.328 39.9752
116.328 39.9752
116.328 39.9752
116.328 39.9752
116.328 39.9752
116.328 39.9752
116.328 39.9752
116.328 39.9752
116.328 39.9752
116.328 39.9752
116.328 39.9752
116.328 39.9752
116.327 39.9752
116.327 39.9752
116.327 39.9752
116.327 39.9753
116.327 39.9753
116.327 39.9753
116.327 39.9752
116.327 39.9752
116.327 39.9753
116.327 39.9753
116.327 39.9753
116.327 39.9753
116.327 39.9753
116.326 39.9753
116.326 39.9753
116.326 39.9753
116.326 39.9753
116.326 39.9753
116.326 39.9754
116.326 39.9754
116.326 39.9753
116.326 39.9753
116.325 39.9753
116.325 39.9753
116.325 39.9754
116.325 39.9753
116.325 39.9752
116.325 39.9752
116.325 39.9752
116.325 39.9752
116.324 39.9752
116.324 39.9752
116.324 39.9752
116.324 39.9752
116.324 39.9752
116.324 39.9752
116.324 39.9752
116.323 39.9752
116.323 39.9752
116.323 39.9752
116.323 39.9752
116.323 39.9752
116.323 39.9752
116.323 39.9752
116.322 39.9752
116.322 39.9752
116.322 39.9752
116.322 39.9751
116.322 39.9752
116.322 39.9752
116.322 39.9751
116.322 39.9751
116.321 39.9751
116.321 39.9751
116.321 39.9751
116.321 39.9751
116.321 39.9751
116.321 39.9751
116.321 39.9751
116.321 39.9752
116.321 39.9752
116.321 39.9752
116.321 39.9752
116.321 39.9751
116.321 39.9751
116.32 39.9751
116.32 39.9751
116.32 39.9751
116.32 39.9751
116.32 39.9751
116.32 39.9751
116.32 39.9751
116.32 39.9751
116.32 39.9751
116.32 39.9751
116.32 39.9751
116.32 39.9751
116.32 39.975
116.32 39.975
116.32 39.975
116.32 39.975
116.319 39.975
116.319 39.975
116.319 39.975
116.319 39.975
116.319 39.975
116.319 39.975
116.319 39.975
116.319 39.975
116.319 39.975
116.319 39.975
116.319 39.975
116.319 39.975
116.319 39.975
116.319 39.975
116.319 39.975
116.319 39.975
116.319 39.975
116.319 39.975
116.319 39.975
116.319 39.975
116.319 39.975
116.319 39.975
116.319 39.9749
116.319 39.9749
116.319 39.9749
116.319 39.9749
116.319 39.9749
116.318 39.9749
116.318 39.9749
116.318 39.9749
116.318 39.9749
116.318 39.9749
116.318 39.9749
116.318 39.9749
116.318 39.9749
116.318 39.9749
116.318 39.9749
116.318 39.9749
116.317 39.9749
116.317 39.9749
116.317 39.9749
116.317 39.9749
116.317 39.9749
116.317 39.9749
116.317 39.9749
116.317 39.9749
116.317 39.9749
116.317 39.9749
116.317 39.9749
116.317 39.9749
116.317 39.9749
116.317 39.9749
116.317 39.975
116.317 39.975
116.317 39.975
116.317 39.975
116.317 39.975
116.316 39.975
116.316 39.975
116.316 39.9751
116.316 39.9751
116.316 39.9751
116.316 39.9751
116.316 39.9751
116.315 39.9751
116.315 39.9751
116.315 39.9751
116.315 39.9751
116.315 39.9751
116.315 39.9751
116.315 39.9752
116.314 39.9752
116.314 39.9752
116.314 39.9752
116.314 39.9752
116.314 39.9752
116.314 39.9752
116.314 39.9752
116.313 39.9752
116.313 39.9753
116.313 39.9753
116.313 39.9753
116.313 39.9753
116.313 39.9753
116.313 39.9753
116.313 39.9753
116.313 39.9753
116.312 39.9753
116.312 39.9752
116.312 39.9752
116.312 39.9751
116.312 39.9751
116.312 39.975
116.312 39.975
116.312 39.975
116.312 39.975
116.312 39.975
116.312 39.975
116.312 39.9749
116.312 39.9749
116.312 39.9749
116.312 39.9749
116.312 39.9748
116.312 39.9748
116.312 39.9748
116.312 39.9747
116.312 39.9747
116.311 39.9746
116.311 39.9746
116.311 39.9745
116.311 39.9745
116.311 39.9744
116.311 39.9743
116.311 39.9742
116.311 39.9742
116.312 39.9741
116.312 39.974
116.312 39.9739
116.312 39.9738
116.312 39.9738
116.312 39.9737
116.312 39.9736
116.312 39.9735
116.312 39.9734
116.312 39.9733
116.312 39.9732
116.312 39.9731
116.312 39.973
116.312 39.9729
116.312 39.9728
116.312 39.9727
116.312 39.9726
116.312 39.9726
116.312 39.9725
116.312 39.9724
116.312 39.9723
116.312 39.9722
116.312 39.9721
116.312 39.972
116.313 39.972
116.313 39.9719
116.313 39.9719
116.313 39.9718
116.313 39.9718
116.313 39.9717
116.313 39.9717
116.313 39.9716
116.313 39.9716
116.313 39.9715
116.313 39.9714
116.313 39.9714
116.313 39.9713
116.313 39.9713
116.313 39.9712
116.313 39.9712
116.313 39.9711
116.313 39.971
116.313 39.9709
116.313 39.9708
116.313 39.9707
116.313 39.9706
116.313 39.9705
116.313 39.9704
116.313 39.9703
116.313 39.9702
116.313 39.9701
116.313 39.9699
116.313 39.9698
116.314 39.9697
116.314 39.9696
116.314 39.9696
116.314 39.9695
116.314 39.9694
116.314 39.9694
116.314 39.9693
116.314 39.9693
116.314 39.9693
116.314 39.9693
116.314 39.9693
116.314 39.9692
116.314 39.9692
116.314 39.9691
116.314 39.9691
116.314 39.969
116.314 39.9689
116.314 39.9688
116.314 39.9688
116.314 39.9687
116.314 39.9687
116.314 39.9686
116.314 39.9685
116.314 39.9684
116.314 39.9684
116.314 39.9683
116.314 39.9682
116.314 39.9682
116.314 39.9681
116.314 39.968
116.314 39.968
116.314 39.9679
116.314 39.9678
116.314 39.9678
116.314 39.9677
116.314 39.9676
116.314 39.9675
116.314 39.9674
116.314 39.9674
116.314 39.9673
116.314 39.9673
116.314 39.9672
116.314 39.9672
116.314 39.9671
116.314 39.967
116.314 39.9671
116.314 39.9671
116.314 39.9671
116.314 39.9671
116.314 39.9671
116.314 39.9671
116.314 39.9671
116.314 39.9671
116.314 39.9671
116.314 39.967
116.314 39.967
116.314 39.967
116.314 39.967
116.314 39.967
116.314 39.967
116.314 39.967
116.314 39.9669
116.314 39.9669
116.314 39.9669
116.314 39.9669
116.314 39.9669
116.314 39.9669
116.314 39.9669
116.314 39.9669
116.314 39.9669
116.314 39.9669
116.314 39.9669
116.314 39.9669
116.314 39.9669
116.314 39.9669
116.314 39.9669
116.314 39.9668
116.314 39.9668
116.314 39.9667
116.314 39.9667
116.314 39.9666
116.314 39.9665
116.315 39.9665
116.315 39.9664
116.315 39.9663
116.315 39.9663
116.315 39.9662
116.315 39.9661
116.315 39.966
116.315 39.9659
116.315 39.9659
116.315 39.9658
116.315 39.9657
116.315 39.9656
116.315 39.9656
116.315 39.9655
116.315 39.9654
116.315 39.9653
116.315 39.9652
116.315 39.9652
116.315 39.9651
116.315 39.965
116.315 39.9649
116.315 39.9648
116.315 39.9647
116.315 39.9646
116.315 39.9645
116.315 39.9644
116.315 39.9643
116.315 39.9641
116.315 39.964
116.315 39.9639
116.316 39.9638
116.316 39.9637
116.316 39.9635
116.316 39.9634
116.316 39.9633
116.316 39.9632
116.316 39.9631
116.316 39.963
116.316 39.9629
116.316 39.9628
116.316 39.9628
116.316 39.9627
116.316 39.9626
116.316 39.9625
116.316 39.9625
116.316 39.9624
116.316 39.9623
116.316 39.9622
116.316 39.9621
116.316 39.962
116.316 39.962
116.316 39.9619
116.316 39.9618
116.316 39.9617
116.316 39.9616
116.316 39.9615
116.316 39.9614
116.316 39.9613
116.316 39.9612
116.316 39.9611
116.316 39.9611
116.316 39.961
116.316 39.9609
116.316 39.9608
116.316 39.9608
116.316 39.9607
116.316 39.9607
116.316 39.9606
116.316 39.9605
116.316 39.9605
116.316 39.9604
116.316 39.9604
116.316 39.9603
116.316 39.9603
116.316 39.9602
116.316 39.9601
116.316 39.96
116.316 39.96
116.316 39.96
116.316 39.96
116.316 39.96
116.316 39.96
116.316 39.9599
116.316 39.9599
116.316 39.9598
116.316 39.9598
116.316 39.9597
116.316 39.9597
116.316 39.9597
116.316 39.9597
116.316 39.9597
116.316 39.9597
116.316 39.9596
116.316 39.9596
116.316 39.9596
116.316 39.9596
116.317 39.9596
116.317 39.9595
116.317 39.9595
116.317 39.9595
116.317 39.9595
116.317 39.9595
116.317 39.9595
116.317 39.9594
116.317 39.9594
116.317 39.9594
116.317 39.9594
116.317 39.9593
116.317 39.9593
116.317 39.9593
116.317 39.9592
116.317 39.9591
116.317 39.959
116.317 39.959
116.317 39.9589
116.317 39.9589
116.317 39.9588
116.317 39.9587
116.317 39.9587
116.317 39.9586
116.317 39.9585
116.317 39.9585
116.317 39.9584
116.317 39.9583
116.317 39.9583
116.317 39.9582
116.317 39.9581
116.317 39.958
116.317 39.9579
116.317 39.9579
116.317 39.9578
116.317 39.9578
116.317 39.9577
116.317 39.9577
116.317 39.9576
116.317 39.9575
116.317 39.9575
116.317 39.9574
116.317 39.9573
116.317 39.9573
116.317 39.9572
116.317 39.9572
116.317 39.9571
116.317 39.9571
116.317 39.957
116.317 39.957
116.317 39.9569
116.317 39.9569
116.317 39.9569
116.317 39.9569
116.317 39.9569
116.317 39.9569
116.317 39.9569
116.317 39.9569
116.317 39.9569
116.317 39.9568
116.317 39.9568
116.317 39.9568
116.317 39.9567
116.317 39.9566
116.317 39.9566
116.317 39.9565
116.317 39.9564
116.317 39.9564
116.317 39.9563
116.317 39.9563
116.317 39.9562
116.317 39.9562
116.317 39.9561
116.317 39.956
116.317 39.956
116.317 39.9559
116.317 39.9558
116.317 39.9557
116.317 39.9556
116.317 39.9556
116.317 39.9555
116.317 39.9554
116.317 39.9553
116.317 39.9553
116.317 39.9552
116.317 39.9551
116.317 39.955
116.317 39.9549
116.317 39.9549
116.317 39.9548
116.317 39.9547
116.317 39.9546
116.317 39.9545
116.317 39.9545
116.317 39.9544
116.317 39.9543
116.317 39.9543
116.317 39.9542
116.317 39.9541
116.317 39.9541
116.317 39.954
116.317 39.9539
116.317 39.9539
116.317 39.9538
116.317 39.9538
116.317 39.9537
116.317 39.9537
116.317 39.9537
116.317 39.9536
116.317 39.9536
116.317 39.9535
116.317 39.9535
116.317 39.9534
116.317 39.9533
116.317 39.9533
116.317 39.9533
116.317 39.9533
116.317 39.9533
116.317 39.9533
116.317 39.9532
116.317 39.9532
116.317 39.9532
116.317 39.9532
116.317 39.9532
116.317 39.9532
116.317 39.9532
116.317 39.9532
116.317 39.9531
116.317 39.9531
116.317 39.953
116.317 39.953
116.317 39.9529
116.317 39.9529
116.317 39.9529
116.317 39.9528
116.317 39.9528
116.317 39.9528
116.317 39.9528
116.316 39.9528
116.316 39.9528
116.316 39.9528
116.316 39.9528
116.316 39.9528
116.316 39.9528
116.316 39.9528
116.316 39.9528
116.316 39.9528
116.316 39.9528
116.316 39.9528
116.316 39.9528
116.316 39.9528
116.316 39.9528
116.316 39.9528
116.316 39.9528
116.316 39.9527
116.316 39.9527
116.316 39.9527
116.316 39.9527
116.316 39.9527
116.316 39.9527
116.316 39.9526
116.316 39.9526
116.316 39.9525
116.316 39.9525
116.316 39.9525
116.316 39.9526
116.316 39.9526
116.316 39.9525
116.316 39.9525
116.316 39.9525
116.316 39.9525
116.316 39.9524
116.316 39.9524
116.316 39.9523
116.316 39.9523
116.316 39.9523
116.316 39.9523
116.316 39.9523
116.316 39.9523
116.316 39.9523
116.316 39.9523
116.316 39.9522
116.316 39.9522
116.316 39.9522
116.316 39.9522
116.316 39.9522
116.317 39.9521
116.317 39.952
116.317 39.9519
116.317 39.9519
116.317 39.9518
116.317 39.9517
116.317 39.9516
116.317 39.9515
116.317 39.9514
116.317 39.9513
116.317 39.9512
116.317 39.9511
116.317 39.951
116.317 39.951
116.317 39.9509
116.317 39.9508
116.317 39.9508
116.317 39.9507
116.317 39.9506
116.317 39.9506
116.317 39.9505
116.317 39.9504
116.317 39.9504
116.317 39.9504
116.317 39.9504
116.317 39.9504
116.317 39.9504
116.317 39.9504
116.317 39.9504
116.317 39.9504
116.317 39.9504
116.317 39.9504
116.317 39.9504
116.317 39.9504
116.317 39.9504
116.317 39.9504
116.317 39.9504
116.317 39.9504
116.317 39.9503
116.317 39.9503
116.317 39.9502
116.317 39.9501
116.317 39.95
116.317 39.95
116.317 39.9499
116.317 39.9499
116.317 39.9498
116.317 39.9497
116.318 39.9496
116.318 39.9496
116.318 39.9495
116.318 39.9494
116.318 39.9493
116.318 39.9493
116.318 39.9492
116.318 39.9491
116.318 39.949
116.318 39.949
116.318 39.9489
116.318 39.9487
116.318 39.9486
116.318 39.9485
116.318 39.9484
116.318 39.9483
116.318 39.9483
116.318 39.9482
116.318 39.9481
116.318 39.948
116.318 39.948
116.318 39.9479
116.318 39.9478
116.318 39.9477
116.318 39.9476
116.318 39.9475
116.318 39.9475
116.318 39.9474
116.318 39.9473
116.318 39.9472
116.318 39.9472
116.318 39.9471
116.318 39.947
116.318 39.947
116.318 39.9469
116.318 39.9469
116.318 39.9468
116.318 39.9467
116.318 39.9467
116.318 39.9467
116.318 39.9467
116.318 39.9467
116.318 39.9467
116.318 39.9467
116.318 39.9467
116.318 39.9466
116.318 39.9466
116.318 39.9465
116.318 39.9465
116.318 39.9464
116.318 39.9464
116.318 39.9463
116.318 39.9463
116.318 39.9462
116.318 39.9461
116.318 39.946
116.318 39.9459
116.318 39.9458
116.318 39.9457
116.318 39.9457
116.318 39.9456
116.318 39.9456
116.318 39.9455
116.318 39.9455
116.318 39.9455
116.318 39.9455
116.318 39.9455
116.318 39.9455
116.318 39.9455
116.318 39.9455
116.318 39.9454
116.318 39.9454
116.318 39.9453
116.318 39.9452
116.318 39.9452
116.318 39.9451
116.318 39.945
116.318 39.945
116.318 39.9449
116.318 39.9449
116.318 39.9448
116.318 39.9447
116.318 39.9446
116.318 39.9446
116.318 39.9445
116.318 39.9444
116.318 39.9443
116.318 39.9442
116.318 39.9442
116.318 39.9441
116.318 39.9439
116.318 39.9438
116.318 39.9437
116.318 39.9437
116.318 39.9436
116.318 39.9435
116.318 39.9434
116.318 39.9434
116.318 39.9433
116.318 39.9432
116.318 39.9432
116.318 39.9431
116.318 39.9431
116.318 39.943
116.318 39.943
116.318 39.9429
116.318 39.9428
116.318 39.9428
116.318 39.9428
116.318 39.9428
116.318 39.9428
116.318 39.9428
116.318 39.9428
116.318 39.9429
116.318 39.9428
116.318 39.9428
116.318 39.9428
116.318 39.9428
116.318 39.9428
116.318 39.9428
116.319 39.9427
116.319 39.9427
116.319 39.9426
116.319 39.9426
116.319 39.9425
116.319 39.9424
116.319 39.9424
116.319 39.9423
116.319 39.9422
116.319 39.9422
116.319 39.9421
116.319 39.942
116.319 39.942
116.319 39.9419
116.319 39.9418
116.319 39.9417
116.319 39.9417
116.319 39.9416
116.319 39.9415
116.319 39.9415
116.319 39.9414
116.319 39.9413
116.319 39.9413
116.319 39.9412
116.319 39.9411
116.319 39.941
116.319 39.9409
116.319 39.9409
116.319 39.9408
116.319 39.9407
116.319 39.9406
116.319 39.9405
116.319 39.9405
116.319 39.9404
116.319 39.9403
116.319 39.9402
116.319 39.9401
116.319 39.94
116.319 39.94
116.319 39.9399
116.319 39.9398
116.319 39.9398
116.319 39.9397
116.319 39.9396
116.319 39.9396
116.319 39.9395
116.319 39.9395
116.319 39.9395
116.319 39.9395
116.319 39.9395
116.319 39.9394
116.319 39.9393
116.319 39.9393
116.319 39.9392
116.319 39.9391
116.319 39.939
116.319 39.939
116.319 39.9389
116.319 39.9389
116.319 39.9388
116.319 39.9387
116.319 39.9387
116.319 39.9386
116.319 39.9385
116.319 39.9384
116.319 39.9384
116.319 39.9383
116.319 39.9382
116.319 39.9382
116.319 39.9381
116.319 39.938
116.319 39.938
116.319 39.9379
116.319 39.9379
116.319 39.9379
116.319 39.9379
116.319 39.9379
116.319 39.9379
116.319 39.9379
116.319 39.9379
116.319 39.9379
116.319 39.9379
116.318 39.9379
116.318 39.9379
116.318 39.9379
116.318 39.9379
116.318 39.9379
116.318 39.9379
116.318 39.9379
116.318 39.9379
116.318 39.9379
116.317 39.938
116.317 39.938
116.317 39.938
116.317 39.938
116.317 39.938
116.317 39.938
116.317 39.9381
116.317 39.9381
116.316 39.9381
116.316 39.9381
116.316 39.9381
116.316 39.9381
116.316 39.9381
116.316 39.9381
116.316 39.9381
116.315 39.9382
116.315 39.9381
116.315 39.9382
116.315 39.9382
116.315 39.9382
116.315 39.9382
116.315 39.9382
116.315 39.9382
116.315 39.9382
116.314 39.9382
116.314 39.9381
116.314 39.9381
116.314 39.9381
116.314 39.9381
116.314 39.9381
116.314 39.9381
116.314 39.9381
116.314 39.938
116.314 39.938
116.314 39.938
116.313 39.938
116.313 39.938
116.313 39.938
116.313 39.938
116.313 39.938
116.313 39.938
116.313 39.938
116.313 39.9381
116.313 39.9381
116.313 39.9381
116.312 39.9381
116.312 39.9381
116.312 39.9381
116.312 39.9382
116.312 39.9382
116.312 39.9382
116.312 39.9383
116.312 39.9383
116.312 39.9383
116.311 39.9384
116.311 39.9384
116.311 39.9384
116.311 39.9385
116.311 39.9385
116.311 39.9385
116.311 39.9386
116.311 39.9386
116.31 39.9386
116.31 39.9387
116.31 39.9387
116.31 39.9387
116.31 39.9388
116.31 39.9388
116.31 39.9389
116.31 39.9389
116.309 39.939
116.309 39.939
116.309 39.9391
116.309 39.9391
116.309 39.9392
116.309 39.9392
116.309 39.9393
116.308 39.9394
116.308 39.9394
116.308 39.9395
116.308 39.9396
116.308 39.9396
116.308 39.9396
116.308 39.9397
116.307 39.9398
116.307 39.9398
116.307 39.9399
116.307 39.9399
116.307 39.94
116.307 39.94
116.307 39.9401
116.307 39.9402
116.306 39.9402
116.306 39.9403
116.306 39.9403
116.306 39.9404
116.306 39.9404
116.306 39.9405
116.306 39.9405
116.306 39.9405
116.305 39.9406
116.305 39.9406
116.305 39.9407
116.305 39.9407
116.305 39.9408
116.305 39.9408
116.305 39.9409
116.305 39.9409
116.305 39.9409
116.304 39.941
116.304 39.941
116.304 39.941
116.304 39.9411
116.304 39.9412
116.304 39.9413
116.304 39.9414
116.304 39.9414
116.303 39.9415
116.303 39.9415
116.303 39.9415
116.303 39.9416
116.303 39.9416
116.303 39.9417
116.303 39.9417
116.303 39.9417
116.303 39.9418
116.302 39.9418
116.302 39.9419
116.302 39.9419
116.302 39.942
116.302 39.942
116.302 39.9421
116.302 39.9421
116.302 39.9422
116.302 39.9422
116.301 39.9422
116.301 39.9423
116.301 39.9423
116.301 39.9423
116.301 39.9423
116.301 39.9424
116.301 39.9424
116.301 39.9424
116.301 39.9425
116.301 39.9425
116.301 39.9425
116.301 39.9426
116.301 39.9426
116.301 39.9426
116.3 39.9426
116.3 39.9427
116.3 39.9427
116.3 39.9427
116.3 39.9427
116.3 39.9427
116.3 39.9427
116.3 39.9427
116.3 39.9427
116.3 39.9427
116.3 39.9427
116.3 39.9427
116.3 39.9427
116.299 39.9428
116.299 39.9428
116.299 39.9428
116.299 39.9428
116.299 39.9428
116.299 39.9428
116.299 39.9429
116.299 39.9429
116.299 39.9429
116.299 39.9429
116.299 39.943
116.299 39.943
116.299 39.943
116.299 39.9431
116.298 39.9431
116.298 39.9432
116.298 39.9432
116.298 39.9432
116.298 39.9433
116.298 39.9433
116.298 39.9433
116.298 39.9434
116.298 39.9434
116.298 39.9434
116.298 39.9435
116.298 39.9435
116.298 39.9435
116.298 39.9435
116.298 39.9435
116.298 39.9436
116.298 39.9436
116.298 39.9436
116.298 39.9436
116.298 39.9436
116.298 39.9436
116.298 39.9436
116.298 39.9436
116.298 39.9436
116.298 39.9437
116.298 39.9437
116.297 39.9438
116.297 39.9438
116.297 39.9437
116.297 39.9437
116.297 39.9438
116.297 39.9438
116.297 39.9438
116.297 39.9439
116.297 39.9439
116.297 39.9439
116.297 39.9439
116.297 39.9439
116.297 39.9439
116.297 39.944
116.297 39.944
116.296 39.944
116.296 39.944
116.296 39.944
116.296 39.9441
116.296 39.9441
116.296 39.9441
116.296 39.9442
116.296 39.9443
116.296 39.9443
116.296 39.9443
116.296 39.9443
116.296 39.9444
116.296 39.9444
116.296 39.9444
116.295 39.9444
116.295 39.9445
116.295 39.9445
116.295 39.9446
116.295 39.9446
116.295 39.9446
116.295 39.9446
116.295 39.9446
116.295 39.9447
116.295 39.9447
116.295 39.9447
116.294 39.9447
116.294 39.9447
116.294 39.9447
116.294 39.9448
116.294 39.9448
116.294 39.9448
116.294 39.9448
116.294 39.9448
116.294 39.9448
116.294 39.9448
116.294 39.9448
116.294 39.9449
116.294 39.9449
116.294 39.9449
116.294 39.9449
116.294 39.9449
116.294 39.9449
116.294 39.9449
116.294 39.9449
116.294 39.9449
116.294 39.9449
116.294 39.9449
116.294 39.9449
116.294 39.9449
116.294 39.9449
116.294 39.9449
116.294 39.945
116.293 39.945
116.293 39.945
116.293 39.945
116.293 39.9451
116.293 39.9451
116.293 39.9451
116.293 39.9451
116.293 39.9451
116.293 39.9451
116.293 39.9452
116.293 39.9452
116.293 39.9453
116.292 39.9453
116.292 39.9453
116.292 39.9454
116.292 39.9455
116.292 39.9455
116.292 39.9456
116.292 39.9456
116.292 39.9457
116.292 39.9457
116.292 39.9458
116.291 39.9458
116.291 39.9459
116.291 39.9459
116.291 39.9459
116.291 39.946
116.291 39.946
116.291 39.946
116.291 39.9461
116.291 39.9461
116.291 39.9462
116.29 39.9462
116.29 39.9463
116.29 39.9463
116.29 39.9464
116.29 39.9464
116.29 39.9464
116.29 39.9465
116.29 39.9465
116.29 39.9466
116.289 39.9466
116.289 39.9466
116.289 39.9467
116.289 39.9467
116.289 39.9467
116.289 39.9467
116.289 39.9467
116.288 39.9467
116.288 39.9467
116.288 39.9467
116.288 39.9468
116.288 39.9468
116.288 39.9468
116.288 39.9468
116.288 39.9468
116.288 39.9468
116.287 39.9468
116.287 39.9469
116.287 39.9469
116.287 39.9469
116.287 39.9469
116.287 39.9469
116.287 39.9469
116.286 39.9469
116.286 39.9468
116.286 39.9468
116.286 39.9468
116.286 39.9468
116.286 39.9468
116.285 39.9468
116.285 39.9468
116.285 39.9467
116.285 39.9467
116.285 39.9467
116.285 39.9467
116.285 39.9466
116.284 39.9466
116.284 39.9466
116.284 39.9465
116.284 39.9465
116.284 39.9464
116.284 39.9464
116.284 39.9464
116.284 39.9463
116.283 39.9463
116.283 39.9463
116.283 39.9462
116.283 39.9462
116.283 39.9462
116.283 39.9461
116.283 39.9461
116.283 39.9461
116.283 39.946
116.282 39.946
116.282 39.946
116.282 39.9459
116.282 39.9459
116.282 39.9459
116.282 39.9459
116.282 39.9458
116.282 39.9458
116.282 39.9458
116.282 39.9458
116.282 39.9458
116.282 39.9458
116.281 39.9457
116.281 39.9457
116.281 39.9457
116.281 39.9457
116.281 39.9457
116.281 39.9456
116.281 39.9456
116.281 39.9456
116.281 39.9456
116.281 39.9456
116.281 39.9455
116.281 39.9455
116.281 39.9455
116.28 39.9455
116.28 39.9455
116.28 39.9455
116.28 39.9454
116.28 39.9454
116.28 39.9454
116.28 39.9454
116.28 39.9454
116.28 39.9454
116.28 39.9454
116.28 39.9454
116.28 39.9454
116.279 39.9454
116.279 39.9454
116.279 39.9454
116.279 39.9454
116.279 39.9454
116.279 39.9454
116.279 39.9454
116.279 39.9454
116.279 39.9454
116.278 39.9454
116.278 39.9454
116.278 39.9454
116.278 39.9454
116.278 39.9454
116.278 39.9454
116.278 39.9454
116.278 39.9454
116.277 39.9454
116.277 39.9454
116.277 39.9454
116.277 39.9454
116.277 39.9454
116.277 39.9454
116.277 39.9454
116.277 39.9454
116.276 39.9454
116.276 39.9454
116.276 39.9454
116.276 39.9454
116.276 39.9454
116.276 39.9454
116.276 39.9453
116.276 39.9453
116.276 39.9453
116.276 39.9453
116.276 39.9453
116.276 39.9453
116.276 39.9453
116.276 39.9453
116.276 39.9454
116.276 39.9454
116.276 39.9454
116.276 39.9454
116.276 39.9454
116.276 39.9455
116.276 39.9455
116.276 39.9455
116.276 39.9455
116.275 39.9455
116.275 39.9455
116.275 39.9455
116.275 39.9455
116.275 39.9455
116.275 39.9455
116.275 39.9455
116.275 39.9455
116.275 39.9455
116.275 39.9455
116.275 39.9455
116.275 39.9455
116.274 39.9455
116.274 39.9455
116.274 39.9455
116.274 39.9455
116.274 39.9455
116.274 39.9455
116.274 39.9455
116.274 39.9455
116.274 39.9455
116.273 39.9455
116.273 39.9455
116.273 39.9455
116.273 39.9455
116.273 39.9455
116.273 39.9455
116.273 39.9455
116.273 39.9455
116.273 39.9455
116.272 39.9455
116.272 39.9455
116.272 39.9455
116.272 39.9455
116.272 39.9455
116.272 39.9455
116.272 39.9455
116.272 39.9455
116.272 39.9455
116.272 39.9455
116.272 39.9455
116.272 39.9455
116.272 39.9455
116.272 39.9455
116.272 39.9456
116.272 39.9456
116.272 39.9456
116.272 39.9456
116.272 39.9456
116.271 39.9456
116.271 39.9456
116.271 39.9456
116.271 39.9456
116.271 39.9456
116.271 39.9456
116.271 39.9456
116.271 39.9456
116.271 39.9456
116.271 39.9457
116.271 39.9457
116.271 39.9457
116.271 39.9457
116.271 39.9457
116.271 39.9457
116.271 39.9457
116.271 39.9457
116.271 39.9457
116.271 39.9457
116.271 39.9456
116.271 39.9456
116.271 39.9456
116.271 39.9456
116.271 39.9456
116.271 39.9456
116.27 39.9456
116.27 39.9456
116.27 39.9456
116.27 39.9456
116.27 39.9456
116.27 39.9456
116.27 39.9456
116.27 39.9456
116.27 39.9456
116.27 39.9456
116.27 39.9456
116.27 39.9456
116.27 39.9456
116.27 39.9457
116.27 39.9457
116.27 39.9457
116.27 39.9457
116.27 39.9457
116.27 39.9457
116.27 39.9457
116.27 39.9457
116.27 39.9457
116.27 39.9457
116.27 39.9457
116.27 39.9457
116.27 39.9457
116.27 39.9456
116.27 39.9456
116.27 39.9456
116.27 39.9456
116.27 39.9456
116.27 39.9456
116.27 39.9456
116.27 39.9456
116.27 39.9456
116.27 39.9456
116.27 39.9456
116.27 39.9456
116.27 39.9456
116.27 39.9456
116.269 39.9456
116.269 39.9456
116.269 39.9456
116.269 39.9456
116.269 39.9456
116.269 39.9456
116.269 39.9456
116.269 39.9456
116.269 39.9456
116.269 39.9456
116.269 39.9456
116.268 39.9456
116.268 39.9456
116.268 39.9456
116.268 39.9456
116.268 39.9456
116.268 39.9456
116.268 39.9455
116.268 39.9455
116.268 39.9454
116.268 39.9454
116.268 39.9453
116.268 39.9452
116.268 39.9451
116.268 39.9451
116.268 39.945
116.268 39.9449
116.268 39.9448
116.268 39.9448
116.268 39.9447
116.268 39.9446
116.268 39.9445
116.268 39.9444
116.268 39.9443
116.268 39.9442
116.268 39.9442
116.268 39.9441
116.268 39.944
116.268 39.9439
116.268 39.9438
116.268 39.9437
116.268 39.9436
116.268 39.9434
116.268 39.9433
116.268 39.9432
116.268 39.9431
116.268 39.943
116.268 39.9429
116.268 39.9428
116.268 39.9427
116.268 39.9426
116.268 39.9425
116.268 39.9423
116.268 39.9423
116.268 39.9422
116.268 39.9421
116.268 39.942
116.268 39.9419
116.268 39.9418
116.268 39.9417
116.268 39.9417
116.268 39.9416
116.268 39.9416
116.268 39.9415
116.268 39.9414
116.268 39.9414
116.268 39.9413
116.268 39.9413
116.268 39.9412
116.268 39.9412
116.268 39.9411
116.268 39.9411
116.268 39.941
116.268 39.9409
116.268 39.9408
116.268 39.9408
116.268 39.9407
116.268 39.9406
116.268 39.9406
116.268 39.9405
116.268 39.9404
116.268 39.9404
116.268 39.9403
116.268 39.9402
116.268 39.9401
116.268 39.94
116.268 39.9398
116.268 39.9397
116.268 39.9396
116.268 39.9395
116.268 39.9394
116.268 39.9393
116.268 39.9393
116.268 39.9391
116.268 39.939
116.268 39.9389
116.268 39.9388
116.268 39.9387
116.268 39.9386
116.268 39.9385
116.268 39.9384
116.268 39.9382
116.268 39.9381
116.268 39.938
116.268 39.9379
116.268 39.9378
116.268 39.9377
116.268 39.9376
116.268 39.9374
116.268 39.9373
116.268 39.9372
116.268 39.9371
116.268 39.937
116.268 39.9369
116.268 39.9368
116.268 39.9367
116.268 39.9366
116.268 39.9365
116.268 39.9364
116.268 39.9363
116.268 39.9363
116.268 39.9362
116.268 39.9361
116.268 39.936
116.268 39.936
116.268 39.9359
116.268 39.9359
116.268 39.9358
116.268 39.9357
116.268 39.9357
116.268 39.9357
116.268 39.9356
116.268 39.9356
116.268 39.9355
116.268 39.9355
116.268 39.9354
116.268 39.9354
116.268 39.9354
116.268 39.9353
116.268 39.9352
116.268 39.9352
116.268 39.9352
116.268 39.9351
116.268 39.9351
116.268 39.935
116.268 39.935
116.268 39.9349
116.268 39.9349
116.268 39.9348
116.268 39.9348
116.268 39.9347
116.268 39.9346
116.268 39.9346
116.268 39.9345
116.268 39.9344
116.268 39.9343
116.268 39.9342
116.268 39.9341
116.268 39.9341
116.268 39.934
116.268 39.9339
116.268 39.9338
116.268 39.9337
116.268 39.9336
116.268 39.9335
116.268 39.9334
116.268 39.9333
116.268 39.9331
116.268 39.933
116.268 39.9329
116.268 39.9328
116.268 39.9327
116.268 39.9326
116.268 39.9325
116.268 39.9323
116.268 39.9322
116.268 39.9321
116.268 39.932
116.268 39.9319
116.268 39.9318
116.268 39.9317
116.268 39.9316
116.268 39.9315
116.268 39.9314
116.268 39.9313
116.268 39.9312
116.268 39.9311
116.268 39.931
116.268 39.9309
116.268 39.9308
116.268 39.9307
116.268 39.9306
116.268 39.9305
116.268 39.9304
116.268 39.9303
116.268 39.9302
116.268 39.9301
116.268 39.93
116.268 39.9298
116.268 39.9297
116.268 39.9296
116.268 39.9295
116.268 39.9294
116.268 39.9293
116.268 39.9292
116.269 39.9291
116.269 39.929
116.269 39.9289
116.269 39.9289
116.269 39.9288
116.269 39.9287
116.269 39.9287
116.269 39.9286
116.269 39.9285
116.269 39.9285
116.269 39.9285
116.269 39.9285
116.269 39.9285
116.269 39.9284
116.269 39.9283
116.269 39.9282
116.269 39.9282
116.269 39.9281
116.269 39.928
116.269 39.928
116.269 39.9279
116.269 39.9278
116.269 39.9277
116.269 39.9276
116.269 39.9275
116.269 39.9275
116.269 39.9274
116.269 39.9273
116.269 39.9272
116.269 39.9271
116.269 39.9271
116.269 39.927
116.269 39.9269
116.269 39.9268
116.269 39.9267
116.269 39.9266
116.269 39.9265
116.269 39.9264
116.269 39.9263
116.269 39.9262
116.269 39.9261
116.269 39.926
116.269 39.9259
116.269 39.9258
116.269 39.9257
116.269 39.9257
116.269 39.9256
116.269 39.9255
116.269 39.9254
116.269 39.9253
116.269 39.9253
116.269 39.9252
116.269 39.9251
116.269 39.925
116.269 39.9249
116.269 39.9248
116.269 39.9247
116.269 39.9246
116.269 39.9246
116.269 39.9245
116.268 39.9244
116.268 39.9244
116.268 39.9244
116.268 39.9244
116.268 39.9244
116.268 39.9243
116.268 39.9243
116.268 39.9242
116.268 39.9242
116.268 39.9241
116.268 39.9241
116.267 39.924
116.267 39.924
116.267 39.9239
116.267 39.9238
116.267 39.9238
116.267 39.9237
116.267 39.9236
116.267 39.9235
116.267 39.9235
116.267 39.9234
116.267 39.9233
116.267 39.9232
116.267 39.9232
116.267 39.9231
116.267 39.923
116.267 39.9229
116.267 39.9228
116.267 39.9228
116.267 39.9227
116.267 39.9226
116.267 39.9225
116.267 39.9224
116.267 39.9223
116.267 39.9222
116.267 39.9222
116.267 39.9221
116.267 39.922
116.267 39.9219
116.267 39.9219
116.268 39.9218
116.268 39.9218
116.268 39.9217
116.268 39.9216
116.268 39.9216
116.268 39.9215
116.268 39.9214
116.268 39.9213
116.268 39.9213
116.268 39.9212
116.268 39.9211
116.268 39.921
116.268 39.9209
116.268 39.9208
116.268 39.9207
116.268 39.9207
116.268 39.9206
116.268 39.9205
116.268 39.9204
116.268 39.9203
116.269 39.9202
116.269 39.9201
116.269 39.92
116.269 39.92
116.269 39.9199
116.269 39.9198
116.269 39.9197
116.269 39.9196
116.269 39.9195
116.269 39.9194
116.269 39.9193
116.269 39.9192
116.269 39.9192
116.269 39.9191
116.269 39.919
116.269 39.9189
116.269 39.9188
116.269 39.9187
116.269 39.9186
116.269 39.9185
116.269 39.9184
116.269 39.9183
116.269 39.9182
116.269 39.9181
116.269 39.918
116.269 39.9179
116.269 39.9178
116.269 39.9177
116.269 39.9176
116.269 39.9175
116.269 39.9175
116.269 39.9174
116.269 39.9174
116.269 39.9173
116.269 39.9172
116.269 39.9172
116.269 39.9171
116.269 39.917
116.269 39.917
116.269 39.9169
116.269 39.9169
116.269 39.9168
116.269 39.9168
116.269 39.9167
116.269 39.9166
116.269 39.9163
116.269 39.9161
116.269 39.9159
116.268 39.9158
116.268 39.9157
116.268 39.9158
116.268 39.9158
116.268 39.9158
116.268 39.9157
116.268 39.9157
116.268 39.9156
116.268 39.9155
116.268 39.9154
116.268 39.9154
116.268 39.9153
116.268 39.9152
116.268 39.9151
116.268 39.915
116.268 39.9149
116.268 39.9148
116.268 39.9148
116.268 39.9147
116.268 39.9146
116.268 39.9145
116.268 39.9144
116.268 39.9143
116.268 39.9142
116.268 39.9141
116.268 39.914
116.268 39.914
116.268 39.9139
116.268 39.9138
116.268 39.9137
116.268 39.9136
116.268 39.9135
116.268 39.9134
116.268 39.9133
116.268 39.9132
116.268 39.9131
116.268 39.913
116.268 39.9129
116.268 39.9128
116.268 39.9127
116.268 39.9125
116.268 39.9124
116.268 39.9123
116.268 39.9122
116.268 39.9121
116.268 39.912
116.268 39.9119
116.268 39.9119
116.268 39.9118
116.268 39.9117
116.268 39.9116
116.268 39.9115
116.268 39.9114
116.268 39.9113
116.268 39.9113
116.268 39.9111
116.268 39.911
116.268 39.911
116.268 39.9109
116.268 39.9108
116.268 39.9107
116.268 39.9106
116.268 39.9105
116.268 39.9104
116.268 39.9103
116.268 39.9102
116.268 39.9101
116.268 39.91
116.268 39.9099
116.268 39.9098
116.268 39.9097
116.268 39.9096
116.268 39.9095
116.268 39.9094
116.268 39.9093
116.268 39.9092
116.268 39.9091
116.268 39.909
116.268 39.9089
116.268 39.9088
116.268 39.9087
116.268 39.9086
116.268 39.9085
116.268 39.9084
116.268 39.9083
116.268 39.9083
116.268 39.9082
116.268 39.9081
116.268 39.908
116.268 39.908
116.268 39.9079
116.268 39.9079
116.268 39.9078
116.267 39.9078
116.267 39.9078
116.267 39.9078
116.267 39.9078
116.268 39.9077
116.268 39.9077
116.268 39.9077
116.268 39.9077
116.268 39.9076
116.268 39.9075
116.268 39.9075
116.268 39.9074
116.268 39.9073
116.268 39.9073
116.268 39.9072
116.268 39.9071
116.268 39.9071
116.268 39.907
116.268 39.9069
116.268 39.9069
116.268 39.9068
116.268 39.9068
116.267 39.9067
116.267 39.9067
116.267 39.9065
116.267 39.9064
116.267 39.9063
116.267 39.9063
116.267 39.9062
116.267 39.9061
116.267 39.9061
116.267 39.906
116.267 39.9059
116.267 39.9059
116.267 39.9058
116.267 39.9057
116.267 39.9057
116.267 39.9056
116.267 39.9055
116.267 39.9055
116.267 39.9054
116.267 39.9053
116.267 39.9053
116.267 39.9052
116.267 39.9052
116.267 39.9051
116.267 39.905
116.267 39.9049
116.267 39.9049
116.267 39.9049
116.267 39.9049
116.267 39.9049
116.267 39.9049
116.267 39.9047
116.267 39.9048
116.267 39.9048
116.268 39.9047
116.268 39.9047
116.268 39.9046
116.268 39.9046
116.268 39.9045
116.268 39.9045
116.268 39.9044
116.268 39.9044
116.268 39.9043
116.268 39.9043
116.268 39.9043
116.268 39.9042
116.268 39.9042
116.268 39.9041
116.268 39.9041
116.268 39.904
116.268 39.904
116.268 39.9039
116.268 39.9039
116.268 39.9039
116.268 39.9038
116.268 39.9038
116.268 39.9037
116.268 39.9037
116.268 39.9036
116.268 39.9036
116.268 39.9035
116.268 39.9035
116.268 39.9034
116.268 39.9034
116.268 39.9034
116.268 39.9033
116.268 39.9033
116.268 39.9032
116.268 39.9032
116.268 39.9031
116.268 39.9031
116.268 39.903
116.268 39.903
116.268 39.9029
116.268 39.9029
116.268 39.9028
116.268 39.9028
116.268 39.9027
116.268 39.9027
116.268 39.9026
116.268 39.9026
116.268 39.9026
116.268 39.9025
116.268 39.9025
116.268 39.9024
116.268 39.9024
116.268 39.9023
116.268 39.9023
116.267 39.9023
116.267 39.9023
116.267 39.9023
116.267 39.9022
116.267 39.9022
116.267 39.9022
116.267 39.9022
116.267 39.9022
116.267 39.9021
116.267 39.9022
116.267 39.9021
116.267 39.9021
116.267 39.9021
116.267 39.9021
116.267 39.902
116.267 39.902
116.267 39.902
116.267 39.902
116.267 39.902
116.267 39.902
116.267 39.9019
116.266 39.9019
116.266 39.9019
116.266 39.9018
116.266 39.9018
116.266 39.9018
116.266 39.9018
116.266 39.9018
116.266 39.9018
116.266 39.9018
116.266 39.9018
116.266 39.9019
116.266 39.9019
116.266 39.9019
116.266 39.9019
116.266 39.9019
116.266 39.9019
116.266 39.9019
116.266 39.9019
116.266 39.9019
116.266 39.9019
116.266 39.9019
116.266 39.9019
116.265 39.9019
116.265 39.9019
116.265 39.9019
116.265 39.9019
116.265 39.9019
116.265 39.9019
116.265 39.9019
116.265 39.9019
116.265 39.9019
116.265 39.9019
116.265 39.9019
116.265 39.9019
116.265 39.9019
116.265 39.9019
116.265 39.9019
116.265 39.9019
116.264 39.9019
116.264 39.9019
116.264 39.9019
116.264 39.9019
116.264 39.9019
116.264 39.9019
116.264 39.9019
116.264 39.9019
116.264 39.902
116.264 39.902
116.264 39.902
116.264 39.902
116.264 39.9021
116.264 39.9021
116.264 39.9021
116.264 39.9022
116.264 39.9022
116.264 39.9022
116.264 39.9023
116.264 39.9023
116.264 39.9024
116.263 39.9024
116.263 39.9024
116.263 39.9025
116.263 39.9025
116.263 39.9025
116.263 39.9026
116.263 39.9026
116.263 39.9027
116.263 39.9027
116.263 39.9027
116.263 39.9028
116.263 39.9028
116.263 39.9028
116.263 39.9027
116.263 39.9027
116.263 39.9027
116.263 39.9028
116.263 39.9028
116.263 39.9029
116.263 39.9029
116.263 39.9028
116.263 39.9028
116.263 39.9029
116.263 39.9029
116.263 39.9029
116.263 39.9029
116.263 39.903
116.263 39.903
116.263 39.9031
116.263 39.9031
116.263 39.9031
116.263 39.9031
116.263 39.9031
116.263 39.9031
116.263 39.9031
