116.31 39.982
116.31 39.982
116.31 39.982
116.31 39.9821
116.31 39.9821
116.31 39.9822
116.31 39.9822
116.31 39.9822
116.31 39.9822
116.31 39.9823
116.31 39.9823
116.31 39.9824
116.311 39.9823
116.311 39.9823
116.311 39.9822
116.311 39.9821
116.308 39.9814
116.308 39.9814
116.308 39.9813
116.308 39.9813
116.308 39.9812
116.308 39.9814
116.308 39.9815
116.308 39.9814
116.308 39.9815
116.308 39.9815
116.308 39.9815
116.308 39.9815
116.308 39.9815
116.308 39.9816
116.309 39.9816
116.31 39.9817
116.31 39.9817
116.31 39.9816
116.31 39.9815
116.31 39.9816
116.31 39.9816
116.31 39.9816
116.311 39.9816
116.311 39.9816
116.311 39.9815
116.311 39.9814
116.311 39.9813
116.311 39.9812
116.311 39.9812
116.311 39.9812
116.311 39.9811
116.312 39.9811
116.311 39.9811
116.311 39.9811
116.311 39.981
116.311 39.9809
116.31 39.9809
116.31 39.9808
116.31 39.9809
116.31 39.981
116.31 39.9811
116.31 39.981
116.31 39.9811
116.31 39.9812
116.31 39.9815
116.31 39.9817
116.31 39.9819
116.31 39.9821
116.31 39.9822
116.31 39.9823
116.31 39.9824
116.31 39.9825
116.31 39.9826
116.31 39.9827
116.31 39.9828
116.31 39.9829
116.31 39.9829
116.31 39.983
116.31 39.983
116.309 39.9831
116.309 39.9831
116.309 39.9832
116.309 39.9833
116.31 39.9832
116.31 39.9831
116.31 39.9831
116.31 39.9831
116.31 39.983
116.31 39.9831
116.31 39.9831
116.311 39.9832
116.311 39.9832
116.311 39.9833
116.311 39.9834
116.311 39.9834
116.311 39.9835
116.311 39.9836
116.311 39.9835
116.311 39.9836
116.311 39.9835
116.311 39.9835
116.311 39.9835
116.311 39.9835
116.311 39.9835
116.311 39.9835
116.312 39.9835
116.312 39.9834
116.312 39.9834
116.313 39.9839
116.313 39.9838
116.313 39.9839
116.313 39.9839
116.313 39.984
116.313 39.984
116.313 39.984
116.313 39.984
116.313 39.984
116.313 39.984
116.314 39.984
116.314 39.984
116.314 39.984
116.314 39.984
116.314 39.9839
116.314 39.9839
116.314 39.984
116.314 39.984
116.313 39.984
116.313 39.984
116.313 39.984
116.313 39.9839
116.313 39.984
116.313 39.9841
116.313 39.9842
116.313 39.9842
116.313 39.9841
116.313 39.9841
116.314 39.9842
116.314 39.9841
116.314 39.9841
116.314 39.9842
116.314 39.9842
116.314 39.9842
116.314 39.9842
116.314 39.9842
116.315 39.9842
116.315 39.9842
116.315 39.9842
116.315 39.9842
116.315 39.9842
116.315 39.9842
116.315 39.9842
116.315 39.9842
116.316 39.9842
116.316 39.9841
116.316 39.9841
116.316 39.9841
116.316 39.9842
116.316 39.9843
116.316 39.9844
116.316 39.9844
116.316 39.9844
116.316 39.9844
116.317 39.9843
116.317 39.9843
116.317 39.9843
116.317 39.9844
116.317 39.9844
116.317 39.9843
116.317 39.9843
116.317 39.9843
116.318 39.9843
116.318 39.9842
116.318 39.9842
116.318 39.9842
116.318 39.9842
116.318 39.9842
116.318 39.9841
116.318 39.9841
116.319 39.9841
116.319 39.9841
116.319 39.9841
116.319 39.9841
116.319 39.9841
116.319 39.9842
116.319 39.9842
116.32 39.9842
116.32 39.9842
116.32 39.9842
116.32 39.9842
116.32 39.9842
116.32 39.9842
116.32 39.9842
116.321 39.9842
116.321 39.9842
116.321 39.9842
116.321 39.9842
116.321 39.9842
116.321 39.9843
116.321 39.9843
116.322 39.9843
116.322 39.9843
116.322 39.9843
116.322 39.9843
116.322 39.9843
116.322 39.9843
116.322 39.9843
116.322 39.9843
116.323 39.9843
116.323 39.9843
116.323 39.9844
116.323 39.9844
116.323 39.9844
116.324 39.9845
116.324 39.9842
116.324 39.9842
116.324 39.9842
116.325 39.9841
116.325 39.9841
116.325 39.9841
116.325 39.9841
116.325 39.9842
116.325 39.9843
116.325 39.9843
116.326 39.9843
116.326 39.9843
116.326 39.9844
116.326 39.9845
116.326 39.9845
116.326 39.9846
116.326 39.9847
116.326 39.9848
116.326 39.9847
116.326 39.9846
116.326 39.9845
116.326 39.9844
116.327 39.9844
116.327 39.9844
116.327 39.9844
116.327 39.9843
116.327 39.9844
116.327 39.9844
116.327 39.9845
116.327 39.9845
116.327 39.9845
116.328 39.9845
116.328 39.9845
116.328 39.9845
116.328 39.9845
116.328 39.9845
116.328 39.9845
116.328 39.9845
116.328 39.9845
116.328 39.9845
116.328 39.9846
116.329 39.9846
116.329 39.9846
116.329 39.9846
116.329 39.9846
116.329 39.9846
116.329 39.9846
116.329 39.9846
116.33 39.9846
116.33 39.9847
116.33 39.9847
116.331 39.9847
116.331 39.9847
116.331 39.9847
116.331 39.9847
116.331 39.9847
116.331 39.9847
116.331 39.9847
116.332 39.9847
116.332 39.9847
116.332 39.9847
116.332 39.9847
116.332 39.9848
116.332 39.9847
116.332 39.9848
116.333 39.9848
116.333 39.9847
116.333 39.9847
116.333 39.9848
116.333 39.9848
116.333 39.9848
116.333 39.9848
116.333 39.9848
116.334 39.9848
116.334 39.9848
116.334 39.9848
116.334 39.9847
116.334 39.9847
116.334 39.9848
116.335 39.9849
116.335 39.985
116.336 39.985
116.336 39.985
116.336 39.9851
116.336 39.9851
116.336 39.9851
116.336 39.9852
116.336 39.9852
116.336 39.9853
116.337 39.9853
116.337 39.9854
116.337 39.9854
116.337 39.9855
116.337 39.9855
116.337 39.9855
116.337 39.9855
116.337 39.9855
116.338 39.9854
116.338 39.9854
116.338 39.9854
116.338 39.9853
116.338 39.9852
116.338 39.9852
116.338 39.9851
116.338 39.9852
116.338 39.9852
116.339 39.9853
116.339 39.9853
116.339 39.9854
116.339 39.9855
116.339 39.9855
116.339 39.9855
116.339 39.9855
116.339 39.9855
116.339 39.9856
116.339 39.9856
116.34 39.9856
116.34 39.9856
116.34 39.9857
116.34 39.9858
116.34 39.9858
116.34 39.9859
116.34 39.9859
116.34 39.9859
116.34 39.9859
116.34 39.9859
116.34 39.9859
116.341 39.9859
116.341 39.9859
116.341 39.9859
116.341 39.9859
116.341 39.986
116.341 39.986
116.341 39.986
116.341 39.9859
116.342 39.9859
116.342 39.9859
116.342 39.9858
116.342 39.9858
116.342 39.9858
116.342 39.9858
116.342 39.9858
116.343 39.9859
116.343 39.9859
116.343 39.9859
116.343 39.986
116.343 39.986
116.343 39.9861
116.343 39.9861
116.343 39.9861
116.343 39.9862
116.343 39.9863
116.344 39.9863
116.344 39.9863
116.344 39.9863
116.344 39.9863
116.344 39.9863
116.344 39.9862
116.344 39.9862
116.344 39.9861
116.345 39.986
116.345 39.9859
116.345 39.9858
116.345 39.9857
116.345 39.9856
116.345 39.9855
116.345 39.9855
116.345 39.9854
116.345 39.9853
116.345 39.9852
116.345 39.9851
116.345 39.9851
116.345 39.9851
116.345 39.9851
116.345 39.9851
116.346 39.9851
116.346 39.9851
116.346 39.9851
116.346 39.9851
116.346 39.9851
116.346 39.9851
116.346 39.9851
116.346 39.9851
116.346 39.9851
116.347 39.9851
116.347 39.985
116.347 39.9849
116.347 39.9848
116.347 39.9848
116.347 39.9847
116.347 39.9847
116.347 39.9847
116.347 39.9847
116.348 39.9847
116.348 39.9849
116.348 39.985
116.348 39.985
116.349 39.985
116.349 39.985
116.349 39.9851
116.349 39.9851
116.349 39.9851
116.349 39.9851
116.35 39.9852
116.35 39.9852
116.35 39.9853
116.35 39.9853
116.35 39.9853
116.35 39.9853
116.35 39.9853
116.351 39.9853
116.351 39.9853
116.351 39.9853
116.351 39.9853
116.351 39.9854
116.351 39.9854
116.351 39.9855
116.351 39.9855
116.351 39.9856
116.352 39.9856
116.352 39.9856
116.352 39.9857
116.352 39.9857
116.352 39.9857
116.352 39.9858
116.352 39.9858
116.352 39.9858
116.352 39.9858
116.353 39.9857
116.353 39.9857
116.353 39.9858
116.353 39.9858
116.353 39.9858
116.353 39.9858
116.353 39.9858
116.353 39.9857
116.354 39.9858
116.354 39.9859
116.354 39.9859
116.354 39.986
116.354 39.986
116.354 39.986
116.354 39.986
116.354 39.986
116.355 39.986
116.355 39.986
116.355 39.9861
116.355 39.9861
116.355 39.9861
116.355 39.9861
116.355 39.9861
116.355 39.9862
116.356 39.9862
116.356 39.9862
116.356 39.9863
116.356 39.9864
116.356 39.9864
116.356 39.9865
116.356 39.9866
116.357 39.9866
116.357 39.9867
116.357 39.9868
116.357 39.9868
116.357 39.9869
116.357 39.9869
116.357 39.987
116.358 39.9872
116.358 39.9873
116.358 39.9873
116.358 39.9874
116.358 39.9874
116.358 39.9874
116.358 39.9873
116.359 39.9873
116.359 39.9873
116.359 39.9873
116.359 39.9872
116.359 39.9872
116.359 39.9872
116.359 39.9871
116.359 39.9871
116.36 39.9871
116.36 39.9871
116.36 39.9871
116.36 39.9871
116.36 39.9871
116.36 39.9871
116.36 39.9872
116.361 39.9872
116.361 39.9872
116.361 39.9872
116.361 39.9872
116.361 39.9872
116.361 39.9873
116.361 39.9873
116.361 39.9874
116.361 39.9872
116.361 39.9871
116.361 39.987
116.361 39.9868
116.361 39.9867
116.361 39.9866
116.361 39.9864
116.361 39.9863
116.361 39.9861
116.362 39.986
116.362 39.986
116.362 39.986
116.362 39.986
116.362 39.986
116.362 39.986
116.362 39.986
116.362 39.986
116.362 39.9859
116.362 39.9858
116.362 39.9858
116.363 39.9858
116.363 39.9858
116.363 39.9858
116.363 39.9858
116.363 39.9858
116.363 39.9858
116.363 39.9857
116.363 39.9857
116.363 39.9858
116.364 39.9859
116.364 39.9861
116.364 39.986
116.364 39.986
116.364 39.9861
116.364 39.9862
116.364 39.9863
116.363 39.9864
116.363 39.9865
116.363 39.9866
116.363 39.9867
116.363 39.9868
116.363 39.9869
116.363 39.9869
116.363 39.987
116.363 39.987
116.363 39.9871
116.363 39.9872
116.363 39.9873
116.363 39.9874
116.363 39.9875
116.363 39.9876
116.363 39.9877
116.363 39.9878
116.363 39.9879
116.363 39.988
116.363 39.9882
116.363 39.9883
116.363 39.9885
116.363 39.9886
116.363 39.9887
116.363 39.9889
116.363 39.989
116.363 39.9891
116.363 39.9893
116.363 39.9894
116.363 39.9895
116.363 39.9896
116.362 39.9897
116.362 39.9898
116.362 39.99
116.362 39.9901
116.362 39.9903
116.362 39.9904
116.362 39.9906
116.362 39.9906
116.362 39.9907
116.362 39.9908
116.362 39.9909
116.362 39.991
116.362 39.991
116.363 39.9911
116.363 39.9912
116.363 39.9912
116.363 39.9912
116.363 39.9912
116.363 39.9913
116.363 39.9914
116.363 39.9915
116.363 39.9915
116.363 39.9916
116.363 39.9916
116.363 39.9917
116.363 39.9918
116.363 39.9919
116.363 39.9919
116.363 39.9919
116.362 39.992
116.362 39.992
116.362 39.992
116.362 39.9921
116.362 39.9921
116.362 39.9922
116.362 39.9922
116.362 39.9923
116.361 39.9923
116.361 39.9924
116.361 39.9925
116.361 39.9925
116.361 39.9926
116.361 39.9926
116.361 39.9927
116.361 39.9927
116.361 39.9927
116.36 39.9928
116.36 39.9928
116.36 39.9928
116.36 39.9928
116.36 39.9928
116.36 39.9926
116.36 39.9925
116.36 39.9926
116.36 39.9927
116.36 39.9928
116.36 39.993
116.36 39.9931
116.36 39.9933
116.359 39.9934
116.359 39.9934
116.359 39.9935
116.359 39.9935
116.359 39.9935
116.359 39.9934
116.359 39.9935
116.359 39.9935
116.359 39.9936
116.359 39.9937
116.359 39.9938
116.359 39.9939
116.359 39.994
116.359 39.9941
116.359 39.9942
116.359 39.9944
116.359 39.9945
116.359 39.9946
116.359 39.9947
116.359 39.9949
116.359 39.9951
116.359 39.9952
116.359 39.9953
116.359 39.9954
116.359 39.9954
116.359 39.9956
116.359 39.9957
116.359 39.9958
116.359 39.9959
116.359 39.9961
116.359 39.9962
116.359 39.9963
116.359 39.9964
116.359 39.9965
116.359 39.9966
116.359 39.9967
116.359 39.9966
116.359 39.9967
116.359 39.9968
116.359 39.9969
116.359 39.997
116.359 39.9971
116.359 39.9972
116.359 39.9973
116.359 39.9975
116.359 39.9976
116.359 39.9978
116.359 39.998
116.359 39.9981
116.359 39.9982
116.359 39.9983
116.359 39.9984
116.359 39.9985
116.359 39.9986
116.359 39.9987
116.359 39.9988
116.359 39.9989
116.359 39.999
116.359 39.9991
116.359 39.9992
116.359 39.9992
116.359 39.9993
116.36 39.9993
116.36 39.9993
116.36 39.9993
116.36 39.9994
116.36 39.9994
116.36 39.9994
116.361 39.9994
116.361 39.9994
116.361 39.9995
116.361 39.9995
116.361 39.9995
116.361 39.9996
116.361 39.9996
116.361 39.9996
116.361 39.9996
116.361 39.9996
116.361 39.9996
116.362 39.9997
116.362 39.9997
116.362 39.9997
116.362 39.9998
116.362 39.9998
116.362 39.9998
116.363 39.9998
116.363 39.9998
116.363 39.9998
116.363 39.9998
116.363 39.9999
116.363 39.9998
116.363 39.9998
116.363 39.9997
116.364 39.9997
116.364 39.9998
116.364 39.9998
116.364 39.9998
116.364 39.9999
116.364 39.9999
116.364 40
116.363 40
116.363 39.9999
116.364 39.9996
116.364 39.9995
116.364 39.9997
116.364 39.9998
116.364 39.9999
116.364 40
116.364 40.0001
116.364 40.0002
116.364 40.0003
116.364 40.0007
116.364 40.0007
116.364 40.0009
116.364 40.001
116.364 40.0011
116.364 40.0013
116.364 40.0014
116.364 40.0015
116.364 40.0016
116.363 40.0016
116.363 40.0016
116.363 40.0018
116.363 40.0018
116.363 40.0019
116.363 40.002
116.363 40.0021
116.363 40.0022
116.363 40.0022
116.363 40.0023
116.362 40.0024
116.362 40.0025
116.362 40.0026
116.362 40.0027
116.362 40.0028
116.362 40.0029
116.362 40.003
116.362 40.0031
116.362 40.0032
116.362 40.0032
116.362 40.0033
116.362 40.0034
116.362 40.0034
116.362 40.0035
116.362 40.0036
116.361 40.0037
116.361 40.0037
116.361 40.0038
116.361 40.0039
116.361 40.004
116.361 40.0041
116.361 40.0042
116.361 40.0043
116.361 40.0044
116.361 40.0045
116.361 40.0046
116.361 40.0047
116.361 40.0048
116.361 40.0049
116.361 40.005
116.36 40.0051
116.36 40.0052
116.36 40.0053
116.36 40.0053
116.36 40.0054
116.36 40.0055
116.36 40.0056
116.36 40.0057
116.36 40.0058
116.36 40.0059
116.36 40.006
116.36 40.0061
116.36 40.0062
116.36 40.0063
116.36 40.0064
116.36 40.0065
116.359 40.0066
116.359 40.0067
116.359 40.0068
116.359 40.0069
116.359 40.007
116.359 40.007
116.359 40.0071
116.359 40.0072
116.359 40.0073
116.359 40.0074
116.359 40.0074
116.359 40.0075
116.359 40.0076
116.359 40.0078
116.359 40.0079
116.358 40.008
116.358 40.0081
116.358 40.0082
116.358 40.0083
116.358 40.0084
116.358 40.0085
116.358 40.0085
116.358 40.0086
116.358 40.0086
116.358 40.0086
116.358 40.0087
116.357 40.0087
116.357 40.0088
116.355 40.0133
116.355 40.0133
116.355 40.0133
116.355 40.0133
116.355 40.0134
116.354 40.0134
116.354 40.0135
116.354 40.0135
116.354 40.0136
116.354 40.0136
116.354 40.0137
116.354 40.0138
116.354 40.014
116.354 40.014
116.354 40.0141
116.354 40.0142
116.353 40.0143
116.353 40.0144
116.353 40.0144
116.353 40.0145
116.353 40.0146
116.353 40.0147
116.353 40.0148
116.353 40.0149
116.353 40.015
116.353 40.0151
116.353 40.0152
116.353 40.0153
116.353 40.0154
116.353 40.0155
116.352 40.0156
116.352 40.0157
116.352 40.0158
116.352 40.0159
116.352 40.016
116.352 40.0162
116.352 40.0163
116.352 40.0164
116.352 40.0165
116.352 40.0167
116.352 40.0168
116.351 40.0169
116.351 40.0171
116.351 40.0172
116.351 40.0173
116.351 40.0174
116.351 40.0175
116.351 40.0176
116.351 40.0177
116.351 40.0178
116.351 40.0178
116.351 40.0179
116.35 40.018
116.35 40.0181
116.35 40.0183
116.342 40.0289
116.341 40.0295
116.341 40.0296
116.341 40.0298
116.341 40.0299
116.341 40.03
116.341 40.0302
116.341 40.0302
116.341 40.0304
116.341 40.0304
116.342 40.0304
116.342 40.0305
116.342 40.0305
116.342 40.0305
116.342 40.0306
116.342 40.0306
116.342 40.0306
116.342 40.0306
116.342 40.0307
116.342 40.0307
116.342 40.0307
116.343 40.0307
116.343 40.0307
116.343 40.0309
116.343 40.031
116.343 40.0311
116.343 40.0312
116.343 40.0313
116.343 40.0313
116.343 40.0313
116.343 40.0313
116.343 40.0313
116.343 40.0313
116.343 40.0313
116.343 40.0313
116.343 40.0314
116.343 40.0315
116.344 40.0315
116.344 40.0315
116.344 40.0315
116.344 40.0315
116.344 40.0315
116.344 40.0315
116.344 40.0316
116.344 40.0316
116.344 40.0316
116.344 40.0316
116.345 40.0316
116.345 40.0317
116.345 40.0317
116.345 40.0318
116.345 40.0318
116.345 40.0318
116.345 40.0318
116.345 40.0319
116.345 40.0319
116.345 40.032
116.346 40.0321
116.346 40.0321
116.346 40.0322
116.346 40.0322
116.346 40.0323
116.346 40.0323
116.346 40.0323
116.346 40.0324
116.346 40.0324
116.346 40.0324
116.346 40.0323
116.347 40.0323
116.347 40.0323
116.347 40.0323
116.347 40.0323
116.347 40.0323
116.347 40.0323
116.347 40.0324
116.347 40.0324
116.347 40.0324
116.347 40.0324
116.348 40.0326
116.348 40.0327
116.348 40.0328
116.348 40.0328
116.348 40.0329
116.348 40.0329
116.348 40.0329
116.348 40.0328
116.348 40.0328
116.348 40.0328
116.348 40.0329
116.349 40.0329
116.349 40.033
116.349 40.033
116.349 40.0331
116.349 40.0332
116.349 40.0332
116.349 40.0332
116.349 40.0333
116.349 40.0333
116.349 40.0333
116.349 40.0333
116.35 40.0334
116.35 40.0334
116.35 40.0334
116.35 40.0334
116.35 40.0334
116.35 40.0333
116.35 40.0333
116.35 40.0332
116.35 40.0332
116.35 40.0331
116.35 40.033
116.35 40.0329
116.35 40.0328
116.351 40.0328
116.351 40.0327
116.351 40.0326
116.351 40.0325
116.351 40.0324
116.351 40.0323
116.351 40.0323
116.351 40.0323
116.351 40.0324
116.351 40.0323
116.351 40.0323
116.351 40.0321
116.351 40.032
116.351 40.032
116.351 40.032
116.352 40.032
116.352 40.0319
116.352 40.0319
116.352 40.0319
116.352 40.0319
116.352 40.032
116.352 40.032
116.352 40.032
116.352 40.032
116.352 40.032
116.352 40.0321
116.352 40.0321
116.352 40.0321
116.353 40.0322
116.353 40.0322
116.353 40.0323
116.353 40.0324
116.353 40.0325
116.353 40.0325
116.353 40.0326
116.353 40.0326
116.353 40.0327
116.353 40.0327
116.353 40.0326
116.353 40.0325
116.353 40.0324
116.353 40.0323
116.353 40.0322
116.354 40.0322
116.354 40.0321
116.354 40.032
116.354 40.0319
116.354 40.0319
116.354 40.0319
116.354 40.0319
116.354 40.0319
116.354 40.0319
116.354 40.032
116.354 40.032
116.354 40.032
116.355 40.0321
116.355 40.0321
116.355 40.0321
116.355 40.0322
116.355 40.0322
116.355 40.0322
116.355 40.0322
116.355 40.0322
116.355 40.0323
116.355 40.0323
116.355 40.0323
116.356 40.0324
116.356 40.0324
116.356 40.0324
116.356 40.0325
116.356 40.0325
116.356 40.0325
116.356 40.0326
116.356 40.0327
