116.329 39.9266
116.329 39.9266
116.329 39.9266
116.329 39.9265
116.329 39.9265
116.329 39.9265
116.329 39.9265
116.329 39.9265
116.329 39.9266
116.332 39.9267
116.332 39.9267
116.332 39.9267
116.332 39.9267
116.332 39.9267
116.332 39.9267
116.332 39.9267
116.332 39.9267
116.332 39.9267
116.332 39.9267
116.332 39.9267
116.332 39.9267
116.332 39.9267
116.332 39.9267
116.332 39.9267
116.332 39.9267
116.332 39.9267
116.332 39.9267
116.332 39.9267
116.332 39.9267
116.332 39.9267
116.332 39.9267
116.332 39.9267
116.332 39.9267
116.332 39.9268
116.332 39.9268
116.332 39.9268
116.332 39.9268
116.332 39.9269
116.333 39.9269
116.333 39.9269
116.333 39.9269
116.333 39.9269
116.334 39.9269
116.334 39.9269
116.334 39.9269
116.334 39.9269
116.335 39.9269
116.335 39.9269
116.335 39.9269
116.336 39.9269
116.336 39.9269
116.336 39.9269
116.336 39.9269
116.337 39.9269
116.337 39.9269
116.337 39.9269
116.337 39.9269
116.337 39.9269
116.337 39.9269
116.337 39.9269
116.337 39.9269
116.338 39.9269
116.338 39.927
116.338 39.927
116.338 39.927
116.338 39.9271
116.338 39.9272
116.338 39.9273
116.338 39.9275
116.338 39.9276
116.338 39.9278
116.338 39.9279
116.338 39.928
116.338 39.9281
116.338 39.9282
116.338 39.9281
116.338 39.9281
116.338 39.9282
116.338 39.9283
116.338 39.9284
116.338 39.9286
116.338 39.9288
116.338 39.9289
116.338 39.9291
116.338 39.9292
116.338 39.9292
116.338 39.9293
116.338 39.9293
116.338 39.9294
116.338 39.9294
116.338 39.9295
116.338 39.9295
116.338 39.9296
116.338 39.9296
116.338 39.9297
116.338 39.9297
116.338 39.9297
116.338 39.9298
116.338 39.9299
116.338 39.93
116.338 39.9302
116.338 39.9303
116.338 39.9303
116.338 39.9304
116.338 39.9304
116.338 39.9305
116.338 39.9305
116.338 39.9306
116.338 39.9307
116.338 39.9308
116.338 39.9309
116.338 39.9311
116.338 39.9313
116.338 39.9315
116.338 39.9317
116.338 39.932
116.338 39.9336
116.337 39.9353
116.336 39.9368
116.336 39.9385
116.336 39.9405
116.337 39.9427
116.337 39.9448
116.335 39.9463
116.333 39.9475
116.331 39.9486
116.33 39.9499
116.33 39.9501
116.33 39.9503
116.33 39.9504
116.33 39.9506
116.33 39.9508
116.33 39.951
116.33 39.9512
116.33 39.9514
116.33 39.9517
116.33 39.9519
116.33 39.9535
116.329 39.9549
116.329 39.9558
116.329 39.9559
116.329 39.956
116.329 39.956
116.329 39.956
116.329 39.956
116.329 39.9561
116.329 39.9562
116.329 39.9563
116.329 39.9565
116.329 39.9567
116.329 39.9569
116.329 39.9571
116.329 39.9574
116.329 39.9588
116.329 39.96
116.329 39.96
116.329 39.9601
116.329 39.9602
116.329 39.9602
116.329 39.9603
116.329 39.9605
116.329 39.9607
116.329 39.9609
116.329 39.9611
116.329 39.9613
116.329 39.9615
116.329 39.9617
116.329 39.9619
116.328 39.9621
116.328 39.9623
116.328 39.9625
116.328 39.9627
116.328 39.9629
116.328 39.9631
116.328 39.9634
116.328 39.9636
116.328 39.9651
116.328 39.9658
116.328 39.9659
116.328 39.9659
116.328 39.9659
116.328 39.9659
116.328 39.966
116.328 39.966
116.328 39.966
116.328 39.9661
116.328 39.9662
116.328 39.9662
116.328 39.9663
116.328 39.9664
116.328 39.9664
116.327 39.9664
116.327 39.9664
116.327 39.9664
116.327 39.9664
116.326 39.9664
116.326 39.9664
116.324 39.9663
116.322 39.9663
116.322 39.9663
116.322 39.9663
116.322 39.9663
116.321 39.9663
116.321 39.9663
116.321 39.9662
116.321 39.9662
116.32 39.9662
116.32 39.9662
116.32 39.9662
116.32 39.9662
116.32 39.9662
116.32 39.9662
116.32 39.9662
116.32 39.9662
116.319 39.9663
116.319 39.9663
116.319 39.9664
116.319 39.9664
116.319 39.9664
116.319 39.9664
116.319 39.9664
116.319 39.9665
116.319 39.9665
116.319 39.9665
116.319 39.9665
116.319 39.9665
116.319 39.9666
116.319 39.9666
116.319 39.9667
116.319 39.9667
116.319 39.9668
116.319 39.9669
116.319 39.967
116.319 39.9671
116.319 39.9672
116.319 39.9673
116.319 39.9674
116.319 39.9674
116.319 39.9675
116.319 39.9676
116.319 39.9678
116.319 39.968
116.319 39.9682
116.319 39.9685
116.319 39.9687
116.319 39.9689
116.319 39.9691
116.319 39.9693
116.319 39.9695
116.319 39.9698
116.319 39.97
116.319 39.9701
116.319 39.9703
116.319 39.9705
116.319 39.9707
116.319 39.9708
116.319 39.971
116.319 39.9711
116.319 39.9712
116.319 39.9712
116.319 39.9713
116.319 39.9714
116.319 39.9716
116.319 39.9717
116.319 39.9718
116.319 39.972
116.319 39.9721
116.319 39.9722
116.319 39.9724
116.319 39.9726
116.319 39.9727
116.319 39.9728
116.319 39.973
116.319 39.9731
116.319 39.9733
116.319 39.9735
116.319 39.9736
116.319 39.9738
116.319 39.9739
116.319 39.974
116.319 39.9741
116.319 39.9742
116.319 39.9744
116.319 39.9745
116.319 39.9746
116.319 39.9746
116.319 39.9746
116.319 39.9746
116.319 39.9746
116.319 39.9747
116.319 39.9748
116.319 39.9748
116.319 39.9749
116.319 39.975
116.319 39.9751
116.319 39.9752
116.319 39.9753
116.319 39.9754
116.319 39.9755
116.319 39.9756
116.319 39.9757
116.319 39.9759
116.319 39.976
116.319 39.9761
116.319 39.9762
116.319 39.9763
116.319 39.9765
116.319 39.9766
116.319 39.9768
116.319 39.9769
116.319 39.977
116.319 39.9771
116.319 39.9772
116.319 39.9773
116.319 39.9775
116.319 39.9776
116.319 39.9778
116.319 39.978
116.319 39.9782
116.319 39.9784
116.319 39.9787
116.319 39.9789
116.319 39.9791
116.319 39.9792
116.319 39.9794
116.319 39.9794
116.319 39.9795
116.319 39.9796
116.319 39.9796
116.319 39.9797
116.319 39.9798
116.319 39.9798
116.319 39.9798
116.319 39.9798
116.318 39.9798
116.318 39.9798
116.318 39.9798
116.318 39.9798
116.318 39.9798
116.317 39.9798
116.317 39.9798
116.317 39.9798
116.317 39.9798
116.317 39.9798
116.317 39.9798
116.317 39.9798
116.317 39.9798
116.317 39.9798
116.317 39.9798
116.316 39.9798
116.316 39.9798
116.316 39.9798
116.316 39.9798
116.315 39.9798
116.315 39.9798
116.315 39.9798
116.315 39.9797
116.315 39.9797
116.314 39.9798
116.314 39.9798
116.314 39.9798
116.314 39.9798
116.314 39.9798
116.314 39.9798
116.314 39.9799
116.314 39.98
116.314 39.98
116.314 39.98
116.314 39.9799
116.314 39.9799
116.314 39.9799
116.314 39.9799
116.314 39.9799
116.314 39.9799
116.314 39.9798
116.314 39.9798
116.314 39.9798
116.314 39.9798
116.314 39.9798
116.314 39.9798
116.314 39.9798
116.314 39.9798
116.314 39.9798
116.314 39.9798
116.314 39.9798
116.314 39.9798
116.314 39.9798
116.314 39.9797
116.313 39.9797
116.313 39.9797
116.313 39.9797
116.313 39.9797
116.313 39.9797
116.313 39.9797
116.313 39.9797
116.313 39.9797
116.312 39.9797
116.312 39.9797
116.312 39.9797
116.312 39.9797
116.312 39.9797
116.312 39.9797
116.312 39.9797
116.311 39.9797
116.311 39.9797
116.311 39.9797
116.311 39.9797
116.311 39.9797
116.311 39.9797
116.311 39.9797
116.311 39.9797
116.311 39.9797
116.311 39.9797
116.31 39.9797
116.31 39.9797
116.31 39.9796
116.31 39.9796
116.31 39.9796
116.31 39.9796
116.31 39.9796
116.31 39.9796
116.31 39.9796
116.31 39.9796
116.31 39.9796
116.31 39.9796
116.309 39.9796
116.309 39.9796
116.309 39.9796
116.309 39.9796
116.309 39.9796
116.309 39.9796
116.309 39.9796
116.309 39.9796
116.309 39.9796
116.309 39.9796
116.309 39.9796
116.309 39.9797
116.309 39.9797
116.309 39.9797
116.309 39.9798
116.309 39.9798
116.308 39.9798
116.308 39.9799
116.308 39.98
116.308 39.98
116.308 39.9801
116.308 39.9801
116.308 39.9802
116.308 39.9802
116.308 39.9802
116.308 39.9803
116.308 39.9803
