116.312 39.9691
116.313 39.9687
116.313 39.9688
116.313 39.969
116.313 39.9691
116.313 39.9693
116.313 39.9693
116.313 39.9695
116.313 39.9694
116.313 39.9693
116.313 39.9694
116.313 39.9694
116.313 39.9695
116.313 39.9696
116.313 39.9699
116.304 39.9662
116.31 39.9691
116.31 39.969
116.31 39.9689
116.31 39.9689
116.31 39.9688
116.309 39.9688
116.309 39.9687
116.309 39.9686
116.309 39.9686
116.309 39.9686
116.309 39.9685
116.309 39.9684
116.308 39.9684
116.308 39.9684
116.308 39.9684
116.308 39.9684
116.308 39.9684
116.308 39.9684
116.307 39.9683
116.307 39.9683
116.307 39.9682
116.307 39.9682
116.307 39.9682
116.307 39.9683
116.307 39.9684
116.307 39.9686
116.307 39.9687
116.307 39.9689
116.307 39.969
116.306 39.969
116.306 39.969
116.306 39.9689
116.306 39.9689
116.306 39.9689
116.305 39.9689
116.305 39.9689
116.305 39.9688
116.305 39.9688
116.305 39.9688
116.305 39.9687
116.304 39.9687
116.304 39.9687
116.304 39.9687
116.304 39.9686
116.304 39.9685
116.304 39.9684
116.304 39.9683
116.304 39.9681
116.304 39.9678
116.304 39.9677
116.304 39.9675
116.304 39.9674
116.304 39.9673
116.303 39.9679
116.303 39.968
116.303 39.9679
116.303 39.9679
116.303 39.968
116.303 39.9679
116.303 39.9679
116.303 39.9679
116.303 39.9679
116.303 39.9679
116.303 39.968
116.303 39.968
116.303 39.968
116.303 39.968
116.303 39.968
116.304 39.9681
116.304 39.9681
116.304 39.9681
116.304 39.9681
116.302 39.9742
116.301 39.9739
116.301 39.9735
116.301 39.9722
116.301 39.9721
116.301 39.9719
116.302 39.9716
116.302 39.9716
116.302 39.9714
116.302 39.9714
116.302 39.9709
116.302 39.9707
116.302 39.9704
116.302 39.9702
116.302 39.9702
116.302 39.9702
116.302 39.9703
116.302 39.9704
116.302 39.9704
116.302 39.9703
116.302 39.9703
116.302 39.9703
116.302 39.9702
116.302 39.9702
116.302 39.9702
116.302 39.9702
116.302 39.9701
116.302 39.9701
116.302 39.9701
116.302 39.9701
116.302 39.97
116.302 39.97
116.302 39.97
116.302 39.97
116.302 39.97
116.302 39.97
116.302 39.97
116.302 39.97
116.302 39.9699
116.302 39.9699
116.302 39.9698
116.302 39.9696
116.302 39.969
116.302 39.9688
116.302 39.9687
116.303 39.9687
116.303 39.9687
116.303 39.9686
116.303 39.9685
116.303 39.9685
116.303 39.9685
116.303 39.9685
116.302 39.9685
116.302 39.9684
116.302 39.9684
116.302 39.9684
116.302 39.9684
116.302 39.9683
116.302 39.9684
116.302 39.9684
116.302 39.9684
116.302 39.9685
116.302 39.9685
116.302 39.9685
116.302 39.9685
116.302 39.9685
116.302 39.9685
116.302 39.9685
116.302 39.9685
116.302 39.9685
116.302 39.9685
116.302 39.9685
116.302 39.9685
116.302 39.9685
116.302 39.9685
116.302 39.9685
116.302 39.9685
116.302 39.9685
116.302 39.9684
116.303 39.9684
116.303 39.9684
116.303 39.9683
116.303 39.9683
116.303 39.9683
116.303 39.9683
116.303 39.9683
116.303 39.9683
116.303 39.9683
116.303 39.9683
116.303 39.9682
116.303 39.9682
116.303 39.9682
116.303 39.9682
116.303 39.9681
116.303 39.968
116.303 39.9679
116.303 39.9678
116.303 39.9677
116.303 39.9676
116.303 39.9675
116.302 39.9674
116.302 39.9672
116.302 39.9671
116.302 39.9673
116.302 39.9678
116.302 39.968
116.302 39.9681
116.302 39.9683
116.302 39.9683
116.302 39.9683
116.303 39.9684
116.303 39.9684
116.303 39.9684
116.303 39.9684
116.302 39.9684
116.302 39.9684
116.302 39.9683
116.302 39.9684
116.302 39.9684
116.302 39.9684
116.303 39.9684
116.303 39.9683
116.303 39.9683
116.303 39.9682
116.303 39.9682
116.303 39.9681
116.303 39.9679
116.303 39.9678
116.303 39.9677
116.303 39.9676
116.303 39.9675
116.303 39.9675
116.303 39.9674
116.303 39.9674
116.303 39.9673
116.303 39.9673
116.303 39.9672
116.303 39.9672
116.303 39.9671
116.303 39.9671
116.303 39.9671
116.303 39.967
116.303 39.9671
116.303 39.967
116.303 39.9671
116.303 39.9671
116.303 39.9671
116.303 39.9672
116.303 39.9672
116.303 39.9675
116.303 39.9677
116.303 39.9679
116.303 39.9681
116.303 39.9683
116.303 39.9683
116.303 39.9682
116.303 39.9682
116.303 39.9681
116.303 39.9681
116.303 39.9681
116.303 39.968
116.303 39.968
116.303 39.968
116.303 39.968
116.303 39.968
116.303 39.9681
116.302 39.9683
116.302 39.9683
116.302 39.9682
116.302 39.9681
116.302 39.968
116.302 39.968
116.302 39.968
116.303 39.9681
116.303 39.9681
116.303 39.9682
116.303 39.9682
116.303 39.9682
116.303 39.9682
116.303 39.9681
116.303 39.9681
116.303 39.9681
116.303 39.9682
116.303 39.9683
116.303 39.9683
116.303 39.9683
116.303 39.9683
116.303 39.9682
116.302 39.9683
116.302 39.9683
116.302 39.9683
116.302 39.9683
116.302 39.9683
116.302 39.9683
116.302 39.9683
116.302 39.9683
116.302 39.9683
116.302 39.9683
116.302 39.9682
116.302 39.9682
116.302 39.9682
116.302 39.9682
116.302 39.9683
116.302 39.9683
116.302 39.9682
116.303 39.9682
116.303 39.9681
116.303 39.9681
116.303 39.968
116.303 39.9681
116.303 39.9681
116.303 39.9682
116.302 39.9683
116.302 39.9683
116.302 39.9684
116.302 39.9684
116.302 39.9684
116.302 39.9683
116.302 39.9682
116.303 39.9682
116.303 39.9681
116.303 39.9681
116.303 39.9681
116.303 39.968
116.303 39.968
116.303 39.968
116.303 39.968
116.303 39.9679
116.303 39.9679
116.303 39.9679
116.303 39.9679
116.303 39.9678
116.303 39.9678
116.303 39.9678
116.303 39.9678
116.303 39.9679
116.302 39.9681
116.302 39.9682
116.302 39.9683
116.302 39.9683
116.302 39.9683
116.302 39.9683
116.302 39.9682
116.302 39.9682
116.302 39.9683
116.302 39.9683
116.302 39.9683
116.302 39.9683
116.302 39.9683
116.302 39.9683
116.302 39.9683
116.302 39.9683
116.302 39.9682
116.302 39.9681
116.302 39.968
116.302 39.968
116.302 39.968
116.302 39.968
116.302 39.9679
116.302 39.9678
116.303 39.9677
116.303 39.9679
116.303 39.968
116.303 39.9682
116.303 39.9681
116.303 39.9681
116.303 39.968
116.303 39.968
116.303 39.968
116.303 39.968
116.303 39.9681
116.303 39.9682
116.303 39.9682
116.303 39.9682
116.303 39.9682
116.303 39.9681
116.303 39.9681
116.303 39.9682
116.303 39.9682
116.303 39.9683
116.303 39.9683
116.303 39.9684
116.302 39.9685
116.302 39.9685
116.303 39.9683
116.303 39.9682
116.303 39.9681
116.303 39.9681
116.303 39.9682
116.303 39.9681
116.303 39.968
116.303 39.9679
116.303 39.9679
116.303 39.9679
116.303 39.9679
116.303 39.9678
116.303 39.9678
116.303 39.9678
116.303 39.9679
116.303 39.9679
116.303 39.968
116.302 39.9681
116.303 39.9681
116.303 39.9681
116.303 39.9681
116.303 39.9681
116.303 39.9681
116.303 39.9681
116.303 39.9681
116.303 39.968
116.303 39.968
116.303 39.968
116.303 39.968
116.303 39.968
116.303 39.9679
116.303 39.9679
116.303 39.9679
116.303 39.9679
116.303 39.9678
116.303 39.9677
116.303 39.9677
116.303 39.9676
116.303 39.9675
116.303 39.9673
116.303 39.9674
116.303 39.9675
116.303 39.9676
116.303 39.9677
116.303 39.9677
116.303 39.9678
116.303 39.9678
116.303 39.9678
116.303 39.9678
116.303 39.9678
116.303 39.9678
116.303 39.9679
116.303 39.9679
116.303 39.9677
116.303 39.9676
116.303 39.9676
116.303 39.9676
116.303 39.9675
116.303 39.9676
116.303 39.9676
116.303 39.9676
116.303 39.9676
116.303 39.9676
116.303 39.9676
116.303 39.9676
116.303 39.9676
116.303 39.9676
116.303 39.9676
116.303 39.9676
116.303 39.9676
116.303 39.9676
116.303 39.9676
116.303 39.9677
116.303 39.9677
116.303 39.9678
116.303 39.9678
116.303 39.9678
116.303 39.9678
116.303 39.9678
116.303 39.9678
116.303 39.9678
116.303 39.9679
116.303 39.9679
116.303 39.9679
116.303 39.9678
116.303 39.9678
116.303 39.9679
116.303 39.9678
116.303 39.9678
116.303 39.9678
116.303 39.9678
116.303 39.9678
116.303 39.9679
116.303 39.9679
116.303 39.9679
116.303 39.9679
116.303 39.9679
116.303 39.968
116.303 39.968
116.303 39.9681
116.303 39.9681
116.303 39.9681
116.303 39.968
116.303 39.968
116.303 39.9679
116.303 39.9678
116.303 39.9678
116.303 39.9679
116.303 39.9681
116.303 39.9682
116.303 39.9684
116.303 39.9684
116.303 39.9685
116.303 39.9688
116.303 39.969
116.303 39.9694
116.302 39.9697
116.302 39.9699
116.302 39.9699
116.303 39.97
116.303 39.9702
116.303 39.9703
116.303 39.9688
116.303 39.9687
116.303 39.9687
116.303 39.9688
116.303 39.9689
116.303 39.9689
116.303 39.9688
116.303 39.9688
116.303 39.9687
116.303 39.9686
116.303 39.9686
116.303 39.9685
116.303 39.9684
116.302 39.9684
116.302 39.9684
116.302 39.9684
116.302 39.9684
116.302 39.9684
116.302 39.9683
116.303 39.9683
116.303 39.9683
116.303 39.9682
116.303 39.9682
116.303 39.9682
116.302 39.9682
116.303 39.9681
116.303 39.9682
116.303 39.9681
116.303 39.9681
116.303 39.9681
116.303 39.9681
116.303 39.968
116.303 39.968
116.303 39.968
116.303 39.968
116.303 39.968
116.303 39.968
116.303 39.9679
116.303 39.9679
116.303 39.9679
116.303 39.9679
116.303 39.9679
116.303 39.9678
116.303 39.9678
116.303 39.9677
116.303 39.9677
116.303 39.968
116.303 39.9679
116.303 39.9679
116.303 39.9679
116.303 39.9679
116.303 39.9679
116.303 39.9679
116.303 39.9679
116.303 39.9679
116.303 39.9679
116.303 39.9679
116.303 39.9679
116.303 39.968
116.303 39.9681
116.303 39.9683
116.303 39.9681
116.303 39.968
116.303 39.9679
116.303 39.968
116.303 39.968
116.303 39.9681
116.303 39.9681
116.303 39.968
116.303 39.968
116.303 39.9679
116.303 39.9679
116.303 39.9678
116.302 39.9677
116.302 39.9674
116.302 39.9672
116.301 39.9669
116.301 39.967
116.301 39.967
116.301 39.967
116.304 39.9677
116.304 39.9676
116.304 39.9675
116.304 39.9675
116.304 39.9674
116.304 39.9673
116.304 39.9673
116.304 39.9672
116.304 39.9672
116.304 39.9673
116.304 39.9673
116.304 39.9673
116.304 39.9673
116.304 39.9674
116.304 39.9674
116.304 39.9674
116.304 39.9674
116.304 39.9674
116.304 39.9674
116.304 39.9675
116.305 39.9675
116.305 39.9674
116.305 39.9674
116.305 39.9674
116.305 39.9675
116.305 39.9675
116.305 39.9675
116.305 39.9675
116.305 39.9675
116.305 39.9675
116.305 39.9675
116.306 39.9675
116.306 39.9674
116.306 39.9674
116.306 39.9674
116.306 39.9674
116.306 39.9674
116.306 39.9674
116.306 39.9674
116.306 39.9674
116.306 39.9674
116.306 39.9675
116.307 39.9675
116.307 39.9674
116.307 39.9674
116.307 39.9673
116.307 39.9672
116.307 39.9672
116.307 39.9671
116.307 39.967
116.307 39.967
116.307 39.967
116.307 39.967
116.307 39.967
116.307 39.967
116.307 39.9671
116.307 39.9671
116.308 39.9671
116.308 39.9671
116.308 39.9671
116.308 39.9671
116.308 39.9671
116.308 39.9671
116.308 39.967
116.308 39.967
116.308 39.9669
116.308 39.9669
116.308 39.9669
116.308 39.9669
116.308 39.9669
116.308 39.967
116.308 39.967
116.308 39.9671
116.308 39.9671
116.308 39.9672
116.308 39.9672
116.308 39.9672
116.308 39.9672
116.308 39.9672
116.308 39.9671
116.308 39.967
116.308 39.967
116.308 39.967
116.308 39.9669
116.308 39.9669
116.308 39.9669
116.308 39.9667
116.308 39.9663
116.308 39.966
116.308 39.9659
116.308 39.9657
116.308 39.9657
116.308 39.9656
116.308 39.9657
116.308 39.9658
116.308 39.9658
116.308 39.9661
116.308 39.9663
116.308 39.9663
116.308 39.9665
116.308 39.9665
116.308 39.9665
116.308 39.9665
116.308 39.9668
116.308 39.967
116.308 39.9671
116.308 39.9672
116.308 39.9673
116.308 39.9671
116.308 39.9669
116.308 39.9668
116.308 39.9667
116.308 39.9666
116.308 39.9665
116.308 39.9665
116.308 39.9665
116.308 39.9665
116.308 39.9666
116.308 39.9667
116.308 39.9667
116.308 39.9668
116.308 39.9668
116.308 39.9669
116.308 39.9669
116.308 39.967
116.308 39.9674
116.308 39.9674
116.308 39.9674
116.308 39.9673
116.308 39.9671
116.308 39.9669
116.308 39.9668
116.308 39.9668
116.308 39.9669
116.308 39.9669
116.308 39.9669
116.308 39.9669
116.308 39.9669
116.308 39.9669
116.308 39.9669
116.308 39.9669
116.308 39.967
116.308 39.967
116.308 39.9671
116.308 39.9671
116.308 39.9671
116.308 39.9671
116.308 39.9671
116.308 39.9671
116.308 39.9671
116.308 39.9671
116.308 39.9671
116.308 39.9671
116.308 39.9671
116.308 39.9671
116.308 39.9671
116.308 39.9671
116.308 39.9671
116.308 39.9671
116.308 39.9671
116.308 39.9671
116.308 39.9671
116.308 39.9671
116.308 39.9671
116.308 39.9671
116.308 39.9671
116.308 39.9671
116.308 39.9671
116.308 39.9671
116.308 39.9671
116.308 39.9671
116.308 39.9671
116.308 39.967
116.308 39.967
116.308 39.967
116.308 39.967
116.308 39.967
116.308 39.967
116.308 39.967
116.308 39.9671
116.308 39.9672
116.308 39.9672
116.308 39.9673
116.308 39.9673
116.308 39.9672
116.308 39.9672
116.308 39.9672
116.308 39.9672
116.308 39.9671
116.308 39.9671
116.308 39.9671
116.308 39.9672
116.308 39.9672
116.308 39.9672
116.308 39.9672
116.308 39.9673
116.308 39.9673
116.308 39.9673
116.308 39.9673
116.308 39.9673
116.308 39.9673
116.308 39.9672
116.308 39.9672
116.308 39.9672
116.308 39.9671
116.308 39.9671
116.308 39.967
116.308 39.967
116.308 39.9669
116.308 39.967
116.308 39.9671
116.308 39.9672
116.308 39.9672
116.308 39.9672
116.308 39.9672
116.308 39.9671
116.308 39.9671
116.308 39.9671
116.308 39.9671
116.308 39.9671
116.308 39.967
116.308 39.967
116.308 39.967
116.308 39.9671
116.308 39.9671
116.308 39.9671
116.308 39.9671
116.308 39.9671
116.308 39.9671
116.308 39.9671
116.308 39.9671
116.308 39.9671
116.308 39.9672
116.308 39.9671
116.308 39.9671
116.308 39.9671
116.308 39.9672
116.308 39.9672
116.308 39.9672
116.308 39.9672
116.308 39.9671
116.308 39.9671
116.308 39.967
116.308 39.967
116.308 39.967
116.308 39.967
116.308 39.967
116.308 39.967
116.308 39.967
116.308 39.967
116.308 39.967
116.308 39.967
116.308 39.967
116.308 39.967
116.308 39.967
116.308 39.967
116.308 39.967
116.308 39.967
116.308 39.9671
116.308 39.967
116.308 39.967
116.308 39.9669
116.308 39.9672
116.308 39.9672
116.308 39.9672
116.308 39.9672
116.308 39.9672
116.308 39.9672
116.308 39.9672
116.308 39.9672
116.308 39.9672
116.308 39.9671
116.308 39.9671
116.308 39.9671
116.308 39.9671
116.308 39.9671
116.308 39.9671
116.308 39.9671
116.308 39.9671
116.308 39.967
116.308 39.967
116.308 39.967
116.308 39.9671
116.308 39.9672
116.308 39.9671
116.308 39.9671
116.308 39.9671
116.308 39.9671
116.308 39.9671
116.308 39.9671
116.308 39.9671
116.308 39.9671
116.308 39.9671
116.308 39.9671
116.308 39.9671
116.308 39.9671
116.308 39.9671
116.308 39.9671
116.308 39.9671
116.308 39.9671
116.308 39.9671
116.308 39.9671
116.308 39.9671
116.308 39.9671
116.308 39.9671
116.308 39.9671
116.308 39.9671
116.308 39.9671
116.308 39.9671
116.308 39.9671
116.308 39.9672
116.308 39.9672
116.308 39.9672
116.308 39.9672
116.308 39.9672
116.308 39.9672
116.308 39.9672
116.308 39.9672
116.308 39.9672
116.308 39.9671
116.308 39.9671
116.308 39.9671
116.308 39.9671
116.308 39.9671
116.308 39.9671
116.308 39.9671
116.308 39.9671
116.308 39.9671
116.308 39.9671
116.307 39.9671
116.307 39.9671
116.307 39.967
116.307 39.9669
116.307 39.9669
116.307 39.9669
116.307 39.9669
116.307 39.9669
116.307 39.9669
116.307 39.9669
116.307 39.9669
116.307 39.9669
116.307 39.9669
116.307 39.9669
116.307 39.967
116.307 39.9671
116.307 39.9672
116.307 39.9673
116.307 39.9673
116.307 39.9674
116.307 39.9674
116.307 39.9675
116.307 39.9675
116.307 39.9675
116.307 39.9675
116.306 39.9675
116.306 39.9675
116.306 39.9675
116.306 39.9675
116.306 39.9675
116.306 39.9674
116.306 39.9674
116.306 39.9674
116.306 39.9674
116.306 39.9674
116.305 39.9674
116.305 39.9674
116.305 39.9674
116.305 39.9675
116.305 39.9675
116.305 39.9676
116.305 39.9676
116.305 39.9676
116.305 39.9676
116.305 39.9675
116.305 39.9674
116.305 39.9674
116.305 39.9674
116.305 39.9674
116.305 39.9674
116.305 39.9674
116.304 39.9674
116.304 39.9674
116.304 39.9673
116.304 39.9673
116.304 39.9673
116.304 39.9672
116.304 39.9672
116.304 39.9671
116.304 39.9671
116.304 39.9671
116.303 39.9673
116.303 39.9673
116.303 39.9673
116.303 39.9673
116.303 39.9673
116.303 39.9673
116.303 39.9674
116.303 39.9675
116.303 39.9676
116.303 39.9675
116.303 39.9676
116.303 39.9676
116.303 39.9676
116.303 39.9677
116.303 39.9677
116.303 39.9677
116.303 39.9677
116.303 39.9677
116.303 39.9677
116.303 39.9677
116.303 39.9676
116.303 39.9676
116.303 39.9676
116.303 39.9676
116.303 39.9677
116.303 39.9677
116.303 39.9678
116.303 39.9678
116.303 39.9678
116.302 39.9676
116.302 39.9676
116.302 39.9678
116.302 39.9678
116.302 39.9678
116.302 39.9678
116.302 39.9678
116.302 39.9678
116.302 39.9678
116.302 39.9678
116.302 39.9678
116.302 39.9678
116.302 39.9678
116.302 39.9679
116.303 39.9678
116.303 39.9679
116.303 39.968
116.303 39.968
116.303 39.9679
116.303 39.9679
116.303 39.9679
116.303 39.9679
116.303 39.9679
116.303 39.9679
116.303 39.9679
116.303 39.9679
116.303 39.9679
116.303 39.9679
116.303 39.9679
116.303 39.9679
116.303 39.9679
116.303 39.9679
116.303 39.9679
116.303 39.9679
116.303 39.9679
116.303 39.9679
116.303 39.9679
116.303 39.9681
116.303 39.9682
116.303 39.9684
116.303 39.9685
116.303 39.9685
116.302 39.9685
116.302 39.9685
116.302 39.9684
116.302 39.9684
116.302 39.9685
116.302 39.9686
116.302 39.9687
116.302 39.9687
116.303 39.9687
116.303 39.9688
116.303 39.9688
116.302 39.9689
116.302 39.9688
116.302 39.9688
116.302 39.9688
116.302 39.9688
116.302 39.9688
116.302 39.9688
116.302 39.9688
116.302 39.9688
116.302 39.9689
116.302 39.9689
116.302 39.9689
116.302 39.9688
116.302 39.9688
116.302 39.9688
116.302 39.9688
116.302 39.9689
116.302 39.9689
116.302 39.969
116.302 39.969
116.302 39.9689
116.302 39.9689
116.302 39.9689
116.302 39.969
116.302 39.969
116.302 39.9691
116.302 39.9691
116.302 39.9691
116.302 39.9691
116.302 39.9691
116.302 39.9692
116.302 39.9692
116.302 39.9691
116.302 39.9691
116.302 39.9691
116.302 39.9691
116.302 39.9691
116.302 39.9691
116.302 39.969
116.302 39.969
116.302 39.9689
116.302 39.9688
116.302 39.9688
116.302 39.9687
116.302 39.9686
116.302 39.9685
116.302 39.9685
116.302 39.9686
116.302 39.9686
116.302 39.9686
116.302 39.9687
116.302 39.9687
116.302 39.9687
116.302 39.9687
116.302 39.9687
116.302 39.9687
116.302 39.9687
116.302 39.9687
116.303 39.9687
116.303 39.9689
116.303 39.969
116.302 39.969
116.302 39.969
116.302 39.969
116.302 39.969
116.302 39.969
116.302 39.969
116.303 39.969
116.303 39.969
116.303 39.969
116.303 39.9691
116.303 39.9691
116.303 39.9691
116.303 39.9691
116.303 39.9691
116.303 39.9691
116.303 39.9691
116.303 39.9691
116.303 39.9691
116.303 39.9691
116.303 39.9691
116.303 39.9691
116.303 39.969
116.303 39.969
116.303 39.969
116.303 39.969
116.303 39.969
116.303 39.969
116.303 39.969
116.303 39.969
116.303 39.969
116.303 39.9689
116.303 39.9688
116.303 39.9689
116.303 39.9689
116.303 39.9689
116.303 39.9689
116.303 39.9689
116.303 39.969
116.303 39.9689
116.303 39.9689
116.303 39.9689
116.303 39.9689
116.303 39.9689
116.303 39.9689
116.303 39.9689
116.303 39.9689
116.303 39.9689
116.302 39.969
116.302 39.969
116.302 39.969
116.302 39.9689
116.302 39.9689
116.302 39.9688
116.302 39.9688
116.302 39.9689
116.302 39.9689
116.302 39.9689
116.303 39.9689
116.303 39.9688
116.303 39.9689
116.302 39.969
116.302 39.9691
116.302 39.9691
116.302 39.9691
116.302 39.9691
116.303 39.9691
116.302 39.969
116.302 39.969
116.302 39.9691
116.302 39.969
116.302 39.969
116.302 39.9689
116.302 39.9688
116.302 39.9688
116.302 39.9687
116.302 39.9687
116.302 39.9687
116.302 39.9687
116.302 39.9687
116.302 39.9688
116.302 39.9689
116.302 39.969
116.302 39.969
116.302 39.969
116.302 39.9691
116.302 39.969
116.302 39.9689
116.302 39.9689
116.302 39.9689
116.302 39.9689
116.302 39.9689
116.302 39.9689
116.302 39.9689
116.302 39.9689
116.302 39.9689
116.302 39.9689
116.302 39.9689
116.302 39.9689
116.302 39.969
116.302 39.969
116.302 39.969
116.302 39.969
116.302 39.969
116.302 39.9689
116.302 39.9689
116.302 39.9689
116.302 39.9689
116.302 39.9689
116.302 39.9689
116.302 39.969
116.302 39.969
116.302 39.969
116.302 39.969
116.302 39.969
116.302 39.969
116.302 39.969
116.302 39.9689
116.302 39.9689
116.302 39.9689
116.302 39.9689
116.302 39.9689
116.302 39.9689
116.302 39.969
116.302 39.9689
116.302 39.9689
116.302 39.969
116.302 39.969
116.302 39.969
116.302 39.9691
116.302 39.969
116.302 39.9691
116.303 39.9691
116.303 39.9691
116.303 39.9691
116.303 39.9691
116.303 39.969
116.303 39.9689
116.303 39.9689
116.303 39.9689
116.303 39.9689
116.302 39.9689
116.303 39.969
116.303 39.9691
116.303 39.9691
116.302 39.9691
116.302 39.9691
116.302 39.9691
116.302 39.9692
116.302 39.9692
116.303 39.9692
116.303 39.9692
116.303 39.9691
116.303 39.969
116.303 39.9687
116.303 39.9685
116.303 39.9683
116.303 39.9686
116.303 39.9686
116.303 39.9686
116.303 39.9686
116.303 39.9686
116.303 39.9686
116.303 39.9686
116.303 39.9688
116.303 39.9689
116.302 39.9689
116.302 39.969
116.302 39.969
116.302 39.9689
116.302 39.969
116.302 39.969
116.302 39.969
116.302 39.969
116.302 39.969
116.302 39.969
116.303 39.969
116.303 39.969
116.303 39.9691
116.303 39.9691
116.303 39.9691
116.303 39.9691
116.303 39.9692
116.303 39.9692
116.303 39.9692
116.303 39.9692
116.303 39.9692
116.303 39.9692
116.303 39.9692
116.303 39.9692
116.303 39.9692
116.302 39.9692
116.302 39.9692
116.302 39.9691
116.302 39.9691
116.302 39.9691
116.302 39.9691
116.302 39.9691
116.302 39.9692
116.302 39.9692
116.302 39.9692
116.302 39.9691
116.302 39.9691
116.302 39.9691
116.302 39.9691
116.302 39.9691
116.302 39.9691
116.302 39.969
116.302 39.969
116.302 39.969
116.302 39.969
116.302 39.969
116.302 39.969
116.302 39.969
116.302 39.969
116.302 39.969
116.302 39.9689
116.302 39.9689
116.302 39.9689
116.302 39.969
116.302 39.969
116.302 39.969
116.302 39.969
116.302 39.969
116.302 39.969
116.302 39.969
116.302 39.969
116.302 39.969
116.302 39.969
116.302 39.969
116.302 39.969
116.302 39.969
116.302 39.969
116.302 39.969
116.302 39.969
116.302 39.969
116.302 39.969
116.302 39.969
116.302 39.969
116.302 39.969
116.302 39.969
116.302 39.969
116.303 39.969
116.303 39.969
116.302 39.969
116.302 39.9691
116.302 39.9691
116.302 39.9691
116.302 39.9691
116.302 39.9691
116.302 39.9691
116.303 39.9691
116.303 39.969
116.303 39.969
116.303 39.969
116.302 39.969
116.302 39.9691
116.302 39.9692
116.302 39.9692
116.302 39.9693
116.302 39.9693
116.302 39.9693
116.302 39.9693
116.302 39.9693
116.302 39.9693
116.302 39.9692
116.302 39.9693
116.302 39.9693
116.302 39.9693
116.302 39.9692
116.302 39.9692
116.302 39.9692
116.302 39.9691
116.302 39.9691
116.302 39.9691
116.302 39.9692
116.302 39.9693
116.303 39.9693
116.303 39.9693
116.303 39.9693
116.303 39.9693
116.303 39.9691
116.302 39.9691
116.302 39.9691
116.302 39.9691
116.302 39.9691
116.302 39.9691
116.302 39.9692
116.302 39.9693
116.302 39.9693
116.302 39.9693
116.302 39.9693
116.302 39.9693
116.302 39.9693
116.302 39.9693
116.302 39.9693
116.302 39.9693
116.302 39.9693
116.302 39.9693
116.302 39.9692
116.302 39.9692
116.302 39.9692
116.302 39.9692
116.302 39.9692
116.302 39.9691
116.302 39.9691
116.302 39.9691
116.302 39.9691
116.302 39.9691
116.302 39.9692
116.302 39.9692
116.302 39.9692
116.302 39.9692
116.302 39.9692
116.302 39.9692
116.302 39.9691
116.302 39.9691
116.302 39.9691
116.302 39.9691
116.302 39.9691
116.302 39.9691
116.302 39.9691
116.302 39.9691
116.302 39.9691
116.302 39.9691
116.302 39.9691
116.302 39.9691
116.302 39.9691
116.302 39.9691
116.302 39.9691
116.302 39.9691
116.302 39.9691
116.302 39.9691
116.302 39.9691
116.302 39.9691
116.302 39.9691
116.302 39.9691
116.302 39.9691
116.302 39.9692
116.302 39.9692
116.302 39.9692
116.302 39.9692
116.302 39.9692
116.302 39.9692
116.302 39.9692
116.302 39.9692
116.302 39.9691
116.302 39.9691
116.302 39.9691
116.302 39.9691
116.302 39.9691
116.302 39.9691
116.302 39.9691
116.302 39.9691
116.302 39.9691
116.302 39.9691
116.302 39.9691
116.302 39.9691
116.302 39.9691
116.302 39.9691
116.302 39.9691
116.302 39.9691
116.302 39.9691
116.302 39.9691
116.302 39.9691
116.302 39.9691
116.302 39.9691
116.302 39.9691
116.302 39.9691
116.302 39.9691
116.302 39.9691
116.302 39.9691
116.302 39.9691
116.302 39.9691
116.302 39.9691
116.302 39.9691
116.302 39.969
116.302 39.969
116.302 39.969
116.302 39.969
116.303 39.969
116.303 39.9689
116.303 39.9689
116.303 39.9689
116.303 39.9689
116.303 39.9689
116.303 39.9689
116.303 39.9689
116.303 39.9689
116.303 39.9689
116.302 39.9688
116.302 39.9688
116.302 39.9688
116.302 39.9688
116.302 39.9688
116.302 39.9688
116.302 39.9688
116.302 39.9688
116.302 39.9688
116.302 39.9688
116.302 39.9687
116.302 39.9688
116.302 39.9688
116.302 39.9689
116.302 39.969
116.302 39.9691
116.302 39.9691
116.302 39.9691
116.302 39.9691
116.302 39.9691
116.303 39.969
116.303 39.9689
116.302 39.9689
116.302 39.9689
116.302 39.9689
116.302 39.9689
116.302 39.9689
116.302 39.9689
116.302 39.9689
116.302 39.9689
116.302 39.9689
116.302 39.9689
116.302 39.9689
116.302 39.9689
116.302 39.9689
116.302 39.9689
116.302 39.9689
116.302 39.9689
116.302 39.969
116.302 39.969
116.302 39.969
116.302 39.9691
116.302 39.9691
116.302 39.9691
116.302 39.9691
116.302 39.9691
116.302 39.9691
116.302 39.9691
116.302 39.9691
116.302 39.9691
116.302 39.9691
116.302 39.9691
116.302 39.9691
116.302 39.9691
116.302 39.9692
116.302 39.9692
116.302 39.9692
116.302 39.9692
116.302 39.9691
116.302 39.9691
116.302 39.9691
116.302 39.9691
116.302 39.9691
116.302 39.9691
116.302 39.9691
116.302 39.9691
116.302 39.969
116.302 39.969
116.302 39.969
116.302 39.969
116.302 39.969
116.302 39.969
116.302 39.969
116.302 39.969
116.302 39.969
116.302 39.969
116.302 39.969
116.302 39.969
116.302 39.969
116.302 39.969
116.302 39.969
116.302 39.969
116.302 39.969
116.302 39.9691
116.302 39.9691
116.302 39.9691
116.302 39.9692
116.302 39.969
116.302 39.969
116.302 39.969
116.302 39.969
116.302 39.969
116.302 39.969
116.302 39.969
116.302 39.969
116.302 39.969
116.302 39.969
116.302 39.969
116.302 39.969
116.302 39.969
116.302 39.969
116.302 39.969
116.302 39.969
116.302 39.969
116.302 39.9691
116.302 39.969
116.302 39.969
116.302 39.969
116.302 39.969
116.302 39.969
116.302 39.969
116.302 39.969
116.302 39.969
116.302 39.969
116.303 39.969
116.303 39.969
116.303 39.969
116.303 39.969
116.303 39.969
116.303 39.969
116.303 39.969
116.303 39.969
116.303 39.9689
116.302 39.9689
116.302 39.9689
116.302 39.9689
116.302 39.9689
116.302 39.9689
116.302 39.9689
116.302 39.9689
116.302 39.9689
116.302 39.9689
116.302 39.9689
116.302 39.9689
116.302 39.9689
116.302 39.9689
116.302 39.9689
116.302 39.9689
116.302 39.9689
116.302 39.969
116.304 39.9689
116.303 39.9689
116.302 39.9689
116.302 39.9731
116.302 39.969
116.302 39.969
116.302 39.969
116.302 39.969
116.302 39.969
116.302 39.969
116.302 39.9689
116.302 39.9689
116.302 39.9689
116.302 39.9688
116.302 39.9688
116.302 39.9687
116.302 39.9686
116.302 39.9687
116.302 39.9687
116.302 39.9687
116.302 39.9689
116.302 39.9688
116.302 39.9688
116.303 39.9689
116.303 39.9689
116.303 39.9688
116.302 39.9688
116.302 39.9689
116.302 39.9689
116.302 39.9689
116.302 39.969
116.302 39.969
116.302 39.969
116.302 39.969
116.302 39.9689
116.303 39.9688
116.303 39.9687
116.303 39.9687
116.303 39.9686
116.303 39.9686
116.302 39.9685
116.302 39.9685
116.302 39.9685
116.302 39.9686
116.302 39.9686
116.302 39.9686
116.302 39.9686
116.302 39.9686
116.302 39.9686
116.302 39.9686
116.302 39.9687
116.302 39.9688
116.302 39.9688
116.302 39.9688
116.302 39.9688
116.302 39.9688
116.302 39.9689
116.302 39.9689
116.303 39.9689
116.303 39.9689
116.303 39.969
116.302 39.969
116.302 39.9691
116.302 39.9692
116.302 39.9692
116.302 39.9691
116.302 39.9691
116.302 39.9691
116.302 39.9691
116.302 39.9693
116.302 39.9692
116.302 39.9691
116.302 39.9691
116.302 39.9691
116.302 39.9691
116.302 39.969
116.302 39.9689
116.302 39.9688
116.302 39.9687
116.303 39.9686
116.303 39.9686
116.303 39.9685
116.302 39.9683
116.302 39.9684
116.302 39.9684
116.303 39.9684
116.302 39.9684
116.302 39.9684
116.303 39.9683
116.303 39.9682
116.303 39.9682
116.303 39.968
116.303 39.9678
116.303 39.9677
116.303 39.9677
116.303 39.9677
116.303 39.9677
116.303 39.9676
116.303 39.9677
116.303 39.9678
116.303 39.9678
116.303 39.9678
116.303 39.9678
116.303 39.9678
116.303 39.9678
116.303 39.9678
116.303 39.9678
116.303 39.9678
116.303 39.9678
116.303 39.9678
116.303 39.9679
116.303 39.9679
116.303 39.9678
116.303 39.9681
116.303 39.9683
116.302 39.9686
116.302 39.9688
116.302 39.9689
116.302 39.9688
116.302 39.9688
116.302 39.9688
116.302 39.9688
116.302 39.9687
116.302 39.9687
116.302 39.9687
116.302 39.9687
116.303 39.9687
116.303 39.9687
116.303 39.9686
116.303 39.9686
116.303 39.9686
116.303 39.9685
116.303 39.9684
116.303 39.9684
116.303 39.9683
116.303 39.9683
116.303 39.9682
116.303 39.967
116.301 39.9694
116.301 39.9692
116.301 39.9691
116.301 39.9691
116.301 39.9693
116.303 39.9675
116.303 39.9675
116.303 39.9675
116.303 39.9675
116.303 39.9676
116.303 39.9675
116.303 39.9675
116.303 39.9676
116.303 39.9676
116.303 39.9676
116.303 39.9676
116.303 39.9676
116.303 39.9676
116.303 39.9676
116.303 39.9676
116.303 39.9676
116.303 39.9676
116.303 39.9675
116.303 39.9675
116.303 39.9675
116.303 39.9675
116.303 39.9675
116.303 39.9676
116.303 39.9676
116.303 39.9676
116.303 39.9676
116.303 39.9676
116.303 39.9677
116.303 39.9677
116.303 39.9678
116.303 39.9678
116.303 39.9678
116.303 39.9677
116.303 39.9677
116.303 39.9677
116.303 39.9677
116.303 39.9677
116.303 39.9677
116.303 39.9677
116.303 39.9676
116.303 39.9675
116.303 39.9675
116.303 39.9676
116.303 39.9676
116.303 39.9676
116.303 39.9676
116.303 39.9676
116.303 39.9675
116.303 39.9675
116.303 39.9675
116.303 39.9675
116.303 39.9677
116.303 39.9677
116.301 39.9679
116.301 39.9679
116.301 39.9679
116.301 39.9679
116.301 39.9679
116.301 39.9679
116.303 39.9676
116.303 39.9678
116.298 39.9726
116.298 39.9726
116.298 39.9726
116.303 39.9675
116.303 39.9675
116.303 39.9674
116.303 39.9675
116.303 39.9676
116.303 39.9676
116.303 39.9676
116.303 39.9676
116.303 39.9677
116.303 39.9677
116.303 39.9676
116.303 39.9676
116.303 39.9676
116.303 39.9675
116.303 39.9675
116.303 39.9674
116.303 39.9674
116.303 39.9674
116.303 39.9673
116.303 39.9673
116.303 39.9672
116.303 39.9672
116.303 39.9672
116.303 39.9672
116.303 39.9673
116.303 39.9672
116.303 39.9672
116.303 39.9672
116.303 39.9672
116.303 39.9672
116.303 39.9673
116.303 39.9673
116.303 39.9673
116.303 39.9673
116.303 39.9672
116.303 39.9673
116.303 39.9673
116.303 39.9673
116.303 39.9673
116.303 39.9673
116.303 39.9673
116.303 39.9673
116.303 39.9673
116.303 39.9673
116.303 39.9673
116.303 39.9674
116.303 39.9674
116.303 39.9673
116.303 39.9673
116.303 39.9673
116.303 39.9673
116.303 39.9673
116.303 39.9673
116.303 39.9673
116.303 39.9674
116.303 39.9675
116.303 39.9675
116.303 39.9675
116.303 39.9675
116.303 39.9676
116.303 39.9676
116.303 39.9676
116.303 39.9675
116.303 39.9675
116.303 39.9675
116.303 39.9675
116.303 39.9674
116.303 39.9674
116.303 39.9674
116.303 39.9674
116.303 39.9674
116.303 39.9674
116.303 39.9673
116.303 39.9673
116.303 39.9674
116.303 39.9674
116.303 39.9674
116.303 39.9674
116.303 39.9674
116.303 39.9674
116.303 39.9674
116.303 39.9674
116.303 39.9673
116.303 39.9673
116.303 39.9672
116.303 39.9671
116.303 39.9672
116.303 39.9672
116.303 39.9672
116.303 39.9672
116.303 39.9672
116.303 39.9672
116.303 39.9672
116.303 39.9672
116.303 39.9672
116.303 39.9672
116.303 39.9672
116.303 39.9672
116.303 39.9672
116.303 39.9672
116.303 39.9672
116.303 39.9671
116.303 39.9671
116.303 39.9671
116.303 39.9671
116.303 39.9671
116.303 39.9671
116.303 39.9671
116.299 39.9724
116.299 39.9718
116.3 39.9714
116.303 39.9675
116.303 39.9674
116.303 39.9673
116.303 39.9672
116.303 39.9672
116.303 39.9673
116.303 39.9675
116.303 39.9679
116.302 39.9681
116.302 39.9682
116.302 39.9682
116.302 39.9682
116.302 39.9683
116.302 39.9683
116.302 39.9683
116.302 39.9683
116.302 39.9683
116.302 39.9683
116.302 39.9684
116.302 39.9684
116.302 39.9684
116.302 39.9684
116.302 39.9684
116.302 39.9683
116.302 39.9683
116.302 39.9684
116.302 39.9684
116.302 39.9683
116.302 39.9681
116.302 39.9679
116.302 39.9677
116.303 39.9677
116.303 39.9677
116.303 39.9678
116.303 39.9678
116.303 39.9678
116.303 39.9678
116.303 39.968
116.302 39.9683
116.302 39.9683
116.302 39.9683
116.302 39.9684
116.302 39.9684
116.302 39.9684
116.302 39.9683
116.302 39.9683
116.302 39.9683
116.302 39.9683
116.302 39.9683
116.302 39.9684
116.302 39.9684
116.302 39.9683
116.302 39.9684
116.302 39.9683
116.302 39.9683
116.302 39.9684
116.302 39.9684
116.302 39.9684
116.302 39.9684
116.302 39.9685
116.303 39.9685
116.303 39.9685
116.301 39.9676
116.301 39.9677
116.301 39.9678
116.301 39.9678
116.302 39.9677
116.302 39.9677
116.302 39.9677
116.302 39.9677
116.302 39.9676
116.302 39.9676
116.303 39.9677
116.303 39.9678
116.303 39.9678
116.303 39.9678
116.303 39.9679
116.303 39.9679
116.303 39.9679
116.303 39.9678
116.303 39.9678
116.303 39.9679
116.303 39.968
116.303 39.9681
116.303 39.9681
116.303 39.9681
116.303 39.9681
116.303 39.9682
116.303 39.9682
116.303 39.9682
116.303 39.9681
116.303 39.9681
116.303 39.968
116.303 39.968
116.303 39.968
116.303 39.968
116.303 39.968
116.303 39.968
116.303 39.968
116.303 39.968
116.303 39.968
116.303 39.9679
116.303 39.968
116.303 39.968
116.303 39.968
116.303 39.968
116.303 39.968
116.303 39.968
116.303 39.968
116.303 39.968
116.303 39.968
116.303 39.968
116.303 39.968
116.303 39.968
116.303 39.9681
116.303 39.9679
116.303 39.9678
116.303 39.9677
116.303 39.9677
116.303 39.9677
116.303 39.9677
116.303 39.9677
116.303 39.9678
116.303 39.9678
116.303 39.9679
116.303 39.9679
116.303 39.968
116.303 39.9681
116.303 39.9681
116.303 39.9681
116.303 39.9681
116.303 39.9681
116.303 39.9681
116.303 39.9681
116.303 39.9681
116.303 39.9681
116.303 39.968
116.303 39.9681
116.303 39.9681
116.303 39.9682
116.303 39.9682
116.303 39.9681
116.303 39.968
116.303 39.968
116.303 39.9681
116.302 39.9682
116.302 39.9681
116.302 39.9681
116.302 39.968
116.303 39.9679
116.303 39.9679
116.303 39.9678
116.303 39.9678
116.303 39.9677
116.303 39.9677
116.303 39.9677
116.303 39.9677
116.303 39.9677
116.303 39.9676
116.303 39.9675
116.303 39.9674
116.303 39.9674
116.303 39.9675
116.303 39.9675
116.303 39.9675
116.303 39.9675
116.303 39.9674
116.303 39.9673
116.303 39.9673
116.303 39.9672
116.302 39.9679
116.302 39.968
116.302 39.9679
116.303 39.9689
116.303 39.9689
116.303 39.9687
116.303 39.9687
116.303 39.9687
116.302 39.9685
116.302 39.9685
116.302 39.9684
116.302 39.9683
116.302 39.9683
116.302 39.9682
116.302 39.9681
116.303 39.968
116.303 39.9679
116.303 39.9678
116.303 39.9678
116.303 39.9678
116.303 39.9678
116.303 39.9678
116.303 39.9678
116.303 39.9678
116.302 39.9678
116.302 39.9677
116.302 39.9677
116.302 39.9677
116.302 39.9677
116.302 39.9677
116.302 39.9677
116.302 39.9678
116.302 39.9678
116.302 39.9678
116.302 39.9678
116.302 39.9678
116.302 39.9679
116.302 39.968
116.302 39.968
116.302 39.9681
116.302 39.9681
116.302 39.968
116.302 39.968
116.302 39.9681
116.302 39.9681
116.302 39.9681
116.302 39.968
116.302 39.968
116.302 39.968
116.302 39.9679
116.302 39.968
116.302 39.968
116.302 39.968
116.302 39.968
116.302 39.968
116.302 39.968
116.302 39.968
116.302 39.968
116.302 39.968
116.302 39.968
116.302 39.968
116.302 39.968
116.302 39.968
116.302 39.968
116.302 39.968
116.302 39.968
116.302 39.968
116.302 39.968
116.302 39.968
116.302 39.968
116.302 39.968
116.302 39.968
116.302 39.9681
116.302 39.9681
116.302 39.968
116.302 39.9679
116.303 39.9679
116.303 39.9678
116.303 39.9679
116.303 39.9678
116.303 39.9678
116.303 39.9677
116.303 39.9675
116.303 39.9673
116.301 39.967
116.301 39.9684
116.301 39.9684
116.301 39.9683
116.301 39.9682
116.301 39.9682
116.301 39.9682
116.302 39.9682
116.302 39.9682
116.302 39.9681
116.302 39.9681
116.302 39.9681
116.302 39.9681
116.302 39.9681
116.302 39.9682
116.302 39.968
116.302 39.968
116.302 39.968
116.302 39.968
116.302 39.9679
116.302 39.968
116.302 39.9679
116.302 39.9681
116.302 39.9682
116.304 39.9666
116.303 39.9679
116.303 39.9681
116.303 39.968
116.303 39.9678
116.303 39.9675
116.303 39.9677
116.303 39.9683
116.302 39.9687
116.302 39.9686
116.302 39.9685
116.302 39.9684
116.302 39.9684
116.302 39.9685
116.302 39.9685
116.302 39.9685
116.302 39.9685
116.302 39.9684
116.302 39.9684
116.302 39.9684
116.302 39.9684
116.302 39.9684
116.302 39.9684
116.302 39.9683
116.302 39.9684
116.302 39.9683
116.302 39.9683
116.302 39.9681
116.303 39.9674
116.303 39.9669
116.304 39.9666
116.304 39.9663
116.304 39.966
116.304 39.9658
116.305 39.9656
116.305 39.9653
116.305 39.9649
116.305 39.9646
116.306 39.9644
116.306 39.9644
116.305 39.9655
116.305 39.9655
116.305 39.9655
116.305 39.9655
116.305 39.9654
116.305 39.9654
116.305 39.9654
116.305 39.9653
116.305 39.9653
116.305 39.9653
116.305 39.9653
116.305 39.9653
116.305 39.9653
116.305 39.9653
116.305 39.9652
116.305 39.9653
116.305 39.9653
116.305 39.9653
116.305 39.9653
116.305 39.9653
116.305 39.9653
116.305 39.9653
116.305 39.9653
116.305 39.9653
116.304 39.9657
116.304 39.9657
116.304 39.9657
116.305 39.9657
116.305 39.9657
116.305 39.9657
116.305 39.9657
116.305 39.9657
116.305 39.9657
116.305 39.9657
116.305 39.9657
116.305 39.9657
116.305 39.9657
116.304 39.9671
116.302 39.9682
116.302 39.9681
116.302 39.9681
116.302 39.9681
116.302 39.9681
116.302 39.9681
116.302 39.9681
116.302 39.9681
116.302 39.9681
116.302 39.9681
116.302 39.9681
116.302 39.9681
116.302 39.968
116.302 39.968
116.302 39.9681
116.302 39.968
116.302 39.968
116.302 39.9681
116.302 39.9681
116.302 39.9681
116.302 39.9681
116.302 39.968
116.302 39.968
116.302 39.968
116.302 39.968
116.302 39.968
116.302 39.968
116.302 39.968
116.302 39.9681
116.303 39.9681
116.303 39.9681
116.303 39.968
116.303 39.9679
116.303 39.9676
116.303 39.9676
116.303 39.9677
116.303 39.9677
116.303 39.9677
116.303 39.9681
116.303 39.9682
116.303 39.9683
116.303 39.9683
116.303 39.9683
116.303 39.9683
116.303 39.9684
116.303 39.9684
116.303 39.9684
116.303 39.9684
116.303 39.9684
116.303 39.9684
116.303 39.9684
116.303 39.9684
116.303 39.9684
116.303 39.9685
116.303 39.9685
116.303 39.9685
116.303 39.9684
116.303 39.9684
116.303 39.9684
116.303 39.9684
116.303 39.9684
116.303 39.9684
116.303 39.9685
116.303 39.9685
116.302 39.9685
116.302 39.9685
116.302 39.9685
116.302 39.9685
116.302 39.9685
116.302 39.9685
116.302 39.9685
116.302 39.9685
116.302 39.9685
116.302 39.9685
116.302 39.9685
116.303 39.9685
116.303 39.9685
116.303 39.9685
116.303 39.9684
116.303 39.9684
116.303 39.9683
116.303 39.9683
116.303 39.9683
116.303 39.9683
116.303 39.9683
116.303 39.9683
116.303 39.9683
116.303 39.9684
116.302 39.9683
116.302 39.9683
116.302 39.9683
116.302 39.9683
116.302 39.9683
116.302 39.9683
116.302 39.9683
116.302 39.9684
116.302 39.9684
116.302 39.9684
116.302 39.9684
116.302 39.9684
116.302 39.9684
116.302 39.9684
116.302 39.9684
116.302 39.9684
116.302 39.9684
116.302 39.9684
116.302 39.9684
116.302 39.9684
116.302 39.9684
116.302 39.9684
116.302 39.9684
116.302 39.9684
116.302 39.9684
116.302 39.9684
116.302 39.9684
116.302 39.9684
116.302 39.9684
116.302 39.9684
116.302 39.9684
116.302 39.9684
116.302 39.9684
116.302 39.9686
116.302 39.9688
116.302 39.9688
116.302 39.9688
116.302 39.9688
116.302 39.9689
116.303 39.9686
116.303 39.9686
116.303 39.9686
116.303 39.9685
116.303 39.9686
116.303 39.9686
116.303 39.9686
116.303 39.9686
116.303 39.9686
116.303 39.9686
116.304 39.9688
116.305 39.9692
116.305 39.9694
116.306 39.9697
116.306 39.9696
116.305 39.9695
116.305 39.9694
116.305 39.9693
116.304 39.9691
116.304 39.9691
116.304 39.969
116.304 39.9691
116.304 39.969
116.303 39.9688
116.303 39.9686
116.302 39.9684
116.302 39.9682
116.302 39.9682
116.302 39.9682
116.302 39.9682
116.302 39.9682
116.302 39.9681
116.302 39.968
116.302 39.968
116.302 39.968
116.301 39.968
116.301 39.9679
116.301 39.9679
116.301 39.9679
116.301 39.968
116.301 39.968
116.302 39.9681
116.302 39.9682
116.302 39.9682
116.302 39.9682
116.302 39.9683
116.302 39.9683
116.302 39.9684
116.302 39.9684
116.302 39.9685
116.303 39.9685
116.303 39.9685
116.303 39.9685
116.303 39.9685
116.302 39.9685
116.302 39.9685
116.302 39.9685
116.302 39.9684
116.302 39.9684
116.302 39.9684
116.302 39.9684
116.302 39.9684
116.302 39.9684
116.302 39.9684
116.302 39.9684
116.302 39.9684
116.302 39.9684
116.302 39.9684
116.302 39.9684
116.302 39.9684
116.302 39.9684
116.302 39.9683
116.302 39.9683
116.302 39.9683
116.302 39.9684
116.302 39.9684
116.302 39.9684
116.302 39.9683
116.302 39.9682
116.302 39.9682
116.302 39.9682
116.302 39.9682
116.301 39.9682
116.301 39.9682
116.301 39.9681
116.301 39.9681
116.301 39.9681
116.301 39.9682
116.301 39.9683
116.301 39.9683
116.302 39.9684
116.302 39.9684
116.302 39.9684
116.302 39.9684
116.302 39.9684
116.302 39.9684
116.301 39.9683
116.302 39.9684
116.302 39.9683
116.302 39.9682
116.301 39.9682
116.302 39.9682
116.302 39.9682
116.302 39.9683
116.302 39.9683
116.302 39.9683
116.302 39.9684
116.302 39.9684
116.302 39.9684
116.302 39.9684
116.302 39.9684
116.302 39.9684
116.302 39.9684
116.302 39.9683
116.302 39.9684
116.302 39.9684
116.302 39.9683
116.302 39.9683
116.302 39.9684
116.302 39.9684
116.302 39.9684
116.302 39.9684
116.302 39.9684
116.302 39.9685
116.302 39.9686
116.302 39.9686
116.302 39.9685
116.302 39.9685
116.302 39.9685
116.302 39.9685
116.302 39.9685
116.302 39.9685
116.303 39.9685
116.303 39.9685
116.302 39.9685
116.302 39.9685
116.302 39.9685
116.302 39.9685
116.302 39.9685
116.302 39.9685
116.302 39.9685
116.303 39.9686
116.303 39.9686
116.303 39.9686
116.303 39.9686
116.303 39.9687
116.303 39.9687
116.303 39.9687
116.303 39.9687
116.303 39.9687
116.303 39.9687
116.303 39.9686
116.303 39.9686
116.303 39.9687
116.303 39.9687
116.303 39.9687
116.303 39.9687
116.303 39.9688
116.303 39.9688
116.303 39.9688
116.303 39.9689
116.303 39.9689
116.303 39.969
116.303 39.969
116.303 39.9688
116.303 39.9687
116.303 39.9687
116.303 39.9686
116.303 39.9686
116.303 39.9686
116.303 39.9686
116.303 39.9686
116.303 39.9685
116.303 39.9685
116.303 39.9685
116.303 39.9685
116.303 39.9685
116.303 39.9685
116.303 39.9685
116.303 39.9685
116.303 39.9685
116.303 39.9685
116.303 39.9685
116.303 39.9685
116.303 39.9685
116.303 39.9685
116.303 39.9684
116.303 39.9684
116.303 39.9684
116.303 39.9684
116.303 39.9685
116.302 39.9685
116.302 39.9685
116.302 39.9685
116.302 39.9685
116.302 39.9685
116.302 39.9685
116.302 39.9685
116.302 39.9685
116.302 39.9685
116.302 39.9685
116.302 39.9685
116.302 39.9685
116.303 39.9686
116.303 39.9687
116.303 39.9687
116.303 39.9687
116.303 39.9687
116.303 39.9687
116.303 39.9687
116.303 39.9687
116.303 39.9687
116.303 39.9687
116.303 39.9687
116.303 39.9686
116.303 39.9686
116.303 39.9686
116.303 39.9686
116.303 39.9686
116.303 39.9686
116.303 39.9685
116.303 39.9684
116.303 39.9684
116.303 39.9683
116.303 39.9683
116.303 39.9683
116.303 39.9683
116.303 39.9683
116.303 39.9683
116.303 39.9683
116.303 39.9683
116.303 39.9683
116.303 39.9683
116.303 39.9683
116.303 39.9683
116.303 39.9683
116.303 39.9683
116.303 39.9683
116.303 39.9683
116.303 39.9683
116.303 39.9683
116.303 39.9683
116.303 39.9683
116.303 39.9683
116.303 39.9683
116.303 39.9683
116.303 39.9683
116.303 39.9683
116.303 39.9683
116.303 39.9683
116.303 39.9684
116.303 39.9684
116.303 39.9684
116.303 39.9684
116.303 39.9685
116.303 39.9687
116.303 39.9685
116.303 39.9684
116.303 39.9684
116.303 39.9683
116.303 39.9683
116.303 39.9683
116.303 39.9683
116.303 39.9683
116.303 39.9683
116.303 39.9683
116.303 39.9683
116.303 39.9683
116.303 39.9683
116.303 39.9683
116.303 39.9683
116.303 39.9683
116.303 39.9683
116.303 39.9683
116.303 39.9683
116.303 39.9683
116.303 39.9683
116.303 39.9683
116.303 39.9683
116.303 39.9683
116.303 39.9683
116.303 39.9683
116.303 39.9683
116.303 39.9683
116.303 39.9683
116.303 39.9683
116.303 39.9683
116.303 39.9683
116.303 39.9683
116.303 39.9683
116.303 39.9683
116.303 39.9683
116.303 39.9683
116.303 39.9683
116.303 39.9683
116.303 39.9683
116.303 39.9682
116.303 39.9682
116.303 39.9682
116.303 39.9682
116.303 39.9682
116.303 39.9681
116.303 39.9681
116.303 39.968
116.303 39.9679
116.303 39.9679
116.303 39.9679
116.303 39.9679
116.303 39.9679
116.303 39.9679
116.303 39.9679
116.303 39.9678
116.303 39.9678
116.303 39.9677
116.303 39.9677
116.303 39.9677
116.303 39.9677
116.303 39.9677
116.303 39.9677
116.303 39.9678
116.303 39.9679
116.303 39.9679
116.303 39.9679
116.303 39.9679
116.303 39.9679
116.303 39.9679
116.303 39.9679
116.303 39.9679
116.303 39.9679
116.303 39.9679
116.303 39.9679
116.303 39.9679
116.303 39.9679
116.303 39.9679
116.303 39.9679
116.303 39.9678
116.303 39.9678
116.303 39.9678
116.302 39.9679
116.303 39.9679
116.303 39.968
116.303 39.968
116.303 39.968
116.303 39.9681
116.303 39.9679
116.303 39.9676
116.303 39.9674
116.303 39.9673
116.303 39.9672
116.303 39.9672
116.303 39.9673
116.303 39.9673
116.303 39.9673
116.303 39.9673
116.303 39.9673
116.303 39.9673
116.303 39.9673
116.303 39.9673
116.303 39.9673
116.303 39.9673
116.303 39.9673
116.303 39.9673
116.303 39.9673
116.303 39.9673
116.303 39.9674
116.303 39.9674
116.303 39.9674
116.303 39.9674
116.303 39.9674
116.303 39.9674
116.303 39.9674
116.303 39.9674
116.303 39.9674
116.303 39.9674
116.303 39.9674
116.303 39.9674
116.303 39.9674
116.303 39.9674
116.303 39.9674
116.303 39.9674
116.303 39.9674
116.303 39.9674
116.303 39.9674
116.303 39.9674
116.303 39.9674
116.303 39.9674
116.303 39.9674
116.303 39.9674
116.303 39.9674
116.303 39.9674
116.303 39.9674
116.303 39.9674
116.303 39.9674
116.303 39.9674
116.303 39.9674
116.303 39.9675
116.303 39.9677
116.303 39.9678
116.303 39.9678
116.303 39.9678
116.303 39.9678
116.303 39.9678
116.303 39.9679
116.303 39.968
116.303 39.968
116.303 39.968
116.303 39.968
116.303 39.968
116.303 39.968
116.303 39.968
116.303 39.968
116.303 39.968
116.303 39.968
116.303 39.968
116.303 39.968
116.303 39.968
116.303 39.968
116.303 39.968
116.303 39.968
116.303 39.968
116.303 39.9681
116.303 39.9681
116.303 39.9681
116.303 39.9681
116.303 39.9681
116.303 39.9681
116.303 39.9681
116.303 39.9681
116.303 39.9681
116.303 39.9681
116.303 39.9681
116.303 39.9681
116.303 39.9681
116.303 39.9681
116.303 39.9681
116.303 39.9681
116.303 39.9681
116.303 39.9681
116.303 39.9681
116.303 39.9681
116.303 39.9681
116.303 39.9681
116.304 39.9681
116.303 39.9681
116.303 39.9682
116.303 39.9682
116.303 39.9683
116.303 39.9683
116.303 39.9683
116.303 39.9683
116.303 39.9683
116.303 39.9683
116.303 39.9683
116.303 39.9683
116.303 39.9683
116.303 39.9683
116.303 39.9683
116.303 39.9683
116.303 39.9683
116.303 39.9683
116.303 39.9684
116.303 39.9684
116.303 39.9684
116.303 39.9684
116.303 39.9684
116.303 39.9684
116.303 39.9684
116.303 39.9684
116.303 39.9684
116.303 39.9684
116.303 39.9685
116.303 39.9685
116.303 39.9685
116.303 39.9685
116.303 39.9685
116.303 39.9685
116.303 39.9685
116.303 39.9685
116.303 39.9685
116.303 39.9685
116.303 39.9685
116.303 39.9686
116.303 39.9686
116.303 39.9686
116.303 39.9686
116.303 39.9686
116.303 39.9686
116.303 39.9686
116.302 39.9686
116.302 39.9686
116.302 39.9686
116.302 39.9686
116.303 39.9686
116.303 39.9686
116.303 39.9686
116.303 39.9686
116.303 39.9686
116.303 39.9686
116.303 39.9686
116.303 39.9686
116.303 39.9686
116.303 39.9685
116.303 39.9685
116.303 39.9685
116.303 39.9683
116.303 39.9683
116.304 39.9677
116.305 39.9677
116.305 39.9677
116.305 39.9678
116.305 39.9678
116.305 39.9678
116.305 39.9677
116.305 39.9679
116.305 39.9678
116.305 39.9678
116.305 39.9678
116.305 39.9678
116.305 39.9678
116.305 39.9677
116.305 39.9677
116.305 39.9675
116.305 39.9674
116.305 39.9674
116.305 39.9674
116.305 39.9674
116.305 39.9673
116.305 39.9673
116.305 39.9673
116.305 39.9673
116.303 39.9681
116.303 39.9683
116.303 39.9683
116.303 39.9683
116.303 39.9683
116.303 39.9683
116.303 39.9683
116.303 39.9683
116.303 39.9683
116.303 39.9683
116.303 39.9683
116.303 39.9683
116.303 39.9683
116.303 39.9684
116.303 39.9684
116.303 39.9684
116.303 39.9684
116.303 39.9684
116.303 39.9684
116.303 39.9684
116.303 39.9684
116.303 39.9686
116.303 39.9686
116.303 39.9687
116.303 39.9687
116.303 39.9688
116.303 39.9688
116.304 39.9688
116.304 39.9689
116.304 39.9689
116.304 39.969
116.304 39.969
116.304 39.969
116.304 39.969
116.304 39.969
116.304 39.9689
116.304 39.9689
116.303 39.9688
116.303 39.9688
116.304 39.9688
116.304 39.9689
116.304 39.9689
116.304 39.9689
116.304 39.9689
116.304 39.9689
116.304 39.9689
116.304 39.9689
116.304 39.9689
116.304 39.969
116.304 39.969
116.304 39.9689
116.304 39.9689
116.304 39.969
116.304 39.969
116.304 39.969
116.304 39.969
116.304 39.969
116.304 39.969
116.304 39.9689
116.304 39.9689
116.304 39.9689
116.303 39.9689
116.303 39.9688
116.303 39.9688
116.303 39.9688
116.303 39.9688
116.303 39.9688
116.303 39.9688
116.303 39.9688
116.303 39.9689
116.303 39.9689
116.303 39.9688
116.303 39.9688
116.303 39.9688
116.303 39.9688
116.303 39.9689
116.303 39.9689
116.303 39.9689
116.303 39.9689
116.304 39.9689
116.304 39.9689
116.304 39.9689
116.304 39.9689
116.304 39.969
116.303 39.969
116.303 39.969
116.303 39.969
116.303 39.969
116.303 39.969
116.303 39.969
116.303 39.969
116.303 39.969
116.303 39.969
116.303 39.969
116.303 39.969
116.303 39.969
116.303 39.969
116.303 39.969
116.303 39.969
116.303 39.9689
116.304 39.9691
116.304 39.9689
116.304 39.9689
116.304 39.969
116.304 39.9692
116.304 39.9692
116.304 39.9692
116.304 39.9692
116.303 39.9692
116.303 39.9692
116.303 39.9692
116.303 39.9692
116.303 39.9691
116.303 39.9691
116.303 39.9691
116.303 39.9691
116.303 39.9691
116.303 39.9691
116.303 39.9691
116.303 39.9691
116.303 39.9691
116.303 39.9691
116.303 39.9691
116.303 39.9691
116.303 39.9691
116.303 39.9691
116.303 39.9691
116.303 39.9686
116.303 39.9686
116.303 39.9686
116.303 39.9686
116.303 39.9687
116.303 39.9687
116.303 39.9687
116.303 39.9687
116.303 39.9687
116.303 39.9687
116.303 39.9687
116.303 39.9686
116.303 39.9687
116.303 39.9687
116.303 39.9687
116.303 39.9688
116.303 39.9688
116.303 39.9687
116.303 39.9687
116.303 39.9687
116.303 39.9687
116.303 39.9687
116.303 39.9687
116.303 39.9687
116.303 39.9687
116.303 39.9688
116.303 39.9688
116.303 39.9688
116.303 39.9685
116.302 39.9683
116.302 39.9683
116.302 39.9683
116.303 39.9684
116.303 39.9684
116.303 39.9684
116.303 39.9684
116.303 39.9685
116.303 39.9685
116.303 39.9684
116.303 39.9684
116.303 39.9684
116.303 39.9684
116.303 39.9684
116.303 39.9684
116.303 39.9684
116.303 39.9684
116.303 39.9684
116.303 39.9684
116.303 39.9684
116.303 39.9684
116.303 39.9684
116.303 39.9684
116.303 39.9684
116.303 39.9684
116.303 39.9684
116.303 39.9684
116.303 39.9684
116.303 39.9684
116.303 39.9684
116.303 39.9684
116.303 39.9685
116.303 39.9685
116.303 39.9685
116.303 39.9685
116.303 39.9685
116.303 39.9686
116.303 39.9686
116.303 39.9686
116.303 39.9686
116.303 39.9686
116.303 39.9686
116.303 39.9686
116.302 39.9684
116.302 39.9684
116.302 39.9683
116.302 39.9684
116.302 39.9684
116.302 39.9684
116.302 39.9684
116.302 39.9684
116.302 39.9684
116.302 39.9684
116.302 39.9684
116.302 39.9684
116.302 39.9684
116.302 39.9684
116.302 39.9684
116.302 39.9684
116.302 39.9684
116.302 39.9684
116.302 39.9684
116.302 39.9684
116.302 39.9684
116.302 39.9684
116.302 39.9684
116.302 39.9684
116.302 39.9684
116.302 39.9684
116.302 39.9684
116.303 39.9685
116.303 39.9686
116.303 39.9686
116.303 39.9687
116.303 39.9687
116.302 39.9686
116.302 39.9687
116.302 39.9688
116.302 39.9689
116.302 39.9689
116.302 39.9688
116.302 39.9688
116.302 39.9688
116.302 39.9688
116.302 39.9687
116.302 39.9687
116.302 39.9688
116.302 39.9687
116.302 39.9687
116.302 39.9688
116.302 39.9689
116.302 39.969
116.302 39.9691
116.302 39.9692
116.302 39.9692
116.302 39.9692
116.302 39.9693
116.302 39.9694
116.302 39.9695
116.302 39.9694
116.302 39.9694
116.302 39.9694
116.302 39.9693
116.302 39.9693
116.302 39.9693
116.302 39.9693
116.302 39.9692
116.302 39.9692
116.302 39.9692
116.302 39.9692
116.302 39.9692
116.302 39.9692
116.302 39.9692
116.302 39.9692
116.302 39.9691
116.302 39.969
116.302 39.969
116.302 39.969
116.302 39.9689
116.302 39.9689
116.302 39.9689
116.302 39.9689
116.302 39.9689
116.302 39.9687
116.302 39.9685
116.302 39.9684
116.302 39.9685
116.302 39.9686
116.302 39.9686
116.302 39.9686
116.302 39.9685
116.302 39.9685
116.302 39.9685
116.302 39.9685
116.302 39.9685
116.302 39.9685
116.302 39.9684
116.302 39.9684
116.302 39.9684
116.302 39.9684
116.302 39.9684
116.302 39.9684
116.302 39.9684
116.302 39.9684
116.302 39.9684
116.302 39.9685
116.302 39.9685
116.302 39.9686
116.302 39.9687
116.302 39.9687
116.302 39.9687
116.302 39.9688
116.302 39.9688
116.302 39.9688
116.302 39.9688
116.302 39.9687
116.302 39.9686
116.302 39.9686
116.302 39.9686
116.302 39.9687
116.302 39.9687
116.302 39.9687
116.302 39.9687
116.302 39.9687
116.302 39.9686
116.302 39.9686
116.302 39.9686
116.302 39.9686
116.302 39.9686
116.302 39.9686
116.302 39.9686
116.302 39.9686
116.302 39.9686
116.302 39.9686
116.302 39.9686
116.303 39.9685
116.302 39.9685
116.302 39.9686
116.302 39.9686
116.302 39.9685
116.302 39.9685
116.302 39.9685
116.302 39.9685
116.302 39.9685
116.303 39.9683
116.303 39.9682
116.303 39.9682
116.303 39.9682
116.303 39.9682
116.303 39.9682
116.303 39.9683
116.303 39.9683
116.303 39.9683
116.303 39.9683
116.303 39.9683
116.303 39.9683
116.303 39.9683
116.303 39.9682
116.303 39.9682
116.303 39.9682
116.303 39.9682
116.303 39.9682
116.303 39.9682
116.303 39.9681
116.303 39.9681
116.303 39.9681
116.303 39.9682
116.303 39.9682
116.303 39.9682
116.303 39.9682
116.303 39.9682
116.302 39.9683
116.302 39.9684
116.302 39.9684
116.302 39.9684
116.302 39.9684
116.302 39.9684
116.302 39.9684
116.302 39.9684
116.302 39.9684
116.302 39.9684
116.302 39.9684
116.302 39.9684
116.302 39.9684
116.302 39.9685
116.302 39.9685
116.302 39.9685
116.303 39.9682
116.303 39.9681
116.303 39.9681
116.303 39.9681
116.303 39.968
116.303 39.9679
116.302 39.9679
116.302 39.9679
116.302 39.9679
116.302 39.9679
116.303 39.9679
116.303 39.9679
116.303 39.9679
116.303 39.9679
116.303 39.9679
116.303 39.9681
116.303 39.9682
116.302 39.9684
116.302 39.9684
116.302 39.9684
116.302 39.9685
116.302 39.9685
116.302 39.9685
116.302 39.9685
116.302 39.9685
116.302 39.9685
116.302 39.9684
116.302 39.9684
116.302 39.9683
116.302 39.9682
116.302 39.9681
116.302 39.968
116.303 39.968
116.303 39.9679
116.303 39.968
116.303 39.968
116.303 39.9681
116.303 39.9681
116.303 39.9681
116.303 39.9681
116.303 39.9681
116.303 39.9681
116.303 39.9678
116.303 39.9678
116.303 39.9678
116.303 39.9678
116.303 39.9678
116.303 39.9678
116.303 39.9678
116.303 39.9679
116.303 39.9679
116.303 39.9679
116.303 39.9678
116.303 39.9676
116.303 39.9675
116.303 39.9675
116.303 39.9675
116.303 39.9675
116.303 39.9676
116.303 39.9676
116.303 39.9677
116.303 39.9677
116.303 39.9679
116.302 39.9681
116.303 39.9683
116.303 39.9682
116.303 39.9681
116.303 39.9681
116.303 39.9681
116.303 39.9682
116.305 39.9677
116.305 39.9676
116.304 39.9677
116.304 39.9677
116.304 39.9677
116.304 39.9677
116.304 39.9677
116.304 39.9677
116.304 39.9677
116.303 39.9676
116.304 39.9677
116.304 39.9677
116.303 39.9679
116.303 39.9679
116.303 39.9679
116.304 39.9679
116.303 39.9682
116.303 39.9684
116.303 39.9686
116.303 39.9687
116.304 39.9688
116.304 39.9688
116.304 39.9689
116.304 39.9689
116.304 39.9689
116.304 39.969
116.305 39.969
116.305 39.969
116.305 39.969
116.305 39.969
116.305 39.969
116.305 39.969
116.306 39.969
116.306 39.9691
116.306 39.9691
116.306 39.9691
116.306 39.9691
116.307 39.9691
116.307 39.9691
116.307 39.9692
116.307 39.9692
116.307 39.9692
116.307 39.9693
116.308 39.9693
116.308 39.9693
116.308 39.9693
116.308 39.9692
116.308 39.9692
116.309 39.9692
116.309 39.9693
116.309 39.9693
116.309 39.9693
116.309 39.9694
116.309 39.9694
116.31 39.9694
116.31 39.9694
116.31 39.9694
116.31 39.9694
116.31 39.9694
116.311 39.9695
116.311 39.9695
116.311 39.9694
116.311 39.9693
116.311 39.9692
116.311 39.9691
116.311 39.969
116.311 39.9689
116.311 39.9688
116.311 39.9688
116.311 39.9688
116.312 39.9688
116.312 39.9688
116.312 39.9688
116.312 39.9689
116.312 39.9689
116.312 39.9689
116.312 39.9689
116.312 39.9689
116.312 39.9689
116.312 39.969
116.312 39.969
116.312 39.969
116.312 39.969
116.312 39.969
116.312 39.969
116.312 39.969
116.312 39.969
116.312 39.969
116.312 39.969
116.312 39.969
116.312 39.969
116.312 39.969
116.312 39.969
116.312 39.969
116.312 39.969
