121.424 31.2258
121.422 31.2248
121.422 31.2248
121.422 31.2247
121.422 31.2248
121.422 31.2248
121.422 31.2248
121.422 31.2249
121.422 31.2249
121.422 31.2249
121.422 31.2249
121.422 31.2249
121.422 31.2249
121.422 31.2249
121.422 31.225
121.422 31.225
121.422 31.2251
121.422 31.2251
121.422 31.2252
121.422 31.2252
121.422 31.2252
121.422 31.2252
121.421 31.2252
121.421 31.2252
121.421 31.2252
121.421 31.2252
121.421 31.2252
121.421 31.2252
121.421 31.2252
121.421 31.2252
121.421 31.2252
121.421 31.2251
121.421 31.2251
121.421 31.2251
121.421 31.225
121.421 31.225
121.421 31.225
121.421 31.225
121.421 31.225
121.421 31.225
121.422 31.225
121.422 31.225
121.422 31.225
121.422 31.225
121.422 31.225
121.422 31.225
121.422 31.225
121.422 31.2251
121.422 31.2251
121.422 31.2251
121.422 31.2251
121.422 31.2251
121.422 31.2251
121.422 31.2251
121.422 31.2251
121.422 31.2251
121.422 31.2251
121.422 31.2251
121.422 31.2251
121.422 31.2252
121.422 31.2252
121.422 31.2252
121.422 31.2253
121.422 31.2252
121.421 31.2243
121.42 31.2241
121.42 31.2241
121.42 31.2241
121.42 31.2241
121.42 31.2241
121.42 31.2241
121.42 31.2243
121.42 31.2244
121.42 31.2246
121.42 31.2246
121.42 31.2246
121.42 31.2246
121.42 31.2246
121.42 31.2245
121.42 31.2245
121.42 31.2244
121.42 31.2243
121.42 31.2243
121.42 31.2244
121.42 31.2244
121.42 31.2244
121.42 31.2244
121.42 31.2244
121.42 31.2244
121.42 31.2244
121.42 31.2244
121.42 31.2244
121.42 31.2244
121.42 31.2244
121.42 31.2244
121.42 31.2244
121.42 31.2244
121.42 31.2243
121.42 31.2243
121.42 31.2244
121.42 31.2244
121.42 31.2244
121.42 31.2244
121.42 31.2244
121.42 31.2244
121.42 31.2244
121.42 31.2244
121.42 31.2244
121.42 31.2244
121.42 31.2244
121.42 31.2244
121.42 31.2244
121.42 31.2244
121.42 31.2244
121.42 31.2244
121.42 31.2244
121.421 31.2244
121.421 31.2244
121.421 31.2244
121.421 31.2244
121.421 31.2244
121.421 31.2244
121.421 31.2244
121.421 31.2244
121.421 31.2244
121.421 31.2243
121.421 31.2242
121.421 31.2243
121.421 31.2244
121.421 31.2244
121.421 31.2245
121.421 31.2246
121.421 31.2247
121.421 31.2248
121.422 31.2249
121.422 31.225
121.422 31.2251
121.422 31.2251
121.422 31.2251
121.422 31.2251
121.422 31.225
121.422 31.2249
121.422 31.2249
121.422 31.2249
121.422 31.2249
121.422 31.2249
121.422 31.2249
121.422 31.225
121.422 31.225
121.422 31.2251
121.422 31.2251
121.422 31.2251
121.422 31.2251
121.422 31.2251
121.422 31.225
121.422 31.225
121.421 31.2249
121.421 31.2249
121.421 31.2249
121.421 31.2249
121.421 31.2249
121.421 31.2249
121.421 31.2249
121.421 31.2249
121.421 31.2249
121.421 31.225
121.421 31.225
121.421 31.225
121.421 31.225
121.421 31.225
121.421 31.225
121.421 31.225
121.421 31.2251
121.421 31.2251
121.422 31.2251
121.422 31.2252
121.422 31.2252
121.422 31.2252
121.422 31.2252
121.422 31.2252
121.422 31.2252
121.422 31.2252
121.422 31.2252
121.422 31.2253
121.422 31.2254
121.422 31.2254
121.422 31.2254
121.422 31.2254
121.422 31.2255
121.422 31.2254
121.422 31.2254
121.422 31.2253
121.422 31.2252
121.422 31.2253
121.422 31.2252
121.422 31.2252
121.422 31.2253
121.422 31.2253
121.422 31.2253
121.421 31.2253
121.421 31.2252
121.421 31.2252
121.421 31.2251
121.421 31.2252
121.422 31.2253
121.422 31.2252
121.422 31.2252
121.422 31.2251
121.422 31.2251
121.422 31.2251
121.422 31.225
121.422 31.2251
121.422 31.2251
121.422 31.2252
121.422 31.2252
121.422 31.2252
121.422 31.2252
121.422 31.2251
121.422 31.2251
121.422 31.225
121.422 31.225
121.422 31.225
121.422 31.2248
121.422 31.2248
121.422 31.2247
121.422 31.2247
121.422 31.2247
121.422 31.2247
121.422 31.2247
121.422 31.2247
121.422 31.2246
121.422 31.2246
121.422 31.2245
121.422 31.2244
121.422 31.2244
121.422 31.2243
121.422 31.2243
121.422 31.2243
121.422 31.2242
121.422 31.2242
121.422 31.2242
121.422 31.2243
121.421 31.2244
121.421 31.2244
121.421 31.2244
121.421 31.2242
121.421 31.2241
121.421 31.224
121.421 31.224
121.421 31.224
121.421 31.224
121.421 31.224
121.421 31.2241
121.421 31.2241
121.421 31.2241
121.421 31.2242
121.421 31.2242
121.421 31.2242
121.421 31.2241
121.421 31.224
121.421 31.224
121.421 31.2239
121.421 31.2238
121.421 31.2238
121.421 31.2239
121.421 31.2239
121.421 31.2239
121.421 31.2239
121.421 31.2239
121.421 31.224
121.421 31.224
121.421 31.224
121.421 31.224
121.421 31.224
121.421 31.224
121.421 31.224
121.421 31.224
121.421 31.224
121.421 31.224
121.421 31.224
121.421 31.2239
121.421 31.2239
121.421 31.2239
121.421 31.2239
121.421 31.2237
121.421 31.2235
121.42 31.2234
121.42 31.2233
121.42 31.2234
121.42 31.2234
121.42 31.2234
121.42 31.2234
121.42 31.2234
121.42 31.2234
121.42 31.2234
121.42 31.2233
121.42 31.2231
121.42 31.2229
121.419 31.2226
121.419 31.2223
121.418 31.222
121.418 31.2217
121.417 31.2212
121.417 31.2211
121.416 31.221
121.416 31.221
121.415 31.2209
121.415 31.2207
121.415 31.2207
121.414 31.2207
121.414 31.2207
121.414 31.2207
121.414 31.2207
121.414 31.2207
121.414 31.2207
121.414 31.2207
121.414 31.2207
121.414 31.2207
121.414 31.2207
121.414 31.2207
121.414 31.2207
121.414 31.2206
121.468 31.2369
121.469 31.2367
121.469 31.2362
121.469 31.2362
121.469 31.2362
121.469 31.2362
121.469 31.2362
121.469 31.2362
121.469 31.2362
121.469 31.2362
121.469 31.2362
121.469 31.2362
121.47 31.2362
121.47 31.2362
121.47 31.2362
121.47 31.2362
121.47 31.2362
121.47 31.2362
121.47 31.2362
121.47 31.2363
121.47 31.2363
121.47 31.2363
121.47 31.2363
121.47 31.2363
121.47 31.2362
121.47 31.2362
121.47 31.2362
121.47 31.2362
121.47 31.2361
121.47 31.2361
121.47 31.2361
121.47 31.2361
121.47 31.236
121.47 31.236
121.47 31.236
121.47 31.2359
121.47 31.2359
121.47 31.2358
121.47 31.2358
121.47 31.2358
121.47 31.2358
121.47 31.2357
121.47 31.2357
121.47 31.2357
121.47 31.2357
121.47 31.2356
121.47 31.2356
121.47 31.2354
121.47 31.2354
121.47 31.2354
121.47 31.2353
121.47 31.2353
121.47 31.2353
121.47 31.2353
121.47 31.2353
121.47 31.2353
121.47 31.2353
121.47 31.2352
121.47 31.2352
121.47 31.2352
121.47 31.2351
121.47 31.2351
121.47 31.2351
121.47 31.2351
121.47 31.235
121.469 31.235
121.469 31.235
121.469 31.235
121.469 31.235
121.469 31.235
121.469 31.235
121.469 31.235
121.469 31.235
121.469 31.235
121.469 31.235
121.469 31.235
121.469 31.235
121.469 31.235
121.469 31.235
121.469 31.235
121.469 31.235
121.469 31.235
121.469 31.2349
121.469 31.2349
121.469 31.2349
121.469 31.2349
121.469 31.2349
121.469 31.2349
121.469 31.2348
121.469 31.2349
121.469 31.2349
121.469 31.2349
121.469 31.2349
121.469 31.2348
121.469 31.2348
121.469 31.2348
121.47 31.2348
121.47 31.2348
121.47 31.2348
121.47 31.2348
121.47 31.2348
121.47 31.2347
121.47 31.2347
121.47 31.2347
121.47 31.2347
121.47 31.2347
121.47 31.2346
121.47 31.2346
121.47 31.2346
121.47 31.2346
121.47 31.2346
121.47 31.2345
121.47 31.2345
121.47 31.2345
121.47 31.2345
121.47 31.2345
121.471 31.2344
121.471 31.2344
121.471 31.2344
121.471 31.2344
121.471 31.2344
121.471 31.2344
121.471 31.2344
121.471 31.2343
121.471 31.2343
121.471 31.2343
121.471 31.2343
121.471 31.2342
121.471 31.2342
121.471 31.2342
121.471 31.2342
121.471 31.2341
121.471 31.2341
121.471 31.234
121.471 31.234
121.471 31.2339
121.471 31.2339
121.471 31.2338
121.471 31.2338
121.471 31.2338
121.471 31.2338
121.471 31.2337
121.471 31.2337
121.471 31.2336
121.471 31.2336
121.471 31.2336
121.471 31.2335
121.471 31.2334
121.471 31.2334
121.471 31.2334
121.471 31.2334
121.471 31.2334
121.471 31.2334
121.471 31.2334
121.471 31.2334
121.471 31.2335
121.471 31.2335
121.471 31.2336
121.471 31.2336
121.471 31.2337
121.471 31.2337
121.471 31.2338
121.471 31.2338
121.471 31.2338
121.471 31.2338
121.471 31.2338
121.471 31.2338
121.471 31.2338
121.471 31.2338
121.471 31.2338
121.471 31.2337
121.471 31.2337
121.471 31.2337
121.471 31.2337
121.471 31.2337
121.471 31.2337
121.471 31.2337
121.471 31.2337
121.472 31.2328
121.472 31.2328
121.472 31.2329
121.471 31.2325
121.471 31.2321
121.471 31.232
121.471 31.232
121.471 31.2321
121.471 31.2321
121.471 31.2321
121.471 31.232
121.471 31.232
121.469 31.2302
121.469 31.2303
121.469 31.2303
121.469 31.2302
121.469 31.2302
121.469 31.2303
121.469 31.2303
121.469 31.2303
121.469 31.2304
121.469 31.2304
121.469 31.2304
121.469 31.2304
121.47 31.2306
121.47 31.2306
121.47 31.2306
121.47 31.2306
121.47 31.2307
121.47 31.2307
121.47 31.2307
121.47 31.2307
121.47 31.2308
121.47 31.2308
121.47 31.2308
121.47 31.2308
121.47 31.2309
121.47 31.2309
121.47 31.2309
121.47 31.2309
121.47 31.2309
121.47 31.2309
121.47 31.2309
121.47 31.2309
121.47 31.2309
121.47 31.2309
121.47 31.2309
121.47 31.2309
121.47 31.2309
121.47 31.2309
121.47 31.2309
121.47 31.2309
121.47 31.2309
121.47 31.2309
121.47 31.2309
121.47 31.2309
121.47 31.231
121.47 31.231
121.47 31.231
121.47 31.231
121.47 31.2311
121.47 31.2311
121.47 31.2311
121.47 31.2311
121.47 31.2311
121.47 31.2311
121.47 31.2311
121.47 31.2311
121.47 31.2311
121.47 31.2311
121.47 31.2311
121.47 31.2312
121.47 31.2312
121.47 31.2312
121.47 31.2312
121.47 31.2312
121.47 31.2312
121.47 31.2312
121.47 31.2312
121.47 31.2312
121.47 31.2312
121.47 31.2313
121.47 31.2313
121.47 31.2314
121.47 31.2314
121.47 31.2314
121.47 31.2314
121.47 31.2314
121.47 31.2314
121.47 31.2314
121.47 31.2314
121.47 31.2314
121.47 31.2314
121.47 31.2315
121.47 31.2315
121.47 31.2315
121.47 31.2315
121.47 31.2315
121.47 31.2315
121.47 31.2316
121.47 31.2316
121.47 31.2316
121.47 31.2316
121.47 31.2317
121.47 31.2317
121.47 31.2317
121.47 31.2318
121.47 31.2318
121.47 31.2318
121.47 31.2318
121.47 31.2318
121.47 31.2318
121.47 31.2319
121.47 31.2319
121.47 31.2319
121.47 31.2319
121.47 31.232
121.47 31.232
121.47 31.232
121.47 31.232
121.47 31.232
121.47 31.232
121.47 31.2321
121.471 31.2321
121.471 31.2321
121.471 31.2321
121.471 31.2322
121.471 31.2322
121.471 31.2322
121.471 31.2322
121.471 31.2323
121.471 31.2323
121.471 31.2323
121.471 31.2323
121.471 31.2324
121.471 31.2324
121.471 31.2324
121.471 31.2324
121.471 31.2325
121.471 31.2325
121.471 31.2325
121.471 31.2325
121.471 31.2325
121.471 31.2325
121.471 31.2326
121.471 31.2326
121.471 31.2326
121.471 31.2326
121.471 31.2326
121.471 31.2326
121.471 31.2327
121.471 31.2327
121.471 31.2327
121.472 31.2327
121.472 31.2327
121.472 31.2328
121.472 31.2328
121.472 31.2328
121.472 31.2328
121.472 31.2328
121.472 31.2328
121.472 31.2328
121.472 31.2328
121.472 31.2328
121.472 31.2328
121.472 31.2328
121.472 31.2328
121.472 31.2328
121.472 31.2328
121.472 31.2328
121.472 31.2328
121.472 31.2328
121.472 31.2328
121.472 31.2328
121.472 31.2328
121.472 31.2328
121.472 31.2328
121.472 31.2329
121.472 31.2329
121.472 31.2329
121.472 31.2329
121.472 31.2329
121.472 31.2329
121.472 31.2329
121.472 31.2329
121.471 31.2337
121.471 31.2336
121.471 31.2337
121.471 31.2337
121.471 31.2338
121.471 31.2338
121.471 31.2339
121.471 31.2339
121.471 31.2339
121.471 31.234
121.471 31.234
121.471 31.234
121.471 31.2341
121.471 31.2341
121.471 31.2342
121.471 31.2342
121.471 31.2342
121.471 31.2343
121.471 31.2343
121.471 31.2343
121.471 31.2343
121.471 31.2344
121.471 31.2344
121.471 31.2345
121.471 31.2345
121.471 31.2345
121.471 31.2345
121.471 31.2346
121.471 31.2346
121.471 31.2347
121.471 31.2347
121.471 31.2347
121.471 31.2347
121.471 31.2348
121.471 31.2348
121.471 31.2349
121.471 31.2349
121.471 31.235
121.471 31.235
121.471 31.235
121.471 31.2351
121.471 31.2351
121.471 31.2351
121.47 31.2352
121.47 31.2352
121.47 31.2353
121.47 31.2353
121.47 31.2353
121.47 31.2354
121.47 31.2354
121.47 31.2355
121.47 31.2355
121.47 31.2355
121.47 31.2355
121.47 31.2355
121.47 31.2356
121.47 31.2356
121.47 31.2356
121.47 31.2356
121.47 31.2357
121.47 31.2357
121.47 31.2358
121.47 31.2358
121.47 31.2358
121.47 31.2358
121.47 31.2358
121.47 31.2358
121.47 31.2358
121.47 31.2358
121.47 31.2358
121.47 31.2359
121.47 31.2359
121.47 31.2359
121.47 31.236
121.47 31.236
121.47 31.2361
121.47 31.2361
121.47 31.2362
121.47 31.2362
121.47 31.2362
121.47 31.2363
121.47 31.2363
121.47 31.2364
121.47 31.2364
121.47 31.2364
121.47 31.2365
121.47 31.2365
121.47 31.2365
121.47 31.2366
121.47 31.2366
121.47 31.2366
121.47 31.2366
121.47 31.2366
121.47 31.2366
121.471 31.2366
121.471 31.2366
121.471 31.2367
121.471 31.2367
121.471 31.2367
121.471 31.2368
121.471 31.2368
121.471 31.2368
121.471 31.2368
121.471 31.2369
121.471 31.2369
121.471 31.2369
121.471 31.237
121.471 31.237
121.471 31.237
121.471 31.237
121.471 31.2371
121.471 31.2371
121.471 31.2371
121.471 31.2371
121.471 31.2371
121.471 31.2371
121.471 31.237
121.471 31.237
121.471 31.2371
121.471 31.2371
121.471 31.2371
121.471 31.2371
121.471 31.2371
121.471 31.2371
121.472 31.2371
121.472 31.2371
121.472 31.2371
121.472 31.2372
121.472 31.2372
121.472 31.2373
121.472 31.2373
121.472 31.2373
121.472 31.2373
121.472 31.2374
121.472 31.2374
121.472 31.2375
121.472 31.2375
121.472 31.2376
121.472 31.2376
121.472 31.2376
121.472 31.2376
121.472 31.2376
121.472 31.2375
121.472 31.2375
121.472 31.2375
121.472 31.2375
121.472 31.2374
121.472 31.2373
121.472 31.2373
121.472 31.2363
121.472 31.2367
121.472 31.237
121.472 31.237
121.472 31.2369
121.472 31.2367
121.472 31.2366
121.472 31.2367
121.472 31.2367
121.472 31.2367
121.472 31.2367
121.472 31.2367
121.472 31.2367
121.472 31.2367
121.472 31.2367
121.472 31.2368
121.472 31.2369
121.472 31.2369
121.472 31.2369
121.472 31.2369
121.472 31.2369
121.472 31.2369
121.472 31.2369
121.472 31.2369
121.472 31.2369
121.472 31.237
121.472 31.2371
121.472 31.2371
121.473 31.2371
121.473 31.2371
121.473 31.2371
121.473 31.2372
121.473 31.2372
121.473 31.2373
121.473 31.2373
121.473 31.2373
121.473 31.2373
121.473 31.2373
121.473 31.2373
121.473 31.2373
121.473 31.2373
121.472 31.2377
121.472 31.2382
121.472 31.2383
121.472 31.2382
121.472 31.238
121.472 31.2379
121.472 31.2378
121.472 31.2377
121.472 31.2376
121.472 31.2374
121.472 31.2373
121.472 31.2372
121.472 31.2372
121.472 31.2371
121.473 31.2371
121.473 31.2371
121.473 31.2371
121.473 31.2372
121.473 31.2373
121.473 31.2373
121.473 31.2373
121.473 31.2373
121.473 31.2373
121.473 31.2374
121.473 31.2374
121.473 31.2374
121.473 31.2374
121.473 31.2375
121.473 31.2375
121.473 31.2375
121.473 31.2374
121.473 31.2375
121.474 31.2374
121.474 31.2374
121.474 31.2374
121.474 31.2374
121.474 31.2373
121.474 31.2373
121.474 31.2372
121.474 31.2372
121.474 31.2371
121.474 31.2371
121.474 31.237
121.474 31.237
121.474 31.237
121.474 31.237
121.474 31.237
121.474 31.2371
121.474 31.2372
121.474 31.2372
121.474 31.2372
121.474 31.2372
121.475 31.2372
121.475 31.2372
121.475 31.2372
121.475 31.2372
121.475 31.2372
121.475 31.2372
121.475 31.2372
121.474 31.2372
121.474 31.2372
121.474 31.2372
121.474 31.2372
121.474 31.2372
121.474 31.2372
121.474 31.2372
121.474 31.2371
121.474 31.2371
121.474 31.2371
121.474 31.2371
121.474 31.2371
121.474 31.2371
121.474 31.2371
121.474 31.2371
121.474 31.2371
121.474 31.2371
121.474 31.2376
121.474 31.2375
121.474 31.2375
121.474 31.2374
121.474 31.2373
121.474 31.2373
121.474 31.2371
121.474 31.2372
121.474 31.2371
121.474 31.2371
121.474 31.2371
121.474 31.2372
121.474 31.2371
121.474 31.2371
121.474 31.2371
121.474 31.2371
121.474 31.2371
121.474 31.2371
121.474 31.2371
121.474 31.2371
121.474 31.2371
121.474 31.2372
121.475 31.2372
121.475 31.2372
121.475 31.2372
121.475 31.2371
121.475 31.2371
121.475 31.237
121.475 31.2369
121.475 31.2368
121.475 31.2368
121.475 31.2368
121.475 31.2368
121.475 31.2368
121.475 31.2368
121.475 31.2368
121.475 31.2368
121.475 31.2368
121.475 31.2368
121.475 31.2368
121.475 31.2367
121.475 31.2367
121.475 31.2367
121.475 31.2367
121.475 31.2367
121.475 31.2367
121.475 31.2367
121.475 31.2368
121.475 31.2369
121.475 31.2371
121.475 31.2372
121.475 31.2373
121.475 31.2373
121.476 31.2373
121.476 31.2373
121.476 31.2373
121.476 31.2374
121.476 31.2374
121.476 31.2377
121.476 31.2377
121.476 31.2377
121.476 31.2377
121.476 31.2377
121.476 31.2377
121.476 31.2378
121.476 31.2378
121.476 31.2378
121.476 31.2378
121.476 31.2378
121.476 31.2378
121.476 31.2378
121.476 31.2379
121.476 31.2379
121.476 31.2379
121.476 31.2379
121.476 31.2379
121.476 31.2379
121.476 31.238
121.476 31.238
121.476 31.238
121.476 31.238
121.476 31.238
121.476 31.2379
121.476 31.2379
121.476 31.2379
121.476 31.2379
121.476 31.2379
121.476 31.2379
121.476 31.2379
121.477 31.2378
121.477 31.2378
121.477 31.2378
121.477 31.2377
121.477 31.2377
121.477 31.2377
121.477 31.2376
121.477 31.2377
121.477 31.2377
121.477 31.2377
121.477 31.2377
121.477 31.2378
121.477 31.2379
121.477 31.2379
121.476 31.2378
121.476 31.2379
121.476 31.2379
121.476 31.2379
121.476 31.2379
121.476 31.2379
121.476 31.2378
121.476 31.2378
121.477 31.2379
121.476 31.2379
121.476 31.2379
121.476 31.2379
121.476 31.2379
121.476 31.2379
121.476 31.2379
121.476 31.2379
121.476 31.2379
121.476 31.2379
121.476 31.238
121.476 31.238
121.476 31.238
121.476 31.238
121.476 31.238
121.476 31.238
121.476 31.238
121.476 31.238
121.476 31.238
121.476 31.2381
121.477 31.2381
121.477 31.2381
121.477 31.2381
121.477 31.2381
121.477 31.2382
121.477 31.2382
121.477 31.2382
121.477 31.2383
121.477 31.2383
121.477 31.2384
121.477 31.2384
121.477 31.2384
121.477 31.2384
121.477 31.2384
121.477 31.2384
121.477 31.2384
121.477 31.2384
121.477 31.2384
121.477 31.2384
121.477 31.2384
121.477 31.2383
121.477 31.2383
121.477 31.2383
121.477 31.2383
121.477 31.2384
121.477 31.2384
121.477 31.2384
121.477 31.2384
121.477 31.2384
121.477 31.2384
121.477 31.2384
121.477 31.2384
121.477 31.2384
121.478 31.2385
121.478 31.2385
121.478 31.2385
121.478 31.2385
121.478 31.2385
121.478 31.2385
121.478 31.2386
121.478 31.2386
121.478 31.2387
121.478 31.2387
121.478 31.2387
121.478 31.2387
121.478 31.2387
121.478 31.2386
121.478 31.2386
121.478 31.2386
121.478 31.2385
121.478 31.2385
121.478 31.2386
121.478 31.2386
121.478 31.2386
121.478 31.2386
121.478 31.2387
121.478 31.2387
121.478 31.2387
121.478 31.2388
121.478 31.2388
121.478 31.2388
121.478 31.2388
121.478 31.2388
121.478 31.2388
121.478 31.2389
121.478 31.2389
121.478 31.2389
121.479 31.2389
121.479 31.2389
121.479 31.2389
121.479 31.239
121.479 31.239
121.479 31.239
121.479 31.239
121.479 31.239
121.479 31.239
121.479 31.239
121.479 31.239
121.479 31.2391
121.479 31.2391
121.479 31.2391
121.479 31.2391
121.479 31.2391
121.479 31.2391
121.479 31.2391
121.479 31.2391
121.479 31.2391
121.479 31.2391
121.479 31.2391
121.479 31.2391
121.479 31.2391
121.479 31.2391
121.479 31.2391
121.479 31.2391
121.479 31.2391
121.479 31.2391
121.479 31.2391
121.479 31.2391
121.479 31.2391
121.479 31.2391
121.479 31.2391
121.479 31.2391
121.479 31.2391
121.479 31.2391
121.479 31.2391
121.479 31.239
121.479 31.239
121.479 31.2389
121.479 31.2388
121.479 31.2388
121.479 31.2387
121.479 31.2386
121.479 31.2386
121.479 31.2386
121.479 31.2386
121.479 31.2386
121.479 31.2386
121.479 31.2386
121.479 31.2386
121.48 31.2385
121.48 31.2385
121.48 31.2384
121.48 31.2384
121.48 31.2384
121.48 31.2384
121.48 31.2385
121.48 31.2385
121.48 31.2386
121.48 31.2386
121.48 31.2386
121.48 31.2387
121.479 31.2387
121.479 31.2387
121.479 31.2387
121.479 31.2387
121.479 31.2387
121.479 31.2387
121.479 31.2387
121.479 31.2387
121.479 31.2387
121.479 31.2387
121.479 31.2387
121.479 31.2387
121.479 31.2386
121.479 31.2386
121.48 31.2386
121.48 31.2385
121.48 31.2385
121.48 31.2384
121.48 31.2383
121.479 31.2388
121.479 31.2388
121.479 31.2387
121.479 31.2387
121.479 31.2387
121.479 31.2387
121.479 31.2386
121.479 31.2387
121.479 31.2388
121.479 31.2388
121.479 31.2388
121.479 31.2388
121.479 31.2389
121.479 31.239
121.479 31.239
121.479 31.2391
121.479 31.2392
121.479 31.2392
121.479 31.2392
121.479 31.2392
121.479 31.2392
121.479 31.2392
121.479 31.2392
121.479 31.2392
121.479 31.2392
121.479 31.2392
121.479 31.2391
121.479 31.239
121.479 31.239
121.479 31.239
121.479 31.239
121.479 31.239
121.479 31.2389
121.479 31.2389
121.479 31.2391
121.479 31.2391
121.479 31.2391
121.479 31.2391
121.479 31.2391
121.479 31.2391
121.479 31.2391
121.479 31.2391
121.479 31.239
121.479 31.239
121.479 31.2389
121.479 31.2389
121.479 31.2389
121.479 31.2389
121.479 31.2389
121.479 31.2389
121.479 31.2389
121.479 31.2389
121.479 31.2389
121.479 31.2389
121.479 31.2389
121.479 31.239
121.479 31.239
121.479 31.239
121.479 31.239
121.479 31.2389
121.479 31.2389
121.479 31.2389
121.479 31.2389
121.479 31.2389
121.479 31.2389
121.479 31.2389
121.479 31.2389
121.479 31.2389
121.479 31.2389
121.479 31.2389
121.479 31.239
121.479 31.239
121.479 31.2391
121.479 31.2392
121.479 31.2392
121.479 31.2393
121.479 31.2393
121.479 31.2393
121.479 31.2393
121.479 31.2393
121.479 31.2393
121.479 31.2393
121.479 31.2393
121.479 31.2393
121.479 31.2393
121.479 31.2393
121.479 31.2393
121.479 31.2394
121.479 31.2393
121.479 31.2393
121.479 31.2393
121.479 31.2393
121.479 31.2393
121.479 31.2393
121.479 31.2393
121.479 31.2393
121.479 31.2392
121.479 31.2392
121.479 31.2391
121.479 31.2391
121.479 31.239
121.479 31.2391
121.479 31.2391
121.479 31.2391
121.479 31.2391
121.479 31.2391
121.479 31.2391
121.479 31.2392
121.479 31.2393
121.479 31.2393
121.479 31.2394
121.479 31.2395
121.479 31.2395
121.479 31.2395
121.479 31.2394
121.479 31.2394
121.479 31.2395
121.479 31.2394
121.479 31.2393
121.479 31.2393
121.479 31.2392
121.479 31.2392
121.479 31.2392
121.479 31.2392
121.479 31.2392
121.479 31.2392
121.479 31.2392
121.479 31.2392
121.479 31.2392
121.479 31.2392
121.479 31.2392
121.479 31.2392
121.479 31.2392
121.479 31.2392
121.479 31.2392
121.479 31.2392
121.479 31.2392
121.479 31.2392
121.479 31.2392
121.479 31.2392
121.479 31.2392
121.479 31.2392
121.479 31.2392
121.479 31.2392
121.479 31.2392
121.479 31.2392
121.479 31.2391
121.479 31.2391
121.479 31.239
121.479 31.239
121.479 31.2389
121.479 31.2389
121.479 31.2389
121.479 31.239
121.479 31.239
121.479 31.239
121.479 31.2389
121.479 31.2389
121.479 31.2389
121.479 31.2389
121.479 31.2389
121.479 31.2389
121.479 31.2389
121.479 31.2389
121.479 31.2389
121.479 31.239
121.479 31.239
121.479 31.2391
121.479 31.2392
121.479 31.2392
121.479 31.2392
121.479 31.2392
121.479 31.2392
121.479 31.2392
121.479 31.2392
121.479 31.2392
121.479 31.2392
121.479 31.2392
121.479 31.2392
121.479 31.2391
121.479 31.2391
121.479 31.2391
121.479 31.2391
121.479 31.2391
121.479 31.2391
121.479 31.2391
121.479 31.2391
121.479 31.2391
121.479 31.2392
121.479 31.2392
121.479 31.2392
121.479 31.2393
121.479 31.2393
121.479 31.2393
121.479 31.2393
121.479 31.2392
121.479 31.2392
121.479 31.2392
121.479 31.2392
121.479 31.2392
121.479 31.2392
121.479 31.2392
121.479 31.2392
121.479 31.2392
121.479 31.2392
121.479 31.2392
121.479 31.2392
121.479 31.2392
121.479 31.2392
121.479 31.2393
121.479 31.2393
121.479 31.2393
121.479 31.2393
121.479 31.2393
121.479 31.2393
121.479 31.2393
121.479 31.2393
121.479 31.2392
121.479 31.2392
121.479 31.2392
121.479 31.2391
121.479 31.2391
121.479 31.2391
121.479 31.2391
121.479 31.2391
121.479 31.2391
121.479 31.2392
121.479 31.2392
121.479 31.2392
121.479 31.2392
121.479 31.2391
121.479 31.2391
121.479 31.2391
121.479 31.2391
121.479 31.2391
121.479 31.2391
121.479 31.239
121.479 31.2389
121.479 31.2388
121.479 31.2388
121.479 31.2387
121.479 31.2386
121.479 31.2385
121.479 31.2385
121.479 31.2385
121.479 31.2386
121.479 31.2386
121.479 31.2386
121.479 31.2386
121.479 31.2387
121.479 31.2388
121.479 31.2388
121.479 31.2388
121.479 31.2389
121.479 31.2389
121.479 31.2389
121.479 31.2389
121.479 31.2389
121.479 31.239
121.479 31.2391
121.479 31.2392
121.479 31.2393
121.479 31.2393
121.479 31.2393
121.479 31.2393
121.479 31.2393
121.479 31.2393
121.479 31.2393
121.479 31.2393
121.479 31.2393
121.479 31.2393
121.479 31.2393
121.479 31.2393
121.479 31.2393
121.479 31.2394
121.479 31.2394
121.479 31.2394
121.479 31.2394
121.479 31.2394
121.479 31.2393
121.479 31.2393
121.479 31.2393
121.479 31.2392
121.479 31.2391
121.479 31.2391
121.479 31.2391
121.479 31.2392
121.479 31.2393
121.479 31.2393
121.479 31.2393
121.479 31.2393
121.479 31.2393
121.479 31.2393
121.479 31.2393
121.479 31.2393
121.479 31.2394
121.479 31.2395
121.479 31.2395
121.479 31.2396
121.479 31.2396
121.479 31.2396
121.479 31.2396
121.479 31.2396
121.479 31.2396
121.479 31.2396
121.479 31.2395
121.479 31.2395
121.479 31.2395
121.479 31.2394
121.479 31.2394
121.479 31.2394
121.479 31.2394
121.479 31.2395
121.479 31.2395
121.479 31.2395
121.479 31.2395
121.479 31.2395
121.479 31.2395
121.479 31.2395
121.479 31.2395
121.479 31.2395
121.479 31.2395
121.479 31.2394
121.479 31.2394
121.479 31.2394
121.479 31.2393
121.479 31.2393
121.479 31.2393
121.479 31.2392
121.479 31.2392
121.479 31.2392
121.479 31.2391
121.479 31.2391
121.479 31.239
121.479 31.2389
121.479 31.2389
121.479 31.2389
121.479 31.2389
121.479 31.2389
121.479 31.2389
121.479 31.239
121.479 31.239
121.479 31.239
121.479 31.239
121.479 31.239
121.479 31.2391
121.479 31.239
121.479 31.239
121.479 31.239
121.479 31.239
121.479 31.239
121.479 31.2391
121.479 31.2392
121.479 31.2392
121.479 31.2393
121.479 31.2393
121.479 31.2393
121.479 31.2393
121.479 31.2393
121.479 31.2393
121.479 31.2392
121.479 31.2392
121.479 31.2391
121.479 31.2391
121.479 31.2391
121.479 31.2391
121.479 31.2392
121.479 31.2392
121.479 31.2392
121.479 31.2392
121.479 31.2392
121.479 31.2392
121.479 31.2392
121.479 31.2392
121.479 31.2392
121.479 31.2392
121.479 31.2392
121.479 31.2392
121.479 31.2392
121.479 31.2392
121.479 31.2392
121.479 31.2392
121.479 31.2392
121.479 31.2392
121.479 31.2391
121.479 31.2391
121.479 31.2391
121.479 31.2391
121.479 31.2391
121.479 31.2391
121.479 31.2391
121.479 31.2391
121.479 31.239
121.479 31.2389
121.479 31.239
121.479 31.239
121.479 31.239
121.479 31.2391
121.479 31.2392
121.479 31.2393
121.479 31.2393
121.479 31.2393
121.479 31.2393
121.479 31.2393
121.479 31.2393
121.479 31.2393
121.479 31.2392
121.479 31.2392
121.479 31.2391
121.479 31.2391
121.479 31.2391
121.479 31.239
121.479 31.239
121.479 31.239
121.479 31.239
121.479 31.2391
121.479 31.2391
121.479 31.239
121.479 31.239
121.479 31.239
121.479 31.2391
121.479 31.2392
121.479 31.2392
121.479 31.2392
121.479 31.2392
121.479 31.2392
121.479 31.2392
121.479 31.2392
121.479 31.2392
121.479 31.2393
121.479 31.2393
121.479 31.2393
121.479 31.2393
121.479 31.2392
121.479 31.2393
121.479 31.2392
121.479 31.2392
121.479 31.2392
121.479 31.2392
121.479 31.2392
121.479 31.2393
121.479 31.2393
121.479 31.2393
121.479 31.2393
121.479 31.2393
121.479 31.2393
121.479 31.2393
121.479 31.2393
121.479 31.2393
121.479 31.2393
121.479 31.2392
121.479 31.2391
121.479 31.2391
121.479 31.239
121.479 31.239
121.479 31.2389
121.479 31.2389
121.479 31.2389
121.479 31.2389
121.479 31.2389
121.479 31.2389
121.479 31.2389
121.479 31.2389
121.479 31.2389
121.479 31.2389
121.479 31.2389
121.479 31.2388
121.479 31.2388
121.479 31.2388
121.479 31.2387
121.479 31.2387
121.479 31.2387
121.479 31.2386
121.479 31.2387
121.479 31.2387
121.479 31.2388
121.479 31.2388
121.479 31.2389
121.479 31.2391
121.479 31.2391
121.479 31.2391
121.479 31.2392
121.479 31.2392
121.479 31.2392
121.479 31.2393
121.479 31.2393
121.479 31.2392
121.479 31.2391
121.479 31.2391
121.479 31.2391
121.479 31.2392
121.479 31.2391
121.479 31.2391
121.479 31.2391
121.479 31.2391
121.479 31.239
121.479 31.239
121.479 31.239
121.479 31.239
121.479 31.239
121.479 31.239
121.479 31.2391
121.479 31.2391
121.479 31.2391
121.479 31.2391
121.479 31.2391
121.479 31.2392
121.479 31.2392
121.479 31.2393
121.479 31.2393
121.479 31.2393
121.479 31.2393
121.479 31.2392
121.479 31.2392
121.479 31.2392
121.479 31.2392
121.479 31.2391
121.479 31.2394
121.479 31.2394
121.479 31.2394
121.479 31.2394
121.479 31.2394
121.479 31.2394
121.479 31.2394
121.479 31.2394
121.479 31.2394
121.479 31.2393
121.479 31.2393
121.479 31.2393
121.479 31.2392
121.479 31.2392
121.479 31.2392
121.479 31.2391
121.479 31.2391
121.479 31.2391
121.479 31.239
121.479 31.239
121.479 31.2391
121.479 31.2391
121.479 31.2392
121.479 31.2392
121.479 31.2392
121.479 31.2393
121.479 31.2393
121.479 31.2393
121.479 31.2393
121.479 31.2393
121.479 31.2394
121.479 31.2394
121.479 31.2394
121.479 31.2394
121.479 31.2394
121.479 31.2393
121.479 31.2393
121.479 31.2392
121.479 31.2392
121.479 31.2392
121.479 31.2392
121.479 31.2392
121.479 31.2392
121.479 31.2392
121.479 31.2391
121.479 31.2391
121.479 31.239
121.479 31.239
121.479 31.239
121.479 31.2391
121.479 31.2391
121.479 31.2392
121.479 31.2393
121.479 31.2393
121.479 31.2393
121.479 31.2394
121.479 31.2392
121.479 31.2391
121.479 31.239
121.479 31.2389
121.478 31.2382
121.478 31.2382
121.478 31.2381
121.478 31.2382
121.478 31.2383
121.479 31.2383
121.479 31.2384
121.479 31.2384
121.479 31.2385
121.479 31.2385
121.479 31.2386
121.479 31.2386
121.479 31.2385
121.479 31.2385
121.479 31.2386
121.479 31.2386
121.479 31.2386
121.479 31.2387
121.479 31.2381
121.479 31.2379
121.479 31.2381
121.479 31.2381
121.479 31.2381
121.479 31.2383
121.479 31.2383
121.479 31.2384
121.479 31.2383
121.479 31.2383
121.479 31.2383
121.479 31.2387
121.479 31.2388
121.479 31.239
121.479 31.239
121.479 31.239
121.479 31.239
121.479 31.239
121.479 31.239
121.479 31.239
121.479 31.2389
121.479 31.2389
121.479 31.2389
121.479 31.2389
121.479 31.2389
121.479 31.2389
121.479 31.2389
121.479 31.2389
121.479 31.239
121.479 31.2389
121.479 31.2389
121.479 31.2389
121.479 31.239
121.479 31.239
121.479 31.239
121.479 31.239
121.479 31.239
121.479 31.239
121.479 31.239
121.479 31.239
121.479 31.239
121.479 31.2389
121.479 31.2388
121.479 31.2389
121.479 31.2389
121.479 31.2389
121.479 31.2389
121.479 31.2389
121.479 31.2389
121.479 31.2389
121.479 31.2389
121.478 31.2389
121.478 31.2389
121.478 31.2389
121.478 31.2389
121.478 31.2389
121.478 31.2389
121.478 31.2389
121.478 31.2389
121.478 31.2389
121.478 31.2389
121.478 31.2389
121.478 31.2388
121.478 31.2386
121.478 31.2385
121.413 31.2221
121.413 31.222
121.413 31.2221
121.413 31.2222
121.413 31.2222
121.413 31.2222
121.412 31.2222
121.412 31.2222
121.412 31.2222
121.412 31.2222
121.412 31.222
121.412 31.222
121.412 31.222
121.412 31.2219
121.412 31.2219
121.412 31.2219
121.412 31.2219
121.412 31.222
121.412 31.222
121.412 31.222
121.412 31.222
121.412 31.222
121.412 31.222
121.412 31.222
121.412 31.2219
121.412 31.2219
121.412 31.2218
121.412 31.2218
121.412 31.2218
121.412 31.2219
121.412 31.2219
121.412 31.2219
121.412 31.2217
121.412 31.2216
121.412 31.2215
121.412 31.2215
121.412 31.2214
121.412 31.2214
121.412 31.2213
121.412 31.2213
121.412 31.2213
121.412 31.2213
121.412 31.2213
121.412 31.2213
121.412 31.2213
121.412 31.2214
121.412 31.2214
121.412 31.2215
121.412 31.2215
121.412 31.2215
121.412 31.2215
121.412 31.2216
121.412 31.2216
121.412 31.2216
121.412 31.2218
121.412 31.2218
121.412 31.2218
121.412 31.2218
121.412 31.2218
121.412 31.2218
121.412 31.2218
121.412 31.2218
121.412 31.2218
121.412 31.2217
121.412 31.2217
121.412 31.2217
121.411 31.2218
121.411 31.2216
121.411 31.2216
121.411 31.2216
121.411 31.2216
121.411 31.2216
121.411 31.2215
121.411 31.2212
121.411 31.2209
121.411 31.2207
121.411 31.2206
121.411 31.2206
121.411 31.2205
121.411 31.2204
121.411 31.2204
121.411 31.2204
121.411 31.2204
121.411 31.2204
121.411 31.2204
121.411 31.2204
121.411 31.2206
121.411 31.2205
121.411 31.2203
121.411 31.2202
121.412 31.2202
121.412 31.2203
121.412 31.2202
121.413 31.2204
121.413 31.2205
121.413 31.2206
121.413 31.2206
121.413 31.2206
121.413 31.2206
121.413 31.2206
121.413 31.2206
121.413 31.2207
121.413 31.2206
121.414 31.2206
121.414 31.2206
121.415 31.2208
121.415 31.2209
121.416 31.2209
121.417 31.221
121.417 31.2211
121.417 31.2213
121.418 31.2214
121.418 31.2215
121.418 31.2215
121.418 31.2215
121.418 31.2215
121.418 31.2215
121.418 31.2216
121.418 31.2218
121.419 31.2219
121.419 31.2219
121.419 31.2219
121.419 31.2219
121.419 31.2219
121.419 31.222
121.419 31.2222
121.419 31.2224
121.42 31.2226
121.42 31.223
121.421 31.2235
121.421 31.224
121.422 31.2244
121.422 31.2246
121.422 31.2245
121.422 31.2245
121.422 31.2245
121.422 31.2245
121.422 31.2245
121.422 31.2246
121.422 31.2246
121.422 31.2246
121.422 31.2246
121.422 31.2246
121.421 31.2246
121.421 31.2246
121.421 31.2246
121.421 31.2246
121.421 31.2245
121.421 31.2245
121.421 31.2245
121.421 31.2245
121.421 31.2243
121.421 31.2242
121.421 31.224
121.421 31.2239
121.421 31.224
121.421 31.224
121.421 31.224
121.421 31.224
121.421 31.224
121.421 31.224
121.421 31.224
121.422 31.2238
121.422 31.2238
121.422 31.2238
121.422 31.2238
121.422 31.2238
121.422 31.2237
121.422 31.2236
121.422 31.2236
121.422 31.2236
121.422 31.2236
121.422 31.2236
121.422 31.2235
121.422 31.2235
121.422 31.2234
121.422 31.2233
121.422 31.2233
121.422 31.2232
121.422 31.2233
121.422 31.2233
121.422 31.2234
121.422 31.2234
121.422 31.2234
121.422 31.2233
121.422 31.2233
121.422 31.2233
121.422 31.2233
121.422 31.2233
121.422 31.2233
121.422 31.2233
121.422 31.2233
121.422 31.2233
121.422 31.2233
121.422 31.2233
121.422 31.2233
121.422 31.2233
121.422 31.2233
121.422 31.2233
121.422 31.2233
121.422 31.2233
121.422 31.2233
121.422 31.2233
121.422 31.2233
121.422 31.2233
121.422 31.2233
121.422 31.2233
121.422 31.2233
121.422 31.2232
121.422 31.2232
121.422 31.2232
121.422 31.2232
121.422 31.2233
121.422 31.2233
121.422 31.2234
121.422 31.2233
121.422 31.2233
121.422 31.2233
121.422 31.2233
121.422 31.2233
121.422 31.2233
121.422 31.2233
121.422 31.2233
121.422 31.2233
121.422 31.2233
121.422 31.2233
121.422 31.2233
121.422 31.2233
121.422 31.2233
121.422 31.2233
121.422 31.2233
121.422 31.2233
121.422 31.2233
121.422 31.2233
121.422 31.2233
121.422 31.2233
121.422 31.2233
121.422 31.2233
121.422 31.2233
121.422 31.2233
121.422 31.2233
121.422 31.2233
121.422 31.2233
121.422 31.2233
121.422 31.2233
121.422 31.2232
121.422 31.2232
121.422 31.2232
121.422 31.2232
121.422 31.2232
121.422 31.2232
121.422 31.2232
121.422 31.2232
121.422 31.2232
121.422 31.2232
121.422 31.2232
121.422 31.2232
121.422 31.2232
121.422 31.2232
121.422 31.2232
121.422 31.2232
121.422 31.2232
121.422 31.2232
121.422 31.2232
121.422 31.2232
121.422 31.2232
121.422 31.2232
121.422 31.2232
121.422 31.2232
121.422 31.2232
121.422 31.2232
121.422 31.2232
121.422 31.2232
121.422 31.2232
121.422 31.2232
121.422 31.2232
121.422 31.2232
121.422 31.2232
121.422 31.2232
121.422 31.2232
121.422 31.2232
121.422 31.2232
121.422 31.2232
121.422 31.2232
121.422 31.2232
121.422 31.2232
121.422 31.2232
121.422 31.2232
121.422 31.2232
121.422 31.2232
121.422 31.2232
121.422 31.2232
121.422 31.2232
121.422 31.2232
121.422 31.2232
121.422 31.2232
121.422 31.2232
121.422 31.2232
121.422 31.2232
121.422 31.2232
121.422 31.2232
121.422 31.2232
121.422 31.2232
121.422 31.2232
121.422 31.2232
121.422 31.2232
121.422 31.2232
121.422 31.2232
121.422 31.2232
121.422 31.2232
121.422 31.2232
121.422 31.2232
121.422 31.2232
121.422 31.2232
121.422 31.2232
121.422 31.2232
121.422 31.2232
121.422 31.2232
121.422 31.2232
121.422 31.2232
121.422 31.2232
121.422 31.2232
121.423 31.2232
121.423 31.2232
121.423 31.2231
121.423 31.2231
121.423 31.2231
121.423 31.2231
121.422 31.2231
121.422 31.2231
121.422 31.223
121.422 31.223
121.422 31.223
121.422 31.223
121.422 31.223
121.422 31.223
121.422 31.223
121.422 31.223
121.422 31.2231
121.422 31.2231
121.422 31.2231
121.422 31.2231
121.422 31.2231
121.422 31.2231
121.422 31.2231
121.422 31.2231
121.422 31.2231
121.422 31.2231
121.422 31.2231
121.422 31.2231
121.422 31.2231
121.422 31.2231
121.422 31.2231
121.422 31.2231
121.422 31.2231
121.422 31.2231
121.422 31.2231
121.422 31.2231
121.422 31.2231
121.422 31.2231
121.422 31.2231
121.422 31.2231
121.422 31.2231
121.422 31.2231
121.422 31.2231
121.422 31.2231
121.422 31.2231
121.422 31.2231
121.422 31.2231
121.422 31.2231
121.422 31.2231
121.422 31.2231
121.422 31.2231
121.422 31.2231
121.422 31.2231
121.422 31.2231
121.422 31.2231
121.422 31.2231
121.422 31.2231
121.422 31.2231
121.422 31.2231
121.422 31.2231
121.422 31.2231
121.422 31.2231
121.422 31.2231
121.422 31.2231
121.422 31.2231
121.422 31.2231
121.422 31.2231
121.422 31.2231
121.422 31.2231
121.422 31.2231
121.422 31.2231
121.422 31.2231
121.422 31.2231
121.422 31.2231
121.422 31.2231
121.422 31.2231
121.422 31.2231
121.422 31.2231
121.422 31.2231
121.422 31.2231
121.422 31.2231
121.422 31.2231
121.422 31.2231
121.422 31.2231
121.422 31.2231
121.422 31.2231
121.422 31.2231
121.422 31.223
121.422 31.223
121.422 31.223
121.422 31.223
121.422 31.223
121.422 31.223
121.422 31.223
121.422 31.223
121.422 31.223
121.422 31.223
121.422 31.223
121.422 31.223
121.422 31.223
121.422 31.223
121.422 31.223
121.422 31.223
121.422 31.223
121.422 31.223
121.422 31.223
121.422 31.223
121.422 31.223
121.422 31.223
121.422 31.223
121.422 31.223
121.422 31.223
121.422 31.223
121.422 31.223
121.422 31.223
121.422 31.223
121.422 31.223
121.422 31.2231
121.422 31.2231
121.422 31.2231
121.422 31.2231
121.422 31.2231
121.422 31.2231
121.422 31.2231
121.422 31.2231
121.422 31.2231
121.422 31.2231
121.422 31.2231
121.422 31.2231
121.422 31.2231
121.422 31.2231
121.422 31.2231
121.422 31.2231
121.422 31.2231
121.422 31.2231
121.422 31.2231
121.422 31.2231
121.422 31.2231
121.422 31.2231
121.422 31.2231
121.422 31.2231
121.422 31.2231
121.422 31.2231
121.422 31.2231
121.422 31.2231
121.422 31.2231
121.422 31.2231
121.422 31.2231
121.422 31.2231
121.422 31.2231
121.422 31.2231
121.422 31.2231
121.422 31.2231
121.422 31.2231
121.422 31.2231
121.422 31.2231
121.422 31.2231
121.422 31.2231
121.422 31.2231
121.422 31.2231
121.422 31.2231
121.422 31.2231
121.422 31.2231
121.422 31.2231
121.422 31.2231
121.422 31.2231
121.422 31.2231
121.422 31.2231
121.422 31.2231
121.422 31.2231
121.422 31.2231
121.422 31.2231
121.422 31.2231
121.422 31.2231
121.422 31.2231
121.422 31.2231
121.422 31.2231
121.422 31.2231
121.422 31.2231
121.422 31.223
121.422 31.2231
121.422 31.2231
121.422 31.2231
121.422 31.2231
121.422 31.2231
121.422 31.2231
121.422 31.223
121.422 31.223
121.422 31.223
121.422 31.223
121.422 31.223
121.422 31.2231
121.422 31.223
121.422 31.223
121.422 31.223
121.422 31.2231
121.422 31.2231
121.422 31.2231
121.422 31.2231
121.422 31.2231
121.422 31.2231
121.422 31.2231
121.422 31.2231
121.422 31.2231
121.422 31.2231
121.422 31.2231
121.422 31.2231
121.422 31.2231
121.422 31.2231
121.422 31.2231
121.422 31.2231
121.422 31.2231
121.422 31.2231
121.422 31.2231
121.422 31.2231
121.422 31.2231
121.422 31.2231
121.422 31.2231
121.422 31.2231
121.422 31.2231
121.422 31.2231
121.422 31.2231
121.422 31.2231
121.422 31.2231
121.422 31.2231
121.422 31.2231
121.422 31.2231
121.422 31.2231
121.422 31.2231
121.422 31.2231
121.422 31.2231
121.422 31.2231
121.422 31.2231
121.422 31.2231
121.422 31.2231
121.422 31.2231
121.422 31.2231
121.422 31.2231
121.422 31.2231
121.422 31.2231
121.422 31.2231
121.422 31.2231
121.422 31.2231
121.422 31.2231
121.422 31.2231
121.422 31.2231
121.422 31.2231
121.422 31.2231
121.422 31.2231
121.422 31.2231
121.422 31.2231
121.422 31.2231
121.422 31.2231
121.422 31.2231
121.422 31.2231
121.422 31.2231
121.422 31.2231
121.422 31.2231
121.422 31.2231
121.422 31.2231
121.422 31.2231
121.422 31.2231
121.422 31.2231
121.422 31.2231
121.422 31.2231
121.422 31.2231
121.422 31.2231
121.422 31.2231
121.422 31.2231
121.422 31.2231
121.422 31.2231
121.422 31.2231
121.422 31.2231
121.422 31.2231
121.422 31.2231
121.422 31.2231
121.422 31.2231
121.422 31.2231
121.422 31.2231
121.422 31.2231
121.422 31.2231
121.422 31.2231
121.422 31.2231
121.422 31.2231
121.422 31.2231
121.422 31.2231
121.422 31.2231
121.422 31.2231
121.422 31.2231
121.422 31.2231
121.422 31.2231
121.422 31.2231
121.422 31.2231
121.422 31.2231
121.422 31.2231
121.422 31.2231
121.422 31.2231
121.422 31.2231
121.422 31.2231
121.422 31.2231
121.422 31.2231
121.422 31.2231
121.422 31.2231
121.422 31.2231
121.422 31.2231
121.422 31.2231
121.422 31.2231
121.422 31.2231
121.422 31.2231
121.422 31.2234
121.422 31.2234
121.422 31.2235
121.422 31.2234
121.422 31.2234
121.422 31.2233
121.422 31.2233
121.422 31.2232
121.422 31.2232
121.423 31.2232
121.423 31.2232
121.423 31.2232
121.423 31.2232
121.423 31.2232
121.423 31.2233
121.423 31.2234
121.423 31.2234
121.423 31.2234
121.423 31.2235
121.423 31.2235
121.422 31.2235
121.422 31.2235
121.422 31.2235
121.422 31.2236
121.422 31.2236
121.422 31.2237
121.422 31.2238
121.422 31.2238
121.422 31.2239
121.422 31.2239
121.422 31.224
121.422 31.224
121.422 31.2241
121.422 31.224
121.422 31.224
121.422 31.224
121.422 31.224
121.421 31.2241
121.421 31.2241
121.421 31.2241
121.421 31.2241
121.421 31.2241
121.421 31.2241
121.421 31.2241
121.421 31.2241
121.421 31.2241
121.421 31.224
121.421 31.224
121.421 31.224
121.421 31.224
121.421 31.2239
121.421 31.2237
121.421 31.2237
121.421 31.2236
121.421 31.2236
121.421 31.2236
121.421 31.2236
121.421 31.2236
121.421 31.2236
121.421 31.2236
121.421 31.2236
121.421 31.2236
121.421 31.2236
121.421 31.2236
121.421 31.2237
121.421 31.2237
121.421 31.2237
121.421 31.2238
121.421 31.2238
121.421 31.2238
121.421 31.2239
121.421 31.2239
121.421 31.2239
121.421 31.2239
121.421 31.2239
121.421 31.2239
121.421 31.2239
121.421 31.2239
121.421 31.2239
121.421 31.224
121.421 31.2239
121.421 31.2239
121.421 31.2239
121.421 31.2239
121.421 31.224
121.421 31.224
121.421 31.224
121.421 31.224
121.421 31.224
121.421 31.224
121.421 31.224
121.421 31.2238
121.42 31.2235
121.42 31.2231
121.42 31.2228
121.419 31.2225
121.419 31.2222
121.418 31.2218
121.417 31.2215
121.417 31.2214
121.417 31.2214
121.417 31.2214
121.417 31.2214
121.417 31.2214
121.417 31.2214
121.417 31.2214
121.417 31.2214
121.417 31.2214
121.417 31.2214
121.417 31.2214
121.417 31.2214
121.417 31.2214
121.417 31.2214
121.417 31.2214
121.417 31.2214
121.417 31.2214
121.417 31.2214
121.417 31.2213
121.417 31.2212
121.416 31.221
121.416 31.2209
121.415 31.2208
121.415 31.2207
121.414 31.2207
121.414 31.2207
121.414 31.2207
121.414 31.2207
121.414 31.2207
121.414 31.2207
121.414 31.2207
121.414 31.2207
121.414 31.2207
121.414 31.2207
121.414 31.2207
121.414 31.2205
121.414 31.2203
121.413 31.2202
121.413 31.22
121.413 31.2199
121.412 31.2198
121.412 31.2197
121.412 31.2197
121.412 31.2197
121.412 31.2197
121.412 31.2197
121.412 31.2197
121.412 31.2197
121.412 31.2197
121.412 31.2197
121.412 31.2197
121.412 31.2197
121.412 31.2197
121.412 31.2197
121.412 31.2197
121.412 31.2197
121.412 31.2196
121.412 31.2196
121.412 31.2196
121.412 31.2196
121.412 31.2196
121.412 31.2196
121.412 31.2196
121.412 31.2197
121.412 31.2197
121.412 31.2197
121.412 31.2196
121.412 31.2196
121.412 31.2196
121.412 31.2196
121.412 31.2195
121.411 31.2196
121.411 31.2196
121.41 31.2193
121.409 31.2191
121.409 31.2191
121.408 31.2191
121.408 31.219
121.407 31.2189
121.407 31.2189
121.407 31.2189
121.407 31.2189
121.407 31.2189
121.407 31.2189
121.407 31.2189
121.407 31.2189
121.407 31.2189
121.407 31.2189
121.407 31.2189
121.407 31.2189
121.407 31.2189
121.406 31.2187
121.406 31.2186
121.406 31.2184
121.406 31.2182
121.406 31.218
121.408 31.2148
121.408 31.2147
121.408 31.2147
121.408 31.2145
121.408 31.2143
121.408 31.2139
121.408 31.2136
121.408 31.2135
121.408 31.2134
121.408 31.2133
121.408 31.2132
121.408 31.2132
121.408 31.2131
121.408 31.2131
121.408 31.2131
121.408 31.2131
121.408 31.213
121.408 31.2127
121.408 31.2124
121.408 31.2121
121.408 31.2118
121.408 31.2115
121.407 31.2108
121.407 31.211
121.407 31.2111
121.407 31.2112
121.406 31.2114
121.406 31.2115
121.405 31.2117
121.405 31.2117
121.405 31.2117
121.405 31.2117
121.405 31.2117
121.405 31.2118
121.405 31.2119
121.405 31.2119
121.404 31.212
121.404 31.2121
121.404 31.2121
121.404 31.2121
121.404 31.2121
121.404 31.2121
121.404 31.2121
121.404 31.2122
121.403 31.2123
121.403 31.2124
121.402 31.2125
121.402 31.2126
121.401 31.2125
121.401 31.2126
121.4 31.2127
121.4 31.2127
121.399 31.2128
121.399 31.2129
121.398 31.213
121.398 31.2129
121.398 31.213
121.398 31.213
121.398 31.213
121.398 31.213
121.398 31.2129
121.398 31.2129
121.398 31.2129
121.398 31.2129
121.398 31.2129
121.398 31.2129
121.397 31.213
121.397 31.2131
121.397 31.213
121.397 31.213
121.397 31.213
121.397 31.213
121.397 31.213
121.397 31.213
121.397 31.213
121.397 31.213
121.397 31.213
121.397 31.213
121.397 31.2129
121.397 31.2129
121.396 31.213
121.396 31.2132
121.396 31.2134
121.396 31.2134
121.396 31.2135
121.396 31.2135
121.396 31.2136
121.396 31.2136
121.396 31.2136
121.396 31.2136
121.396 31.2136
121.395 31.2136
121.395 31.2136
121.395 31.2136
121.395 31.2137
121.395 31.2137
121.395 31.2138
121.395 31.2138
121.395 31.2138
121.395 31.2139
121.395 31.2139
121.395 31.2139
121.394 31.2139
121.394 31.214
121.394 31.2142
121.393 31.2144
121.392 31.2145
121.392 31.2146
121.392 31.2146
121.392 31.2147
121.392 31.2146
121.392 31.2146
121.392 31.2146
121.392 31.2146
121.392 31.2146
121.392 31.2146
121.392 31.2146
121.392 31.2146
121.392 31.2146
121.392 31.2146
121.392 31.2146
121.392 31.2147
121.392 31.2147
121.391 31.2148
121.391 31.2148
121.391 31.2149
121.39 31.215
121.39 31.215
121.389 31.2151
121.389 31.2151
121.389 31.2152
121.389 31.2153
121.389 31.2153
121.389 31.2153
121.389 31.2152
121.389 31.2152
121.388 31.2153
121.388 31.2154
121.387 31.2155
121.387 31.2155
121.387 31.2154
121.387 31.2153
121.387 31.2151
121.387 31.2149
121.387 31.2147
121.387 31.2144
121.387 31.2142
121.387 31.2143
121.387 31.2142
121.387 31.2141
121.387 31.214
121.387 31.214
121.387 31.214
121.387 31.2139
121.387 31.2138
121.387 31.2132
121.387 31.2129
121.387 31.2126
121.387 31.2124
121.387 31.2121
121.387 31.2119
121.387 31.2115
121.387 31.211
121.386 31.2104
121.386 31.2098
121.386 31.2093
121.386 31.209
121.386 31.209
121.386 31.209
121.386 31.209
121.386 31.209
121.386 31.209
121.386 31.209
121.386 31.2088
121.386 31.2086
121.386 31.2086
121.386 31.2085
121.386 31.2083
121.386 31.208
121.386 31.2077
121.386 31.2075
121.386 31.2074
121.386 31.2074
121.386 31.2074
121.386 31.2074
121.386 31.2073
121.386 31.2073
121.386 31.2072
121.386 31.2072
121.386 31.2072
121.386 31.2072
121.386 31.2072
121.386 31.2072
121.386 31.2072
121.386 31.2072
121.386 31.2072
121.386 31.2072
121.386 31.2071
121.386 31.207
121.387 31.2069
121.387 31.2068
121.387 31.2065
121.387 31.2064
121.387 31.2061
121.387 31.2059
121.387 31.2057
121.387 31.2055
121.387 31.2051
121.387 31.2048
121.387 31.2044
121.387 31.204
121.387 31.2037
121.387 31.2034
121.387 31.2033
121.387 31.2032
121.387 31.2032
121.387 31.2032
121.387 31.2032
121.387 31.2032
121.387 31.2032
121.387 31.2032
121.387 31.203
121.387 31.2027
121.388 31.2023
121.388 31.202
121.388 31.2019
121.388 31.2017
121.388 31.2017
121.388 31.2016
121.387 31.2015
121.387 31.2014
121.386 31.2012
121.386 31.2009
121.386 31.2007
121.385 31.2004
121.384 31.2002
121.384 31.2001
121.384 31.2001
121.384 31.2001
121.384 31.2001
121.384 31.2001
121.384 31.2
121.384 31.1999
121.383 31.1999
121.383 31.1998
121.383 31.1998
121.383 31.1998
121.383 31.1998
121.383 31.1998
121.383 31.1998
121.383 31.1998
121.383 31.1998
121.383 31.1999
121.383 31.1999
121.383 31.1999
121.383 31.1999
121.383 31.1999
121.383 31.1999
121.383 31.1999
121.383 31.1999
121.383 31.1999
121.383 31.1998
121.383 31.1997
121.382 31.1996
121.382 31.1995
121.381 31.1993
121.38 31.1991
121.379 31.1989
121.379 31.1987
121.379 31.1986
121.379 31.1986
121.379 31.1985
121.378 31.1983
121.378 31.198
121.378 31.1977
121.377 31.1976
121.377 31.1975
121.377 31.1973
121.376 31.1971
121.376 31.1968
121.375 31.1964
121.374 31.196
121.374 31.1957
121.373 31.1954
121.373 31.195
121.373 31.1946
121.372 31.1943
121.371 31.194
121.371 31.1939
121.371 31.1938
121.371 31.1938
121.371 31.1937
121.37 31.1935
121.37 31.1934
121.37 31.1932
121.369 31.1931
121.369 31.193
121.369 31.193
121.369 31.193
121.369 31.193
121.369 31.193
121.369 31.193
121.369 31.1929
121.369 31.1928
121.368 31.1927
121.368 31.1927
121.368 31.1927
121.368 31.1927
121.368 31.1927
121.368 31.1927
121.368 31.1927
121.368 31.1927
121.367 31.1925
121.367 31.1923
121.367 31.1923
121.366 31.1922
121.366 31.1921
121.365 31.192
121.365 31.1919
121.364 31.1919
121.364 31.192
121.364 31.192
121.364 31.1922
121.364 31.1923
121.363 31.1924
121.363 31.1924
121.363 31.1923
121.362 31.1922
121.362 31.1921
121.362 31.1921
121.361 31.1921
121.361 31.1921
121.361 31.1921
121.361 31.1921
121.361 31.1921
121.361 31.192
121.361 31.192
121.361 31.192
121.361 31.1918
121.36 31.1917
121.36 31.1915
121.359 31.1912
121.359 31.1907
121.358 31.1903
121.358 31.1899
121.357 31.1897
121.356 31.1894
121.356 31.1892
121.355 31.189
121.354 31.1888
121.354 31.1887
121.354 31.1887
121.354 31.1887
121.354 31.1887
121.354 31.1887
121.354 31.1887
121.354 31.1887
121.354 31.1885
121.353 31.1886
121.353 31.1888
121.353 31.1889
121.352 31.1893
121.352 31.1896
121.352 31.19
121.351 31.1902
121.351 31.1902
121.351 31.1902
121.351 31.1902
121.351 31.1903
121.351 31.1906
121.351 31.191
121.35 31.1915
121.35 31.192
121.35 31.1925
121.349 31.193
121.349 31.1935
121.348 31.1939
121.348 31.1943
121.347 31.1948
121.347 31.1951
121.347 31.1953
121.347 31.1954
121.347 31.1954
121.347 31.1954
121.347 31.1954
121.347 31.1954
121.347 31.1954
121.346 31.1955
121.346 31.1956
121.346 31.1957
121.345 31.1959
121.345 31.1961
121.344 31.1962
121.344 31.1963
121.344 31.1964
121.343 31.1965
121.343 31.1965
116.58 40.0675
116.583 40.0668
116.583 40.0658
116.583 40.0649
116.583 40.0637
116.583 40.0627
116.583 40.0618
116.583 40.0608
116.583 40.0599
116.583 40.0589
116.584 40.0579
116.584 40.057
116.584 40.0561
116.584 40.0551
116.584 40.0542
116.584 40.0533
116.583 40.0525
116.583 40.0516
116.582 40.0507
116.582 40.05
116.581 40.0493
116.58 40.0486
116.58 40.0481
116.579 40.0478
116.579 40.0475
116.578 40.0473
116.578 40.0474
116.578 40.0467
116.577 40.0463
116.577 40.0458
116.576 40.0454
116.576 40.0449
116.575 40.0444
116.574 40.0437
116.574 40.0431
116.573 40.0424
116.573 40.0416
116.572 40.0408
116.572 40.04
116.571 40.0393
116.57 40.0385
116.57 40.0377
116.569 40.037
116.568 40.0363
116.567 40.0356
116.566 40.035
116.565 40.0345
116.564 40.0339
116.563 40.0334
116.562 40.0329
116.561 40.0323
116.559 40.0317
116.558 40.0312
116.557 40.0306
116.556 40.03
116.555 40.0296
116.553 40.0292
116.552 40.0288
116.551 40.0285
116.55 40.0281
116.548 40.0277
116.547 40.0273
116.546 40.0269
116.545 40.0264
116.543 40.026
116.542 40.0256
116.541 40.0251
116.54 40.0246
116.538 40.0242
116.537 40.0237
116.536 40.0233
116.535 40.0229
116.533 40.0224
116.532 40.022
116.531 40.0216
116.53 40.0211
116.528 40.0207
116.527 40.0203
116.526 40.0198
116.525 40.0194
116.524 40.0189
116.522 40.0185
116.521 40.0181
116.52 40.0177
116.519 40.0173
116.518 40.0168
116.516 40.0163
116.515 40.0158
116.514 40.0152
116.513 40.0146
116.512 40.0139
116.511 40.0133
116.51 40.0126
116.509 40.0119
116.509 40.0111
116.508 40.0103
116.507 40.0096
116.506 40.0088
116.505 40.008
116.504 40.0071
116.503 40.0064
116.503 40.0056
116.502 40.0049
116.501 40.0042
116.5 40.0036
116.5 40.003
116.499 40.0024
116.498 40.0018
116.498 40.0011
116.497 40.0005
116.496 39.9998
116.495 39.999
116.494 39.9983
116.494 39.9975
116.493 39.9967
116.492 39.9959
116.491 39.995
116.49 39.9942
116.489 39.9934
116.488 39.9926
116.487 39.9918
116.486 39.9909
116.485 39.9901
116.485 39.9893
116.484 39.9885
116.483 39.9878
116.482 39.987
116.481 39.9862
116.48 39.9854
116.479 39.9846
116.478 39.9837
116.478 39.983
116.477 39.9822
116.476 39.9814
116.475 39.9806
116.474 39.9797
116.473 39.9789
116.472 39.9782
116.471 39.9774
116.47 39.9767
116.47 39.9759
116.469 39.9751
116.468 39.9744
116.467 39.9737
116.466 39.973
116.466 39.9725
116.465 39.9721
116.464 39.9719
116.463 39.9718
116.462 39.9718
116.461 39.9719
116.461 39.9721
116.46 39.9725
116.459 39.973
116.458 39.9735
116.458 39.9738
116.457 39.9741
116.457 39.9744
116.456 39.9749
116.455 39.9753
116.455 39.9758
116.454 39.9764
116.453 39.9769
116.452 39.9775
116.451 39.978
116.45 39.9786
116.45 39.9791
116.449 39.9796
116.448 39.9801
116.447 39.9806
116.446 39.9811
116.446 39.9817
116.445 39.9822
116.444 39.9827
116.443 39.9832
116.442 39.9837
116.442 39.9842
116.441 39.9846
116.44 39.9849
116.439 39.9852
116.439 39.9855
116.438 39.9859
116.437 39.9863
116.436 39.9867
116.435 39.9871
116.434 39.9874
116.433 39.9876
116.432 39.9878
116.431 39.9879
116.43 39.988
116.429 39.988
116.428 39.9879
116.427 39.9879
116.427 39.9879
116.426 39.9879
116.425 39.9878
116.424 39.9878
116.423 39.9878
116.422 39.9878
116.42 39.9877
116.419 39.9877
116.419 39.9877
116.418 39.9877
116.417 39.9877
116.416 39.9876
116.415 39.9877
116.414 39.9876
116.414 39.9876
116.413 39.9876
116.413 39.9877
116.413 39.9877
116.412 39.9878
116.412 39.9878
116.412 39.9878
116.411 39.9877
116.411 39.9877
116.411 39.9877
116.411 39.9877
116.411 39.9877
116.411 39.9877
116.411 39.9877
116.411 39.9877
116.411 39.9877
116.411 39.9877
116.411 39.9877
116.411 39.9877
116.411 39.9877
116.411 39.9876
116.411 39.9876
116.411 39.9877
116.41 39.9877
116.41 39.9877
116.409 39.9877
116.408 39.9877
116.407 39.9876
116.406 39.9876
116.406 39.9875
116.405 39.9875
116.404 39.9875
116.403 39.9875
116.403 39.9874
116.402 39.9873
116.402 39.9873
116.402 39.9873
116.402 39.9873
116.402 39.9873
116.402 39.9873
116.402 39.9873
116.402 39.9873
116.402 39.9873
116.402 39.9873
116.402 39.9873
116.402 39.9873
116.402 39.9873
116.402 39.9873
116.402 39.9873
116.402 39.9873
116.402 39.9873
116.402 39.9873
116.402 39.9873
116.401 39.9873
116.401 39.9872
116.4 39.9872
116.399 39.9872
116.398 39.9872
116.398 39.9871
116.397 39.9871
116.396 39.9871
116.395 39.987
116.394 39.987
116.394 39.987
116.393 39.987
116.392 39.9869
116.391 39.9869
116.39 39.9869
116.389 39.9868
116.388 39.9868
116.387 39.9868
116.386 39.9867
116.386 39.9867
116.385 39.9867
116.384 39.9866
116.383 39.9866
116.382 39.9866
116.381 39.9866
116.38 39.9866
116.379 39.9866
116.378 39.9865
116.377 39.9865
116.376 39.9865
116.375 39.9865
116.374 39.9864
116.373 39.9863
116.372 39.9863
116.371 39.9863
116.37 39.9862
116.369 39.9862
116.367 39.9862
116.366 39.9862
116.365 39.9861
116.364 39.9861
116.363 39.986
116.361 39.986
116.36 39.986
116.359 39.9859
116.358 39.9859
116.357 39.9859
116.355 39.9859
116.354 39.9858
116.353 39.9858
116.352 39.9858
116.351 39.9858
116.35 39.9857
116.349 39.9856
116.347 39.9856
116.346 39.9855
116.345 39.9855
116.344 39.9855
116.343 39.9855
116.342 39.9855
116.341 39.9855
116.34 39.9855
116.339 39.9854
116.339 39.9854
116.338 39.9855
116.338 39.9855
116.337 39.9855
116.337 39.9855
116.337 39.9855
116.337 39.9855
116.337 39.9855
116.337 39.9855
116.337 39.9855
116.337 39.9855
116.337 39.9855
116.337 39.9855
116.337 39.9855
116.337 39.9855
116.337 39.9855
116.337 39.9855
116.337 39.9855
116.337 39.9855
116.337 39.9855
116.336 39.9855
116.335 39.9854
116.335 39.9853
116.334 39.9851
116.333 39.9851
116.332 39.9849
116.331 39.9848
116.33 39.9847
116.329 39.9846
116.328 39.9847
116.327 39.9847
116.327 39.9847
116.326 39.9847
116.325 39.9846
116.324 39.9846
116.324 39.9846
116.323 39.9847
116.323 39.9847
116.323 39.9847
116.323 39.9847
116.323 39.9847
116.323 39.9847
116.323 39.9847
116.323 39.9847
116.323 39.9847
116.323 39.9847
116.323 39.9847
116.323 39.9847
116.323 39.9847
116.323 39.9847
116.323 39.9847
116.323 39.9847
116.323 39.9847
116.323 39.9847
116.323 39.9847
116.323 39.9847
116.323 39.9847
116.323 39.9848
116.323 39.9847
116.323 39.9847
116.323 39.9847
116.323 39.9848
116.323 39.9848
116.324 39.9848
116.324 39.9848
116.324 39.9849
116.324 39.9849
116.324 39.9849
116.325 39.9849
116.325 39.9849
116.325 39.9849
116.325 39.9849
116.325 39.985
116.326 39.985
116.326 39.985
116.326 39.985
116.326 39.985
116.327 39.985
116.327 39.985
116.327 39.985
116.327 39.985
116.327 39.985
116.327 39.985
116.327 39.985
116.327 39.985
116.327 39.985
116.327 39.9851
116.327 39.9851
116.327 39.9851
116.327 39.985
116.327 39.985
116.327 39.985
116.327 39.985
116.327 39.9851
116.327 39.9851
116.327 39.9851
116.327 39.9851
116.327 39.9851
116.327 39.9851
116.327 39.9852
116.327 39.9853
116.327 39.9854
116.327 39.9855
116.327 39.9856
116.327 39.9858
116.327 39.9859
116.327 39.986
116.327 39.9862
116.327 39.9863
116.327 39.9864
116.327 39.9865
116.327 39.9866
116.327 39.9868
116.327 39.9869
116.327 39.9871
116.327 39.9873
116.327 39.9875
116.327 39.9877
116.327 39.9878
116.327 39.9879
116.327 39.9881
116.327 39.9882
116.327 39.9884
116.327 39.9885
116.327 39.9887
116.327 39.9888
116.327 39.989
116.327 39.9891
116.327 39.9893
116.327 39.9895
116.327 39.9897
116.327 39.9899
116.327 39.9901
116.327 39.9902
116.327 39.9903
116.327 39.9905
116.327 39.9906
116.327 39.9906
116.327 39.9907
116.327 39.9908
116.327 39.9909
116.327 39.9911
116.327 39.9911
116.327 39.9911
116.327 39.9911
116.327 39.9911
116.327 39.9911
116.327 39.9911
116.327 39.9911
116.327 39.9911
116.327 39.9911
116.327 39.9911
116.327 39.9911
116.327 39.9911
116.327 39.9911
116.327 39.9911
116.327 39.9911
116.327 39.9911
116.327 39.9911
116.327 39.9911
116.327 39.9911
116.327 39.9912
116.327 39.9913
116.327 39.9914
116.327 39.9916
116.327 39.9917
116.327 39.9919
116.327 39.9921
116.327 39.9922
116.327 39.9923
116.327 39.9925
116.327 39.9927
116.327 39.9928
116.327 39.993
116.327 39.9931
116.327 39.9932
116.327 39.9934
116.327 39.9935
116.327 39.9936
116.327 39.9937
116.327 39.9939
116.327 39.994
116.327 39.9942
116.327 39.9944
116.327 39.9946
116.327 39.9949
116.327 39.9951
116.327 39.9952
116.327 39.9954
116.327 39.9956
116.327 39.9958
116.327 39.996
116.327 39.9962
116.327 39.9963
116.327 39.9965
116.327 39.9967
116.327 39.9969
116.327 39.9971
116.327 39.9973
116.327 39.9975
116.327 39.9977
116.327 39.9979
116.327 39.9981
116.327 39.9983
116.327 39.9985
116.327 39.9987
116.327 39.9989
116.327 39.9991
116.327 39.9993
116.327 39.9994
116.327 39.9996
116.327 39.9998
116.327 39.9999
116.327 39.9999
116.327 39.9999
116.327 39.9999
116.327 39.9999
116.327 40
116.327 40.0001
116.327 40.0001
116.327 40.0001
116.327 40
116.327 40
116.327 40
116.327 40
116.327 40
116.327 40.0001
116.327 40.0001
116.327 40.0002
116.327 40.0003
116.327 40.0003
116.328 40.0003
116.328 40.0004
116.328 40.0003
116.327 40.0003
116.327 40.0003
116.327 40.0002
