116.315 40.0102
116.315 40.01
116.315 40.0099
116.315 40.0099
116.315 40.01
116.315 40.0101
116.315 40.0101
116.315 40.01
116.314 40.01
116.314 40.0098
116.314 40.0097
116.315 40.0096
116.315 40.0096
116.315 40.0096
116.315 40.0096
116.315 40.0097
116.316 40.0098
116.316 40.0098
116.316 40.0097
116.316 40.0095
116.316 40.0095
116.316 40.0095
116.316 40.0095
116.316 40.0094
116.316 40.0094
116.316 40.0094
116.316 40.0094
116.316 40.0092
116.316 40.0091
116.316 40.009
116.317 40.009
116.317 40.009
116.317 40.0091
116.317 40.0091
116.317 40.0091
116.318 40.009
116.318 40.0089
116.318 40.0088
116.318 40.0086
116.318 40.0084
116.318 40.0082
116.318 40.008
116.318 40.0078
116.318 40.0076
116.318 40.0074
116.318 40.0072
116.318 40.007
116.318 40.0067
116.318 40.0066
116.318 40.0063
116.318 40.0061
116.318 40.0059
116.318 40.0057
116.318 40.0055
116.318 40.0053
116.318 40.0051
116.318 40.0049
116.318 40.0048
116.317 40.0047
116.317 40.0048
116.317 40.0048
116.317 40.0046
116.317 40.0044
116.317 40.0042
116.317 40.0041
116.317 40.0039
116.317 40.0036
116.317 40.0034
116.317 40.0032
116.317 40.0031
116.317 40.003
116.317 40.003
116.318 40.003
116.318 40.0029
116.318 40.0027
116.318 40.0026
116.318 40.0024
116.318 40.0022
116.318 40.0021
116.318 40.002
116.318 40.002
116.319 40.0019
116.319 40.0018
116.319 40.0016
116.319 40.0014
116.319 40.0013
116.319 40.0011
116.319 40.001
116.319 40.001
116.319 40.001
116.319 40.001
116.319 40.001
116.319 40.001
116.319 40.001
116.319 40.0009
116.319 40.001
116.319 40.001
116.319 40.001
116.319 40.0011
116.319 40.0011
116.319 40.0011
116.319 40.0011
116.319 40.0011
116.319 40.0011
116.319 40.0011
116.319 40.0011
116.319 40.0011
116.319 40.0011
116.319 40.0011
116.319 40.0011
116.319 40.0011
116.319 40.0011
116.319 40.0011
116.319 40.0011
116.319 40.0011
116.319 40.0011
116.319 40.0012
116.319 40.0013
116.319 40.0014
116.319 40.0014
116.318 40.0014
116.318 40.0014
116.318 40.0014
116.318 40.0014
116.318 40.0014
116.318 40.0015
116.318 40.0015
116.318 40.0016
116.318 40.0016
116.318 40.0016
116.318 40.0016
116.318 40.0016
116.318 40.0016
116.318 40.0016
116.318 40.0016
116.319 40.0014
116.319 40.0013
116.319 40.0012
116.319 40.0009
116.319 40.0009
116.319 40.0009
116.319 40.0009
116.319 40.0009
116.319 40.0009
116.319 40.0009
116.319 40.0009
116.319 40.0008
116.319 40.0007
116.318 40.0006
116.318 40.0006
116.318 40.0004
116.318 40.0002
116.318 40.0001
116.318 39.9999
116.318 39.9997
116.318 39.9996
116.319 39.9996
116.319 39.9997
116.319 39.9997
116.319 39.9997
116.319 39.9997
116.32 39.9997
116.32 39.9997
116.32 39.9997
116.32 39.9997
116.321 39.9997
116.321 39.9997
116.321 39.9997
116.321 39.9997
116.322 39.9997
116.322 39.9997
116.322 39.9998
116.322 39.9998
116.323 39.9998
116.323 39.9998
116.323 39.9998
116.323 39.9998
116.323 39.9999
116.324 39.9999
116.324 39.9999
116.324 39.9999
116.324 39.9998
116.324 39.9998
116.325 39.9999
116.325 39.9999
116.325 39.9999
116.326 39.9999
116.326 39.9999
116.326 39.9999
116.327 39.9999
116.327 39.9999
116.327 39.9999
116.327 40
116.327 39.9999
116.327 39.9999
116.327 39.9999
116.327 39.9999
116.327 39.9999
116.327 39.9999
116.327 39.9999
116.327 39.9999
116.327 39.9999
116.327 39.9999
116.327 39.9999
116.327 39.9999
116.327 39.9999
116.327 39.9999
116.327 39.9999
116.327 39.9999
116.327 39.9999
116.327 39.9999
116.327 39.9999
116.327 39.9999
116.327 39.9999
116.327 39.9999
116.327 40
116.327 40
116.327 40
116.327 40
116.327 40
116.327 40
116.327 40.0001
116.327 40.0001
116.327 40.0002
116.327 40.0003
116.327 40.0003
116.327 40.0004
116.327 40.0003
116.327 40.0003
116.327 40.0003
116.327 40.0003
116.327 40.0004
116.327 40.0004
116.327 40.0004
116.327 40.0004
116.327 40.0002
116.327 40.0002
116.327 40.0001
116.327 40
116.327 39.9999
116.327 39.9999
116.327 39.9999
116.327 40
116.327 39.9999
116.327 39.9999
116.327 39.9999
116.327 39.9999
116.326 39.9999
116.326 39.9999
116.326 39.9999
116.326 39.9999
116.326 39.9998
116.326 39.9998
116.326 39.9997
116.326 39.9997
116.325 39.9997
116.325 39.9998
116.325 39.9998
116.325 39.9998
116.325 39.9999
116.325 39.9999
116.325 40
116.325 40.0001
116.325 40.0001
116.325 40.0002
116.325 40.0003
116.325 40.0004
116.325 40.0005
116.325 40.0009
116.325 40.0009
116.325 40.001
116.325 40.0011
116.325 40.0012
116.325 40.0013
116.325 40.0015
116.324 40.0018
116.324 40.0021
116.324 40.0022
116.324 40.0022
116.324 40.0022
116.324 40.0023
116.324 40.0024
116.324 40.0024
116.324 40.0025
116.324 40.0027
116.324 40.003
116.324 40.0032
116.324 40.0033
116.324 40.0034
116.324 40.0034
116.324 40.0036
116.324 40.0037
116.324 40.0038
116.324 40.004
116.324 40.0042
116.324 40.0043
116.324 40.0044
116.324 40.0045
116.324 40.0047
116.324 40.0048
116.324 40.005
116.324 40.0051
116.324 40.0052
116.324 40.0053
116.324 40.0054
116.324 40.0056
116.324 40.0059
116.324 40.006
116.324 40.0061
116.324 40.0063
116.324 40.0064
116.324 40.0064
116.324 40.0065
116.324 40.0067
116.324 40.0068
116.324 40.007
116.324 40.0071
116.324 40.0072
116.324 40.0074
116.324 40.0075
116.324 40.0077
116.324 40.0079
116.324 40.0081
116.324 40.0082
116.324 40.0084
116.324 40.0086
116.324 40.0087
116.324 40.0089
116.324 40.009
116.324 40.0092
116.324 40.0093
116.324 40.0093
116.324 40.0093
116.324 40.0093
116.323 40.0093
116.323 40.0093
116.323 40.0093
116.323 40.0094
116.323 40.0094
116.323 40.0095
116.323 40.0096
116.323 40.0099
116.322 40.01
116.322 40.01
116.323 40.01
116.322 40.01
116.322 40.0101
116.322 40.0101
116.322 40.0102
116.322 40.0102
116.323 40.0102
116.323 40.0102
116.323 40.0102
116.323 40.0102
116.323 40.0102
116.323 40.0102
116.323 40.0102
116.323 40.0102
116.323 40.0103
116.323 40.0103
116.323 40.0103
116.323 40.0103
116.323 40.0103
116.323 40.0103
116.323 40.0103
116.323 40.0103
116.323 40.0103
116.323 40.0104
116.323 40.0112
116.323 40.0113
116.323 40.0113
116.323 40.0113
116.323 40.0113
116.323 40.0114
116.323 40.0114
116.322 40.0114
116.322 40.0114
116.322 40.0114
116.322 40.0114
116.322 40.0113
116.322 40.0113
116.322 40.0113
116.322 40.0113
116.322 40.0113
116.322 40.0113
116.322 40.0112
116.322 40.0111
116.322 40.011
116.322 40.0108
116.322 40.0107
116.322 40.0106
116.322 40.0105
116.322 40.0104
116.322 40.0102
116.322 40.0101
116.322 40.01
116.322 40.01
116.322 40.01
116.322 40.01
116.322 40.01
116.322 40.0101
116.322 40.0101
116.322 40.0101
116.322 40.0101
116.322 40.0101
116.322 40.0101
116.322 40.0102
116.322 40.0102
116.322 40.0102
116.322 40.0103
116.322 40.0103
116.322 40.0103
116.322 40.0103
116.322 40.0104
116.322 40.0104
116.322 40.0105
116.322 40.0105
116.322 40.0104
116.322 40.0104
116.322 40.0103
116.322 40.0103
116.322 40.0103
116.322 40.0103
116.322 40.0103
116.322 40.0103
116.322 40.0103
116.323 40.0103
116.323 40.0104
116.323 40.0104
116.323 40.0104
116.323 40.0104
116.323 40.0104
116.323 40.0104
116.323 40.0103
116.322 40.0102
116.322 40.0101
116.322 40.0101
116.322 40.0101
116.322 40.0101
116.322 40.01
116.322 40.0099
116.322 40.0099
116.323 40.0098
116.323 40.0098
116.323 40.0097
116.323 40.0097
116.323 40.0098
116.322 40.0099
116.322 40.01
116.322 40.0101
116.322 40.0102
116.322 40.0103
116.322 40.0104
116.322 40.0105
116.322 40.0107
116.322 40.0109
116.322 40.0111
116.322 40.0114
116.322 40.0115
116.322 40.0115
116.322 40.0114
116.322 40.0113
116.322 40.0111
116.322 40.0109
116.322 40.0108
116.323 40.0107
116.322 40.0106
116.322 40.0105
116.323 40.0105
116.323 40.0104
116.323 40.0103
116.323 40.0101
116.323 40.0099
116.323 40.0098
116.323 40.0099
116.323 40.0099
116.323 40.01
116.323 40.0101
116.323 40.0103
116.323 40.0104
116.323 40.0105
116.322 40.0105
116.322 40.0106
116.322 40.0107
116.322 40.0107
116.322 40.0107
116.322 40.0107
116.322 40.0106
116.322 40.0107
116.322 40.0106
116.323 40.0105
116.323 40.0104
116.323 40.0104
116.323 40.0104
116.323 40.0102
116.323 40.01
116.323 40.0099
116.323 40.0097
116.323 40.0094
116.323 40.0093
116.323 40.0091
116.323 40.0088
116.323 40.0085
116.323 40.0085
116.323 40.0085
116.323 40.0085
116.323 40.0085
116.323 40.0085
116.323 40.0087
116.323 40.0087
116.323 40.0088
116.323 40.009
116.323 40.0091
116.323 40.0092
116.323 40.0092
116.323 40.0093
116.323 40.0095
116.323 40.0097
116.323 40.01
116.323 40.0103
116.322 40.0105
116.322 40.0106
116.322 40.0106
116.322 40.0106
116.322 40.0106
116.322 40.0106
116.323 40.0105
116.323 40.0104
116.323 40.0101
116.323 40.0099
116.323 40.0098
116.323 40.0099
116.322 40.0101
116.322 40.0101
116.322 40.01
116.322 40.01
116.322 40.01
116.322 40.0099
116.322 40.0099
116.322 40.0099
116.323 40.01
116.322 40.0101
116.322 40.0101
116.322 40.0101
116.322 40.0101
116.322 40.01
116.323 40.0098
116.323 40.0097
116.323 40.0097
116.323 40.0097
116.323 40.0097
116.323 40.0097
116.323 40.0098
116.323 40.0098
116.323 40.0098
116.323 40.0098
116.323 40.0098
116.323 40.0098
116.323 40.0099
116.323 40.0098
116.323 40.0098
116.323 40.0098
116.323 40.0099
116.323 40.0099
116.323 40.01
116.323 40.01
116.323 40.0103
116.323 40.0103
116.323 40.0101
116.323 40.0099
116.323 40.0099
116.323 40.0099
116.323 40.01
116.323 40.0099
116.323 40.0098
116.323 40.0098
116.323 40.0098
116.323 40.0098
116.323 40.0098
116.323 40.0098
116.323 40.0097
116.323 40.0097
116.323 40.0097
116.323 40.0097
116.323 40.0096
116.323 40.0095
116.323 40.0095
116.323 40.0095
116.323 40.0095
116.323 40.0095
116.323 40.0095
116.323 40.0093
116.323 40.0091
116.323 40.0093
116.323 40.0093
116.323 40.0093
116.323 40.0093
116.323 40.0093
116.323 40.0093
116.323 40.0093
116.323 40.0093
116.323 40.0093
116.323 40.0093
116.323 40.0093
116.323 40.0093
116.323 40.0093
116.323 40.0093
116.323 40.0093
116.323 40.0093
116.323 40.0095
116.323 40.0094
116.323 40.0094
116.323 40.0094
116.323 40.0093
116.322 40.0094
116.322 40.0094
116.323 40.0094
116.323 40.0094
116.323 40.0094
116.323 40.0094
116.323 40.0095
116.323 40.0095
116.323 40.0096
116.324 40.0096
116.324 40.0097
116.324 40.0095
116.324 40.0093
116.324 40.0092
116.324 40.009
116.324 40.0089
116.324 40.0087
116.324 40.0086
116.324 40.0084
116.324 40.0083
116.324 40.0082
116.324 40.0081
116.324 40.008
116.324 40.0078
116.324 40.0077
116.324 40.0076
116.324 40.0074
116.324 40.0073
116.324 40.0071
116.324 40.007
116.324 40.0068
116.324 40.0067
116.324 40.0066
116.324 40.0064
116.324 40.0063
116.324 40.0061
116.325 40.0059
116.325 40.0058
116.325 40.0056
116.325 40.0055
116.324 40.0054
116.324 40.0052
116.324 40.0051
116.325 40.0049
116.325 40.0048
116.325 40.0046
116.325 40.0045
116.325 40.0043
116.325 40.0041
116.325 40.004
116.325 40.0038
116.325 40.0037
116.325 40.0036
116.325 40.0035
116.325 40.0034
116.325 40.0033
116.325 40.0031
116.325 40.003
116.325 40.0028
116.325 40.0027
116.325 40.0026
116.325 40.0024
116.325 40.0023
116.324 40.0022
116.325 40.002
116.325 40.0018
116.325 40.0017
116.324 40.0016
116.325 40.0014
116.324 40.0013
116.325 40.0011
116.325 40.001
116.325 40.0008
116.325 40.0007
116.325 40.0005
116.325 40.0003
116.325 40.0002
116.325 40
116.325 39.9999
116.325 39.9998
116.325 39.9998
116.325 39.9998
116.325 39.9998
116.325 39.9998
116.326 39.9998
116.326 39.9998
116.326 39.9999
116.326 40
116.326 40
116.327 40
116.327 40.0001
116.327 40.0001
116.327 40.0001
116.327 40
116.327 40
116.327 40
116.327 40
116.327 40
116.327 40
116.327 40
116.327 40
116.327 40
116.327 40.0001
116.327 40.0001
116.327 40.0001
116.327 40.0001
116.327 40.0001
116.327 40.0001
116.327 40.0001
116.327 40
116.327 40.0001
116.327 40.0001
116.327 40.0001
116.327 40.0002
116.327 40.0002
116.327 40.0003
116.327 40.0003
116.327 40.0003
116.327 40.0003
116.327 40.0003
116.327 40.0003
116.327 40.0004
116.327 40.0004
116.327 40.0005
116.327 40.0005
116.327 40.0005
116.327 40.0005
116.327 40.0004
116.327 40.0004
116.327 40.0005
116.327 40.0003
116.327 39.9998
116.328 40
116.327 39.9998
116.327 39.9991
116.327 40.0002
116.327 39.9992
116.327 39.9999
116.326 39.9998
116.326 39.9998
116.326 39.9998
116.325 39.9998
116.325 39.9998
116.325 39.9998
116.325 39.9998
116.324 39.9998
116.324 39.9998
116.324 39.9998
116.323 39.9998
116.323 39.9998
116.323 39.9998
116.322 39.9998
116.322 39.9997
116.322 39.9997
116.321 39.9997
116.321 39.9997
116.321 39.9998
116.32 39.9998
116.32 39.9998
116.32 39.9999
116.32 40
116.32 40.0002
116.32 40.0005
116.32 40.0007
116.32 40.0008
116.32 40.0007
116.32 40.0006
116.32 40.0008
116.319 40.0009
116.319 40.001
116.319 40.001
116.319 40.001
116.319 40.001
116.319 40.001
116.319 40.0011
116.319 40.0011
116.319 40.0011
116.319 40.0011
116.319 40.001
116.319 40.0009
116.32 40.0009
116.32 40.001
116.32 40.0009
116.32 40.0008
116.32 40.0006
116.32 40.0004
116.32 40.0002
116.32 40
116.32 39.9998
116.32 39.9997
116.32 39.9996
116.32 39.9996
116.321 39.9996
116.321 39.9995
116.321 39.9995
116.321 39.9996
116.322 39.9996
116.322 39.9997
116.322 39.9996
116.322 39.9996
116.323 39.9996
116.323 39.9996
116.323 39.9997
116.324 39.9997
116.324 39.9997
116.324 39.9998
116.325 39.9999
116.325 39.9999
116.325 39.9999
116.325 39.9999
116.326 39.9998
116.326 39.9998
116.326 39.9997
116.327 39.9997
116.327 39.9997
116.327 39.9998
116.327 39.9998
116.327 39.9999
116.327 39.9999
116.327 39.9999
116.327 39.9999
116.327 39.9999
116.327 39.9999
116.327 39.9999
116.327 39.9999
116.327 39.9999
116.327 39.9999
116.327 39.9999
116.327 40
116.327 40
116.327 40
116.327 40
116.327 40
116.327 40
116.327 40
116.327 40
116.327 40
116.327 40
116.327 40
116.327 40
116.327 40.0001
116.327 40.0001
116.327 40.0001
116.327 40.0001
116.327 40.0001
116.327 40.0001
116.327 40.0001
116.327 40.0002
116.327 40.0002
116.327 40.0002
116.327 40.0003
116.327 40.0003
116.327 40.0003
116.327 40.0003
116.327 40.0003
116.327 39.9999
116.327 40
116.327 39.9999
116.327 39.9999
116.327 39.9999
116.327 39.9999
116.327 39.9999
116.326 39.9999
116.326 39.9999
116.326 39.9998
116.326 39.9999
116.325 39.9999
116.325 39.9999
116.325 39.9999
116.325 39.9999
116.325 39.9999
116.324 39.9999
116.324 39.9999
116.323 39.9998
116.323 39.9998
116.323 39.9998
116.323 39.9998
116.322 39.9998
116.322 39.9998
116.322 39.9996
116.322 39.9994
116.322 39.9992
116.322 39.9991
116.322 39.9989
116.322 39.9987
116.322 39.9985
116.322 39.9983
116.322 39.9982
116.322 39.9979
116.322 39.9977
116.322 39.9976
116.322 39.9974
116.322 39.9972
116.322 39.997
116.322 39.9969
116.322 39.9968
116.322 39.9966
116.322 39.9966
116.322 39.9968
116.322 39.9969
116.322 39.9972
116.322 39.9973
116.322 39.9975
116.322 39.9977
116.322 39.9979
116.322 39.9981
116.322 39.9982
116.322 39.9983
116.322 39.9984
116.322 39.9985
116.322 39.9987
116.322 39.9989
116.322 39.9991
116.322 39.9993
116.322 39.9994
116.322 39.9996
116.322 39.9997
116.322 39.9997
116.323 39.9997
116.323 39.9997
116.323 39.9997
116.323 39.9998
116.324 39.9998
116.324 39.9999
116.324 39.9999
116.325 39.9998
116.325 39.9999
116.325 39.9999
116.326 39.9999
116.326 39.9999
116.326 40
116.326 40
116.327 40
116.327 40
116.327 40
116.327 40
116.327 40
116.327 40
116.327 40
116.327 40
116.327 40
116.327 40
116.327 40
116.327 40.0001
116.327 40.0001
116.327 40.0001
116.327 40
116.327 40
116.327 40.0001
116.327 40.0001
116.327 40.0001
116.327 39.9988
116.327 39.9989
116.328 39.9988
116.328 39.9988
116.328 39.9988
116.327 39.9998
116.327 39.9998
116.327 39.9998
116.327 39.9998
116.327 39.9998
116.327 39.9998
116.327 39.9998
116.327 39.9998
116.327 39.9997
116.327 39.9996
116.327 39.9997
116.327 39.9997
116.327 39.9997
116.327 39.9997
116.327 39.9997
116.327 39.9997
116.327 39.9998
116.327 39.9998
116.327 39.9998
116.327 39.9998
116.327 39.9999
116.327 39.9999
116.327 40
116.327 40
116.327 40.0001
116.327 40.0002
116.327 40.0003
116.327 40.0003
116.327 40.0004
116.327 40.0005
116.327 40.0008
116.327 40.001
116.327 40.0011
116.327 40.0012
116.327 40.0013
116.327 40.0013
116.327 40.0014
116.327 40.0014
116.327 40.0015
116.327 40.0016
116.327 40.0017
116.327 40.0018
116.327 40.0019
116.327 40.002
116.327 40.0022
116.327 40.0023
116.326 40.0024
116.326 40.0024
116.326 40.0024
116.326 40.0024
116.326 40.0024
116.326 40.0024
116.326 40.0024
116.325 40.0024
116.325 40.0024
116.325 40.0025
116.325 40.0026
116.325 40.0027
116.325 40.0028
116.325 40.0029
116.325 40.003
116.325 40.0031
116.325 40.0032
116.325 40.0033
116.325 40.0034
116.325 40.0035
116.325 40.0035
116.325 40.0035
116.325 40.0035
116.325 40.0035
116.325 40.0035
116.324 40.0035
116.324 40.0035
116.324 40.0035
116.324 40.0035
116.324 40.0035
116.324 40.0035
116.324 40.0035
116.324 40.0035
116.323 40.0035
116.323 40.0034
116.323 40.0034
116.323 40.0034
116.323 40.0034
116.323 40.0034
116.323 40.0034
116.323 40.0034
116.322 40.0034
116.322 40.0035
116.322 40.0035
116.322 40.0036
116.322 40.0036
116.322 40.0036
116.322 40.0037
116.322 40.0037
116.322 40.0038
116.322 40.0038
116.322 40.0039
116.322 40.0039
116.322 40.004
116.322 40.0041
116.322 40.0041
116.322 40.0041
116.322 40.004
116.322 40.004
116.322 40.004
116.322 40.004
116.322 40.0041
116.322 40.0041
116.322 40.0042
116.322 40.0042
116.322 40.0043
116.322 40.0043
116.322 40.0043
116.322 40.0043
116.322 40.0043
116.322 40.0043
116.322 40.0043
116.322 40.0043
116.322 40.0043
116.322 40.0043
116.322 40.0043
116.322 40.0043
116.322 40.0043
116.322 40.0043
116.322 40.0043
116.322 40.0043
116.322 40.0043
116.322 40.0043
116.322 40.0043
116.322 40.0044
116.322 40.0044
116.322 40.0044
116.322 40.0042
116.322 40.0042
116.322 40.0041
116.322 40.0041
116.322 40.0041
116.322 40.0041
116.322 40.0041
116.322 40.0041
116.322 40.0041
116.322 40.0041
116.322 40.004
116.322 40.0039
116.322 40.0039
116.322 40.0038
116.322 40.0037
116.322 40.0035
116.322 40.0034
116.322 40.0033
116.322 40.0033
116.322 40.0033
116.322 40.0033
116.322 40.0034
116.322 40.0034
116.322 40.0034
116.322 40.0034
116.322 40.0034
116.322 40.0034
116.322 40.0034
116.322 40.0034
116.322 40.0034
116.322 40.0034
116.322 40.0034
116.322 40.0034
116.322 40.0034
116.321 40.0034
116.321 40.0034
116.321 40.0034
116.321 40.0034
116.321 40.0034
116.322 40.0034
116.322 40.0034
116.322 40.0034
116.321 40.0034
116.321 40.0034
116.321 40.0034
116.321 40.0034
116.321 40.0034
116.321 40.0034
116.321 40.0034
116.321 40.0034
116.321 40.0034
116.321 40.0034
116.321 40.0034
116.321 40.0033
116.321 40.0033
116.321 40.0032
116.321 40.003
116.321 40.0029
116.321 40.0027
116.322 40.0026
116.322 40.0024
116.322 40.0023
116.322 40.0021
116.322 40.002
116.322 40.0018
116.322 40.0017
116.322 40.0016
116.322 40.0014
116.322 40.0012
116.322 40.001
116.322 40.0009
116.322 40.0007
116.322 40.0006
116.322 40.0005
116.322 40.0004
116.322 40.0002
116.322 40.0001
116.322 40
116.322 39.9998
116.322 39.9997
116.322 39.9997
116.322 39.9997
116.322 39.9997
116.322 39.9997
116.322 39.9997
116.322 39.9997
116.322 39.9997
116.322 39.9997
116.322 39.9997
116.322 39.9997
116.322 39.9997
116.322 39.9997
116.322 39.9997
116.322 39.9997
116.322 39.9997
116.322 39.9997
116.322 39.9997
116.322 39.9997
116.322 39.9997
116.322 39.9997
116.322 39.9997
116.322 39.9997
116.322 39.9997
116.322 39.9997
116.322 39.9997
116.322 39.9997
116.322 39.9997
116.322 39.9997
116.322 39.9997
116.322 39.9997
116.322 39.9997
116.322 39.9997
116.322 39.9997
116.321 39.9997
116.321 39.9998
116.321 39.9998
116.321 39.9998
116.32 39.9998
116.32 39.9998
116.32 39.9998
116.319 39.9998
116.319 39.9998
116.319 39.9998
116.319 39.9998
116.318 39.9998
116.318 39.9997
116.318 39.9997
116.318 39.9996
116.318 39.9996
116.318 39.9994
116.317 39.9993
116.317 39.9993
116.317 39.9992
116.317 39.9991
116.316 39.999
116.316 39.999
116.316 39.999
116.316 39.999
116.316 39.9989
116.316 39.9989
116.316 39.9989
116.315 39.9988
116.315 39.9988
116.315 39.9989
116.315 39.9988
116.314 39.9988
116.314 39.9988
116.314 39.9988
116.314 39.9988
116.314 39.9989
116.313 39.9989
116.313 39.9989
116.313 39.9989
116.313 39.9989
116.313 39.9989
116.313 39.9989
116.313 39.9989
116.313 39.9989
116.313 39.9988
116.312 39.9987
116.312 39.9987
116.312 39.9987
116.312 39.9987
116.311 39.9987
116.311 39.9987
116.311 39.9987
116.311 39.9987
116.311 39.9987
116.31 39.9987
116.31 39.9987
116.31 39.9987
116.31 39.9987
116.31 39.9987
116.309 39.9987
116.309 39.9987
116.309 39.9987
116.309 39.9987
116.309 39.9987
116.309 39.9987
116.309 39.9987
116.309 39.9987
116.309 39.9987
116.309 39.9987
116.309 39.9987
116.309 39.9987
116.309 39.9987
116.309 39.9988
116.309 39.9988
116.309 39.9988
116.309 39.9988
116.309 39.9986
116.309 39.9984
116.309 39.9982
116.309 39.998
116.309 39.9978
116.309 39.9976
116.309 39.9974
116.309 39.9973
116.309 39.9973
116.309 39.9972
116.309 39.9971
116.309 39.997
116.309 39.997
116.309 39.9969
116.309 39.9968
116.309 39.9966
116.309 39.9964
116.309 39.9963
116.309 39.9961
116.309 39.9959
116.309 39.9957
116.309 39.9955
116.309 39.9953
116.309 39.9952
116.309 39.995
116.309 39.9949
116.309 39.9947
116.309 39.9946
116.309 39.9945
116.309 39.9944
116.309 39.9942
116.309 39.9942
116.309 39.994
116.309 39.9938
116.309 39.9937
116.309 39.9935
116.309 39.9933
116.309 39.9931
116.309 39.9929
116.309 39.9928
116.309 39.9926
116.309 39.9925
116.31 39.9923
116.31 39.9921
116.31 39.992
116.31 39.9918
116.31 39.9916
116.31 39.9914
116.31 39.9913
116.31 39.9911
116.31 39.991
116.31 39.9909
116.31 39.9909
116.31 39.9908
116.31 39.9907
116.31 39.9905
116.31 39.9903
116.31 39.9901
116.31 39.99
116.31 39.9898
116.31 39.9896
116.31 39.9896
116.31 39.9895
116.31 39.9893
116.31 39.9891
116.31 39.989
116.31 39.9889
116.31 39.9887
116.31 39.9887
116.31 39.9887
116.31 39.9886
116.31 39.9886
116.31 39.9884
116.31 39.9883
116.31 39.9881
116.31 39.9879
116.31 39.9876
116.31 39.9873
116.31 39.9871
116.31 39.987
116.309 39.9868
116.309 39.9867
116.309 39.9865
116.309 39.9863
116.309 39.9862
116.309 39.986
116.309 39.9858
116.309 39.9856
116.309 39.9854
116.309 39.9852
116.309 39.9851
116.309 39.9851
116.309 39.9851
116.309 39.985
116.309 39.9848
116.309 39.9847
116.309 39.9847
116.309 39.9845
116.309 39.9844
116.31 39.9844
116.31 39.9844
116.31 39.9844
116.31 39.9844
116.31 39.9844
116.31 39.9844
116.31 39.9844
116.31 39.9844
116.31 39.9844
116.31 39.9844
116.31 39.9844
116.31 39.9844
116.31 39.9844
116.31 39.9844
116.31 39.9844
116.31 39.9844
116.31 39.9844
116.31 39.9843
116.31 39.9842
116.31 39.9841
116.31 39.984
116.31 39.9839
116.31 39.9838
116.31 39.9837
116.31 39.9836
116.31 39.9836
116.31 39.9835
116.31 39.9834
116.31 39.9834
116.31 39.9832
116.31 39.9831
116.31 39.983
116.31 39.983
116.31 39.9829
116.31 39.9828
116.31 39.9827
116.31 39.9825
116.31 39.9824
116.31 39.9823
116.31 39.9822
116.31 39.9821
116.31 39.982
116.31 39.9819
116.31 39.9819
116.31 39.9817
116.31 39.9816
116.31 39.9814
116.31 39.9813
116.31 39.9811
116.31 39.981
116.31 39.9808
116.31 39.9807
116.31 39.9805
116.31 39.9804
116.31 39.9803
116.31 39.9802
116.31 39.9801
116.31 39.9801
116.31 39.98
116.31 39.98
116.31 39.9799
116.311 39.9797
116.311 39.9794
116.311 39.9792
116.311 39.9788
116.311 39.9786
116.311 39.9785
116.311 39.9785
116.311 39.9785
116.311 39.9785
116.311 39.9785
116.311 39.9785
116.311 39.9785
116.311 39.9785
116.311 39.9785
116.311 39.9785
116.311 39.9784
116.311 39.9784
116.311 39.9784
116.311 39.9784
116.311 39.9784
116.31 39.9783
116.31 39.9781
116.31 39.978
116.31 39.9778
116.31 39.9776
116.31 39.9776
116.31 39.9775
116.31 39.9773
116.31 39.9772
116.31 39.977
116.31 39.9769
116.31 39.9767
116.31 39.9766
116.31 39.9764
116.31 39.9763
116.311 39.9762
116.311 39.9761
116.311 39.976
116.311 39.9759
116.311 39.9758
116.311 39.9757
116.311 39.9756
116.311 39.9756
116.311 39.9756
116.311 39.9755
116.311 39.9755
116.311 39.9754
116.311 39.9753
116.311 39.9751
116.312 39.9749
116.312 39.9745
116.312 39.9742
116.312 39.9736
116.312 39.9734
116.312 39.9733
116.312 39.973
116.312 39.9729
116.312 39.9728
116.312 39.9727
116.312 39.9726
116.312 39.9725
116.312 39.9723
116.312 39.9721
116.312 39.9719
116.313 39.9718
116.313 39.9717
116.313 39.9717
116.313 39.9716
116.313 39.9714
116.313 39.9712
116.313 39.971
116.313 39.9708
116.313 39.9706
116.313 39.9704
116.313 39.9702
116.313 39.97
116.313 39.9699
116.313 39.9697
116.313 39.9697
116.313 39.9695
116.314 39.9694
116.314 39.9693
116.314 39.9691
116.314 39.9688
116.314 39.9687
116.314 39.9685
116.314 39.9684
116.314 39.9683
116.314 39.9682
116.314 39.968
116.314 39.9678
116.314 39.9676
116.314 39.9675
116.314 39.9674
116.314 39.9672
116.314 39.9669
116.315 39.9667
116.315 39.9666
116.315 39.9664
116.315 39.9662
116.314 39.966
116.314 39.966
116.315 39.966
116.315 39.966
116.315 39.9659
116.315 39.9659
116.315 39.9658
116.315 39.9658
116.315 39.9658
116.315 39.9657
116.314 39.9656
116.314 39.9655
116.314 39.9655
116.314 39.9655
116.314 39.9655
116.314 39.9655
116.314 39.9655
116.314 39.9655
116.314 39.9655
116.314 39.9654
116.314 39.9654
116.314 39.9654
116.314 39.9654
116.314 39.9654
116.314 39.9654
116.314 39.9654
116.314 39.9653
116.314 39.9653
116.314 39.9653
116.314 39.9653
116.314 39.9652
116.315 39.9652
116.315 39.965
116.315 39.965
116.315 39.9648
116.315 39.9648
116.315 39.9647
116.315 39.9646
116.315 39.9646
116.315 39.9645
116.316 39.9644
116.316 39.9642
116.316 39.964
116.316 39.9638
116.316 39.9637
116.316 39.9635
116.316 39.9634
116.316 39.9632
116.316 39.963
116.316 39.9629
116.316 39.9626
116.316 39.9624
116.316 39.9622
116.316 39.9621
116.316 39.9619
116.316 39.9617
116.316 39.9616
116.316 39.9614
116.316 39.9613
116.316 39.9612
116.316 39.9609
116.316 39.9607
116.316 39.9606
116.316 39.9604
116.316 39.9602
116.316 39.9601
116.316 39.9599
116.316 39.9597
116.316 39.9595
116.317 39.9594
116.317 39.9593
116.317 39.959
116.317 39.9589
116.316 39.9586
116.316 39.9585
116.316 39.9585
116.316 39.9585
116.316 39.9585
116.316 39.9584
116.316 39.9584
116.316 39.9583
116.316 39.9583
116.316 39.9581
116.316 39.9581
116.315 39.958
116.315 39.9579
116.315 39.9579
116.315 39.9579
116.315 39.9578
116.315 39.9577
116.315 39.9574
116.315 39.9572
116.315 39.9572
116.315 39.9571
116.315 39.9571
116.315 39.9571
116.315 39.9571
116.315 39.9571
116.315 39.9571
116.315 39.9571
116.315 39.9571
116.315 39.9571
116.315 39.957
116.315 39.957
116.315 39.957
116.315 39.957
116.315 39.9569
116.315 39.9569
116.315 39.957
116.315 39.957
116.315 39.957
116.315 39.957
116.315 39.957
116.315 39.957
116.315 39.957
116.315 39.957
116.315 39.957
116.315 39.957
116.315 39.957
116.315 39.957
116.315 39.957
116.315 39.957
116.315 39.957
116.315 39.9569
116.315 39.9569
116.315 39.9568
116.315 39.9568
116.315 39.9567
116.315 39.9567
116.315 39.9566
116.315 39.9569
116.315 39.9568
116.315 39.957
116.315 39.9571
116.314 39.9572
116.314 39.9572
116.314 39.9572
116.314 39.9571
116.315 39.9571
116.315 39.9572
116.315 39.9572
116.315 39.9572
116.315 39.9573
116.315 39.9574
116.315 39.9574
116.315 39.9574
116.315 39.9574
116.315 39.9575
116.315 39.9575
116.315 39.9576
116.314 39.9576
116.314 39.9577
116.314 39.9577
116.314 39.9576
116.314 39.9576
116.314 39.9576
116.314 39.9576
116.314 39.9576
116.314 39.9577
116.314 39.9577
116.314 39.9577
116.314 39.9577
116.314 39.9577
116.314 39.9576
116.314 39.9576
116.314 39.9576
116.314 39.9575
116.314 39.9575
116.314 39.9575
116.314 39.9575
116.314 39.9575
116.314 39.9575
116.314 39.9575
116.314 39.9575
116.314 39.9575
116.314 39.9575
116.314 39.9575
116.314 39.9575
116.314 39.9575
116.314 39.9576
116.314 39.9577
116.314 39.9578
116.314 39.9578
116.314 39.9578
116.314 39.9578
116.314 39.9578
116.314 39.9578
116.314 39.9578
116.314 39.9577
116.314 39.9576
116.314 39.9575
116.314 39.9575
116.314 39.9576
116.314 39.9576
116.314 39.9576
116.314 39.9576
116.314 39.9575
116.314 39.9575
116.314 39.9575
116.314 39.9575
116.314 39.9575
116.314 39.9575
116.314 39.9576
116.314 39.9577
116.314 39.9577
116.314 39.9577
116.314 39.9577
116.314 39.9576
116.314 39.9576
116.314 39.9576
116.314 39.9576
116.314 39.9576
116.314 39.9576
116.314 39.9576
116.314 39.9576
116.314 39.9575
116.314 39.9575
116.314 39.9574
116.314 39.9574
116.314 39.9573
116.314 39.9573
116.314 39.9572
116.315 39.9572
116.315 39.9572
116.315 39.9572
116.315 39.9572
116.315 39.9572
116.315 39.9572
116.315 39.9572
116.315 39.9572
116.315 39.9572
116.315 39.9573
116.314 39.9576
116.314 39.9574
116.314 39.9572
116.314 39.9572
116.314 39.9571
116.314 39.9569
116.314 39.9569
116.314 39.9567
116.314 39.9566
116.314 39.9569
116.314 39.9571
116.315 39.9567
116.315 39.9567
116.315 39.9567
116.315 39.9567
116.315 39.9568
116.315 39.9569
116.315 39.9569
116.315 39.9569
116.315 39.9569
116.315 39.9569
116.315 39.9569
116.315 39.9569
116.315 39.9569
116.315 39.9569
116.315 39.9568
116.315 39.9568
116.315 39.9567
116.315 39.9567
116.315 39.9567
116.314 39.9567
116.314 39.9567
116.314 39.9567
116.314 39.9567
116.314 39.9567
116.314 39.9568
116.313 39.9569
116.313 39.957
116.313 39.957
116.313 39.957
116.313 39.9569
116.312 39.9569
116.312 39.9569
116.312 39.9569
116.312 39.9569
116.312 39.9569
116.311 39.9569
116.311 39.9568
116.311 39.9569
116.311 39.9569
116.311 39.9568
116.311 39.9567
116.311 39.9568
116.31 39.9569
116.31 39.9569
116.31 39.9569
116.31 39.9569
116.31 39.9569
116.31 39.9569
116.31 39.9569
116.31 39.9568
116.31 39.9568
116.31 39.9568
116.31 39.9568
116.31 39.9568
116.31 39.9568
116.31 39.9568
116.31 39.9568
116.31 39.9568
116.31 39.9566
116.31 39.9565
116.31 39.9565
116.31 39.9565
116.31 39.9565
116.31 39.9565
116.31 39.9565
116.31 39.9565
116.31 39.9565
116.31 39.9564
116.31 39.9564
116.31 39.9563
116.31 39.9563
116.31 39.9563
116.31 39.9563
116.31 39.9562
116.31 39.9562
116.31 39.9562
116.31 39.9562
116.31 39.9562
116.31 39.9562
116.31 39.9562
116.31 39.9561
116.31 39.9561
116.31 39.9561
116.31 39.956
116.31 39.956
116.31 39.956
116.31 39.956
116.31 39.956
116.31 39.9559
116.31 39.956
116.309 39.9565
116.309 39.9561
