116.328 39.9753
116.328 39.9754
116.327 39.9755
116.327 39.976
116.327 39.9765
116.327 39.977
116.327 39.9774
116.327 39.9779
116.327 39.9783
116.327 39.9788
116.327 39.9792
116.327 39.9796
116.327 39.9799
116.327 39.9802
116.327 39.9807
116.327 39.9812
116.327 39.9816
116.327 39.982
116.327 39.9824
116.327 39.9827
116.327 39.9829
116.327 39.9829
116.327 39.983
116.327 39.9834
116.327 39.9837
116.327 39.9837
116.327 39.984
116.327 39.9841
116.327 39.9842
116.327 39.9842
116.327 39.9842
116.327 39.9842
116.327 39.9843
116.327 39.9843
116.327 39.9844
116.327 39.9844
116.327 39.9844
116.327 39.9844
116.327 39.9844
116.327 39.9845
116.327 39.9845
116.328 39.9846
116.328 39.9846
116.329 39.9846
116.33 39.9847
116.331 39.9847
116.332 39.9847
116.332 39.9848
116.332 39.9848
116.333 39.9848
116.333 39.9848
116.333 39.9848
116.333 39.9848
116.333 39.9848
116.333 39.9848
116.333 39.9848
116.333 39.9848
116.333 39.9848
116.334 39.9848
116.334 39.9848
116.334 39.9848
116.335 39.9848
116.335 39.9848
116.335 39.9848
116.335 39.9848
116.335 39.9848
116.335 39.9848
116.335 39.9849
116.335 39.9849
116.335 39.985
116.336 39.985
116.336 39.985
116.337 39.9849
116.337 39.9849
116.337 39.9849
116.337 39.9849
116.337 39.9849
116.337 39.9849
116.337 39.9849
116.337 39.9849
116.338 39.9849
116.338 39.985
116.338 39.985
116.338 39.985
116.338 39.985
116.338 39.985
116.338 39.985
116.338 39.985
116.338 39.985
116.338 39.9851
116.338 39.9851
116.338 39.9851
116.338 39.9851
116.339 39.9851
116.339 39.9851
116.339 39.9851
116.339 39.9851
116.339 39.9851
116.339 39.9851
116.339 39.9852
116.34 39.9852
116.34 39.9852
116.34 39.9852
116.34 39.9852
116.34 39.9852
116.34 39.9852
116.34 39.9852
116.34 39.9852
116.341 39.9852
116.341 39.9853
116.341 39.9852
116.341 39.9852
116.341 39.9852
116.341 39.9853
116.342 39.9853
116.342 39.9853
116.342 39.9853
116.342 39.9853
116.343 39.9853
116.343 39.9853
116.343 39.9853
116.343 39.9853
116.344 39.9853
116.344 39.9853
116.344 39.9853
116.344 39.9853
116.344 39.9853
116.345 39.9853
116.345 39.9853
116.346 39.9853
116.347 39.9854
116.347 39.9854
116.348 39.9854
116.349 39.9855
116.35 39.9855
116.351 39.9855
116.352 39.9856
116.353 39.9856
116.354 39.9857
116.355 39.9857
116.355 39.9857
116.356 39.9857
116.357 39.9857
116.358 39.9858
116.359 39.9858
116.36 39.9858
116.361 39.9858
116.362 39.9859
116.363 39.9858
116.363 39.9859
116.364 39.9859
116.365 39.986
116.366 39.986
116.367 39.986
116.368 39.9861
116.369 39.9861
116.371 39.9861
116.372 39.9861
116.373 39.9862
116.374 39.9862
116.375 39.9862
116.377 39.9863
116.378 39.9863
116.379 39.9863
116.379 39.9863
116.38 39.9864
116.381 39.9864
116.382 39.9864
116.383 39.9865
116.384 39.9865
116.385 39.9865
116.386 39.9865
116.387 39.9865
116.388 39.9866
116.389 39.9866
116.389 39.9866
116.39 39.9866
116.391 39.9866
116.391 39.9866
116.392 39.9866
116.393 39.9867
116.394 39.9867
116.395 39.9867
116.396 39.9867
116.397 39.9868
116.398 39.9868
116.399 39.9868
116.4 39.9869
116.401 39.9869
116.401 39.9869
116.402 39.9869
116.403 39.987
116.404 39.987
116.405 39.987
116.406 39.987
116.406 39.9871
116.407 39.9871
116.407 39.987
116.408 39.987
116.408 39.9871
116.409 39.9871
116.409 39.987
116.41 39.987
116.41 39.987
116.41 39.987
116.411 39.987
116.411 39.9871
116.412 39.9871
116.413 39.9871
116.413 39.9872
116.414 39.9872
116.414 39.9872
116.415 39.9872
116.415 39.9872
116.416 39.9872
116.416 39.9873
116.416 39.9873
116.416 39.9873
116.416 39.9873
116.416 39.9873
116.416 39.9873
116.416 39.9873
116.416 39.9873
116.416 39.9873
116.416 39.9873
116.416 39.9873
116.417 39.9873
116.417 39.9873
116.417 39.9874
116.417 39.9875
116.417 39.9875
116.417 39.9876
116.417 39.9876
116.417 39.9877
116.416 39.9877
116.416 39.9877
116.415 39.9877
116.414 39.9877
116.414 39.9876
116.413 39.9876
116.413 39.9876
116.412 39.9876
116.412 39.9875
116.411 39.9875
116.411 39.9875
116.41 39.9874
116.41 39.9873
116.409 39.9874
116.409 39.9873
116.408 39.9873
116.407 39.9872
116.406 39.9872
116.406 39.9872
116.405 39.9872
116.404 39.9872
116.403 39.9872
116.403 39.9871
116.402 39.9871
116.401 39.9871
116.4 39.9871
116.399 39.987
116.398 39.987
116.397 39.987
116.397 39.987
116.396 39.9871
116.395 39.9871
116.395 39.9871
116.394 39.9871
116.393 39.9871
116.392 39.987
116.391 39.987
116.39 39.987
116.389 39.9871
116.388 39.9869
116.387 39.9868
116.386 39.9868
116.385 39.9869
116.385 39.9868
116.384 39.9868
116.383 39.9867
116.382 39.9867
116.382 39.9867
116.381 39.9868
116.381 39.9873
116.381 39.9878
116.381 39.9884
116.381 39.989
116.381 39.9897
116.381 39.9904
116.381 39.9911
116.381 39.9916
116.381 39.992
116.381 39.9924
116.381 39.9926
116.381 39.9926
116.381 39.9926
116.381 39.9926
116.381 39.9926
116.381 39.9925
116.381 39.9925
116.381 39.9925
116.381 39.9925
116.381 39.9925
116.381 39.9926
116.381 39.9928
116.381 39.993
116.381 39.9931
116.381 39.9933
116.381 39.9936
116.381 39.9941
116.381 39.9946
116.381 39.9953
116.381 39.9959
116.381 39.9966
116.381 39.9973
116.381 39.9981
116.381 39.9988
116.381 39.9996
116.381 40.0003
116.381 40.001
116.381 40.0017
116.381 40.0023
116.381 40.003
116.381 40.0034
116.381 40.0039
116.38 40.0045
116.38 40.0051
116.38 40.0056
116.38 40.0062
116.38 40.0069
116.38 40.0075
116.38 40.0079
116.38 40.0079
116.38 40.0079
116.38 40.0079
116.38 40.008
116.38 40.0082
116.38 40.0082
116.38 40.0083
116.38 40.0083
116.38 40.0083
116.38 40.0083
116.38 40.0083
116.38 40.0083
116.38 40.0083
116.38 40.0084
116.38 40.0085
116.38 40.0085
116.38 40.0085
116.38 40.0085
116.38 40.0085
116.38 40.0085
116.38 40.0085
116.38 40.0085
116.38 40.0085
116.38 40.0085
116.38 40.0085
116.38 40.0085
116.38 40.0085
116.38 40.0086
116.379 40.0086
116.378 40.0086
116.377 40.0086
116.375 40.0086
116.374 40.0086
116.373 40.0086
116.372 40.0086
116.371 40.0086
116.37 40.0086
116.369 40.0086
116.369 40.0086
116.369 40.0087
116.369 40.0092
116.369 40.0099
116.369 40.0106
116.369 40.0112
116.369 40.0117
116.369 40.012
116.369 40.012
116.369 40.012
116.369 40.012
116.369 40.012
116.369 40.012
116.369 40.012
116.369 40.012
116.369 40.012
116.369 40.012
116.369 40.0123
116.369 40.0128
116.369 40.0135
116.369 40.0143
116.369 40.0151
116.369 40.0159
116.368 40.0166
116.368 40.0174
116.368 40.0183
116.368 40.0191
116.368 40.0199
116.368 40.0205
116.368 40.0207
116.368 40.0208
116.368 40.0208
116.368 40.0208
116.368 40.0208
116.368 40.0208
116.368 40.0208
116.368 40.0208
116.368 40.0208
116.368 40.0208
116.368 40.0208
116.368 40.0208
116.368 40.0208
116.368 40.0208
116.368 40.0208
116.368 40.0208
116.368 40.021
116.368 40.0213
116.368 40.0217
116.367 40.0217
116.367 40.0217
116.366 40.0217
116.365 40.0218
116.364 40.0218
116.363 40.0218
116.362 40.0218
116.36 40.0218
116.359 40.0218
116.358 40.0218
116.357 40.0219
116.356 40.0219
116.355 40.0219
116.354 40.0219
116.353 40.0219
116.352 40.0219
116.351 40.022
116.351 40.0222
116.35 40.0224
116.35 40.0227
116.349 40.023
116.348 40.0233
116.348 40.0236
116.347 40.0238
116.346 40.024
116.346 40.0242
116.346 40.0244
116.345 40.0248
116.345 40.0252
116.345 40.0257
116.344 40.0262
116.344 40.0267
116.344 40.0271
116.343 40.0274
116.343 40.0276
116.343 40.0277
116.343 40.0277
116.343 40.0277
116.343 40.0277
116.343 40.0277
116.343 40.0276
116.343 40.0277
116.343 40.0277
116.343 40.0277
116.343 40.0277
116.343 40.0277
116.343 40.0279
116.343 40.0282
116.343 40.0286
116.342 40.0291
116.342 40.0295
116.342 40.0297
116.341 40.0299
116.341 40.0299
116.341 40.0299
116.341 40.0299
116.341 40.0299
116.341 40.0299
116.341 40.0299
116.341 40.0299
116.341 40.0299
116.341 40.0299
116.341 40.0299
116.341 40.0298
116.341 40.0298
116.341 40.0298
116.341 40.0298
116.341 40.0299
116.341 40.0299
116.341 40.0299
116.341 40.0299
116.341 40.0299
116.341 40.0299
116.341 40.0299
116.341 40.0298
116.341 40.0298
116.34 40.0297
116.34 40.0297
116.34 40.0296
116.34 40.0295
116.339 40.0295
116.339 40.0294
116.339 40.0294
116.339 40.0293
116.338 40.0293
116.338 40.0293
116.338 40.0293
116.337 40.0293
116.337 40.0293
116.337 40.0294
116.336 40.0294
116.336 40.0294
116.335 40.0294
116.335 40.0295
116.335 40.0294
116.334 40.0295
116.334 40.0295
116.333 40.0295
116.333 40.0295
116.332 40.0296
116.332 40.0296
116.332 40.0296
116.331 40.0296
116.331 40.0296
116.331 40.0296
116.33 40.0296
116.33 40.0296
116.329 40.0297
116.329 40.0297
116.328 40.0297
116.328 40.0297
116.327 40.0299
116.327 40.0303
116.327 40.0307
116.327 40.0311
116.328 40.0314
116.328 40.0317
116.328 40.0318
116.328 40.0318
116.328 40.0318
116.328 40.032
116.328 40.0323
116.328 40.0325
116.328 40.0325
116.328 40.0326
116.328 40.0326
116.328 40.0327
116.329 40.0327
116.329 40.0327
116.329 40.0328
116.329 40.0327
116.329 40.0327
116.329 40.0327
116.329 40.0327
116.329 40.0327
116.329 40.0327
116.329 40.0327
116.329 40.0327
116.329 40.0327
