116.309 39.9945
116.309 39.9945
116.313 40.0081
116.313 40.009
116.313 40.0092
116.313 40.0089
116.313 40.0088
116.313 40.0088
116.313 40.009
116.313 40.0092
116.313 40.0096
116.313 40.0099
116.313 40.0103
116.313 40.0104
116.313 40.0104
116.313 40.0107
116.313 40.011
116.313 40.0113
116.313 40.0116
116.313 40.0119
116.313 40.0122
116.312 40.0123
116.312 40.0127
116.312 40.013
116.312 40.0134
116.312 40.0137
116.312 40.014
116.312 40.0141
116.312 40.0141
116.312 40.0141
116.312 40.0141
116.312 40.0141
116.312 40.0141
116.307 40.0264
116.308 40.0264
116.307 40.0264
116.307 40.0265
116.307 40.0297
116.307 40.0298
116.307 40.0299
116.307 40.0299
116.307 40.03
116.307 40.03
116.306 40.03
116.306 40.0299
116.306 40.0302
116.306 40.0302
116.306 40.03
116.306 40.03
116.306 40.0301
116.306 40.0301
116.306 40.0301
116.306 40.0302
116.306 40.029
116.306 40.0289
116.306 40.0289
116.306 40.0288
116.307 40.0288
116.307 40.0287
116.307 40.0286
116.307 40.0286
116.307 40.0285
116.307 40.0285
116.307 40.0284
116.307 40.0284
116.307 40.0283
116.307 40.0283
116.307 40.0282
116.307 40.0282
116.307 40.0281
116.307 40.0281
116.307 40.028
116.307 40.0279
116.307 40.0279
116.307 40.0279
116.307 40.0258
116.307 40.0258
116.307 40.0257
116.307 40.0257
116.307 40.0256
116.307 40.0256
116.307 40.0256
116.307 40.0256
116.312 40.0095
116.313 40.0082
116.313 40.0082
116.309 39.994
116.309 39.994
116.309 39.9939
116.309 39.9939
116.309 39.9938
116.309 39.9938
116.309 39.9937
116.309 39.9937
116.309 39.9936
116.309 39.9936
116.309 39.9935
116.309 39.9935
116.309 39.9934
116.309 39.9933
116.309 39.9933
116.309 39.9932
116.309 39.9932
116.309 39.9931
116.309 39.9931
116.309 39.993
116.309 39.993
116.309 39.9929
116.309 39.9929
116.309 39.9929
116.309 39.9929
116.309 39.9928
116.309 39.9928
116.309 39.9927
116.309 39.9927
116.309 39.9927
116.309 39.9926
116.309 39.9926
116.309 39.9926
116.309 39.9925
116.309 39.9924
116.309 39.9924
116.309 39.9923
116.309 39.9923
116.309 39.9923
116.309 39.9922
116.309 39.9922
116.309 39.9921
116.309 39.992
116.309 39.9919
116.309 39.9919
116.309 39.9918
116.309 39.9918
116.309 39.9918
116.309 39.9918
116.309 39.9918
116.309 39.9918
116.309 39.9917
116.308 39.9917
116.308 39.9917
116.308 39.9918
116.308 39.9918
116.308 39.9918
116.308 39.9918
116.308 39.9918
116.308 39.9918
116.308 39.9917
116.308 39.9917
116.308 39.9917
116.308 39.9917
116.307 39.9917
116.307 39.9917
116.307 39.9917
116.307 39.9917
116.304 39.9894
116.304 39.9892
116.304 39.9892
116.304 39.9892
116.304 39.9893
116.303 39.9872
116.303 39.9872
116.303 39.9872
116.303 39.9871
116.303 39.9871
116.303 39.9871
116.303 39.987
