116.302 39.9572
116.302 39.9571
116.302 39.9569
116.303 39.9568
116.303 39.9566
116.303 39.9564
116.303 39.9563
116.303 39.9562
116.303 39.9561
116.303 39.956
116.303 39.9559
116.303 39.9558
116.303 39.9557
116.303 39.9555
116.303 39.9554
116.303 39.9553
116.303 39.9551
116.303 39.9549
116.303 39.9548
116.303 39.9546
116.303 39.9544
116.303 39.9543
116.303 39.9541
116.303 39.954
116.303 39.9539
116.303 39.9538
116.303 39.9537
116.303 39.9536
116.303 39.9536
116.303 39.9536
116.303 39.9536
116.303 39.9536
116.303 39.9535
116.303 39.9534
116.303 39.9533
116.303 39.9532
116.303 39.9531
116.303 39.9529
116.303 39.9528
116.303 39.9526
116.303 39.9525
116.303 39.9523
116.303 39.9521
116.303 39.9519
116.303 39.9518
116.303 39.9516
116.303 39.9515
116.303 39.9513
116.303 39.9513
116.303 39.9511
116.303 39.951
116.303 39.9508
116.303 39.9507
116.303 39.9505
116.303 39.9504
116.303 39.9502
116.303 39.95
116.303 39.9498
116.303 39.9496
116.303 39.9494
116.303 39.9492
116.303 39.949
116.303 39.9489
116.303 39.9487
116.303 39.9486
116.303 39.9485
116.303 39.9484
116.303 39.9482
116.303 39.9481
116.303 39.948
116.303 39.9479
116.303 39.9478
116.303 39.9478
116.303 39.9478
116.303 39.9478
116.303 39.9477
116.303 39.9477
116.303 39.9476
116.303 39.9476
116.303 39.9475
116.303 39.9475
116.303 39.9474
116.303 39.9473
116.303 39.9472
116.303 39.9471
116.303 39.947
116.303 39.9469
116.303 39.9468
116.303 39.9466
116.303 39.9464
116.304 39.9463
116.304 39.9461
116.304 39.946
116.304 39.9459
116.304 39.9457
116.304 39.9456
116.304 39.9454
116.304 39.9452
116.304 39.9451
116.304 39.9449
116.304 39.9447
116.304 39.9446
116.304 39.9444
116.304 39.9442
116.304 39.9441
116.304 39.944
116.304 39.9438
116.304 39.9437
116.304 39.9435
116.304 39.9433
116.304 39.9431
116.304 39.943
116.304 39.9428
116.304 39.9426
116.304 39.9424
116.304 39.9422
116.304 39.9421
116.304 39.9419
116.304 39.9417
116.304 39.9415
116.304 39.9413
116.304 39.9411
116.304 39.9408
116.304 39.9406
116.304 39.9404
116.304 39.9402
116.304 39.94
116.304 39.9398
116.304 39.9396
116.304 39.9394
116.304 39.9392
116.304 39.939
116.304 39.9388
116.304 39.9386
116.304 39.9384
116.304 39.9382
116.304 39.938
116.304 39.9379
116.304 39.9377
116.304 39.9376
116.304 39.9374
116.304 39.9372
116.304 39.937
116.304 39.9368
116.304 39.9366
116.304 39.9365
116.304 39.9363
116.304 39.9362
116.304 39.9361
116.304 39.9359
116.304 39.9359
116.304 39.9358
116.304 39.9358
116.304 39.9357
116.304 39.9356
116.304 39.9355
116.304 39.9354
116.304 39.9353
116.304 39.9352
116.304 39.9351
116.304 39.935
116.304 39.9348
116.304 39.9347
116.304 39.9345
116.304 39.9343
116.304 39.9341
116.304 39.9339
116.304 39.9337
116.304 39.9336
116.304 39.9331
116.304 39.9315
116.304 39.9313
116.304 39.9312
116.305 39.9308
116.305 39.9307
116.305 39.9306
116.305 39.9305
116.305 39.9304
116.304 39.882
116.304 39.882
116.304 39.8821
116.304 39.8822
116.304 39.8823
116.304 39.8824
116.304 39.8825
116.304 39.8826
116.305 39.886
116.305 39.886
116.305 39.8861
116.305 39.8861
116.305 39.8862
116.305 39.8863
116.306 39.8863
116.306 39.8864
116.306 39.8866
116.306 39.8868
116.306 39.8867
116.306 39.8866
116.306 39.8864
116.306 39.8864
116.306 39.8864
116.306 39.8864
116.306 39.8865
116.306 39.8864
116.306 39.8863
116.306 39.8863
116.306 39.8862
116.306 39.8862
116.306 39.8862
116.306 39.8863
116.306 39.8864
116.306 39.8864
116.306 39.8865
116.306 39.8866
116.306 39.8867
116.306 39.8865
116.306 39.8867
116.306 39.8867
116.306 39.8867
116.306 39.8868
116.306 39.8867
116.307 39.8865
116.307 39.8862
116.307 39.8859
116.309 39.8839
116.309 39.883
116.309 39.8839
116.309 39.8844
116.308 39.8849
116.308 39.8855
116.308 39.8857
116.308 39.8859
116.308 39.8861
116.308 39.8862
116.308 39.8862
116.308 39.8863
116.308 39.8863
116.308 39.8864
116.308 39.8864
116.308 39.8864
116.308 39.8864
116.308 39.8864
116.308 39.8864
116.308 39.8864
116.308 39.8864
116.308 39.8864
116.308 39.8864
116.308 39.8863
116.308 39.8863
116.308 39.8864
116.308 39.8864
116.308 39.8864
116.308 39.8863
116.308 39.8863
116.308 39.8863
116.308 39.8863
116.308 39.8864
116.308 39.8864
116.308 39.8864
116.308 39.8865
116.308 39.8865
116.308 39.8865
116.308 39.8865
116.309 39.8864
116.309 39.8864
116.309 39.8864
116.309 39.8864
116.309 39.8864
116.309 39.8864
116.309 39.8864
116.309 39.8864
116.309 39.8864
116.309 39.8864
116.309 39.8865
116.309 39.8865
116.309 39.8864
116.309 39.8864
116.309 39.8864
116.309 39.8864
116.309 39.8864
116.309 39.8864
116.309 39.8864
116.309 39.8863
116.309 39.8864
116.309 39.8864
116.309 39.8864
116.31 39.8864
116.31 39.8864
116.31 39.8865
116.31 39.8865
116.31 39.8865
116.31 39.8864
116.31 39.8864
116.31 39.8864
116.31 39.8864
116.31 39.8864
116.31 39.8864
116.31 39.8864
116.31 39.8864
116.31 39.8864
116.31 39.8864
116.31 39.8864
116.31 39.8864
116.31 39.8864
116.31 39.8864
116.31 39.8865
116.31 39.8865
116.31 39.8865
116.31 39.8865
116.31 39.8865
116.31 39.8865
116.31 39.8865
116.31 39.8865
116.31 39.8865
116.31 39.8865
116.31 39.8864
116.31 39.8864
116.31 39.8864
116.31 39.8864
116.31 39.8863
116.31 39.8863
116.31 39.8862
116.31 39.8862
116.31 39.8862
116.31 39.8862
116.31 39.8861
116.31 39.8861
116.31 39.8861
116.31 39.8861
116.31 39.8861
116.31 39.8861
116.31 39.8861
116.31 39.8861
116.31 39.8861
116.31 39.886
116.31 39.886
116.31 39.886
116.31 39.886
116.31 39.886
116.31 39.886
116.31 39.8859
116.31 39.8859
116.31 39.8859
116.31 39.8859
116.31 39.8858
116.31 39.8858
116.31 39.8858
116.31 39.8858
116.31 39.8858
116.31 39.8858
116.31 39.8858
116.31 39.8858
116.31 39.8858
116.309 39.8857
116.309 39.8857
116.309 39.8858
116.309 39.8858
116.309 39.8858
116.309 39.8857
116.309 39.8857
116.309 39.8857
116.309 39.8857
116.309 39.8857
116.309 39.8856
116.309 39.8856
116.309 39.8856
116.309 39.8856
116.309 39.8856
116.309 39.8856
116.309 39.8856
116.309 39.8855
116.309 39.8855
116.309 39.8855
116.309 39.8855
116.309 39.8855
116.309 39.8856
116.309 39.8856
116.309 39.8856
116.309 39.8857
116.309 39.8857
116.309 39.8857
116.309 39.8857
116.309 39.8858
116.309 39.8858
116.309 39.8858
116.309 39.8858
116.309 39.8859
116.309 39.8859
116.309 39.8858
116.31 39.8858
116.31 39.8858
116.31 39.8858
116.31 39.8858
116.31 39.8858
116.309 39.8857
116.309 39.8857
116.309 39.8857
116.309 39.8856
116.309 39.8856
116.309 39.8855
116.309 39.8854
116.309 39.8852
116.309 39.885
116.309 39.8848
116.309 39.8845
116.31 39.8843
116.31 39.884
116.31 39.8838
116.31 39.8836
116.309 39.8838
116.308 39.8838
116.308 39.8838
116.308 39.8837
116.307 39.8836
116.307 39.8836
116.307 39.8835
116.307 39.8834
116.307 39.8834
116.306 39.8835
116.306 39.8836
116.306 39.8837
116.306 39.8839
116.306 39.8841
116.306 39.8843
116.306 39.8845
116.306 39.8847
116.305 39.8849
116.305 39.8851
116.305 39.8853
116.305 39.8855
116.305 39.8857
116.305 39.8859
116.305 39.8861
116.305 39.8862
116.305 39.8865
116.305 39.8883
116.305 39.8886
116.305 39.8887
116.305 39.8888
116.305 39.8889
116.305 39.8889
116.305 39.8889
116.305 39.889
116.304 39.889
116.304 39.889
116.304 39.889
116.305 39.8891
116.305 39.8891
116.305 39.8891
116.305 39.8891
116.305 39.8891
116.305 39.8892
116.305 39.8893
116.305 39.8894
116.305 39.8896
116.305 39.8897
116.305 39.8898
116.305 39.89
116.305 39.8901
116.305 39.8903
116.305 39.8905
116.305 39.8907
116.305 39.8909
116.305 39.891
116.305 39.8912
116.305 39.8914
116.304 39.8916
116.304 39.8918
116.304 39.892
116.304 39.8922
116.305 39.8924
116.305 39.8926
116.305 39.8929
116.305 39.8935
116.305 39.8971
116.305 39.8972
116.304 39.8974
116.304 39.8975
116.304 39.8976
116.304 39.8977
116.304 39.8978
116.304 39.8979
116.304 39.8979
116.304 39.898
116.304 39.8981
116.304 39.8982
116.304 39.8983
116.304 39.8984
116.304 39.8985
116.304 39.8986
116.304 39.8987
116.304 39.8988
116.304 39.8989
116.304 39.899
116.304 39.8991
116.304 39.8993
116.304 39.8995
116.304 39.8996
116.304 39.8998
116.304 39.8999
116.304 39.9001
116.304 39.9002
116.304 39.9003
116.304 39.9005
116.304 39.9006
116.304 39.9008
116.304 39.9009
116.304 39.9012
116.304 39.9012
116.304 39.9012
116.304 39.9013
116.304 39.9014
116.304 39.9015
116.304 39.9016
116.304 39.9018
116.304 39.9019
116.304 39.9021
116.304 39.9022
116.304 39.9024
116.304 39.9025
116.304 39.9027
116.304 39.9028
116.304 39.903
116.304 39.903
116.304 39.9031
116.304 39.9031
116.304 39.9031
116.304 39.9032
116.304 39.9033
116.304 39.9034
116.304 39.9034
116.304 39.9034
116.304 39.9036
116.304 39.9037
116.304 39.9038
116.304 39.9037
116.304 39.9037
116.305 39.9041
116.305 39.9041
116.305 39.9042
116.305 39.9043
116.305 39.9044
116.305 39.9045
116.305 39.9045
116.305 39.9046
116.304 39.9081
116.304 39.9082
116.304 39.9083
116.304 39.9084
116.304 39.9086
116.305 39.9087
116.305 39.9088
116.305 39.9088
116.305 39.9088
116.305 39.9088
116.305 39.9088
116.305 39.9089
116.305 39.9089
116.305 39.909
116.305 39.9091
116.305 39.9091
116.305 39.909
116.305 39.909
116.305 39.909
116.305 39.909
116.305 39.9091
116.305 39.909
116.305 39.9091
116.305 39.9091
116.305 39.9092
116.305 39.9093
116.304 39.9094
116.304 39.9095
116.304 39.9096
116.304 39.9098
116.304 39.9099
116.304 39.9101
116.304 39.9102
116.304 39.9104
116.304 39.9105
116.304 39.9107
116.304 39.9109
116.304 39.9111
116.304 39.9112
116.304 39.9114
116.304 39.9116
116.304 39.9118
116.304 39.912
116.304 39.9122
116.304 39.9124
116.304 39.9126
116.304 39.9128
116.304 39.913
116.304 39.9132
116.304 39.9134
116.304 39.9136
116.304 39.9138
116.304 39.9141
116.304 39.9143
116.304 39.9145
116.304 39.9147
116.304 39.915
116.304 39.9152
116.304 39.9155
116.304 39.9166
116.304 39.9168
116.304 39.9169
116.304 39.917
116.305 39.917
116.305 39.9171
116.305 39.917
116.304 39.917
116.304 39.917
116.304 39.9171
116.304 39.9171
116.304 39.9172
116.304 39.9173
116.304 39.9174
116.304 39.9175
116.304 39.9176
116.304 39.9177
116.304 39.9179
116.304 39.918
116.304 39.9182
116.304 39.9183
116.304 39.9185
116.304 39.9186
116.304 39.9188
116.304 39.919
116.304 39.9191
116.304 39.9192
116.304 39.9194
116.304 39.9195
116.304 39.9197
116.304 39.9198
116.304 39.92
116.304 39.9201
116.304 39.9202
116.304 39.9203
116.304 39.9204
116.304 39.9206
116.304 39.9207
116.304 39.9208
116.304 39.921
116.304 39.9211
116.304 39.9213
116.304 39.9214
116.304 39.9215
116.304 39.9216
116.304 39.9216
116.304 39.9216
116.304 39.9216
116.304 39.9217
116.304 39.9217
116.304 39.9218
116.304 39.9219
116.304 39.922
116.304 39.9221
116.304 39.9222
116.305 39.9223
116.305 39.9225
116.305 39.9226
116.305 39.9228
116.305 39.923
116.305 39.9231
116.304 39.9232
116.304 39.9234
116.304 39.9235
116.304 39.9237
116.304 39.9238
116.304 39.924
116.304 39.9241
116.304 39.9243
116.304 39.9244
116.304 39.9246
116.304 39.9248
116.304 39.9249
116.304 39.925
116.304 39.925
116.304 39.925
116.304 39.925
116.304 39.925
116.304 39.9251
116.304 39.9251
116.304 39.9252
116.304 39.9253
116.304 39.9254
116.304 39.9255
116.304 39.9256
116.304 39.9257
116.304 39.9259
116.304 39.9261
116.304 39.9262
116.304 39.9263
116.304 39.9265
116.304 39.9266
116.304 39.9267
116.304 39.9268
116.304 39.9269
116.304 39.9271
116.304 39.9272
116.304 39.9274
116.304 39.9275
116.304 39.9277
116.304 39.9279
116.304 39.928
116.304 39.9282
116.304 39.9284
116.304 39.9286
116.304 39.9288
116.304 39.929
116.304 39.9293
116.304 39.9295
116.304 39.9297
116.304 39.9299
116.304 39.9301
116.304 39.9303
116.304 39.9305
116.304 39.9306
116.304 39.9307
116.304 39.9307
116.304 39.9307
116.304 39.9307
116.304 39.9307
116.304 39.9307
116.304 39.9307
116.304 39.9307
116.304 39.9307
116.304 39.9308
116.304 39.9308
116.304 39.9309
116.304 39.9309
116.304 39.931
116.304 39.9311
116.304 39.9312
116.304 39.9314
116.304 39.9315
116.304 39.9316
116.304 39.9318
116.304 39.932
116.304 39.9321
116.304 39.9323
116.304 39.9324
116.304 39.9325
116.304 39.9325
116.304 39.9325
116.304 39.9326
116.304 39.9326
116.304 39.9327
116.304 39.9328
116.304 39.9329
116.304 39.933
116.304 39.9331
116.304 39.9333
116.304 39.9334
116.304 39.9336
116.304 39.9337
116.304 39.9339
116.304 39.9341
116.304 39.9342
116.304 39.9344
116.304 39.9346
116.304 39.9348
116.304 39.935
116.304 39.9352
116.304 39.9355
116.304 39.9357
116.304 39.936
116.304 39.9362
116.304 39.9364
116.304 39.9366
116.304 39.9368
116.304 39.9369
116.304 39.9371
116.304 39.9371
116.304 39.9372
116.304 39.9372
116.304 39.9373
116.304 39.9374
116.304 39.9374
116.304 39.9374
116.304 39.9375
116.304 39.9375
116.304 39.9376
116.304 39.9377
116.304 39.9378
116.304 39.938
116.304 39.9381
116.304 39.9382
116.304 39.9383
116.304 39.9385
116.304 39.9386
116.304 39.9387
116.304 39.9389
116.304 39.939
116.304 39.9392
116.304 39.9393
116.304 39.9395
116.304 39.9397
116.304 39.9398
116.304 39.94
116.304 39.9402
116.304 39.9404
116.304 39.9406
116.304 39.9408
116.304 39.941
116.304 39.9412
116.304 39.9414
116.304 39.9416
116.304 39.9418
116.304 39.942
116.304 39.9422
116.304 39.9424
116.304 39.9426
116.304 39.9428
116.304 39.943
116.304 39.9432
116.304 39.9434
116.304 39.9436
116.304 39.9438
116.304 39.9441
116.304 39.9443
116.304 39.9445
116.304 39.9447
116.304 39.9449
116.304 39.945
116.304 39.9451
116.304 39.9452
116.304 39.9454
116.304 39.9455
116.304 39.9457
116.304 39.9458
116.304 39.946
116.304 39.9462
116.304 39.9464
116.304 39.9465
116.304 39.9467
116.304 39.9468
116.304 39.9468
116.304 39.9468
116.304 39.9468
116.304 39.9468
116.304 39.9469
116.304 39.9469
116.304 39.947
116.304 39.947
116.304 39.947
116.304 39.9471
116.304 39.9471
116.304 39.9471
116.304 39.9471
116.304 39.9471
116.304 39.9471
116.304 39.9472
116.304 39.9472
116.304 39.9473
116.304 39.9474
116.304 39.9475
116.304 39.9476
116.304 39.9477
116.304 39.9478
116.304 39.948
116.304 39.9481
116.304 39.9483
116.304 39.9484
116.304 39.9486
116.304 39.9488
116.304 39.949
116.304 39.9491
116.304 39.9492
116.304 39.9493
116.303 39.9493
116.303 39.9494
116.303 39.9494
116.303 39.9494
116.303 39.9495
116.303 39.9496
116.303 39.9497
116.303 39.9498
116.303 39.95
116.303 39.9501
116.303 39.9502
116.304 39.9504
116.304 39.9505
116.304 39.9507
116.304 39.9508
116.304 39.9509
116.304 39.9511
116.304 39.9512
116.304 39.9513
116.304 39.9514
116.304 39.9514
116.304 39.9513
116.304 39.9513
116.304 39.9511
116.304 39.9507
116.304 39.9505
116.304 39.9503
116.305 39.95
116.305 39.9496
116.305 39.9492
116.305 39.9489
116.305 39.9485
116.305 39.9481
116.305 39.9456
116.305 39.9431
116.303 39.9532
116.303 39.9532
116.303 39.9532
116.303 39.9532
116.303 39.9532
116.303 39.9532
116.303 39.9533
116.303 39.9533
116.303 39.9534
116.303 39.9535
116.303 39.9536
116.303 39.9538
116.303 39.9539
116.303 39.954
116.303 39.9542
116.303 39.9543
116.303 39.9544
116.303 39.9546
116.303 39.9547
116.303 39.9549
116.303 39.955
116.303 39.9552
116.303 39.9552
116.303 39.9553
116.303 39.9553
116.303 39.9553
116.303 39.9553
116.303 39.9553
116.303 39.9553
116.303 39.9553
116.303 39.9553
116.303 39.9554
116.303 39.9554
116.303 39.9554
116.303 39.9554
116.303 39.9554
116.303 39.9554
116.303 39.9554
116.303 39.9554
116.303 39.9554
116.303 39.9555
116.303 39.9555
116.303 39.9556
116.303 39.9557
116.303 39.9558
116.303 39.9559
116.303 39.956
116.303 39.9561
116.303 39.9563
116.303 39.9564
116.303 39.9566
116.303 39.9568
116.303 39.957
116.303 39.9571
116.303 39.9573
116.303 39.9575
116.303 39.9577
116.303 39.9579
116.303 39.9581
116.303 39.9581
116.303 39.9583
116.303 39.9583
116.303 39.9583
116.303 39.9583
116.303 39.9583
116.303 39.9584
116.303 39.9585
116.303 39.9585
116.302 39.9586
116.302 39.9587
116.302 39.9588
116.302 39.9589
116.302 39.9591
116.302 39.9592
116.302 39.9593
116.302 39.9595
116.302 39.9596
116.302 39.9598
116.302 39.96
116.302 39.9601
116.302 39.9603
116.302 39.9605
116.302 39.9606
116.302 39.9606
116.302 39.9606
116.302 39.9605
116.302 39.9605
116.302 39.9605
116.302 39.9605
116.302 39.9605
116.302 39.9605
116.302 39.9604
116.302 39.9603
116.302 39.9602
116.302 39.9601
116.302 39.96
116.302 39.96
116.302 39.96
116.302 39.96
116.302 39.9601
116.302 39.9602
116.302 39.9602
116.302 39.9603
116.302 39.9604
116.302 39.9605
116.302 39.9604
116.302 39.9604
116.301 39.9604
116.301 39.9603
116.301 39.9603
116.301 39.9603
116.301 39.9602
116.301 39.9601
116.3 39.9601
116.3 39.96
116.3 39.9599
116.3 39.9598
116.3 39.9597
116.299 39.9597
116.299 39.9596
116.299 39.9595
116.299 39.9594
116.299 39.9593
116.298 39.9593
116.298 39.9593
116.298 39.9593
116.298 39.9593
116.298 39.9593
116.298 39.9594
116.298 39.9593
116.298 39.9593
116.298 39.9593
116.298 39.9592
116.298 39.9592
116.298 39.9591
116.297 39.959
116.297 39.959
116.297 39.9589
116.297 39.9588
116.297 39.9588
116.296 39.9587
116.296 39.9587
116.296 39.9586
116.296 39.9586
116.296 39.9585
116.295 39.9585
116.295 39.9584
116.295 39.9584
116.295 39.9583
116.294 39.9583
116.294 39.9583
116.294 39.9582
116.294 39.9582
116.294 39.9582
116.293 39.9582
116.293 39.9583
116.293 39.9584
116.293 39.9585
116.293 39.9586
116.293 39.9587
116.293 39.9588
116.293 39.959
116.293 39.9591
116.293 39.9593
116.293 39.9594
116.293 39.9596
116.293 39.9597
116.293 39.9598
116.292 39.9599
116.292 39.96
116.292 39.96
116.292 39.96
116.293 39.96
116.293 39.96
116.293 39.9601
116.293 39.9602
116.293 39.9602
116.293 39.9603
116.293 39.9604
116.293 39.9606
116.293 39.9607
116.293 39.9609
116.293 39.961
116.293 39.9611
116.293 39.9612
116.293 39.9612
116.293 39.9613
116.293 39.9613
116.293 39.9614
116.292 39.9615
116.292 39.9616
116.292 39.9616
116.292 39.9616
116.292 39.9617
116.292 39.9617
116.292 39.9617
116.292 39.9618
116.292 39.9619
116.292 39.962
116.292 39.9621
116.292 39.9622
116.292 39.9623
116.292 39.9624
116.292 39.9626
116.292 39.9627
116.292 39.9629
116.292 39.963
116.292 39.9632
116.292 39.9633
116.292 39.9635
116.292 39.9637
116.292 39.9639
116.292 39.964
116.292 39.9642
116.292 39.9643
116.292 39.9643
116.292 39.9643
116.292 39.9643
116.292 39.9643
116.292 39.9644
116.292 39.9645
116.292 39.9646
116.292 39.9647
116.291 39.9649
116.291 39.965
116.291 39.9651
116.291 39.9652
116.291 39.9654
116.291 39.9655
116.291 39.9656
116.291 39.9656
116.291 39.9656
116.291 39.9656
116.291 39.9656
116.291 39.9656
116.291 39.9657
116.291 39.9658
116.291 39.9659
116.291 39.966
116.291 39.9661
116.291 39.9662
116.291 39.9663
116.291 39.9664
116.291 39.9665
116.291 39.9666
116.291 39.9666
116.291 39.9666
116.291 39.9667
116.291 39.9668
116.291 39.9668
116.291 39.967
116.291 39.9671
116.291 39.9672
116.291 39.9673
116.291 39.9675
116.291 39.9676
116.291 39.9678
116.291 39.968
116.29 39.9682
116.29 39.9683
116.29 39.9685
116.29 39.9687
116.29 39.9689
116.29 39.9691
116.29 39.9692
116.29 39.9692
116.29 39.9693
116.29 39.9693
116.29 39.9693
116.29 39.9694
116.29 39.9695
116.29 39.9696
116.29 39.9697
116.29 39.9699
116.29 39.97
116.29 39.9702
116.29 39.9703
116.29 39.9705
116.29 39.9707
116.29 39.9709
116.29 39.9711
116.29 39.9713
116.29 39.9715
116.29 39.9717
116.29 39.9719
116.29 39.9721
116.29 39.9723
116.29 39.9725
116.29 39.9726
116.29 39.9728
116.29 39.9729
116.29 39.9729
116.29 39.973
116.291 39.973
116.291 39.973
116.291 39.973
116.291 39.973
116.291 39.973
116.291 39.973
116.292 39.973
116.292 39.973
116.292 39.973
116.292 39.973
116.292 39.9731
116.292 39.9731
116.292 39.9731
116.292 39.9731
116.292 39.9731
116.292 39.9731
116.292 39.9731
116.293 39.9731
116.293 39.9731
116.293 39.9731
116.293 39.9732
116.293 39.9732
116.294 39.9732
116.294 39.9732
116.294 39.9732
116.294 39.9732
116.294 39.9732
116.294 39.9732
116.294 39.9732
116.294 39.9732
116.294 39.9732
116.294 39.9732
116.295 39.9732
116.295 39.9732
116.295 39.9732
116.295 39.9732
116.295 39.9732
116.295 39.9732
116.295 39.9733
116.295 39.9733
116.296 39.9733
116.296 39.9734
116.296 39.9735
116.296 39.9735
116.296 39.9736
116.297 39.9737
116.297 39.9738
116.297 39.9739
116.297 39.9739
116.297 39.974
116.297 39.974
116.297 39.974
116.297 39.974
116.297 39.9741
116.297 39.9741
116.297 39.9741
116.297 39.9741
116.298 39.9742
116.298 39.9742
116.298 39.9743
116.298 39.9743
116.298 39.9743
116.298 39.9743
116.298 39.9743
116.298 39.9743
116.298 39.9743
116.299 39.9743
116.299 39.9744
116.299 39.9744
116.299 39.9744
116.299 39.9744
116.299 39.9744
116.299 39.9744
116.299 39.9744
116.299 39.9744
116.299 39.9744
116.299 39.9744
116.299 39.9744
116.3 39.9744
116.3 39.9744
116.3 39.9744
116.3 39.9744
116.3 39.9744
116.3 39.9745
116.3 39.9745
116.3 39.9746
116.3 39.9747
116.3 39.9748
116.3 39.975
116.3 39.9751
116.3 39.9752
116.3 39.9753
116.3 39.9754
116.3 39.9756
116.3 39.9757
116.3 39.9759
116.3 39.976
116.3 39.9761
116.3 39.9762
116.299 39.9763
116.299 39.9764
116.299 39.9765
116.299 39.9766
116.299 39.9768
116.299 39.9769
116.299 39.9771
116.299 39.9772
116.299 39.9773
116.299 39.9774
116.299 39.9774
116.299 39.9774
116.299 39.9774
116.299 39.9773
116.299 39.9773
116.299 39.9773
116.299 39.9774
116.3 39.9782
116.3 39.9784
116.3 39.9785
116.3 39.9786
116.3 39.9786
116.3 39.9787
116.3 39.9787
116.3 39.9787
116.3 39.9788
116.3 39.9788
116.3 39.9788
116.3 39.9789
116.3 39.9789
116.3 39.9789
116.3 39.979
116.3 39.979
116.3 39.979
116.3 39.979
116.3 39.979
116.3 39.979
116.3 39.9791
116.3 39.9791
116.3 39.9791
116.3 39.9791
116.3 39.9791
116.3 39.9792
116.3 39.9792
116.3 39.9792
116.3 39.9792
116.3 39.9793
116.3 39.9793
116.3 39.9794
116.3 39.9793
116.3 39.9793
116.3 39.9793
116.299 39.9793
116.3 39.9794
116.3 39.9795
116.3 39.9795
116.3 39.9796
116.3 39.9796
116.3 39.9796
116.3 39.9797
116.3 39.9797
116.3 39.9798
116.3 39.9798
116.3 39.9798
116.3 39.9798
116.3 39.9798
116.3 39.9798
116.3 39.9798
116.3 39.9798
116.3 39.9799
116.3 39.9799
116.3 39.9799
116.3 39.98
116.3 39.98
116.3 39.9801
116.3 39.9801
116.299 39.9801
116.299 39.9801
116.299 39.9801
116.299 39.9801
116.299 39.9801
116.299 39.9801
116.299 39.9801
116.299 39.9801
116.299 39.9801
116.3 39.9802
116.3 39.9802
116.3 39.9802
116.299 39.9803
116.299 39.9803
116.299 39.9804
116.299 39.9804
116.299 39.9804
116.299 39.9804
116.299 39.9804
116.299 39.9804
116.299 39.9804
116.299 39.9803
116.299 39.9803
116.3 39.9802
116.299 39.9803
116.299 39.9803
116.299 39.9803
116.299 39.9802
116.3 39.9801
116.3 39.98
116.3 39.9798
116.3 39.9796
116.3 39.9794
116.3 39.9793
116.3 39.9792
116.3 39.9791
116.3 39.979
116.3 39.9789
116.3 39.9789
116.3 39.9787
116.3 39.9784
116.3 39.9782
116.3 39.978
116.3 39.9778
116.3 39.9776
116.3 39.9773
116.3 39.9771
116.3 39.9769
116.3 39.9766
116.3 39.9813
116.3 39.9813
116.3 39.9813
116.3 39.9813
116.3 39.9813
116.3 39.9814
116.3 39.9814
116.3 39.9814
116.3 39.9814
116.3 39.9816
116.3 39.9816
116.3 39.9817
116.3 39.9817
116.3 39.9817
116.3 39.9817
116.3 39.9816
116.3 39.9816
116.299 39.9817
116.299 39.9817
116.299 39.9818
116.299 39.9818
116.299 39.9818
116.299 39.9818
116.299 39.9818
116.299 39.9818
116.299 39.9818
116.299 39.9817
116.3 39.9816
116.3 39.9817
116.3 39.9817
116.299 39.9817
116.299 39.9817
116.3 39.9817
116.3 39.9817
116.3 39.9816
116.3 39.9816
116.3 39.9816
116.3 39.9818
116.299 39.9818
116.3 39.9819
116.3 39.982
116.3 39.982
116.3 39.9821
116.3 39.9822
116.3 39.9822
116.3 39.9823
116.3 39.9824
116.3 39.9824
116.3 39.9824
116.3 39.9824
116.3 39.9825
116.3 39.9824
116.3 39.9824
116.3 39.9824
116.3 39.9823
116.3 39.9823
116.3 39.9823
116.3 39.9823
116.3 39.9825
116.3 39.9826
116.3 39.9827
116.3 39.9828
116.3 39.9828
116.3 39.9827
116.299 39.9826
116.299 39.9827
116.299 39.9828
116.299 39.9828
116.299 39.9828
116.299 39.983
116.299 39.9829
116.299 39.9829
116.299 39.983
116.299 39.983
116.299 39.9831
116.299 39.9832
116.299 39.9832
116.299 39.9832
116.299 39.9833
116.3 39.9833
116.3 39.9834
116.3 39.9834
116.3 39.9834
116.3 39.9835
116.3 39.9835
116.3 39.9835
116.3 39.9836
116.3 39.9836
116.3 39.9836
116.3 39.9837
116.3 39.9837
116.3 39.9837
116.3 39.9837
116.3 39.9837
116.3 39.9837
116.3 39.9838
116.3 39.9838
116.3 39.9838
116.3 39.9838
116.3 39.9839
116.3 39.9839
116.3 39.9839
116.3 39.984
116.3 39.984
116.3 39.984
116.3 39.984
116.3 39.9841
116.3 39.9841
116.3 39.9841
116.3 39.9841
116.3 39.9842
116.3 39.9842
116.3 39.9843
116.3 39.9843
116.3 39.9844
116.3 39.9844
116.3 39.9844
116.3 39.9845
116.3 39.9845
116.3 39.9845
116.3 39.9846
116.3 39.9846
116.3 39.9847
116.3 39.9847
116.3 39.9847
116.3 39.9848
116.3 39.9848
116.3 39.9849
116.3 39.9849
116.3 39.9849
116.299 39.9849
116.299 39.9849
116.299 39.9849
116.299 39.985
116.299 39.985
116.299 39.9851
116.299 39.9851
116.299 39.9851
116.3 39.9852
116.3 39.9852
116.3 39.9852
116.3 39.9853
116.3 39.9853
116.3 39.9853
116.3 39.9854
116.3 39.9854
116.3 39.9855
116.3 39.9855
116.3 39.9856
116.3 39.9856
116.3 39.9856
116.3 39.9857
116.3 39.9857
116.3 39.9857
116.3 39.9858
116.3 39.9858
116.3 39.9858
116.3 39.9859
116.3 39.9859
116.3 39.986
116.3 39.986
116.3 39.986
116.3 39.986
116.3 39.986
116.3 39.9861
116.3 39.9861
116.3 39.9861
116.299 39.9861
116.299 39.9861
116.299 39.9862
116.299 39.9862
116.299 39.9862
116.299 39.9863
116.299 39.9863
116.299 39.9863
116.299 39.9863
116.299 39.9864
116.299 39.9864
116.299 39.9864
116.299 39.9864
116.299 39.9864
116.299 39.9864
116.299 39.9864
116.299 39.9864
116.299 39.9865
116.299 39.9865
116.3 39.9866
116.3 39.9866
116.3 39.9866
116.3 39.9867
116.3 39.9867
116.3 39.9868
116.3 39.9869
116.3 39.987
116.3 39.9871
116.3 39.9872
116.301 39.9873
116.301 39.9874
116.301 39.9875
116.301 39.9875
116.301 39.9876
116.301 39.9877
116.301 39.9878
116.302 39.9879
116.302 39.988
116.302 39.9881
116.302 39.9881
116.302 39.9881
116.303 39.9881
116.303 39.9881
116.303 39.988
116.303 39.988
116.303 39.9881
116.304 39.9881
116.304 39.9882
116.304 39.9882
116.304 39.9881
116.305 39.9882
116.305 39.9882
116.305 39.9883
116.305 39.9883
116.306 39.9883
116.306 39.9884
116.307 39.9884
116.307 39.9885
116.307 39.9885
116.308 39.9886
116.308 39.9887
116.308 39.9888
116.31 39.9889
116.311 39.9891
116.312 39.9893
116.312 39.9894
116.314 39.9896
116.314 39.9896
