116.302 39.9864
116.302 39.9864
116.302 39.9864
116.302 39.9864
116.302 39.9864
116.302 39.9864
116.302 39.9864
116.302 39.9864
116.302 39.9864
116.302 39.9864
116.302 39.9865
116.302 39.9866
116.302 39.9866
116.302 39.9866
116.302 39.9866
116.302 39.9866
116.302 39.9866
116.302 39.9866
116.302 39.9866
116.302 39.9866
116.302 39.9866
116.302 39.9866
116.302 39.9866
116.302 39.9866
116.302 39.9866
116.302 39.9866
116.301 39.9866
116.301 39.9866
116.301 39.9866
116.301 39.9866
116.301 39.9866
116.301 39.9867
116.301 39.9867
116.301 39.9866
116.301 39.9866
116.301 39.9866
116.301 39.9866
116.301 39.9866
116.301 39.9865
116.301 39.9866
116.301 39.9865
116.301 39.9865
116.301 39.9865
116.301 39.9865
116.301 39.9865
116.301 39.9865
116.301 39.9866
116.301 39.9866
116.301 39.9866
116.301 39.9866
116.301 39.9866
116.301 39.9866
116.301 39.9865
116.301 39.9865
116.301 39.9865
116.301 39.9865
116.301 39.9865
116.301 39.9865
116.3 39.9865
116.3 39.9865
116.3 39.9865
116.3 39.9865
116.3 39.9865
116.3 39.9865
116.3 39.9865
116.3 39.9865
116.3 39.9865
116.3 39.9865
116.3 39.9865
116.3 39.9866
116.3 39.9866
116.3 39.9866
116.3 39.9866
116.3 39.9866
116.3 39.9867
116.3 39.9866
116.3 39.9867
116.3 39.9867
116.3 39.9867
116.3 39.9867
116.3 39.9866
116.3 39.9866
116.3 39.9866
116.3 39.9866
116.3 39.9866
116.299 39.9866
116.299 39.9866
116.299 39.9866
116.299 39.9866
116.299 39.9866
116.299 39.9866
116.299 39.9866
116.299 39.9866
116.299 39.9866
116.299 39.9866
116.299 39.9865
116.299 39.9865
116.299 39.9864
116.299 39.9864
116.299 39.9864
116.299 39.9864
116.299 39.9864
116.299 39.9864
116.299 39.9864
116.299 39.9864
116.299 39.9865
116.299 39.9865
116.299 39.9865
116.299 39.9865
116.299 39.9865
116.299 39.9865
116.299 39.9865
116.299 39.9865
116.299 39.9865
116.299 39.9865
116.299 39.9865
116.299 39.9866
116.299 39.9866
116.299 39.9866
116.299 39.9866
116.299 39.9867
116.299 39.9867
116.299 39.9867
116.299 39.9867
116.299 39.9867
116.299 39.9867
116.299 39.9867
116.299 39.9867
116.299 39.9868
116.299 39.9868
116.299 39.9868
116.299 39.9868
116.299 39.9868
116.299 39.9868
116.299 39.9868
116.299 39.9868
116.299 39.9868
116.299 39.9868
116.299 39.9869
116.299 39.9869
116.299 39.987
116.299 39.987
116.299 39.987
116.299 39.987
116.299 39.987
116.299 39.987
116.299 39.987
