119.413 39.8503
119.413 39.8503
119.413 39.8503
119.413 39.8503
119.413 39.8503
119.413 39.8503
119.413 39.8503
119.413 39.8503
119.413 39.8502
119.413 39.8501
119.413 39.8501
119.413 39.8502
119.413 39.8502
119.413 39.8502
119.413 39.8502
119.413 39.8502
119.413 39.85
119.413 39.85
119.413 39.85
119.413 39.85
119.413 39.8501
119.413 39.8501
119.413 39.8502
119.413 39.8502
119.413 39.8501
119.413 39.8502
119.413 39.8501
119.413 39.8501
119.413 39.8501
119.413 39.8501
119.413 39.8501
119.413 39.8501
119.413 39.8501
119.413 39.8501
119.413 39.8501
119.413 39.8501
119.413 39.8502
119.413 39.8502
119.413 39.8503
119.413 39.8503
119.413 39.8504
119.413 39.8504
119.413 39.8505
119.413 39.8505
119.413 39.8505
119.413 39.8505
119.413 39.8505
119.413 39.8505
119.413 39.8505
119.413 39.8505
119.413 39.8505
119.413 39.8505
119.413 39.8506
119.413 39.8505
119.413 39.8504
119.413 39.8503
119.413 39.8503
119.413 39.8502
119.413 39.8502
119.413 39.8501
119.413 39.8501
119.413 39.85
119.412 39.85
119.412 39.85
119.412 39.8499
119.412 39.8499
119.412 39.8499
119.412 39.8498
119.412 39.8498
119.412 39.8498
119.412 39.8498
119.412 39.8497
119.412 39.8497
119.412 39.8496
119.412 39.8496
119.412 39.8495
119.411 39.8495
119.411 39.8494
119.411 39.8494
119.411 39.8493
119.411 39.8492
119.411 39.8492
119.411 39.8491
119.411 39.849
119.411 39.8489
119.411 39.8488
119.41 39.8487
119.41 39.8486
119.41 39.8485
119.41 39.8484
119.41 39.8483
119.41 39.8482
119.409 39.8481
119.409 39.848
119.409 39.848
119.409 39.8479
119.409 39.8478
119.409 39.8477
119.409 39.8476
119.408 39.8475
119.408 39.8474
119.408 39.8473
119.408 39.8472
119.408 39.8471
119.407 39.8471
119.407 39.847
119.407 39.8469
119.407 39.8468
119.407 39.8468
119.406 39.8467
119.406 39.8466
119.406 39.8466
119.406 39.8465
119.406 39.8464
119.405 39.8464
119.405 39.8463
119.405 39.8462
119.405 39.8462
119.404 39.8461
119.404 39.8461
119.404 39.846
119.404 39.8459
119.404 39.8459
119.403 39.8458
119.403 39.8458
119.403 39.8457
119.403 39.8457
119.402 39.8456
119.402 39.8456
119.402 39.8455
119.402 39.8454
119.402 39.8454
119.401 39.8453
119.401 39.8452
119.401 39.8452
119.401 39.8451
119.4 39.8451
119.4 39.845
119.4 39.8449
119.4 39.8449
119.4 39.8448
119.399 39.8447
119.399 39.8447
119.399 39.8446
119.399 39.8445
119.398 39.8445
119.398 39.8444
119.398 39.8444
119.398 39.8443
119.398 39.8442
119.397 39.8441
119.397 39.8441
119.397 39.844
119.397 39.8439
119.396 39.8438
119.396 39.8437
119.396 39.8437
119.396 39.8436
119.395 39.8434
119.395 39.8433
119.395 39.8432
119.395 39.8431
119.394 39.843
119.394 39.8429
119.394 39.8428
119.394 39.8426
119.393 39.8425
119.393 39.8424
119.393 39.8422
119.393 39.8421
119.392 39.8419
119.392 39.8418
119.392 39.8416
119.392 39.8415
119.391 39.8413
119.391 39.8411
119.391 39.8409
119.39 39.84
119.389 39.8389
119.387 39.8377
119.386 39.8364
119.384 39.8352
119.382 39.8341
119.38 39.8331
119.377 39.832
119.375 39.8309
119.373 39.8298
119.37 39.8286
119.368 39.8275
119.365 39.8262
119.362 39.825
119.36 39.8237
119.357 39.8224
119.354 39.8211
119.351 39.8199
119.348 39.8188
119.345 39.8176
119.342 39.8164
119.339 39.8151
119.336 39.8134
119.333 39.8114
119.331 39.809
119.33 39.8067
119.327 39.8046
119.324 39.8028
119.321 39.8009
119.318 39.7992
119.315 39.7974
119.313 39.7952
119.311 39.7929
119.308 39.7905
119.306 39.7882
119.304 39.7859
119.302 39.7835
119.3 39.7812
119.297 39.7789
119.295 39.7766
119.293 39.7745
119.29 39.7727
119.287 39.771
119.284 39.7692
119.281 39.7674
119.278 39.7657
119.275 39.7641
119.272 39.7626
119.269 39.7611
119.266 39.7596
119.263 39.758
119.26 39.7566
119.257 39.7551
119.254 39.7534
119.251 39.7516
119.248 39.7497
119.246 39.7478
119.243 39.7459
119.241 39.7441
119.238 39.7423
119.236 39.7404
119.233 39.7386
119.231 39.7367
119.229 39.7348
119.226 39.7329
119.224 39.7311
119.221 39.7293
119.218 39.7276
119.215 39.726
119.213 39.7243
119.21 39.7227
119.207 39.721
119.204 39.7193
119.202 39.7176
119.199 39.716
119.196 39.7146
119.192 39.7134
119.189 39.712
119.186 39.7107
119.183 39.7094
119.18 39.7081
119.177 39.7068
119.174 39.7055
119.17 39.7042
119.167 39.7031
119.164 39.7026
119.16 39.7025
119.157 39.7024
119.153 39.7024
119.15 39.7025
119.146 39.7028
119.143 39.703
119.139 39.7033
119.136 39.7035
119.132 39.7038
119.128 39.704
119.125 39.7043
119.121 39.7045
119.118 39.7048
119.114 39.705
119.11 39.7053
119.107 39.7055
119.103 39.7058
119.1 39.706
119.096 39.7061
119.092 39.7061
119.089 39.7062
119.085 39.7062
119.081 39.7063
119.077 39.7063
119.074 39.7062
119.07 39.706
119.066 39.7059
119.062 39.7057
119.058 39.7057
119.055 39.7057
119.051 39.7057
119.047 39.7057
119.044 39.7057
119.04 39.7057
119.036 39.7057
119.033 39.7057
119.029 39.7057
119.026 39.7057
119.022 39.7057
119.018 39.7058
119.015 39.7058
119.011 39.706
119.008 39.7066
119.004 39.7073
119.001 39.7079
118.997 39.7086
118.994 39.7092
118.99 39.71
118.987 39.7108
118.983 39.7117
118.98 39.7125
118.977 39.7133
118.973 39.7136
118.969 39.714
118.966 39.7143
118.962 39.7146
118.959 39.7149
118.955 39.7153
118.951 39.7156
118.948 39.7159
118.944 39.7163
118.941 39.7166
118.937 39.7167
118.934 39.7169
118.93 39.7171
118.926 39.7172
118.923 39.7173
118.919 39.7173
118.916 39.7173
118.912 39.7173
118.908 39.7173
118.905 39.7173
118.901 39.7173
118.898 39.7172
118.894 39.7172
118.891 39.7172
118.887 39.7172
118.883 39.7172
118.88 39.7171
118.877 39.7171
118.873 39.7174
118.87 39.7181
118.867 39.719
118.863 39.7199
118.86 39.7208
118.857 39.7216
118.854 39.7225
118.85 39.7233
118.847 39.7241
118.844 39.7249
118.84 39.7257
118.837 39.7266
118.833 39.7274
118.83 39.7282
118.826 39.7292
118.823 39.7307
118.821 39.7324
118.818 39.7341
118.816 39.7358
118.813 39.7375
118.81 39.7392
118.808 39.7409
118.805 39.7426
118.803 39.7443
118.8 39.746
118.798 39.7477
118.795 39.7495
118.792 39.7512
118.79 39.753
118.787 39.7546
118.784 39.7558
118.78 39.7564
118.776 39.7566
118.773 39.7564
118.769 39.7562
118.766 39.756
118.762 39.7558
118.758 39.7557
118.755 39.7557
118.751 39.7557
118.748 39.7557
118.744 39.7558
118.741 39.7559
118.737 39.7559
118.734 39.7561
118.73 39.7565
118.727 39.7568
118.723 39.7571
118.72 39.7574
118.716 39.7577
118.713 39.7578
118.709 39.7577
118.706 39.7575
118.702 39.7574
118.699 39.7573
118.695 39.7572
118.692 39.7571
118.689 39.757
118.685 39.7567
118.682 39.7564
118.678 39.756
118.675 39.7558
118.672 39.7557
118.668 39.7556
118.665 39.7555
118.662 39.7554
118.658 39.7551
118.655 39.7543
118.652 39.7534
118.649 39.7526
118.646 39.7518
118.643 39.7519
118.64 39.7531
118.638 39.755
118.638 39.7573
118.637 39.7597
118.636 39.7622
118.635 39.7647
118.634 39.7673
118.632 39.77
118.63 39.7723
118.628 39.7746
118.626 39.7768
118.623 39.7791
118.621 39.7813
118.619 39.7836
118.617 39.7858
118.614 39.7879
118.612 39.7901
118.61 39.7923
118.608 39.7945
118.606 39.7967
118.603 39.7989
118.601 39.8011
118.599 39.8033
118.597 39.8055
118.594 39.8078
118.592 39.81
118.59 39.8122
118.588 39.8145
118.585 39.8167
118.583 39.819
118.581 39.8213
118.578 39.8235
118.576 39.8258
118.574 39.8281
118.571 39.8304
118.569 39.8325
118.566 39.8344
118.563 39.8362
118.56 39.838
118.557 39.8397
118.554 39.8414
118.551 39.8431
118.548 39.8447
118.546 39.8464
118.543 39.848
118.54 39.8497
118.537 39.8513
118.534 39.8529
118.531 39.8544
118.528 39.8558
118.525 39.8573
118.522 39.8588
118.519 39.8602
118.516 39.8618
118.513 39.8632
118.51 39.8647
118.507 39.866
118.504 39.8672
118.501 39.8684
118.498 39.869
118.495 39.8691
118.491 39.8686
118.488 39.8681
118.484 39.8676
118.481 39.8674
118.477 39.8679
118.474 39.8687
118.47 39.8696
118.467 39.8704
118.463 39.8713
118.46 39.8721
118.456 39.873
118.453 39.8739
118.449 39.8748
118.445 39.8754
118.442 39.8756
118.438 39.8757
118.434 39.8758
118.43 39.8759
118.427 39.876
118.423 39.876
118.419 39.8761
118.415 39.8762
118.412 39.8763
118.408 39.8764
118.404 39.8765
118.401 39.8766
118.397 39.8767
118.393 39.8767
118.389 39.8768
118.386 39.8766
118.382 39.8758
118.379 39.8745
118.376 39.873
118.373 39.8716
118.37 39.8701
118.366 39.8688
118.363 39.8674
118.36 39.8661
118.357 39.8647
118.354 39.8633
118.351 39.8619
118.347 39.8605
118.344 39.8591
118.341 39.8577
118.338 39.8565
118.334 39.8557
118.331 39.8548
118.328 39.8534
118.325 39.8516
118.322 39.8496
118.32 39.8478
118.317 39.8464
118.314 39.8455
118.31 39.8451
118.307 39.8448
118.304 39.8442
118.301 39.8433
118.297 39.8424
118.294 39.8415
118.291 39.8405
118.288 39.8396
118.285 39.8389
118.282 39.8381
118.278 39.8372
118.275 39.8363
118.272 39.8352
118.269 39.8341
118.266 39.833
118.263 39.832
118.261 39.8309
118.258 39.8299
118.255 39.8289
118.252 39.8279
118.249 39.8272
118.246 39.8268
118.242 39.8264
118.239 39.8261
118.235 39.8257
118.232 39.8254
118.228 39.825
118.224 39.8246
118.221 39.8242
118.217 39.8237
118.214 39.8234
118.21 39.8231
118.207 39.8229
118.203 39.8226
118.2 39.8224
118.196 39.8222
118.193 39.8221
118.19 39.822
118.186 39.822
118.183 39.8219
118.18 39.8218
118.177 39.8217
118.174 39.8216
118.17 39.8216
118.167 39.8215
118.164 39.8213
118.161 39.8212
118.158 39.8211
118.155 39.821
118.153 39.821
118.15 39.8208
118.147 39.8208
118.145 39.8207
118.142 39.8206
118.14 39.8206
118.137 39.8205
118.135 39.8205
118.133 39.8204
118.131 39.8203
118.13 39.8201
118.128 39.8198
118.128 39.8197
118.127 39.8196
118.127 39.8196
118.127 39.8195
118.127 39.8194
118.126 39.8194
118.126 39.8193
118.126 39.8192
118.126 39.8191
118.126 39.8191
118.125 39.819
118.125 39.8189
118.125 39.8189
118.125 39.8188
118.125 39.8187
118.124 39.8187
118.124 39.8186
118.124 39.8185
118.124 39.8184
118.124 39.8184
118.123 39.8183
118.123 39.8182
118.123 39.8182
118.123 39.8181
118.123 39.818
118.122 39.818
118.122 39.818
118.122 39.8179
118.122 39.8178
118.121 39.8178
118.121 39.8177
118.121 39.8176
118.121 39.8176
118.121 39.8175
118.12 39.8175
118.12 39.8174
118.12 39.8173
118.12 39.8173
118.119 39.8172
118.119 39.8172
118.119 39.8171
118.119 39.817
118.119 39.8169
118.118 39.8169
118.118 39.8168
118.118 39.8167
118.118 39.8166
118.118 39.8165
118.117 39.8165
118.117 39.8164
118.117 39.8163
118.117 39.8162
118.116 39.8162
118.116 39.8161
118.116 39.816
118.116 39.8159
118.116 39.8159
118.115 39.8158
118.115 39.8158
118.115 39.8157
118.115 39.8157
118.115 39.8156
118.114 39.8156
118.114 39.8155
118.114 39.8155
118.114 39.8155
118.114 39.8154
118.114 39.8154
118.114 39.8154
118.113 39.8153
118.113 39.8153
118.113 39.8152
118.113 39.8152
118.113 39.8152
118.113 39.8152
118.113 39.8151
118.113 39.8151
118.113 39.8151
118.113 39.8151
118.113 39.8151
118.113 39.8151
118.113 39.8151
118.113 39.815
118.113 39.815
118.112 39.815
118.112 39.815
118.112 39.815
118.112 39.8149
118.112 39.8149
118.112 39.8149
118.112 39.8149
118.112 39.8149
118.112 39.8148
118.112 39.8148
118.112 39.8148
118.112 39.8147
118.112 39.8147
118.112 39.8147
118.112 39.8146
118.111 39.8146
118.111 39.8145
118.111 39.8145
118.111 39.8145
118.111 39.8144
118.111 39.8144
118.111 39.8144
118.111 39.8144
118.111 39.8143
118.11 39.8143
118.11 39.8143
118.11 39.8142
118.11 39.8142
118.11 39.8141
118.11 39.8141
118.11 39.814
118.109 39.814
118.109 39.8139
118.109 39.8139
118.109 39.8138
118.109 39.8138
118.109 39.8138
118.109 39.8137
118.108 39.8137
118.108 39.8136
118.108 39.8136
118.108 39.8136
118.108 39.8135
118.108 39.8134
118.107 39.8134
118.107 39.8133
118.107 39.8133
118.107 39.8132
118.107 39.8132
118.106 39.8131
118.106 39.8131
118.106 39.813
118.106 39.813
118.106 39.8129
118.106 39.8129
118.105 39.8128
118.105 39.8127
118.105 39.8127
118.105 39.8126
118.105 39.8126
118.104 39.8125
118.104 39.8124
118.104 39.8124
118.104 39.8123
118.103 39.8122
118.103 39.8122
118.103 39.8121
118.103 39.8121
118.103 39.812
118.102 39.8119
118.102 39.8119
118.102 39.8118
118.102 39.8117
118.101 39.8116
118.101 39.8116
118.101 39.8115
118.101 39.8114
118.1 39.8113
118.1 39.8113
118.1 39.8112
118.1 39.8111
118.099 39.811
118.099 39.811
118.099 39.8109
118.099 39.8108
118.098 39.8107
118.098 39.8107
118.098 39.8106
118.098 39.8105
118.097 39.8104
118.097 39.8103
118.097 39.8103
118.097 39.8102
118.096 39.8101
118.096 39.81
118.096 39.81
118.095 39.8099
118.095 39.8099
118.095 39.8098
118.095 39.8098
118.094 39.8098
118.094 39.8097
118.094 39.8097
118.093 39.8096
118.093 39.8096
118.093 39.8096
118.092 39.8096
118.092 39.8096
118.092 39.8096
118.091 39.8096
118.09 39.8095
118.088 39.8094
118.086 39.8097
118.084 39.8101
118.082 39.8106
118.08 39.8111
118.078 39.8116
118.076 39.8122
118.074 39.8128
118.072 39.8135
118.069 39.8141
118.067 39.8147
118.064 39.8154
118.062 39.8162
118.059 39.8169
118.056 39.8176
118.053 39.8184
118.05 39.8191
118.047 39.8198
118.044 39.8206
118.041 39.8214
118.038 39.8222
118.035 39.8231
118.032 39.8239
118.028 39.8248
118.025 39.8257
118.022 39.8265
118.018 39.8274
118.015 39.8284
118.011 39.8293
118.008 39.8306
118.005 39.832
118.001 39.8334
117.998 39.8344
117.994 39.8353
117.991 39.8358
117.987 39.8363
117.983 39.8367
117.979 39.8372
117.976 39.8377
117.972 39.8381
117.968 39.8386
117.965 39.8391
117.961 39.8395
117.957 39.84
117.954 39.8405
117.95 39.8409
117.946 39.8414
117.942 39.8417
117.939 39.8418
117.935 39.8419
117.931 39.842
117.927 39.842
117.923 39.842
117.92 39.8421
117.916 39.8424
117.912 39.843
117.909 39.8439
117.905 39.8447
117.901 39.8453
117.898 39.8459
117.894 39.8465
117.89 39.8472
117.886 39.8479
117.883 39.8485
117.879 39.8492
117.875 39.8498
117.872 39.8505
117.868 39.8511
117.864 39.8517
117.861 39.8524
117.857 39.8529
117.854 39.8535
117.85 39.8542
117.846 39.8549
117.843 39.8555
117.839 39.8563
117.836 39.8571
117.832 39.8579
117.829 39.8588
117.825 39.8596
117.821 39.8604
117.818 39.8613
117.814 39.862
117.811 39.8628
117.807 39.8637
117.804 39.8644
117.8 39.8651
117.797 39.866
117.793 39.867
117.79 39.8679
117.786 39.8687
117.782 39.8694
117.779 39.8701
117.775 39.8709
117.772 39.8716
117.768 39.8724
117.765 39.8732
117.761 39.8739
117.757 39.8747
117.754 39.8754
117.75 39.8761
117.747 39.8769
117.744 39.8777
117.74 39.8784
117.737 39.8791
117.733 39.8798
117.73 39.8806
117.727 39.8813
117.723 39.882
117.72 39.8828
117.716 39.8835
117.713 39.8842
117.709 39.8849
117.706 39.8856
117.703 39.8863
117.699 39.8871
117.696 39.8878
117.692 39.8885
117.689 39.8893
117.685 39.8901
117.682 39.8908
117.678 39.8916
117.674 39.8924
117.671 39.8931
117.667 39.894
117.664 39.8951
117.661 39.8962
117.657 39.8974
117.654 39.8984
117.65 39.8991
117.647 39.9001
117.643 39.9011
117.64 39.9021
117.636 39.9032
117.633 39.9043
117.629 39.9054
117.626 39.9064
117.622 39.9073
117.619 39.9084
117.615 39.9094
117.612 39.9104
117.608 39.9114
117.605 39.9125
117.601 39.9135
117.598 39.9145
117.594 39.9154
117.591 39.916
117.587 39.9166
117.583 39.9171
117.58 39.918
117.576 39.9188
117.573 39.9197
117.57 39.9207
117.566 39.9217
117.563 39.9227
117.56 39.9237
117.556 39.9247
117.553 39.9257
117.55 39.9267
117.547 39.9278
117.544 39.9289
117.541 39.9304
117.538 39.9318
117.535 39.9332
117.532 39.9345
117.529 39.9358
117.526 39.937
117.523 39.9383
117.52 39.9397
117.517 39.9412
117.514 39.9428
117.511 39.9442
117.508 39.9459
117.505 39.9475
117.502 39.9488
117.498 39.95
117.495 39.951
117.492 39.9519
117.489 39.9528
117.485 39.9537
117.482 39.9545
117.479 39.9555
117.475 39.9564
117.472 39.9573
117.469 39.9584
117.466 39.9597
117.463 39.9612
117.461 39.963
117.458 39.965
117.456 39.9669
117.453 39.9687
117.45 39.9705
117.448 39.9722
117.445 39.974
117.442 39.9758
117.439 39.9773
117.436 39.9787
117.433 39.9797
117.429 39.9809
117.426 39.982
117.423 39.9832
117.42 39.9843
117.416 39.9855
117.413 39.9867
117.41 39.9882
117.407 39.9897
117.404 39.9909
117.4 39.9919
117.397 39.9926
117.393 39.9929
117.39 39.9931
117.386 39.9933
117.382 39.9935
117.379 39.9936
117.375 39.9937
117.371 39.9938
117.368 39.9939
117.364 39.994
117.36 39.9941
117.357 39.9943
117.353 39.9944
117.349 39.9945
117.346 39.9946
117.342 39.9947
117.339 39.9949
117.335 39.995
117.331 39.9952
117.328 39.9953
117.324 39.9954
117.321 39.9955
117.317 39.9956
117.313 39.9958
117.31 39.9959
117.307 39.996
117.303 39.9962
117.3 39.9964
117.297 39.9967
117.293 39.9969
117.29 39.9971
117.287 39.9974
117.284 39.9976
117.28 39.9977
117.277 39.9978
117.274 39.9978
117.271 39.9977
117.268 39.9975
117.265 39.9974
117.262 39.9972
117.259 39.9971
117.256 39.997
117.253 39.9968
117.25 39.9966
117.247 39.9965
117.244 39.9963
117.241 39.9962
117.238 39.996
117.235 39.9958
117.232 39.9956
117.229 39.9954
117.226 39.9951
117.222 39.9947
117.219 39.9943
117.216 39.9938
117.213 39.9931
117.21 39.9925
117.206 39.9918
117.203 39.9913
117.2 39.9907
117.196 39.9901
117.193 39.9895
117.19 39.9889
117.186 39.9883
117.183 39.9878
117.179 39.9872
117.176 39.9866
117.172 39.986
117.169 39.9854
117.165 39.9848
117.162 39.9842
117.158 39.9837
117.155 39.983
117.151 39.9824
117.148 39.9819
117.144 39.9813
117.141 39.9807
117.138 39.9801
117.134 39.9795
117.131 39.9789
117.127 39.9783
117.124 39.9777
117.12 39.977
117.117 39.9761
117.114 39.975
117.111 39.974
117.107 39.973
117.104 39.9721
117.101 39.9715
117.097 39.9712
117.094 39.9711
117.09 39.9711
117.087 39.9711
117.083 39.9711
117.08 39.971
117.076 39.971
117.073 39.971
117.069 39.971
117.066 39.9709
117.062 39.9709
117.059 39.9708
117.055 39.9704
117.052 39.9699
117.049 39.9694
117.045 39.9688
117.042 39.9683
117.038 39.9678
117.035 39.9673
117.032 39.9667
117.028 39.9662
117.025 39.9657
117.022 39.9652
117.018 39.9646
117.015 39.9641
117.011 39.9637
117.008 39.9631
117.005 39.9626
117.001 39.962
116.998 39.9615
116.994 39.961
116.991 39.9605
116.988 39.96
116.984 39.9595
116.981 39.9591
116.974 39.9585
116.97 39.958
116.967 39.9575
116.963 39.957
116.96 39.9565
116.956 39.9561
116.953 39.9557
116.95 39.9552
116.946 39.9548
116.943 39.9544
116.939 39.954
116.936 39.9536
116.933 39.9532
116.929 39.9528
116.926 39.9524
116.922 39.952
116.919 39.9516
116.915 39.9512
116.912 39.9508
116.908 39.9504
116.905 39.9499
116.901 39.9495
116.898 39.9491
116.895 39.9487
116.891 39.9483
116.888 39.9479
116.884 39.9475
116.881 39.9471
116.877 39.9466
116.874 39.9462
116.871 39.9458
116.867 39.9454
116.864 39.9451
116.861 39.9446
116.857 39.9442
116.854 39.9438
116.851 39.9434
116.847 39.943
116.844 39.9426
116.84 39.9422
116.837 39.9418
116.834 39.9414
116.83 39.9411
116.827 39.9407
116.824 39.9403
116.82 39.94
116.817 39.9397
116.813 39.9393
116.81 39.939
116.807 39.9387
116.803 39.9383
116.8 39.9379
116.796 39.9376
116.793 39.9372
116.789 39.9368
116.786 39.9364
116.782 39.9361
116.779 39.9358
116.775 39.9354
116.772 39.9351
116.768 39.9347
116.765 39.9344
116.762 39.934
116.758 39.9333
116.755 39.9324
116.751 39.9316
116.748 39.9308
116.745 39.93
116.741 39.9292
116.738 39.9283
116.735 39.9275
116.732 39.9267
116.728 39.9259
116.725 39.9252
116.722 39.9244
116.719 39.9235
116.716 39.9224
116.714 39.9209
116.712 39.9194
116.71 39.918
116.709 39.9167
116.707 39.9156
116.706 39.9147
116.706 39.9146
116.706 39.9144
116.705 39.9143
116.705 39.9141
116.705 39.914
116.705 39.9139
116.705 39.9138
116.705 39.9137
116.705 39.9136
116.705 39.9135
116.704 39.9134
116.704 39.9134
116.704 39.9133
116.704 39.9132
116.704 39.9132
116.704 39.9131
116.704 39.913
116.704 39.913
116.704 39.9129
116.704 39.9129
116.704 39.9128
116.704 39.9127
116.704 39.9127
116.704 39.9126
116.703 39.9126
116.703 39.9125
116.703 39.9124
116.703 39.9124
116.703 39.9123
116.703 39.9122
116.703 39.9122
116.703 39.9121
116.703 39.9121
116.703 39.912
116.703 39.912
116.703 39.9119
116.702 39.9118
116.702 39.9118
116.702 39.9117
116.702 39.9117
116.702 39.9116
116.702 39.9116
116.702 39.9115
116.702 39.9114
116.702 39.9114
116.702 39.9113
116.702 39.9113
116.702 39.9112
116.702 39.9112
116.702 39.9111
116.701 39.9111
116.701 39.911
116.701 39.9109
116.701 39.9109
116.701 39.9108
116.701 39.9108
116.701 39.9107
116.701 39.9107
116.701 39.9106
116.701 39.9105
116.701 39.9105
116.701 39.9104
116.701 39.9103
116.701 39.9103
116.7 39.9102
116.7 39.9101
116.7 39.91
116.7 39.9099
116.7 39.9098
116.7 39.9097
116.7 39.9096
116.7 39.9095
116.7 39.9094
116.699 39.9093
116.699 39.9092
116.699 39.9091
116.699 39.909
116.699 39.9089
116.699 39.9087
116.699 39.9086
116.698 39.9085
116.698 39.9084
116.698 39.9082
116.698 39.9081
116.698 39.9079
116.698 39.9078
116.697 39.9076
116.697 39.9075
116.697 39.9073
116.697 39.9072
116.697 39.907
116.696 39.9068
116.696 39.9067
116.696 39.9065
116.696 39.9063
116.696 39.9061
116.695 39.906
116.695 39.9058
116.695 39.9056
116.695 39.9054
116.693 39.9044
116.692 39.9034
116.691 39.9022
116.689 39.9011
116.688 39.8999
116.686 39.8989
116.683 39.8983
116.681 39.8979
116.678 39.8976
116.676 39.8971
116.673 39.8967
116.67 39.8962
116.667 39.8958
116.664 39.8957
116.662 39.8958
116.658 39.8959
116.655 39.896
116.652 39.8961
116.649 39.8962
116.646 39.8963
116.643 39.8964
116.64 39.8965
116.637 39.8964
116.634 39.8963
116.631 39.8963
116.628 39.8962
116.625 39.8961
116.622 39.8958
116.619 39.8954
116.617 39.8949
116.614 39.8944
116.611 39.8943
116.608 39.8944
116.606 39.8946
116.603 39.8947
116.6 39.8949
116.598 39.8948
116.595 39.8948
116.593 39.8952
116.59 39.8956
116.588 39.8961
116.585 39.8964
116.583 39.8966
116.581 39.8968
116.578 39.897
116.576 39.8973
116.573 39.8974
116.571 39.8976
116.568 39.8977
116.566 39.8979
116.563 39.8981
116.561 39.8984
116.558 39.8989
116.556 39.8994
116.554 39.8992
116.551 39.8988
116.549 39.8984
116.547 39.8983
116.545 39.8989
116.543 39.8995
116.54 39.9001
116.538 39.9002
116.536 39.9
116.533 39.8997
116.531 39.8995
116.529 39.8998
116.526 39.9003
116.524 39.9005
116.522 39.9005
116.52 39.9005
116.517 39.9005
116.515 39.9005
116.513 39.9005
116.511 39.9005
116.508 39.9005
116.506 39.9004
116.504 39.9004
116.502 39.9004
116.5 39.9005
116.498 39.9006
116.496 39.9007
116.494 39.9008
116.492 39.9009
116.489 39.9009
116.487 39.901
116.485 39.9012
116.483 39.9013
116.481 39.9014
116.479 39.9013
116.477 39.9013
116.475 39.9011
116.473 39.901
116.471 39.9008
116.47 39.9005
116.468 39.9002
116.466 39.8997
116.464 39.8993
116.462 39.8994
116.461 39.8998
116.459 39.9
116.457 39.9001
116.455 39.9001
116.455 39.9001
116.455 39.9
116.454 39.9
116.453 39.8997
116.451 39.8996
116.449 39.8995
116.447 39.8993
116.446 39.8993
116.444 39.8997
116.442 39.9
116.441 39.8999
116.44 39.8999
116.44 39.8998
116.44 39.8998
116.439 39.8998
116.439 39.8997
116.439 39.8997
116.438 39.8997
116.438 39.8997
116.438 39.8996
116.438 39.8996
116.437 39.8996
116.437 39.8996
116.437 39.8996
116.437 39.8995
116.436 39.8995
116.436 39.8995
116.436 39.8996
116.436 39.8996
116.435 39.8996
116.435 39.8997
116.435 39.8997
116.435 39.8997
116.435 39.8998
116.435 39.8998
116.434 39.8999
116.434 39.8999
116.434 39.8999
116.434 39.9
116.434 39.9
116.434 39.9
116.433 39.9001
116.433 39.9001
116.433 39.9001
116.433 39.9001
116.433 39.9002
116.433 39.9002
116.432 39.9003
116.432 39.9003
116.432 39.9004
116.432 39.9004
116.432 39.9004
116.432 39.9005
116.431 39.9005
116.431 39.9005
116.431 39.9005
116.431 39.9006
116.431 39.9006
116.431 39.9006
116.43 39.9006
116.43 39.9006
116.43 39.9006
116.43 39.9007
116.43 39.9007
116.43 39.9007
116.429 39.9007
116.429 39.9007
116.429 39.9007
116.429 39.9008
116.429 39.9008
116.428 39.9008
116.428 39.9008
116.428 39.9008
116.428 39.9009
116.428 39.9009
116.428 39.9009
116.427 39.9009
116.427 39.901
116.427 39.901
116.427 39.901
116.427 39.9011
116.427 39.9011
116.427 39.9011
116.426 39.9011
116.426 39.9012
116.426 39.9013
116.426 39.9013
116.426 39.9013
116.426 39.9014
116.426 39.9014
116.426 39.9014
116.426 39.9014
116.425 39.9015
116.425 39.9015
116.425 39.9015
116.425 39.9016
116.425 39.9016
116.425 39.9016
116.425 39.9016
116.425 39.9016
116.425 39.9017
116.425 39.9017
116.425 39.9017
116.425 39.9018
116.425 39.9019
116.425 39.9019
116.425 39.902
116.424 39.9021
116.424 39.9021
116.424 39.9021
116.424 39.902
116.424 39.902
116.424 39.902
116.424 39.902
116.424 39.902
116.423 39.902
116.423 39.9019
116.423 39.902
116.423 39.902
116.423 39.902
116.423 39.902
116.423 39.9019
116.423 39.902
116.423 39.902
116.423 39.9019
116.423 39.9019
116.422 39.9019
116.422 39.9019
116.422 39.9019
116.422 39.9019
116.422 39.9019
116.422 39.9019
116.422 39.9019
116.422 39.9019
116.422 39.9018
116.422 39.9018
116.422 39.9018
116.422 39.9018
116.422 39.9018
116.422 39.9018
116.422 39.9018
116.421 39.9017
116.421 39.9017
116.421 39.9017
116.421 39.9017
116.421 39.9017
