116.304 39.9476
116.304 39.9477
116.304 39.9476
116.304 39.9477
116.304 39.9477
116.304 39.9478
116.304 39.9478
116.304 39.9478
116.304 39.9478
116.304 39.9478
116.304 39.9479
116.304 39.9479
116.304 39.9479
116.304 39.9479
116.304 39.9479
116.304 39.9479
116.304 39.948
116.304 39.948
116.304 39.948
116.304 39.9481
116.304 39.9481
116.304 39.9482
116.304 39.9482
116.304 39.9483
116.304 39.9483
116.304 39.9483
116.304 39.9483
116.304 39.9483
116.304 39.9483
116.304 39.9484
116.304 39.9484
116.304 39.9484
116.304 39.9484
116.304 39.9484
116.304 39.9484
116.304 39.9484
116.304 39.9484
116.304 39.9485
116.304 39.9485
116.304 39.9485
116.304 39.9485
116.304 39.9486
116.304 39.9486
116.304 39.9486
116.304 39.9486
116.304 39.9486
116.304 39.9487
116.304 39.9487
116.304 39.9487
116.304 39.9488
116.304 39.9488
116.304 39.9488
116.304 39.9489
116.304 39.9488
116.304 39.9489
116.304 39.9489
116.304 39.9489
116.304 39.9489
116.304 39.9489
116.304 39.9489
116.304 39.9489
116.304 39.949
116.304 39.949
116.304 39.949
116.304 39.949
116.304 39.9491
116.304 39.9491
116.304 39.9491
116.304 39.9492
116.304 39.9492
116.304 39.9493
116.304 39.9493
116.304 39.9493
116.304 39.9493
116.304 39.9493
116.304 39.9493
116.304 39.9492
116.304 39.9492
116.304 39.9492
116.304 39.9492
116.304 39.9492
116.304 39.9492
116.304 39.9492
116.304 39.9492
116.304 39.9493
116.304 39.9493
116.303 39.9493
116.303 39.9493
116.303 39.9493
116.303 39.9493
116.303 39.9493
116.303 39.9493
116.303 39.9493
116.303 39.9493
116.303 39.9493
116.303 39.9493
116.303 39.9493
116.303 39.9493
116.303 39.9492
116.303 39.9492
116.303 39.9491
116.303 39.949
116.303 39.949
116.303 39.949
116.303 39.949
116.303 39.949
116.303 39.949
116.303 39.9489
116.303 39.9489
116.303 39.9489
116.303 39.9489
116.303 39.9489
116.303 39.9488
116.303 39.9488
116.303 39.9489
116.303 39.9489
116.303 39.949
116.303 39.949
116.303 39.949
116.303 39.9489
116.303 39.9489
116.303 39.9488
116.303 39.9488
116.303 39.9488
116.303 39.9488
116.303 39.9487
116.303 39.9487
116.303 39.9488
116.303 39.9488
116.303 39.9489
116.303 39.9491
116.303 39.9491
116.303 39.9492
116.303 39.9492
116.303 39.9492
116.303 39.9492
116.303 39.9492
116.303 39.9492
116.303 39.9492
116.303 39.9491
116.303 39.9491
116.302 39.9491
116.302 39.949
116.302 39.949
116.302 39.9489
116.302 39.949
116.302 39.949
116.302 39.9489
116.302 39.9489
116.302 39.9489
116.302 39.9489
116.302 39.9489
116.302 39.9489
116.302 39.9488
116.302 39.9488
116.302 39.9488
116.302 39.9488
116.302 39.9488
116.302 39.9487
116.302 39.9487
116.302 39.9487
116.302 39.9487
116.302 39.9493
116.302 39.9493
116.302 39.9494
116.302 39.9494
116.302 39.9494
116.302 39.9495
116.302 39.9496
116.302 39.9496
116.302 39.9496
116.301 39.9491
116.302 39.9491
116.302 39.9491
116.302 39.949
116.302 39.9489
116.302 39.9489
116.302 39.9489
116.302 39.9489
116.302 39.9489
116.302 39.9489
116.302 39.949
116.302 39.949
116.302 39.949
116.302 39.949
116.302 39.949
116.302 39.949
116.303 39.949
116.303 39.949
116.303 39.9489
116.303 39.949
116.303 39.949
116.303 39.949
116.303 39.9489
116.303 39.9489
116.303 39.9488
116.303 39.9488
116.303 39.9487
116.303 39.9487
116.303 39.9488
116.303 39.9488
116.303 39.9488
116.303 39.9488
116.303 39.9488
116.303 39.9488
116.303 39.9488
116.303 39.9488
116.303 39.9488
116.303 39.9488
116.303 39.9488
116.303 39.9488
116.303 39.9488
116.303 39.9488
116.303 39.9488
116.303 39.9488
116.303 39.9489
116.303 39.9489
116.303 39.9489
116.303 39.9489
116.303 39.949
116.303 39.949
116.303 39.9491
116.303 39.9491
116.303 39.9491
116.303 39.9492
116.303 39.9492
116.303 39.9492
116.303 39.9492
116.303 39.9492
116.303 39.9493
116.303 39.9493
116.303 39.9493
116.303 39.9493
116.303 39.9493
116.303 39.9493
116.303 39.9493
116.303 39.9493
116.303 39.9493
116.303 39.9493
116.303 39.9493
116.303 39.9493
116.303 39.9493
116.303 39.9493
116.304 39.9493
116.304 39.9493
116.304 39.9493
116.304 39.9493
116.304 39.9493
116.304 39.9493
116.304 39.9493
116.304 39.9493
116.304 39.9493
116.304 39.9493
116.304 39.9493
116.304 39.9493
116.304 39.9493
116.304 39.9493
116.304 39.9493
116.304 39.9492
116.304 39.9492
116.304 39.9492
116.304 39.9492
116.304 39.9492
116.304 39.9491
116.304 39.9491
116.304 39.9491
116.304 39.9491
116.304 39.9491
116.304 39.949
116.304 39.949
116.304 39.949
116.304 39.949
116.304 39.9489
116.304 39.9489
116.304 39.9489
116.304 39.9489
116.304 39.9488
116.304 39.9488
116.304 39.9488
116.304 39.9487
116.304 39.9487
116.304 39.9487
116.304 39.9486
116.304 39.9486
116.304 39.9486
116.304 39.9486
116.304 39.9485
116.304 39.9485
116.304 39.9485
116.304 39.9484
116.304 39.9484
116.304 39.9484
116.304 39.9484
116.303 39.9483
116.304 39.9483
116.304 39.9483
116.304 39.9483
116.304 39.9483
116.304 39.9482
116.304 39.9482
116.303 39.9482
116.303 39.9482
116.303 39.9481
116.304 39.9481
116.304 39.9481
116.304 39.9481
116.304 39.9481
116.304 39.9481
116.304 39.948
116.304 39.948
116.304 39.948
116.304 39.948
116.304 39.948
116.304 39.948
116.304 39.9479
116.304 39.9479
116.304 39.9479
116.304 39.9479
116.304 39.9478
116.304 39.9478
116.304 39.9478
116.304 39.9478
116.304 39.9478
116.304 39.9477
116.304 39.9477
116.304 39.9477
116.304 39.9477
116.304 39.9477
116.304 39.9476
116.304 39.9476
116.304 39.9476
116.304 39.9476
116.304 39.9475
116.304 39.9475
116.304 39.9475
116.304 39.9475
116.304 39.9474
116.304 39.9474
116.304 39.9474
116.304 39.9474
116.304 39.9474
116.304 39.9474
116.304 39.9473
116.304 39.9473
116.304 39.9472
116.304 39.9472
116.304 39.9472
116.304 39.9472
116.304 39.9471
116.304 39.9471
116.304 39.9471
116.304 39.9471
116.304 39.9471
116.304 39.9471
116.304 39.9471
116.304 39.9471
116.304 39.947
116.304 39.947
116.304 39.947
116.304 39.947
116.304 39.947
116.304 39.947
116.304 39.947
116.304 39.947
