116.331 39.9903
116.331 39.9903
116.331 39.9904
116.331 39.9905
116.331 39.9906
116.331 39.9908
116.331 39.9909
116.331 39.9911
116.331 39.9913
116.331 39.9915
116.33 39.9915
116.33 39.9915
116.33 39.9916
116.33 39.9916
116.33 39.9916
116.329 39.9916
116.329 39.9915
116.327 39.9915
116.327 39.9915
116.327 39.9915
116.327 39.9914
116.327 39.9914
116.327 39.9914
116.327 39.9914
116.326 39.9914
116.326 39.9914
116.326 39.9914
116.326 39.9914
116.325 39.9914
116.325 39.9914
116.325 39.9913
116.323 39.9913
116.321 39.9913
116.319 39.9912
116.317 39.9912
116.317 39.9912
116.317 39.9912
116.316 39.9912
116.316 39.9912
116.316 39.9912
116.316 39.9912
116.315 39.9914
116.315 39.9915
116.315 39.9917
116.315 39.9919
116.315 39.9921
116.315 39.9922
116.315 39.9924
116.314 39.9926
116.314 39.9928
116.314 39.993
116.314 39.9933
116.314 39.995
116.313 39.9959
116.311 39.9959
116.311 39.9959
116.311 39.996
116.31 39.9962
116.31 39.9965
116.309 39.9977
116.309 39.9979
116.309 39.9981
116.309 39.9983
116.309 39.9984
116.309 39.9985
116.309 39.9985
116.309 39.9985
116.309 39.9986
116.309 39.9986
116.309 39.9987
116.308 39.9987
116.308 39.9986
116.308 39.9986
116.307 39.9986
116.306 39.9985
116.304 39.9981
116.302 39.9974
116.301 39.9964
116.299 39.9962
116.298 39.9957
116.298 39.9955
116.298 39.9953
116.298 39.995
116.298 39.9937
116.298 39.9935
116.298 39.9933
116.298 39.9932
116.298 39.993
116.298 39.9928
116.298 39.9926
116.298 39.9924
116.298 39.9922
116.298 39.992
116.298 39.9918
116.298 39.9917
116.298 39.9917
116.298 39.9916
116.298 39.9916
116.298 39.9915
116.298 39.9915
116.298 39.9915
116.298 39.9915
116.298 39.9914
116.298 39.9914
116.298 39.9914
116.297 39.9914
116.297 39.9914
116.297 39.9914
116.297 39.9914
116.297 39.9913
116.297 39.9913
116.297 39.9913
116.297 39.9914
116.297 39.9915
116.297 39.9916
116.297 39.9917
116.297 39.9918
116.297 39.9917
116.297 39.9916
116.297 39.9915
116.297 39.9914
116.297 39.9914
116.297 39.9913
116.297 39.9913
116.297 39.9913
116.297 39.9913
116.297 39.9913
116.297 39.9912
116.297 39.9913
116.297 39.9912
116.297 39.9912
116.297 39.9912
116.297 39.9912
116.297 39.9912
116.298 39.9913
116.298 39.9914
116.298 39.9915
116.298 39.9917
116.3 39.9981
116.301 40.002
116.302 40.0063
