116.322 40.0105
116.322 40.0106
116.322 40.0107
116.322 40.0108
116.322 40.0108
116.322 40.0106
116.322 40.0107
116.322 40.0105
116.322 40.0104
116.322 40.0103
116.322 40.0103
116.322 40.0101
116.322 40.0099
116.323 40.0099
116.323 40.0098
116.323 40.0096
116.323 40.0093
116.323 40.0093
116.323 40.0092
116.323 40.0093
116.324 40.0093
116.324 40.0093
116.324 40.0093
116.324 40.0092
116.324 40.0091
116.324 40.0089
116.324 40.0087
116.324 40.0085
116.324 40.0084
116.324 40.0082
116.324 40.008
116.324 40.0078
116.324 40.0077
116.324 40.0075
116.324 40.0074
116.324 40.0072
116.324 40.007
116.324 40.0069
116.324 40.0067
116.324 40.0065
116.324 40.0064
116.324 40.0062
116.324 40.006
116.324 40.0058
116.324 40.0057
116.324 40.0055
116.324 40.0053
116.324 40.0051
116.324 40.005
116.324 40.0048
116.324 40.0047
116.324 40.0045
116.324 40.0043
116.324 40.0041
116.324 40.004
116.324 40.0038
116.324 40.0037
116.324 40.0036
116.324 40.0034
116.324 40.0033
116.324 40.0032
116.325 40.003
116.324 40.0028
116.324 40.0026
116.324 40.0025
116.324 40.0023
116.325 40.0021
116.325 40.002
116.325 40.0018
116.325 40.0017
116.325 40.0015
116.325 40.0013
116.325 40.0011
116.325 40.001
116.325 40.0008
116.325 40.0006
116.325 40.0004
116.325 40.0003
116.325 40.0001
116.325 39.9999
116.325 39.9997
116.325 39.9996
116.325 39.9995
116.325 39.9994
116.325 39.9994
116.326 39.9994
116.326 39.9994
116.326 39.9992
116.326 39.9991
116.326 39.999
116.326 39.9991
116.326 39.9991
116.326 39.9989
116.326 39.9988
116.326 39.9986
116.326 39.9984
116.326 39.9983
116.326 39.9981
116.326 39.9979
116.326 39.9978
116.326 39.9976
116.326 39.9974
116.326 39.9972
116.326 39.997
116.326 39.9969
116.326 39.9967
116.326 39.9965
116.326 39.9964
116.326 39.9962
116.326 39.9961
116.326 39.996
116.326 39.9959
116.326 39.9958
116.326 39.9958
116.326 39.9958
116.326 39.9958
116.326 39.9957
116.326 39.9957
116.326 39.9957
116.326 39.9957
116.326 39.9957
116.326 39.9956
116.326 39.9956
116.326 39.9955
116.326 39.9955
116.326 39.9954
116.326 39.9954
116.327 39.9953
116.327 39.9952
116.327 39.9952
116.327 39.9952
116.327 39.9951
116.327 39.9951
116.327 39.995
116.326 39.995
116.326 39.9949
116.326 39.9949
116.326 39.9948
116.326 39.9948
116.326 39.9947
116.326 39.9947
116.326 39.9946
116.326 39.9946
116.326 39.9946
116.326 39.9946
116.326 39.9945
116.326 39.9944
116.326 39.9943
116.327 39.9942
116.326 39.9942
116.326 39.9942
116.326 39.9942
116.326 39.9941
116.326 39.994
116.326 39.994
116.326 39.9939
116.326 39.9939
116.327 39.9937
116.327 39.9936
116.327 39.9936
116.326 39.9936
116.326 39.9936
116.326 39.9936
116.327 39.9936
116.327 39.9936
116.327 39.9936
116.327 39.9936
116.327 39.9936
116.327 39.9936
116.327 39.9936
116.326 39.9936
116.327 39.9936
116.327 39.9936
116.327 39.9936
116.327 39.9936
116.327 39.9936
116.327 39.9936
116.327 39.9936
116.327 39.9936
116.327 39.9936
116.327 39.9935
116.327 39.9935
116.327 39.9935
116.327 39.9935
116.327 39.9935
116.327 39.9935
116.327 39.9935
116.327 39.9935
116.327 39.9935
116.327 39.9935
116.327 39.9935
116.327 39.9935
116.327 39.9935
116.327 39.9935
116.327 39.9935
116.327 39.9935
116.327 39.9935
116.327 39.9935
116.327 39.9935
116.327 39.9935
116.327 39.9935
116.327 39.9935
116.327 39.9935
116.327 39.9935
116.327 39.9935
116.327 39.9935
116.326 39.9935
116.326 39.9935
116.326 39.9935
116.326 39.9935
116.326 39.9936
116.326 39.9936
116.327 39.9933
116.327 39.9929
116.327 39.9925
116.327 39.992
116.327 39.9916
116.326 39.9915
116.326 39.9915
116.325 39.9915
116.324 39.9915
116.323 39.9914
116.322 39.9914
116.322 39.9914
116.321 39.9914
116.32 39.9914
116.32 39.9914
116.319 39.9914
116.319 39.9914
116.318 39.9914
116.319 39.9915
116.319 39.9915
116.319 39.9916
116.319 39.9916
116.318 39.9916
116.318 39.9915
116.318 39.9914
116.317 39.9914
116.316 39.9913
116.316 39.9913
116.315 39.9915
116.315 39.9919
116.315 39.9922
116.314 39.9928
116.314 39.9934
116.314 39.994
116.314 39.9947
116.314 39.9953
116.314 39.9959
116.313 39.9963
116.313 39.9964
116.312 39.9963
116.311 39.9962
116.31 39.9962
116.31 39.9964
116.31 39.997
116.309 39.9976
116.309 39.9981
116.309 39.9984
116.309 39.9984
116.309 39.9984
116.309 39.9984
116.309 39.9984
116.309 39.9984
116.309 39.9984
116.309 39.9985
116.309 39.9987
116.308 39.9987
116.308 39.9987
116.307 39.9987
116.307 39.9987
116.307 39.9987
116.307 39.9987
116.307 39.9987
116.307 39.9987
116.307 39.9987
116.307 39.9987
116.307 39.9987
116.307 39.9987
116.307 39.9987
116.307 39.9987
116.307 39.9987
116.307 39.9987
116.307 39.9986
116.306 39.9986
116.306 39.9986
116.305 39.9986
116.304 39.9985
116.303 39.9983
116.303 39.9982
116.302 39.9979
116.302 39.9974
116.302 39.997
116.301 39.9966
116.3 39.9964
116.3 39.9963
116.299 39.9963
116.299 39.9963
116.298 39.9962
116.298 39.996
116.298 39.9956
116.298 39.9952
116.298 39.9948
116.298 39.9944
116.298 39.994
116.298 39.9938
116.298 39.9935
116.298 39.9931
116.298 39.9928
116.298 39.9927
116.298 39.9927
116.298 39.9925
116.298 39.9921
116.299 39.9917
116.299 39.9913
116.299 39.9908
116.298 39.9903
116.298 39.9898
116.298 39.9895
116.298 39.9894
116.298 39.9894
116.297 39.9894
116.296 39.9893
116.295 39.9893
116.295 39.9892
116.294 39.9892
116.293 39.9891
116.293 39.9893
116.293 39.9897
116.293 39.9901
116.292 39.9905
116.292 39.9909
116.291 39.9914
116.29 39.9919
116.29 39.9924
116.29 39.9927
116.29 39.9931
116.289 39.9937
116.289 39.9942
116.289 39.9948
116.289 39.9952
116.289 39.9953
116.289 39.9951
116.289 39.9946
116.289 39.9941
116.289 39.9935
116.289 39.993
116.289 39.9925
116.29 39.9922
116.29 39.9922
116.29 39.9922
116.29 39.9922
116.29 39.9922
116.29 39.9922
116.29 39.9922
116.29 39.9922
116.29 39.9922
116.29 39.9922
116.29 39.9922
116.29 39.9922
116.29 39.9922
116.29 39.9922
116.29 39.9922
116.29 39.9922
116.29 39.9922
116.29 39.9922
116.29 39.9922
116.29 39.9922
116.29 39.9922
116.29 39.9921
116.29 39.9919
116.29 39.9916
116.291 39.9913
116.291 39.9908
116.292 39.9904
116.292 39.9899
116.293 39.9894
116.293 39.9888
116.293 39.9885
116.293 39.9882
116.293 39.9877
116.293 39.9872
116.293 39.9866
116.294 39.986
116.294 39.9854
116.293 39.9849
116.293 39.9844
116.292 39.9841
116.291 39.9838
116.291 39.9834
116.29 39.9831
116.289 39.9828
116.289 39.9824
116.288 39.9819
116.287 39.9815
116.287 39.981
116.286 39.9805
116.285 39.9799
116.285 39.9792
116.284 39.9785
116.283 39.9778
116.282 39.977
116.282 39.9763
116.281 39.9756
116.28 39.9749
116.279 39.9743
116.278 39.9736
116.277 39.9731
116.276 39.9725
116.275 39.972
116.274 39.9715
116.273 39.9711
116.272 39.9706
116.271 39.97
116.27 39.9694
116.27 39.9687
116.269 39.968
116.269 39.9671
116.269 39.9663
116.268 39.9654
116.269 39.9646
116.269 39.9637
116.269 39.9629
116.269 39.962
116.269 39.9611
116.269 39.9603
116.269 39.9594
116.269 39.9586
116.269 39.9579
116.269 39.9572
116.269 39.9565
116.269 39.9559
116.269 39.9553
116.269 39.9547
116.269 39.9542
116.269 39.9541
116.269 39.9541
116.269 39.9541
116.269 39.9541
116.269 39.9541
116.269 39.9541
116.269 39.9541
116.269 39.9541
116.269 39.954
116.269 39.9536
116.269 39.9532
116.269 39.9527
116.269 39.9521
116.269 39.9515
116.269 39.9508
116.269 39.9502
116.269 39.9495
116.269 39.9489
116.269 39.9482
116.268 39.9476
116.268 39.947
116.268 39.9465
116.268 39.9461
116.268 39.9459
116.268 39.9459
116.268 39.9459
116.268 39.9459
116.268 39.9459
116.268 39.9459
116.268 39.9459
116.268 39.9459
116.268 39.9459
116.268 39.9459
116.268 39.9459
116.268 39.9459
116.268 39.9459
116.268 39.9459
116.268 39.9459
116.268 39.9459
116.268 39.9459
116.268 39.9459
116.268 39.9459
116.268 39.9457
116.268 39.9454
116.268 39.945
116.268 39.9446
116.268 39.9441
116.268 39.9435
116.268 39.9429
116.268 39.9424
116.268 39.9419
116.268 39.9417
116.268 39.9417
116.268 39.9417
116.268 39.9417
116.268 39.9417
116.268 39.9417
116.268 39.9417
116.268 39.9414
116.268 39.941
116.268 39.9406
116.268 39.94
116.268 39.9394
116.268 39.9388
116.268 39.9381
116.268 39.9374
116.268 39.9367
116.268 39.936
116.268 39.9352
116.268 39.9344
116.268 39.9337
116.268 39.9329
116.268 39.9321
116.269 39.9313
116.269 39.9307
116.269 39.9301
116.269 39.9295
116.269 39.9288
116.269 39.9281
116.269 39.9273
116.269 39.9265
116.269 39.9257
116.269 39.9248
116.269 39.9239
116.269 39.923
116.269 39.9221
116.269 39.9213
116.269 39.9204
116.269 39.9195
116.269 39.9186
116.269 39.9177
116.269 39.9168
116.269 39.9159
116.269 39.915
116.268 39.914
116.268 39.9132
116.268 39.9123
116.268 39.9114
116.268 39.9105
116.268 39.9096
116.268 39.9087
116.268 39.9078
116.268 39.907
116.268 39.9061
116.268 39.9052
116.268 39.9042
116.268 39.9033
116.268 39.9024
116.268 39.9014
116.268 39.9005
116.268 39.8996
116.268 39.8987
116.268 39.898
116.267 39.8974
116.267 39.897
116.266 39.8967
116.265 39.8963
116.264 39.896
116.263 39.8958
116.261 39.8958
116.26 39.8958
116.259 39.8958
116.258 39.8958
116.257 39.8959
116.256 39.8959
116.255 39.8958
116.253 39.8958
116.252 39.8958
116.251 39.8958
116.249 39.8958
116.248 39.8958
116.247 39.8958
116.246 39.8958
116.245 39.8958
116.243 39.8958
116.242 39.8958
116.241 39.8958
116.24 39.8958
116.238 39.8958
116.237 39.8958
116.236 39.8958
116.235 39.8958
116.233 39.8958
116.232 39.8958
116.231 39.8958
116.23 39.8958
116.229 39.8958
116.227 39.8958
116.226 39.8958
116.225 39.8958
116.224 39.8958
116.222 39.8958
116.221 39.8958
116.22 39.8958
116.219 39.8958
116.217 39.8958
116.216 39.8958
116.215 39.8958
116.214 39.8957
116.212 39.8957
116.211 39.8955
116.21 39.8953
116.209 39.895
116.208 39.8946
116.207 39.8942
116.206 39.8937
116.205 39.8933
116.204 39.8929
116.203 39.8924
116.203 39.8919
116.203 39.8913
116.204 39.8907
116.205 39.8901
116.205 39.8895
116.205 39.8888
116.205 39.888
116.205 39.8871
116.204 39.8862
116.204 39.8853
116.204 39.8844
116.203 39.8834
116.203 39.8825
116.202 39.8815
116.202 39.8805
116.202 39.8795
116.202 39.8785
116.202 39.8774
116.202 39.8762
116.202 39.8751
116.202 39.874
116.202 39.8729
116.203 39.8718
116.203 39.8708
116.204 39.8697
116.205 39.8687
116.205 39.8678
116.206 39.8668
116.207 39.8658
116.208 39.8648
116.208 39.8639
116.209 39.8629
116.21 39.862
116.211 39.861
116.211 39.86
116.212 39.859
116.213 39.8581
116.213 39.857
116.214 39.856
116.214 39.8549
116.214 39.8537
116.215 39.8526
116.215 39.8515
116.215 39.8503
116.216 39.8481
116.216 39.8472
116.217 39.8462
116.218 39.8453
116.219 39.8444
116.22 39.8435
116.22 39.8426
116.221 39.8418
116.222 39.8409
116.223 39.84
116.224 39.8392
116.225 39.8383
116.226 39.8375
116.227 39.8366
116.227 39.8357
116.228 39.8347
116.229 39.8338
116.23 39.8329
116.231 39.8322
116.232 39.8317
116.234 39.8313
116.235 39.8309
116.236 39.8305
116.238 39.8302
116.239 39.8297
116.24 39.8292
116.241 39.8285
116.242 39.8276
116.243 39.8267
116.244 39.8258
116.245 39.8248
116.246 39.8239
116.246 39.823
116.247 39.8221
116.248 39.8211
116.249 39.8202
116.25 39.8193
116.25 39.8184
116.251 39.8175
116.252 39.8166
116.253 39.8156
116.254 39.8147
116.254 39.8138
116.255 39.8129
116.256 39.8119
116.257 39.8109
116.257 39.8099
116.258 39.8089
116.258 39.8079
116.259 39.8068
116.259 39.8057
116.259 39.8046
116.259 39.8035
116.26 39.8024
116.26 39.8013
116.26 39.8002
116.26 39.7991
116.26 39.798
116.26 39.7969
116.26 39.7958
116.261 39.7947
116.261 39.7936
116.261 39.7925
116.262 39.7915
116.262 39.7904
116.263 39.7893
116.263 39.7882
116.263 39.7871
116.264 39.7861
116.264 39.785
116.265 39.7839
116.265 39.7828
116.265 39.7818
116.266 39.7807
116.266 39.7797
116.267 39.7787
116.267 39.7777
116.268 39.7768
116.269 39.7758
116.27 39.775
116.271 39.7743
116.272 39.7737
116.273 39.7732
116.275 39.7728
116.276 39.7726
116.277 39.7724
116.279 39.7723
116.28 39.7724
116.281 39.7725
116.283 39.7728
116.284 39.7732
116.285 39.7737
116.286 39.7742
116.287 39.7746
116.288 39.7749
116.289 39.7751
116.289 39.7753
116.29 39.7755
116.29 39.7756
116.291 39.7754
116.291 39.7751
116.291 39.7746
116.292 39.7741
116.292 39.7736
116.293 39.773
116.293 39.7724
116.294 39.7719
116.294 39.7713
116.295 39.7707
116.295 39.7701
116.296 39.7695
116.296 39.769
116.296 39.7688
116.296 39.7686
116.297 39.7686
116.298 39.7686
116.298 39.7685
116.299 39.7684
116.3 39.7683
116.3 39.7683
116.301 39.7682
116.301 39.7681
116.301 39.7681
116.301 39.7679
116.301 39.7675
116.301 39.7671
116.301 39.7666
116.301 39.766
116.3 39.7654
116.3 39.7651
116.3 39.7649
116.3 39.7645
116.3 39.7641
116.3 39.7635
116.299 39.7631
116.299 39.7627
116.299 39.7623
116.298 39.7622
116.298 39.7622
116.297 39.7622
116.297 39.7624
116.297 39.7626
116.297 39.7627
116.297 39.7627
116.297 39.7627
116.297 39.7627
116.297 39.7627
116.297 39.7627
116.297 39.7627
116.297 39.7627
116.297 39.7628
116.297 39.7628
116.297 39.763
116.297 39.763
116.297 39.7631
116.297 39.7632
116.297 39.7633
116.297 39.7633
116.297 39.7634
116.297 39.7634
116.297 39.7634
116.297 39.7634
116.297 39.7634
116.297 39.7634
116.297 39.7634
116.297 39.7634
116.297 39.7634
116.297 39.7634
116.297 39.7634
116.297 39.7634
116.297 39.7635
116.297 39.7635
116.297 39.7635
116.297 39.7635
116.297 39.7635
116.297 39.7635
116.297 39.7635
116.297 39.7633
116.297 39.7631
116.297 39.7628
116.297 39.7626
116.298 39.7623
116.298 39.7623
116.298 39.7623
116.299 39.7624
116.299 39.7627
116.299 39.7631
116.3 39.7636
116.3 39.7641
116.3 39.7646
116.3 39.765
116.3 39.7652
116.3 39.7655
116.301 39.766
116.301 39.7665
116.301 39.7669
116.301 39.7674
116.301 39.7678
116.301 39.7681
116.301 39.7682
116.301 39.7683
116.301 39.7683
116.3 39.7684
116.3 39.7684
116.299 39.7685
116.299 39.7685
116.298 39.7686
116.298 39.7686
116.298 39.7687
116.297 39.7686
116.297 39.7686
116.296 39.7687
116.296 39.769
116.296 39.7693
116.295 39.7697
116.295 39.7702
116.295 39.7707
116.294 39.7712
116.294 39.7717
116.293 39.7723
116.293 39.7728
116.292 39.7733
116.292 39.7739
116.291 39.7743
116.291 39.7747
116.291 39.7752
116.29 39.7755
116.29 39.7758
116.29 39.776
116.29 39.7763
116.29 39.7764
116.29 39.7766
116.289 39.7765
116.289 39.7762
116.289 39.7759
116.288 39.7756
116.288 39.7753
116.287 39.775
116.287 39.7746
116.286 39.7743
116.285 39.7739
116.284 39.7735
116.283 39.7732
116.282 39.7729
116.281 39.7727
116.28 39.7726
116.279 39.7725
116.278 39.7725
116.276 39.7726
116.275 39.7728
116.274 39.7731
116.273 39.7735
116.272 39.774
116.271 39.7745
116.27 39.775
116.269 39.7756
116.269 39.7763
116.268 39.7771
116.267 39.778
116.267 39.7789
116.266 39.7799
116.266 39.781
116.265 39.782
116.265 39.7831
116.265 39.7842
116.264 39.7852
116.264 39.7862
116.264 39.787
116.263 39.7879
116.263 39.7887
116.263 39.7896
116.262 39.7905
116.262 39.7916
116.262 39.7926
116.261 39.7936
116.261 39.7947
116.26 39.7957
116.26 39.7969
116.26 39.798
116.26 39.7991
116.26 39.8003
116.26 39.8014
116.26 39.8026
116.26 39.8037
116.259 39.8048
116.259 39.806
116.259 39.8071
116.258 39.8082
116.258 39.8093
116.257 39.8103
116.256 39.8113
116.256 39.8124
116.255 39.8133
116.254 39.8143
116.253 39.8153
116.252 39.8162
116.252 39.8172
116.251 39.8181
116.25 39.8191
116.249 39.82
116.248 39.821
116.247 39.822
116.247 39.8229
116.246 39.8239
116.245 39.8248
116.244 39.8258
116.243 39.8267
116.242 39.8277
116.241 39.8285
116.24 39.8292
116.239 39.8298
116.238 39.8302
116.236 39.8306
116.235 39.831
116.234 39.8314
116.232 39.8318
116.231 39.8323
116.23 39.833
116.229 39.8339
116.228 39.8348
116.227 39.8358
116.226 39.8368
116.226 39.8377
116.225 39.8385
116.224 39.8392
116.223 39.84
116.222 39.8407
116.222 39.8412
116.221 39.8418
116.221 39.8424
116.221 39.843
116.221 39.8437
116.221 39.8443
116.221 39.8449
116.221 39.8455
116.222 39.846
116.223 39.8465
116.224 39.8471
116.225 39.8476
116.226 39.8481
116.227 39.8487
116.228 39.8492
116.229 39.8497
116.23 39.8502
116.231 39.8508
116.232 39.8516
116.232 39.8525
116.232 39.8535
116.232 39.8544
116.233 39.8552
116.233 39.856
116.234 39.8567
116.234 39.8573
116.235 39.8578
116.236 39.8583
116.237 39.8587
116.238 39.8591
116.239 39.8596
116.24 39.86
116.242 39.8604
116.243 39.8609
116.244 39.8613
116.245 39.8618
116.246 39.8622
116.247 39.8626
116.248 39.863
116.249 39.8634
116.25 39.8639
116.251 39.8643
116.252 39.8647
116.253 39.8652
116.254 39.8656
116.256 39.866
116.257 39.8665
116.258 39.8669
116.259 39.8674
116.26 39.8679
116.26 39.8683
116.261 39.8688
116.263 39.8693
116.264 39.8698
116.264 39.8702
116.265 39.8705
116.266 39.8708
116.266 39.8712
116.267 39.8715
116.268 39.8719
116.269 39.8722
116.269 39.8724
116.27 39.8727
116.27 39.8731
116.271 39.8734
116.272 39.8739
116.272 39.8745
116.272 39.8752
116.272 39.8759
116.271 39.8766
116.271 39.8773
116.271 39.878
116.271 39.8787
116.27 39.8795
116.27 39.8802
116.27 39.881
116.269 39.8817
116.269 39.8825
116.269 39.8831
116.269 39.8838
116.268 39.8845
116.268 39.8852
116.268 39.8859
116.268 39.8867
116.268 39.8875
116.268 39.8884
116.268 39.8892
116.268 39.89
116.268 39.8907
116.268 39.8914
116.268 39.8921
116.268 39.8928
116.268 39.8936
116.268 39.8944
116.268 39.8952
116.268 39.8959
116.268 39.8967
116.268 39.8974
116.268 39.8981
116.268 39.8988
116.268 39.8995
116.268 39.9002
116.268 39.901
116.268 39.9018
116.268 39.9027
116.268 39.9036
116.268 39.9045
116.268 39.9054
116.268 39.9063
116.268 39.9071
116.268 39.9079
116.268 39.9087
116.268 39.9095
116.268 39.9103
116.268 39.9112
116.268 39.9121
116.268 39.913
116.269 39.9138
116.269 39.9146
116.269 39.9154
116.269 39.9162
116.269 39.9169
116.269 39.9176
116.269 39.9184
116.269 39.9192
116.269 39.9199
116.269 39.9207
116.269 39.9216
116.269 39.9225
116.269 39.9233
116.269 39.9242
116.269 39.925
116.269 39.9258
116.269 39.9265
116.269 39.9272
116.269 39.9279
116.269 39.9285
116.269 39.9291
116.269 39.9298
116.269 39.9305
116.269 39.9312
116.269 39.932
116.269 39.9327
116.269 39.9334
116.269 39.9342
116.268 39.9349
116.268 39.9356
116.268 39.9363
116.268 39.9371
116.268 39.9379
116.268 39.9387
116.268 39.9395
116.268 39.9403
116.268 39.9412
116.268 39.942
116.268 39.9429
116.269 39.9437
116.269 39.9445
116.269 39.9453
116.269 39.9462
116.269 39.9471
116.269 39.9479
116.269 39.9488
116.269 39.9496
116.27 39.9503
116.27 39.951
116.27 39.9514
116.27 39.9517
116.27 39.9519
116.27 39.9521
116.27 39.9523
116.27 39.9525
116.27 39.9528
116.27 39.9531
116.27 39.9532
116.27 39.9532
116.27 39.9533
116.27 39.9535
116.27 39.9539
116.27 39.9544
116.27 39.9549
116.27 39.9555
116.27 39.9561
116.27 39.9568
116.27 39.9574
116.27 39.9582
116.269 39.9589
116.269 39.9598
116.269 39.9606
116.269 39.9615
116.269 39.9624
116.269 39.9633
116.269 39.9642
116.269 39.9651
116.269 39.9659
116.269 39.9668
116.269 39.9676
116.27 39.9684
116.27 39.9691
116.271 39.9697
116.272 39.9702
116.273 39.9707
116.274 39.9711
116.275 39.9716
116.276 39.9719
116.276 39.9724
116.277 39.9728
116.278 39.9733
116.279 39.9737
116.28 39.9743
116.281 39.9749
116.281 39.9755
116.282 39.9762
116.283 39.9768
116.283 39.9774
116.284 39.978
116.284 39.9786
116.285 39.9792
116.286 39.9797
116.286 39.9803
116.287 39.9807
116.287 39.9811
116.288 39.9816
116.288 39.9819
116.289 39.9822
116.29 39.9824
116.291 39.9825
116.292 39.9826
116.293 39.9828
116.293 39.9828
116.293 39.9828
116.293 39.9828
116.293 39.9828
116.293 39.9828
116.293 39.9828
116.293 39.9828
116.293 39.9828
116.293 39.9828
116.293 39.9828
116.294 39.9829
116.294 39.9829
116.294 39.983
116.294 39.983
116.295 39.983
116.295 39.9831
116.295 39.9832
116.296 39.9833
116.297 39.9834
116.297 39.9835
116.297 39.9835
116.298 39.9835
116.298 39.9835
116.298 39.9835
116.298 39.9835
116.298 39.9835
116.298 39.9835
116.298 39.9835
116.298 39.9835
116.298 39.9835
116.298 39.9835
116.298 39.9835
116.298 39.9835
116.298 39.9835
116.298 39.9834
116.299 39.9833
116.299 39.9831
116.299 39.9829
116.299 39.9829
116.299 39.9832
116.299 39.9835
116.299 39.9836
116.299 39.9835
116.299 39.9835
116.299 39.9836
116.299 39.9836
116.299 39.9836
116.299 39.9836
116.299 39.9836
116.299 39.9836
116.299 39.9836
116.299 39.9836
116.299 39.9836
116.299 39.9836
116.299 39.9836
116.299 39.9837
116.299 39.9838
116.299 39.9842
116.299 39.9845
116.299 39.9849
116.299 39.9853
116.299 39.9857
116.299 39.9862
116.299 39.9869
116.299 39.9877
116.298 39.9886
116.298 39.9896
116.299 39.9905
116.298 39.9912
116.298 39.9918
116.298 39.9923
116.298 39.9925
116.298 39.9926
116.298 39.9929
116.298 39.9931
116.298 39.9932
116.298 39.9935
116.298 39.9939
116.298 39.9944
116.298 39.9949
116.298 39.9956
116.298 39.996
116.299 39.9963
116.299 39.9963
116.3 39.9963
116.301 39.9964
116.301 39.9966
116.302 39.9971
116.302 39.9976
116.303 39.998
116.303 39.9982
116.303 39.9983
116.304 39.9984
116.305 39.9986
116.305 39.9986
116.306 39.9985
116.306 39.9985
116.306 39.9985
116.306 39.9986
116.307 39.9986
116.307 39.9986
116.307 39.9986
116.307 39.9986
116.307 39.9986
116.307 39.9986
116.307 39.9986
116.308 39.9986
116.308 39.9986
116.309 39.9986
116.309 39.9986
116.309 39.9984
116.309 39.9981
116.309 39.9976
116.309 39.9971
116.309 39.9965
116.309 39.9959
116.309 39.9953
116.309 39.9947
116.309 39.994
116.309 39.9935
116.309 39.993
116.309 39.9927
116.31 39.9923
116.31 39.992
116.31 39.9919
116.31 39.9919
116.31 39.9919
116.31 39.9919
116.31 39.9919
116.31 39.9919
116.31 39.9919
116.31 39.9919
116.31 39.9919
116.31 39.9919
116.31 39.9919
116.31 39.9919
116.31 39.9918
116.31 39.9917
116.31 39.9914
116.31 39.9911
116.31 39.9909
116.31 39.9908
116.311 39.9908
116.312 39.9908
116.312 39.9908
116.313 39.9909
116.313 39.9909
116.314 39.991
116.314 39.9911
116.315 39.991
116.315 39.9911
116.316 39.9911
116.316 39.9911
116.317 39.9911
116.317 39.9911
116.317 39.9912
116.317 39.9912
116.317 39.9912
116.318 39.9912
116.318 39.9912
116.318 39.9912
116.319 39.9913
116.32 39.9913
116.321 39.9913
116.321 39.9913
116.322 39.9914
116.323 39.9914
116.324 39.9914
116.325 39.9915
116.326 39.9915
116.326 39.9915
116.327 39.9915
116.327 39.9915
116.327 39.9916
116.327 39.9916
116.327 39.9917
116.327 39.9917
116.327 39.9917
116.327 39.9917
116.327 39.9918
116.327 39.9919
116.327 39.9919
116.327 39.9919
116.327 39.9919
116.327 39.9919
116.327 39.9919
116.327 39.992
116.327 39.9922
116.327 39.9923
116.327 39.9924
116.327 39.9926
116.327 39.9927
116.327 39.9929
116.327 39.993
116.327 39.9932
116.327 39.9933
116.327 39.9934
116.327 39.9934
116.327 39.9935
116.326 39.9935
116.327 39.9936
116.327 39.9937
116.327 39.9938
116.327 39.9938
116.327 39.9939
116.327 39.9941
116.327 39.9942
116.327 39.9944
116.327 39.9942
116.327 39.9942
116.327 39.9941
116.327 39.994
116.327 39.9941
116.327 39.9941
116.327 39.9942
116.327 39.9942
116.327 39.9943
116.327 39.9943
116.327 39.9943
116.327 39.9943
116.327 39.9943
116.327 39.9943
116.327 39.9943
116.327 39.9943
116.327 39.9944
116.327 39.9944
116.327 39.9945
116.327 39.9945
116.327 39.9945
116.327 39.9946
116.327 39.9946
116.327 39.9946
116.326 39.9946
116.326 39.9946
116.326 39.9946
116.326 39.9946
116.326 39.9946
116.326 39.9946
116.326 39.9946
116.326 39.9947
116.326 39.9945
116.326 39.9944
116.326 39.9944
116.326 39.9944
116.327 39.9943
116.327 39.9944
116.327 39.9944
116.327 39.9944
116.327 39.9945
116.327 39.9945
116.327 39.9946
116.327 39.9946
116.327 39.9947
116.327 39.9948
116.327 39.9949
116.326 39.9949
116.326 39.995
116.326 39.995
116.326 39.9951
116.327 39.9952
116.327 39.9952
116.327 39.9953
116.327 39.9953
116.327 39.9954
116.327 39.9955
116.327 39.9956
116.327 39.9956
116.327 39.9957
116.326 39.9957
116.326 39.9958
116.326 39.9958
116.326 39.9958
116.326 39.9958
116.326 39.9958
116.326 39.9958
116.326 39.9958
116.326 39.9958
116.326 39.9958
116.326 39.9959
116.326 39.996
116.326 39.9961
116.326 39.9962
116.327 39.9963
116.327 39.9964
116.327 39.9965
116.327 39.9967
116.327 39.9969
116.327 39.9971
116.327 39.9973
116.327 39.9975
116.327 39.9977
116.327 39.9979
116.327 39.9981
116.327 39.9983
116.327 39.9985
116.327 39.9986
116.327 39.9988
116.327 39.999
116.327 39.9992
116.327 39.9993
116.327 39.9994
116.327 39.9996
116.327 39.9998
116.327 39.9999
116.327 39.9999
116.327 39.9999
116.327 39.9999
116.327 39.9999
116.327 39.9999
116.327 39.9999
116.327 39.9999
116.327 39.9999
116.327 40
116.327 40
116.327 40
116.327 40
116.327 40
116.327 40
116.328 39.9999
116.329 39.9976
116.327 40.0006
116.327 40.0001
116.327 40
116.327 40
116.327 40
116.327 40
116.327 40
116.327 40
116.327 40
116.327 40
116.327 39.9999
116.327 39.9999
116.327 39.9998
116.326 39.9998
116.326 39.9998
116.326 39.9998
116.326 39.9997
116.326 39.9997
116.326 39.9997
116.326 39.9997
116.326 39.9997
116.325 39.9999
116.325 39.9999
116.325 39.9999
116.325 39.9999
116.325 40
116.325 40.0001
116.325 40.0002
116.325 40.0003
116.325 40.0005
116.325 40.0006
116.325 40.0008
116.325 40.0008
116.325 40.0009
116.325 40.0009
116.325 40.0009
116.325 40.001
116.325 40.0011
116.325 40.0012
116.325 40.0014
116.325 40.0017
116.325 40.0018
116.325 40.0018
116.325 40.002
116.325 40.0021
116.325 40.0023
116.325 40.0024
116.325 40.0026
116.325 40.0029
116.325 40.0031
116.325 40.0032
116.325 40.0033
116.325 40.0035
116.325 40.0037
116.325 40.0039
116.325 40.004
116.325 40.0041
116.325 40.0042
116.325 40.0043
116.325 40.0044
116.325 40.0045
116.325 40.0046
116.325 40.0048
116.325 40.0052
116.325 40.0054
116.325 40.0056
116.325 40.0058
116.325 40.006
116.325 40.0062
116.325 40.0064
116.325 40.0066
116.325 40.0068
116.325 40.007
116.325 40.0072
116.324 40.0074
116.324 40.0076
116.324 40.0079
116.324 40.0081
116.324 40.0083
116.324 40.0085
116.324 40.0086
116.324 40.0088
116.324 40.0089
116.324 40.0091
116.324 40.0093
116.324 40.0095
116.324 40.0095
116.324 40.0095
116.324 40.0095
116.323 40.0095
116.323 40.0095
116.323 40.0095
116.323 40.0095
116.323 40.0095
116.323 40.0095
116.323 40.0095
116.323 40.0094
116.323 40.0095
116.323 40.0096
116.323 40.0097
116.323 40.0097
116.323 40.0097
116.323 40.0097
116.323 40.0097
116.323 40.0097
116.323 40.0097
116.323 40.0096
116.323 40.0096
116.323 40.0096
116.323 40.0096
116.323 40.0096
116.323 40.0096
116.323 40.0096
116.323 40.0096
116.323 40.0096
116.323 40.0096
116.323 40.0096
116.323 40.0096
116.323 40.0096
116.323 40.0096
116.323 40.0096
116.323 40.0123
116.323 40.0135
116.324 40.0141
116.324 40.0146
116.323 40.0109
116.322 40.0106
116.323 40.0106
116.323 40.0106
116.323 40.0107
116.323 40.0107
116.323 40.0107
116.323 40.0108
116.323 40.0108
116.323 40.0108
116.323 40.0107
116.323 40.0107
116.323 40.0106
116.323 40.0105
116.323 40.0105
116.323 40.0105
116.323 40.0105
116.323 40.0105
116.323 40.0104
116.323 40.0104
116.322 40.0097
116.322 40.0096
116.322 40.0096
116.322 40.0096
116.322 40.0095
116.322 40.0095
116.322 40.0095
116.322 40.0095
116.322 40.0095
116.322 40.0094
116.323 40.0094
116.323 40.0094
116.323 40.0094
116.323 40.0094
116.323 40.0094
116.323 40.0094
116.323 40.0094
116.323 40.0094
116.324 40.0095
116.324 40.0095
116.324 40.0094
116.324 40.0093
116.324 40.0091
116.324 40.009
116.324 40.0089
116.324 40.0088
116.324 40.0087
116.324 40.0086
116.324 40.0085
116.324 40.0084
116.324 40.0082
116.324 40.0081
116.324 40.008
116.324 40.0079
116.324 40.0077
116.324 40.0076
116.324 40.0075
116.324 40.0073
116.324 40.0072
116.324 40.0071
116.324 40.007
116.324 40.0069
116.324 40.0066
116.324 40.0065
116.324 40.0064
116.324 40.0062
116.324 40.006
116.324 40.0059
116.324 40.0057
116.324 40.0056
116.324 40.0055
116.324 40.0054
116.324 40.0052
116.324 40.0051
116.324 40.005
116.324 40.0048
116.324 40.0047
116.324 40.0046
116.324 40.0045
116.324 40.0043
116.324 40.0041
116.324 40.004
116.324 40.0039
116.324 40.0038
116.324 40.0036
116.324 40.0036
116.324 40.0036
116.325 40.0036
116.325 40.0037
116.325 40.0036
116.325 40.0034
116.325 40.0032
116.325 40.0031
116.325 40.0029
116.325 40.0027
116.325 40.0026
116.325 40.0024
116.325 40.0024
116.326 40.0024
116.326 40.0024
116.326 40.0024
116.326 40.0024
116.327 40.0024
116.327 40.0023
116.327 40.0021
116.327 40.002
116.327 40.0019
116.327 40.0017
116.327 40.0016
116.327 40.0015
116.327 40.0014
116.327 40.0013
116.327 40.0012
116.327 40.0011
116.327 40.001
116.327 40.0009
116.327 40.0008
116.327 40.0006
116.327 40.0004
116.327 40.0002
116.327 40
116.327 39.9999
116.327 39.9999
116.327 39.9999
116.328 40
116.328 40
116.328 40
116.328 40
116.328 40
116.328 40
116.328 40
116.328 40
116.328 40
116.328 40
116.328 40
116.328 40
116.328 40
116.328 40
116.328 40
116.327 39.998
116.327 39.9978
116.327 39.9977
116.327 39.9975
116.327 39.9973
116.327 39.9971
116.327 39.9969
116.327 39.9967
116.327 39.9966
116.327 39.9964
116.327 39.9963
116.326 39.9961
116.326 39.9959
116.326 39.9957
116.326 39.9955
116.326 39.9954
116.326 39.9952
116.326 39.9951
116.326 39.9949
116.326 39.9947
116.326 39.9946
116.326 39.9944
116.326 39.9942
116.326 39.9941
116.326 39.994
116.327 39.9939
116.326 39.9937
116.326 39.9936
116.326 39.9935
116.326 39.9933
116.326 39.9932
116.326 39.9932
116.326 39.9932
116.326 39.9932
116.326 39.9932
116.326 39.9931
116.326 39.9929
116.326 39.9928
116.327 39.9927
116.327 39.9926
116.327 39.9925
116.327 39.9925
116.327 39.9924
116.327 39.9923
116.327 39.9923
116.327 39.9922
116.327 39.992
116.327 39.992
116.327 39.9919
116.327 39.9919
116.327 39.9918
116.327 39.9918
116.327 39.9917
116.327 39.9916
116.327 39.9915
116.327 39.9914
116.327 39.9913
116.327 39.9913
116.327 39.9913
116.327 39.9914
116.327 39.9914
116.327 39.9915
116.327 39.9916
116.327 39.9917
116.327 39.9919
116.327 39.992
116.327 39.992
116.328 39.9918
116.328 39.9915
116.328 39.9915
116.328 39.9915
116.328 39.9915
116.328 39.9916
116.328 39.9916
116.328 39.9916
116.329 39.9916
116.329 39.9916
116.329 39.9916
116.329 39.9916
116.329 39.9916
116.329 39.9916
116.329 39.9915
116.329 39.9915
116.329 39.9915
116.329 39.9915
116.329 39.9915
116.329 39.9915
116.329 39.9916
116.329 39.9916
116.329 39.9917
116.329 39.9917
116.329 39.9918
116.329 39.9918
116.329 39.9918
116.329 39.9918
116.329 39.9917
116.329 39.9918
116.329 39.9918
116.329 39.9918
116.329 39.9918
116.33 39.9917
116.33 39.9917
116.33 39.9918
116.33 39.9918
116.33 39.9918
116.33 39.9918
116.33 39.9918
116.331 39.9917
116.331 39.9916
116.331 39.9916
116.331 39.9916
116.331 39.9916
116.331 39.9916
116.331 39.9916
116.332 39.9916
116.333 39.9917
116.333 39.9917
116.333 39.9916
116.333 39.9916
116.333 39.9916
116.333 39.9916
116.334 39.9917
116.334 39.9917
116.335 39.9917
116.336 39.9917
116.336 39.9918
116.337 39.9918
116.338 39.9918
116.338 39.9918
116.339 39.9919
116.339 39.9918
116.339 39.9918
116.339 39.9918
116.339 39.9918
116.34 39.9918
116.34 39.9919
116.341 39.9919
116.342 39.9919
116.342 39.9919
116.342 39.9919
116.342 39.9919
116.342 39.9919
116.342 39.9919
116.342 39.9919
116.342 39.9919
116.342 39.9919
116.343 39.9919
116.344 39.9918
116.344 39.9917
116.344 39.9919
116.345 39.9918
116.345 39.9918
116.345 39.9918
116.345 39.9918
116.345 39.9918
116.345 39.9918
116.345 39.9917
116.345 39.9917
116.345 39.9917
116.345 39.9918
116.345 39.9918
116.345 39.9918
116.345 39.9918
116.345 39.9918
116.345 39.9918
116.345 39.9918
116.345 39.9918
116.345 39.9918
116.345 39.9919
116.345 39.9919
116.346 39.9919
116.346 39.9919
116.346 39.992
116.346 39.992
116.346 39.992
116.346 39.992
116.346 39.992
116.346 39.992
116.346 39.992
116.346 39.992
116.346 39.992
116.346 39.992
116.346 39.992
116.346 39.992
116.346 39.992
116.346 39.992
116.346 39.992
116.346 39.992
116.346 39.992
116.346 39.992
116.346 39.992
116.346 39.992
116.346 39.992
116.346 39.992
116.347 39.9919
116.347 39.9916
116.347 39.991
116.347 39.9904
116.347 39.9899
116.347 39.9895
116.347 39.9892
116.347 39.9892
116.347 39.9892
116.347 39.9892
116.347 39.9891
116.347 39.9888
116.347 39.9883
116.347 39.9879
116.347 39.9875
116.347 39.9869
116.347 39.9865
116.347 39.9862
116.347 39.9861
116.347 39.9861
116.347 39.9861
116.347 39.9861
116.347 39.9861
116.347 39.9861
116.347 39.9861
116.347 39.9861
116.347 39.9861
116.347 39.9861
116.347 39.9861
116.347 39.9861
116.347 39.9861
116.347 39.9861
116.347 39.9861
116.347 39.9861
116.347 39.9861
116.347 39.9861
116.347 39.9861
116.347 39.9861
116.347 39.9861
116.347 39.9859
116.347 39.9856
116.347 39.9852
116.347 39.9847
116.347 39.9841
116.347 39.9835
116.347 39.9829
116.347 39.9824
116.347 39.9819
116.347 39.9815
116.347 39.9813
116.347 39.9813
116.347 39.9813
116.347 39.9813
116.347 39.9813
116.347 39.9811
116.347 39.9807
116.347 39.9803
116.348 39.9798
116.348 39.9792
116.348 39.9787
116.348 39.9782
116.348 39.9776
116.348 39.9769
116.348 39.9763
116.348 39.9758
116.348 39.9754
116.348 39.9753
116.348 39.9753
116.348 39.9753
116.348 39.9753
116.348 39.9752
116.348 39.9752
116.348 39.9752
116.348 39.9752
116.348 39.9752
116.348 39.9754
116.348 39.9754
116.348 39.9754
116.348 39.9754
116.348 39.9754
116.348 39.9754
116.348 39.9753
116.347 39.975
116.347 39.9746
116.347 39.9742
116.347 39.9737
116.347 39.9732
116.347 39.973
116.347 39.9728
116.347 39.9725
116.347 39.9721
116.347 39.9718
116.347 39.9714
116.347 39.9713
116.347 39.9714
116.347 39.9714
116.347 39.9714
116.347 39.9714
116.347 39.971
116.347 39.9707
116.347 39.9705
116.347 39.9703
116.347 39.9699
116.347 39.9693
116.347 39.9687
116.347 39.9681
116.347 39.9675
116.347 39.967
116.347 39.9664
116.347 39.9659
116.347 39.9654
116.347 39.9651
116.347 39.9647
116.347 39.9643
116.347 39.9639
116.347 39.9637
116.347 39.9635
116.347 39.9633
116.347 39.9633
116.347 39.9633
116.347 39.9633
116.347 39.9632
116.347 39.9632
116.347 39.9631
116.347 39.963
116.347 39.9629
116.347 39.9629
116.347 39.9629
116.347 39.9629
116.347 39.9626
116.347 39.9622
116.347 39.9616
116.347 39.961
116.347 39.9604
116.347 39.9598
116.347 39.9593
116.347 39.9586
116.348 39.958
116.348 39.9575
116.348 39.9573
116.348 39.9573
116.348 39.9573
116.348 39.9573
116.348 39.9573
116.348 39.9573
116.348 39.9573
116.348 39.9573
116.348 39.9574
116.348 39.9573
116.348 39.9571
116.348 39.9569
116.348 39.9567
116.348 39.9565
116.349 39.9564
116.349 39.9562
116.349 39.9558
116.349 39.9554
116.349 39.955
116.349 39.9549
116.349 39.955
116.349 39.9549
116.349 39.9547
116.349 39.9544
116.349 39.9539
116.349 39.9535
116.349 39.9531
116.349 39.9526
116.349 39.952
116.349 39.9513
116.349 39.9508
116.349 39.9504
116.349 39.9502
116.349 39.95
116.349 39.9499
116.349 39.9499
116.349 39.9499
116.349 39.9498
116.349 39.9498
116.349 39.9497
116.349 39.9497
116.349 39.9497
116.349 39.9497
116.349 39.9498
116.349 39.9498
116.349 39.9498
116.349 39.9499
116.349 39.9499
116.349 39.95
116.349 39.9501
116.349 39.9502
116.349 39.9502
116.349 39.9503
116.349 39.9503
116.349 39.9504
116.349 39.9504
116.349 39.9504
116.349 39.9504
116.349 39.9504
116.349 39.9505
116.349 39.9506
116.349 39.9506
116.349 39.9507
116.349 39.9507
116.349 39.9507
116.349 39.9507
116.349 39.9507
116.349 39.9508
116.349 39.9509
116.349 39.9509
116.349 39.951
116.349 39.9511
116.349 39.9512
116.349 39.9512
116.349 39.9513
116.349 39.9515
116.35 39.9515
116.35 39.9516
116.349 39.9517
116.35 39.9518
116.35 39.9519
116.35 39.952
116.349 39.9521
116.349 39.9521
116.349 39.9522
116.349 39.9523
116.349 39.9524
116.349 39.9525
116.349 39.9526
116.349 39.9526
116.349 39.9527
116.349 39.9528
116.349 39.9529
116.349 39.9529
116.349 39.953
116.349 39.9531
116.349 39.9532
116.349 39.9533
116.349 39.9534
116.349 39.9535
116.349 39.9535
116.349 39.9536
116.349 39.9537
116.349 39.9538
116.349 39.9538
116.349 39.9539
116.349 39.954
116.349 39.9541
116.349 39.9542
116.349 39.9543
116.349 39.9544
116.349 39.9544
116.349 39.9545
116.349 39.9545
116.349 39.9546
116.349 39.9547
116.349 39.9547
116.349 39.9548
116.349 39.9549
116.349 39.955
116.349 39.9551
116.349 39.9552
116.349 39.9553
116.349 39.9553
116.349 39.9554
116.349 39.9555
116.349 39.9555
116.349 39.9556
116.349 39.9557
116.349 39.9558
116.349 39.9559
116.349 39.956
116.349 39.9561
116.349 39.9562
116.349 39.9562
116.349 39.9563
116.349 39.9564
116.349 39.9564
116.349 39.9565
116.349 39.9565
116.349 39.9565
116.35 39.9565
116.35 39.9564
116.35 39.9564
116.35 39.9565
116.35 39.9565
116.35 39.9565
116.349 39.9565
116.349 39.9565
116.349 39.9565
116.349 39.9565
116.35 39.9565
116.35 39.9564
116.35 39.9564
116.35 39.9564
116.35 39.9564
116.35 39.9564
116.35 39.9564
116.35 39.9564
116.35 39.9565
116.35 39.9565
116.351 39.9565
116.351 39.9565
116.351 39.9565
116.351 39.9565
116.351 39.9564
116.351 39.9564
116.351 39.9564
116.351 39.9564
116.351 39.9564
116.351 39.9564
116.352 39.9565
116.352 39.9565
116.352 39.9565
116.352 39.9566
116.352 39.9566
116.352 39.9567
116.352 39.9568
116.352 39.9568
116.352 39.9569
116.352 39.9569
116.352 39.957
116.352 39.957
116.352 39.9571
116.352 39.9571
116.352 39.9571
116.352 39.9571
116.352 39.9571
116.352 39.9571
116.352 39.9572
116.351 39.9572
116.351 39.9572
116.351 39.9573
116.351 39.9573
116.351 39.9574
116.351 39.9574
116.351 39.9574
116.351 39.9575
116.351 39.9575
116.351 39.9576
116.351 39.9576
116.351 39.9577
116.351 39.9578
116.351 39.9578
116.351 39.9579
116.351 39.958
116.351 39.958
116.351 39.9581
116.351 39.9581
116.351 39.9582
116.351 39.9582
116.351 39.9582
116.351 39.9583
116.351 39.9584
116.351 39.9585
116.351 39.9585
116.351 39.9586
116.351 39.9586
116.351 39.9587
116.351 39.9587
116.351 39.9587
116.351 39.9587
116.351 39.9588
116.351 39.9589
116.351 39.9589
116.351 39.9589
116.351 39.9589
116.351 39.9589
116.351 39.9589
116.351 39.9589
116.351 39.959
116.351 39.9592
116.351 39.9592
116.351 39.9592
116.351 39.9592
116.351 39.9593
116.351 39.9593
116.351 39.9593
116.351 39.9593
116.351 39.9593
116.351 39.9594
116.351 39.9594
116.351 39.9595
116.351 39.9596
116.351 39.9596
116.351 39.9597
116.351 39.9598
116.351 39.9598
116.351 39.9599
116.351 39.9599
116.351 39.96
116.351 39.9601
116.351 39.9602
116.351 39.9603
116.351 39.9604
116.351 39.9604
116.351 39.9605
116.351 39.9606
116.351 39.9606
116.351 39.9607
116.351 39.9608
116.351 39.9608
116.351 39.9609
116.351 39.9609
116.351 39.961
116.351 39.961
116.351 39.9611
116.351 39.9611
116.351 39.9611
116.351 39.9611
116.351 39.9612
116.351 39.9612
116.35 39.9613
116.35 39.9613
116.35 39.9614
116.35 39.9614
116.35 39.9615
116.35 39.9616
116.35 39.9617
116.35 39.9617
116.35 39.9617
116.35 39.9616
116.35 39.9616
116.35 39.9616
116.35 39.9616
116.35 39.9616
116.35 39.9616
116.35 39.9622
116.35 39.9622
116.35 39.9622
116.35 39.9622
116.35 39.9621
116.35 39.9621
116.349 39.9621
116.349 39.962
116.349 39.9617
116.349 39.9616
116.349 39.9615
116.349 39.9613
116.349 39.9612
116.349 39.9612
116.349 39.961
116.349 39.961
116.349 39.9609
116.349 39.9609
116.349 39.9608
116.349 39.9607
116.349 39.9607
116.349 39.9607
116.349 39.9607
116.349 39.9606
116.349 39.9606
116.349 39.9605
116.349 39.9604
116.349 39.9603
116.349 39.9602
116.349 39.9602
116.349 39.9602
116.349 39.9601
116.349 39.9601
116.349 39.96
116.349 39.9599
116.349 39.9599
116.349 39.9599
116.349 39.9599
116.349 39.9598
116.349 39.9599
116.349 39.9599
116.349 39.96
116.349 39.96
116.349 39.9601
116.349 39.9601
116.349 39.9602
116.349 39.9602
116.349 39.9603
116.349 39.9604
116.349 39.9605
116.349 39.9606
116.349 39.9606
116.349 39.9607
116.349 39.9607
116.349 39.9608
116.349 39.9609
116.349 39.961
116.349 39.961
116.349 39.9611
116.349 39.9612
116.349 39.9613
116.349 39.9613
116.349 39.9614
116.349 39.9614
116.349 39.9615
116.349 39.9616
116.349 39.9617
116.349 39.9617
116.349 39.9618
116.349 39.9618
116.349 39.9619
116.349 39.962
116.349 39.962
116.349 39.9621
116.349 39.9622
116.349 39.9622
116.349 39.9623
116.349 39.9624
116.349 39.9624
116.349 39.9625
116.349 39.9626
116.349 39.9627
116.349 39.9627
116.349 39.9628
116.349 39.9628
116.349 39.9629
116.349 39.963
116.349 39.9631
116.349 39.9631
116.349 39.9631
116.349 39.9632
116.349 39.9632
116.349 39.9633
116.349 39.9633
116.349 39.9634
116.349 39.9634
116.349 39.9635
116.349 39.9636
116.349 39.9637
116.349 39.9638
116.349 39.9639
116.349 39.9639
116.349 39.964
116.349 39.964
116.349 39.9641
116.349 39.9642
116.349 39.9643
116.349 39.9644
116.349 39.9645
116.349 39.9645
116.349 39.9646
116.349 39.9647
116.349 39.9648
116.349 39.9648
116.349 39.9649
116.349 39.9649
116.349 39.965
116.349 39.9651
116.349 39.9652
116.349 39.9652
116.349 39.9653
116.349 39.9654
116.349 39.9655
116.349 39.9655
116.349 39.9656
116.349 39.9655
116.349 39.9656
116.349 39.9656
116.349 39.9657
116.349 39.9657
116.349 39.9657
116.35 39.9657
116.35 39.9657
116.35 39.9657
116.35 39.9658
116.35 39.9658
116.35 39.9658
116.35 39.9658
116.35 39.9658
116.35 39.9658
116.35 39.966
116.35 39.966
116.35 39.9661
116.35 39.9661
116.351 39.9661
116.351 39.9661
116.351 39.9661
116.351 39.9661
116.351 39.9661
116.351 39.9661
116.351 39.9661
116.351 39.9661
116.351 39.9661
116.351 39.9661
116.352 39.9661
116.352 39.9661
116.352 39.966
116.352 39.9661
116.352 39.9661
116.352 39.9661
116.352 39.9661
116.352 39.9661
116.352 39.9661
116.352 39.9661
116.352 39.9661
116.352 39.9661
116.352 39.9661
116.352 39.9661
116.352 39.9661
116.352 39.9661
116.352 39.9661
116.352 39.9661
116.352 39.9661
116.352 39.9661
116.352 39.9661
116.352 39.9661
116.352 39.9661
116.352 39.9661
116.352 39.9661
116.352 39.9661
116.352 39.9661
116.352 39.9661
116.352 39.9661
116.352 39.966
116.352 39.9661
116.353 39.9661
116.353 39.9661
116.353 39.9661
116.354 39.966
116.354 39.966
116.355 39.966
116.355 39.9661
116.355 39.9661
116.356 39.9661
116.356 39.9661
116.357 39.9661
116.358 39.9661
116.358 39.9661
116.359 39.9661
116.359 39.9662
116.359 39.9662
116.36 39.9662
116.36 39.9662
116.361 39.9662
116.361 39.9662
116.361 39.9661
116.361 39.9661
116.361 39.9661
116.361 39.9661
116.361 39.9661
116.361 39.9661
116.361 39.9662
116.361 39.9662
116.362 39.9663
116.362 39.9663
116.363 39.9662
116.363 39.9661
116.363 39.9661
116.363 39.9661
116.363 39.966
116.363 39.966
116.363 39.966
116.363 39.966
116.363 39.966
116.363 39.966
116.363 39.9661
116.363 39.9661
116.363 39.9661
116.363 39.9661
116.363 39.9662
116.363 39.9662
116.363 39.9662
116.363 39.9661
116.363 39.9661
116.363 39.9661
116.363 39.9661
116.363 39.9661
116.364 39.9661
116.364 39.9662
116.365 39.9662
116.365 39.9662
116.366 39.9662
116.366 39.9663
116.366 39.9663
116.366 39.9663
116.366 39.9664
116.366 39.9665
116.366 39.9665
116.366 39.9665
116.366 39.9665
116.367 39.9666
116.367 39.9666
116.367 39.9664
116.368 39.9664
116.369 39.9664
116.369 39.9665
116.37 39.9665
116.37 39.9665
116.371 39.9666
116.372 39.9665
116.372 39.9664
116.373 39.9664
116.373 39.9665
116.374 39.9666
116.374 39.9666
116.375 39.9666
116.376 39.9666
116.376 39.9666
116.376 39.9667
116.377 39.9667
116.377 39.9667
116.378 39.9668
116.378 39.9668
116.378 39.967
116.379 39.967
116.379 39.967
116.379 39.967
116.379 39.967
116.379 39.967
116.379 39.967
116.379 39.967
116.379 39.967
116.379 39.9671
116.379 39.9671
116.379 39.9671
116.379 39.9671
116.379 39.9671
116.379 39.9671
116.379 39.9671
116.379 39.9671
116.379 39.9671
116.38 39.9671
116.381 39.9671
116.381 39.9671
116.382 39.9671
116.383 39.9671
116.383 39.9671
116.384 39.9669
116.384 39.967
116.384 39.967
116.384 39.967
116.384 39.967
116.384 39.967
116.384 39.967
116.384 39.967
116.384 39.967
116.385 39.967
116.385 39.9669
116.386 39.967
116.386 39.967
116.387 39.967
116.388 39.967
116.388 39.967
116.389 39.9669
116.39 39.967
116.39 39.967
116.391 39.967
116.391 39.967
116.391 39.9671
116.392 39.9671
116.392 39.9671
116.393 39.9672
116.393 39.9672
116.393 39.9672
116.394 39.9672
116.394 39.967
116.394 39.967
116.394 39.967
116.394 39.967
116.394 39.967
116.394 39.967
116.394 39.967
116.394 39.967
116.395 39.967
116.395 39.967
116.395 39.967
116.395 39.9669
116.395 39.9669
116.396 39.967
116.396 39.967
116.397 39.967
116.398 39.9671
116.399 39.9671
116.4 39.9671
116.401 39.9672
116.401 39.9672
116.402 39.9673
116.403 39.9673
116.404 39.9674
116.404 39.9674
116.404 39.9674
116.404 39.9674
116.404 39.9674
116.405 39.9674
116.405 39.9673
116.405 39.9674
116.405 39.9675
116.405 39.9676
116.405 39.9677
116.405 39.9678
116.405 39.9679
116.406 39.9678
116.406 39.9676
116.407 39.9674
116.408 39.9673
116.408 39.9674
116.409 39.9674
116.409 39.9674
116.41 39.9674
116.41 39.9674
116.41 39.9674
116.41 39.9674
116.41 39.9674
116.41 39.9675
116.41 39.9676
116.41 39.9676
116.41 39.9676
116.41 39.9677
116.411 39.9676
116.411 39.9676
116.412 39.9676
116.412 39.9676
116.412 39.9676
116.413 39.9676
116.413 39.9676
116.413 39.9676
116.413 39.9676
116.413 39.9676
116.413 39.9676
116.413 39.9676
116.413 39.9676
116.413 39.9676
116.413 39.9677
116.413 39.9678
116.413 39.9679
116.413 39.9679
116.413 39.968
116.414 39.9681
116.414 39.968
116.414 39.9681
116.414 39.968
116.415 39.968
116.416 39.9679
116.416 39.9678
116.417 39.9678
116.417 39.9678
116.417 39.9677
116.417 39.9677
116.417 39.9676
116.417 39.9676
116.417 39.9677
116.417 39.9678
116.417 39.9678
116.417 39.9676
116.417 39.9676
116.417 39.9677
116.418 39.9677
116.418 39.9677
116.418 39.9677
116.418 39.9678
116.418 39.9678
116.418 39.9677
116.418 39.9676
116.418 39.9677
116.418 39.9677
116.418 39.9677
116.418 39.9677
116.418 39.9678
116.418 39.9678
116.418 39.9679
116.418 39.9679
116.418 39.968
116.418 39.968
116.418 39.968
116.418 39.9681
116.418 39.9681
116.418 39.9681
116.418 39.9681
116.418 39.9682
116.418 39.9683
116.418 39.9684
116.418 39.9685
116.418 39.9685
116.418 39.9686
116.418 39.9687
116.418 39.9688
116.418 39.9688
116.418 39.9689
116.418 39.969
116.418 39.9691
116.418 39.9692
116.418 39.9693
116.418 39.9693
116.418 39.9694
116.418 39.9694
116.418 39.9695
116.418 39.9696
116.418 39.9696
116.418 39.9697
116.418 39.9697
116.418 39.9697
116.418 39.9698
116.418 39.9698
116.418 39.9699
116.418 39.97
116.418 39.97
116.418 39.97
116.418 39.97
116.417 39.97
116.417 39.97
116.417 39.97
116.417 39.97
116.417 39.97
116.417 39.97
116.417 39.97
116.417 39.97
116.417 39.9701
116.417 39.9701
116.417 39.9702
116.417 39.9702
116.417 39.9703
116.417 39.9704
116.417 39.9705
116.417 39.9705
116.417 39.9706
116.417 39.9707
116.417 39.9708
116.417 39.9708
116.417 39.9708
116.417 39.9708
