116.267 39.9026
116.267 39.9026
116.267 39.9027
116.267 39.9025
116.267 39.902
116.267 39.9014
116.267 39.9007
116.267 39.9001
116.267 39.8995
116.267 39.899
116.267 39.8989
116.267 39.899
116.267 39.899
116.267 39.8991
116.268 39.8993
116.268 39.8993
116.268 39.8993
116.268 39.8993
116.268 39.8992
116.268 39.8992
116.268 39.8992
116.268 39.8993
116.268 39.8993
116.268 39.8993
116.268 39.8993
116.268 39.8993
116.268 39.8993
116.268 39.8993
116.268 39.8994
116.268 39.8994
116.268 39.8994
116.268 39.8994
116.268 39.8994
116.268 39.899
116.268 39.8985
116.268 39.8979
116.267 39.8974
116.267 39.897
116.266 39.8967
116.266 39.8962
116.266 39.8957
116.266 39.8952
116.267 39.895
116.267 39.8946
116.267 39.8942
116.267 39.8937
116.268 39.893
116.268 39.8924
116.268 39.8917
116.268 39.8909
116.268 39.8901
116.268 39.8895
116.268 39.8889
116.268 39.8883
116.268 39.8876
116.268 39.887
116.268 39.8864
116.268 39.8858
116.268 39.8851
116.268 39.8846
116.268 39.8841
116.268 39.8837
116.268 39.8836
116.268 39.8833
116.268 39.883
116.269 39.8826
116.269 39.8822
116.269 39.8815
116.269 39.8808
116.269 39.8804
116.269 39.8802
116.27 39.8801
116.27 39.8799
116.27 39.8798
116.27 39.8796
116.27 39.8795
116.27 39.8793
116.27 39.8792
116.27 39.8795
116.27 39.8799
116.27 39.8804
116.27 39.8809
116.27 39.8814
116.27 39.8817
116.27 39.8819
116.27 39.8821
116.27 39.8821
116.27 39.8821
116.27 39.8821
116.27 39.8821
116.27 39.8821
116.27 39.8822
116.27 39.8822
116.27 39.8822
116.27 39.8822
116.27 39.8822
116.27 39.8822
116.27 39.8822
116.27 39.8822
116.27 39.8822
116.27 39.8822
116.27 39.8822
116.27 39.8822
116.27 39.8822
116.27 39.8822
116.27 39.8822
116.27 39.8821
116.27 39.8822
116.27 39.8822
116.27 39.8822
116.27 39.8822
116.27 39.8822
116.27 39.8822
116.27 39.8822
116.273 39.8789
116.272 39.8799
116.272 39.8811
116.272 39.8811
116.271 39.8818
116.271 39.8818
116.271 39.8819
116.271 39.8819
116.271 39.8819
116.271 39.8819
116.27 39.8822
116.27 39.8819
116.27 39.882
116.27 39.8821
116.27 39.8822
116.27 39.8822
116.27 39.8822
116.27 39.8822
116.27 39.8821
116.27 39.8821
116.27 39.8821
116.27 39.8821
116.27 39.8821
116.269 39.8822
116.269 39.8822
116.269 39.8823
116.269 39.8827
116.269 39.8831
116.269 39.8835
116.269 39.8838
116.269 39.8842
116.269 39.8847
116.269 39.8853
116.269 39.886
116.268 39.8867
116.268 39.8873
116.268 39.8879
116.268 39.8884
116.268 39.8889
116.268 39.8893
116.268 39.8896
116.268 39.89
116.268 39.8905
116.268 39.891
116.268 39.8917
116.268 39.8923
116.268 39.893
116.268 39.8936
116.268 39.8942
116.269 39.8948
116.269 39.8953
116.269 39.8955
116.27 39.8956
116.271 39.8957
116.272 39.8956
116.272 39.8956
116.273 39.8956
116.274 39.8957
116.275 39.8957
116.276 39.8957
116.277 39.8957
116.278 39.8957
116.279 39.8957
116.28 39.8957
116.281 39.8957
116.282 39.8957
116.283 39.8957
116.284 39.8957
116.286 39.8957
116.287 39.8957
116.288 39.8957
116.289 39.8956
116.29 39.8957
116.291 39.8957
116.292 39.8957
116.293 39.8957
116.294 39.8957
116.295 39.8957
116.296 39.8957
116.297 39.8956
116.298 39.8956
116.299 39.8956
116.3 39.8956
116.301 39.8956
116.302 39.8956
116.302 39.8956
116.303 39.8956
116.304 39.8956
116.304 39.8957
116.305 39.8957
116.306 39.8957
116.307 39.8957
116.308 39.8957
116.309 39.8956
116.31 39.8957
116.311 39.8957
116.312 39.8957
116.313 39.8957
116.319 39.8957
116.321 39.8956
116.322 39.8956
116.323 39.8956
116.324 39.8956
116.325 39.8956
116.326 39.8956
116.327 39.8956
116.328 39.8957
116.329 39.8958
116.33 39.8959
116.331 39.896
116.332 39.896
116.333 39.896
116.334 39.896
116.334 39.896
116.335 39.896
116.335 39.896
116.335 39.8961
116.335 39.8961
116.335 39.8961
116.335 39.8962
116.335 39.8962
116.335 39.8962
116.335 39.8961
116.335 39.8961
116.335 39.8961
116.335 39.8961
116.335 39.8961
116.335 39.8961
116.335 39.8961
116.335 39.8961
116.335 39.8961
116.335 39.8961
116.336 39.8962
116.336 39.8962
116.336 39.8962
116.336 39.8964
116.336 39.8968
116.336 39.8972
116.336 39.8974
116.336 39.8974
116.336 39.8974
116.336 39.8974
116.336 39.8975
116.336 39.8977
116.336 39.8981
116.336 39.8985
116.336 39.899
116.336 39.8994
116.336 39.8999
116.336 39.9002
116.336 39.9005
116.336 39.9007
116.336 39.9009
116.337 39.9012
116.337 39.9017
116.337 39.9018
116.337 39.9018
116.338 39.9018
116.339 39.9018
116.34 39.9017
116.34 39.9017
116.34 39.9016
116.34 39.9016
116.34 39.9016
116.34 39.9016
116.34 39.9016
116.34 39.9016
116.34 39.9016
116.34 39.9016
116.341 39.9016
116.342 39.9016
116.343 39.9016
116.343 39.9016
116.344 39.9016
116.345 39.9016
116.346 39.9016
116.347 39.9017
116.347 39.902
116.347 39.9026
116.347 39.9032
116.347 39.9035
116.347 39.9039
116.346 39.9044
116.346 39.9048
116.347 39.9051
116.347 39.9053
116.347 39.9053
116.347 39.9053
116.347 39.9053
116.347 39.9053
116.347 39.9053
116.347 39.9053
116.347 39.9053
116.347 39.9053
116.347 39.9053
116.347 39.9053
116.347 39.9053
116.347 39.9053
116.347 39.9055
116.347 39.9056
116.347 39.9058
116.347 39.9062
116.347 39.9066
116.347 39.907
116.347 39.9072
116.347 39.9075
116.347 39.9077
116.347 39.9079
116.347 39.908
116.347 39.908
116.346 39.9081
116.346 39.9081
116.346 39.908
116.346 39.908
116.346 39.9079
116.346 39.9079
116.346 39.9079
116.346 39.9079
116.346 39.9079
116.346 39.9078
116.346 39.9078
116.346 39.9078
116.346 39.9077
116.346 39.9077
116.346 39.9076
116.347 39.9076
116.347 39.9076
116.347 39.9076
116.347 39.9076
116.347 39.9076
116.347 39.9076
116.347 39.9076
116.347 39.9076
116.347 39.9076
116.347 39.9075
116.347 39.9075
116.347 39.9075
116.347 39.9074
116.347 39.9074
116.347 39.9073
116.347 39.9073
116.347 39.9073
116.347 39.9073
116.347 39.9073
116.347 39.9072
116.347 39.9072
116.347 39.9072
116.347 39.9072
116.347 39.9072
116.347 39.9072
116.347 39.9072
116.347 39.9072
116.347 39.9072
116.347 39.9072
116.35 39.9102
116.349 39.9101
116.348 39.9104
116.347 39.9061
116.347 39.9062
116.347 39.9064
116.347 39.9064
116.347 39.9065
116.347 39.9065
116.347 39.9065
116.347 39.9065
116.347 39.9063
116.347 39.907
116.347 39.9071
116.347 39.9071
116.347 39.9071
116.347 39.9071
116.347 39.9071
116.347 39.9071
116.347 39.9071
116.347 39.9071
116.347 39.9071
116.347 39.9071
116.347 39.9071
116.347 39.907
116.347 39.9071
116.347 39.9071
116.347 39.9071
116.347 39.9071
116.347 39.9071
116.347 39.9071
116.347 39.9071
116.347 39.9071
116.347 39.9071
116.347 39.9072
116.347 39.9072
116.347 39.9073
116.347 39.9073
116.347 39.9074
116.347 39.9074
116.347 39.9075
116.347 39.9075
116.347 39.9076
116.347 39.9077
116.347 39.9078
116.347 39.9079
116.346 39.9079
116.346 39.908
116.346 39.908
116.346 39.9081
116.346 39.9081
116.346 39.9081
116.347 39.9082
116.347 39.9082
116.347 39.9083
116.347 39.9084
116.347 39.9084
116.347 39.9085
116.347 39.9086
116.347 39.9086
116.347 39.9087
116.347 39.9087
116.347 39.9087
116.347 39.9088
116.347 39.9088
116.347 39.9088
116.347 39.9089
116.347 39.9089
116.347 39.909
116.347 39.909
116.347 39.9091
116.347 39.9091
116.347 39.9091
116.347 39.9091
116.347 39.9091
116.347 39.909
116.348 39.9089
116.348 39.9089
116.348 39.9089
116.348 39.9089
116.348 39.909
116.348 39.909
116.348 39.909
116.348 39.909
116.348 39.909
116.348 39.909
116.348 39.9091
116.348 39.9091
116.348 39.9091
116.349 39.9092
116.349 39.9092
116.349 39.9092
116.349 39.9092
116.349 39.9092
116.349 39.9091
116.349 39.9091
116.349 39.909
116.349 39.909
116.349 39.909
116.349 39.909
116.35 39.9089
116.35 39.9089
116.35 39.9089
116.35 39.9089
116.35 39.9089
116.35 39.909
116.35 39.909
116.35 39.909
116.35 39.9091
116.35 39.9091
116.35 39.9091
116.35 39.9092
116.35 39.9092
116.35 39.9092
116.35 39.9091
116.35 39.9091
116.35 39.9091
116.35 39.9091
116.35 39.9092
116.35 39.9092
116.351 39.9092
116.351 39.9092
116.351 39.9091
116.351 39.9091
116.351 39.9091
116.351 39.909
116.35 39.909
116.351 39.9089
116.351 39.9089
116.351 39.9089
116.351 39.9088
116.351 39.9088
116.351 39.9087
116.351 39.9087
116.351 39.9086
116.351 39.9086
116.351 39.9085
116.351 39.9085
116.351 39.9085
116.351 39.9084
116.351 39.9083
116.351 39.9083
116.351 39.9082
116.351 39.9081
116.351 39.908
116.351 39.908
116.351 39.9079
116.351 39.9079
116.351 39.9078
116.351 39.9078
116.351 39.9077
116.351 39.9078
116.351 39.9077
116.351 39.9076
116.351 39.9075
116.351 39.9075
116.351 39.9075
116.351 39.9075
116.351 39.9075
116.351 39.9075
116.351 39.9074
116.351 39.9074
116.351 39.9073
116.351 39.9073
116.351 39.9073
116.351 39.9073
116.351 39.9073
116.351 39.9072
116.351 39.9071
116.351 39.9071
116.351 39.9071
116.351 39.9071
116.351 39.9071
116.351 39.9071
116.351 39.907
116.351 39.907
116.351 39.907
116.351 39.907
116.351 39.907
116.351 39.907
116.351 39.907
116.351 39.907
116.351 39.907
116.351 39.907
116.351 39.907
116.43 39.9375
116.43 39.9371
116.43 39.937
116.43 39.937
116.43 39.937
116.43 39.937
116.43 39.937
116.43 39.9371
116.43 39.9371
116.43 39.9371
116.43 39.9371
116.43 39.9371
116.43 39.9371
116.43 39.9371
116.43 39.9371
116.43 39.9371
116.43 39.9371
116.43 39.9371
116.43 39.9372
116.43 39.9372
116.43 39.9372
116.43 39.9372
116.43 39.9372
116.43 39.9372
116.43 39.9373
116.43 39.9373
116.43 39.9373
116.43 39.9373
116.43 39.9373
116.43 39.9373
116.43 39.9373
116.43 39.9373
116.43 39.9373
116.43 39.9373
116.43 39.9373
116.43 39.9371
116.43 39.9369
116.43 39.9369
116.43 39.9368
116.43 39.9368
116.43 39.9367
116.43 39.9367
116.43 39.9367
116.43 39.9366
116.43 39.9366
116.43 39.9365
116.43 39.9364
116.43 39.9364
116.43 39.9363
116.43 39.9363
116.43 39.9363
116.43 39.9362
116.43 39.9361
116.43 39.9361
116.43 39.936
116.43 39.936
116.43 39.9359
116.43 39.9359
116.43 39.9359
116.43 39.9359
116.43 39.9358
116.43 39.9358
116.43 39.9357
116.43 39.9357
116.43 39.9346
116.43 39.9347
116.43 39.9347
116.43 39.9347
116.43 39.9347
116.43 39.9347
116.43 39.9347
116.43 39.9347
116.43 39.9347
116.43 39.9347
116.43 39.9347
116.43 39.9347
116.43 39.9347
116.43 39.9347
116.43 39.9347
116.43 39.9347
116.43 39.9346
116.43 39.9346
116.43 39.9347
116.43 39.9347
116.43 39.9347
116.43 39.9347
116.43 39.9347
116.43 39.9347
116.43 39.9347
116.43 39.9347
116.43 39.9347
116.43 39.9347
116.43 39.9347
116.43 39.9347
116.43 39.9347
116.43 39.9347
116.43 39.9347
116.43 39.9348
116.43 39.9348
116.43 39.9348
116.43 39.9348
116.43 39.9348
116.43 39.9348
116.43 39.9348
116.43 39.9348
116.43 39.9349
116.43 39.9349
116.43 39.9349
116.43 39.9349
116.43 39.9349
116.43 39.9348
116.43 39.9348
116.43 39.9348
116.43 39.9348
116.43 39.9348
116.43 39.9348
116.43 39.9349
116.431 39.935
116.431 39.9351
116.431 39.9351
116.431 39.9352
116.431 39.9353
116.431 39.9353
116.431 39.9352
116.431 39.9353
116.431 39.9354
116.431 39.9355
116.431 39.9356
116.431 39.9357
116.431 39.9357
116.431 39.9357
116.431 39.9358
116.431 39.9359
116.431 39.936
116.431 39.9361
116.432 39.9363
116.432 39.9364
