116.418 39.9834
116.418 39.9836
116.418 39.9841
116.418 39.9846
116.418 39.985
116.418 39.9853
116.418 39.9857
116.418 39.9861
116.418 39.9865
116.418 39.9867
116.418 39.9868
116.418 39.9868
116.418 39.9868
116.418 39.9868
116.418 39.9868
116.418 39.9868
116.418 39.9868
116.418 39.9868
116.418 39.9868
116.418 39.9868
116.418 39.9868
116.418 39.9868
116.418 39.9868
116.418 39.9868
116.418 39.9869
116.418 39.9872
116.418 39.9875
116.418 39.9879
116.418 39.9878
116.417 39.9878
116.417 39.9878
116.416 39.9877
116.415 39.9877
116.414 39.9877
116.413 39.9877
116.413 39.9877
116.412 39.9876
116.411 39.9876
116.41 39.9876
116.41 39.9875
116.409 39.9875
116.408 39.9875
116.408 39.9875
116.407 39.9874
116.406 39.9873
116.405 39.9873
116.404 39.9873
116.403 39.9872
116.402 39.9872
116.401 39.9872
116.4 39.9871
116.399 39.9871
116.398 39.9871
116.398 39.9871
116.397 39.9871
116.396 39.9871
116.395 39.9871
116.395 39.9871
116.394 39.9871
116.393 39.987
116.392 39.987
116.392 39.987
116.391 39.987
116.39 39.987
116.389 39.987
116.388 39.987
116.388 39.9869
116.387 39.9868
116.386 39.9868
116.386 39.987
116.385 39.9869
116.384 39.9869
116.384 39.9868
116.383 39.9868
116.383 39.9868
116.382 39.9868
116.382 39.9867
116.382 39.9868
116.381 39.9868
116.381 39.9868
116.38 39.9867
116.379 39.9867
116.379 39.9867
116.378 39.9866
116.377 39.9866
116.376 39.9866
116.376 39.9866
116.375 39.9866
116.375 39.9866
116.375 39.9866
116.374 39.9866
116.374 39.9868
116.373 39.9871
116.373 39.9873
116.373 39.9874
116.373 39.9874
116.372 39.9875
116.372 39.9876
116.372 39.9878
116.372 39.9882
116.372 39.9887
116.372 39.989
116.372 39.9894
116.371 39.9899
116.371 39.9906
116.371 39.991
116.371 39.9914
116.371 39.9917
116.37 39.9921
116.37 39.9925
116.37 39.9929
116.369 39.9933
116.369 39.9937
116.369 39.9941
116.369 39.9941
116.369 39.9942
116.369 39.9942
116.369 39.9942
116.369 39.9942
116.369 39.9942
116.369 39.9941
116.369 39.9942
116.369 39.9941
116.369 39.9942
116.369 39.9943
116.368 39.9945
116.368 39.9948
116.368 39.9952
116.367 39.9957
116.367 39.9963
116.367 39.9968
116.366 39.9974
116.366 39.9979
116.365 39.9983
116.365 39.9986
116.365 39.9986
116.365 39.9986
116.365 39.9986
116.365 39.9986
116.365 39.9986
116.365 39.9986
116.365 39.9986
116.365 39.9986
116.365 39.9987
116.365 39.999
116.365 39.9992
116.365 39.9994
116.364 39.9995
116.364 39.9996
116.364 39.9996
116.364 39.9996
116.364 39.9996
116.364 39.9994
116.364 39.9991
116.365 39.9986
116.365 39.9981
116.365 39.9977
116.366 39.9972
116.366 39.9967
116.367 39.9962
116.367 39.9957
116.367 39.9951
116.368 39.9947
116.368 39.9942
116.368 39.9937
116.369 39.9933
116.369 39.9928
116.369 39.9925
116.37 39.9922
116.37 39.992
116.37 39.9917
116.37 39.9912
116.37 39.9907
116.371 39.9901
116.371 39.9895
116.371 39.989
116.371 39.9885
116.371 39.988
116.371 39.9878
116.371 39.9876
116.371 39.9872
116.37 39.9869
116.37 39.9867
116.369 39.9866
116.368 39.9864
116.368 39.9864
116.367 39.9863
116.366 39.9863
116.365 39.9863
116.364 39.9862
116.364 39.9862
116.363 39.9862
116.362 39.9862
116.362 39.9862
116.361 39.9861
116.36 39.9861
116.36 39.9861
116.359 39.9861
116.358 39.9861
116.357 39.9861
116.356 39.9861
116.355 39.986
116.355 39.986
116.354 39.9859
116.353 39.9859
116.352 39.9859
116.351 39.9859
116.35 39.9858
116.35 39.9858
116.349 39.9858
116.348 39.9857
116.348 39.9857
116.348 39.9857
116.348 39.9857
116.348 39.9857
116.348 39.9857
116.348 39.9857
116.348 39.9857
116.348 39.9857
116.348 39.9857
116.348 39.9857
116.348 39.9857
116.348 39.9857
116.348 39.9857
116.348 39.9857
116.348 39.9857
116.348 39.9857
116.348 39.9857
116.348 39.9857
116.348 39.9857
116.348 39.9857
116.348 39.9857
116.348 39.9857
116.348 39.9857
116.348 39.9857
116.348 39.9857
116.348 39.9857
116.348 39.9857
116.348 39.9857
116.348 39.9857
116.348 39.9857
116.348 39.9857
116.348 39.9857
116.348 39.9857
116.348 39.9857
116.348 39.9857
116.348 39.9857
116.347 39.9855
116.347 39.9851
116.347 39.9842
116.347 39.9834
116.347 39.9826
116.347 39.9818
116.347 39.9809
116.348 39.98
116.348 39.9792
116.348 39.9784
116.348 39.9775
116.348 39.9767
116.348 39.9762
116.347 39.9757
116.347 39.9755
116.347 39.9754
116.347 39.9753
116.347 39.9752
116.346 39.9752
116.346 39.9752
116.345 39.9752
116.344 39.9751
116.343 39.9752
116.343 39.9752
116.342 39.9752
116.342 39.9752
116.342 39.9751
116.342 39.9751
116.342 39.9751
116.342 39.9751
116.342 39.9751
116.342 39.9752
116.342 39.9752
116.341 39.9752
116.34 39.9752
116.34 39.9751
116.339 39.9751
116.339 39.9751
116.338 39.9751
116.338 39.9751
116.337 39.9752
116.336 39.9751
116.335 39.9751
116.335 39.9751
116.334 39.9751
116.333 39.9751
116.332 39.9751
116.332 39.9752
116.331 39.9752
116.331 39.9752
116.331 39.9753
116.331 39.9753
116.33 39.9753
116.33 39.9754
116.33 39.9754
116.331 39.9754
116.331 39.9754
116.332 39.9754
116.332 39.9755
116.332 39.9757
116.331 39.9757
116.331 39.9758
116.331 39.9758
116.331 39.9758
116.331 39.9759
116.331 39.9759
116.331 39.9759
116.331 39.9759
116.331 39.9759
116.331 39.9761
116.331 39.9761
116.331 39.9762
116.331 39.9762
116.331 39.9761
116.331 39.9761
116.331 39.9761
116.331 39.9761
116.331 39.9761
116.331 39.9761
116.331 39.976
116.331 39.976
116.331 39.976
116.331 39.976
116.331 39.976
116.331 39.976
116.331 39.976
116.331 39.976
116.331 39.976
116.331 39.976
116.331 39.9759
116.331 39.9759
116.331 39.9759
116.331 39.9759
116.331 39.9759
116.331 39.9759
116.331 39.9759
116.331 39.9759
116.331 39.9759
116.331 39.9759
116.331 39.9759
116.331 39.9759
116.331 39.9759
116.331 39.9759
116.331 39.9759
116.331 39.9759
116.331 39.9759
116.331 39.9759
116.331 39.9759
116.331 39.9759
116.331 39.9759
116.331 39.9759
116.331 39.9759
116.331 39.9759
116.331 39.9759
116.331 39.9759
116.331 39.9759
116.331 39.9759
116.331 39.9759
116.331 39.9759
116.331 39.9759
116.331 39.9759
116.331 39.9759
116.331 39.9759
116.331 39.9758
116.331 39.9758
116.331 39.9758
116.331 39.9758
116.331 39.976
116.331 39.9761
116.331 39.9763
116.331 39.9765
116.33 39.9766
116.331 39.9761
116.331 39.976
116.331 39.9759
116.331 39.9758
116.331 39.9758
116.331 39.9758
116.331 39.9758
116.331 39.9758
116.331 39.9758
116.331 39.9758
116.331 39.9757
116.331 39.9757
116.331 39.9757
116.331 39.9757
116.331 39.9757
116.331 39.9757
116.331 39.9757
116.331 39.9757
116.331 39.9758
116.331 39.9758
116.331 39.9758
116.331 39.9758
116.331 39.9757
116.331 39.9758
116.331 39.9758
116.331 39.9758
116.331 39.9758
116.331 39.9758
116.331 39.9758
116.331 39.9758
116.331 39.9758
116.331 39.9758
116.331 39.9757
116.331 39.9757
116.331 39.9757
116.331 39.9757
116.331 39.9757
116.331 39.9757
116.332 39.9756
116.332 39.9755
116.332 39.9756
116.332 39.9755
116.332 39.9755
116.332 39.9755
116.332 39.9755
116.332 39.9755
116.332 39.9756
116.332 39.9756
116.332 39.9757
116.331 39.9757
116.331 39.9757
116.331 39.9757
116.331 39.9757
116.331 39.9757
116.331 39.9757
116.331 39.9757
116.331 39.9758
116.331 39.9758
116.331 39.9758
116.331 39.9758
116.331 39.9757
116.331 39.9757
116.331 39.9757
116.331 39.9756
116.331 39.9757
116.331 39.9756
116.332 39.9756
116.332 39.9755
116.332 39.9754
116.332 39.9753
116.332 39.9752
116.332 39.9754
116.332 39.9755
116.332 39.9754
116.332 39.9754
116.332 39.9754
116.331 39.9755
116.331 39.9756
116.331 39.9756
116.331 39.9756
116.331 39.9757
116.331 39.9757
116.331 39.9758
116.331 39.9758
116.331 39.9757
116.332 39.9757
116.332 39.9758
116.332 39.9761
116.332 39.9765
116.332 39.9768
116.331 39.977
116.331 39.9772
116.331 39.9771
116.33 39.9771
116.33 39.9772
116.329 39.9772
116.329 39.9772
116.329 39.9773
116.329 39.9775
116.329 39.9779
116.329 39.9783
116.329 39.9786
116.328 39.979
116.328 39.9792
116.328 39.9794
116.328 39.9795
116.329 39.9795
116.329 39.9795
116.328 39.98
116.328 39.9803
116.328 39.9804
116.328 39.9804
116.328 39.9808
116.328 39.981
116.328 39.981
116.328 39.9811
116.329 39.9811
116.329 39.981
116.329 39.9811
116.329 39.9808
116.33 39.9809
116.33 39.9809
116.329 39.9806
116.329 39.9806
116.329 39.9806
116.329 39.9807
116.328 39.9807
116.328 39.9806
116.328 39.9806
116.328 39.9805
116.328 39.9804
116.328 39.9803
116.328 39.98
116.328 39.9798
116.328 39.9797
116.328 39.9794
116.328 39.9792
116.329 39.9789
116.328 39.9787
116.328 39.9784
116.328 39.9781
116.329 39.9779
116.329 39.9776
116.329 39.9773
116.329 39.977
116.329 39.977
116.329 39.977
116.329 39.9771
116.33 39.9772
116.33 39.9772
116.33 39.9772
116.331 39.9773
116.331 39.9773
116.331 39.9773
116.331 39.9773
116.331 39.9773
116.331 39.9773
116.331 39.9771
116.332 39.9767
116.332 39.9764
116.332 39.9762
116.331 39.976
116.331 39.9759
116.331 39.9758
116.331 39.9757
116.33 39.9757
116.33 39.9757
116.33 39.9757
116.33 39.9757
116.33 39.9757
116.33 39.9757
116.33 39.9758
116.33 39.9758
116.33 39.9758
116.33 39.9758
116.33 39.9758
116.33 39.9758
116.33 39.9758
116.33 39.9758
116.33 39.9758
116.33 39.9758
116.33 39.9758
116.33 39.9758
116.33 39.9758
116.33 39.9758
116.33 39.9758
116.33 39.9759
116.33 39.9759
116.33 39.9758
116.33 39.9758
116.33 39.9758
116.33 39.9758
116.33 39.9758
116.33 39.9758
116.33 39.9758
116.33 39.9758
116.33 39.9758
116.33 39.9758
116.33 39.9758
116.33 39.9758
116.33 39.9758
116.33 39.9757
116.33 39.9755
116.33 39.9754
116.33 39.9752
116.33 39.9752
116.329 39.9752
116.329 39.9752
116.329 39.9751
116.329 39.9751
116.329 39.9751
116.329 39.9751
116.33 39.9751
116.33 39.9752
116.331 39.9752
116.332 39.9751
116.333 39.975
116.334 39.975
116.335 39.975
116.336 39.975
116.337 39.975
116.338 39.975
116.339 39.9751
116.339 39.9751
116.339 39.9752
116.339 39.9752
116.339 39.9752
116.339 39.9751
116.339 39.9751
116.339 39.9751
116.339 39.9752
116.339 39.9753
116.339 39.9753
116.339 39.9753
116.339 39.9753
116.339 39.9753
116.339 39.9753
116.339 39.9753
116.339 39.9753
116.339 39.9753
116.339 39.9752
116.34 39.9752
116.34 39.9751
116.341 39.9751
116.342 39.9751
116.342 39.9751
116.343 39.9751
116.344 39.9751
116.345 39.9751
116.345 39.9752
116.346 39.9751
116.347 39.975
116.347 39.9747
116.347 39.9743
116.347 39.9737
116.347 39.9731
116.347 39.9725
116.347 39.9718
116.347 39.971
116.347 39.9703
116.347 39.9696
116.347 39.969
116.348 39.9683
116.348 39.9676
116.348 39.9669
116.348 39.9662
116.348 39.9654
116.347 39.9646
116.347 39.9638
116.347 39.9629
116.347 39.9621
116.347 39.9613
116.347 39.9605
116.347 39.9598
116.348 39.9591
116.348 39.9583
116.348 39.9576
116.348 39.9571
116.349 39.9565
116.349 39.956
116.349 39.9554
116.349 39.9547
116.349 39.954
116.349 39.9533
116.349 39.9526
116.349 39.9518
116.349 39.9511
116.349 39.9503
116.35 39.9496
116.35 39.9487
116.35 39.9478
116.35 39.947
116.35 39.9462
116.35 39.9454
116.35 39.9447
116.35 39.944
116.35 39.9436
116.35 39.9432
116.35 39.9429
116.35 39.9425
116.35 39.9423
116.349 39.9421
116.349 39.9419
116.349 39.9416
116.349 39.9413
116.349 39.9409
116.349 39.9405
116.349 39.9402
116.349 39.9398
116.349 39.9394
116.349 39.939
116.349 39.9385
116.349 39.9384
116.349 39.9385
116.348 39.9387
116.348 39.939
116.349 39.9392
116.349 39.9392
116.35 39.9391
116.35 39.939
116.35 39.939
116.35 39.9389
116.35 39.9386
116.35 39.9384
116.35 39.9383
116.35 39.9383
116.35 39.9383
116.35 39.9385
116.35 39.9389
116.35 39.9392
116.35 39.9394
116.35 39.9395
116.35 39.9396
116.35 39.9399
116.35 39.9403
116.35 39.9409
116.35 39.9414
116.35 39.9418
116.351 39.9422
116.352 39.9426
116.352 39.943
116.353 39.9432
116.354 39.9434
116.355 39.9436
116.355 39.9439
116.356 39.9443
116.357 39.9445
116.358 39.9447
116.359 39.9449
116.36 39.9451
116.36 39.9454
116.361 39.9457
116.362 39.946
116.363 39.9463
116.363 39.9467
116.364 39.9471
116.366 39.9472
116.367 39.9472
116.368 39.9473
116.369 39.9473
116.37 39.9474
116.371 39.9474
116.372 39.9474
116.373 39.9474
116.374 39.9475
116.376 39.9475
116.377 39.9475
116.378 39.9475
116.379 39.9475
116.38 39.9475
116.381 39.9475
116.382 39.9475
116.383 39.9474
116.384 39.9475
116.384 39.9475
116.385 39.9476
116.386 39.9476
116.387 39.9476
116.389 39.9476
116.39 39.9476
116.391 39.9476
116.392 39.9476
116.393 39.9477
116.393 39.9476
116.394 39.9476
116.395 39.9476
116.396 39.9477
116.397 39.9477
116.398 39.9477
116.398 39.9477
116.399 39.9477
116.4 39.9477
116.401 39.9477
116.402 39.9477
116.403 39.9477
116.403 39.9477
116.404 39.9477
116.405 39.9478
116.406 39.9478
116.407 39.9478
116.407 39.9478
116.408 39.9479
116.409 39.9479
116.41 39.9479
116.411 39.9478
116.411 39.9478
116.412 39.9479
116.412 39.9479
116.413 39.9479
116.413 39.9479
116.414 39.948
116.415 39.948
116.416 39.948
116.416 39.9481
116.417 39.9482
116.418 39.9482
116.419 39.9482
116.42 39.9483
116.421 39.9483
116.422 39.9483
116.422 39.9482
116.423 39.9482
116.423 39.9483
116.424 39.9483
116.425 39.9482
116.426 39.948
116.426 39.9477
116.427 39.9472
116.427 39.9466
116.428 39.946
116.428 39.9455
116.428 39.9449
116.427 39.9444
116.427 39.9441
116.427 39.9438
116.427 39.9434
116.427 39.943
116.427 39.9426
116.427 39.9423
116.427 39.942
116.427 39.9417
116.427 39.9413
116.427 39.9408
116.427 39.9404
116.427 39.94
116.427 39.9396
116.427 39.9393
116.427 39.9389
116.427 39.9385
116.427 39.9382
116.427 39.9381
116.427 39.9383
116.427 39.9388
116.427 39.939
116.427 39.9392
116.427 39.9393
116.427 39.9394
116.428 39.9394
116.428 39.9395
116.429 39.9396
116.429 39.9397
116.43 39.9397
116.43 39.9397
116.43 39.9396
116.43 39.9394
116.43 39.9392
116.43 39.9392
116.43 39.939
116.43 39.9386
116.43 39.9382
116.43 39.9377
116.43 39.9373
116.43 39.9368
116.43 39.9364
116.43 39.936
116.43 39.9355
116.43 39.9351
116.43 39.9348
116.43 39.9348
116.43 39.9348
116.43 39.9348
116.43 39.9348
116.43 39.9348
116.43 39.9348
116.43 39.9348
116.43 39.9348
116.43 39.9348
116.43 39.9348
116.43 39.9348
116.43 39.9348
116.43 39.9348
116.43 39.9348
116.43 39.9348
116.431 39.9348
116.431 39.9348
116.431 39.935
116.431 39.9351
116.432 39.935
116.432 39.935
116.432 39.935
116.432 39.935
116.432 39.935
116.432 39.935
116.432 39.935
116.432 39.935
116.432 39.935
116.432 39.935
116.432 39.935
116.432 39.935
116.432 39.9351
116.432 39.9351
116.432 39.9351
116.432 39.935
116.432 39.935
116.432 39.935
116.432 39.935
116.432 39.935
116.432 39.935
116.432 39.935
116.432 39.9349
