116.407 40.0646
116.406 40.0647
116.406 40.0647
116.406 40.0646
116.406 40.0646
116.406 40.0646
116.406 40.0645
116.406 40.0645
116.406 40.0645
116.406 40.0644
116.406 40.0644
116.406 40.0643
116.406 40.0642
116.406 40.0642
116.406 40.0642
116.406 40.0641
116.406 40.0641
116.406 40.0641
116.406 40.064
116.406 40.064
116.406 40.0639
116.406 40.0638
116.406 40.0638
116.406 40.0637
116.406 40.0637
116.406 40.0636
116.406 40.0636
116.406 40.0635
116.406 40.0635
116.406 40.0635
116.406 40.0635
116.406 40.0635
116.406 40.0635
116.406 40.0635
116.406 40.0635
116.406 40.0635
116.406 40.0635
116.406 40.0635
116.406 40.0635
116.406 40.0634
116.406 40.0635
116.406 40.0635
116.406 40.0635
116.406 40.0635
116.406 40.0635
116.406 40.0635
116.406 40.0634
116.406 40.0634
116.406 40.0634
116.406 40.0634
116.406 40.0635
116.407 40.0635
116.407 40.0635
116.407 40.0636
116.407 40.0637
116.407 40.0638
116.407 40.0639
116.407 40.064
116.407 40.0641
116.407 40.0642
116.407 40.0643
116.406 40.0644
116.406 40.0645
116.407 40.0646
116.406 40.0647
116.406 40.0646
116.406 40.0646
116.403 40.0519
116.403 40.0524
116.402 40.0528
116.401 40.0532
116.4 40.0536
116.399 40.054
116.398 40.0544
116.397 40.0548
116.396 40.0552
116.395 40.0556
116.394 40.0559
116.393 40.0563
116.392 40.0567
116.391 40.0571
116.39 40.0575
116.389 40.0579
116.389 40.0582
116.388 40.0586
116.387 40.0589
116.386 40.0593
116.385 40.0596
116.384 40.06
116.383 40.0604
116.382 40.0608
116.381 40.0611
116.381 40.0615
116.38 40.0619
116.379 40.0623
116.378 40.0627
116.377 40.0631
116.376 40.0635
116.375 40.0639
116.374 40.0642
116.373 40.0646
116.372 40.065
116.371 40.0654
116.371 40.0658
116.37 40.0661
116.369 40.0665
116.368 40.0668
116.367 40.0672
116.366 40.0676
116.365 40.0679
116.365 40.0683
116.364 40.0686
116.363 40.0688
116.362 40.069
116.361 40.0691
116.36 40.0692
116.359 40.0692
116.357 40.0692
116.357 40.0692
116.356 40.0692
116.355 40.0692
116.355 40.0692
116.355 40.0692
116.355 40.0692
116.355 40.0692
116.355 40.0693
116.355 40.0693
116.355 40.0693
116.355 40.0693
116.355 40.0693
116.355 40.0693
116.355 40.0692
116.354 40.0691
116.354 40.0691
116.353 40.0691
116.352 40.0692
116.351 40.0692
116.35 40.0692
116.349 40.0692
116.348 40.0692
116.348 40.0693
116.347 40.0695
116.346 40.0696
116.345 40.0696
116.344 40.0696
116.343 40.0696
116.342 40.0696
116.341 40.0695
116.34 40.0694
116.339 40.0694
116.338 40.0694
116.337 40.0694
116.336 40.0694
116.335 40.0694
116.334 40.0695
116.333 40.0695
116.332 40.0695
116.331 40.0695
116.331 40.0695
116.331 40.0695
116.33 40.0695
116.33 40.0695
116.33 40.0696
116.33 40.0696
116.33 40.0697
116.33 40.0696
116.33 40.0696
116.33 40.0696
116.33 40.0696
116.33 40.0697
116.33 40.0695
116.33 40.069
116.328 40.0695
116.327 40.0695
116.325 40.0694
116.325 40.0694
116.324 40.0695
116.323 40.0695
116.322 40.0695
116.321 40.0695
116.32 40.0695
116.319 40.0695
116.318 40.0695
116.317 40.0695
116.316 40.0695
116.315 40.0695
116.315 40.0695
116.314 40.0695
116.314 40.0696
116.314 40.0696
116.314 40.0696
116.314 40.0696
116.314 40.0696
116.314 40.0696
116.314 40.0696
116.314 40.0695
116.314 40.0695
116.314 40.0695
116.314 40.0695
116.314 40.0695
116.313 40.0695
116.312 40.0695
116.311 40.0695
116.31 40.0695
116.309 40.0695
116.309 40.0696
116.308 40.0696
116.307 40.0696
116.306 40.0697
116.305 40.0698
116.304 40.0701
116.303 40.0704
116.302 40.0707
116.301 40.0709
116.3 40.071
116.3 40.0711
116.296 40.0596
116.296 40.0598
116.297 40.059
116.296 40.0587
116.297 40.0581
116.297 40.0575
116.297 40.0569
116.298 40.0563
116.298 40.0557
116.298 40.055
116.299 40.0544
116.299 40.0537
116.3 40.0531
116.3 40.0524
116.3 40.0519
116.3 40.0514
116.301 40.051
116.301 40.0507
116.301 40.0506
116.301 40.0504
116.301 40.0504
116.301 40.0504
116.301 40.0504
116.301 40.0504
116.301 40.0504
116.301 40.0504
116.301 40.0504
116.301 40.0505
116.301 40.0504
116.301 40.0502
116.301 40.0499
116.301 40.0493
116.302 40.0484
116.302 40.0476
116.303 40.0467
116.304 40.0459
116.304 40.0452
116.305 40.0445
116.305 40.0439
116.306 40.0433
116.306 40.0427
116.307 40.0421
116.307 40.0415
116.307 40.0408
116.308 40.0402
116.308 40.0397
116.308 40.0392
116.309 40.0387
116.309 40.0382
116.31 40.0377
116.311 40.0372
116.311 40.0367
116.312 40.0362
116.312 40.0356
116.313 40.0351
116.313 40.0345
116.313 40.0339
116.313 40.0333
116.314 40.0328
116.314 40.0324
116.314 40.0321
116.314 40.032
116.314 40.0319
116.314 40.0319
116.314 40.0319
116.314 40.0319
116.314 40.0319
116.314 40.0319
116.314 40.0319
116.314 40.0319
116.314 40.0318
116.314 40.0315
116.314 40.031
116.315 40.0302
116.315 40.0295
116.315 40.0288
116.316 40.0281
116.316 40.0274
116.316 40.0266
116.316 40.0259
116.317 40.0251
116.317 40.0244
116.317 40.0236
116.317 40.0229
116.318 40.0221
116.318 40.0213
116.318 40.0206
116.319 40.0199
116.319 40.0192
116.319 40.0186
116.319 40.018
116.32 40.0173
116.32 40.0167
116.321 40.0162
116.321 40.0157
116.322 40.0153
116.322 40.0147
116.323 40.0141
116.324 40.0134
116.325 40.0127
116.326 40.0121
116.326 40.0115
116.327 40.0109
116.328 40.0103
116.328 40.0098
116.329 40.0093
116.33 40.0087
116.33 40.008
116.331 40.0073
116.331 40.0065
116.331 40.0057
116.331 40.005
116.331 40.0042
116.331 40.0035
116.331 40.0027
116.331 40.0018
116.331 40.001
116.331 40.0002
116.331 39.9994
116.331 39.9985
116.331 39.9976
116.332 39.9968
116.332 39.9959
116.332 39.995
116.332 39.9943
116.332 39.9935
116.332 39.9929
116.332 39.9924
116.332 39.992
116.332 39.9918
116.332 39.9917
116.331 39.9918
116.332 39.9918
116.332 39.9918
116.332 39.9919
116.332 39.9919
116.332 39.9918
116.332 39.9919
116.332 39.9919
116.332 39.992
116.332 39.9919
116.332 39.9915
116.332 39.9909
116.332 39.9905
116.332 39.9901
116.332 39.9896
116.332 39.9889
116.332 39.9882
116.332 39.9874
116.332 39.9866
116.332 39.9859
116.332 39.9851
116.332 39.9843
116.332 39.9836
116.332 39.9829
116.332 39.982
116.333 39.9811
116.333 39.9803
116.333 39.9796
116.333 39.9788
116.333 39.9781
116.333 39.9774
116.334 39.9769
116.334 39.9763
116.334 39.9758
116.334 39.9754
