116.327 39.9815
116.327 39.9815
116.327 39.9815
116.327 39.9815
116.327 39.9815
116.327 39.9816
116.327 39.9816
116.327 39.9816
116.327 39.9816
116.327 39.9817
116.327 39.9817
116.327 39.9817
116.327 39.9817
116.327 39.9818
116.327 39.9818
116.327 39.9818
116.327 39.9818
116.327 39.9819
116.327 39.9819
116.327 39.9819
116.327 39.9819
116.327 39.982
116.327 39.982
116.327 39.982
116.327 39.982
116.327 39.982
116.327 39.982
116.327 39.982
116.327 39.982
116.327 39.982
116.327 39.9821
116.327 39.982
116.327 39.9821
116.327 39.982
116.327 39.982
116.327 39.982
116.327 39.982
116.327 39.982
116.327 39.982
116.327 39.982
116.327 39.982
116.327 39.9819
116.327 39.9819
116.327 39.9819
116.327 39.9819
116.327 39.9819
116.327 39.9819
116.327 39.9819
116.327 39.9818
116.327 39.9818
116.327 39.9818
116.327 39.9817
116.327 39.9817
116.327 39.9817
116.327 39.9817
116.327 39.9816
116.327 39.9816
116.327 39.9816
116.327 39.9816
116.327 39.9816
116.327 39.9815
116.327 39.9815
116.327 39.9815
116.327 39.9815
116.327 39.9815
116.327 39.9815
116.327 39.9814
116.327 39.9814
116.327 39.9814
116.327 39.9814
116.327 39.9814
116.327 39.9813
116.327 39.9813
116.327 39.9813
116.327 39.9813
116.327 39.9813
116.327 39.9812
116.327 39.9812
116.327 39.9812
116.327 39.9812
116.327 39.9812
116.327 39.9812
116.327 39.9811
116.327 39.9811
116.327 39.981
116.327 39.981
116.327 39.9809
116.327 39.9809
116.327 39.9809
116.327 39.9808
116.327 39.9808
116.327 39.9808
116.327 39.9808
116.327 39.9807
116.327 39.9807
116.327 39.9807
116.327 39.9807
116.327 39.9807
116.327 39.9806
116.327 39.9806
116.327 39.9806
116.327 39.9806
116.327 39.9806
116.327 39.9805
116.327 39.9805
116.327 39.9805
116.327 39.9805
116.327 39.9804
116.327 39.9804
116.327 39.9804
116.327 39.9803
116.327 39.9803
116.327 39.9803
116.327 39.9802
116.327 39.9802
116.327 39.9802
116.327 39.9802
116.327 39.9802
116.327 39.9801
116.327 39.9801
116.327 39.9801
116.327 39.9801
116.327 39.98
116.327 39.98
116.327 39.98
116.327 39.98
116.327 39.9799
116.327 39.9799
116.327 39.9799
116.327 39.9799
116.327 39.9799
116.327 39.9798
116.327 39.9798
116.327 39.9798
116.327 39.9797
116.327 39.9797
116.327 39.9797
116.327 39.9797
116.327 39.9796
116.327 39.9796
116.327 39.9796
116.327 39.9796
116.327 39.9795
116.327 39.9794
116.327 39.9794
116.327 39.9794
116.327 39.9794
116.327 39.9794
116.327 39.9793
116.327 39.9793
116.327 39.9793
116.327 39.9793
116.327 39.9793
116.327 39.9792
116.327 39.9792
116.327 39.9792
116.327 39.9791
116.327 39.9791
116.327 39.9791
116.327 39.9791
116.327 39.979
116.327 39.979
116.327 39.979
116.327 39.979
116.327 39.9789
116.327 39.9789
116.327 39.9789
116.327 39.9789
116.327 39.9789
116.327 39.9788
116.327 39.9788
116.327 39.9788
116.327 39.9787
116.327 39.9787
116.327 39.9787
116.327 39.9786
116.327 39.9786
116.327 39.9786
116.327 39.9786
116.327 39.9785
116.327 39.9785
116.327 39.9785
116.327 39.9785
116.327 39.9784
116.327 39.9784
116.327 39.9784
116.327 39.9783
116.328 39.9783
116.328 39.9783
116.328 39.9782
116.328 39.9782
116.328 39.9782
116.328 39.9781
116.328 39.9781
116.328 39.9781
116.328 39.9781
116.328 39.978
116.328 39.978
116.328 39.9779
116.328 39.9779
116.327 39.9779
116.327 39.9779
116.327 39.9779
116.327 39.9778
116.327 39.9778
116.327 39.9776
116.327 39.9776
116.327 39.9776
116.327 39.9776
116.327 39.9776
116.327 39.9776
116.327 39.9776
116.327 39.9776
116.327 39.9776
116.327 39.9776
116.327 39.9776
116.327 39.9776
116.327 39.9776
116.327 39.9776
116.327 39.9776
116.327 39.9776
116.327 39.9776
116.327 39.9776
116.327 39.9776
116.327 39.9776
116.327 39.9776
116.327 39.9776
116.327 39.9776
116.327 39.9776
116.327 39.9776
116.327 39.9776
116.327 39.9775
116.327 39.9776
116.327 39.9776
116.327 39.9776
116.327 39.9776
116.327 39.9776
116.327 39.9776
116.327 39.9776
116.327 39.9776
116.327 39.9776
116.327 39.9776
116.327 39.9776
116.327 39.9776
116.327 39.9776
116.327 39.9776
116.327 39.9776
116.327 39.9776
116.327 39.9776
116.327 39.9776
116.327 39.9776
116.327 39.9776
116.327 39.9776
116.327 39.9776
116.327 39.9776
116.327 39.9776
116.327 39.9776
116.327 39.9776
116.327 39.9776
116.327 39.9776
116.327 39.9776
116.327 39.9776
116.327 39.9776
116.327 39.9776
116.327 39.9776
116.327 39.9776
116.327 39.9776
116.327 39.9776
116.327 39.9776
116.327 39.9776
116.327 39.9776
116.327 39.9776
116.327 39.9775
116.327 39.9775
116.327 39.9775
116.327 39.9775
116.327 39.9775
116.327 39.9775
116.327 39.9775
116.327 39.9775
116.327 39.9775
116.327 39.9775
116.327 39.9775
116.327 39.9775
116.327 39.9775
116.327 39.9775
116.327 39.9775
116.327 39.9776
116.327 39.9776
116.327 39.9776
116.327 39.9776
116.327 39.9776
116.327 39.9776
116.327 39.9776
116.327 39.9776
116.327 39.9776
116.327 39.9776
116.327 39.9776
116.327 39.9776
116.327 39.9776
116.327 39.9776
116.327 39.9776
116.327 39.9776
116.327 39.9776
116.327 39.9776
116.327 39.9776
116.327 39.9776
116.327 39.9776
116.327 39.9776
116.327 39.9776
116.327 39.9776
116.327 39.9776
116.327 39.9776
116.327 39.9776
116.327 39.9776
116.327 39.9776
116.327 39.9776
116.327 39.9776
116.327 39.9776
116.327 39.9776
116.327 39.9776
116.327 39.9776
116.327 39.9776
116.327 39.9776
116.327 39.9776
116.327 39.9776
116.327 39.9776
116.327 39.9776
116.327 39.9776
116.327 39.9776
116.327 39.9776
116.327 39.9776
116.327 39.9776
116.327 39.9776
116.327 39.9776
116.327 39.9776
116.327 39.9776
116.327 39.9776
116.327 39.9776
116.327 39.9776
116.327 39.9776
116.327 39.9776
116.327 39.9776
116.327 39.9776
116.327 39.9776
116.327 39.9776
116.327 39.9778
116.327 39.978
116.327 39.9781
116.327 39.9783
116.327 39.9785
116.327 39.9787
116.327 39.9788
116.327 39.9789
116.327 39.9791
116.327 39.9792
116.327 39.9793
116.327 39.9794
116.327 39.9794
116.327 39.9794
116.327 39.9794
116.327 39.9794
116.327 39.9794
116.327 39.9795
116.327 39.9796
116.327 39.9797
116.327 39.9799
116.327 39.9801
116.327 39.9803
116.327 39.9805
116.327 39.9807
116.327 39.9809
116.327 39.9811
116.327 39.9813
116.327 39.9816
116.327 39.9818
116.327 39.982
116.327 39.9823
116.327 39.9825
116.327 39.9827
116.327 39.9829
116.327 39.983
116.327 39.9832
116.327 39.9833
116.327 39.9833
116.327 39.9834
116.327 39.9834
116.327 39.9834
116.327 39.9834
116.327 39.9834
116.327 39.9834
116.327 39.9834
116.327 39.9834
116.327 39.9834
116.327 39.9834
116.327 39.9834
116.327 39.9834
116.327 39.9835
116.327 39.9835
116.327 39.9836
116.327 39.9837
116.327 39.9838
116.327 39.9839
116.327 39.9839
116.327 39.984
116.327 39.984
116.327 39.984
116.327 39.984
116.327 39.9841
116.327 39.9841
116.327 39.984
116.327 39.9841
116.327 39.9841
116.327 39.9841
116.327 39.9841
116.327 39.9841
116.327 39.9841
116.327 39.9841
116.327 39.9841
116.327 39.9841
116.327 39.9841
116.327 39.9841
116.327 39.9841
116.327 39.9841
116.327 39.9841
116.327 39.9841
116.327 39.9841
116.327 39.9841
116.327 39.9841
116.327 39.9841
116.327 39.9841
116.327 39.9841
116.327 39.9841
116.327 39.9841
116.327 39.9841
116.327 39.9841
116.327 39.9841
116.327 39.9841
116.327 39.9841
116.327 39.9841
116.327 39.9841
116.327 39.9841
116.327 39.9841
116.327 39.9841
116.327 39.9841
116.327 39.9841
116.327 39.9841
116.327 39.9841
116.327 39.9841
116.327 39.9841
116.327 39.9841
116.327 39.9841
116.327 39.9841
116.327 39.9841
116.327 39.9841
116.327 39.9842
116.327 39.9842
116.327 39.9842
116.327 39.9842
116.327 39.9843
116.327 39.9844
116.327 39.9845
116.327 39.9845
116.327 39.9846
116.327 39.9847
116.327 39.9848
116.327 39.9849
116.327 39.9849
116.327 39.9849
116.327 39.985
116.327 39.985
116.327 39.985
116.326 39.985
116.326 39.985
116.326 39.9849
116.326 39.9849
116.325 39.9849
116.325 39.9849
116.325 39.9849
116.325 39.9849
116.325 39.9849
116.325 39.9849
116.325 39.9849
116.325 39.9849
116.325 39.9849
116.325 39.9849
116.325 39.9849
116.325 39.9849
116.325 39.9849
116.325 39.9849
116.325 39.9849
116.325 39.9849
116.325 39.9849
116.324 39.9849
116.324 39.9849
116.324 39.9849
116.324 39.9848
116.324 39.9848
116.323 39.9848
116.323 39.9848
116.323 39.9848
116.323 39.9848
116.322 39.9848
116.322 39.9848
116.322 39.9848
116.322 39.9848
116.322 39.9848
116.322 39.9848
116.322 39.9848
116.322 39.9848
116.322 39.9848
116.322 39.9848
116.322 39.9848
116.322 39.9848
116.322 39.9848
116.322 39.9848
116.322 39.9848
116.322 39.9848
116.322 39.9848
116.322 39.9848
116.322 39.9848
116.322 39.9848
116.322 39.9848
116.322 39.9848
116.322 39.9848
116.322 39.9848
116.322 39.9848
116.321 39.9848
116.321 39.9848
116.321 39.9847
116.321 39.9847
116.32 39.9847
116.32 39.9847
116.32 39.9847
116.319 39.9847
116.319 39.9847
116.319 39.9847
116.318 39.9847
116.318 39.9847
116.318 39.9847
116.317 39.9847
116.317 39.9847
116.317 39.9847
116.317 39.9847
116.316 39.9847
116.316 39.9847
116.316 39.9847
116.316 39.9847
116.316 39.9847
116.316 39.9847
116.316 39.9847
116.316 39.9847
116.316 39.9847
116.316 39.9847
116.316 39.9846
116.316 39.9846
116.316 39.9846
116.316 39.9846
116.315 39.9846
116.315 39.9846
116.315 39.9846
116.315 39.9846
116.315 39.9845
116.315 39.9845
116.314 39.9846
116.314 39.9846
116.314 39.9846
116.314 39.9846
116.314 39.9846
116.314 39.9846
116.314 39.9846
116.314 39.9846
116.314 39.9846
116.314 39.9846
116.314 39.9846
116.314 39.9846
116.314 39.9846
116.314 39.9845
116.314 39.9845
116.314 39.9845
116.313 39.9845
116.313 39.9845
116.313 39.9845
116.313 39.9845
116.312 39.9845
116.312 39.9845
116.312 39.9845
116.312 39.9845
116.312 39.9845
116.311 39.9845
116.311 39.9845
116.311 39.9845
116.311 39.9845
116.311 39.9845
116.311 39.9845
116.311 39.9845
116.31 39.9845
116.31 39.9845
116.31 39.9845
116.31 39.9845
116.31 39.9845
116.31 39.9844
116.309 39.9844
116.309 39.9844
116.309 39.9844
116.309 39.9844
116.309 39.9844
116.309 39.9844
116.309 39.9844
116.308 39.9844
116.308 39.9844
116.308 39.9844
116.308 39.9844
116.308 39.9844
116.308 39.9844
116.308 39.9843
116.308 39.9843
116.308 39.9843
116.308 39.9843
116.308 39.9843
116.308 39.9843
116.308 39.9844
116.308 39.9844
116.308 39.9844
116.308 39.9844
116.308 39.9844
116.308 39.9844
116.308 39.9844
116.308 39.9844
116.308 39.9844
116.308 39.9844
116.308 39.9844
116.308 39.9844
116.308 39.9844
116.308 39.9844
116.308 39.9844
116.308 39.9844
116.308 39.9844
116.308 39.9844
116.308 39.9844
116.308 39.9844
116.308 39.9844
116.308 39.9844
116.308 39.9844
116.308 39.9844
116.308 39.9844
116.308 39.9845
116.308 39.9844
116.308 39.9844
116.308 39.9844
116.308 39.9844
116.308 39.9845
116.308 39.9845
116.308 39.9845
116.309 39.9845
116.309 39.9845
116.309 39.9845
116.309 39.9845
116.309 39.9845
116.309 39.9845
116.309 39.9845
116.309 39.9845
116.309 39.9845
116.309 39.9845
116.309 39.9845
116.309 39.9845
116.309 39.9845
116.309 39.9845
116.309 39.9845
116.309 39.9845
116.309 39.9845
116.309 39.9845
116.309 39.9845
116.309 39.9845
116.309 39.9845
116.309 39.9845
116.309 39.9845
116.309 39.9845
116.309 39.9845
116.309 39.9845
116.309 39.9845
116.309 39.9845
116.309 39.9845
116.309 39.9845
116.309 39.9845
116.309 39.9845
116.309 39.9845
116.309 39.9845
116.309 39.9845
116.31 39.9845
116.31 39.9845
116.31 39.9845
116.31 39.9845
116.31 39.9845
116.31 39.9845
116.31 39.9844
116.31 39.9844
116.31 39.9844
116.31 39.9843
116.31 39.9843
116.31 39.9843
116.31 39.9843
116.31 39.9843
116.31 39.9843
116.31 39.9842
116.31 39.9842
116.31 39.9842
116.31 39.9842
116.31 39.9841
116.31 39.9841
116.31 39.9841
116.31 39.9841
116.31 39.9838
116.31 39.9838
116.31 39.9838
116.31 39.9838
116.31 39.9838
116.31 39.9837
116.31 39.9837
116.31 39.9837
116.31 39.9837
116.31 39.9837
116.31 39.9836
116.31 39.9836
116.31 39.9836
116.31 39.9836
116.31 39.9836
116.31 39.9836
116.31 39.9835
116.31 39.9835
116.31 39.9835
116.31 39.9835
116.31 39.9835
116.31 39.9834
116.31 39.9834
116.31 39.9834
116.31 39.9834
116.31 39.9834
116.31 39.9833
116.31 39.9832
116.31 39.9831
116.31 39.9831
116.31 39.9831
116.31 39.9831
116.31 39.9831
116.31 39.9831
116.31 39.983
116.31 39.983
116.31 39.983
116.31 39.983
116.31 39.983
116.31 39.983
116.31 39.9829
116.31 39.9829
116.31 39.9829
116.31 39.9829
116.31 39.9829
116.31 39.9828
116.31 39.9828
116.31 39.9827
116.31 39.9827
116.31 39.9827
116.31 39.9827
116.31 39.9826
116.31 39.9826
116.31 39.9826
116.31 39.9826
116.31 39.9825
116.31 39.9825
116.31 39.9825
116.31 39.9825
116.31 39.9825
116.31 39.9825
116.31 39.9824
116.31 39.9824
116.31 39.9824
116.31 39.9824
116.31 39.9824
116.31 39.9823
116.31 39.9823
116.31 39.9822
116.31 39.9822
116.31 39.9821
116.31 39.9821
116.31 39.9821
116.31 39.9821
116.31 39.982
116.31 39.982
116.31 39.9819
116.31 39.9819
116.31 39.9819
116.31 39.9818
116.31 39.9818
116.31 39.9818
116.31 39.9818
116.31 39.9817
116.31 39.9817
116.31 39.9817
116.31 39.9817
116.311 39.9817
116.311 39.9816
116.31 39.9816
116.31 39.9816
116.31 39.9815
116.31 39.9815
116.31 39.9815
116.31 39.9815
116.31 39.9815
116.31 39.9814
116.31 39.9814
116.31 39.9814
116.31 39.9814
116.31 39.9814
116.31 39.9813
116.31 39.9813
116.31 39.9813
116.31 39.9812
116.31 39.9812
116.31 39.9812
116.31 39.9812
116.31 39.9811
116.31 39.9811
116.31 39.9811
116.31 39.9811
116.31 39.981
116.31 39.981
116.31 39.981
116.31 39.981
116.31 39.9809
116.31 39.9809
116.31 39.9809
116.31 39.9809
116.31 39.9809
116.31 39.9808
116.31 39.9808
116.31 39.9807
116.31 39.9807
116.31 39.9807
116.31 39.9807
116.31 39.9806
116.31 39.9806
116.31 39.9806
116.31 39.9806
116.31 39.9806
116.31 39.9806
116.31 39.9806
116.31 39.9806
116.31 39.9806
116.31 39.9806
116.31 39.9806
116.31 39.9806
116.31 39.9806
116.31 39.9806
116.31 39.9806
116.31 39.9806
116.31 39.9806
116.31 39.9807
116.31 39.9807
116.31 39.9807
116.31 39.9807
116.31 39.9807
116.31 39.9807
116.31 39.9806
116.31 39.9805
116.31 39.9805
116.31 39.9804
116.31 39.9804
116.31 39.9804
116.311 39.9804
116.311 39.9804
116.311 39.9803
116.311 39.9803
116.311 39.9803
116.311 39.9803
116.311 39.9803
116.311 39.9802
116.311 39.9802
116.311 39.9802
116.311 39.9801
116.311 39.9801
116.311 39.9801
116.311 39.9801
116.311 39.98
116.311 39.98
116.311 39.98
116.311 39.9799
116.311 39.9799
116.311 39.9799
116.311 39.9801
116.311 39.9801
116.311 39.9802
116.311 39.9803
116.311 39.9804
116.311 39.9804
116.311 39.9804
116.311 39.9804
116.309 39.9817
116.309 39.9817
116.309 39.9814
116.309 39.9813
116.309 39.9813
116.309 39.9813
116.309 39.9813
116.309 39.9812
116.31 39.9812
116.31 39.9812
116.31 39.9812
116.31 39.9812
116.31 39.9811
116.31 39.9811
116.31 39.9811
116.31 39.981
116.31 39.9809
116.31 39.9809
116.31 39.9809
116.31 39.9809
116.31 39.9807
116.31 39.9807
116.311 39.9816
116.311 39.9812
116.311 39.9809
116.311 39.9806
116.311 39.9804
116.311 39.9803
116.311 39.9803
116.311 39.9802
116.311 39.9801
116.311 39.9801
116.311 39.9801
116.311 39.98
116.311 39.98
116.311 39.9801
116.311 39.9802
116.311 39.9802
116.311 39.9802
116.311 39.9803
116.311 39.9804
116.311 39.9804
116.311 39.9805
116.311 39.9806
116.311 39.9806
116.311 39.9806
116.311 39.9806
116.311 39.9806
116.311 39.9806
116.311 39.9806
116.311 39.9806
116.311 39.9806
116.311 39.9806
116.311 39.9807
116.311 39.9807
116.311 39.9807
116.311 39.9807
116.311 39.9807
116.311 39.9807
116.311 39.9808
116.311 39.9808
116.311 39.9808
116.311 39.9808
116.311 39.9808
116.311 39.9808
116.311 39.9808
116.311 39.9808
116.311 39.9808
116.311 39.9808
116.311 39.9808
116.311 39.9808
116.311 39.9808
116.311 39.9808
116.311 39.9808
116.311 39.9808
116.311 39.9808
116.311 39.9808
116.311 39.9808
116.311 39.9809
116.311 39.981
116.311 39.981
116.311 39.981
116.311 39.9811
116.311 39.9811
116.311 39.9811
116.311 39.9811
116.311 39.9811
116.311 39.9811
116.311 39.9811
116.311 39.9811
116.311 39.9811
116.311 39.9811
116.311 39.9811
116.311 39.9811
116.311 39.9811
116.311 39.9811
116.311 39.9811
116.311 39.9811
116.311 39.9811
116.311 39.9811
116.311 39.981
116.311 39.981
116.311 39.981
116.311 39.981
116.311 39.9809
116.311 39.9809
116.311 39.9809
116.311 39.9809
116.311 39.9808
116.311 39.9809
116.311 39.9808
116.311 39.9808
116.311 39.9808
116.311 39.9808
116.311 39.9808
116.311 39.9807
116.311 39.9807
116.31 39.9807
116.31 39.9807
116.31 39.9807
116.31 39.9807
116.31 39.9807
116.31 39.9807
116.31 39.9807
116.31 39.9807
116.31 39.9807
116.31 39.9807
116.31 39.9807
116.31 39.9808
116.31 39.9808
116.31 39.9808
116.31 39.9808
116.31 39.9808
116.31 39.9808
116.31 39.9808
116.31 39.9808
116.31 39.9808
116.31 39.9808
116.31 39.9809
116.31 39.981
116.31 39.9811
116.31 39.981
116.31 39.9811
116.31 39.981
116.31 39.981
116.31 39.981
116.31 39.9811
116.31 39.981
116.31 39.9811
116.31 39.9811
116.31 39.9811
116.31 39.9811
116.31 39.9812
116.31 39.9812
116.31 39.9812
116.31 39.9813
116.31 39.9813
116.31 39.9814
116.31 39.9815
116.31 39.9815
116.31 39.9816
116.31 39.9815
116.31 39.9813
116.31 39.9813
116.31 39.9813
116.31 39.9813
116.31 39.9813
116.31 39.9812
116.31 39.9812
116.31 39.9811
116.31 39.9811
116.31 39.9811
116.31 39.9811
116.31 39.9812
116.31 39.9812
116.31 39.9813
116.31 39.9813
116.31 39.9812
116.31 39.9812
116.31 39.9812
116.311 39.9805
116.311 39.9803
116.311 39.9801
116.311 39.9801
116.311 39.98
116.311 39.9801
116.311 39.9801
116.311 39.9801
116.311 39.9801
116.311 39.9802
116.311 39.9802
116.311 39.9803
116.311 39.9803
116.311 39.9804
116.311 39.9804
116.311 39.9804
116.311 39.9805
116.311 39.9806
116.311 39.9806
116.311 39.9806
116.311 39.9807
116.311 39.9807
116.311 39.9808
116.311 39.9808
116.311 39.9808
116.311 39.9809
116.311 39.9809
116.311 39.981
116.311 39.9809
116.311 39.9809
116.311 39.9809
116.311 39.9809
116.311 39.9809
116.311 39.9809
116.311 39.9809
116.311 39.9809
116.311 39.9809
116.311 39.9809
116.311 39.9809
116.311 39.9809
116.311 39.9809
116.311 39.9809
116.311 39.9809
116.311 39.981
116.31 39.981
116.31 39.981
116.31 39.9811
116.31 39.9811
116.31 39.9812
116.31 39.9812
116.31 39.9812
116.31 39.9813
116.31 39.9813
116.31 39.9814
116.31 39.9814
116.31 39.9814
116.31 39.9814
116.31 39.9814
116.31 39.9814
116.31 39.9815
116.31 39.9815
116.31 39.9815
116.31 39.9815
116.31 39.9815
116.31 39.9816
116.31 39.9816
116.31 39.9816
116.31 39.9816
116.31 39.9816
116.31 39.9816
116.31 39.9816
116.31 39.9816
116.31 39.9816
116.31 39.9817
116.31 39.9817
116.31 39.9817
116.31 39.9817
116.31 39.9817
116.31 39.9817
116.31 39.9817
116.31 39.9817
116.31 39.9817
116.31 39.9817
116.31 39.9817
116.31 39.9817
116.31 39.9817
116.31 39.9817
116.31 39.9817
116.31 39.9817
116.31 39.9817
116.31 39.9817
116.31 39.9818
116.31 39.9818
116.31 39.9818
116.31 39.9818
116.31 39.9818
116.31 39.9819
116.31 39.9819
116.31 39.9819
116.31 39.9819
116.31 39.9819
116.31 39.9819
116.31 39.9819
116.31 39.9819
116.31 39.9819
116.31 39.9819
116.31 39.9819
116.31 39.9819
116.31 39.9819
116.309 39.9819
116.309 39.9819
116.309 39.982
116.309 39.982
116.31 39.9823
116.31 39.9823
116.31 39.9823
116.309 39.9823
116.309 39.9823
116.309 39.9823
116.309 39.9823
116.309 39.9823
116.309 39.9824
116.309 39.9824
116.309 39.9824
116.309 39.9824
116.309 39.9824
116.309 39.9824
116.309 39.9824
116.309 39.9824
116.309 39.9824
116.309 39.9824
116.309 39.9824
116.309 39.9824
116.309 39.9824
116.309 39.9824
116.309 39.9824
116.309 39.9824
116.309 39.9825
116.309 39.9825
116.309 39.9826
116.309 39.9826
116.309 39.9826
116.309 39.9826
116.309 39.9826
116.309 39.9827
116.309 39.9827
116.309 39.9827
116.31 39.9827
116.31 39.9828
116.31 39.9828
116.31 39.9828
116.31 39.9828
116.31 39.9829
116.31 39.9829
116.31 39.9829
116.31 39.9829
116.31 39.983
116.31 39.983
116.31 39.983
116.31 39.9831
116.31 39.9831
116.31 39.9831
116.31 39.9832
116.31 39.9832
116.31 39.9833
116.31 39.9833
116.31 39.9833
116.31 39.9834
116.31 39.9834
116.31 39.9834
116.31 39.9835
116.311 39.9835
116.311 39.9835
116.311 39.9836
116.311 39.9836
116.311 39.9836
116.311 39.9837
116.311 39.9837
116.311 39.9837
116.311 39.9837
116.311 39.9838
116.311 39.9838
116.311 39.9838
116.311 39.9838
116.311 39.9838
116.311 39.9839
116.311 39.9839
116.311 39.9839
116.311 39.9839
116.311 39.9839
116.311 39.9839
116.311 39.9839
116.311 39.9839
116.311 39.9839
116.311 39.9839
116.311 39.9839
116.311 39.9839
116.311 39.9839
116.311 39.9839
116.311 39.9839
116.311 39.9839
116.311 39.9839
116.311 39.9839
116.311 39.9839
116.311 39.9839
116.311 39.9839
116.311 39.9839
116.311 39.9839
116.311 39.9839
116.312 39.9839
116.312 39.9839
116.312 39.9839
116.312 39.9839
116.312 39.9839
116.312 39.9839
116.312 39.9839
116.312 39.9839
116.312 39.9839
116.312 39.9839
116.312 39.9839
116.312 39.9839
116.312 39.9839
116.312 39.9839
116.312 39.9839
116.312 39.9839
116.312 39.9839
116.312 39.9839
116.312 39.9839
116.312 39.9839
116.312 39.9839
116.312 39.9839
116.312 39.9839
116.312 39.9839
116.312 39.9839
116.312 39.9839
116.312 39.9839
116.312 39.9839
116.312 39.9839
116.312 39.9839
116.312 39.984
116.312 39.984
116.312 39.9839
116.313 39.9839
116.313 39.984
116.313 39.984
116.313 39.984
116.313 39.984
116.313 39.9841
116.313 39.9841
116.313 39.9841
116.314 39.9841
116.314 39.9841
116.314 39.984
116.314 39.984
116.314 39.984
116.314 39.984
116.314 39.984
116.314 39.984
116.314 39.984
116.314 39.984
116.314 39.984
116.314 39.984
116.314 39.984
116.314 39.984
116.314 39.984
116.314 39.984
116.314 39.9841
116.314 39.9841
116.314 39.9841
116.315 39.9841
116.315 39.9841
116.315 39.9841
116.315 39.9841
116.316 39.984
116.316 39.984
116.316 39.984
116.316 39.9841
116.316 39.9841
116.316 39.9841
116.316 39.9841
116.316 39.9841
116.316 39.9841
116.316 39.984
116.316 39.984
116.316 39.984
116.316 39.984
116.316 39.984
116.316 39.984
116.317 39.984
116.317 39.984
116.317 39.984
116.317 39.984
116.317 39.984
116.318 39.984
116.318 39.9841
116.318 39.9841
116.318 39.9841
116.318 39.9841
116.319 39.9841
116.319 39.984
116.319 39.9839
116.319 39.9838
116.319 39.9836
116.319 39.9835
116.319 39.9834
116.318 39.9832
116.318 39.9831
116.318 39.9829
116.319 39.9828
116.319 39.9828
116.319 39.9827
116.319 39.9827
116.319 39.9827
116.319 39.9827
116.319 39.9827
116.319 39.9827
116.319 39.9827
116.319 39.9826
116.319 39.9825
116.318 39.9824
116.318 39.9824
116.319 39.9823
116.319 39.9821
116.319 39.982
116.319 39.9819
116.319 39.9818
116.319 39.9816
116.319 39.9814
116.319 39.9813
116.319 39.9812
116.319 39.9811
116.319 39.9809
116.319 39.9808
116.319 39.9807
116.319 39.9806
116.319 39.9805
116.319 39.9804
116.319 39.9803
116.319 39.9803
116.319 39.9803
116.319 39.9803
116.319 39.9803
116.319 39.9803
116.319 39.9802
116.319 39.9801
116.319 39.98
116.319 39.9799
116.319 39.9799
116.319 39.9798
116.319 39.9797
116.319 39.9796
116.319 39.9795
116.319 39.9793
116.319 39.9792
116.319 39.979
116.319 39.9788
116.319 39.9786
116.319 39.9785
116.319 39.9785
116.319 39.9785
116.319 39.9785
116.319 39.9785
116.319 39.9784
116.319 39.9784
116.319 39.9784
116.319 39.9784
116.319 39.9784
116.319 39.9783
116.319 39.9782
116.319 39.9781
116.319 39.9779
116.319 39.9778
116.319 39.9777
116.319 39.9775
116.319 39.9774
116.319 39.9773
116.319 39.9771
116.319 39.977
116.319 39.9769
116.319 39.9767
116.319 39.9766
116.319 39.9764
116.319 39.9761
116.319 39.9759
116.319 39.9757
116.319 39.9755
116.319 39.9754
116.319 39.9753
116.319 39.9752
116.319 39.9752
116.319 39.9752
116.319 39.9752
116.319 39.9752
116.319 39.9752
116.319 39.9752
116.319 39.9752
116.319 39.9752
116.319 39.9752
116.319 39.9752
116.319 39.9752
116.319 39.9752
116.319 39.9752
116.319 39.9752
116.319 39.9752
116.319 39.9752
116.319 39.9752
116.319 39.9752
116.319 39.9752
116.319 39.9752
116.319 39.9752
116.319 39.9752
116.319 39.9752
116.319 39.9752
116.319 39.9752
116.319 39.9752
116.319 39.9752
116.319 39.9752
116.319 39.9752
116.319 39.9752
116.319 39.9751
116.319 39.9751
116.319 39.9751
116.319 39.9751
116.319 39.9751
116.319 39.9751
116.319 39.9751
116.319 39.9751
116.319 39.9751
116.319 39.975
116.319 39.975
116.319 39.9749
116.319 39.9749
116.319 39.9749
116.32 39.9749
116.32 39.9749
116.32 39.9748
116.32 39.9748
116.321 39.9748
116.321 39.9748
116.321 39.9748
116.321 39.9748
116.321 39.9748
116.321 39.9748
116.321 39.9748
116.321 39.9748
116.321 39.9748
116.321 39.9748
116.321 39.9748
116.321 39.9748
116.321 39.9748
116.321 39.9748
116.321 39.9748
116.321 39.9748
116.321 39.9749
116.321 39.9749
116.322 39.9749
116.322 39.9749
116.322 39.9749
116.322 39.9749
116.323 39.9749
116.323 39.9749
116.323 39.9749
116.323 39.9749
116.324 39.975
116.324 39.975
116.324 39.975
116.325 39.975
116.325 39.975
116.325 39.975
116.325 39.975
116.326 39.9751
116.326 39.9751
116.326 39.9751
116.326 39.9751
116.326 39.9751
116.326 39.9751
116.326 39.9751
116.326 39.975
116.326 39.975
116.327 39.975
116.327 39.975
116.327 39.975
116.327 39.975
116.327 39.975
116.327 39.975
116.328 39.975
116.328 39.9751
116.328 39.9751
116.328 39.9751
116.328 39.9751
116.329 39.9751
116.329 39.9751
116.329 39.9751
116.329 39.9751
116.329 39.975
116.329 39.975
116.329 39.975
116.329 39.975
116.329 39.975
116.329 39.975
116.329 39.975
116.329 39.975
116.33 39.975
116.33 39.975
116.33 39.975
116.33 39.975
116.33 39.975
116.33 39.975
116.33 39.975
116.33 39.975
116.33 39.975
116.33 39.975
116.33 39.975
116.33 39.975
116.33 39.975
116.33 39.9751
116.33 39.9751
116.33 39.975
116.33 39.975
116.33 39.975
116.33 39.975
116.33 39.975
116.329 39.975
116.329 39.975
116.329 39.975
116.329 39.975
116.329 39.975
116.329 39.9751
116.329 39.9751
116.329 39.9751
116.329 39.9751
116.329 39.9751
116.329 39.9751
116.329 39.9752
116.329 39.9752
116.329 39.9752
116.329 39.9752
116.329 39.9752
116.329 39.9752
116.329 39.9752
116.329 39.9753
116.329 39.9753
116.329 39.9752
116.329 39.9752
116.329 39.9752
116.329 39.9753
116.329 39.9753
116.329 39.9753
116.329 39.9753
116.329 39.9753
116.33 39.9753
116.33 39.9753
116.33 39.9753
116.33 39.9753
116.33 39.9753
116.33 39.9753
116.33 39.9753
116.33 39.9753
116.33 39.9753
116.33 39.9753
116.33 39.9753
116.33 39.9753
116.33 39.9753
116.33 39.9753
116.33 39.9753
116.33 39.9753
116.33 39.9753
116.33 39.9753
116.33 39.9753
116.33 39.9753
116.33 39.9753
116.33 39.9753
116.33 39.9753
116.33 39.9753
116.33 39.9753
116.33 39.9753
116.33 39.9753
116.33 39.9753
116.33 39.9753
116.33 39.9753
116.33 39.9753
116.33 39.9754
116.33 39.9754
116.33 39.9754
116.331 39.9754
116.331 39.9754
116.331 39.9754
116.331 39.9754
116.331 39.9754
116.331 39.9754
116.331 39.9754
116.331 39.9754
116.331 39.9754
116.331 39.9754
116.331 39.9754
116.331 39.9754
116.331 39.9754
116.331 39.9755
116.331 39.9755
116.331 39.9755
116.331 39.9756
116.331 39.9756
116.331 39.9756
116.331 39.9756
116.331 39.9756
116.331 39.9756
116.331 39.9756
116.331 39.9756
116.331 39.9756
116.331 39.9756
116.331 39.9756
116.331 39.9756
116.331 39.9756
116.331 39.9756
116.331 39.9756
116.331 39.9756
116.332 39.9788
116.331 39.9779
116.331 39.9778
116.331 39.9779
116.331 39.9779
116.331 39.978
116.331 39.978
116.331 39.978
116.331 39.9781
116.331 39.9781
116.331 39.9781
116.331 39.9781
116.331 39.9781
116.331 39.9781
116.331 39.9782
116.331 39.9782
116.331 39.9782
116.331 39.9782
116.331 39.9782
116.331 39.9782
116.331 39.9782
116.331 39.9782
116.331 39.9783
116.331 39.9783
116.331 39.9783
116.331 39.9783
116.331 39.9783
116.33 39.9783
116.33 39.9783
116.33 39.9783
116.33 39.9783
116.33 39.9784
116.33 39.9784
116.33 39.9784
116.33 39.9784
116.33 39.9784
116.33 39.9784
116.33 39.9784
116.33 39.9784
116.33 39.9784
116.33 39.9785
116.33 39.9785
116.33 39.9785
116.33 39.9785
116.33 39.9785
116.33 39.9785
116.33 39.9785
116.33 39.9785
116.33 39.9784
116.33 39.9784
116.33 39.9784
116.33 39.9784
116.33 39.9783
116.33 39.9783
116.33 39.9783
116.33 39.9783
116.33 39.9783
116.33 39.9783
116.33 39.9783
116.33 39.9783
116.33 39.9783
116.33 39.9783
116.33 39.9783
116.33 39.9783
116.33 39.9782
116.33 39.9782
116.33 39.9782
116.33 39.9782
116.33 39.9782
116.33 39.9782
116.33 39.9782
116.33 39.9782
116.33 39.9782
116.33 39.9782
116.33 39.9782
116.33 39.9781
116.33 39.9781
116.33 39.9781
116.33 39.9781
116.33 39.9781
116.33 39.9781
116.33 39.9781
116.33 39.9781
116.33 39.9781
116.33 39.9781
116.33 39.9781
116.33 39.978
116.33 39.978
116.33 39.978
116.33 39.978
116.33 39.978
116.33 39.978
116.33 39.978
116.33 39.978
116.33 39.978
116.33 39.978
116.33 39.9779
116.33 39.9779
116.33 39.9779
116.33 39.9779
116.33 39.9779
116.33 39.9779
116.33 39.9779
116.33 39.9779
116.33 39.9779
116.33 39.9779
116.33 39.9779
116.33 39.9779
116.329 39.9779
116.329 39.9779
116.329 39.9779
116.329 39.9779
116.329 39.9779
116.329 39.9779
116.329 39.9779
116.329 39.9779
116.329 39.9779
116.329 39.9779
116.329 39.9779
116.329 39.9779
116.329 39.9779
116.329 39.9779
116.329 39.9779
116.329 39.9779
116.329 39.9779
116.329 39.9779
116.329 39.9779
116.329 39.9779
116.329 39.9779
116.329 39.9779
116.329 39.9779
116.329 39.9778
116.329 39.9778
116.329 39.9778
116.329 39.9778
116.329 39.9778
116.329 39.9778
116.329 39.9778
116.329 39.9778
116.329 39.9778
116.329 39.9778
116.329 39.9777
116.329 39.9777
116.329 39.9777
116.329 39.9777
116.329 39.9777
116.329 39.9778
116.329 39.9778
116.329 39.9778
116.329 39.9778
116.329 39.9779
116.329 39.9779
116.329 39.978
116.329 39.978
116.329 39.978
116.329 39.978
116.329 39.978
116.329 39.978
116.329 39.978
116.329 39.978
116.329 39.978
116.329 39.978
116.329 39.978
116.329 39.9781
116.329 39.9781
116.329 39.9781
116.329 39.9781
116.329 39.9781
116.329 39.9781
116.329 39.9781
116.329 39.9781
116.329 39.9781
116.329 39.9781
116.329 39.9781
116.329 39.9782
116.329 39.9782
116.329 39.9782
116.329 39.9782
116.329 39.9782
116.329 39.9782
116.329 39.9782
116.329 39.9782
116.329 39.9782
116.329 39.9782
116.329 39.9782
116.329 39.9782
116.329 39.9782
116.329 39.9782
116.329 39.9783
116.329 39.9783
116.329 39.9783
116.329 39.9783
116.329 39.9783
116.329 39.9783
116.329 39.9784
116.329 39.9784
116.329 39.9784
116.329 39.9784
116.329 39.9785
116.329 39.9785
116.329 39.9785
116.329 39.9785
116.329 39.9786
116.329 39.9786
116.329 39.9786
116.329 39.9786
116.329 39.9786
116.329 39.9787
116.329 39.9787
116.329 39.9787
116.329 39.9787
116.329 39.9788
116.329 39.9788
116.329 39.9788
116.329 39.9788
116.329 39.9788
116.329 39.9789
116.329 39.9789
116.329 39.9789
116.329 39.9789
116.329 39.9789
116.329 39.9789
116.329 39.9789
116.329 39.9789
116.329 39.979
116.329 39.979
116.329 39.979
116.329 39.979
116.329 39.979
116.329 39.979
116.329 39.979
116.329 39.979
116.329 39.979
116.329 39.9791
116.329 39.9791
116.329 39.9791
116.329 39.9791
116.329 39.9791
116.329 39.9792
116.329 39.9792
116.329 39.9792
116.329 39.9792
116.329 39.9792
116.329 39.9792
116.329 39.9792
116.329 39.9792
116.329 39.9792
116.329 39.9792
116.329 39.9793
116.329 39.9793
116.329 39.9793
116.329 39.9793
116.329 39.9793
116.329 39.9794
116.329 39.9794
116.329 39.9794
116.329 39.9794
116.329 39.9794
116.329 39.9794
116.329 39.9794
116.329 39.9794
116.329 39.9794
116.329 39.9794
116.328 39.9794
116.328 39.9794
116.328 39.9795
116.328 39.9795
116.328 39.9795
116.328 39.9795
116.328 39.9795
116.328 39.9795
116.328 39.9796
116.328 39.9796
116.328 39.9796
116.328 39.9796
116.328 39.9796
116.328 39.9796
116.328 39.9796
116.328 39.9796
116.328 39.9796
116.328 39.9797
116.328 39.9797
116.328 39.9797
116.328 39.9797
116.328 39.9797
116.328 39.9797
116.328 39.9797
116.328 39.9797
116.328 39.9798
116.328 39.9798
116.328 39.9798
116.328 39.9798
116.328 39.9798
116.328 39.9798
116.328 39.9798
116.328 39.9798
116.328 39.9798
116.328 39.9798
116.328 39.9798
116.328 39.9799
116.328 39.9799
116.328 39.9799
116.328 39.9799
116.328 39.9799
116.328 39.98
116.328 39.98
116.328 39.9801
116.328 39.9801
116.328 39.9801
116.328 39.9801
116.328 39.9802
116.328 39.9802
116.328 39.9802
116.328 39.9802
116.328 39.9802
116.328 39.9802
116.328 39.9802
116.328 39.9803
116.328 39.9803
116.328 39.9803
116.328 39.9803
116.328 39.9803
116.328 39.9803
116.328 39.9803
116.328 39.9803
116.328 39.9803
116.328 39.9804
116.328 39.9804
116.328 39.9804
116.328 39.9804
116.328 39.9804
116.328 39.9805
116.328 39.9805
116.328 39.9805
116.328 39.9805
116.328 39.9805
116.328 39.9805
116.328 39.9806
116.328 39.9806
116.328 39.9806
116.328 39.9806
116.328 39.9806
116.328 39.9806
116.328 39.9806
116.328 39.9806
116.328 39.9807
116.328 39.9807
116.328 39.9807
116.328 39.9807
116.328 39.9807
116.328 39.9807
116.328 39.9808
116.328 39.9808
116.328 39.9808
116.328 39.9808
116.328 39.9808
116.328 39.9809
116.328 39.9809
116.328 39.9809
116.328 39.9809
116.328 39.981
116.328 39.981
116.328 39.981
116.328 39.981
116.328 39.981
116.328 39.9811
116.328 39.9811
116.328 39.9811
116.328 39.9811
116.328 39.9811
116.328 39.9812
116.328 39.9812
116.328 39.9812
116.328 39.9812
116.328 39.9812
116.328 39.9812
116.328 39.9812
116.328 39.9812
116.328 39.9813
116.328 39.9813
116.331 39.9793
116.328 39.9811
116.328 39.9811
116.328 39.9811
116.328 39.981
116.328 39.981
116.328 39.981
116.328 39.981
116.328 39.9811
116.328 39.9811
116.328 39.9811
116.328 39.9812
116.328 39.9812
116.328 39.9812
116.328 39.9812
116.328 39.9812
116.328 39.9812
116.328 39.9812
116.328 39.9812
116.328 39.9813
116.328 39.9813
116.328 39.9813
116.328 39.9814
116.328 39.9814
116.328 39.9814
116.328 39.9814
116.328 39.9815
116.328 39.9815
116.328 39.9815
116.328 39.9815
116.328 39.9815
116.328 39.9815
116.328 39.9815
116.328 39.9815
116.328 39.9815
116.328 39.9814
116.328 39.9814
116.328 39.9814
116.327 39.9814
116.327 39.9814
116.327 39.9814
116.327 39.9814
116.327 39.9815
116.327 39.9815
116.327 39.9815
116.327 39.9815
116.327 39.9815
116.327 39.9815
116.327 39.9815
116.327 39.9816
116.327 39.9816
116.327 39.9816
116.327 39.9816
116.327 39.9817
116.327 39.9817
116.327 39.9817
116.327 39.9817
116.327 39.9818
116.327 39.9818
116.327 39.9818
116.327 39.9818
116.327 39.9819
116.327 39.9819
116.327 39.9819
116.327 39.9819
116.327 39.9817
116.327 39.9816
116.327 39.9815
116.327 39.9814
116.327 39.9812
116.327 39.9811
116.327 39.9809
116.327 39.9808
116.327 39.9806
116.327 39.9805
116.327 39.9803
116.327 39.9802
116.327 39.98
116.327 39.9799
116.327 39.9798
116.327 39.9796
116.327 39.9795
116.327 39.9793
116.327 39.9791
116.327 39.979
116.327 39.9788
116.327 39.9787
116.327 39.9785
116.327 39.9784
116.327 39.9782
116.327 39.9781
116.327 39.978
116.327 39.9778
116.327 39.9777
116.327 39.9777
116.327 39.9777
116.327 39.9777
116.327 39.9777
116.327 39.9777
116.327 39.9777
116.327 39.9777
116.327 39.9776
116.327 39.9775
116.327 39.9774
116.327 39.9773
116.327 39.9771
116.327 39.977
116.327 39.9769
116.327 39.9768
116.327 39.9768
116.327 39.9768
116.327 39.9768
116.327 39.9768
116.327 39.9768
116.327 39.9768
116.327 39.9768
116.327 39.9768
116.327 39.9768
116.327 39.9768
116.327 39.9768
116.327 39.9768
116.327 39.9767
116.327 39.9767
116.327 39.9766
116.327 39.9764
116.327 39.9763
116.327 39.9761
116.327 39.976
116.327 39.9758
116.327 39.9757
116.327 39.9756
116.327 39.9755
116.327 39.9755
116.327 39.9755
116.327 39.9755
116.327 39.9755
116.327 39.9755
116.327 39.9755
116.327 39.9754
116.327 39.9754
116.327 39.9754
116.327 39.9754
116.327 39.9754
116.327 39.9754
116.327 39.9754
116.327 39.9754
116.327 39.9754
116.327 39.9754
116.327 39.9754
116.327 39.9754
116.327 39.9754
116.327 39.9754
116.327 39.9754
116.327 39.9754
116.327 39.9754
116.327 39.9754
116.327 39.9754
116.327 39.9754
116.327 39.9754
116.327 39.9754
116.327 39.9754
116.327 39.9754
116.327 39.9754
116.327 39.9754
116.327 39.9754
116.327 39.9754
116.327 39.9754
116.327 39.9754
116.327 39.9754
116.327 39.9754
116.327 39.9754
116.327 39.9754
116.327 39.9754
116.327 39.9754
116.327 39.9754
116.327 39.9754
116.327 39.9754
116.327 39.9754
116.327 39.9755
116.327 39.9755
116.327 39.9755
116.327 39.9755
116.327 39.9755
116.327 39.9754
116.327 39.9754
116.327 39.9754
116.327 39.9754
116.327 39.9754
116.327 39.9754
116.327 39.9754
116.327 39.9754
116.327 39.9754
116.327 39.9754
116.327 39.9754
116.327 39.9754
116.327 39.9753
116.327 39.9751
116.327 39.975
116.327 39.9749
116.327 39.9747
116.327 39.9746
116.327 39.9744
116.327 39.9743
116.327 39.9742
116.327 39.9742
116.327 39.9742
116.327 39.9742
116.327 39.9742
116.327 39.9742
116.327 39.9742
116.327 39.9742
116.327 39.9742
116.328 39.9741
116.328 39.974
116.328 39.9739
116.328 39.9737
116.328 39.9735
116.328 39.9734
116.328 39.9732
116.328 39.973
116.328 39.9728
116.328 39.9726
116.328 39.9724
116.328 39.9722
116.328 39.972
116.328 39.9718
116.328 39.9716
116.328 39.9714
116.328 39.9712
116.328 39.971
116.328 39.9709
116.328 39.9708
116.328 39.9708
116.328 39.9708
116.328 39.9708
116.328 39.9708
116.328 39.9708
116.328 39.9708
116.328 39.9708
116.328 39.9708
116.328 39.9708
116.328 39.9708
116.328 39.9707
116.328 39.9707
116.328 39.9706
116.328 39.9704
116.328 39.9703
116.328 39.9701
116.328 39.97
116.328 39.9698
116.328 39.9697
116.328 39.9695
116.328 39.9693
116.328 39.9691
116.328 39.9689
116.328 39.9687
116.328 39.9685
116.328 39.9683
116.328 39.9682
116.328 39.9681
116.328 39.968
116.328 39.9678
116.328 39.9676
116.328 39.9674
116.328 39.9673
116.328 39.9672
116.328 39.9671
116.328 39.967
116.328 39.967
116.328 39.967
116.328 39.967
116.328 39.967
116.328 39.967
116.328 39.967
116.328 39.967
116.328 39.967
116.328 39.967
116.328 39.967
116.328 39.967
116.328 39.967
116.328 39.967
116.328 39.967
116.328 39.967
116.328 39.967
116.328 39.967
116.328 39.967
116.328 39.9669
116.328 39.9668
116.328 39.9667
116.328 39.9666
116.328 39.9664
116.328 39.9663
116.328 39.9661
116.328 39.966
116.328 39.9659
116.328 39.9658
116.328 39.9657
116.328 39.9656
116.328 39.9655
116.328 39.9654
116.328 39.9653
116.328 39.9652
116.328 39.9653
116.328 39.9653
116.328 39.9653
116.328 39.9653
116.328 39.9653
116.328 39.9652
116.328 39.9652
116.328 39.965
116.328 39.9648
116.328 39.9647
116.328 39.9645
116.328 39.9642
116.328 39.964
116.328 39.9638
116.328 39.9636
116.328 39.9634
116.328 39.9632
116.328 39.9631
116.328 39.9629
116.328 39.9627
116.328 39.9625
116.328 39.9623
116.328 39.9622
116.328 39.9621
116.328 39.9619
116.328 39.9618
116.328 39.9617
116.328 39.9616
116.328 39.9614
116.328 39.9614
116.328 39.9613
116.328 39.9612
116.328 39.9612
116.328 39.9612
116.328 39.9611
116.328 39.9611
116.328 39.9611
116.328 39.9611
116.328 39.9611
116.328 39.9611
116.328 39.9611
116.328 39.961
116.328 39.961
116.328 39.9609
116.328 39.9608
116.328 39.9607
116.328 39.9606
116.328 39.9606
116.329 39.9605
116.329 39.9604
116.329 39.9602
116.329 39.9601
116.329 39.96
116.329 39.9599
116.329 39.9598
116.329 39.9598
116.329 39.9597
116.329 39.9597
116.329 39.9597
116.329 39.9597
116.329 39.9597
116.329 39.9597
116.329 39.9597
116.329 39.9597
116.329 39.9597
116.329 39.9597
116.329 39.9597
116.329 39.9596
116.329 39.9595
116.329 39.9593
116.329 39.9592
116.329 39.9591
116.329 39.9589
116.329 39.9587
116.329 39.9586
116.329 39.9584
116.329 39.9583
116.329 39.9581
116.329 39.958
116.329 39.9578
116.329 39.9577
116.329 39.9575
116.329 39.9574
116.329 39.9573
116.329 39.9572
116.329 39.9571
116.329 39.957
116.329 39.957
116.329 39.9569
116.329 39.9569
116.329 39.9569
116.329 39.9569
116.329 39.9569
116.329 39.9569
116.329 39.9569
116.329 39.9569
116.329 39.9569
116.329 39.9569
116.329 39.9569
116.329 39.9569
116.329 39.9569
116.329 39.9568
116.329 39.9567
116.329 39.9566
116.329 39.9565
116.329 39.9563
116.329 39.9561
116.329 39.9559
116.329 39.9557
116.329 39.9555
116.329 39.9553
116.329 39.9551
116.329 39.9549
116.329 39.9547
116.329 39.9546
116.329 39.9544
116.329 39.9543
116.329 39.9543
116.329 39.9542
116.329 39.9542
116.329 39.9542
116.329 39.9541
116.329 39.9541
116.329 39.9541
116.329 39.9541
116.329 39.9541
116.329 39.9541
116.329 39.9541
116.329 39.9541
116.329 39.9541
116.329 39.954
116.329 39.954
116.329 39.9539
116.329 39.9538
116.33 39.9536
116.33 39.9534
116.33 39.9533
116.33 39.9531
116.33 39.9529
116.33 39.9528
116.33 39.9527
116.33 39.9525
116.33 39.9523
116.33 39.9522
116.33 39.952
116.33 39.9518
116.33 39.9515
116.33 39.9513
116.33 39.9512
116.33 39.9511
116.33 39.9509
116.33 39.9509
116.33 39.9508
116.33 39.9508
116.33 39.9508
116.33 39.9508
116.33 39.9508
116.33 39.9508
116.33 39.9508
116.329 39.9508
116.329 39.9508
116.329 39.9508
116.329 39.9508
116.329 39.9508
116.329 39.9508
116.329 39.9509
116.329 39.9509
116.328 39.9509
116.328 39.9509
116.328 39.9509
116.328 39.9509
116.328 39.9509
116.328 39.9509
116.328 39.9509
116.328 39.9509
116.328 39.9509
116.328 39.9509
116.328 39.9508
116.328 39.9508
116.328 39.9508
116.328 39.9507
116.327 39.9507
116.327 39.9507
116.327 39.9507
116.327 39.9507
116.327 39.9507
116.326 39.9507
116.326 39.9507
116.326 39.9507
116.326 39.9506
116.326 39.9506
116.325 39.9506
116.325 39.9506
116.325 39.9506
116.325 39.9506
116.324 39.9506
116.324 39.9506
116.324 39.9506
116.324 39.9506
116.324 39.9506
116.323 39.9506
116.323 39.9506
116.323 39.9506
116.323 39.9506
116.323 39.9506
116.323 39.9506
116.322 39.9506
116.322 39.9506
116.322 39.9506
116.322 39.9505
116.322 39.9505
116.322 39.9505
116.322 39.9505
116.322 39.9504
116.322 39.9504
116.322 39.9504
116.322 39.9504
116.322 39.9504
116.322 39.9504
116.321 39.9504
116.321 39.9504
116.321 39.9504
116.321 39.9504
116.321 39.9504
116.321 39.9504
116.321 39.9504
116.32 39.9504
116.32 39.9504
116.32 39.9505
116.32 39.9505
116.32 39.9504
116.319 39.9505
116.319 39.9506
116.319 39.9506
116.319 39.9506
116.319 39.9506
116.319 39.9506
116.319 39.9506
116.319 39.9506
116.319 39.9506
116.319 39.9506
116.319 39.9506
116.319 39.9506
116.319 39.9506
116.319 39.9506
116.319 39.9506
116.319 39.9506
116.319 39.9506
116.319 39.9506
116.319 39.9505
116.319 39.9505
116.319 39.9504
116.318 39.9504
116.318 39.9503
116.318 39.9502
116.318 39.9501
116.318 39.95
116.318 39.9498
116.318 39.9496
116.318 39.9494
116.318 39.9492
116.318 39.949
116.318 39.9488
116.318 39.9486
116.318 39.9483
116.318 39.9481
116.318 39.9479
116.318 39.9477
116.318 39.9475
116.318 39.9474
116.318 39.9472
116.318 39.9471
116.318 39.947
116.318 39.9469
116.318 39.9468
116.318 39.9468
116.318 39.9467
116.318 39.9467
116.318 39.9467
116.318 39.9468
116.318 39.9467
116.318 39.9467
116.318 39.9467
116.318 39.9467
116.318 39.9467
116.318 39.9467
116.318 39.9467
116.318 39.9466
116.318 39.9465
116.318 39.9463
116.318 39.9462
116.318 39.9461
116.318 39.946
116.318 39.9459
116.318 39.9458
116.318 39.9458
116.318 39.9458
116.318 39.9458
116.318 39.9458
116.318 39.9457
116.318 39.9457
116.318 39.9457
116.318 39.9457
116.319 39.9456
116.319 39.9454
116.319 39.9453
116.319 39.9452
116.319 39.945
116.319 39.9449
116.319 39.9447
116.319 39.9445
116.319 39.9444
116.319 39.9442
116.319 39.944
116.319 39.9438
116.319 39.9437
116.319 39.9435
116.319 39.9433
116.319 39.9432
116.319 39.9431
116.319 39.943
116.319 39.9429
116.319 39.9428
116.319 39.9428
116.319 39.9428
116.319 39.9428
116.319 39.9428
116.319 39.9428
116.319 39.9428
116.319 39.9428
116.319 39.9429
116.319 39.9429
116.319 39.9429
116.319 39.9429
116.319 39.9429
116.319 39.9429
116.319 39.9429
116.319 39.9428
116.319 39.9428
116.319 39.9426
116.319 39.9425
116.319 39.9423
116.319 39.9421
116.319 39.9419
116.319 39.9417
116.319 39.9414
116.319 39.9412
116.319 39.941
116.319 39.9408
116.319 39.9405
116.319 39.9403
116.319 39.9401
116.319 39.9399
116.319 39.9397
116.319 39.9395
116.32 39.9393
116.32 39.9392
116.32 39.939
116.32 39.9389
116.32 39.9387
116.32 39.9386
116.32 39.9387
116.32 39.9386
116.32 39.9386
116.32 39.9386
116.32 39.9386
116.32 39.9386
116.32 39.9385
116.32 39.9385
116.32 39.9385
116.32 39.9385
116.32 39.9385
116.32 39.9386
116.32 39.9386
116.32 39.9386
116.32 39.9386
116.32 39.9386
116.32 39.9386
116.32 39.9386
116.32 39.9386
116.32 39.9386
116.32 39.9386
116.32 39.9386
116.32 39.9385
116.32 39.9383
116.32 39.9382
116.32 39.9381
116.32 39.9379
116.32 39.9378
116.32 39.9377
116.32 39.9376
116.32 39.9375
116.32 39.9374
116.32 39.9373
116.32 39.9372
116.32 39.9372
116.32 39.9372
116.321 39.9372
116.321 39.9372
116.321 39.9372
116.321 39.9372
116.321 39.9372
116.321 39.9372
116.322 39.9372
116.322 39.9372
116.322 39.9372
116.322 39.9372
116.322 39.9371
116.322 39.9371
116.323 39.9371
116.323 39.9371
116.323 39.937
116.323 39.937
116.323 39.937
116.323 39.937
116.323 39.937
116.323 39.937
116.323 39.937
116.323 39.937
116.323 39.937
116.323 39.937
116.323 39.937
116.323 39.937
116.323 39.9371
116.323 39.9371
116.323 39.9371
116.324 39.9371
116.324 39.937
116.324 39.937
116.324 39.937
116.325 39.937
116.325 39.937
116.325 39.9369
116.326 39.9369
116.326 39.9369
116.326 39.9368
116.326 39.9368
116.327 39.9368
116.327 39.9368
116.327 39.9368
116.327 39.9367
116.327 39.9367
116.328 39.9367
116.328 39.9367
116.328 39.9366
116.328 39.9366
116.329 39.9366
116.329 39.9366
116.329 39.9366
116.329 39.9366
116.329 39.9366
116.329 39.9366
116.329 39.9366
116.329 39.9366
116.329 39.9366
116.329 39.9366
116.329 39.9366
116.329 39.9366
116.329 39.9366
116.329 39.9366
116.329 39.9366
116.329 39.9366
116.329 39.9366
116.329 39.9366
116.329 39.9366
116.329 39.9366
116.329 39.9366
116.329 39.9366
116.329 39.9366
116.329 39.9366
116.329 39.9366
116.329 39.9366
116.329 39.9366
116.329 39.9366
116.329 39.9366
116.329 39.9366
116.329 39.9366
116.329 39.9366
116.329 39.9366
116.329 39.9366
116.329 39.9366
116.329 39.9366
116.329 39.9366
116.33 39.9366
116.33 39.9366
116.33 39.9366
116.33 39.9366
116.33 39.9366
116.33 39.9366
116.33 39.9366
116.33 39.9366
116.33 39.9366
116.33 39.9366
116.33 39.9366
116.33 39.9366
116.33 39.9367
116.33 39.9367
116.33 39.9367
116.331 39.9367
116.331 39.9367
116.331 39.9367
116.331 39.9367
116.332 39.9367
116.332 39.9368
116.332 39.9368
116.332 39.9368
116.333 39.9368
116.333 39.9368
116.333 39.9368
116.333 39.9368
116.334 39.9368
116.334 39.9368
116.334 39.9368
116.334 39.9369
116.335 39.9369
116.335 39.9369
116.335 39.9369
116.335 39.9369
116.336 39.9369
116.336 39.9369
116.336 39.9369
116.336 39.9369
116.336 39.9369
116.336 39.9368
116.336 39.9367
116.336 39.9366
116.336 39.9365
116.336 39.9364
116.336 39.9362
116.336 39.9362
116.336 39.9361
116.336 39.936
116.337 39.9358
116.337 39.9357
116.337 39.9356
116.337 39.9356
116.337 39.9356
116.337 39.9356
116.337 39.9356
116.337 39.9356
116.337 39.9355
116.337 39.9355
116.337 39.9354
116.337 39.9352
116.337 39.9351
116.337 39.9349
116.337 39.9347
116.338 39.9345
116.338 39.9343
116.338 39.9341
116.338 39.9339
116.338 39.9337
116.338 39.9336
116.338 39.9335
116.338 39.9334
116.338 39.9334
116.338 39.9334
116.338 39.9334
116.338 39.9334
116.338 39.9333
116.338 39.9332
116.338 39.9331
116.338 39.9329
116.338 39.9327
116.338 39.9325
116.338 39.9323
116.338 39.9321
116.338 39.9319
116.338 39.9318
116.338 39.9317
116.338 39.9316
116.338 39.9316
116.338 39.9316
116.338 39.9315
116.338 39.9315
116.338 39.9315
116.338 39.9315
116.338 39.9315
116.338 39.9315
116.338 39.9315
116.338 39.9315
116.338 39.9315
116.338 39.9315
116.338 39.9315
116.338 39.9315
116.338 39.9315
116.338 39.9315
116.338 39.9315
116.338 39.9315
116.338 39.9315
116.338 39.9315
116.338 39.9315
116.338 39.9315
116.338 39.9315
116.338 39.9316
116.338 39.9316
116.338 39.9316
116.338 39.9316
116.338 39.9315
116.338 39.9316
116.338 39.9315
116.338 39.9315
116.338 39.9314
116.338 39.9313
116.338 39.9312
116.338 39.9311
116.338 39.931
116.338 39.9308
116.338 39.9307
116.338 39.9305
116.338 39.9304
116.338 39.9302
116.338 39.9301
116.338 39.93
116.338 39.9298
116.338 39.9297
116.338 39.9295
116.338 39.9293
116.338 39.9291
116.338 39.9289
116.338 39.9288
116.338 39.9286
116.338 39.9284
116.338 39.9283
116.338 39.9281
116.338 39.928
116.338 39.9278
116.338 39.9277
116.338 39.9277
116.338 39.9276
116.338 39.9276
116.338 39.9276
116.338 39.9276
116.338 39.9276
116.338 39.9275
116.338 39.9274
116.338 39.9273
116.338 39.9272
116.338 39.927
116.338 39.9268
116.338 39.9267
116.338 39.9265
116.338 39.9263
116.338 39.9262
116.338 39.926
116.338 39.9258
116.338 39.9257
116.338 39.9256
116.338 39.9255
116.338 39.9255
116.338 39.9254
116.338 39.9254
116.338 39.9254
116.338 39.9254
116.338 39.9254
116.338 39.9254
116.338 39.9254
116.338 39.9254
116.338 39.9253
116.338 39.9252
116.338 39.9251
116.338 39.9249
116.338 39.9248
116.338 39.9246
116.338 39.9244
116.338 39.9242
116.338 39.9241
116.338 39.9239
116.338 39.9237
116.338 39.9236
116.338 39.9236
116.338 39.9235
116.338 39.9235
116.338 39.9236
116.338 39.9235
116.338 39.9235
116.338 39.9236
116.338 39.9236
116.338 39.9235
116.338 39.9235
116.338 39.9235
116.338 39.9234
116.338 39.9232
116.338 39.9231
116.338 39.923
116.338 39.9228
116.338 39.9226
116.338 39.9225
116.338 39.9224
116.338 39.9224
116.338 39.9224
116.338 39.9224
116.338 39.9224
116.338 39.9224
116.338 39.9223
116.338 39.9223
116.338 39.9223
116.338 39.9222
116.338 39.9222
116.338 39.9221
116.338 39.922
116.338 39.9219
116.338 39.9219
116.338 39.9218
116.338 39.9217
116.338 39.9216
116.338 39.9215
116.338 39.9214
116.338 39.9212
116.338 39.9211
116.338 39.9209
116.338 39.9208
116.338 39.9206
116.338 39.9204
116.338 39.9202
116.338 39.92
116.338 39.9199
116.338 39.9197
116.338 39.9195
116.338 39.9193
116.338 39.9192
116.338 39.919
116.338 39.9189
116.338 39.9188
116.338 39.9188
116.338 39.9187
116.338 39.9187
116.338 39.9187
116.338 39.9187
116.338 39.9187
116.338 39.9187
116.338 39.9186
116.338 39.9185
116.339 39.9184
116.339 39.9182
116.339 39.9181
116.339 39.918
116.339 39.9178
116.339 39.9177
116.339 39.9176
116.339 39.9175
116.339 39.9175
116.339 39.9175
116.339 39.9175
116.339 39.9175
116.339 39.9175
116.339 39.9175
116.339 39.9175
116.339 39.9175
116.339 39.9175
116.339 39.9175
116.339 39.9175
116.339 39.9175
116.339 39.9175
116.339 39.9175
116.339 39.9175
116.339 39.9175
116.339 39.9175
116.339 39.9175
116.339 39.9175
116.339 39.9175
116.339 39.9175
116.339 39.9175
116.339 39.9175
116.339 39.9175
116.339 39.9175
116.339 39.9175
116.339 39.9175
116.339 39.9175
116.339 39.9175
116.339 39.9175
116.339 39.9175
116.339 39.9174
116.339 39.9173
116.339 39.9171
116.339 39.917
116.339 39.9168
116.339 39.9165
116.339 39.9163
116.339 39.9161
116.339 39.9158
116.339 39.9156
116.339 39.9154
116.339 39.9151
116.339 39.915
116.339 39.9148
116.339 39.9146
116.339 39.9144
116.339 39.9143
116.339 39.9142
116.339 39.9141
116.339 39.914
116.339 39.914
116.339 39.914
116.339 39.914
116.339 39.914
116.339 39.914
116.339 39.914
116.339 39.9139
116.339 39.9138
116.339 39.9137
116.339 39.9136
116.339 39.9134
116.339 39.9133
116.339 39.9132
116.339 39.9131
116.339 39.913
116.339 39.913
116.339 39.913
116.339 39.913
116.339 39.913
116.339 39.913
116.339 39.913
116.339 39.913
116.339 39.913
116.339 39.913
116.339 39.913
116.339 39.913
116.339 39.913
116.339 39.913
116.339 39.9129
116.339 39.9129
116.339 39.9129
116.339 39.9129
116.339 39.9129
116.339 39.9128
116.339 39.9128
116.339 39.9128
116.339 39.9127
116.339 39.9127
116.339 39.9127
116.339 39.9126
116.339 39.9126
116.339 39.9126
116.339 39.9126
116.339 39.9126
116.339 39.9126
116.339 39.9126
116.339 39.9125
116.339 39.9124
116.339 39.9123
116.339 39.9122
116.339 39.9121
116.339 39.9119
116.339 39.9117
116.339 39.9115
116.339 39.9113
116.339 39.9111
116.339 39.9109
116.339 39.9107
116.339 39.9106
116.339 39.9104
116.339 39.9102
116.339 39.91
116.339 39.9097
116.339 39.9095
116.339 39.9093
116.339 39.9091
116.339 39.9089
116.339 39.9087
116.338 39.9086
116.338 39.9084
116.338 39.9082
116.338 39.9081
116.338 39.9079
116.338 39.9077
116.338 39.9076
116.338 39.9075
116.338 39.9075
116.338 39.9074
116.338 39.9074
116.338 39.9074
116.338 39.9074
116.338 39.9074
116.338 39.9074
116.338 39.9073
116.338 39.9073
116.338 39.9072
116.338 39.9072
116.338 39.9072
116.338 39.9072
116.338 39.9071
116.338 39.9071
116.338 39.907
116.338 39.907
116.338 39.9069
116.338 39.9069
116.338 39.9068
116.338 39.9068
116.338 39.9067
116.338 39.9066
116.338 39.9066
116.338 39.9065
116.338 39.9065
116.338 39.9064
116.338 39.9063
116.338 39.9062
116.338 39.9061
116.338 39.9059
116.338 39.9058
116.337 39.9057
116.337 39.9056
116.337 39.9055
116.337 39.9053
116.337 39.9052
116.337 39.9051
116.337 39.9049
116.337 39.9048
116.337 39.9047
116.337 39.9047
116.337 39.9047
116.337 39.9047
116.337 39.9047
116.337 39.9047
116.337 39.9047
116.337 39.9047
116.337 39.9046
116.337 39.9046
116.337 39.9045
116.337 39.9043
116.337 39.9042
116.337 39.904
116.337 39.9038
116.337 39.9036
116.337 39.9035
116.337 39.9033
116.337 39.9032
116.337 39.903
116.337 39.9029
116.337 39.9028
116.337 39.9027
116.337 39.9027
116.337 39.9027
116.337 39.9027
116.337 39.9027
116.337 39.9027
116.337 39.9027
116.337 39.9027
116.337 39.9027
116.337 39.9027
116.337 39.9027
116.337 39.9027
116.337 39.9027
116.337 39.9027
116.337 39.9027
116.337 39.9027
116.337 39.9027
116.337 39.9027
116.337 39.9027
116.337 39.9027
116.337 39.9027
116.337 39.9026
116.337 39.9024
116.337 39.9023
116.337 39.9022
116.337 39.9021
116.337 39.902
116.337 39.9017
116.336 39.9016
116.336 39.9015
116.336 39.9013
116.336 39.9012
116.336 39.9011
116.336 39.9009
116.336 39.9008
116.336 39.9006
116.336 39.9004
116.336 39.9003
116.336 39.9001
116.336 39.8999
116.336 39.8997
116.336 39.8995
116.336 39.8994
116.336 39.8993
116.336 39.8993
116.336 39.8992
116.336 39.8992
116.336 39.8992
116.336 39.8992
116.336 39.8993
116.336 39.8993
116.336 39.8993
116.336 39.8993
116.336 39.8993
116.336 39.8994
116.336 39.8994
116.336 39.8994
116.336 39.8994
116.336 39.8994
116.336 39.8994
116.336 39.8995
116.336 39.8995
116.336 39.8995
116.336 39.8996
116.336 39.8996
116.336 39.8997
116.336 39.8997
116.336 39.8997
116.336 39.8998
116.336 39.8998
116.336 39.8998
116.336 39.8998
116.336 39.8999
116.336 39.8999
116.336 39.8999
116.336 39.8999
116.336 39.8999
116.336 39.9
116.336 39.9
116.336 39.9
116.336 39.9
116.336 39.9001
116.336 39.9001
116.336 39.9001
116.336 39.9001
116.336 39.9002
116.336 39.9002
116.336 39.9002
116.336 39.9002
116.336 39.9003
116.336 39.9003
116.336 39.9004
116.336 39.9004
116.336 39.9004
116.336 39.9005
116.336 39.9005
116.336 39.9005
116.336 39.9005
116.336 39.9005
116.336 39.9006
116.336 39.9006
116.336 39.9006
116.336 39.9006
116.336 39.9006
116.336 39.9006
116.336 39.9007
116.336 39.9007
116.336 39.9008
116.336 39.9008
116.336 39.9009
116.336 39.9009
116.336 39.9009
116.336 39.901
116.336 39.901
116.336 39.901
116.336 39.901
116.336 39.901
116.336 39.9011
116.336 39.9011
116.336 39.9011
116.336 39.9011
116.336 39.9011
116.336 39.9011
116.336 39.9011
116.336 39.9011
116.336 39.9011
116.336 39.9011
116.336 39.9011
116.337 39.9011
116.337 39.9011
116.337 39.9011
116.337 39.9011
116.337 39.9011
116.337 39.9011
116.337 39.9011
116.337 39.9011
116.337 39.9011
116.337 39.9011
116.337 39.9011
116.337 39.901
116.337 39.9011
116.337 39.9011
116.337 39.901
116.337 39.901
116.337 39.901
116.337 39.9011
116.337 39.901
116.337 39.901
116.337 39.901
116.337 39.901
116.337 39.901
116.337 39.901
116.337 39.901
116.337 39.901
116.337 39.901
116.337 39.901
116.337 39.901
116.338 39.901
116.338 39.901
116.338 39.901
116.338 39.901
116.338 39.901
116.338 39.901
116.338 39.9009
116.338 39.9009
116.338 39.9009
116.338 39.9009
116.338 39.9009
116.338 39.9009
116.338 39.9009
116.338 39.9009
116.338 39.9009
116.338 39.9008
116.338 39.9008
116.338 39.9008
116.338 39.9008
116.338 39.9008
116.338 39.9008
116.338 39.9008
116.338 39.9007
116.338 39.9007
116.338 39.9007
116.338 39.9007
116.338 39.9007
116.338 39.9007
116.338 39.9007
116.338 39.9007
116.338 39.9006
116.339 39.9006
116.339 39.9006
116.339 39.9006
116.339 39.9006
116.339 39.9006
116.339 39.9006
116.339 39.9005
116.339 39.9005
116.339 39.9005
116.339 39.9005
116.339 39.9005
116.339 39.9005
116.339 39.9005
116.339 39.9005
116.339 39.9004
116.339 39.9004
116.339 39.9004
116.339 39.9004
116.339 39.9004
116.339 39.9004
116.339 39.9003
116.339 39.9003
116.339 39.9003
116.339 39.9003
116.339 39.9003
116.339 39.9003
116.339 39.9002
116.339 39.9002
116.339 39.9002
116.339 39.9002
116.339 39.9001
116.339 39.9001
116.339 39.9001
116.339 39.9001
116.339 39.9001
116.339 39.9001
116.339 39.9
116.339 39.9
116.339 39.9
116.339 39.9
116.34 39.9
116.34 39.9
116.34 39.8999
116.34 39.8999
116.34 39.8999
116.34 39.8999
116.34 39.8999
116.34 39.8999
116.34 39.8998
116.34 39.8998
116.34 39.8998
116.34 39.8998
116.34 39.8998
116.34 39.8998
116.34 39.8997
116.34 39.8997
116.34 39.8997
116.34 39.8997
116.34 39.8997
116.34 39.8997
116.34 39.8997
116.34 39.8997
116.34 39.8997
116.34 39.8997
116.34 39.8997
116.34 39.8996
116.34 39.8996
116.34 39.8996
116.34 39.8996
116.34 39.8996
116.34 39.8996
116.34 39.8996
116.34 39.8996
116.34 39.8996
116.34 39.8996
116.34 39.8995
116.341 39.8995
116.341 39.8995
116.341 39.8995
116.341 39.8995
116.341 39.8995
116.341 39.8995
116.341 39.8995
116.341 39.8995
116.341 39.8995
116.341 39.8995
116.341 39.8995
116.341 39.8995
116.341 39.8994
116.341 39.8994
116.341 39.8994
116.341 39.8994
116.341 39.8994
116.341 39.8994
116.341 39.8995
116.341 39.8995
116.341 39.8995
116.341 39.8995
116.341 39.8995
116.341 39.8995
116.341 39.8995
116.341 39.8994
116.341 39.8994
116.341 39.8994
116.341 39.8994
116.341 39.8994
116.341 39.8994
116.341 39.8994
116.341 39.8993
116.341 39.8993
116.341 39.8993
116.341 39.8993
116.341 39.8993
116.342 39.8992
116.342 39.8992
116.342 39.8992
116.342 39.8991
116.342 39.8991
116.342 39.8991
116.342 39.8991
116.342 39.899
116.342 39.899
116.342 39.899
116.342 39.899
116.342 39.899
116.342 39.899
116.342 39.8989
116.342 39.8989
116.342 39.8989
116.342 39.8989
116.342 39.8989
116.342 39.8989
116.342 39.899
116.342 39.899
116.342 39.899
116.342 39.8991
116.342 39.8991
116.342 39.8991
116.342 39.8991
116.342 39.8992
116.342 39.8992
116.342 39.8992
116.343 39.8992
116.343 39.8992
116.343 39.8992
116.343 39.8993
116.343 39.8993
116.343 39.8993
116.343 39.8993
116.343 39.8994
116.343 39.8994
116.343 39.8994
116.343 39.8994
116.343 39.8994
116.343 39.8994
116.343 39.8995
116.343 39.8995
116.343 39.8995
116.343 39.8995
116.343 39.8995
116.343 39.8996
116.343 39.8996
116.343 39.8996
116.343 39.8996
116.343 39.8996
116.343 39.8996
116.343 39.8997
116.343 39.8997
116.343 39.8997
116.343 39.8998
116.343 39.8998
116.343 39.8998
116.343 39.8998
116.343 39.8998
116.343 39.8998
116.343 39.8999
116.343 39.8999
116.343 39.8999
116.343 39.8999
116.343 39.8999
116.343 39.9
116.343 39.9
116.343 39.9
116.343 39.9
116.343 39.9
116.343 39.9
116.343 39.9001
116.343 39.9001
116.343 39.9001
116.343 39.9001
116.343 39.9002
116.343 39.9002
116.343 39.9003
116.343 39.9003
116.343 39.9003
116.343 39.9003
116.343 39.9003
116.343 39.9004
116.343 39.9004
116.343 39.9003
116.343 39.9003
116.343 39.9004
116.343 39.9004
116.343 39.9004
116.343 39.9004
116.343 39.9004
116.343 39.9004
116.343 39.9005
116.343 39.9005
116.343 39.9005
116.343 39.9005
116.343 39.9006
116.343 39.9006
116.343 39.9006
116.343 39.9006
116.343 39.9007
116.343 39.9007
116.343 39.9007
116.343 39.9008
116.343 39.9008
116.343 39.9008
116.343 39.9009
116.343 39.9009
116.343 39.9009
116.343 39.9009
116.343 39.901
116.343 39.901
116.343 39.901
116.343 39.901
116.343 39.9011
116.343 39.9011
116.343 39.9011
116.343 39.9012
116.343 39.9012
116.343 39.9013
116.343 39.9013
116.343 39.9014
116.343 39.9014
116.343 39.9014
116.343 39.9014
116.343 39.9015
116.343 39.9015
116.343 39.9015
116.343 39.9015
116.343 39.9016
116.343 39.9016
116.343 39.9016
116.343 39.9016
116.343 39.9017
116.343 39.9017
116.343 39.9017
116.343 39.9017
116.343 39.9017
116.343 39.9017
116.343 39.9017
116.343 39.9017
116.343 39.9017
116.343 39.9017
116.343 39.9017
116.343 39.9017
116.343 39.9018
116.343 39.9018
116.343 39.902
116.343 39.902
116.343 39.902
116.343 39.902
116.343 39.902
116.343 39.902
116.343 39.902
116.343 39.902
116.343 39.9019
116.343 39.9019
116.343 39.9019
116.343 39.9019
116.343 39.9019
116.343 39.9019
116.343 39.9019
116.343 39.9019
116.343 39.9019
116.343 39.9019
116.343 39.9019
116.343 39.9019
116.343 39.9019
116.343 39.9019
116.343 39.9019
116.343 39.9019
116.343 39.9019
116.343 39.9019
116.343 39.9019
116.343 39.9019
116.343 39.9019
116.343 39.9019
116.343 39.9019
116.343 39.9019
116.343 39.9019
116.344 39.9019
116.344 39.9019
116.344 39.9019
116.344 39.9019
116.344 39.9019
116.344 39.9018
116.344 39.9018
116.344 39.9018
116.344 39.9018
116.344 39.9018
116.344 39.9018
116.344 39.9018
116.344 39.9017
116.344 39.9017
116.344 39.9017
116.344 39.9016
116.344 39.9016
116.344 39.9016
116.344 39.9016
116.344 39.9016
116.344 39.9016
116.344 39.9016
116.344 39.9016
116.344 39.9016
116.344 39.9016
116.344 39.9016
116.344 39.9016
116.344 39.9016
116.344 39.9016
116.344 39.9016
116.344 39.9016
116.344 39.9015
116.344 39.9015
116.344 39.9015
116.344 39.9015
116.344 39.9015
116.344 39.9015
116.344 39.9015
116.344 39.9014
116.344 39.9014
116.344 39.9014
116.344 39.9013
116.344 39.9013
116.344 39.9012
116.344 39.9012
116.344 39.9011
116.344 39.9011
116.344 39.9011
116.344 39.901
116.344 39.9009
116.344 39.9008
116.344 39.9008
116.344 39.9007
116.344 39.9007
116.344 39.9006
116.344 39.9006
116.344 39.9006
116.344 39.9006
116.344 39.9006
116.344 39.9006
116.344 39.9006
116.344 39.9005
116.344 39.9005
116.344 39.9005
116.344 39.9005
116.344 39.9005
116.344 39.9005
116.344 39.9005
116.344 39.9005
116.344 39.9005
116.344 39.9005
116.344 39.9005
116.344 39.9005
116.344 39.9004
116.344 39.9004
116.344 39.9004
116.344 39.9004
116.344 39.9003
116.344 39.9001
116.344 39.9
116.344 39.9
116.344 39.8999
116.344 39.8999
116.344 39.8998
116.344 39.8998
116.344 39.8997
116.344 39.8997
116.344 39.8997
116.344 39.8997
116.344 39.8997
116.344 39.8997
116.344 39.8996
116.344 39.8996
116.344 39.8996
116.344 39.8996
116.344 39.8996
116.344 39.8996
116.343 39.8995
116.343 39.8995
116.343 39.8995
116.343 39.8995
116.343 39.8995
116.343 39.8995
116.343 39.8994
116.343 39.8994
116.343 39.8994
116.343 39.8994
116.343 39.8994
116.343 39.8994
116.343 39.8993
116.343 39.8993
116.343 39.8993
116.343 39.8993
116.343 39.8993
116.343 39.8992
116.343 39.8992
116.343 39.8992
116.343 39.8992
116.343 39.8992
116.343 39.8991
116.343 39.8991
116.343 39.8991
116.343 39.8991
116.343 39.8991
116.343 39.8991
116.343 39.8991
116.343 39.8991
116.343 39.8991
116.343 39.8991
116.343 39.8991
116.343 39.8991
116.343 39.8991
116.343 39.899
116.343 39.899
116.342 39.899
116.342 39.899
116.342 39.8989
116.342 39.8989
116.342 39.8989
116.342 39.8989
116.342 39.8989
116.342 39.8989
116.342 39.8988
116.342 39.8988
116.342 39.8988
116.342 39.8988
116.342 39.8988
116.342 39.8989
116.342 39.8989
116.342 39.8989
116.342 39.8989
116.342 39.8989
116.342 39.8989
116.342 39.899
116.342 39.899
116.342 39.899
116.342 39.899
116.342 39.899
116.342 39.899
116.342 39.8991
116.342 39.8991
116.342 39.8991
116.342 39.8991
116.342 39.8992
116.342 39.8992
116.342 39.8992
116.342 39.8992
116.342 39.8992
116.342 39.8992
116.341 39.8993
116.341 39.8993
116.341 39.8993
116.341 39.8993
116.341 39.8993
116.341 39.8993
116.341 39.8993
116.341 39.8993
116.341 39.8993
116.341 39.8993
116.341 39.8993
116.341 39.8993
116.341 39.8993
116.341 39.8993
116.341 39.8994
116.341 39.8994
116.341 39.8994
116.341 39.8994
116.341 39.8994
116.341 39.8994
116.341 39.8994
116.341 39.8994
116.341 39.8994
116.341 39.8994
116.341 39.8995
116.341 39.8995
116.341 39.8995
116.341 39.8995
116.341 39.8995
116.341 39.8995
116.341 39.8995
116.341 39.8995
116.341 39.8995
116.341 39.8995
116.341 39.8995
116.34 39.8995
116.34 39.8995
116.34 39.8995
116.34 39.8995
116.34 39.8995
116.34 39.8995
116.34 39.8995
116.34 39.8995
116.34 39.8996
116.34 39.8995
116.34 39.8995
116.34 39.8995
116.34 39.8995
116.34 39.8995
116.34 39.8995
116.34 39.8995
116.34 39.8995
116.34 39.8995
116.34 39.8995
116.34 39.8995
116.34 39.8995
116.34 39.8995
116.34 39.8995
116.34 39.8995
116.34 39.8995
116.34 39.8995
116.34 39.8995
116.34 39.8989
116.34 39.8992
116.34 39.8992
116.34 39.8992
116.34 39.8992
116.34 39.8992
116.34 39.8992
116.34 39.8992
116.34 39.8992
116.34 39.8992
116.34 39.8992
116.34 39.8992
116.34 39.8992
116.34 39.8992
116.34 39.8991
116.34 39.8991
116.34 39.8993
116.341 39.8994
116.341 39.8994
116.341 39.8995
116.341 39.8995
116.341 39.8995
116.341 39.8995
116.341 39.8995
116.341 39.8996
116.341 39.8996
116.341 39.8996
116.341 39.8996
116.341 39.8996
116.341 39.8996
116.341 39.8996
116.341 39.8995
116.341 39.8995
116.341 39.8995
116.341 39.8995
116.341 39.8995
116.341 39.8995
116.341 39.8995
116.341 39.8995
116.341 39.8995
116.341 39.8995
116.341 39.8995
116.341 39.8995
116.341 39.8994
116.341 39.8994
116.341 39.8994
116.341 39.8994
116.341 39.8994
116.341 39.8993
116.341 39.8993
116.341 39.8993
116.341 39.8993
116.341 39.8993
116.341 39.8993
116.341 39.8993
116.341 39.8993
116.341 39.8993
116.341 39.8993
116.341 39.8993
116.341 39.8993
116.341 39.8993
116.341 39.8993
116.341 39.8993
116.341 39.8993
116.341 39.8993
116.341 39.8993
116.341 39.8993
116.341 39.8993
116.341 39.8993
116.341 39.8993
116.341 39.8993
116.341 39.8993
116.341 39.8993
116.341 39.8993
116.341 39.8993
116.341 39.8993
116.341 39.8993
116.341 39.8993
116.341 39.8993
116.341 39.8993
116.341 39.8993
116.341 39.8993
116.341 39.8993
116.341 39.8993
116.341 39.8993
116.341 39.8993
116.341 39.8993
116.341 39.8993
116.341 39.8993
116.341 39.8993
116.341 39.8993
116.341 39.8993
116.341 39.8993
116.341 39.8993
116.341 39.8993
116.341 39.8993
116.341 39.8993
116.341 39.8993
116.341 39.8993
116.341 39.8993
116.341 39.8993
116.341 39.8993
116.341 39.8993
116.341 39.8993
116.341 39.8993
116.341 39.8993
116.341 39.8993
116.341 39.8993
116.341 39.8993
116.341 39.8993
116.341 39.8993
116.341 39.8993
116.341 39.8993
116.34 39.8993
116.34 39.8993
116.34 39.8993
116.34 39.8993
116.34 39.8993
116.34 39.8993
116.34 39.8993
116.34 39.8993
116.34 39.8993
116.34 39.8993
116.34 39.8993
116.34 39.8993
116.34 39.8993
116.34 39.8993
116.34 39.8993
116.34 39.8993
116.335 39.8908
