116.461 39.9705
116.46 39.9703
116.46 39.9698
116.463 39.9683
116.463 39.9683
116.464 39.9685
116.464 39.9686
116.464 39.968
116.464 39.968
116.466 39.9678
116.468 39.9665
116.469 39.9659
116.469 39.9652
116.469 39.9651
116.47 39.9648
116.47 39.9611
116.47 39.9595
116.47 39.9595
116.47 39.9575
116.469 39.9575
116.469 39.956
116.47 39.9529
116.47 39.9529
116.47 39.9528
116.468 39.952
116.468 39.9522
116.467 39.9524
116.467 39.9538
116.467 39.9539
116.462 39.9527
116.462 39.9528
116.462 39.9533
116.462 39.9537
116.462 39.9547
116.462 39.9547
116.462 39.9548
116.462 39.955
116.462 39.9568
116.462 39.9574
116.462 39.9576
116.461 39.9581
116.46 39.9582
116.46 39.9583
116.46 39.9584
116.461 39.9588
116.468 39.9663
116.468 39.967
116.466 39.9692
116.465 39.9707
116.463 39.9723
116.463 39.9727
116.463 39.9728
116.463 39.9728
116.466 39.9751
116.466 39.9751
116.466 39.9753
116.462 39.9783
116.466 39.9823
116.471 39.9853
116.471 39.9855
116.471 39.9857
116.471 39.9862
116.462 39.9956
116.462 39.9956
116.462 39.9958
116.462 39.9958
116.462 39.9958
116.461 40.0127
116.461 40.0127
116.461 40.0128
116.461 40.0182
116.461 40.0184
116.461 40.0188
116.461 40.0192
116.461 40.0193
116.462 40.0193
116.462 40.0193
116.465 40.0195
116.465 40.0196
116.465 40.0208
116.465 40.0222
116.465 40.0224
116.465 40.0226
116.465 40.0226
116.465 40.0227
116.465 40.0228
116.467 40.0229
116.468 40.0234
116.469 40.0234
116.469 40.0234
116.474 40.0201
116.475 40.0202
116.491 40.0214
116.491 40.0214
116.499 40.0221
116.499 40.0221
116.499 40.0222
116.499 40.0222
116.499 40.0224
116.497 40.0357
116.498 40.0357
116.501 40.0359
116.501 40.0361
116.501 40.0376
116.504 40.0378
116.504 40.0378
116.5 40.0375
116.5 40.0374
116.501 40.036
116.497 40.0357
116.498 40.0325
116.499 40.0261
116.499 40.0261
116.515 40.0261
116.499 40.0221
116.499 40.0221
116.475 40.0203
116.474 40.0203
116.473 40.0205
116.469 40.0233
116.469 40.0235
116.469 40.0235
116.468 40.0235
116.468 40.0235
116.468 40.0234
116.468 40.0234
116.467 40.0229
116.467 40.0229
116.467 40.0229
116.465 40.0228
116.465 40.0227
116.465 40.0226
116.465 40.0225
116.465 40.0222
116.465 40.0192
116.465 40.0146
116.462 40.0145
116.461 40.0145
116.462 40.0145
116.465 40.0145
116.465 40.0143
116.465 40.0141
116.464 40.014
116.452 40.0144
116.425 40.0207
116.415 40.021
116.414 40.021
116.41 40.0212
116.41 40.0213
116.409 40.0219
116.409 40.0219
116.409 40.0219
116.409 40.0219
116.407 40.0218
116.407 40.0215
116.403 40.0212
116.403 40.0211
116.403 40.0211
116.403 40.0211
116.402 40.0206
116.402 40.0082
116.402 40.0044
116.401 40.0039
116.401 40.0038
116.401 40.0038
116.401 40.0037
116.398 40.0037
116.397 40.004
116.397 40.004
116.397 40.0038
116.396 40.0031
116.397 40.0032
116.397 40.0032
116.398 40.0032
116.398 40.0032
116.398 40.0036
116.401 40.0042
116.402 39.9997
116.402 39.9978
116.402 39.9967
116.401 39.9938
116.401 39.9823
116.401 39.9822
116.401 39.968
116.401 39.9677
116.401 39.9674
116.401 39.9671
116.401 39.9608
116.402 39.9479
116.402 39.9477
116.402 39.9468
116.402 39.9457
116.402 39.9457
116.402 39.9399
116.402 39.9399
116.402 39.9371
116.402 39.9369
116.402 39.9358
116.402 39.9356
116.402 39.9351
116.402 39.9349
116.402 39.9349
116.402 39.9342
116.402 39.934
116.402 39.9339
116.402 39.9335
116.403 39.9286
116.403 39.9286
116.403 39.9261
116.403 39.926
116.402 39.9258
116.402 39.9257
116.401 39.9257
116.4 39.9259
116.4 39.9258
116.4 39.9258
116.4 39.9257
116.4 39.9257
116.4 39.9237
116.4 39.9237
116.4 39.9231
116.4 39.923
116.397 39.9228
116.396 39.9222
116.394 39.9221
116.394 39.9221
116.385 39.9217
116.385 39.9214
116.385 39.9214
116.385 39.9211
116.385 39.9211
116.384 39.9209
116.383 39.9209
116.376 39.9213
116.376 39.9212
116.376 39.9212
116.376 39.9211
116.376 39.921
116.375 39.913
116.375 39.9129
116.372 39.9132
116.372 39.9132
116.371 39.9125
116.371 39.9111
116.371 39.9111
116.371 39.9109
116.371 39.9109
116.37 39.9108
116.37 39.9108
116.37 39.9096
116.37 39.9096
116.37 39.9098
116.368 39.9098
116.367 39.9101
116.369 39.9099
116.369 39.9101
116.368 39.9104
116.368 39.9131
116.37 39.913
116.372 39.9128
116.375 39.9129
116.376 39.9211
116.382 39.9208
116.382 39.9208
116.383 39.9207
116.385 39.921
116.385 39.9211
116.385 39.9217
116.386 39.9217
116.391 39.922
116.396 39.9219
116.396 39.9219
116.396 39.922
116.397 39.9222
116.398 39.9229
116.399 39.9231
116.404 39.9228
116.405 39.9224
116.405 39.9223
116.405 39.9181
116.404 39.9175
116.404 39.9174
116.404 39.9173
116.404 39.9172
116.404 39.9171
116.405 39.9172
116.405 39.9173
116.405 39.9177
116.405 39.9179
116.405 39.9228
116.41 39.9229
116.41 39.9229
116.414 39.923
116.414 39.923
116.414 39.9229
116.414 39.9229
116.414 39.923
116.414 39.9231
116.414 39.9231
116.414 39.9231
116.411 39.9232
116.411 39.9232
116.411 39.9232
116.411 39.9235
116.411 39.9259
116.411 39.926
116.411 39.926
116.412 39.926
116.412 39.926
116.412 39.926
116.413 39.9259
116.413 39.9259
116.413 39.9261
116.413 39.9261
116.415 39.926
116.415 39.926
116.415 39.926
116.416 39.926
116.416 39.926
116.416 39.926
116.416 39.926
116.416 39.926
116.417 39.9261
116.417 39.9261
116.417 39.9261
116.417 39.9261
116.418 39.9261
116.42 39.9261
116.42 39.9254
116.42 39.9254
116.42 39.9254
116.42 39.9261
116.42 39.9265
116.42 39.9277
116.42 39.9279
116.422 39.9279
116.422 39.9279
116.423 39.9282
116.423 39.9282
116.426 39.9281
116.426 39.9281
116.426 39.9281
116.426 39.9285
116.426 39.9321
116.426 39.9322
116.426 39.9322
116.427 39.9323
116.427 39.9321
116.427 39.9318
116.428 39.9318
116.428 39.9318
116.428 39.9317
116.428 39.9311
116.428 39.9315
116.428 39.9316
116.428 39.9319
116.427 39.9355
116.427 39.9355
116.428 39.9348
116.428 39.9348
116.428 39.9348
116.428 39.9348
116.429 39.9345
116.43 39.9325
116.367 39.935
116.367 39.935
116.367 39.935
116.429 39.9321
116.428 39.9329
116.428 39.933
116.427 39.9327
116.427 39.9324
116.427 39.9317
116.426 39.9239
116.426 39.9239
116.421 39.9231
116.414 39.923
116.413 39.9231
116.413 39.923
116.409 39.923
116.409 39.923
116.409 39.9231
116.409 39.9229
116.405 39.9228
116.405 39.9228
116.405 39.9228
116.405 39.9228
116.405 39.9228
116.408 39.9228
116.411 39.9227
116.411 39.9224
116.412 39.9115
116.412 39.9092
116.411 39.9082
116.412 39.9003
116.412 39.897
116.412 39.8954
116.413 39.8965
116.413 39.8962
116.412 39.8952
116.413 39.8941
116.413 39.8932
116.413 39.8865
116.414 39.8851
116.415 39.8838
116.415 39.8838
116.415 39.8797
116.415 39.8796
116.419 39.8796
116.428 39.8798
116.428 39.8798
116.433 39.8728
116.433 39.8725
116.434 39.8724
116.433 39.8727
116.433 39.8728
116.433 39.8734
116.433 39.8742
116.415 39.8796
116.415 39.8796
116.415 39.88
116.415 39.8801
116.415 39.8813
116.415 39.8814
116.415 39.8815
116.415 39.8824
116.418 39.8826
116.419 39.8825
116.434 39.8833
116.449 39.8823
116.45 39.8826
116.451 39.8825
116.456 39.883
116.457 39.883
116.458 39.8829
116.458 39.883
116.458 39.8833
116.46 39.8832
116.459 39.8828
116.46 39.8828
116.46 39.883
116.459 39.8828
116.459 39.8828
116.46 39.8829
116.461 39.883
116.461 39.883
116.461 39.883
116.461 39.8832
116.461 39.8874
116.461 39.8874
116.461 39.8876
116.456 39.8876
116.455 39.8876
116.456 39.8905
116.455 39.8905
116.455 39.8908
116.455 39.8909
116.456 39.9046
116.456 39.9046
116.456 39.9064
116.456 39.9068
116.456 39.9069
116.456 39.9072
116.456 39.9079
116.456 39.91
116.456 39.9109
116.455 39.9183
116.455 39.9183
116.446 39.9198
116.446 39.9201
116.446 39.9204
116.446 39.9205
116.446 39.9206
116.446 39.9207
116.446 39.9213
116.446 39.9213
116.446 39.9214
116.446 39.9218
116.445 39.9216
116.444 39.9216
116.444 39.9217
116.444 39.922
116.444 39.9236
116.444 39.9255
116.444 39.9256
116.446 39.9256
116.449 39.9256
116.449 39.9258
116.449 39.9261
116.45 39.9271
116.451 39.9271
116.452 39.9271
116.452 39.9271
116.452 39.927
116.454 39.927
116.455 39.9272
116.455 39.9259
116.455 39.9198
116.455 39.9195
116.455 39.9018
116.455 39.9016
116.455 39.9016
116.454 39.8665
116.454 39.8665
116.445 39.8592
116.441 39.8578
116.434 39.8576
116.433 39.8576
116.433 39.8576
116.433 39.8576
116.432 39.8577
116.432 39.8579
116.432 39.8618
116.433 39.8637
116.433 39.8638
116.433 39.8639
116.433 39.8644
116.433 39.8645
116.436 39.8644
116.436 39.8644
116.436 39.8645
116.434 39.8645
116.433 39.8646
116.433 39.8647
116.433 39.867
116.433 39.8687
116.433 39.8695
116.433 39.8697
116.433 39.87
116.433 39.8748
116.428 39.8798
116.428 39.8799
116.422 39.8798
116.419 39.8796
116.415 39.8795
116.415 39.8796
116.415 39.8797
116.413 39.8855
116.411 39.8866
116.411 39.8868
116.411 39.8874
116.412 39.8875
116.412 39.888
116.412 39.8879
116.412 39.8878
116.412 39.8877
116.412 39.8875
116.412 39.8867
116.413 39.8866
116.413 39.8862
116.413 39.8861
116.412 39.886
116.412 39.8865
116.411 39.8866
116.411 39.8865
116.413 39.8859
116.414 39.8855
116.414 39.8856
116.414 39.8856
116.414 39.8856
116.416 39.8858
116.418 39.8842
116.418 39.8833
116.419 39.8827
116.419 39.8826
116.427 39.8828
116.434 39.883
116.44 39.883
116.44 39.8829
116.44 39.8827
116.44 39.8818
116.439 39.8818
116.439 39.882
116.438 39.8968
116.437 39.8972
116.436 39.8976
116.431 39.8988
116.43 39.8993
116.43 39.8999
116.429 39.9118
116.431 39.9118
116.431 39.912
116.43 39.9138
116.43 39.9142
116.43 39.9159
116.431 39.9156
116.431 39.916
116.431 39.9162
116.431 39.9163
116.431 39.9171
116.431 39.9173
116.431 39.9174
116.431 39.9174
116.43 39.9174
116.43 39.9173
116.429 39.9173
116.429 39.9174
116.428 39.929
116.428 39.9297
116.428 39.9298
116.428 39.9299
116.428 39.9301
116.428 39.9339
116.428 39.9341
116.428 39.9346
116.428 39.9346
116.428 39.9428
116.427 39.943
116.428 39.9453
116.428 39.9457
116.428 39.9468
116.428 39.9472
116.428 39.9473
116.427 39.9477
116.427 39.948
116.426 39.9481
116.425 39.9483
116.419 39.9482
116.402 39.9478
116.401 39.9478
116.401 39.9477
116.398 39.9477
116.397 39.9477
116.384 39.9476
116.379 39.9476
116.375 39.9479
116.375 39.948
116.375 39.9484
116.373 39.9507
116.373 39.9538
116.373 39.9539
116.373 39.9539
116.374 39.9539
116.374 39.9539
116.374 39.9539
116.374 39.9539
116.374 39.9538
116.374 39.9539
116.373 39.9539
116.373 39.9541
116.373 39.9562
116.373 39.9575
116.374 39.958
116.373 39.9592
116.375 39.9614
116.379 39.962
116.381 39.9619
116.381 39.9619
116.381 39.9616
116.381 39.9616
116.382 39.9616
116.382 39.9616
116.382 39.9616
116.388 39.9618
116.389 39.9483
116.389 39.9484
116.39 39.9473
116.401 39.9475
116.402 39.9475
116.405 39.9475
116.405 39.9475
116.426 39.9481
116.428 39.9457
116.428 39.9355
116.428 39.9355
116.428 39.9337
116.427 39.9325
116.428 39.9323
116.428 39.9322
116.428 39.9301
116.428 39.9295
116.428 39.9294
116.428 39.9289
116.428 39.9253
116.428 39.9215
116.429 39.9168
116.429 39.9159
116.429 39.9151
116.429 39.9144
116.429 39.9137
116.429 39.9129
116.429 39.9121
116.429 39.9117
116.429 39.9114
116.429 39.9112
116.429 39.9111
116.429 39.9109
116.428 39.911
116.429 39.9093
116.429 39.9059
116.429 39.9058
116.429 39.9059
116.429 39.9061
116.429 39.9071
116.429 39.9072
116.434 39.907
116.435 39.907
116.435 39.9068
116.434 39.9064
116.435 39.9061
116.435 39.9058
116.435 39.9058
116.435 39.9059
116.435 39.9059
116.435 39.9061
116.435 39.9072
116.435 39.9073
116.434 39.9072
116.43 39.9074
116.43 39.9075
116.428 39.9195
116.428 39.9269
116.427 39.9338
116.427 39.9378
116.428 39.9383
116.428 39.9385
116.428 39.9386
116.428 39.9391
116.429 39.9393
116.43 39.9395
116.43 39.9397
116.43 39.9397
116.43 39.9396
116.43 39.9395
116.431 39.9396
116.434 39.9397
116.438 39.9397
116.438 39.9397
116.449 39.9398
116.455 39.9288
116.455 39.9277
116.455 39.9275
116.455 39.927
116.455 39.9265
116.455 39.9258
116.455 39.9256
116.455 39.925
116.455 39.9188
116.455 39.9181
116.455 39.916
116.456 39.9146
116.456 39.9144
116.456 39.9127
116.456 39.9106
116.456 39.9101
116.455 39.9099
116.455 39.9093
116.455 39.9087
116.455 39.9086
116.455 39.9085
116.455 39.9079
116.455 39.9076
116.455 39.907
116.455 39.9057
116.455 39.9056
116.455 39.9056
116.455 39.9058
116.455 39.9068
116.455 39.907
116.462 39.9069
116.465 39.9067
116.465 39.9067
116.47 39.9067
116.471 39.9066
116.471 39.9066
116.471 39.9066
116.471 39.9067
116.471 39.9067
116.471 39.9066
116.471 39.9047
116.471 39.9045
116.471 39.8924
116.472 39.8923
116.472 39.8923
116.472 39.8977
116.472 39.8977
116.472 39.8978
116.472 39.8977
116.472 39.8977
116.472 39.8978
116.472 39.8978
116.472 39.898
116.472 39.8989
116.472 39.8991
116.472 39.8991
116.471 39.8992
116.471 39.8992
116.471 39.8992
116.471 39.8992
116.462 39.8991
116.458 39.8994
116.457 39.8994
116.457 39.8995
116.456 39.8994
116.456 39.8996
116.456 39.9014
116.456 39.9019
116.456 39.9021
116.456 39.9032
116.456 39.9043
116.455 39.9044
116.456 39.9048
116.456 39.9049
116.456 39.9051
116.456 39.9077
116.456 39.9089
116.456 39.9113
116.456 39.9113
116.456 39.9116
116.456 39.9171
116.456 39.9171
116.456 39.9176
116.454 39.9184
116.452 39.9189
116.452 39.919
116.447 39.9204
116.446 39.9219
116.446 39.922
116.446 39.9219
116.444 39.9218
116.444 39.9219
116.444 39.9246
116.444 39.9254
116.444 39.9255
116.444 39.9256
116.44 39.9256
116.44 39.9256
116.44 39.9258
116.44 39.9259
116.44 39.926
116.439 39.9265
116.439 39.9271
116.439 39.9272
116.439 39.9273
116.439 39.9271
116.439 39.9282
116.439 39.9285
116.439 39.9288
116.438 39.929
116.438 39.9289
116.438 39.929
116.438 39.929
116.438 39.9294
116.438 39.9295
116.438 39.9295
116.438 39.9296
116.438 39.9297
116.438 39.9322
116.438 39.9323
116.441 39.9323
116.442 39.9324
116.445 39.9323
116.445 39.9323
116.447 39.9323
116.447 39.9323
116.449 39.9323
116.449 39.9323
116.449 39.9323
116.452 39.9323
116.455 39.9322
116.455 39.9321
116.455 39.9317
116.455 39.9291
116.455 39.9269
116.455 39.9268
116.455 39.9078
116.454 39.9072
116.456 39.9084
116.453 39.9071
116.453 39.9072
116.453 39.9072
116.453 39.9072
116.452 39.9073
116.451 39.9073
116.451 39.9072
116.45 39.9071
116.45 39.9069
116.45 39.907
116.449 39.9071
116.444 39.9073
116.444 39.9075
116.444 39.9113
116.444 39.9114
116.444 39.9117
116.444 39.9119
116.444 39.9119
116.449 39.9123
116.45 39.9122
116.45 39.9123
116.451 39.9123
116.452 39.9123
116.452 39.9123
116.452 39.9122
116.453 39.9119
116.455 39.9076
116.455 39.9076
116.455 39.9074
116.455 39.9074
116.455 39.9079
116.456 39.9077
116.456 39.9086
116.456 39.9118
116.456 39.9431
116.455 39.9509
116.442 39.9612
116.442 39.9612
116.44 39.9619
116.44 39.9621
116.441 39.9665
116.441 39.9665
116.443 39.9667
116.443 39.9669
116.443 39.9673
116.443 39.9678
116.445 39.968
116.445 39.9684
116.445 39.9685
116.445 39.9684
116.447 39.9669
116.446 39.9664
116.446 39.9663
116.443 39.9642
116.443 39.9641
116.443 39.964
116.442 39.9627
116.441 39.9622
116.441 39.9622
116.441 39.9611
116.445 39.9584
116.445 39.9587
116.446 39.9569
116.446 39.9569
116.444 39.9544
116.443 39.9539
116.439 39.9505
116.439 39.9505
116.439 39.9506
116.443 39.9532
116.443 39.9535
116.443 39.9537
116.442 39.954
116.441 39.9547
116.441 39.9548
116.437 39.958
116.436 39.958
116.436 39.958
116.437 39.958
116.437 39.9581
116.438 39.9585
116.44 39.9607
116.44 39.9612
116.44 39.9617
116.438 39.9632
116.429 39.9682
116.406 39.9678
116.405 39.9678
116.405 39.9678
116.402 39.968
116.402 39.9672
116.403 39.9672
116.403 39.9672
116.405 39.9674
116.405 39.9676
116.407 39.9675
116.407 39.9674
116.41 39.9675
116.41 39.9675
116.41 39.9675
116.41 39.9674
116.411 39.9674
116.411 39.9674
116.421 39.9678
116.421 39.9677
116.423 39.9675
116.423 39.9677
116.43 39.9679
116.43 39.9679
116.432 39.967
116.434 39.9652
116.435 39.965
116.437 39.9637
116.437 39.9635
116.45 39.9551
116.452 39.9475
116.464 39.9635
116.467 39.9655
116.468 39.9661
116.468 39.9661
116.471 39.9682
116.473 39.9706
116.475 39.9699
116.475 39.9699
116.475 39.97
116.476 39.9699
116.476 39.9699
116.475 39.97
116.474 39.9704
116.473 39.9703
116.473 39.9704
116.473 39.9705
116.473 39.9704
116.469 39.9669
116.461 39.9598
116.458 39.9572
116.458 39.957
116.454 39.9533
116.454 39.9533
116.453 39.9535
116.453 39.9535
116.447 39.9576
116.448 39.9585
116.448 39.9585
116.448 39.9584
116.448 39.9582
116.447 39.9574
116.444 39.955
116.441 39.9548
116.441 39.9549
116.44 39.9555
116.44 39.9554
116.439 39.9542
116.44 39.9535
116.44 39.9534
116.44 39.9533
116.44 39.9528
116.44 39.9526
116.439 39.952
116.439 39.952
116.439 39.952
116.438 39.952
116.438 39.952
116.438 39.9519
116.438 39.9538
116.439 39.9549
116.439 39.955
116.44 39.9551
116.44 39.9552
116.441 39.9562
116.441 39.9563
116.441 39.9569
116.444 39.9587
116.444 39.9588
116.45 39.9546
116.455 39.9232
116.455 39.9232
116.456 39.9219
116.458 39.9218
116.461 39.9218
116.461 39.9217
116.461 39.9216
116.461 39.9213
116.461 39.9213
116.463 39.9214
116.464 39.9214
116.464 39.9216
116.464 39.9217
116.464 39.9218
116.467 39.9218
116.475 39.9216
116.478 39.9215
116.479 39.9216
116.494 39.9218
116.494 39.9218
116.509 39.9219
116.511 39.922
116.511 39.922
116.511 39.9221
116.512 39.9222
116.512 39.9224
116.511 39.9243
116.511 39.93
116.511 39.9298
116.511 39.9288
116.511 39.9288
116.511 39.9295
116.511 39.9295
116.511 39.9301
116.511 39.9303
116.51 39.9299
116.51 39.9298
116.51 39.9298
116.509 39.9297
116.509 39.9297
116.509 39.9298
116.509 39.9297
116.508 39.9297
116.509 39.9296
116.51 39.9295
116.51 39.9296
116.51 39.9296
116.511 39.9295
116.511 39.9293
116.511 39.9292
116.511 39.9292
116.511 39.9288
116.511 39.9287
116.511 39.9287
116.511 39.9246
116.511 39.9247
116.511 39.9249
116.511 39.9391
116.511 39.9392
116.499 39.9358
116.496 39.935
116.496 39.9352
116.496 39.9356
116.496 39.9355
116.496 39.9353
116.496 39.9349
116.495 39.9348
116.495 39.9348
116.495 39.9348
116.487 39.9326
116.485 39.9325
116.484 39.9324
116.483 39.9322
116.483 39.932
116.483 39.9317
116.483 39.9074
116.483 39.9066
116.482 39.9064
116.482 39.9061
116.483 39.9046
116.484 39.9046
116.485 39.9047
116.488 39.9063
116.49 39.9066
116.49 39.9066
116.49 39.9066
116.49 39.9071
116.487 39.9075
116.485 39.9079
116.485 39.9087
116.484 39.9091
116.484 39.9092
116.483 39.9088
116.482 39.9078
116.481 39.9074
116.48 39.9073
116.471 39.9072
116.471 39.9073
116.47 39.9074
116.469 39.9074
116.469 39.9077
116.469 39.9081
116.465 39.9073
116.457 39.9073
116.456 39.9069
116.455 39.8956
116.455 39.8947
116.455 39.8929
116.455 39.8932
116.455 39.8935
116.456 39.8979
116.456 39.8981
116.456 39.8995
116.456 39.9006
116.456 39.901
116.456 39.9027
116.456 39.9041
116.456 39.9065
116.456 39.9076
116.456 39.9309
116.457 39.9308
116.459 39.9307
116.459 39.9307
116.46 39.9307
116.46 39.9306
116.46 39.9306
116.459 39.9297
116.459 39.9296
116.459 39.9296
116.459 39.9298
116.459 39.9298
116.459 39.9297
116.459 39.9297
116.459 39.9297
116.459 39.9297
116.459 39.9297
116.46 39.93
116.46 39.9304
116.459 39.9306
116.46 39.9306
116.46 39.9307
116.461 39.9306
116.461 39.9291
116.461 39.9291
116.461 39.9291
116.461 39.929
116.461 39.9288
116.461 39.9226
116.461 39.9223
116.456 39.9224
116.456 39.9241
116.456 39.9246
116.456 39.9271
116.455 39.9271
116.456 39.9318
116.456 39.9319
116.456 39.9322
116.456 39.9322
116.458 39.9323
116.466 39.9324
116.467 39.9325
116.467 39.9326
116.467 39.9339
116.469 39.9359
116.377 39.9059
116.377 39.906
116.357 39.9059
116.357 39.9059
116.357 39.9059
116.357 39.9057
116.357 39.9054
116.357 39.9029
116.357 39.8984
116.357 39.8952
116.357 39.8925
116.357 39.8922
116.358 39.8921
116.359 39.8918
116.359 39.8918
116.36 39.8939
116.36 39.8939
116.36 39.894
116.367 39.9103
116.368 39.9104
116.368 39.9107
116.368 39.9132
116.367 39.9134
116.367 39.9172
116.367 39.9173
116.367 39.9226
116.368 39.9226
116.371 39.9228
116.371 39.923
116.371 39.9252
116.371 39.9252
116.371 39.9254
116.372 39.9261
116.374 39.9265
116.374 39.9267
116.374 39.9319
116.373 39.9367
116.373 39.9397
116.373 39.9398
116.373 39.9402
116.373 39.941
116.374 39.9467
116.374 39.9468
116.375 39.9466
116.41 39.9395
116.41 39.9395
116.415 39.9395
116.415 39.9397
116.419 39.9398
116.427 39.9396
116.427 39.9396
116.427 39.9394
116.427 39.9394
116.427 39.9391
116.427 39.9391
116.431 39.8987
116.433 39.8983
116.437 39.8973
116.437 39.8968
116.437 39.8961
116.437 39.8963
116.437 39.8963
116.437 39.8962
116.437 39.8962
116.438 39.8918
116.439 39.8928
116.439 39.8947
116.439 39.8947
116.439 39.8943
116.439 39.8936
116.439 39.8925
116.433 39.8926
116.432 39.8926
116.422 39.8924
116.413 39.8918
116.413 39.8918
116.413 39.8917
116.412 39.8912
116.413 39.8863
116.413 39.8861
116.412 39.8861
116.401 39.887
116.401 39.8881
116.401 39.8876
116.401 39.8871
116.402 39.8867
116.402 39.8867
116.411 39.8865
116.413 39.8859
116.413 39.8858
116.413 39.8859
116.413 39.8861
116.413 39.8863
116.413 39.8905
116.413 39.8907
116.413 39.8914
116.412 39.8955
116.413 39.8991
116.412 39.9047
116.412 39.9066
116.412 39.9071
116.412 39.9137
116.412 39.914
116.412 39.9154
116.412 39.9154
116.411 39.9172
116.411 39.9228
116.412 39.9228
116.419 39.9229
116.427 39.923
116.428 39.9228
116.428 39.9228
116.428 39.9228
116.429 39.9228
116.429 39.923
116.432 39.9228
116.433 39.9219
116.433 39.9229
116.434 39.9228
116.444 39.9214
116.452 39.9185
116.455 39.9179
116.455 39.9177
116.455 39.9085
116.455 39.908
116.455 39.908
116.455 39.9076
116.455 39.9075
116.456 39.9322
116.466 39.9323
116.466 39.9323
116.466 39.9322
116.484 39.9331
116.484 39.9526
116.494 39.9526
116.494 39.9528
116.492 39.9593
116.492 39.9594
116.492 39.9594
116.492 39.9599
116.492 39.9601
116.491 39.9603
116.491 39.9603
116.489 39.9615
116.489 39.9614
116.484 39.9652
116.484 39.9656
116.484 39.97
116.484 39.9701
116.483 39.9701
116.476 39.9698
116.476 39.9697
116.476 39.9697
116.476 39.9697
116.474 39.9701
116.473 39.9706
116.473 39.9708
116.478 39.9748
116.483 39.9789
116.483 39.979
116.484 39.9792
116.484 39.9795
116.484 39.9864
116.483 39.9868
116.482 39.9878
116.489 39.9947
116.489 39.9948
116.489 39.9948
116.489 39.995
116.491 39.9967
116.511 40.0147
116.524 40.0336
116.524 40.0337
116.523 40.0338
116.522 40.0338
116.522 40.0337
116.522 40.0337
116.522 40.0337
116.522 40.0337
116.522 40.0337
116.522 40.0337
116.522 40.0337
116.522 40.0337
116.522 40.0337
116.522 40.0337
116.522 40.0337
116.522 40.0337
116.522 40.0337
116.522 40.0337
116.522 40.0337
116.522 40.0337
116.522 40.0337
116.522 40.0337
116.522 40.0337
116.522 40.0337
116.523 40.0337
116.523 40.0336
116.523 40.0334
116.518 40.025
116.51 40.0134
116.506 40.011
116.506 40.011
116.506 40.0109
116.505 40.0104
116.505 40.0104
116.505 40.0104
116.505 40.0104
116.505 40.0104
116.506 40.0107
116.506 40.0107
116.506 40.0109
116.506 40.0109
116.507 40.0111
116.527 40.0395
116.535 40.0535
116.548 40.0635
116.556 40.1058
116.556 40.1067
116.561 40.1156
116.581 40.1168
116.581 40.1168
116.622 40.1163
116.677 40.1146
116.682 40.1157
116.688 40.1207
116.692 40.1236
116.694 40.1241
116.694 40.1241
116.694 40.1242
116.696 40.1245
116.701 40.1245
116.726 40.1215
116.737 40.1242
116.785 40.1457
116.808 40.148
116.808 40.148
116.808 40.1481
116.808 40.1481
116.797 40.2054
116.796 40.2115
116.81 40.2119
116.813 40.2109
116.829 40.2013
116.831 40.2012
116.832 40.2016
116.835 40.2021
116.838 40.2015
116.907 40.1982
116.919 40.2025
116.921 40.2022
116.939 40.1963
116.944 40.1936
116.949 40.1931
116.958 40.193
116.969 40.1955
116.97 40.1966
116.971 40.1982
116.973 40.199
116.975 40.1992
117.008 40.199
117.008 40.1992
117.015 40.2202
117.016 40.2386
117.016 40.2387
117.016 40.2388
117.012 40.2385
117.011 40.2415
117.011 40.2415
117.01 40.2415
117.01 40.2413
117.009 40.2413
117.009 40.2413
117.009 40.2413
117.009 40.2413
117.009 40.2413
117.009 40.2413
117.009 40.2413
117.009 40.2413
117.009 40.2413
117.009 40.2413
117.009 40.2413
117.009 40.2413
117.01 40.2412
117.011 40.2416
117.011 40.2415
117.012 40.2383
117.016 40.2387
117.016 40.2385
117.016 40.2384
117.015 40.2334
117.015 40.2295
117.016 40.2293
117.033 40.2326
117.037 40.2331
117.034 40.2229
117.04 40.2095
117.048 40.2033
117.052 40.1949
117.062 40.1842
117.079 40.176
117.079 40.176
117.083 40.1642
117.085 40.1635
117.094 40.1609
117.094 40.1608
117.097 40.1595
117.1 40.1574
117.101 40.1568
117.101 40.1567
117.1 40.1567
117.095 40.1566
117.095 40.1562
117.095 40.1496
117.095 40.1492
117.095 40.1492
117.095 40.1491
117.095 40.1491
117.091 40.1488
117.091 40.1488
117.09 40.1489
117.09 40.149
117.091 40.1491
117.091 40.1492
117.091 40.1492
117.091 40.1492
117.09 40.1491
117.09 40.1491
117.09 40.149
117.09 40.1489
117.09 40.1489
117.091 40.1489
117.095 40.1489
117.095 40.1491
117.095 40.1492
117.095 40.1494
117.095 40.1522
117.095 40.1523
117.104 40.1524
117.104 40.1524
117.105 40.1523
117.105 40.1523
117.11 40.1524
117.11 40.1523
117.11 40.1523
117.11 40.1514
117.11 40.1514
117.109 40.1513
117.11 40.1513
117.11 40.1513
117.11 40.1513
116.313 39.9701
116.315 39.9661
116.315 39.9659
116.303 39.9619
116.303 39.962
116.302 39.9622
116.302 39.9657
116.3 39.9693
116.295 39.9728
116.296 39.9729
116.293 39.99
116.289 39.9929
116.288 39.9966
116.283 40.0009
116.28 40.0164
116.278 40.0189
116.278 40.0189
116.277 40.0199
116.277 40.02
116.28 40.0211
116.282 40.022
116.29 40.0231
116.291 40.0231
116.291 40.0232
116.291 40.0232
116.287 40.0228
116.287 40.0227
116.287 40.0227
116.291 40.0231
116.293 40.0234
116.293 40.0234
116.293 40.0234
116.298 40.0241
116.307 40.0248
116.308 40.0247
116.308 40.0195
116.308 40.0189
116.308 40.0184
116.312 40.0144
116.313 40.0056
116.312 40.005
116.312 40.0049
116.31 40.0046
116.309 40.0041
116.309 40.0038
116.309 40.0033
116.309 39.999
116.31 39.9857
116.31 39.9822
116.31 39.982
116.31 39.9814
116.31 39.9803
116.31 39.9776
116.311 39.9768
116.311 39.9766
116.311 39.9765
116.311 39.9765
116.311 39.9762
116.311 39.9762
116.311 39.9755
116.312 39.972
116.315 39.9661
116.315 39.9661
116.315 39.966
116.315 39.9659
116.316 39.9656
116.322 39.9657
116.322 39.9657
116.322 39.9657
116.322 39.9657
116.322 39.9657
116.322 39.9656
116.322 39.9656
116.357 39.9664
116.358 39.9664
116.359 39.9664
116.359 39.9664
116.36 39.9663
116.36 39.9663
116.373 39.9668
116.374 39.9671
116.374 39.9674
116.375 39.9711
116.374 39.985
116.374 39.9855
116.374 39.9855
116.375 39.9859
116.375 39.986
116.375 39.986
116.403 39.9867
116.403 39.9866
116.402 39.9862
116.402 39.986
116.402 39.9863
116.401 39.9932
116.401 39.9932
116.401 39.9932
116.401 39.9932
116.401 39.9932
116.402 39.9972
116.402 40.001
116.402 40.001
116.402 40.001
116.402 40.0011
116.406 40.0013
116.406 40.0012
116.407 40.0008
116.406 39.9978
116.406 39.9974
116.407 39.9974
116.407 39.9974
116.411 39.9973
116.411 39.9969
116.411 39.9837
116.411 39.9758
116.411 39.9757
116.411 39.9746
116.412 39.9742
116.412 39.9742
116.412 39.9743
116.412 39.9764
116.412 39.9765
116.411 39.9768
116.411 39.9785
116.411 39.9819
116.412 39.9819
116.414 39.982
116.414 39.9819
116.414 39.9819
116.418 39.982
116.418 39.982
116.418 39.9822
116.418 39.9829
116.418 39.9872
116.417 39.9878
116.417 39.9879
116.414 39.9878
116.414 39.9878
116.414 39.9879
116.411 39.9877
116.411 39.9879
116.411 39.9933
116.411 39.9934
116.412 39.9933
116.414 39.9928
116.414 39.9928
116.418 39.9874
116.432 39.9873
116.433 39.9868
116.435 39.9851
116.435 39.9848
116.432 39.9821
116.433 39.9818
116.433 39.9817
116.425 39.9694
116.425 39.9693
116.427 39.968
116.44 39.9618
116.439 39.9597
116.433 39.9597
116.433 39.9597
116.431 39.9621
116.429 39.9628
116.429 39.9631
116.429 39.9664
116.429 39.967
116.429 39.9669
116.429 39.9668
116.429 39.9667
116.428 39.9581
116.427 39.9581
116.427 39.9582
116.419 39.9581
116.415 39.9581
116.414 39.9583
116.412 39.958
116.412 39.9581
116.412 39.9601
116.412 39.9582
116.412 39.9582
116.412 39.9606
116.412 39.9615
116.412 39.9616
116.412 39.9625
116.412 39.9675
116.412 39.9675
116.42 39.9678
116.432 39.9672
116.455 39.951
116.455 39.9492
116.455 39.9479
116.45 39.9472
116.45 39.9471
116.45 39.9455
116.449 39.9469
116.448 39.9509
116.448 39.9506
116.447 39.9511
116.447 39.9511
116.447 39.9511
116.446 39.9514
116.446 39.9513
116.446 39.9513
116.446 39.9513
116.446 39.9513
116.445 39.9519
116.445 39.952
116.445 39.9526
116.445 39.9528
116.445 39.9532
116.447 39.9548
116.447 39.9549
116.448 39.9551
116.449 39.9553
116.45 39.9552
116.451 39.9541
116.451 39.954
116.453 39.9549
116.453 39.9548
116.453 39.9556
116.453 39.9557
116.453 39.9554
116.455 39.9534
116.456 39.9515
116.456 39.945
116.456 39.945
116.456 39.945
116.456 39.945
116.349 39.9753
116.456 39.945
116.456 39.945
116.456 39.945
116.456 39.945
116.456 39.945
116.456 39.945
116.456 39.945
116.456 39.945
116.456 39.945
116.456 39.945
116.456 39.945
116.456 39.945
116.456 39.945
116.456 39.945
116.456 39.945
116.456 39.945
116.456 39.945
116.456 39.945
116.456 39.945
116.456 39.945
116.456 39.945
116.456 39.945
116.425 39.9056
116.421 39.9045
116.421 39.9045
116.421 39.9044
116.42 39.9037
116.418 39.9031
116.414 39.9001
116.413 39.8999
116.413 39.8999
116.409 39.8997
116.409 39.8997
116.407 39.8995
116.406 39.8995
116.403 39.8995
116.401 39.8996
116.399 39.8993
116.399 39.8993
116.394 39.8989
116.39 39.8987
116.383 39.8989
116.38 39.8988
116.378 39.8987
116.378 39.8987
116.374 39.8986
116.374 39.8986
116.373 39.8986
116.371 39.8985
116.371 39.8985
116.371 39.8985
116.371 39.8986
116.367 39.8983
116.366 39.8983
116.364 39.8983
116.362 39.8982
116.362 39.8982
116.362 39.8982
116.358 39.8982
116.352 39.8979
116.322 39.8958
116.32 39.8958
116.318 39.8958
116.312 39.8957
116.311 39.8956
116.311 39.8957
116.311 39.8956
116.31 39.8957
116.309 39.8957
116.267 39.8959
116.267 39.8961
116.266 39.8965
116.267 39.8967
116.267 39.8969
116.267 39.8968
116.268 39.8965
116.268 39.8922
116.268 39.8894
116.268 39.8894
116.268 39.8892
116.268 39.8886
116.267 39.8884
116.267 39.8884
116.259 39.8884
116.259 39.8884
116.251 39.8884
116.251 39.8885
116.251 39.8885
116.251 39.8887
116.251 39.8893
116.251 39.8894
116.251 39.8899
116.251 39.89
116.251 39.8901
116.25 39.8901
116.251 39.8899
116.251 39.89
116.251 39.8905
116.251 39.8905
116.251 39.892
116.254 39.892
116.255 39.8914
116.256 39.8914
116.256 39.8914
116.259 39.8914
116.259 39.8915
116.259 39.8916
116.259 39.8948
116.259 39.895
116.259 39.8951
116.259 39.8963
116.259 39.8968
116.259 39.8978
116.259 39.8979
116.259 39.8991
116.259 39.9012
116.259 39.9029
116.259 39.9033
116.259 39.9057
116.259 39.9063
116.259 39.9087
116.259 39.9088
116.259 39.9111
116.259 39.9142
116.259 39.916
116.258 39.9164
116.259 39.9167
116.259 39.9219
116.259 39.9221
116.259 39.9226
116.259 39.9227
116.259 39.9227
116.261 39.9227
116.261 39.9228
116.261 39.923
116.261 39.9231
116.261 39.9231
116.263 39.9229
116.266 39.9227
116.267 39.9226
116.267 39.9226
116.267 39.9228
116.266 39.9234
116.265 39.9231
116.263 39.9232
116.262 39.9233
116.261 39.9234
116.261 39.9235
116.26 39.9234
116.26 39.9233
116.26 39.9233
116.259 39.9233
116.259 39.9233
116.259 39.9234
116.259 39.9235
116.259 39.9278
116.259 39.9279
116.259 39.9279
116.266 39.9275
116.269 39.9271
116.27 39.9273
116.269 39.9275
116.269 39.9399
116.269 39.9399
116.282 39.941
116.282 39.9427
116.282 39.9428
116.282 39.9429
116.282 39.944
116.282 39.9455
116.283 39.9457
116.287 39.9465
116.289 39.9462
116.293 39.945
116.319 39.9376
116.321 39.9375
116.322 39.9375
116.339 39.9372
116.342 39.9381
116.342 39.9383
116.344 39.9385
116.344 39.9386
116.344 39.9387
116.346 39.9387
116.346 39.9387
116.346 39.9387
116.346 39.9391
116.346 39.9394
116.346 39.9397
116.346 39.9398
116.346 39.9402
116.346 39.9405
116.345 39.9406
116.345 39.9412
116.345 39.9412
116.345 39.942
116.344 39.9423
116.343 39.943
116.342 39.9488
116.342 39.9487
116.342 39.9486
116.344 39.9431
116.344 39.9429
116.344 39.9428
116.345 39.9422
116.346 39.9414
116.346 39.939
116.346 39.9389
116.339 39.9376
116.339 39.9374
116.339 39.9373
116.339 39.9372
116.34 39.9372
116.34 39.9372
116.34 39.9372
116.34 39.9372
116.341 39.9374
116.341 39.9375
116.341 39.9378
116.342 39.938
116.349 39.9392
116.349 39.9392
116.352 39.9392
116.352 39.9393
116.351 39.9394
116.351 39.9396
116.35 39.9405
116.35 39.9414
116.35 39.944
116.349 39.9507
116.349 39.951
116.349 39.9517
116.349 39.9518
116.348 39.9518
116.349 39.9632
116.349 39.9636
116.349 39.9637
116.351 39.9637
116.352 39.9637
116.354 39.9637
116.354 39.9637
116.355 39.9638
116.355 39.964
116.355 39.9661
116.355 39.9662
116.359 39.9661
116.36 39.9661
116.362 39.9663
116.349 39.9674
116.348 39.9675
116.348 39.9851
116.348 39.9858
116.348 39.986
116.347 39.9919
116.347 39.9919
116.347 39.9995
116.338 39.9994
116.338 39.9995
116.338 39.9995
116.337 39.9995
116.334 39.9994
116.334 39.9993
116.343 39.9996
116.343 39.9997
116.34 39.9996
116.332 39.9992
116.332 39.9987
116.331 39.9977
116.331 39.9974
116.327 39.9944
116.327 39.9939
116.327 39.9937
116.326 39.9918
116.327 39.9802
116.327 39.9762
116.327 39.9753
116.327 39.9752
116.319 39.975
116.319 39.971
116.319 39.971
116.319 39.971
116.319 39.9707
116.319 39.9707
116.319 39.9677
116.319 39.9664
116.319 39.9662
116.32 39.9662
116.317 39.9656
116.321 39.9657
116.321 39.9657
116.322 39.9658
116.322 39.9657
116.322 39.9661
116.323 39.9658
116.323 39.9659
116.323 39.9659
116.328 39.966
116.339 39.9661
116.343 39.966
116.344 39.9661
116.344 39.966
116.344 39.966
116.36 39.9662
116.364 39.9663
116.364 39.9663
116.367 39.9663
116.379 39.9667
116.379 39.9666
116.382 39.9668
116.39 39.9668
116.389 39.9667
116.388 39.967
116.388 39.975
116.388 39.9864
116.391 39.9866
116.402 39.986
116.402 39.9859
116.401 39.986
116.401 39.9862
116.402 39.9907
116.401 39.9906
116.401 39.9901
116.402 39.9936
116.403 39.9934
116.405 39.9933
116.405 39.9934
116.408 39.9936
116.408 39.9937
116.407 39.9938
116.402 39.9936
116.401 39.9934
116.401 39.9933
116.401 39.9932
116.401 39.9929
116.401 39.9916
116.401 39.9742
116.401 39.9739
116.401 39.9672
116.401 39.9672
116.401 39.9671
116.401 39.9669
116.401 39.9669
116.401 39.967
116.404 39.9672
116.43 39.9677
116.435 39.965
116.44 39.9618
116.439 39.9625
116.439 39.9632
116.438 39.9634
116.438 39.9639
116.438 39.9639
116.438 39.9639
116.438 39.964
116.439 39.9648
116.439 39.9648
116.439 39.9647
116.439 39.9647
116.439 39.9644
116.439 39.9637
116.439 39.9635
116.439 39.9635
116.439 39.9637
116.439 39.9634
116.439 39.9635
116.439 39.9648
116.439 39.9647
116.44 39.9647
116.441 39.9645
116.441 39.9644
116.441 39.9642
116.441 39.964
116.441 39.9638
116.441 39.9639
116.441 39.9661
116.441 39.9662
116.442 39.9659
116.443 39.9646
116.443 39.9643
116.443 39.9643
116.443 39.9642
116.443 39.9642
116.443 39.9637
116.443 39.9637
116.443 39.9637
116.442 39.9624
116.442 39.9622
116.442 39.962
116.441 39.9618
116.441 39.9618
116.441 39.9615
116.441 39.9616
116.441 39.9612
116.441 39.9607
116.451 39.9541
116.45 39.9533
116.449 39.9519
116.449 39.9518
116.449 39.9518
116.449 39.9517
116.449 39.9517
116.449 39.9516
116.449 39.9516
116.448 39.9507
116.448 39.9504
116.448 39.9504
116.449 39.9488
116.449 39.947
116.452 39.9473
116.455 39.9477
116.455 39.9477
116.455 39.9476
116.456 39.9326
116.472 39.9325
116.483 39.9324
116.49 39.9332
116.495 39.9346
116.511 39.939
116.511 39.9388
116.511 39.9336
116.509 39.9337
116.508 39.9336
116.507 39.9335
116.507 39.9329
116.507 39.9329
116.507 39.9331
116.508 39.9337
116.508 39.9337
116.508 39.9338
116.508 39.9338
116.509 39.9336
116.511 39.9337
116.511 39.9339
116.511 39.939
116.511 39.939
116.511 39.9391
116.511 39.9391
116.489 39.9332
116.489 39.9332
116.489 39.9333
116.489 39.9333
116.489 39.9335
116.489 39.9336
116.489 39.9337
116.489 39.9353
116.489 39.9354
116.488 39.9353
116.488 39.9353
116.486 39.9357
116.486 39.9357
116.486 39.9357
116.486 39.9392
116.486 39.9393
116.484 39.9394
116.484 39.9396
116.484 39.9526
116.484 39.9526
116.494 39.9526
116.494 39.9528
116.493 39.9579
116.492 39.9579
116.492 39.9581
116.492 39.959
116.492 39.959
116.485 39.957
116.485 39.9571
116.484 39.9578
116.484 39.9578
116.482 39.9569
116.482 39.9569
116.482 39.9563
116.484 39.949
116.483 39.907
116.483 39.9066
116.482 39.9064
116.482 39.9055
116.483 39.9044
116.483 39.9035
116.484 39.8995
116.499 39.8995
116.499 39.8995
116.504 39.8995
116.505 39.8994
116.505 39.8993
116.505 39.8991
116.505 39.8989
116.505 39.8978
116.505 39.8978
116.505 39.8979
116.505 39.8982
116.505 39.8996
116.504 39.8996
116.503 39.8996
116.503 39.8996
116.501 39.8996
116.484 39.8994
116.484 39.8994
116.472 39.8993
116.472 39.8994
116.472 39.8997
116.472 39.9036
116.472 39.9036
116.472 39.9037
116.471 39.904
116.443 39.9026
116.431 39.9021
116.43 39.9023
116.43 39.9085
116.43 39.9085
116.43 39.9086
116.43 39.9086
116.43 39.9073
116.429 39.9073
116.429 39.9084
116.429 39.9085
116.429 39.9086
116.429 39.9085
116.429 39.9082
116.429 39.9082
116.427 39.9037
116.426 39.9036
116.421 39.9038
116.421 39.9041
116.421 39.9052
116.421 39.9052
116.421 39.9046
116.421 39.9042
116.421 39.9041
116.421 39.9038
116.42 39.9037
116.418 39.9036
116.418 39.9068
116.418 39.907
116.419 39.907
116.42 39.907
116.421 39.907
116.433 39.907
116.435 39.9069
116.435 39.9069
116.435 39.9068
116.435 39.9068
116.435 39.9067
116.435 39.9057
116.435 39.9057
116.435 39.9059
116.435 39.9061
116.435 39.907
116.435 39.907
116.435 39.9071
116.435 39.9071
116.444 39.907
116.445 39.9069
116.453 39.9066
116.453 39.9066
116.455 39.9065
116.455 39.9065
116.455 39.9063
116.454 39.9052
116.456 39.9053
116.456 39.9047
116.455 39.9034
116.455 39.8719
116.455 39.8701
116.455 39.8697
116.458 39.8698
116.458 39.8697
116.458 39.868
116.458 39.868
116.459 39.868
116.459 39.868
116.458 39.868
116.458 39.8679
116.458 39.8667
116.455 39.8668
116.455 39.8668
116.455 39.867
116.455 39.8683
116.455 39.8747
116.455 39.8952
116.456 39.8963
116.456 39.9057
116.457 39.9063
116.457 39.9064
116.472 39.907
116.472 39.9074
116.472 39.9139
116.472 39.914
116.472 39.9141
116.472 39.9141
116.478 39.9141
116.479 39.9141
116.483 39.9142
116.483 39.9142
116.484 39.9146
116.484 39.9526
116.484 39.9526
116.484 39.9526
116.485 39.9526
116.494 39.9527
116.492 39.9593
116.491 39.9594
116.491 39.9592
116.492 39.9595
116.492 39.9597
116.492 39.9598
116.491 39.9601
116.489 39.9615
116.489 39.9616
116.489 39.9616
116.489 39.9616
116.482 39.9569
116.468 39.9519
116.468 39.952
116.468 39.9524
116.467 39.9538
116.466 39.9537
116.466 39.9539
116.466 39.9546
116.466 39.9547
116.466 39.9547
116.465 39.9547
116.465 39.9546
116.464 39.9542
116.463 39.9541
116.463 39.9541
116.463 39.954
116.462 39.9539
116.462 39.954
116.462 39.9576
116.461 39.9579
116.466 39.9652
116.468 39.9661
116.468 39.9669
116.468 39.9669
116.466 39.9693
116.465 39.9712
116.463 39.9723
116.463 39.9723
116.463 39.9727
116.463 39.9728
116.463 39.9728
116.466 39.975
116.466 39.9751
116.464 39.9764
116.462 39.9781
116.462 39.9783
116.462 39.9786
116.471 39.9863
116.471 39.9863
116.471 39.9866
116.471 39.9868
116.471 39.9871
116.465 39.9916
116.47 39.9962
116.472 39.9971
116.473 39.9976
116.473 39.9991
116.473 39.9992
116.472 39.9992
116.472 39.999
116.472 39.999
116.472 39.999
116.469 39.9987
116.468 39.9984
116.468 39.9982
116.468 39.9978
116.467 39.9975
116.467 39.9974
116.467 39.9975
116.466 39.9984
116.466 39.9982
116.466 39.9981
116.467 39.9973
116.467 39.9973
116.467 39.9971
116.466 39.9966
116.467 39.9966
116.467 39.9964
116.467 39.9963
116.467 39.9961
116.468 39.9957
116.468 39.9957
116.468 39.9958
116.468 39.9958
116.467 39.9959
116.467 39.9961
116.467 39.9965
116.466 39.9965
116.467 39.9967
116.467 39.9967
116.467 39.9969
116.481 39.988
116.483 39.9866
116.483 39.9863
116.484 39.9711
116.484 39.9709
116.484 39.9708
116.484 39.9708
116.484 39.9709
116.483 39.9714
116.483 39.9716
116.483 39.9717
116.478 39.9749
116.475 39.9767
116.475 39.9768
116.472 39.9788
116.466 39.9824
116.462 39.9782
116.462 39.978
116.464 39.9766
116.464 39.9766
116.465 39.9774
116.465 39.9775
116.465 39.9775
116.465 39.9774
116.465 39.9774
116.465 39.9773
116.464 39.9768
116.462 39.9781
116.462 39.9783
116.464 39.9805
116.464 39.9805
116.464 39.9805
116.464 39.9805
116.464 39.9806
116.466 39.9822
116.466 39.9823
116.466 39.9825
116.466 39.9827
116.466 39.9832
116.463 39.9847
116.462 39.9846
116.46 39.9828
116.46 39.9789
116.467 39.9745
116.467 39.9744
116.467 39.9742
116.464 39.9724
116.462 39.9722
116.462 39.9722
116.462 39.9721
116.462 39.9721
116.46 39.9704
116.46 39.97
116.461 39.9697
116.463 39.9686
116.463 39.9684
116.464 39.9684
116.464 39.9682
116.464 39.9677
116.464 39.9676
116.463 39.9676
116.463 39.9674
116.463 39.9672
116.463 39.9671
116.463 39.9671
116.464 39.9671
116.464 39.9671
116.465 39.967
116.465 39.967
116.465 39.9658
116.465 39.9658
116.465 39.9656
116.465 39.9652
116.466 39.9653
116.466 39.9649
116.465 39.964
116.462 39.9609
116.46 39.9588
116.46 39.9586
116.46 39.9585
116.46 39.9584
116.457 39.9558
116.457 39.9559
116.456 39.9555
116.454 39.9533
116.454 39.9533
116.447 39.9576
116.447 39.9579
116.447 39.9581
116.448 39.9586
116.448 39.9584
116.432 39.9534
116.432 39.9534
116.432 39.9534
116.431 39.9534
116.432 39.9534
116.433 39.9536
116.433 39.9537
116.433 39.9581
116.433 39.9599
116.433 39.9601
116.433 39.9605
116.433 39.9606
116.431 39.9614
116.43 39.9622
116.43 39.962
116.43 39.9619
116.431 39.9618
116.431 39.9616
116.435 39.9647
116.435 39.9646
116.44 39.9613
116.431 39.9676
116.429 39.9682
116.36 39.98
116.359 39.9751
116.36 39.9751
116.362 39.9753
116.362 39.9753
116.362 39.9753
116.362 39.9753
116.363 39.9753
116.363 39.9751
116.364 39.9748
116.364 39.9669
116.364 39.9667
116.364 39.9669
116.364 39.9668
116.364 39.9668
116.369 39.9603
116.369 39.9607
116.368 39.9609
116.365 39.9609
116.365 39.9609
116.364 39.9637
116.364 39.9639
116.364 39.966
116.364 39.9663
116.364 39.9663
116.369 39.9665
116.369 39.9664
116.405 39.9674
116.405 39.9674
116.411 39.9676
116.411 39.9676
116.423 39.9678
116.423 39.968
116.43 39.9678
116.43 39.9677
116.429 39.9671
116.429 39.965
116.429 39.9648
116.43 39.9623
116.43 39.962
116.431 39.9617
116.433 39.9601
116.433 39.9601
116.433 39.9601
116.434 39.9603
116.437 39.9632
116.437 39.9633
116.437 39.9633
116.475 39.9761
116.474 39.9775
116.474 39.9806
116.477 39.983
116.464 39.9915
116.464 39.9915
116.463 39.9965
116.463 39.9968
116.463 39.9968
116.463 39.9967
116.463 39.9967
116.464 39.9971
116.465 39.9983
116.466 39.9981
116.478 39.9898
116.478 39.9894
116.478 39.9894
116.482 39.9879
116.482 39.9879
116.482 39.9878
116.482 39.9879
116.501 40.0056
116.516 40.0228
116.525 40.0333
116.524 40.0336
116.524 40.0336
116.524 40.0337
116.524 40.0337
116.522 40.0336
116.522 40.0336
116.522 40.0338
116.523 40.0338
116.523 40.0339
116.523 40.0337
116.523 40.0336
116.51 40.0133
116.507 40.011
116.507 40.0108
116.482 39.988
116.482 39.9881
116.482 39.9881
116.477 39.9833
116.478 39.9821
116.482 39.9793
116.482 39.9789
116.482 39.9786
116.478 39.9753
116.478 39.9753
116.478 39.9752
116.473 39.9711
116.473 39.971
116.473 39.9708
116.473 39.9706
116.476 39.9697
116.482 39.9699
116.483 39.97
116.483 39.97
116.484 39.9699
116.484 39.9696
116.484 39.9651
116.484 39.9648
116.489 39.9619
116.489 39.9618
116.486 39.9588
116.478 39.9552
116.477 39.955
116.473 39.9536
116.47 39.9529
116.465 39.9512
116.465 39.9512
116.465 39.9511
116.466 39.948
116.468 39.9442
116.466 39.9437
116.466 39.9437
116.466 39.9437
116.468 39.9439
116.468 39.9438
116.469 39.9367
116.468 39.9357
116.466 39.9325
116.455 39.9317
116.455 39.9312
116.455 39.9266
116.454 39.9261
116.455 39.9071
116.444 39.9072
116.444 39.9075
116.444 39.9119
116.444 39.912
116.444 39.9163
116.444 39.9177
116.444 39.9181
116.444 39.9213
116.444 39.9213
116.444 39.9213
116.444 39.9213
116.445 39.9213
116.446 39.9204
116.449 39.9193
116.451 39.9188
116.451 39.9187
116.451 39.9182
116.451 39.9176
116.453 39.9157
116.452 39.9161
116.451 39.9156
116.451 39.9156
116.451 39.9153
116.451 39.9135
116.451 39.9106
116.452 39.9091
116.452 39.9086
116.452 39.9085
116.452 39.9076
116.452 39.9076
116.452 39.9075
116.452 39.9075
116.452 39.9075
116.454 39.9077
116.454 39.9078
116.454 39.9079
116.455 39.9083
116.455 39.909
116.455 39.9091
116.456 39.9076
116.456 39.9078
116.469 39.9122
116.469 39.9123
116.47 39.9123
116.47 39.9121
116.47 39.912
116.47 39.9111
116.47 39.9106
116.468 39.9102
116.468 39.9101
116.469 39.91
116.47 39.91
116.471 39.9105
116.471 39.9104
116.471 39.91
116.471 39.9072
116.471 39.9072
116.471 39.9071
116.471 39.9072
116.471 39.9072
116.47 39.9072
116.469 39.9074
116.469 39.9074
116.469 39.9072
116.445 39.9072
116.445 39.9072
116.429 39.9074
116.429 39.9076
116.429 39.9085
116.429 39.9085
116.429 39.9083
116.429 39.9083
116.429 39.9038
116.427 39.9037
116.423 39.9039
116.423 39.904
116.423 39.9053
116.423 39.9054
116.423 39.9055
116.423 39.9068
116.424 39.9069
116.424 39.9069
116.424 39.9069
116.426 39.9039
116.426 39.9039
116.426 39.9038
116.424 39.9036
116.421 39.9038
116.421 39.9038
116.421 39.9046
116.421 39.9052
116.421 39.9051
116.421 39.9039
116.421 39.9038
116.421 39.9038
116.419 39.9036
116.418 39.9036
116.418 39.9037
116.418 39.9038
116.418 39.9063
116.418 39.9063
116.418 39.9065
116.418 39.9067
116.419 39.9067
116.421 39.9068
116.421 39.9067
116.421 39.9038
116.421 39.9038
116.421 39.9038
116.42 39.9037
116.418 39.9036
116.418 39.9036
116.418 39.9037
116.418 39.9038
116.418 39.9042
116.418 39.9051
116.418 39.9053
116.418 39.9055
116.418 39.9058
116.418 39.9066
116.418 39.9068
116.418 39.9069
116.418 39.9069
116.435 39.9069
116.438 39.9069
116.438 39.9068
116.438 39.9068
116.438 39.9066
116.438 39.9065
116.438 39.9057
116.438 39.9056
116.437 39.9036
116.438 39.9036
116.438 39.9036
116.438 39.9059
116.438 39.9061
116.438 39.9068
116.453 39.9067
116.454 39.9066
116.455 39.9065
116.455 39.9031
116.455 39.8836
116.455 39.8813
116.455 39.8812
116.455 39.8811
116.455 39.881
116.455 39.8809
116.455 39.8808
116.455 39.8723
116.454 39.8723
116.45 39.8724
116.45 39.8725
116.45 39.8729
116.45 39.8748
116.45 39.8748
116.454 39.8747
116.454 39.8745
116.455 39.8743
116.455 39.8723
116.454 39.8723
116.454 39.8723
116.453 39.8724
116.453 39.8724
116.453 39.8724
116.453 39.8724
116.453 39.8723
116.453 39.8723
116.453 39.8723
116.453 39.8723
116.453 39.8723
116.453 39.8724
116.45 39.8723
116.45 39.8727
116.45 39.8736
116.45 39.8741
116.45 39.8747
116.45 39.8749
116.446 39.8749
116.439 39.8749
116.439 39.875
116.439 39.8758
116.44 39.8778
116.439 39.8846
116.439 39.8847
116.44 39.8845
116.44 39.8841
116.44 39.8834
116.44 39.8833
116.435 39.8831
116.434 39.8831
116.434 39.8832
116.432 39.883
116.411 39.8867
116.408 39.8869
116.407 39.8869
116.398 39.8865
116.393 39.8852
116.389 39.8849
116.389 39.8849
116.389 39.8849
116.389 39.8849
116.389 39.8849
116.389 39.8849
116.388 39.8849
116.388 39.8849
116.384 39.8848
116.379 39.8847
116.379 39.8847
116.379 39.8846
116.379 39.8844
116.918 40.1519
116.918 40.1519
116.378 39.8819
116.464 39.991
116.464 39.991
116.376 39.8819
116.376 39.8819
116.376 39.8818
116.376 39.8818
116.376 39.8818
116.376 39.8817
116.376 39.8776
116.376 39.8775
116.376 39.8775
116.368 39.8773
116.368 39.8773
116.368 39.8794
116.368 39.8796
116.368 39.8796
116.368 39.8867
116.368 39.8877
116.369 39.8878
116.376 39.8879
116.376 39.8879
116.376 39.8879
116.377 39.8879
116.378 39.8879
116.379 39.885
116.379 39.8849
116.379 39.8827
116.379 39.8819
116.379 39.8818
116.384 39.882
116.384 39.882
116.384 39.882
116.384 39.8821
116.384 39.883
116.384 39.883
116.384 39.8845
116.384 39.8847
116.386 39.885
116.39 39.885
116.392 39.885
116.392 39.885
116.392 39.885
116.405 39.8867
116.406 39.8867
116.406 39.8868
116.41 39.8868
116.412 39.8862
116.413 39.8859
116.414 39.8856
116.414 39.8856
116.416 39.8858
116.418 39.8845
116.418 39.8834
116.419 39.883
116.419 39.8827
116.419 39.8827
116.424 39.8827
116.424 39.8824
116.424 39.8825
116.425 39.8826
116.425 39.8827
116.425 39.8829
116.425 39.8834
116.425 39.885
116.425 39.8852
116.425 39.8852
116.425 39.8867
116.425 39.8867
116.425 39.8869
116.425 39.8882
116.424 39.8892
116.422 39.8907
116.422 39.8914
116.422 39.8916
116.422 39.8915
116.422 39.8918
116.422 39.892
116.421 39.8922
116.421 39.8922
116.413 39.8918
116.413 39.8923
116.412 39.8989
116.412 39.8993
116.412 39.8996
116.412 39.8997
116.412 39.8997
116.407 39.8996
116.405 39.8996
116.404 39.8996
116.404 39.8996
116.402 39.8996
116.403 39.8989
116.402 39.8988
116.402 39.8988
116.402 39.8989
116.401 39.9002
116.401 39.9004
116.631 39.9018
116.401 39.9007
116.401 39.9009
116.401 39.9013
116.401 39.9029
116.401 39.903
116.401 39.9052
116.401 39.9055
116.401 39.9109
116.401 39.9128
116.401 39.913
116.401 39.9138
116.401 39.9139
116.405 39.9141
116.405 39.9143
116.405 39.9155
116.405 39.9167
116.405 39.9185
116.405 39.9185
116.405 39.9223
116.405 39.9224
116.405 39.9225
116.405 39.9227
116.405 39.9227
116.405 39.9228
116.405 39.9228
116.411 39.9229
116.42 39.9229
116.425 39.9229
116.425 39.9229
116.426 39.9226
116.426 39.9217
116.426 39.9217
116.426 39.9198
116.425 39.9195
116.422 39.9203
116.422 39.9203
116.421 39.9204
116.421 39.9203
116.42 39.9203
116.42 39.9203
116.419 39.9203
116.419 39.9205
116.419 39.9225
116.419 39.9226
116.42 39.9226
116.427 39.9227
116.428 39.9226
116.429 39.9228
116.429 39.9228
116.429 39.9229
116.432 39.923
116.432 39.9229
116.432 39.9228
116.433 39.9227
116.433 39.9226
116.433 39.9226
116.434 39.9225
116.434 39.9223
116.435 39.9214
116.435 39.9212
116.435 39.9211
116.435 39.9211
116.435 39.9212
116.436 39.9211
116.436 39.9214
116.436 39.9216
116.435 39.9214
116.435 39.9214
116.435 39.9216
116.435 39.9219
116.435 39.9221
116.435 39.9224
116.435 39.9225
116.434 39.925
116.434 39.9255
116.434 39.9256
116.432 39.9256
116.431 39.9256
116.431 39.9256
116.431 39.9286
116.431 39.9288
116.431 39.9289
116.431 39.932
116.431 39.9319
116.431 39.9319
116.434 39.9323
116.434 39.9322
116.433 39.93
116.434 39.9299
116.434 39.9299
116.434 39.9297
116.434 39.9295
116.435 39.926
116.435 39.9258
116.437 39.9257
116.437 39.9256
116.437 39.9255
116.438 39.9256
116.438 39.9258
116.438 39.9321
116.438 39.9322
116.448 39.9323
116.448 39.9323
116.449 39.9323
116.455 39.9322
116.455 39.9322
116.455 39.9322
116.455 39.9321
116.455 39.932
116.455 39.9288
116.455 39.9222
116.456 39.9224
116.456 39.9274
116.456 39.9275
116.457 39.9275
116.457 39.9255
116.457 39.9255
116.455 39.9268
116.456 39.9264
116.455 39.9261
116.456 39.9258
116.456 39.9303
116.455 39.9234
116.455 39.9232
116.455 39.9209
116.455 39.9195
116.455 39.915
116.455 39.9143
116.455 39.9143
116.455 39.9142
116.457 39.9147
116.457 39.9146
116.457 39.9145
116.456 39.9128
116.458 39.9124
116.466 39.9123
116.467 39.9125
116.47 39.9124
116.47 39.9121
116.47 39.9115
116.47 39.9115
116.47 39.9115
116.47 39.9115
116.47 39.91
116.472 39.9108
116.472 39.9106
116.472 39.9106
116.472 39.9107
116.472 39.9106
116.472 39.9103
116.472 39.9102
116.472 39.9099
116.471 39.9091
116.472 39.9091
116.472 39.9076
116.471 39.907
116.471 39.907
116.466 39.9072
116.466 39.9073
116.465 39.9071
116.457 39.9073
116.457 39.9073
116.457 39.9073
116.457 39.9073
116.456 39.908
116.456 39.9116
116.456 39.9125
116.456 39.9306
116.456 39.9306
116.456 39.9312
116.455 39.9311
116.455 39.9309
116.455 39.9308
116.454 39.9308
116.454 39.9308
116.454 39.9309
116.453 39.9313
116.453 39.9314
116.453 39.9316
116.453 39.9319
116.453 39.932
116.454 39.9321
116.455 39.9322
116.455 39.932
116.455 39.923
116.455 39.9226
116.456 39.9223
116.456 39.9274
116.458 39.9274
116.458 39.9276
116.456 39.9275
116.456 39.9276
116.456 39.9319
116.456 39.932
116.456 39.9322
116.455 39.9325
116.45 39.9325
116.45 39.9325
116.445 39.9325
116.445 39.9325
116.445 39.9326
116.445 39.9326
116.438 39.9326
116.438 39.9325
116.438 39.9325
116.438 39.9325
116.437 39.9324
116.434 39.9324
116.434 39.9325
116.434 39.9326
116.434 39.9328
116.434 39.9346
116.434 39.9345
116.434 39.9341
116.435 39.9341
116.435 39.934
116.435 39.9342
116.435 39.9342
116.435 39.9341
116.435 39.9341
116.435 39.9338
116.435 39.9338
116.435 39.9338
116.434 39.9338
116.434 39.935
116.434 39.9352
116.435 39.9352
116.435 39.9352
116.437 39.9352
116.437 39.9351
116.439 39.9353
116.439 39.9353
116.439 39.9353
116.439 39.9353
116.442 39.9351
116.442 39.935
116.442 39.9351
116.442 39.9351
116.438 39.935
116.438 39.935
116.438 39.9351
116.438 39.9353
116.438 39.9364
116.438 39.9378
116.438 39.9397
116.439 39.9397
116.448 39.9399
116.449 39.9397
116.449 39.9386
116.449 39.9374
116.449 39.9362
116.449 39.9331
116.449 39.933
116.449 39.9327
116.449 39.9323
116.45 39.9323
116.454 39.9323
116.454 39.9323
116.454 39.9323
116.458 39.9323
116.46 39.9323
116.46 39.9323
116.46 39.9323
116.46 39.9323
116.461 39.9323
116.461 39.9322
116.461 39.9314
116.461 39.9312
116.461 39.931
116.461 39.9309
116.461 39.9309
116.461 39.9305
116.461 39.9305
116.461 39.9297
116.461 39.9296
116.461 39.9293
116.461 39.9292
116.461 39.9289
116.461 39.9287
116.461 39.9276
116.461 39.9243
116.461 39.9243
116.461 39.9243
116.462 39.9243
116.462 39.9243
116.463 39.9243
116.463 39.9243
116.426 39.8566
116.426 39.8566
116.426 39.8568
116.426 39.8592
116.426 39.8593
116.428 39.8596
116.428 39.8596
116.428 39.8597
116.428 39.86
116.428 39.8603
116.429 39.8608
116.431 39.8605
116.431 39.8606
116.432 39.8605
116.432 39.8607
116.433 39.861
116.432 39.8642
116.432 39.8641
116.432 39.8641
116.433 39.8678
116.433 39.8686
116.434 39.8693
116.434 39.8694
116.434 39.8696
116.433 39.87
116.433 39.8709
116.433 39.8709
116.437 39.8708
116.437 39.8709
116.437 39.8711
116.439 39.8783
116.439 39.8802
116.438 39.8802
116.434 39.8801
116.434 39.8802
116.434 39.8805
116.434 39.8805
116.434 39.8831
116.433 39.8832
116.433 39.8831
116.433 39.8831
116.433 39.883
116.427 39.8828
116.427 39.8829
116.426 39.883
116.426 39.8829
116.425 39.883
116.425 39.883
116.425 39.8831
116.425 39.885
116.425 39.886
116.425 39.8861
116.424 39.8881
116.424 39.8881
116.424 39.8891
116.424 39.8891
116.422 39.8908
116.422 39.8912
116.422 39.8916
116.422 39.8917
116.413 39.8918
116.413 39.8918
116.413 39.892
116.413 39.8921
116.413 39.8925
116.412 39.8933
116.412 39.8934
116.412 39.8992
116.412 39.8992
116.412 39.8995
116.412 39.8997
116.412 39.8998
116.412 39.8998
116.406 39.8996
116.406 39.8996
116.404 39.8995
116.401 39.8994
116.394 39.8989
116.393 39.8991
116.393 39.8996
116.393 39.9061
116.393 39.9063
116.386 39.9061
116.377 39.9059
116.377 39.9061
116.376 39.9119
116.375 39.9132
116.375 39.9132
116.375 39.9132
116.372 39.9132
116.37 39.9133
116.369 39.9135
116.369 39.9135
116.369 39.9136
116.369 39.9136
116.369 39.9139
116.369 39.9152
116.37 39.9154
116.37 39.9155
116.37 39.9156
116.37 39.9165
116.37 39.9168
116.371 39.917
116.371 39.918
116.371 39.9182
116.371 39.9184
116.371 39.9192
116.371 39.9192
116.371 39.9192
116.371 39.9211
116.371 39.9212
116.371 39.9212
116.368 39.9211
116.368 39.9211
116.367 39.9211
116.367 39.9213
116.367 39.9223
116.367 39.9309
116.367 39.9309
116.367 39.9307
116.367 39.9309
116.366 39.931
116.362 39.9312
116.362 39.9311
116.359 39.9312
116.359 39.9313
116.358 39.9359
116.358 39.939
116.358 39.939
116.357 39.9434
116.357 39.9435
116.357 39.9436
116.36 39.9441
116.357 39.9437
116.357 39.9436
116.357 39.9434
116.358 39.9392
116.356 39.9392
116.356 39.9392
116.353 39.9392
116.351 39.9393
116.35 39.9402
116.35 39.9404
116.35 39.9413
116.35 39.9419
116.35 39.9466
116.351 39.9467
116.351 39.9466
116.353 39.9465
116.353 39.9466
116.353 39.9466
116.35 39.9468
116.35 39.9469
116.35 39.9506
116.35 39.9507
116.354 39.9511
116.354 39.9513
116.354 39.9513
116.355 39.9512
116.355 39.9513
116.355 39.9526
116.355 39.9536
116.355 39.9562
116.355 39.9565
116.355 39.9566
116.365 39.9567
116.365 39.9568
116.364 39.9655
116.364 39.9656
116.364 39.9659
116.364 39.9659
116.364 39.966
116.364 39.9662
116.365 39.9663
116.392 39.967
116.392 39.967
116.411 39.9678
116.416 39.9677
116.418 39.9677
116.418 39.9677
116.43 39.9679
116.43 39.9624
116.43 39.9624
116.432 39.9611
116.432 39.9611
116.432 39.9611
116.433 39.9603
116.433 39.96
116.434 39.9601
116.437 39.9634
116.44 39.9619
116.44 39.962
116.438 39.9634
116.431 39.9677
116.429 39.9684
116.426 39.9685
116.426 39.9687
116.45 40.0136
116.451 40.0149
116.451 40.0155
116.451 40.016
116.451 40.0164
116.45 40.0167
116.449 40.0166
116.446 40.0161
116.437 40.019
116.433 40.02
116.433 40.0203
116.433 40.0205
116.434 40.0205
116.435 40.0198
116.435 40.0188
116.435 40.0186
116.434 40.0185
116.434 40.0187
116.433 40.019
116.433 40.0192
116.433 40.0194
116.433 40.0195
116.445 40.0159
116.447 40.0153
116.448 40.013
116.448 40.0121
116.438 39.9898
116.436 39.988
116.435 39.9877
116.367 39.9861
116.36 39.9858
116.362 39.9857
116.371 39.986
116.373 39.9857
116.373 39.9858
116.372 39.9872
116.368 39.9954
116.368 39.9954
116.368 39.9954
116.368 39.9955
116.368 39.9955
116.37 39.997
116.37 39.9971
116.37 39.9988
116.37 39.9989
116.37 40.0001
116.37 40.0002
116.37 40.0003
116.37 40.0003
116.374 40.0004
116.374 39.9999
116.374 39.9996
116.374 39.9994
116.374 39.9962
116.374 39.9962
116.377 39.9963
116.381 39.9964
116.381 39.9962
116.381 39.9951
116.381 39.9817
116.382 39.9809
116.387 39.9811
116.387 39.9809
116.387 39.9806
116.388 39.9776
116.388 39.9769
116.388 39.9757
116.388 39.9619
116.389 39.9585
116.389 39.9585
116.389 39.9477
116.389 39.9477
116.389 39.9477
116.389 39.9478
116.389 39.9478
116.388 39.9478
116.388 39.9479
116.387 39.9488
116.387 39.95
116.388 39.9501
116.388 39.9501
116.388 39.9501
116.388 39.9501
116.389 39.95
116.389 39.9498
116.389 39.948
116.389 39.9478
116.389 39.9478
116.388 39.9479
116.388 39.9479
116.388 39.9486
116.388 39.9495
116.388 39.9497
116.387 39.9501
116.388 39.9502
116.388 39.9502
116.388 39.9502
116.388 39.9502
116.389 39.9503
116.389 39.9506
116.389 39.9666
116.391 39.9669
116.391 39.9671
116.393 39.9672
116.393 39.9673
116.394 39.9673
116.394 39.9673
116.394 39.9672
116.394 39.9672
116.396 39.9672
116.396 39.9669
116.396 39.9659
116.396 39.9658
116.396 39.9642
116.396 39.9641
116.396 39.9642
116.396 39.9657
116.396 39.9663
116.396 39.9672
116.396 39.9672
116.416 39.9677
116.43 39.9679
116.43 39.966
116.43 39.9639
116.43 39.9637
116.43 39.9637
116.43 39.9678
116.43 39.9678
116.433 39.9663
116.44 39.9619
117.008 40.2414
117.008 40.2414
117.009 40.2413
117.011 40.2415
117.011 40.2416
117.011 40.2428
117.011 40.2429
117.011 40.2429
117.011 40.2428
117.011 40.2428
117.011 40.2428
117.011 40.2427
117.011 40.2416
117.011 40.2415
117.01 40.2411
117.008 40.2412
117.008 40.2412
117.008 40.2412
117.008 40.2409
117.008 40.2409
117.008 40.2409
117.008 40.2409
117.008 40.2409
117.008 40.2409
117.008 40.2409
117.008 40.2409
117.008 40.2409
117.008 40.2409
117.008 40.2409
117.015 40.2333
117.01 40.1831
117.016 40.1416
117.016 40.1414
116.997 40.1394
116.919 40.1519
116.919 40.1519
116.904 40.1524
116.828 40.1498
116.815 40.1484
116.761 40.1394
116.751 40.1349
116.734 40.1232
116.721 40.1212
116.694 40.1241
116.69 40.1224
116.68 40.1151
116.676 40.1146
116.613 40.1166
116.563 40.1178
116.562 40.1179
116.562 40.1178
116.561 40.1172
116.56 40.115
116.557 40.109
116.552 40.0805
116.552 40.0807
116.462 40.0074
116.462 40.0073
116.453 40.0071
116.453 40.0071
116.453 40.007
116.457 40.0071
116.461 40.0006
116.461 40.0006
116.461 40.0005
116.461 40.0003
116.461 40.0002
116.461 40.0002
116.461 40
116.462 39.9975
116.462 39.9974
116.461 39.9954
116.461 39.9954
116.461 39.995
116.462 39.9935
116.462 39.9934
116.462 39.9927
116.464 39.9917
116.464 39.9913
116.46 39.9873
116.459 39.9873
116.457 39.9888
116.457 39.9914
116.456 39.9954
116.456 39.9954
116.457 40.0035
116.457 40.0036
116.461 40.0037
116.462 40.0039
116.462 40.0042
116.461 40.007
116.461 40.007
116.461 40.0142
116.461 40.0144
116.461 40.022
116.46 40.0224
116.46 40.0229
116.46 40.0232
116.459 40.0243
116.457 40.0265
116.457 40.0264
116.456 40.0264
116.457 40.0264
116.457 40.0264
116.457 40.0263
116.46 40.0228
116.46 40.0226
116.46 40.0222
116.461 40.0146
116.461 40.0076
116.461 40.0075
116.461 40.0074
116.461 40.0003
116.461 40.0002
116.461 40.0001
116.462 40
116.467 40.0004
116.466 39.9985
116.466 39.9982
116.467 39.9973
116.468 39.9965
116.468 39.9963
116.468 39.9959
116.468 39.9954
116.466 39.9937
116.466 39.994
116.464 39.9916
116.464 39.9917
116.462 39.9926
116.462 39.9935
116.462 39.995
116.462 39.9948
116.462 39.9946
116.462 39.9945
116.462 39.9925
116.467 39.9891
116.472 39.9866
116.472 39.9868
116.477 39.9911
116.477 39.991
116.478 39.9899
116.483 39.9145
116.483 39.9143
116.483 39.9143
116.475 39.9143
116.475 39.9143
116.467 39.9147
116.463 39.9154
116.463 39.9215
116.463 39.9218
116.463 39.9219
116.461 39.9221
116.461 39.9223
116.461 39.9229
116.461 39.923
116.461 39.9278
116.461 39.9279
116.461 39.9279
116.461 39.928
116.46 39.9279
116.456 39.9273
116.456 39.9274
116.456 39.9276
116.455 39.9519
116.429 39.9684
116.422 39.9682
116.412 39.968
116.412 39.9682
116.411 39.9739
116.412 39.974
116.412 39.974
116.413 39.974
116.412 39.974
116.411 39.9736
116.412 39.9682
116.412 39.9682
116.412 39.968
116.412 39.9675
116.423 39.9677
116.424 39.9679
116.43 39.9678
116.43 39.9678
116.43 39.9651
116.429 39.9651
116.455 39.9519
116.453 39.9528
116.453 39.9526
116.452 39.9522
116.452 39.9521
116.449 39.9496
116.447 39.9505
116.447 39.95
116.444 39.9489
116.444 39.9487
116.442 39.9477
116.44 39.9488
116.44 39.9488
116.439 39.9499
116.438 39.9499
116.438 39.9495
116.435 39.9475
116.432 39.9446
116.431 39.9435
116.428 39.9434
116.428 39.9436
116.428 39.9473
116.427 39.9479
116.425 39.9484
116.365 39.9472
116.35 39.9423
116.349 39.9417
116.35 39.8982
116.35 39.8977
116.349 39.8972
116.342 39.8967
116.336 39.8965
116.336 39.8966
116.336 39.8971
116.336 39.8971
116.336 39.8972
116.336 39.8972
116.336 39.8974
116.336 39.8976
116.336 39.8977
116.336 39.9013
116.338 39.9054
116.338 39.9066
116.338 39.9068
116.338 39.907
116.339 39.9124
116.339 39.9126
116.339 39.9126
116.333 39.9127
116.333 39.9128
116.333 39.913
116.333 39.913
116.333 39.9129
116.333 39.9127
116.333 39.9126
116.328 39.9127
116.328 39.9125
116.328 39.9098
116.328 39.9097
116.327 39.9095
116.311 39.9098
116.311 39.9098
116.311 39.9097
116.311 39.9063
116.311 39.9063
116.31 39.9063
116.289 39.9064
116.289 39.9064
116.289 39.9066
116.289 39.9067
116.289 39.9089
116.289 39.909
116.289 39.9089
116.289 39.909
116.289 39.9089
116.277 39.9091
116.277 39.9115
116.277 39.9119
116.277 39.9164
116.277 39.9165
116.277 39.9165
116.269 39.9165
116.268 39.9154
116.269 39.8832
116.27 39.8792
116.27 39.8792
116.27 39.8813
116.271 39.8815
116.272 39.8814
116.272 39.8813
116.272 39.8807
116.272 39.8806
116.272 39.8806
116.273 39.8808
116.273 39.8809
116.273 39.8809
116.272 39.8808
116.271 39.8815
116.27 39.8814
116.27 39.8815
116.269 39.8843
116.269 39.8952
116.269 39.8952
116.272 39.8957
116.336 39.8961
116.336 39.8961
116.336 39.8961
116.336 39.8961
116.336 39.8968
116.336 39.8969
116.336 39.897
116.336 39.8972
116.336 39.8974
116.336 39.8975
116.336 39.8979
116.336 39.9008
116.336 39.9009
116.339 39.9118
116.339 39.9124
116.339 39.9125
116.339 39.9126
116.338 39.9126
116.337 39.9128
116.337 39.9127
116.337 39.9127
116.337 39.9154
116.337 39.9152
116.337 39.9154
116.336 39.9166
116.336 39.9167
116.347 39.9169
116.347 39.9169
116.352 39.9429
116.386 39.9475
116.439 39.9483
116.441 39.9497
116.492 39.9959
116.493 39.9962
116.518 40.017
116.583 40.0507
116.584 40.0552
116.585 40.0769
116.587 40.0772
116.587 40.0784
116.587 40.079
116.587 40.0792
116.586 40.0794
116.586 40.0795
116.586 40.0796
116.586 40.0797
116.586 40.08
116.586 40.08
116.581 40.0791
116.581 40.0789
116.581 40.0779
116.581 40.0773
116.582 40.077
116.583 40.077
116.583 40.0772
116.584 40.0781
116.584 40.0793
116.584 40.0765
116.583 40.0761
116.583 40.0756
116.582 40.074
116.583 40.0693
116.583 40.0693
116.583 40.0691
116.583 40.069
116.585 40.0562
116.586 40.0549
116.586 40.0549
116.586 40.0547
116.586 40.0547
116.585 40.0548
116.581 40.0594
116.579 40.0599
116.571 40.0606
116.564 40.0612
116.564 40.0613
116.562 40.0745
116.562 40.0745
116.562 40.0746
116.562 40.0746
116.563 40.0756
116.567 40.08
116.567 40.08
116.562 40.0747
116.562 40.0744
116.564 40.0611
116.564 40.0611
116.564 40.0611
116.564 40.0611
116.549 40.0643
116.549 40.0642
116.542 40.0573
116.541 40.057
116.541 40.0571
116.535 40.0534
116.524 40.0339
116.517 40.0237
116.486 39.9918
116.482 39.9882
116.477 39.9832
116.477 39.983
116.477 39.9828
116.482 39.9787
116.482 39.9785
116.476 39.9735
116.473 39.9706
116.474 39.9704
116.477 39.9696
116.483 39.9701
116.484 39.97
116.484 39.9752
116.482 39.9792
116.48 39.9811
116.479 39.9813
116.478 39.9823
116.478 39.9828
116.457 39.9324
116.466 39.9324
116.476 39.9322
116.479 39.9324
116.479 39.9322
116.479 39.9322
116.479 39.93
116.479 39.9299
116.479 39.9299
116.478 39.9299
116.476 39.9299
116.476 39.9299
116.475 39.9299
116.475 39.9299
116.475 39.9297
116.475 39.9287
116.475 39.9268
116.479 39.9265
116.479 39.9219
116.479 39.9218
116.479 39.9216
116.479 39.9215
116.482 39.9213
116.483 39.9213
116.483 39.9215
116.483 39.9215
116.483 39.9215
116.484 39.9214
116.484 39.9216
116.488 39.9197
116.488 39.9187
116.488 39.9186
116.49 39.9182
116.49 39.9182
116.49 39.9151
116.49 39.9151
116.49 39.9149
116.49 39.9145
116.49 39.9145
116.479 39.9143
116.479 39.9143
116.472 39.9146
116.472 39.9148
116.472 39.9177
116.472 39.9214
116.472 39.9215
116.475 39.9217
116.475 39.9217
116.475 39.9216
116.475 39.9216
116.478 39.9217
116.479 39.9219
116.479 39.922
116.479 39.9222
116.479 39.9226
116.149 39.9173
116.479 39.9267
116.478 39.9271
116.472 39.9272
116.472 39.9271
116.472 39.9288
116.472 39.9297
116.472 39.9298
116.474 39.9299
116.474 39.9301
116.475 39.9301
116.475 39.9301
116.475 39.9288
116.475 39.9269
116.475 39.9269
116.472 39.927
116.472 39.9265
116.472 39.925
116.472 39.9217
116.472 39.9216
116.471 39.9216
116.464 39.922
116.464 39.9219
116.458 39.9221
116.458 39.922
116.458 39.9224
116.456 39.9221
116.456 39.922
116.449 39.922
116.449 39.922
116.446 39.922
116.445 39.9216
116.445 39.9216
116.447 39.9171
116.447 39.9171
116.435 39.9226
116.435 39.9226
116.435 39.9227
116.434 39.9225
116.434 39.9214
116.435 39.9209
116.435 39.9208
116.435 39.9208
116.435 39.9208
116.435 39.9207
116.435 39.9207
116.435 39.9207
116.435 39.9207
116.435 39.9208
116.435 39.9222
116.434 39.9224
116.429 39.9229
116.42 39.923
116.412 39.9231
116.412 39.9229
116.411 39.9229
116.411 39.9228
116.411 39.9223
116.411 39.9174
116.411 39.9174
116.406 39.9174
116.406 39.9174
116.406 39.9173
116.406 39.9172
116.406 39.9171
116.406 39.9171
116.407 39.9173
116.406 39.9173
116.405 39.9174
116.405 39.9223
116.405 39.9228
116.405 39.9228
116.405 39.923
116.405 39.923
116.411 39.9228
116.415 39.9229
116.42 39.9229
116.42 39.9228
116.42 39.9228
116.42 39.9229
116.427 39.9229
116.428 39.9228
116.428 39.9227
116.429 39.9228
116.429 39.923
116.429 39.9236
116.429 39.9239
116.428 39.9434
116.428 39.9434
116.431 39.9435
116.431 39.9438
116.435 39.9474
116.439 39.95
116.438 39.9537
116.435 39.9535
116.435 39.9536
116.435 39.9537
116.435 39.9537
116.435 39.9537
116.438 39.954
116.439 39.9543
116.439 39.9542
116.44 39.9532
116.44 39.9528
116.439 39.9524
116.438 39.952
116.438 39.952
116.438 39.9523
116.438 39.9522
116.438 39.9522
116.438 39.954
116.444 39.959
116.451 39.9542
116.446 39.9512
116.446 39.9513
116.446 39.9516
116.446 39.9518
116.446 39.9517
116.444 39.9527
116.444 39.9527
116.445 39.9528
116.45 39.9563
116.45 39.9562
116.45 39.956
116.449 39.9564
116.434 39.9657
116.431 39.9675
116.428 39.9684
116.419 39.968
116.413 39.968
116.412 39.968
116.412 39.9679
116.429 39.9679
116.43 39.9677
116.43 39.9676
116.43 39.9623
116.431 39.9616
116.431 39.9614
116.428 39.9581
116.426 39.958
116.425 39.9581
116.413 39.9579
116.402 39.9577
116.402 39.9574
116.402 39.9526
116.402 39.9526
116.402 39.9525
116.402 39.952
116.402 39.9519
116.402 39.9518
116.402 39.9502
116.402 39.9501
116.402 39.9489
116.402 39.9489
116.402 39.9483
116.401 39.9482
116.401 39.9479
116.399 39.9478
116.361 39.9457
116.35 39.9422
116.349 39.9417
116.349 39.9406
116.349 39.9394
116.348 39.9392
116.337 39.9372
116.311 39.9384
116.303 39.9416
116.303 39.9417
116.303 39.9419
116.304 39.9419
116.304 39.9417
116.304 39.9249
116.303 39.9248
116.304 39.9246
116.304 39.9245
116.304 39.9239
116.304 39.9301
116.304 39.9299
116.304 39.9298
116.304 39.9243
116.304 39.9246
116.304 39.9268
116.304 39.9268
116.305 39.9268
116.305 39.9268
116.308 39.9267
116.308 39.9268
116.307 39.9269
116.307 39.9269
116.307 39.9267
116.305 39.9269
116.305 39.9269
116.305 39.9269
116.304 39.9293
116.304 39.931
116.305 39.931
116.305 39.9311
116.306 39.9311
116.306 39.931
116.306 39.9309
116.313 39.931
116.319 39.9311
116.326 39.931
116.338 39.931
116.338 39.9306
116.338 39.9272
116.338 39.9222
116.338 39.9222
116.336 39.9222
116.336 39.9221
116.336 39.922
116.329 39.9219
116.329 39.922
116.329 39.9221
116.329 39.9224
116.328 39.9263
116.328 39.9265
116.327 39.9347
116.327 39.9346
116.327 39.9348
116.327 39.9348
116.32 39.9336
116.32 39.9336
116.32 39.9336
116.32 39.9372
116.319 39.9374
116.319 39.9377
116.319 39.9376
116.306 39.9402
116.305 39.941
116.304 39.9419
116.301 39.969
116.295 39.9728
116.295 40.0237
116.294 40.0262
116.294 40.0262
116.294 40.026
116.295 40.0239
116.295 40.0238
116.294 40.0235
116.281 40.0216
116.278 40.0202
116.276 40.02
116.273 40.0199
116.273 40.0199
116.272 40.0199
116.271 40.0199
116.272 40.0198
116.276 40.02
116.276 40.02
116.276 40.0202
116.276 40.0204
116.27 40.0268
116.27 40.0267
116.27 40.0265
116.276 40.0203
116.276 40.0203
116.281 40.0129
116.282 40.0081
116.282 40.0057
116.282 40.0035
116.283 40.0012
116.283 40.0008
116.284 39.9975
116.286 39.9966
116.286 39.9954
116.286 39.9954
116.286 39.9954
116.289 39.9954
116.289 39.9952
116.29 39.9918
116.293 39.989
116.294 39.9826
116.294 39.9824
116.293 39.9823
116.293 39.9824
116.292 39.9828
116.293 39.9831
116.293 39.9834
116.293 39.9835
116.31 39.9838
116.31 39.9836
116.311 39.9814
116.311 39.9795
116.31 39.978
116.314 39.9797
116.314 39.9796
116.314 39.9795
116.314 39.9783
116.314 39.9783
116.314 39.9783
116.314 39.9784
116.314 39.9784
116.314 39.9792
116.314 39.9797
116.314 39.9797
116.314 39.9797
116.311 39.9795
116.311 39.9794
116.311 39.979
116.312 39.9739
116.315 39.9665
116.315 39.9659
116.316 39.9656
116.319 39.9657
116.319 39.9656
116.319 39.9656
116.319 39.9657
116.319 39.9657
116.319 39.9657
116.32 39.9657
116.32 39.9657
116.321 39.9657
116.321 39.9657
116.321 39.9658
116.324 39.9657
116.324 39.9657
116.324 39.9656
116.324 39.9656
116.325 39.9656
116.326 39.9659
116.326 39.966
116.342 39.966
116.342 39.9659
116.343 39.9659
116.343 39.966
116.362 39.9661
116.362 39.9662
116.363 39.9654
116.364 39.9662
116.364 39.9662
116.364 39.9662
116.364 39.9662
116.364 39.9662
116.364 39.9662
116.364 39.9662
116.364 39.9662
116.418 39.9227
116.42 39.9228
116.42 39.9228
116.421 39.9228
116.427 39.9229
116.428 39.9229
116.428 39.9228
116.429 39.9229
116.43 39.9231
116.433 39.9226
116.433 39.9226
116.433 39.9224
116.433 39.9224
116.433 39.9224
116.433 39.9226
116.433 39.9226
116.434 39.9226
116.434 39.9226
116.434 39.9226
116.44 39.9219
116.443 39.9215
116.445 39.9213
116.451 39.9189
116.455 39.918
116.454 39.9182
116.454 39.9181
116.463 39.9151
116.463 39.9151
116.472 39.9142
116.472 39.9144
116.472 39.9144
116.472 39.9145
116.472 39.9145
116.472 39.9174
116.472 39.9178
116.472 39.9211
116.472 39.9249
116.472 39.925
116.472 39.9297
116.472 39.9322
116.472 39.9322
116.473 39.9323
116.473 39.9323
116.473 39.9323
116.475 39.9323
116.475 39.9324
116.478 39.9324
116.478 39.9324
116.484 39.9326
116.484 39.9329
116.483 39.955
116.482 39.9568
116.482 39.9569
116.486 39.9591
116.489 39.9615
116.492 39.96
116.492 39.9594
116.492 39.9595
116.492 39.9595
116.492 39.9597
116.492 39.96
116.491 39.9608
116.49 39.9614
116.489 39.9616
116.489 39.9616
116.489 39.9614
116.485 39.9581
116.482 39.9569
116.482 39.957
116.469 39.9666
116.466 39.9687
116.466 39.9698
116.464 39.9721
116.463 39.9722
116.463 39.9723
116.463 39.9734
116.463 39.9735
116.463 39.9735
116.463 39.9736
116.463 39.9736
116.463 39.9729
116.463 39.9728
116.463 39.9727
116.463 39.9729
116.466 39.9751
116.466 39.9752
116.462 39.9782
116.462 39.9784
116.466 39.9823
116.467 39.9823
116.467 39.9822
116.471 39.9791
116.472 39.979
116.472 39.979
116.472 39.9788
116.472 39.9788
116.472 39.9789
116.535 40.0532
116.537 40.0548
116.548 40.0626
116.549 40.0639
116.549 40.0658
116.558 40.1113
116.561 40.1155
116.562 40.1158
116.566 40.1164
116.638 40.1163
116.638 40.1163
116.662 40.1151
116.662 40.115
116.668 40.1146
116.679 40.115
116.683 40.1165
116.683 40.1165
116.695 40.1242
116.699 40.1245
116.73 40.1221
116.74 40.1259
116.749 40.1325
116.759 40.1386
116.786 40.1458
116.828 40.1496
116.828 40.1496
116.847 40.1517
116.924 40.1516
117.011 40.1407
117.016 40.1414
117.017 40.1414
117.017 40.1415
117.017 40.1417
117.008 40.2004
117.015 40.2358
117.015 40.2359
117.015 40.2359
117.015 40.2359
117.015 40.236
117.015 40.2361
117.015 40.2361
117.015 40.236
117.015 40.2361
117.015 40.2362
117.015 40.2359
117.015 40.2358
117.015 40.2358
117.015 40.2358
117.016 40.2359
117.016 40.2387
117.012 40.2383
117.012 40.2385
117.012 40.2385
117.011 40.2406
117.011 40.2411
117.011 40.2411
117.011 40.2414
117.011 40.2415
117.011 40.2414
117.01 40.2412
117.009 40.2412
117.008 40.2413
117.008 40.2413
117.008 40.2413
117.008 40.2413
117.008 40.2413
117.008 40.2413
117.008 40.2413
117.008 40.2413
117.008 40.2413
117.008 40.2413
117.008 40.2413
117.008 40.2413
117.008 40.2413
117.008 40.2413
117.008 40.2413
117.008 40.2413
117.008 40.2413
117.008 40.2413
117.008 40.2413
117.008 40.2413
117.008 40.2413
117.008 40.2413
117.008 40.2413
117.008 40.2413
117.008 40.2413
117.008 40.2413
117.008 40.2413
117.008 40.2413
117.008 40.2413
117.01 40.2412
117.011 40.2414
117.011 40.2413
117.012 40.2381
117.013 40.2381
117.016 40.2387
117.016 40.2386
117.016 40.2385
117.008 40.1912
117.016 40.1425
117.016 40.1417
117.016 40.1416
117.017 40.1414
117.017 40.1414
117.065 40.1439
117.088 40.1439
117.089 40.1439
117.089 40.1442
117.089 40.1444
117.089 40.1451
117.089 40.1485
117.09 40.1486
117.095 40.1487
117.095 40.1488
117.095 40.1492
117.095 40.1522
117.095 40.1523
117.11 40.1523
117.11 40.1522
117.11 40.1521
117.11 40.1514
117.11 40.1513
117.11 40.1515
117.11 40.1518
117.11 40.1522
117.11 40.1523
117.11 40.1524
117.105 40.1523
117.105 40.1522
117.105 40.152
117.105 40.1491
117.105 40.1443
117.105 40.1443
117.105 40.1442
117.103 40.1442
117.103 40.1442
117.103 40.1442
117.019 40.1418
116.996 40.1395
116.904 40.1525
116.816 40.1486
116.816 40.1485
116.758 40.1385
116.751 40.1341
116.736 40.124
116.725 40.1215
116.714 40.1219
116.696 40.1247
116.696 40.1246
116.696 40.1246
116.695 40.1243
116.691 40.1229
116.679 40.115
116.667 40.1146
116.663 40.115
116.663 40.1151
116.663 40.1152
116.654 40.1162
116.654 40.1162
116.572 40.1167
116.564 40.1166
116.563 40.117
116.563 40.1177
116.562 40.1178
116.561 40.1176
116.561 40.1172
116.561 40.1166
116.561 40.1156
116.556 40.1077
116.549 40.065
116.547 40.062
116.541 40.0572
116.535 40.0534
116.528 40.0414
116.517 40.0236
116.517 40.0236
116.506 40.0103
116.506 40.0102
116.506 40.0101
116.483 39.9888
116.483 39.9885
116.472 39.9788
116.471 39.9784
116.471 39.9782
116.471 39.9776
116.47 39.9775
116.47 39.9773
116.467 39.9747
116.467 39.9748
116.464 39.9766
116.464 39.9765
116.464 39.9764
116.466 39.9753
116.466 39.9751
116.463 39.9729
116.463 39.973
116.463 39.9732
116.463 39.9734
116.463 39.9734
116.463 39.9733
116.463 39.9731
116.463 39.9731
116.466 39.9753
116.466 39.9753
116.466 39.9754
116.466 39.9755
116.462 39.9781
116.462 39.9781
116.462 39.9782
116.464 39.9806
116.466 39.9824
116.467 39.9823
116.471 39.9795
116.471 39.9794
116.472 39.979
116.484 39.9711
116.484 39.9706
116.484 39.9651
116.484 39.9646
116.488 39.9626
116.488 39.9627
116.488 39.9634
116.488 39.9633
116.488 39.9632
116.488 39.9631
116.488 39.963
116.488 39.9627
116.488 39.9627
116.487 39.9627
116.484 39.9651
116.484 39.9651
116.484 39.9654
116.484 39.9654
116.484 39.97
116.484 39.97
116.482 39.9698
116.477 39.9697
116.477 39.9696
116.477 39.9695
116.477 39.9694
116.477 39.9686
116.477 39.9689
116.477 39.9695
116.477 39.9695
116.477 39.9697
116.477 39.9697
116.476 39.9697
116.476 39.9697
116.474 39.9704
116.473 39.9706
116.473 39.9708
116.474 39.971
116.474 39.9718
116.475 39.9723
116.478 39.975
116.478 39.9752
116.476 39.9761
116.474 39.9774
116.474 39.9773
116.474 39.9773
116.474 39.9772
116.475 39.9766
116.475 39.9764
116.47 39.9725
116.473 39.9703
116.473 39.9633
116.481 39.9566
116.483 39.9516
116.483 39.9081
116.483 39.9075
116.482 39.9072
116.478 39.9071
116.472 39.9072
116.472 39.9072
116.472 39.907
116.47 39.9075
116.47 39.9076
116.468 39.9077
116.468 39.9077
116.467 39.9081
116.467 39.9082
116.467 39.9085
116.467 39.9086
116.465 39.9079
116.465 39.907
116.465 39.9069
116.465 39.9072
116.459 39.9074
116.458 39.9072
116.456 39.9074
116.456 39.9091
116.455 39.9108
116.456 39.9114
116.455 39.9509
116.455 39.9523
116.431 39.9677
116.429 39.9683
116.394 39.9675
116.394 39.9675
116.393 39.9676
116.392 39.9673
116.393 39.9673
116.393 39.9673
116.393 39.9673
116.393 39.968
116.393 39.9681
116.393 39.9684
116.393 39.9684
116.394 39.9685
116.394 39.9686
116.394 39.9699
116.394 39.9699
116.394 39.9701
116.394 39.9701
116.394 39.9708
116.394 39.9713
116.395 39.9713
116.396 39.9715
116.396 39.9717
116.396 39.9738
116.396 39.9738
116.398 39.9739
116.401 39.974
116.401 39.9739
116.401 39.9738
116.401 39.9712
116.401 39.968
116.401 39.9673
116.401 39.9646
116.401 39.9637
116.401 39.9608
116.402 39.9582
116.402 39.9577
116.402 39.9483
116.402 39.9478
116.402 39.9472
116.402 39.9472
116.402 39.9474
116.402 39.9479
116.402 39.9482
116.402 39.9486
116.402 39.952
116.402 39.9521
116.402 39.954
116.402 39.9545
116.402 39.9548
116.402 39.956
116.402 39.956
116.403 39.9561
116.404 39.9558
116.404 39.9557
116.405 39.9557
116.411 39.956
116.412 39.9559
116.415 39.9561
116.417 39.9562
116.419 39.9561
116.419 39.956
116.419 39.9561
116.419 39.9562
116.419 39.9575
116.419 39.9577
116.419 39.9579
116.419 39.9579
116.427 39.958
116.427 39.9579
116.428 39.9579
116.428 39.9581
116.429 39.9584
116.429 39.9585
116.43 39.9604
116.43 39.9604
116.431 39.9616
116.431 39.9617
116.43 39.9624
116.43 39.9631
116.43 39.9676
116.43 39.9677
116.43 39.9677
116.43 39.9676
116.43 39.9678
116.43 39.9678
116.431 39.9673
116.432 39.9666
116.432 39.9664
116.433 39.9662
116.435 39.9649
116.435 39.9648
116.435 39.9647
116.429 39.9587
116.428 39.9585
116.426 39.9582
116.425 39.9581
116.425 39.9579
116.426 39.9486
116.426 39.9485
116.419 39.9483
116.381 39.9477
116.364 39.947
116.35 39.9424
116.349 39.9418
116.349 39.9366
116.35 39.932
116.35 39.9319
116.349 39.9274
116.349 39.9273
116.348 39.927
116.346 39.9267
116.345 39.9267
116.343 39.927
116.343 39.9304
116.343 39.9304
116.343 39.9307
116.343 39.9356
116.343 39.9356
116.343 39.9356
116.342 39.9358
116.342 39.9369
116.342 39.9371
116.342 39.9377
116.342 39.9378
116.342 39.9379
116.343 39.9382
116.345 39.9389
116.341 39.9381
116.341 39.9381
116.338 39.9375
116.323 39.9374
116.312 39.9384
116.309 39.9396
116.308 39.9405
116.308 39.9406
116.308 39.9406
116.308 39.9407
116.308 39.9404
116.308 39.9405
116.308 39.9405
116.308 39.9404
116.308 39.9396
116.307 39.9403
116.306 39.9412
116.306 39.9412
116.305 39.9417
116.306 39.9437
116.307 39.944
116.308 39.9442
116.307 39.9443
116.307 39.9444
116.307 39.9445
116.308 39.9464
116.309 39.9465
116.309 39.9465
116.309 39.9466
116.318 39.9472
116.318 39.9471
116.319 39.9399
116.319 39.938
116.319 39.938
116.32 39.9374
116.32 39.9373
116.32 39.9373
116.34 39.9374
116.347 39.9388
116.348 39.9389
116.35 39.939
116.351 39.9389
116.196 39.9645
116.196 39.9645
116.35 39.9388
116.35 39.9387
116.35 39.9387
116.351 39.9388
116.35 39.9385
116.35 39.9385
116.35 39.9387
116.35 39.9397
116.35 39.9393
116.35 39.9392
116.346 39.9391
116.346 39.9392
116.346 39.9393
116.346 39.9416
116.346 39.9418
116.345 39.9425
116.344 39.9437
116.343 39.9451
116.343 39.9455
116.343 39.9482
116.343 39.9483
116.343 39.9483
116.343 39.9487
116.343 39.9486
116.343 39.9486
116.343 39.945
116.343 39.9448
116.344 39.943
116.344 39.9428
116.345 39.9424
116.346 39.942
116.346 39.9371
116.346 39.9363
116.347 39.9363
116.349 39.9363
116.349 39.9361
116.349 39.9312
116.349 39.9312
116.35 39.9272
116.355 39.8716
116.355 39.8717
116.356 39.8717
116.358 39.8717
116.358 39.8713
116.358 39.8711
116.358 39.8707
116.358 39.8707
116.358 39.8705
116.358 39.87
116.358 39.8695
116.358 39.869
116.358 39.8689
116.354 39.8686
116.346 39.8681
116.346 39.868
116.345 39.868
116.345 39.8682
116.345 39.8685
116.344 39.8761
116.344 39.8761
116.344 39.8863
116.343 39.8867
116.342 39.8951
116.343 39.896
116.344 39.8965
116.344 39.8965
116.344 39.8966
116.348 39.8969
116.349 39.8972
116.35 39.8976
116.35 39.8982
116.351 39.8991
116.351 39.9045
116.351 39.9048
116.351 39.9062
116.351 39.907
116.351 39.9072
116.351 39.9071
116.351 39.907
116.351 39.906
116.351 39.9059
116.347 39.9059
116.346 39.9059
116.33 39.9065
116.33 39.9068
116.329 39.9068
116.311 39.9062
116.302 39.9064
116.302 39.9066
116.302 39.9072
116.305 39.8767
116.305 39.8767
116.305 39.869
116.303 39.8665
116.303 39.8661
116.303 39.8658
116.304 39.8664
116.304 39.8662
116.305 39.8662
116.305 39.8662
116.307 39.866
116.309 39.8652
116.309 39.8653
116.31 39.8661
116.311 39.8662
116.318 39.8665
116.329 39.8666
116.329 39.8666
116.368 39.8686
116.368 39.8685
116.368 39.8684
116.365 39.866
116.365 39.866
116.365 39.8663
116.365 39.8667
116.365 39.8668
116.364 39.8668
116.364 39.8668
116.358 39.8668
116.358 39.8675
116.359 39.8676
116.362 39.868
116.362 39.8681
116.378 39.8693
116.379 39.8693
116.379 39.8693
116.379 39.8692
116.379 39.8692
116.38 39.8691
116.38 39.8692
116.38 39.8691
116.379 39.8691
116.379 39.8693
116.379 39.8695
116.38 39.8695
116.384 39.8698
116.384 39.8696
116.384 39.8695
116.382 39.8694
116.382 39.8695
116.382 39.8697
116.382 39.8704
116.382 39.8706
116.384 39.8706
116.384 39.8705
116.384 39.8701
116.384 39.87
116.379 39.8699
116.371 39.8693
116.37 39.8698
116.37 39.8698
116.368 39.8698
116.368 39.87
116.369 39.8802
116.369 39.8802
116.369 39.8802
116.369 39.8801
116.369 39.8802
116.369 39.8807
116.369 39.8809
116.37 39.8816
116.37 39.8817
116.37 39.8818
116.371 39.8818
116.373 39.8819
116.375 39.8817
116.375 39.8816
116.377 39.8818
116.378 39.8815
116.378 39.8816
116.379 39.8818
116.379 39.882
116.378 39.882
116.379 39.8847
116.379 39.8848
116.383 39.885
116.383 39.885
116.384 39.8858
116.384 39.8877
116.384 39.8879
116.392 39.8897
116.392 39.8897
116.406 39.8913
116.406 39.8915
116.449 39.8921
116.455 39.8917
116.455 39.892
116.455 39.8921
116.456 39.8926
116.456 39.8927
116.456 39.8968
116.456 39.8976
116.456 39.9451
116.455 39.9515
116.454 39.9528
116.45 39.9557
116.45 39.9564
116.45 39.9577
116.453 39.9605
116.464 39.9707
116.465 39.9706
116.465 39.9704
116.465 39.9701
116.465 39.9695
116.464 39.9696
116.464 39.9701
116.463 39.9704
116.463 39.9707
116.476 39.9829
116.477 39.983
116.482 39.9876
116.482 39.9875
116.483 39.9889
116.483 39.989
116.507 40.0109
116.507 40.0111
116.507 40.0111
116.506 40.0111
116.506 40.011
116.506 40.0107
116.505 40.0106
116.505 40.0104
116.505 40.0104
116.505 40.0106
116.505 40.0105
116.505 40.0105
116.505 40.0107
116.505 40.0107
116.505 40.0106
116.505 40.0108
116.506 40.011
116.507 40.0109
116.507 40.0108
116.507 40.0105
116.506 40.0105
116.506 40.0104
116.501 40.0056
116.495 40.0018
116.492 40.0013
116.491 40.0015
116.49 40.0025
116.478 40.0125
116.474 40.0138
116.412 40.0212
116.412 40.0213
116.412 40.0249
116.412 40.0251
116.412 40.031
116.412 40.0309
116.41 40.0361
116.406 40.0454
116.406 40.0504
116.411 40.057
116.411 40.057
116.411 40.057
116.411 40.057
116.411 40.057
116.411 40.057
116.411 40.0571
116.41 40.0571
116.41 40.057
116.41 40.0567
116.41 40.0566
116.41 40.0566
116.409 40.0566
116.409 40.0567
116.408 40.0565
116.407 40.0564
116.407 40.0562
116.407 40.0553
116.407 40.0532
116.407 40.0519
116.405 40.0498
116.405 40.0488
116.405 40.0482
116.405 40.0481
116.406 40.0463
116.406 40.0463
116.404 40.0463
116.404 40.0463
116.402 40.0463
116.402 40.0463
116.406 40.0463
116.406 40.0463
116.406 40.0462
116.402 40.0215
116.402 40.0045
116.402 40.0042
116.401 39.9974
116.401 39.9978
116.401 39.968
116.401 39.968
116.401 39.9674
116.401 39.9674
116.401 39.9672
116.401 39.9667
116.402 39.9588
116.402 39.9526
116.402 39.9484
116.402 39.9481
116.402 39.9479
116.402 39.9474
116.402 39.9474
116.402 39.9472
116.402 39.9472
116.402 39.9472
116.402 39.9472
116.425 39.9483
116.43 39.9048
116.43 39.9039
116.429 39.9037
116.423 39.9038
116.421 39.9038
116.421 39.904
116.421 39.9051
116.421 39.905
116.421 39.9046
116.421 39.9045
116.421 39.9044
116.421 39.9043
116.421 39.9043
116.42 39.9038
116.419 39.9038
116.418 39.9038
116.418 39.904
116.418 39.9064
116.418 39.9067
116.475 39.9068
116.478 39.9069
116.478 39.9071
116.478 39.9106
116.481 39.9077
116.482 39.9069
116.483 39.9053
116.483 39.8752
116.477 39.8447
116.473 39.8413
116.473 39.8402
116.473 39.84
116.496 39.8205
116.512 39.8089
116.513 39.8086
116.513 39.8087
116.513 39.8092
116.513 39.8093
116.475 39.8388
116.475 39.8401
116.475 39.8416
116.483 39.8663
116.483 39.8664
116.481 39.8666
116.476 39.8666
116.476 39.8666
116.471 39.8667
116.471 39.8667
116.462 39.8668
116.462 39.8669
116.461 39.8676
116.462 39.8719
116.462 39.8722
116.462 39.8725
116.462 39.8732
116.461 39.875
116.461 39.875
116.455 39.8753
116.455 39.9235
116.456 39.9397
116.456 39.9399
116.456 39.94
116.455 39.94
116.455 39.94
116.444 39.94
116.443 39.9399
116.443 39.94
116.441 39.94
116.44 39.9401
116.44 39.9417
116.44 39.9417
116.44 39.9419
116.439 39.9425
116.439 39.9426
116.438 39.9426
116.438 39.9427
116.439 39.9428
116.439 39.943
116.439 39.9431
116.44 39.9434
116.441 39.9441
116.441 39.9447
116.441 39.9449
116.439 39.9452
116.437 39.9462
116.437 39.9463
116.437 39.9466
116.44 39.9494
116.439 39.9501
116.439 39.9501
116.439 39.9502
116.439 39.9502
116.439 39.9505
116.44 39.9508
116.44 39.951
116.443 39.9532
116.444 39.9543
116.444 39.9543
116.445 39.9554
116.448 39.9567
116.448 39.9567
116.448 39.9564
116.453 39.9546
116.453 39.954
116.453 39.954
116.453 39.954
116.43 39.9682
116.426 39.9687
116.441 39.9924
116.45 40.0136
116.45 40.0136
116.451 40.0157
116.45 40.0165
116.45 40.0167
116.449 40.0166
116.446 40.0162
116.412 40.0212
116.412 40.0212
116.412 40.0212
116.412 40.0212
116.631 40.137
116.632 40.1367
116.634 40.1354
116.636 40.1288
116.636 40.1287
116.646 40.1288
116.646 40.1288
116.65 40.1288
116.658 40.1287
116.663 40.1282
116.664 40.1273
116.664 40.1268
116.664 40.1268
116.664 40.1266
116.664 40.1263
116.664 40.1262
116.665 40.1266
116.666 40.1274
116.673 40.1313
116.673 40.1313
116.673 40.1314
116.689 40.1311
