116.384 39.8851
116.395 39.8904
116.395 39.8963
116.394 39.8974
116.397 39.9064
116.415 39.9068
116.413 39.9001
116.406 39.8961
116.382 39.8849
116.378 39.898
116.39 39.8983
116.388 39.885
116.377 39.8819
116.37 39.8819
116.358 39.8709
116.349 39.8724
116.358 39.8734
116.367 39.8771
116.375 39.8811
116.388 39.889
116.373 39.8881
116.368 39.8737
116.359 39.869
116.421 39.876
116.344 39.876
116.343 39.8885
116.343 39.8885
116.347 39.8969
116.35 39.9101
116.35 39.9265
116.363 39.9464
116.374 39.9825
116.401 39.9877
116.402 40.0036
116.404 40.0045
116.411 39.9947
116.402 39.9873
116.401 39.9666
116.402 39.9481
116.428 39.9332
116.415 39.9008
116.406 39.8873
116.392 39.8795
116.425 39.8875
116.417 39.8959
116.413 39.8886
116.413 39.8886
116.393 39.8851
116.381 39.8783
116.365 39.8693
116.343 39.8917
116.358 39.8709
116.358 39.877
116.358 39.8726
116.35 39.8978
116.351 39.9146
116.35 39.9304
116.336 39.9392
116.329 39.9598
116.34 39.9572
116.348 39.9566
116.344 39.9664
116.319 39.9706
116.328 39.9734
116.328 39.9734
116.308 40.0221
116.299 40.0451
116.297 40.0549
116.318 40.0506
116.317 40.0367
116.304 40.0346
116.331 39.9977
116.327 39.9914
116.345 39.9919
116.347 39.9752
116.349 39.9534
116.349 39.9372
116.349 39.9171
116.356 39.9565
116.365 39.9499
116.363 39.947
116.349 39.9415
116.329 39.9559
116.328 39.9645
116.329 39.9571
116.311 39.9558
116.304 39.9448
116.304 39.9346
116.304 39.9247
116.304 39.9028
116.295 39.896
116.3 39.8955
116.325 39.8956
116.368 39.8984
116.372 39.8983
116.378 39.8941
116.378 39.8907
116.391 39.8896
116.387 39.8823
116.389 39.8711
116.373 39.8775
116.369 39.8774
116.345 39.8764
116.348 39.8665
116.337 39.8669
116.321 39.8719
116.33 39.8819
116.327 39.8888
116.316 39.896
116.317 39.9096
116.317 39.9096
116.329 39.9048
116.339 39.9018
116.347 39.9011
116.342 39.8937
116.316 39.8884
116.306 39.8844
116.303 39.8903
116.289 39.8785
116.277 39.8586
116.279 39.8416
116.275 39.8685
116.289 39.8957
116.314 39.8955
116.334 39.896
116.344 39.8954
116.349 39.8879
116.351 39.8879
116.353 39.881
116.358 39.8725
116.358 39.8694
116.342 39.849
116.339 39.809
116.336 39.8053
116.336 39.8053
116.322 39.7901
116.328 39.7824
116.33 39.7813
116.323 39.7867
116.336 39.8055
116.34 39.8333
116.353 39.8445
116.377 39.8556
116.379 39.8624
116.381 39.8493
116.407 39.8555
116.414 39.8496
116.414 39.8496
116.415 39.8656
116.413 39.8868
116.421 39.8959
116.42 39.9034
116.42 39.9035
116.421 39.9035
116.421 39.9035
116.421 39.9035
116.421 39.9035
116.421 39.9035
116.421 39.9035
116.429 39.9036
116.43 39.9065
116.454 39.9065
116.456 39.905
116.447 39.9072
116.419 39.9071
116.412 39.9074
116.413 39.9076
116.401 39.8994
116.386 39.899
116.388 39.8934
116.389 39.8899
116.389 39.8899
116.378 39.8972
116.371 39.8985
116.32 39.8957
116.276 39.9727
116.289 39.9483
116.289 39.9138
116.295 39.9118
116.305 39.9109
116.315 39.9076
116.315 39.9076
116.323 39.9057
116.324 39.8955
116.371 39.8984
116.388 39.8946
116.392 39.8898
116.415 39.8916
116.441 39.8923
116.454 39.8927
116.471 39.8837
116.469 39.8831
116.457 39.8831
116.439 39.8832
116.415 39.8826
116.408 39.887
116.402 39.8868
116.379 39.8858
116.368 39.9072
116.376 39.9069
116.378 39.9019
116.389 39.8987
116.41 39.8994
116.406 39.8923
116.406 39.8923
116.413 39.8877
116.419 39.8991
116.433 39.8964
116.412 39.9015
116.412 39.9087
116.407 39.9082
116.405 39.9043
116.406 39.8919
116.393 39.8851
116.393 39.8657
116.381 39.8554
116.394 39.8626
116.393 39.882
116.387 39.884
116.392 39.8856
116.384 39.8846
116.387 39.8841
116.379 39.8871
116.4 39.8911
116.395 39.8857
116.391 39.8851
116.389 39.8849
116.392 39.8747
116.404 39.8638
116.408 39.861
116.41 39.8606
116.409 39.856
116.403 39.8611
116.343 39.8908
116.351 39.9009
116.35 39.9192
116.35 39.9436
116.347 39.9893
116.347 39.968
116.298 39.9521
116.316 39.9656
116.423 39.9482
116.476 39.9813
116.534 40.0225
116.583 40.0504
116.586 40.0799
116.582 40.0631
116.579 40.0453
116.55 40.0269
116.56 39.9998
116.554 39.9704
116.526 39.9768
116.51 39.9732
116.487 39.9706
116.471 39.9649
116.484 39.9203
116.429 39.8695
116.429 39.8695
116.37 39.8496
116.38 39.8477
116.385 39.8555
116.385 39.8555
116.415 39.8556
116.402 39.856
116.394 39.8704
116.394 39.8704
116.333 39.867
116.331 39.8762
116.325 39.8853
116.33 39.8859
116.317 39.8885
116.305 39.8854
116.304 39.898
116.304 39.9375
116.318 39.945
116.327 39.9342
116.338 39.9271
116.347 39.9226
116.347 39.9164
116.347 39.9085
116.346 39.9054
116.347 39.8978
116.346 39.8884
116.34 39.8885
116.336 39.8875
116.331 39.8735
116.322 39.8757
116.329 39.876
116.33 39.8675
116.341 39.8573
116.341 39.8573
116.337 39.8278
116.336 39.8216
116.34 39.8315
116.358 39.8533
116.381 39.8591
116.394 39.8762
116.395 39.8857
116.389 39.8796
116.389 39.8796
116.37 39.8819
116.361 39.8846
116.358 39.876
116.347 39.8764
116.348 39.8769
116.343 39.8741
116.338 39.8306
116.337 39.8237
116.332 39.8218
116.338 39.8212
116.353 39.8385
116.366 39.8552
116.345 39.8499
116.305 39.8788
116.304 39.9289
116.3 39.941
116.295 39.9271
116.317 39.9271
116.336 39.9268
116.347 39.92
116.348 39.8677
116.358 39.8616
116.382 39.87
116.36 39.8659
116.358 39.8673
116.358 39.8759
116.357 39.8872
116.357 39.8881
116.353 39.8822
116.353 39.8819
116.357 39.8768
116.903 39.8774
116.903 39.8774
116.384 39.8848
116.362 39.888
116.348 39.8883
116.356 39.8948
116.357 39.8861
116.358 39.8771
116.376 39.8774
116.388 39.8821
116.413 39.8639
116.403 39.862
116.399 39.8637
116.428 39.8694
116.442 39.9023
116.484 39.9243
116.461 39.9718
116.463 39.9905
116.469 39.9805
116.446 39.958
116.431 39.9614
116.437 39.964
116.455 39.9223
116.449 39.9267
116.449 39.9308
116.451 39.9138
116.472 39.9052
116.483 39.8916
116.483 39.8916
116.483 39.8901
116.49 39.8757
116.472 39.8921
116.456 39.8923
116.422 39.8923
116.407 39.8871
116.391 39.8774
116.382 39.8673
116.343 39.8725
116.327 39.8668
116.305 39.8835
116.316 39.8954
116.335 39.896
116.336 39.8881
116.339 39.8816
116.341 39.8817
116.35 39.8764
116.372 39.8773
116.381 39.8605
116.352 39.8519
116.352 39.8519
116.318 39.8293
116.284 39.8241
116.282 39.7992
116.283 39.7812
116.285 39.7929
116.296 39.794
116.307 39.8082
116.314 39.829
116.353 39.8386
116.357 39.853
116.379 39.8625
116.395 39.8637
116.388 39.8558
116.387 39.8638
116.379 39.8836
116.384 39.8882
116.384 39.8882
116.406 39.8913
116.405 39.8869
116.392 39.8713
116.388 39.8596
116.381 39.861
116.416 39.8698
116.413 39.8911
116.41 39.898
116.41 39.898
116.407 39.8942
116.393 39.8851
116.379 39.8879
116.392 39.8894
116.391 39.8821
116.394 39.8554
116.395 39.8333
116.409 39.8286
116.409 39.8284
116.437 39.8094
116.448 39.8179
116.434 39.8314
116.408 39.8552
116.381 39.8559
116.375 39.8491
116.39 39.8557
116.452 39.864
116.47 39.883
116.5 39.8731
116.502 39.8737
116.484 39.8851
116.483 39.8747
116.473 39.8399
116.499 39.807
116.499 39.807
116.471 39.799
116.471 39.799
116.448 39.8055
116.421 39.8023
116.397 39.8036
116.396 39.8242
116.367 39.83
116.342 39.8598
116.325 39.8759
116.326 39.8758
116.333 39.8884
116.353 39.8865
116.336 39.9
116.35 39.9017
116.357 39.8884
116.358 39.8789
116.368 39.8647
116.365 39.8504
116.37 39.8492
116.381 39.855
116.382 39.8686
116.393 39.884
116.393 39.8796
116.407 39.8685
116.408 39.8564
116.432 39.8573
116.433 39.8544
116.429 39.8576
116.375 39.8558
116.342 39.8624
116.343 39.8838
116.336 39.8906
116.337 39.9016
116.338 39.9266
116.338 39.9266
116.33 39.9543
116.337 39.9661
116.352 39.9736
116.338 39.9665
116.387 39.967
116.406 39.9674
116.412 39.9545
116.413 39.9522
116.413 39.9511
116.413 39.9506
116.412 39.9501
116.411 39.95
116.41 39.9498
116.376 39.9477
116.316 39.8952
116.336 39.8963
116.4 39.9151
116.39 39.9038
116.389 39.8899
116.379 39.8883
116.368 39.8853
116.368 39.8701
116.368 39.8701
116.38 39.8629
116.372 39.8563
116.353 39.8525
116.307 39.8638
116.306 39.9052
116.301 39.896
116.292 39.906
116.277 39.8961
116.285 39.9061
116.289 39.889
116.304 39.882
116.321 39.8886
116.344 39.8875
116.35 39.9074
116.346 39.9393
116.34 39.9557
116.341 39.9381
116.341 39.9269
116.347 39.9141
116.347 39.8974
