116.562 40.0314
116.55 40.0269
116.545 40.0252
116.525 40.018
116.512 40.0129
116.507 40.0083
116.498 40.0008
116.493 39.9956
116.488 39.9913
116.484 39.9874
116.484 39.9874
116.484 39.9794
116.484 39.9794
116.484 39.9762
116.484 39.9722
116.484 39.9717
116.484 39.9717
116.472 39.9216
116.476 39.9215
116.49 39.9217
116.491 39.9217
116.502 39.9218
116.511 39.9219
116.522 39.9225
116.522 39.9225
116.539 39.9223
116.557 39.9201
116.557 39.9192
116.571 39.9131
116.559 39.915
116.551 39.9149
116.54 39.915
116.525 39.9158
116.521 39.916
116.502 39.9148
116.501 39.9149
116.502 39.9187
116.503 39.9187
116.49 39.9218
116.482 39.9217
116.479 39.9217
116.472 39.9145
116.463 39.9115
116.464 39.9121
116.47 39.9122
116.471 39.9122
116.472 39.9089
116.472 39.9077
116.472 39.9051
116.472 39.9051
116.471 39.8996
116.468 39.8996
116.469 39.8999
116.468 39.8998
116.464 39.899
116.459 39.8994
116.456 39.9001
116.456 39.9022
116.433 39.8924
116.433 39.8924
116.434 39.8859
116.424 39.8829
116.414 39.8853
116.407 39.887
116.39 39.885
116.39 39.885
116.389 39.8839
116.389 39.8822
116.389 39.8822
116.387 39.8825
116.387 39.8825
116.387 39.8825
116.387 39.8825
116.387 39.8825
116.379 39.8861
116.379 39.8861
116.379 39.8861
116.379 39.8863
116.379 39.8876
116.379 39.8929
116.379 39.893
116.378 39.8941
116.378 39.8982
116.373 39.9028
116.368 39.9028
116.367 39.9026
116.363 39.9026
116.358 39.9026
116.358 39.9026
116.357 39.9049
116.358 39.9131
116.359 39.9192
116.355 39.9224
116.34 39.9221
116.335 39.922
116.321 39.9222
116.321 39.9222
116.305 39.9228
116.295 39.9257
116.296 39.9317
116.299 39.9375
116.299 39.939
116.305 39.9399
116.304 39.9522
116.303 39.9556
116.302 39.9629
116.301 39.9703
116.3 39.9741
116.303 39.9743
116.303 39.9743
116.31 39.9745
116.32 39.9748
116.324 39.9749
116.325 39.975
116.327 39.9749
116.339 39.975
116.35 39.9801
116.353 39.9802
116.354 39.9802
116.359 39.9772
116.359 39.9765
116.359 39.976
116.35 39.9753
116.343 39.9747
116.337 39.9749
116.328 39.9753
116.328 39.9753
116.318 39.975
116.31 39.9828
116.31 39.984
116.299 39.9847
116.298 39.9894
116.303 39.9837
116.305 39.9839
116.329 39.9849
116.343 39.9852
116.347 39.9644
116.349 39.953
116.349 39.9517
116.35 39.9475
116.349 39.938
116.349 39.9342
116.35 39.928
116.347 39.9233
116.35 39.9202
116.35 39.919
116.35 39.9148
116.35 39.9094
116.35 39.9054
116.345 39.8968
116.343 39.8909
116.343 39.8751
116.34 39.834
116.339 39.824
116.339 39.824
116.339 39.8191
116.339 39.8145
116.339 39.8142
116.339 39.8109
116.34 39.801
116.338 39.7805
116.338 39.7444
116.338 39.7442
116.338 39.7412
116.337 39.7404
116.338 39.7333
116.338 39.7333
116.338 39.7333
116.338 39.7333
116.338 39.7333
116.338 39.7333
116.338 39.7333
116.338 39.7333
116.339 39.7334
116.338 39.7334
116.338 39.7349
116.331 39.7364
116.329 39.7363
116.326 39.7411
116.315 39.7424
116.314 39.7426
116.307 39.7424
116.307 39.7424
116.297 39.7439
116.295 39.754
116.295 39.754
116.295 39.754
116.292 39.7531
116.289 39.7545
116.289 39.7545
116.289 39.7545
116.289 39.7545
116.289 39.7545
116.289 39.7545
116.289 39.7545
116.289 39.7545
116.288 39.7545
116.289 39.7546
116.29 39.7546
116.291 39.7539
116.291 39.7516
116.291 39.7499
116.291 39.7498
116.291 39.7498
116.291 39.7498
116.291 39.7498
116.291 39.7498
116.291 39.7498
116.291 39.7498
116.291 39.7498
116.291 39.7498
116.291 39.7498
116.291 39.7498
116.291 39.7498
116.291 39.7498
116.291 39.7498
116.291 39.7498
116.291 39.7498
116.291 39.7497
116.291 39.7543
116.29 39.7546
116.29 39.7546
116.29 39.7546
116.29 39.7546
116.29 39.7546
116.29 39.7546
116.29 39.7546
116.29 39.7546
116.29 39.7546
116.29 39.7546
116.29 39.7546
116.29 39.7546
116.29 39.7546
116.29 39.7547
116.292 39.7475
116.293 39.7475
116.303 39.7422
116.305 39.7423
116.325 39.7414
116.326 39.7372
116.326 39.7364
116.328 39.7363
116.333 39.7363
116.333 39.7331
116.333 39.7286
116.333 39.7286
116.332 39.7287
116.331 39.7287
116.33 39.7287
116.327 39.732
116.327 39.732
116.319 39.736
116.317 39.7419
116.312 39.7423
116.297 39.7472
116.293 39.7475
116.292 39.7492
116.291 39.753
116.291 39.753
116.29 39.7546
116.29 39.7546
116.29 39.7546
116.29 39.7546
116.29 39.7546
116.29 39.7546
116.29 39.7546
116.29 39.7546
116.29 39.7546
116.291 39.7519
116.291 39.7513
116.297 39.7443
116.312 39.7423
116.316 39.7422
116.323 39.7415
116.331 39.7413
116.337 39.7377
116.338 39.7305
116.337 39.7278
116.342 39.7247
116.342 39.7248
116.342 39.7248
116.342 39.7248
116.342 39.7248
116.342 39.7248
116.341 39.7246
116.34 39.7314
116.339 39.7404
116.339 39.741
116.337 39.7599
116.337 39.7616
116.337 39.7642
116.339 39.7812
116.343 39.7883
116.343 39.7883
116.339 39.8072
116.339 39.8195
116.339 39.8206
116.342 39.8287
116.353 39.8309
116.353 39.8309
116.353 39.8321
116.353 39.8402
116.353 39.8409
116.351 39.8446
116.343 39.8446
116.342 39.8448
116.335 39.8479
116.327 39.846
116.327 39.8458
116.317 39.8466
116.316 39.8467
116.315 39.8468
116.302 39.8445
116.297 39.843
116.288 39.8433
116.287 39.8431
116.281 39.8409
116.278 39.8441
116.263 39.8459
116.261 39.8513
116.261 39.8513
116.261 39.8522
116.261 39.8545
116.26 39.8569
116.26 39.8569
116.271 39.8638
116.277 39.8635
116.277 39.8616
116.277 39.8616
116.288 39.8616
116.288 39.8639
116.288 39.8639
116.288 39.8639
116.288 39.8639
116.288 39.866
116.289 39.8717
116.289 39.8794
116.289 39.8804
116.289 39.888
116.289 39.8927
116.296 39.8956
116.298 39.8956
116.323 39.8989
116.321 39.8971
116.321 39.8974
116.321 39.8983
116.317 39.896
116.3 39.8959
116.291 39.8959
116.268 39.8886
116.268 39.8868
116.269 39.8801
116.259 39.8798
116.258 39.8643
116.254 39.8591
116.259 39.8678
116.259 39.8759
116.269 39.8792
116.27 39.8806
116.268 39.8861
116.278 39.8883
116.29 39.8884
116.289 39.8884
116.289 39.8948
116.278 39.896
116.277 39.895
116.277 39.8956
116.277 39.8958
116.277 39.9008
116.277 39.9058
116.277 39.9058
116.275 39.9063
116.269 39.9063
116.268 39.9052
116.268 39.9052
116.268 39.9052
116.268 39.9004
116.268 39.899
116.268 39.8914
116.276 39.8667
116.277 39.8533
116.275 39.8391
116.275 39.8392
116.275 39.8391
116.281 39.8333
116.284 39.8298
116.286 39.8293
116.339 39.8296
116.34 39.8308
116.34 39.834
116.368 39.8555
116.374 39.8555
116.379 39.8555
116.376 39.8559
116.368 39.8558
116.368 39.8558
116.34 39.8404
116.34 39.832
116.339 39.8245
116.339 39.8208
116.34 39.8007
116.341 39.7846
116.338 39.7803
116.334 39.7782
116.314 39.7799
116.307 39.7702
116.304 39.7633
116.304 39.762
116.316 39.7557
116.323 39.7558
116.323 39.7558
116.323 39.7558
116.323 39.7558
116.317 39.7491
116.317 39.7491
116.317 39.7487
116.317 39.7424
116.295 39.7507
116.295 39.7507
116.291 39.7515
116.29 39.7546
116.29 39.7546
116.29 39.7546
116.29 39.7546
116.29 39.7546
116.29 39.7546
116.29 39.7546
116.29 39.7546
116.29 39.7546
116.29 39.7546
116.29 39.7546
116.29 39.7546
116.29 39.7546
116.29 39.7546
116.29 39.7546
116.29 39.7546
116.29 39.7546
116.29 39.7546
116.29 39.7546
116.29 39.7546
116.29 39.7546
116.29 39.7546
116.29 39.7546
116.29 39.7546
116.29 39.7546
116.29 39.7546
116.29 39.7546
116.29 39.7546
116.29 39.7546
116.29 39.7546
116.29 39.7546
116.29 39.7546
116.29 39.7546
116.29 39.7546
116.29 39.7546
116.29 39.7546
116.29 39.7546
116.29 39.7546
116.29 39.7546
116.29 39.7546
116.29 39.7546
116.29 39.7546
116.29 39.7546
116.29 39.7546
116.29 39.7546
116.29 39.7546
116.29 39.7546
116.29 39.7546
116.29 39.7546
116.29 39.7546
116.29 39.7546
116.29 39.7546
116.29 39.7546
116.29 39.7546
116.29 39.7546
116.29 39.7546
116.29 39.7546
116.29 39.7546
116.29 39.7546
116.29 39.7546
116.29 39.7546
116.29 39.7546
116.29 39.7546
116.29 39.7546
116.29 39.7546
116.289 39.7545
116.289 39.7545
116.287 39.7529
116.286 39.752
116.286 39.752
116.286 39.752
116.286 39.752
116.286 39.752
116.283 39.7517
116.274 39.7511
116.27 39.7606
116.268 39.7676
116.288 39.7769
116.289 39.7773
116.288 39.7789
116.286 39.7808
116.283 39.7986
116.286 39.8065
116.286 39.809
116.284 39.8209
116.284 39.8283
116.285 39.8302
116.281 39.8388
116.28 39.8404
116.28 39.8404
116.278 39.8488
116.281 39.8583
116.281 39.8344
116.281 39.8344
116.3 39.8296
116.291 39.8317
116.291 39.8323
116.286 39.8342
116.281 39.8355
116.281 39.8359
116.28 39.8414
116.279 39.8419
116.279 39.8419
116.278 39.8514
116.28 39.8581
116.28 39.8582
116.282 39.8605
116.284 39.8605
116.288 39.8647
116.293 39.865
116.299 39.8655
116.303 39.8655
116.309 39.8666
116.306 39.8689
116.312 39.875
116.317 39.8832
116.318 39.8834
116.32 39.8832
116.32 39.8832
116.332 39.8835
116.334 39.8857
116.333 39.8873
116.342 39.8864
116.342 39.8806
116.343 39.8766
116.341 39.8783
116.341 39.886
116.338 39.8886
116.336 39.8865
116.336 39.8803
116.33 39.8806
116.324 39.8833
116.32 39.8863
116.32 39.8871
116.32 39.8873
116.323 39.8886
116.325 39.8886
116.335 39.8881
116.337 39.8856
116.336 39.8826
116.335 39.882
116.334 39.8835
116.339 39.8883
116.343 39.8881
116.356 39.888
116.356 39.888
116.356 39.888
116.357 39.888
116.357 39.8899
116.357 39.8954
116.357 39.8974
116.357 39.8977
116.36 39.898
116.368 39.8939
116.368 39.8939
116.368 39.8908
116.367 39.8771
116.366 39.8771
116.365 39.8772
116.347 39.8843
116.347 39.8937
116.355 39.8977
116.357 39.8978
116.356 39.8949
116.351 39.8948
116.347 39.8948
116.347 39.8946
116.347 39.8939
116.347 39.8938
116.347 39.8938
116.347 39.8946
116.347 39.8965
116.351 39.9015
116.351 39.9095
116.351 39.9107
116.35 39.9239
116.349 39.9382
116.35 39.9477
116.35 39.9464
116.35 39.9464
116.35 39.9464
116.35 39.9445
116.349 39.9419
116.347 39.9362
116.34 39.9359
116.338 39.936
116.338 39.9323
116.338 39.9314
116.338 39.9269
116.338 39.9269
116.338 39.9221
116.339 39.9218
116.347 39.9222
116.353 39.9223
116.353 39.9223
116.353 39.9202
116.354 39.9177
116.354 39.9145
116.354 39.9126
116.355 39.9124
116.355 39.9125
116.357 39.9123
116.358 39.9124
116.362 39.9106
116.366 39.9107
116.371 39.9133
116.372 39.9132
116.372 39.9132
116.375 39.913
116.376 39.9154
116.385 39.921
116.387 39.9217
116.397 39.9141
116.401 39.9139
116.412 39.914
116.412 39.914
116.413 39.9141
116.418 39.914
116.417 39.9071
116.413 39.907
116.395 39.9064
116.389 39.9054
116.378 39.8988
116.371 39.8986
116.371 39.8986
116.365 39.8985
116.362 39.8993
116.362 39.9001
116.362 39.8988
116.357 39.8981
116.355 39.898
116.341 39.8966
116.308 39.8959
116.304 39.9235
116.304 39.9246
116.304 39.9246
116.304 39.9459
116.303 39.9539
116.295 39.9776
116.308 39.9839
116.309 40.0031
116.313 40.0079
116.312 40.0112
116.312 40.0112
116.312 40.0109
116.309 40.0004
116.309 39.9937
116.31 39.9911
116.31 39.9911
116.31 39.9911
116.315 39.991
116.325 39.9913
116.326 39.9914
116.326 39.9914
116.329 39.9915
116.328 39.9915
116.329 39.9914
116.33 39.9915
116.334 39.9965
116.345 39.9991
116.345 39.9991
116.346 39.9991
116.347 39.9866
116.352 39.9802
116.359 39.9803
116.359 39.9779
116.357 39.9753
116.349 39.9752
116.347 39.975
116.347 39.9706
116.333 39.9665
116.333 39.9686
116.333 39.9686
116.333 39.9693
116.333 39.9693
116.333 39.9688
116.333 39.9688
116.333 39.9689
116.333 39.9689
116.333 39.9689
116.333 39.9689
116.333 39.969
116.333 39.969
116.333 39.969
116.333 39.969
116.333 39.969
116.333 39.969
116.333 39.9689
116.334 39.9661
116.338 39.9661
116.347 39.9598
116.349 39.9543
116.349 39.9543
116.349 39.9514
116.349 39.9501
116.35 39.9497
116.35 39.9478
116.35 39.9468
116.35 39.9422
116.349 39.9414
116.349 39.9353
116.35 39.9324
116.361 39.9309
116.366 39.9312
116.387 39.9319
116.387 39.9319
116.39 39.9304
116.389 39.927
116.387 39.9245
116.388 39.9224
116.385 39.9212
116.385 39.9212
116.385 39.9144
116.385 39.9099
116.386 39.9066
116.385 39.9015
116.385 39.9015
116.385 39.9015
116.385 39.9015
116.382 39.8989
116.379 39.8987
116.379 39.8987
116.378 39.8955
116.373 39.888
116.372 39.888
116.371 39.888
116.368 39.8821
116.368 39.8775
116.368 39.8775
116.362 39.8692
116.358 39.8682
116.358 39.8682
116.349 39.8671
116.34 39.846
116.34 39.8455
116.34 39.8408
116.34 39.7998
116.341 39.7956
116.337 39.7557
116.338 39.7333
116.338 39.7333
116.338 39.7333
116.338 39.7333
116.338 39.7333
116.338 39.7333
116.338 39.7333
116.338 39.7333
116.338 39.7333
116.338 39.7333
116.338 39.7333
116.339 39.7334
116.34 39.7311
116.34 39.725
116.34 39.7249
116.343 39.7306
116.343 39.7306
116.343 39.7291
116.343 39.7291
116.343 39.7303
116.34 39.7306
116.34 39.7306
116.338 39.7333
116.338 39.7342
116.333 39.7374
116.327 39.7414
116.323 39.7416
116.314 39.7426
116.314 39.7425
116.314 39.7425
116.31 39.7424
116.298 39.7427
116.293 39.7475
116.291 39.7534
116.289 39.7545
116.289 39.7545
116.289 39.7545
116.289 39.7545
116.289 39.7545
116.289 39.7545
116.289 39.7545
116.289 39.7545
116.289 39.7545
116.289 39.7545
116.289 39.7545
116.289 39.7545
116.289 39.7545
116.289 39.7545
116.289 39.7545
116.289 39.7545
116.289 39.7545
116.289 39.7545
116.289 39.7545
116.289 39.7545
116.289 39.7545
116.289 39.7545
116.289 39.7545
116.289 39.7545
116.289 39.7545
116.289 39.7545
116.289 39.7545
116.289 39.7545
116.289 39.7545
116.289 39.7545
116.289 39.7545
116.289 39.7545
116.289 39.7545
116.289 39.7545
116.289 39.7545
116.289 39.7545
116.289 39.7545
116.289 39.7545
116.289 39.7545
116.289 39.7545
116.289 39.7545
116.289 39.7545
116.289 39.7545
116.289 39.7545
116.289 39.7545
116.289 39.7545
116.289 39.7545
116.289 39.7545
116.289 39.7545
116.289 39.7545
116.289 39.7545
116.289 39.7545
116.289 39.7545
116.289 39.7545
116.289 39.7545
116.289 39.7545
116.289 39.7545
116.289 39.7545
116.289 39.7545
116.289 39.7545
116.289 39.7545
116.289 39.7545
116.289 39.7545
116.289 39.7545
116.289 39.7545
116.289 39.7545
116.289 39.7545
116.289 39.7545
116.291 39.7536
116.291 39.7515
116.293 39.7505
116.297 39.7454
116.305 39.7423
116.315 39.7436
116.314 39.7435
116.314 39.7435
116.317 39.7402
116.318 39.7389
116.318 39.7388
116.318 39.7388
116.318 39.7379
116.318 39.7379
116.319 39.7366
116.319 39.7366
116.321 39.732
116.319 39.7369
116.317 39.7401
116.317 39.7403
116.317 39.7403
116.317 39.7404
116.402 39.9415
116.402 39.9415
116.317 39.7404
116.317 39.7404
116.317 39.7404
116.317 39.7404
116.319 39.7369
116.317 39.7408
116.317 39.7446
116.317 39.7461
116.317 39.7527
116.317 39.7539
116.326 39.7622
116.326 39.7622
116.325 39.7727
116.324 39.7761
116.323 39.7846
116.322 39.793
116.322 39.7932
116.308 39.7946
116.308 39.8023
116.307 39.8085
116.307 39.8233
116.307 39.8244
116.307 39.8288
116.31 39.8343
116.319 39.8393
116.331 39.8474
116.347 39.8445
116.353 39.8445
116.358 39.8445
116.359 39.8468
116.359 39.8468
116.359 39.8475
116.359 39.8513
116.358 39.8644
116.361 39.868
116.368 39.8688
116.42 39.904
116.415 39.9015
116.412 39.9044
116.412 39.9071
116.412 39.9095
116.412 39.9128
116.414 39.9144
116.414 39.9144
116.414 39.9145
116.414 39.9145
116.414 39.9145
116.414 39.9145
116.414 39.9145
116.414 39.9145
116.414 39.9145
116.414 39.9145
116.417 39.923
116.419 39.923
116.427 39.9231
116.455 39.94
116.455 39.94
116.467 39.9442
116.467 39.9472
116.466 39.9481
116.462 39.9573
116.457 39.9549
116.457 39.955
116.457 39.955
116.457 39.955
116.457 39.9551
116.457 39.9551
116.457 39.9551
116.457 39.9551
116.457 39.9551
116.456 39.9552
116.454 39.9522
116.455 39.9459
116.454 39.9325
116.45 39.9324
116.45 39.9324
116.45 39.9323
116.455 39.932
116.455 39.9268
116.455 39.9236
116.458 39.922
116.469 39.9217
116.471 39.9216
116.472 39.9215
116.488 39.9217
116.497 39.9218
116.508 39.9219
116.513 39.9219
116.524 39.9225
116.524 39.9225
116.534 39.9223
116.538 39.9223
116.563 39.9228
116.571 39.923
116.577 39.9234
116.583 39.9214
116.583 39.9214
116.583 39.9214
116.581 39.9124
116.562 39.9149
116.562 39.9149
116.561 39.9149
116.56 39.9149
116.55 39.9149
116.545 39.9149
116.545 39.9149
116.537 39.9151
116.534 39.9152
116.522 39.916
116.516 39.9158
116.513 39.9154
116.505 39.9149
116.492 39.9145
116.483 39.9139
116.484 39.9298
116.484 39.9415
116.477 39.9613
116.476 39.9732
116.478 39.9749
116.473 39.9757
116.473 39.9753
116.474 39.9751
116.475 39.9759
116.49 39.9706
116.499 39.9704
116.503 39.9714
116.507 39.9755
116.496 39.9707
116.494 39.9706
116.485 39.9707
116.471 39.972
116.472 39.9696
116.469 39.9669
116.455 39.9545
116.455 39.9544
116.455 39.9543
116.455 39.9543
116.455 39.9539
116.454 39.9534
116.455 39.9425
116.455 39.926
116.455 39.9243
116.45 39.9071
116.442 39.9072
116.441 39.9072
116.422 39.9071
116.421 39.904
116.421 39.9039
116.42 39.9037
116.42 39.9037
116.412 39.9065
116.412 39.9105
116.412 39.9138
116.418 39.914
116.418 39.914
116.418 39.914
116.418 39.914
116.418 39.914
116.418 39.914
116.418 39.914
116.418 39.914
116.418 39.914
116.418 39.914
116.418 39.914
116.418 39.914
116.418 39.914
116.418 39.914
116.418 39.914
116.418 39.914
116.418 39.914
116.418 39.914
116.418 39.914
116.418 39.914
116.418 39.914
116.418 39.914
116.418 39.914
116.418 39.914
116.418 39.914
116.418 39.914
116.418 39.914
116.418 39.914
116.418 39.914
116.418 39.914
116.418 39.914
116.418 39.914
116.418 39.914
116.418 39.914
116.418 39.914
116.419 39.9141
116.419 39.9142
116.419 39.9142
116.419 39.9142
116.419 39.9142
116.419 39.9142
116.419 39.9142
116.419 39.9142
116.419 39.9143
116.419 39.9143
116.419 39.9143
116.419 39.9143
116.419 39.9143
116.419 39.9143
116.419 39.9143
116.419 39.9143
116.419 39.9143
116.419 39.9143
116.419 39.9143
116.419 39.9143
116.419 39.9143
116.419 39.9143
116.419 39.9143
116.419 39.9143
116.419 39.9143
116.419 39.9143
116.419 39.9143
116.419 39.9143
116.419 39.9143
116.419 39.9143
116.419 39.9143
116.419 39.9143
116.419 39.9143
116.419 39.9143
116.419 39.9143
116.419 39.9144
116.419 39.9144
116.419 39.9144
116.419 39.9144
116.419 39.9144
116.419 39.9144
116.419 39.9144
116.419 39.9144
116.419 39.9144
116.419 39.9144
116.419 39.9144
116.419 39.9144
116.419 39.9145
116.419 39.9145
116.419 39.9145
116.419 39.9145
116.419 39.9145
116.419 39.9145
116.419 39.9145
116.419 39.9145
116.413 39.9143
116.412 39.9143
116.408 39.9139
116.405 39.9068
116.396 39.9065
116.381 39.906
116.376 39.9098
116.377 39.9047
116.374 39.9029
116.372 39.9028
116.372 39.901
116.368 39.8985
116.361 39.8983
116.357 39.8982
116.357 39.8982
116.343 39.8974
116.343 39.8838
116.343 39.877
116.343 39.8754
116.341 39.8585
116.34 39.8462
116.34 39.8383
116.34 39.8338
116.339 39.8051
116.34 39.7989
116.34 39.7961
116.34 39.7961
116.337 39.7799
116.336 39.7679
116.336 39.7618
116.334 39.7572
116.323 39.756
116.323 39.756
116.323 39.756
116.317 39.7454
116.317 39.7453
116.317 39.7442
116.295 39.7485
116.293 39.7506
116.291 39.7513
116.29 39.7546
116.29 39.7546
116.29 39.7546
116.29 39.7546
116.29 39.7546
116.29 39.7546
116.29 39.7546
116.29 39.7546
116.29 39.7546
116.29 39.7546
116.29 39.7546
116.29 39.7546
116.29 39.7546
116.29 39.7546
116.29 39.7546
116.29 39.7546
116.29 39.7546
116.29 39.7546
116.29 39.7546
116.29 39.7546
116.29 39.7546
116.29 39.7546
116.29 39.7546
116.29 39.7546
116.29 39.7546
116.289 39.7545
116.289 39.7545
116.289 39.7545
116.286 39.752
116.286 39.752
116.286 39.752
116.286 39.752
116.286 39.752
116.286 39.752
116.286 39.752
116.286 39.752
116.286 39.752
116.285 39.7519
116.282 39.7517
116.271 39.7555
116.271 39.7697
116.276 39.7716
116.28 39.7734
116.288 39.7771
116.287 39.7799
116.285 39.7825
116.282 39.7867
116.282 39.7991
116.28 39.8029
116.284 39.8199
116.284 39.8233
116.284 39.827
116.283 39.8313
116.281 39.8388
116.279 39.8422
116.279 39.8422
116.278 39.8509
116.283 39.8583
116.282 39.8605
116.284 39.8605
116.294 39.865
116.301 39.8656
116.302 39.8656
116.314 39.8663
116.318 39.8665
116.319 39.8665
116.322 39.8672
116.319 39.874
116.321 39.8757
116.323 39.8758
116.325 39.8758
116.335 39.8761
116.336 39.8805
116.337 39.8829
116.337 39.8845
116.335 39.8874
116.339 39.8883
116.342 39.8862
116.342 39.882
116.342 39.8763
116.341 39.8821
116.34 39.8901
116.336 39.8957
116.336 39.9005
116.336 39.9005
116.339 39.9124
116.339 39.9166
116.334 39.922
116.334 39.922
116.32 39.9253
116.32 39.9314
116.32 39.9357
116.32 39.9367
116.319 39.9451
116.308 39.9451
116.308 39.9496
116.311 39.9503
116.311 39.9503
116.311 39.9503
116.311 39.954
116.316 39.9555
116.317 39.9555
116.317 39.9555
116.317 39.9555
116.332 39.9564
116.338 39.9567
116.341 39.9542
116.341 39.9535
116.346 39.9392
116.339 39.9376
116.327 39.9329
116.327 39.9315
116.328 39.9296
116.328 39.9295
116.318 39.9268
116.315 39.9268
116.311 39.9268
116.302 39.9229
116.301 39.9229
116.297 39.9268
116.304 39.9236
116.304 39.9236
116.312 39.9224
116.315 39.9224
116.315 39.9231
116.323 39.931
116.33 39.931
116.34 39.9364
116.34 39.9364
116.341 39.9376
116.345 39.9385
116.345 39.9385
116.349 39.9355
116.349 39.9322
116.349 39.9312
116.353 39.9309
116.357 39.931
116.366 39.9311
116.371 39.9308
116.371 39.9283
116.371 39.9271
116.371 39.9229
116.374 39.9212
116.374 39.9212
116.375 39.9212
116.384 39.9208
116.389 39.9218
116.393 39.9219
116.396 39.9206
116.396 39.9102
116.396 39.9102
116.396 39.9102
116.396 39.9102
116.397 39.9103
116.397 39.9137
116.401 39.9084
116.4 39.9075
116.401 39.9007
116.401 39.9007
116.401 39.8998
116.406 39.8923
116.406 39.8923
116.412 39.8914
116.412 39.8913
116.415 39.8665
116.415 39.8664
116.415 39.866
116.415 39.8647
116.419 39.8641
116.42 39.8641
116.426 39.8645
116.428 39.8625
116.428 39.8638
116.425 39.8646
116.424 39.8647
116.417 39.8642
116.411 39.864
116.405 39.8639
116.385 39.8792
116.387 39.8802
116.387 39.8802
116.387 39.8802
116.387 39.8802
116.387 39.8802
116.387 39.884
116.392 39.8849
116.392 39.885
116.406 39.8869
116.413 39.8909
116.413 39.8911
116.428 39.8922
116.438 39.895
116.439 39.8942
116.438 39.8924
116.434 39.8877
116.434 39.8838
116.428 39.883
116.416 39.8826
116.411 39.8868
116.405 39.8869
116.398 39.8865
116.383 39.8849
116.383 39.8849
116.378 39.8874
116.362 39.8879
116.358 39.888
116.357 39.8881
116.344 39.8847
116.344 39.8855
116.344 39.8864
116.337 39.8911
116.337 39.8899
116.326 39.8887
116.315 39.888
116.313 39.8872
116.305 39.884
116.304 39.8807
116.304 39.8807
116.301 39.8806
116.301 39.8806
116.301 39.8806
116.304 39.8831
116.308 39.8848
116.308 39.8848
116.31 39.8858
116.311 39.8835
116.313 39.8829
116.318 39.884
116.326 39.8868
116.339 39.8881
116.341 39.8881
116.346 39.888
116.347 39.888
116.347 39.888
116.347 39.8902
116.35 39.8883
116.35 39.8883
116.347 39.8903
116.347 39.8931
116.35 39.8948
116.356 39.8949
116.356 39.8949
116.357 39.897
116.357 39.8976
116.357 39.8976
116.357 39.8976
116.357 39.8998
116.357 39.905
116.357 39.9069
116.36 39.908
116.36 39.9123
116.363 39.9148
116.367 39.9178
116.367 39.9232
116.367 39.924
116.367 39.9267
116.362 39.9302
116.362 39.9301
116.361 39.928
116.358 39.9178
116.358 39.9134
116.362 39.9105
116.368 39.9097
116.367 39.9088
116.366 39.9087
116.36 39.9081
116.365 39.9074
116.366 39.9072
116.368 39.9067
116.368 39.9029
116.368 39.9029
116.37 39.9047
116.368 39.9044
116.368 39.9048
116.368 39.9048
116.368 39.907
116.37 39.9076
116.37 39.9076
116.37 39.9062
116.361 39.9061
116.358 39.9062
116.341 39.9062
116.339 39.9061
116.329 39.9067
116.321 39.9098
116.321 39.9098
116.322 39.9097
116.328 39.9078
116.329 39.9093
116.329 39.9086
116.331 39.9014
116.336 39.9012
116.336 39.9008
116.336 39.896
116.337 39.8915
116.336 39.8888
116.333 39.8888
116.327 39.8888
116.321 39.889
116.321 39.8886
116.322 39.8886
116.334 39.8885
116.334 39.8885
116.341 39.888
116.342 39.8806
116.343 39.8766
116.343 39.8748
116.342 39.8704
116.342 39.8657
116.34 39.8479
116.34 39.8399
116.34 39.8311
116.339 39.8241
116.339 39.809
116.339 39.8082
116.338 39.8069
116.339 39.8034
116.342 39.7897
116.339 39.7824
116.337 39.7801
116.336 39.7627
116.331 39.7619
116.326 39.7564
116.323 39.7559
116.323 39.7559
116.322 39.7562
116.317 39.7558
116.309 39.7423
116.309 39.7423
116.297 39.7449
116.297 39.7449
116.291 39.7525
116.291 39.7525
116.29 39.7525
116.288 39.753
116.288 39.7531
116.287 39.7543
116.289 39.7544
116.289 39.7544
116.289 39.7544
116.289 39.7544
116.289 39.7544
116.289 39.7544
116.289 39.7544
116.289 39.7544
116.289 39.7544
116.289 39.7544
116.289 39.7544
116.289 39.7544
116.289 39.7544
116.289 39.7544
116.289 39.7544
116.289 39.7544
116.289 39.7544
116.289 39.7544
116.289 39.7544
116.289 39.7544
116.289 39.7544
116.289 39.7544
116.289 39.7544
116.289 39.7544
116.29 39.7552
116.286 39.7621
116.281 39.7674
116.277 39.7687
116.274 39.7681
116.272 39.7683
116.282 39.7742
116.289 39.7773
116.282 39.7864
116.284 39.7958
116.284 39.7971
116.283 39.7987
116.285 39.8061
116.284 39.815
116.284 39.8215
116.279 39.8228
116.279 39.8257
116.282 39.8281
116.283 39.8284
116.284 39.8276
116.284 39.8154
116.286 39.8066
116.285 39.8061
116.282 39.7989
116.277 39.7903
116.276 39.7896
116.28 39.784
116.277 39.7901
116.282 39.7921
116.287 39.8066
116.286 39.8101
116.284 39.8187
116.284 39.8287
116.284 39.8287
116.285 39.8298
116.283 39.8351
116.284 39.8346
116.284 39.8339
116.285 39.8294
116.306 39.829
116.306 39.829
116.308 39.8237
116.31 39.8239
116.307 39.8273
116.307 39.828
116.292 39.8296
116.292 39.8296
116.29 39.8324
116.287 39.8339
116.286 39.8352
116.287 39.843
116.288 39.8435
116.288 39.8441
116.279 39.8415
116.278 39.8462
116.286 39.8486
116.288 39.8554
116.288 39.8646
116.288 39.8673
116.287 39.877
116.285 39.8764
116.289 39.8772
116.299 39.8804
116.299 39.8804
116.299 39.8804
116.305 39.8835
116.313 39.887
116.32 39.8884
116.32 39.8838
116.325 39.8833
116.327 39.8833
116.33 39.887
116.336 39.8884
116.365 39.8879
116.366 39.8879
116.367 39.8879
116.368 39.8935
116.369 39.8954
116.368 39.9021
116.368 39.8986
116.361 39.8984
116.358 39.8982
116.357 39.899
116.357 39.8984
116.357 39.8984
116.357 39.8984
116.357 39.8982
116.359 39.8918
116.357 39.8937
116.357 39.8976
116.357 39.8976
116.357 39.8976
116.365 39.9058
116.376 39.9058
116.376 39.9058
116.394 39.9062
116.404 39.9066
116.415 39.9068
116.421 39.9041
116.42 39.9039
116.42 39.9039
116.412 39.9074
116.412 39.9083
116.414 39.9146
116.425 39.9142
116.429 39.907
116.437 39.8922
116.448 39.896
116.455 39.8927
116.455 39.8977
116.455 39.8972
116.454 39.8672
116.449 39.8621
116.441 39.8577
116.432 39.8577
116.397 39.8559
116.387 39.8564
116.387 39.8574
116.382 39.8595
116.381 39.8626
116.381 39.8771
116.376 39.8776
116.381 39.8773
116.381 39.8625
116.381 39.8615
116.381 39.8574
116.381 39.8561
116.387 39.8473
116.387 39.8473
116.387 39.8473
116.394 39.8478
116.394 39.8525
116.394 39.8715
116.393 39.879
116.387 39.8851
116.379 39.8875
116.379 39.8878
116.389 39.8891
116.376 39.8881
116.364 39.8879
116.362 39.8879
116.356 39.888
116.353 39.8881
116.347 39.8884
116.347 39.8856
116.347 39.8824
116.344 39.8758
116.345 39.8751
116.344 39.8759
116.353 39.8766
116.353 39.8785
116.357 39.8819
116.359 39.8851
116.359 39.8851
116.359 39.8851
116.362 39.8861
116.358 39.8873
116.358 39.8873
116.358 39.8876
116.344 39.8886
116.341 39.8885
116.336 39.8824
116.327 39.8742
116.327 39.8741
116.336 39.8765
116.336 39.8794
116.336 39.8801
116.276 39.8663
116.277 39.8662
116.277 39.855
116.279 39.8419
116.286 39.8339
116.296 39.8324
116.298 39.8343
116.297 39.8345
116.294 39.831
116.291 39.8325
116.291 39.8325
116.291 39.8325
116.291 39.8325
116.291 39.8325
116.291 39.8325
116.291 39.8325
116.291 39.8325
116.291 39.8325
116.291 39.8325
116.291 39.8325
116.292 39.8325
116.292 39.8325
116.292 39.8325
116.291 39.8324
116.281 39.8337
116.277 39.8514
116.273 39.8725
116.268 39.8886
116.268 39.9059
116.269 39.9291
116.269 39.9449
116.269 39.9596
116.268 39.965
116.268 39.9641
116.269 39.9561
116.269 39.9561
116.269 39.946
116.269 39.9309
116.269 39.9309
116.269 39.9273
116.269 39.9273
116.267 39.9219
116.268 39.9073
116.268 39.9066
116.268 39.9066
116.268 39.9063
116.268 39.9055
116.268 39.9056
116.268 39.9056
116.268 39.9056
116.268 39.8992
116.268 39.8992
116.268 39.8992
116.267 39.8948
116.271 39.8774
116.332 39.7304
116.333 39.7268
116.334 39.7287
116.334 39.7287
116.333 39.7392
116.332 39.7414
116.327 39.7415
116.318 39.7422
116.291 39.7546
116.289 39.7546
116.289 39.7546
116.29 39.7546
116.29 39.7546
116.29 39.7546
116.29 39.7546
116.29 39.7546
116.29 39.7546
116.29 39.7546
116.29 39.7546
116.29 39.7546
116.29 39.7546
116.29 39.7546
116.29 39.7546
116.29 39.7546
116.29 39.7546
116.29 39.7546
116.29 39.7546
116.29 39.7546
116.29 39.7546
116.29 39.7546
116.29 39.7546
116.29 39.7546
116.29 39.7546
116.29 39.7546
116.29 39.7546
116.29 39.7546
116.29 39.7546
116.29 39.7546
116.29 39.7546
116.29 39.7546
116.29 39.7546
116.29 39.7546
116.29 39.7546
116.29 39.7546
116.29 39.7546
116.29 39.7546
116.29 39.7546
116.29 39.7546
116.29 39.7546
116.29 39.7546
116.29 39.7546
116.29 39.7546
116.29 39.7546
116.29 39.7546
116.29 39.7546
116.29 39.7546
116.29 39.7546
116.29 39.7546
116.29 39.7546
116.29 39.7546
116.29 39.7546
116.29 39.7546
116.29 39.7546
116.29 39.7546
116.29 39.7546
116.29 39.7546
116.29 39.7546
116.386 39.7546
116.386 39.7546
116.29 39.7546
116.29 39.7546
116.29 39.7546
116.29 39.7546
116.29 39.7546
116.109 39.6553
108.612 23.375
108.612 23.375
116.384 39.9208
116.384 39.9208
116.289 39.7545
116.287 39.7539
116.287 39.7536
116.286 39.752
116.286 39.752
116.286 39.752
116.285 39.7439
116.293 39.7423
116.3 39.7422
116.307 39.7422
116.317 39.743
116.317 39.743
116.322 39.7489
116.322 39.7501
116.32 39.7507
116.32 39.7507
116.32 39.7507
116.317 39.7463
116.315 39.7423
116.298 39.7424
116.294 39.7424
116.279 39.7514
116.277 39.7513
116.272 39.7536
116.269 39.7653
116.277 39.772
116.288 39.7772
116.288 39.7772
116.28 39.7895
116.282 39.792
116.284 39.7955
116.287 39.8066
116.287 39.8066
116.287 39.8072
116.284 39.8212
116.282 39.8327
116.281 39.8362
116.28 39.8397
116.277 39.8545
116.277 39.8571
116.28 39.8583
116.28 39.8638
116.277 39.8663
116.277 39.8664
116.278 39.8668
116.281 39.8646
116.287 39.8647
116.287 39.8647
116.289 39.8648
116.296 39.8653
116.303 39.8657
116.307 39.8656
116.305 39.8815
116.305 39.8829
116.304 39.8924
116.304 39.8999
116.302 39.9074
116.302 39.9074
116.297 39.9064
116.296 39.9113
116.303 39.9115
116.326 39.9096
116.327 39.9096
116.328 39.9078
116.328 39.9078
116.328 39.9078
116.328 39.9078
116.329 39.9048
116.331 39.9019
116.34 39.8911
116.341 39.8908
116.342 39.8887
116.341 39.8813
116.336 39.8887
116.337 39.887
116.336 39.8802
116.331 39.876
116.326 39.8759
116.321 39.8782
116.321 39.8813
116.321 39.8813
116.321 39.8814
116.321 39.8814
116.32 39.8854
116.32 39.8875
116.32 39.8909
116.318 39.8908
116.318 39.8902
116.319 39.891
116.332 39.8958
116.334 39.8959
116.334 39.8959
116.335 39.896
116.337 39.8915
116.336 39.8895
116.336 39.8895
116.337 39.8885
116.333 39.8868
116.341 39.8882
116.357 39.8879
116.365 39.8879
116.366 39.8879
116.367 39.8878
116.368 39.8878
116.368 39.8935
116.369 39.895
116.369 39.8964
116.376 39.8972
116.378 39.8889
116.378 39.8889
116.379 39.8865
116.379 39.8847
116.387 39.8847
116.387 39.8807
116.387 39.8798
116.387 39.8794
116.392 39.8785
116.393 39.8643
116.393 39.8636
116.394 39.8482
116.395 39.8359
116.395 39.8358
116.395 39.8336
116.412 39.8308
116.427 39.8307
116.44 39.8306
116.443 39.8262
116.445 39.8248
116.445 39.8247
116.444 39.8248
116.444 39.8248
116.445 39.8246
116.448 39.8218
116.449 39.817
116.449 39.8128
116.45 39.8105
116.446 39.8053
116.446 39.8052
116.438 39.804
116.434 39.8036
116.423 39.8025
116.42 39.8023
116.42 39.8023
116.416 39.8021
116.414 39.8018
116.413 39.8017
116.413 39.803
116.413 39.803
116.413 39.803
116.412 39.8003
116.412 39.8003
116.414 39.7977
116.418 39.7945
116.418 39.7933
116.417 39.7949
116.408 39.804
116.403 39.8039
116.396 39.8122
116.396 39.8175
116.396 39.8248
116.395 39.8278
116.395 39.835
116.391 39.8397
116.391 39.8406
116.381 39.8438
116.38 39.8445
116.38 39.8449
116.379 39.8482
116.374 39.8492
116.371 39.8492
116.366 39.8494
116.366 39.8494
116.359 39.8497
116.359 39.8556
116.359 39.8589
116.358 39.8663
116.37 39.869
116.378 39.8696
116.369 39.8881
116.369 39.8881
116.359 39.8881
116.359 39.888
116.353 39.8881
116.347 39.8886
116.345 39.8886
116.345 39.8886
116.342 39.8866
116.342 39.8838
116.341 39.8838
116.341 39.8838
116.34 39.891
116.34 39.8911
116.34 39.8901
116.34 39.8891
116.321 39.8888
116.316 39.8882
116.311 39.8863
116.305 39.9037
116.305 39.9041
116.306 39.9068
116.305 39.9078
116.304 39.9079
116.302 39.9075
116.302 39.9075
116.298 39.9064
116.297 39.9065
116.296 39.9064
116.296 39.9102
116.296 39.9102
116.296 39.9102
116.296 39.9102
116.296 39.9102
116.296 39.9102
116.296 39.9102
116.296 39.9102
116.296 39.9102
116.296 39.9102
116.296 39.9102
116.296 39.9102
116.296 39.9102
116.296 39.9102
116.296 39.9106
116.296 39.9106
116.296 39.9106
116.296 39.9117
116.3 39.9116
116.302 39.9114
116.311 39.9098
116.311 39.9098
116.328 39.9095
116.329 39.9093
116.338 39.9123
116.342 39.9124
116.349 39.9124
116.353 39.9124
116.353 39.9124
116.356 39.9121
116.357 39.9122
116.357 39.9122
116.365 39.91
116.365 39.9088
116.368 39.9071
116.368 39.9041
116.368 39.9037
116.368 39.9032
116.368 39.9031
116.368 39.9027
116.368 39.9026
116.375 39.9027
116.39 39.9001
116.39 39.8998
116.388 39.8964
116.385 39.8885
116.379 39.8892
116.378 39.8967
116.377 39.9044
116.377 39.9044
116.377 39.9051
116.377 39.9051
116.376 39.9108
116.375 39.9109
116.374 39.9109
116.371 39.911
116.37 39.9106
116.37 39.9106
116.37 39.9096
116.37 39.9098
116.369 39.9096
116.368 39.912
116.367 39.9128
116.368 39.9128
116.361 39.9128
116.361 39.9128
116.361 39.9128
116.361 39.9128
116.363 39.9152
116.359 39.9128
116.358 39.9149
116.351 39.9172
116.347 39.9198
116.347 39.921
116.35 39.9222
116.358 39.9152
116.358 39.9125
116.36 39.9113
116.365 39.9097
116.366 39.9088
116.368 39.9086
116.368 39.9072
116.359 39.9026
116.357 39.9004
116.357 39.9004
116.357 39.9004
116.355 39.8981
116.342 39.895
116.328 39.8886
116.327 39.8886
116.324 39.8887
116.321 39.8887
116.318 39.8887
116.315 39.8881
116.315 39.8881
116.315 39.8881
116.313 39.8875
116.312 39.8871
116.312 39.8867
116.311 39.8865
116.311 39.8865
116.303 39.8827
116.31 39.8858
116.31 39.8858
116.31 39.8857
116.311 39.8835
116.311 39.8776
116.312 39.876
116.312 39.875
116.319 39.8742
116.32 39.8729
116.321 39.8718
116.32 39.8669
116.301 39.8658
116.298 39.8657
116.291 39.8653
116.284 39.8578
116.283 39.8581
116.277 39.8471
116.278 39.8423
116.278 39.8423
116.281 39.8351
116.284 39.8278
116.284 39.8267
116.284 39.8267
116.286 39.8085
116.28 39.8035
116.281 39.8015
116.279 39.7908
116.283 39.7844
116.283 39.7844
116.283 39.7844
116.286 39.7807
116.288 39.7785
116.288 39.7785
116.288 39.7785
116.288 39.7785
116.282 39.7741
116.27 39.7597
116.272 39.7526
116.272 39.7513
116.281 39.7516
116.288 39.7525
116.288 39.7525
116.288 39.7525
116.288 39.7526
116.288 39.7522
116.287 39.753
116.289 39.7545
116.289 39.7545
116.289 39.7545
116.289 39.7545
116.289 39.7545
116.289 39.7545
116.289 39.7545
116.289 39.7545
116.289 39.7545
116.289 39.7545
116.289 39.7545
116.289 39.7544
116.289 39.7544
116.289 39.7544
116.289 39.7544
116.289 39.7544
116.289 39.7544
116.289 39.7544
116.289 39.7544
116.289 39.7544
116.289 39.7544
116.289 39.7544
116.289 39.7544
116.289 39.7544
116.289 39.7544
116.289 39.7544
116.289 39.7544
116.289 39.7544
116.289 39.7544
116.289 39.7544
116.289 39.7544
116.289 39.7544
116.289 39.7544
116.289 39.7544
116.289 39.7544
116.289 39.7544
116.289 39.7544
116.289 39.7544
116.289 39.7544
116.289 39.7544
116.289 39.7544
116.289 39.7544
116.289 39.7544
116.289 39.7544
116.289 39.7544
116.289 39.7544
116.289 39.7544
116.289 39.7544
116.289 39.7544
116.289 39.7544
116.289 39.7544
116.289 39.7544
116.289 39.7544
116.289 39.7544
116.289 39.7544
116.289 39.7544
116.289 39.7544
116.289 39.7544
116.289 39.7544
116.289 39.7544
116.289 39.7544
116.289 39.7544
116.289 39.7544
116.289 39.7544
116.289 39.7544
116.289 39.7544
116.289 39.7544
116.289 39.7544
116.289 39.7544
116.289 39.7544
116.289 39.7544
116.289 39.7544
116.289 39.7544
116.289 39.7544
116.289 39.7544
116.291 39.753
116.29 39.7524
116.287 39.752
116.286 39.752
116.286 39.752
116.286 39.752
116.286 39.752
116.286 39.752
116.286 39.752
116.286 39.752
116.286 39.752
116.286 39.752
116.286 39.752
116.286 39.752
116.286 39.752
116.286 39.752
116.286 39.752
116.286 39.752
116.286 39.752
116.286 39.752
116.286 39.752
116.286 39.752
116.286 39.752
116.286 39.752
116.286 39.752
116.286 39.752
116.286 39.752
116.286 39.752
116.286 39.752
116.286 39.752
116.286 39.752
116.286 39.752
116.286 39.752
116.286 39.752
116.286 39.752
116.286 39.752
116.285 39.7506
116.295 39.7488
116.295 39.748
116.295 39.748
116.292 39.7494
116.286 39.752
116.288 39.7522
116.289 39.7522
116.284 39.7505
116.284 39.7505
116.284 39.7505
116.284 39.7505
116.284 39.7505
116.284 39.7505
116.284 39.7505
116.284 39.7505
116.284 39.7505
116.284 39.7505
116.284 39.7505
116.284 39.7505
116.284 39.7505
116.284 39.7505
116.284 39.7505
116.284 39.7505
116.284 39.7505
116.284 39.7505
116.284 39.7505
116.284 39.7505
116.284 39.7505
116.284 39.7505
116.284 39.7505
116.284 39.7505
116.284 39.7505
116.284 39.7505
116.284 39.7505
116.284 39.7505
116.284 39.7505
116.284 39.7505
116.284 39.7505
116.284 39.7505
116.284 39.7505
116.284 39.7505
116.284 39.7505
116.284 39.7505
116.284 39.7505
116.284 39.7505
116.284 39.7505
116.284 39.7505
116.284 39.7505
116.284 39.7505
116.284 39.7505
116.284 39.7505
116.284 39.7505
116.284 39.7505
116.284 39.7505
116.284 39.7505
116.284 39.7505
116.285 39.7519
116.287 39.7531
116.29 39.7539
116.289 39.7546
116.29 39.7546
116.29 39.7546
116.29 39.7546
116.29 39.7546
116.29 39.7546
116.29 39.7546
116.29 39.7546
116.29 39.7546
116.29 39.7546
116.29 39.7546
116.29 39.7546
116.29 39.7546
116.29 39.7546
116.29 39.7546
116.29 39.7546
116.29 39.7546
116.29 39.7546
116.29 39.7546
116.29 39.7546
116.29 39.7546
116.29 39.7546
116.29 39.7546
116.29 39.7546
116.29 39.7546
116.291 39.7513
116.297 39.745
116.305 39.7423
116.326 39.7306
116.333 39.7293
116.333 39.7307
116.333 39.7369
116.295 39.748
116.294 39.7507
116.291 39.751
116.291 39.7533
116.29 39.7546
116.29 39.7546
116.29 39.7546
116.29 39.7546
116.29 39.7546
116.29 39.7546
116.29 39.7546
116.29 39.7546
116.29 39.7546
116.29 39.7546
116.29 39.7546
116.29 39.7546
116.29 39.7546
116.29 39.7546
116.29 39.7546
116.29 39.7546
116.29 39.7546
116.29 39.7546
116.29 39.7546
116.29 39.7546
116.29 39.7546
116.29 39.7546
116.29 39.7546
116.29 39.7546
116.29 39.7546
116.29 39.7546
116.29 39.7546
116.29 39.7546
116.29 39.7546
116.29 39.7546
116.29 39.7546
116.29 39.7546
116.29 39.7546
116.29 39.7546
116.29 39.7546
116.29 39.7546
116.29 39.7546
116.29 39.7546
116.29 39.7546
116.29 39.7546
116.29 39.7546
116.29 39.7546
116.29 39.7546
116.29 39.7546
116.29 39.7546
116.29 39.7546
116.29 39.7546
116.29 39.7546
116.29 39.7546
116.29 39.7546
116.29 39.7546
116.29 39.7546
116.29 39.7546
116.29 39.7546
116.29 39.7546
116.29 39.7546
116.29 39.7546
116.29 39.7546
116.29 39.7546
116.29 39.7546
116.29 39.7546
116.29 39.7546
116.29 39.7546
116.29 39.7546
116.29 39.7546
116.29 39.7546
116.29 39.7546
116.29 39.7546
116.29 39.7546
116.29 39.7546
116.29 39.7546
116.29 39.7546
116.29 39.7546
116.29 39.7546
116.29 39.7546
116.29 39.7546
116.29 39.7546
116.29 39.7546
116.289 39.7565
116.288 39.7587
116.285 39.7633
116.282 39.7655
116.278 39.7689
116.276 39.7686
116.272 39.7678
116.277 39.7722
116.284 39.7753
116.293 39.7792
116.308 39.7877
116.308 39.7882
116.307 39.805
116.307 39.805
116.307 39.8215
116.307 39.8227
116.307 39.826
116.296 39.8297
116.291 39.8324
116.291 39.8325
116.286 39.8319
116.286 39.8319
116.284 39.8345
116.28 39.84
116.278 39.8444
116.262 39.8462
116.261 39.8509
116.258 39.8502
116.259 39.8507
116.26 39.8512
116.26 39.8567
116.259 39.8621
116.263 39.8661
116.271 39.871
116.274 39.8701
116.271 39.8686
116.27 39.8686
116.268 39.8676
116.268 39.8662
116.269 39.8671
116.27 39.8705
116.274 39.872
116.278 39.8733
116.281 39.8751
116.288 39.8771
116.293 39.8783
116.3 39.8812
116.327 39.8886
116.338 39.8883
116.338 39.8883
116.344 39.889
116.35 39.897
116.35 39.897
116.351 39.9081
116.354 39.9127
116.353 39.9156
116.353 39.9157
116.357 39.915
116.357 39.915
116.357 39.915
116.357 39.9151
116.359 39.9235
116.36 39.9246
116.366 39.9393
116.366 39.941
116.391 39.9475
116.399 39.9476
116.426 39.9479
116.445 39.9532
116.452 39.9601
116.459 39.9657
116.476 39.9814
116.481 39.9856
116.504 40.0063
116.538 40.0239
116.575 40.0428
116.576 40.0442
116.584 40.0587
116.584 40.0598
116.587 40.0785
116.581 40.0792
116.581 40.069
116.58 40.0626
116.571 40.0633
116.564 40.0702
116.564 40.0703
116.567 40.071
116.567 40.071
116.565 40.0713
116.565 40.0713
116.565 40.0713
116.565 40.0713
116.565 40.0713
116.565 40.0713
116.565 40.0713
116.565 40.0713
116.565 40.0713
116.565 40.0713
116.565 40.0713
116.565 40.0713
116.565 40.0713
116.565 40.0713
116.565 40.0713
116.565 40.0713
116.565 40.0713
116.565 40.0713
116.565 40.0713
116.565 40.0713
116.565 40.0713
116.565 40.0713
116.565 40.0713
116.565 40.0713
116.565 40.0713
116.565 40.0713
116.565 40.0713
116.565 40.0713
116.565 40.0713
116.565 40.0713
116.565 40.0713
116.565 40.0713
116.565 40.0713
116.565 40.0713
116.565 40.0713
116.565 40.0713
116.565 40.0713
116.565 40.0713
116.565 40.0713
116.565 40.0713
116.565 40.0713
116.565 40.0713
116.565 40.0713
116.565 40.0713
116.565 40.0713
116.565 40.0713
116.565 40.0712
116.563 40.0701
116.563 40.0701
116.563 40.0701
116.563 40.0701
116.563 40.0701
116.563 40.0701
116.563 40.0701
116.563 40.0701
116.563 40.0701
116.563 40.0701
116.563 40.0701
116.563 40.0701
116.563 40.0701
116.563 40.0701
116.563 40.0701
116.562 40.0691
116.563 40.0655
116.563 40.0647
116.517 40.0167
116.517 40.0165
116.505 40.0077
116.48 39.9848
116.465 39.9714
116.443 39.952
116.427 39.9488
116.427 39.9429
116.427 39.9413
116.427 39.9413
116.42 39.9397
116.42 39.9343
116.42 39.9295
116.42 39.9284
116.42 39.9149
116.416 39.9142
116.405 39.914
116.401 39.9084
116.4 39.9051
116.396 39.9007
116.397 39.9006
116.398 39.9007
116.398 39.9007
116.39 39.8988
116.39 39.8988
116.383 39.8989
116.378 39.8985
116.378 39.8956
116.378 39.8919
116.372 39.888
116.368 39.8776
116.368 39.8695
116.364 39.8666
116.364 39.8666
116.361 39.8653
116.358 39.8618
116.358 39.8614
116.358 39.8614
116.357 39.8606
116.352 39.8603
116.342 39.86
116.338 39.8488
116.338 39.8488
116.339 39.8428
116.34 39.8377
116.339 39.8143
116.339 39.8035
116.341 39.7961
116.341 39.794
116.325 39.7782
116.314 39.7797
116.309 39.7773
116.304 39.762
116.306 39.762
116.311 39.7614
116.323 39.756
116.323 39.756
116.323 39.7561
116.313 39.7424
116.303 39.7424
116.3 39.7424
116.291 39.7526
116.291 39.7532
116.29 39.7546
116.29 39.7546
116.29 39.7546
116.29 39.7546
116.29 39.7546
116.29 39.7546
116.29 39.7546
116.29 39.7546
116.29 39.7546
116.29 39.7546
116.29 39.7546
116.29 39.7546
116.29 39.7546
116.29 39.7546
116.29 39.7546
116.29 39.7546
116.29 39.7546
116.29 39.7546
116.29 39.7546
116.29 39.7546
116.29 39.7546
116.29 39.7546
116.29 39.7546
116.29 39.7546
116.29 39.7546
116.29 39.7546
116.29 39.7546
116.29 39.7546
116.29 39.7546
116.29 39.7546
116.29 39.7546
116.29 39.7546
116.29 39.7546
116.29 39.7546
116.29 39.7546
116.29 39.7546
116.29 39.7546
116.29 39.7546
116.29 39.7546
116.29 39.7546
116.29 39.7546
116.29 39.7546
116.29 39.7546
116.29 39.7546
116.29 39.7546
116.29 39.7546
116.29 39.7546
116.29 39.7546
116.29 39.7546
116.29 39.7546
116.29 39.7546
116.29 39.7546
116.29 39.7546
116.29 39.7546
116.29 39.7546
116.29 39.7546
116.29 39.7546
116.29 39.7546
116.29 39.7546
116.29 39.7546
116.29 39.7546
116.29 39.7546
116.29 39.7546
116.29 39.7546
116.29 39.7546
116.29 39.7546
116.29 39.7546
116.29 39.7546
116.29 39.7546
116.29 39.7546
116.29 39.7546
116.29 39.7546
116.29 39.7546
116.29 39.7546
116.29 39.7546
116.29 39.7546
116.29 39.7546
116.29 39.7546
116.29 39.7546
116.29 39.7546
116.29 39.7546
116.29 39.7546
116.29 39.7546
116.29 39.7546
116.29 39.7546
116.29 39.7546
116.29 39.7546
116.29 39.7546
116.29 39.7546
116.29 39.7546
116.29 39.7546
116.29 39.7546
116.29 39.7546
116.29 39.7546
116.29 39.7546
116.29 39.7546
116.29 39.7546
116.29 39.7546
116.29 39.7546
116.29 39.7546
116.29 39.7546
116.29 39.7546
116.29 39.7546
116.29 39.7546
116.29 39.7546
116.29 39.7546
116.29 39.7546
116.29 39.7546
116.29 39.7546
116.29 39.7546
116.29 39.7546
116.29 39.7546
116.29 39.7546
116.29 39.7546
116.29 39.7546
116.29 39.7546
116.29 39.7546
116.29 39.7546
116.29 39.7546
116.29 39.7546
116.29 39.7546
116.29 39.7546
116.29 39.7546
116.29 39.7546
116.29 39.7546
116.29 39.7546
116.29 39.7546
116.29 39.7546
116.29 39.7546
116.29 39.7546
116.29 39.7546
116.29 39.7546
116.29 39.7546
116.29 39.7546
116.29 39.7546
116.29 39.7546
116.29 39.7546
116.29 39.7546
116.29 39.7546
116.29 39.7546
116.29 39.7546
116.29 39.7546
116.29 39.7546
116.29 39.7546
116.29 39.7546
116.29 39.7546
116.29 39.7546
116.29 39.7546
116.29 39.7546
116.29 39.7546
116.29 39.7546
116.29 39.7546
116.29 39.7546
116.29 39.7546
116.29 39.7546
116.29 39.7546
116.29 39.7546
116.29 39.7546
116.29 39.7546
116.29 39.7546
116.29 39.7546
116.29 39.7546
116.29 39.7546
116.29 39.7546
116.29 39.7546
116.29 39.7546
116.29 39.7546
116.29 39.7546
116.29 39.7546
116.29 39.7546
116.29 39.7546
116.29 39.7546
116.29 39.7546
116.29 39.7546
116.29 39.7546
116.29 39.7546
116.29 39.7546
116.29 39.7546
116.29 39.7546
116.29 39.7546
116.29 39.7546
116.29 39.7546
116.289 39.7545
116.289 39.7545
116.289 39.7545
116.288 39.7546
116.288 39.7546
116.288 39.7546
116.288 39.7546
116.288 39.7546
116.288 39.7546
116.288 39.7546
116.288 39.7546
116.288 39.7546
116.288 39.7546
116.288 39.7546
116.288 39.7546
116.288 39.7546
116.288 39.7546
116.288 39.7546
116.288 39.7546
116.288 39.7546
116.288 39.7546
116.288 39.7546
116.296 39.7477
116.296 39.7475
116.32 39.7338
116.321 39.7307
116.333 39.7289
116.334 39.7287
116.335 39.7288
116.335 39.7288
116.333 39.7302
116.333 39.7326
116.333 39.7361
116.329 39.7414
116.327 39.7415
116.324 39.7415
116.316 39.7424
116.295 39.748
116.294 39.7507
116.291 39.7523
116.291 39.7528
116.289 39.7545
116.289 39.7545
116.289 39.7545
116.289 39.7545
116.289 39.7545
116.289 39.7545
116.289 39.7545
116.289 39.7545
116.289 39.7545
116.289 39.7545
116.289 39.7545
116.289 39.7545
116.289 39.7545
116.289 39.7545
116.289 39.7545
116.289 39.7545
116.289 39.7545
116.289 39.7545
116.289 39.7545
116.289 39.7545
116.289 39.7545
116.289 39.7545
116.289 39.7545
116.289 39.7545
116.289 39.7545
116.289 39.7545
116.289 39.7545
116.289 39.7545
116.289 39.7545
116.289 39.7545
116.289 39.7545
116.289 39.7545
116.289 39.7545
116.289 39.7545
116.289 39.7545
116.289 39.7545
116.289 39.7545
116.289 39.7545
116.289 39.7545
116.289 39.7545
116.289 39.7545
116.289 39.7545
116.289 39.7545
116.289 39.7545
116.289 39.7545
116.289 39.7545
116.289 39.7545
116.289 39.7545
116.289 39.7545
116.289 39.7545
116.289 39.7545
116.289 39.7545
116.289 39.7545
116.288 39.7533
116.281 39.7516
116.28 39.7516
116.263 39.7503
116.262 39.7498
116.262 39.7498
116.262 39.7498
116.262 39.7498
116.262 39.7498
116.262 39.7498
116.262 39.7498
116.262 39.7498
116.262 39.7498
116.262 39.7498
116.262 39.7498
116.262 39.7498
116.262 39.7498
116.262 39.7498
116.262 39.7498
116.262 39.7498
116.262 39.7498
116.262 39.7498
116.262 39.7498
116.262 39.7498
116.262 39.7498
116.262 39.7498
116.262 39.7498
116.262 39.7498
116.262 39.7498
116.262 39.7498
116.262 39.7498
116.262 39.7498
116.262 39.7498
116.262 39.7498
116.262 39.7498
116.262 39.7498
116.262 39.7498
116.262 39.7498
116.262 39.7498
116.262 39.7498
116.262 39.7498
116.262 39.7498
116.262 39.7498
116.262 39.7498
116.262 39.7498
116.262 39.7498
116.262 39.7498
116.262 39.7498
116.262 39.7498
116.262 39.7498
116.262 39.7498
116.262 39.7498
116.262 39.7498
116.262 39.7498
116.262 39.7498
116.262 39.7498
116.262 39.7498
116.262 39.7498
116.262 39.7498
116.262 39.7498
116.262 39.7498
116.262 39.7498
116.262 39.7498
116.262 39.7498
116.262 39.7498
116.262 39.7498
116.262 39.7498
116.262 39.7498
116.262 39.7498
116.262 39.7498
116.262 39.7498
116.262 39.7502
116.27 39.7507
116.291 39.7526
116.29 39.7546
116.288 39.7545
116.288 39.7545
116.288 39.7545
116.289 39.7546
116.289 39.7546
116.289 39.7546
116.289 39.7546
116.289 39.7546
116.289 39.7546
116.289 39.7546
116.289 39.7546
116.289 39.7546
116.289 39.7546
116.289 39.7546
116.289 39.7546
116.289 39.7546
116.289 39.7546
116.289 39.7546
116.289 39.7546
116.289 39.7546
116.289 39.7546
116.289 39.7546
116.289 39.7546
116.289 39.7546
116.289 39.7546
116.289 39.7546
116.289 39.7546
116.289 39.7546
116.289 39.7546
116.289 39.7546
116.289 39.7546
116.289 39.7546
116.289 39.7546
116.289 39.7546
116.289 39.7546
116.289 39.7546
116.289 39.7546
116.289 39.7546
116.289 39.7546
116.289 39.7546
116.289 39.7546
116.289 39.7546
116.289 39.7546
116.289 39.7546
116.469 39.7986
116.289 39.7545
116.287 39.7544
116.287 39.7538
116.287 39.7529
116.269 39.7644
116.289 39.7768
116.299 39.7802
116.305 39.7803
116.332 39.7774
116.342 39.7869
116.341 39.7989
116.341 39.7989
116.34 39.8332
116.34 39.8388
116.34 39.8453
116.343 39.8811
116.343 39.8899
116.328 39.8975
116.328 39.8991
116.328 39.9003
116.329 39.9044
116.333 39.9017
116.333 39.9017
116.336 39.9018
116.342 39.8989
116.342 39.8976
116.342 39.8976
116.342 39.8976
116.342 39.8976
116.342 39.8976
116.342 39.8976
116.342 39.8976
116.342 39.8976
116.342 39.8976
116.342 39.8976
116.342 39.8976
116.342 39.8976
116.342 39.8976
116.342 39.8976
116.342 39.8976
116.342 39.8976
116.342 39.8976
116.342 39.8976
116.342 39.8976
116.342 39.8976
116.342 39.8976
116.342 39.8976
116.342 39.8976
116.342 39.8976
116.342 39.8976
116.342 39.8976
116.342 39.8976
116.342 39.8976
116.342 39.8976
116.342 39.8976
116.342 39.8976
116.342 39.8976
116.342 39.8976
116.342 39.8976
116.342 39.8976
116.342 39.8974
116.342 39.8917
116.343 39.8779
116.343 39.8768
116.343 39.876
116.343 39.876
116.347 39.8764
116.347 39.8764
116.344 39.8771
116.344 39.8783
116.344 39.8888
116.343 39.8977
116.344 39.8984
116.347 39.896
116.365 39.8982
116.367 39.8979
116.368 39.8857
116.366 39.8844
116.366 39.8839
116.361 39.8825
116.368 39.8975
116.368 39.8977
116.367 39.9189
116.367 39.9207
116.367 39.9321
116.367 39.9385
116.378 39.9473
116.396 39.9476
116.401 39.9478
116.398 39.9477
116.374 39.9475
116.359 39.9449
116.349 39.9348
116.349 39.9348
116.349 39.9348
116.349 39.9348
116.349 39.9312
116.341 39.9269
116.34 39.9283
116.34 39.9285
116.338 39.927
116.347 39.9269
116.347 39.9269
116.35 39.9136
116.357 39.8979
116.357 39.8979
116.37 39.8939
116.37 39.8933
116.363 39.888
116.353 39.8882
116.347 39.8895
116.346 39.891
116.346 39.891
116.346 39.891
116.344 39.8937
116.36 39.8981
116.362 39.8982
116.374 39.8985
116.377 39.8986
116.377 39.8986
116.377 39.9029
116.361 39.9026
116.36 39.9026
116.355 39.9026
116.351 39.9026
116.35 39.9059
116.348 39.9059
116.334 39.9063
116.318 39.9062
116.315 39.9062
116.306 39.9063
116.284 39.9063
116.273 39.9063
116.263 39.9063
116.259 39.9164
116.252 39.9162
116.253 39.9154
116.253 39.9154
116.253 39.9154
116.254 39.9194
116.254 39.9207
116.247 39.9076
116.247 39.9068
116.223 39.9063
116.216 39.9062
116.204 39.9062
116.203 39.9063
116.193 39.9062
116.193 39.9061
116.202 39.906
116.204 39.9061
116.213 39.906
116.233 39.9061
116.239 39.9061
116.247 39.9061
116.247 39.8961
116.247 39.8951
116.247 39.8884
116.251 39.8866
116.253 39.885
116.254 39.885
116.255 39.885
116.255 39.885
116.256 39.8856
116.255 39.8861
116.261 39.8882
116.262 39.8882
116.27 39.8793
116.27 39.8818
116.268 39.8981
116.274 39.8991
116.285 39.899
116.287 39.899
116.277 39.9006
116.277 39.9006
116.277 39.9054
116.289 39.9062
116.289 39.9062
116.304 39.9262
116.304 39.9351
116.314 39.9654
116.336 39.9662
116.381 39.9669
116.401 39.9674
116.43 39.9769
116.441 39.993
116.444 39.9969
116.455 40.0137
116.473 40.0136
116.491 39.9991
116.491 39.9991
116.503 40.0057
116.537 40.0237
116.551 40.0284
116.573 40.0416
116.584 40.0596
116.582 40.0688
116.587 40.079
116.587 40.0791
116.581 40.0765
116.581 40.0745
116.582 40.0645
116.565 40.0642
116.556 40.0662
116.552 40.0722
116.557 40.0704
116.549 40.0643
116.549 40.0643
116.543 40.0588
116.531 40.0469
116.527 40.0408
116.526 40.0369
116.516 40.023
116.516 40.0217
116.507 40.0105
116.486 39.9921
116.486 39.9921
116.475 39.9821
116.461 39.969
116.46 39.9678
116.451 39.9593
116.445 39.9563
116.455 39.9513
116.455 39.9387
116.455 39.9369
116.455 39.9194
116.455 39.9194
116.456 39.9115
116.455 39.902
116.455 39.8857
116.455 39.8766
116.454 39.8669
116.44 39.8576
116.414 39.8559
116.4 39.8558
116.388 39.8557
116.359 39.8538
116.344 39.8497
116.34 39.8425
116.34 39.8389
116.339 39.8084
116.336 39.8052
116.33 39.8015
116.322 39.7955
116.322 39.7904
116.323 39.7811
116.324 39.7761
116.325 39.7689
116.322 39.7603
116.323 39.756
116.322 39.7561
116.317 39.7491
116.317 39.749
116.302 39.7423
116.293 39.7475
116.291 39.7506
116.289 39.7545
116.289 39.7545
116.289 39.7545
116.289 39.7545
116.289 39.7545
116.289 39.7545
116.289 39.7545
116.289 39.7545
116.289 39.7545
116.289 39.7545
116.289 39.7545
116.289 39.7545
116.289 39.7545
116.289 39.7545
116.289 39.7545
116.289 39.7545
116.289 39.7545
116.289 39.7545
116.289 39.7545
116.289 39.7545
116.289 39.7545
116.289 39.7545
116.289 39.7545
116.289 39.7545
116.289 39.7545
116.289 39.7545
116.289 39.7545
116.289 39.7545
116.289 39.7545
116.289 39.7545
116.289 39.7545
116.289 39.7545
116.289 39.7545
116.289 39.7545
116.288 39.7544
116.287 39.7522
116.283 39.7518
116.272 39.7511
116.269 39.764
116.276 39.7714
116.288 39.7772
116.288 39.7772
116.286 39.7814
116.286 39.7814
116.281 39.7882
116.284 39.7963
116.284 39.7963
116.282 39.8048
116.282 39.8049
116.285 39.8131
116.284 39.8185
116.284 39.8254
116.285 39.8308
116.281 39.8352
116.278 39.8495
116.278 39.8495
116.28 39.8581
116.283 39.8579
116.288 39.8628
116.298 39.8653
116.304 39.8654
116.325 39.8665
116.322 39.867
116.322 39.867
116.321 39.8725
116.321 39.8725
116.336 39.8766
116.336 39.8767
116.336 39.8767
116.336 39.88
116.316 39.8832
116.315 39.883
116.312 39.8859
116.312 39.8857
116.312 39.8857
116.331 39.8885
116.333 39.8885
116.343 39.8847
116.35 39.867
116.355 39.8652
116.356 39.8652
116.358 39.8597
116.358 39.8596
116.359 39.8595
116.358 39.8637
116.358 39.8657
116.359 39.8677
116.368 39.8687
116.368 39.8696
116.368 39.8696
116.368 39.877
116.368 39.8833
116.368 39.8876
116.368 39.8918
116.368 39.8979
116.368 39.8979
116.368 39.9076
116.368 39.9084
116.368 39.9113
116.376 39.9181
116.374 39.9271
116.373 39.9408
116.374 39.9493
116.374 39.9626
116.378 39.9861
116.4 39.987
116.43 39.9875
116.43 39.9873
116.431 39.9864
116.429 39.9837
116.421 39.9821
116.42 39.9803
116.42 39.9803
116.42 39.9803
116.419 39.9802
116.419 39.9797
116.418 39.9721
116.418 39.9721
116.417 39.9678
116.418 39.9677
116.43 39.968
116.444 39.9592
116.455 39.9385
116.455 39.9369
116.452 39.9324
116.445 39.9325
116.44 39.935
116.44 39.935
116.439 39.9351
116.437 39.9279
116.439 39.9256
116.434 39.9229
116.428 39.9327
116.423 39.9325
116.394 39.9322
116.391 39.9322
116.372 39.9315
116.371 39.9309
116.37 39.9237
116.366 39.9226
116.357 39.9225
116.351 39.9224
116.351 39.9224
116.349 39.935
116.35 39.9498
116.348 39.98
116.359 39.9805
116.359 39.9817
116.359 39.9827
116.359 39.9781
116.353 39.9753
116.347 39.9736
116.347 39.9736
116.347 39.967
116.347 39.9625
116.306 39.9268
116.313 39.9268
116.321 39.9268
116.328 39.9269
116.328 39.9273
116.33 39.9367
116.349 39.9389
116.356 39.9441
116.37 39.9473
116.366 39.9971
116.372 39.9856
116.375 39.978
116.375 39.9708
116.378 39.9668
116.405 39.9675
116.423 39.968
116.433 39.9665
116.433 39.9665
116.455 39.9488
116.455 39.9278
116.455 39.9246
116.457 39.9219
116.463 39.92
116.463 39.916
116.456 39.9178
116.455 39.9172
116.455 39.9027
116.455 39.8975
116.45 39.8947
116.45 39.8947
116.439 39.8924
116.434 39.8899
116.438 39.893
116.438 39.8955
116.428 39.935
116.428 39.9388
116.384 39.9476
116.375 39.9485
116.364 39.9668
116.358 39.9666
116.352 39.9736
116.352 39.9736
116.348 39.9751
116.347 39.9749
116.355 39.9663
116.372 39.9662
116.373 39.9547
116.373 39.9502
116.379 39.9474
116.402 39.945
116.402 39.9426
116.402 39.9378
116.402 39.9378
116.403 39.9319
116.404 39.9319
116.425 39.9322
116.429 39.9122
116.429 39.9071
116.473 39.9069
116.483 39.9068
116.531 39.908
116.542 39.9076
116.564 39.9081
116.562 39.9127
116.563 39.9128
116.563 39.9128
116.568 39.9141
116.563 39.9147
116.558 39.9151
116.538 39.9151
116.538 39.917
116.537 39.9365
116.537 39.9403
116.534 39.9404
116.526 39.9404
116.526 39.9404
116.508 39.9383
116.499 39.936
116.499 39.9358
116.496 39.9335
116.49 39.9306
116.49 39.931
116.493 39.9341
116.493 39.9345
116.475 39.9325
116.466 39.9325
116.455 39.9318
116.447 39.9256
116.455 39.922
116.456 39.9273
116.459 39.9277
116.466 39.9294
116.472 39.922
116.472 39.9219
116.472 39.922
116.461 39.916
116.459 39.9168
116.459 39.9169
116.455 39.9121
116.455 39.9085
116.455 39.9075
116.415 39.877
116.415 39.877
116.415 39.877
116.415 39.877
116.415 39.877
116.415 39.877
116.415 39.877
116.346 39.8503
116.343 39.8496
116.34 39.8271
116.34 39.8271
116.339 39.8124
116.339 39.809
116.322 39.7961
116.322 39.7917
116.323 39.7838
116.325 39.765
116.326 39.76
116.323 39.7559
116.323 39.7558
116.321 39.7561
116.317 39.7517
116.317 39.751
116.317 39.7426
116.308 39.7424
116.304 39.7424
116.297 39.7473
116.295 39.7488
116.291 39.7531
116.291 39.7531
116.289 39.7545
116.289 39.7545
116.289 39.7545
116.289 39.7545
116.289 39.7545
116.289 39.7545
116.289 39.7545
116.289 39.7545
116.289 39.7545
116.289 39.7545
116.289 39.7545
116.289 39.7545
116.289 39.7545
116.289 39.7545
116.289 39.7545
116.289 39.7545
116.289 39.7545
116.289 39.7545
116.289 39.7545
116.289 39.7545
116.289 39.7545
116.289 39.7545
116.289 39.7545
116.289 39.7545
116.289 39.7545
116.289 39.7545
116.289 39.7545
116.289 39.7545
116.289 39.7545
116.289 39.7545
116.289 39.7545
116.289 39.7545
116.289 39.7545
116.289 39.7545
116.289 39.7545
116.289 39.7545
116.289 39.7545
116.289 39.7545
116.289 39.7545
116.289 39.7545
116.289 39.7545
116.289 39.7545
116.289 39.7545
116.289 39.7545
116.289 39.7545
116.289 39.7545
116.289 39.7545
116.289 39.7545
116.289 39.7545
116.289 39.7545
116.289 39.7545
116.289 39.7545
116.289 39.7545
116.289 39.7545
116.289 39.7545
116.289 39.7545
116.289 39.7545
116.289 39.7545
116.289 39.7545
116.289 39.7545
116.289 39.7545
116.289 39.7545
116.289 39.7545
116.289 39.7545
116.289 39.7545
116.289 39.7545
116.289 39.7545
116.289 39.7545
116.289 39.7545
116.289 39.7545
116.289 39.7545
116.289 39.7545
116.289 39.7545
116.289 39.7545
116.289 39.7545
116.289 39.7545
116.289 39.7545
116.289 39.7545
116.289 39.7545
116.289 39.7545
116.289 39.7545
116.289 39.7545
116.289 39.7545
116.289 39.7546
116.289 39.7546
116.29 39.7546
116.284 39.7634
116.284 39.7634
116.277 39.7687
116.28 39.7733
116.281 39.774
116.289 39.7773
116.29 39.778
116.304 39.7852
116.313 39.791
116.315 39.792
116.325 39.799
116.325 39.799
116.325 39.799
116.325 39.799
116.325 39.799
116.325 39.7989
116.325 39.7989
116.325 39.7989
116.325 39.7989
116.325 39.7989
116.325 39.7989
116.325 39.7984
116.318 39.7942
116.312 39.7931
116.312 39.7931
116.307 39.8137
116.307 39.818
116.307 39.8195
116.307 39.8289
116.298 39.8296
116.288 39.8295
116.28 39.8411
116.273 39.8718
116.27 39.8807
116.268 39.8877
116.302 39.8957
116.312 39.8956
116.315 39.895
116.313 39.896
116.306 39.8959
116.304 39.8955
116.308 39.8608
116.311 39.8563
116.317 39.8498
116.32 39.8478
116.32 39.8456
116.32 39.8456
116.32 39.8456
116.32 39.8456
116.32 39.8456
116.32 39.8454
116.321 39.8413
116.32 39.8393
116.314 39.8318
116.312 39.8296
116.307 39.8295
116.307 39.8295
116.307 39.819
116.307 39.819
116.307 39.819
116.307 39.814
116.308 39.801
116.305 39.7859
116.296 39.7807
116.293 39.7794
116.273 39.7704
116.273 39.7704
116.272 39.7681
116.284 39.7643
116.287 39.7602
116.289 39.7566
116.289 39.7546
116.29 39.7546
116.29 39.7546
116.29 39.7546
116.29 39.7546
116.29 39.7546
116.29 39.7546
116.29 39.7546
116.29 39.7546
116.29 39.7546
116.29 39.7546
116.29 39.7546
116.29 39.7546
116.29 39.7546
116.29 39.7546
116.29 39.7546
116.29 39.7546
116.29 39.7546
116.29 39.7546
116.29 39.7546
116.29 39.7546
116.29 39.7546
116.29 39.7546
116.29 39.7546
116.29 39.7546
116.29 39.7546
116.29 39.7546
116.29 39.7546
116.29 39.7546
116.29 39.7546
116.29 39.7546
116.29 39.7546
116.29 39.7546
116.29 39.7546
116.29 39.7546
116.29 39.7546
116.29 39.7546
116.29 39.7546
116.29 39.7546
116.29 39.7546
116.29 39.7546
116.29 39.7546
116.29 39.7546
116.29 39.7546
116.29 39.7546
116.29 39.7546
116.29 39.7546
116.29 39.7546
116.29 39.7546
116.29 39.7546
116.29 39.7546
116.29 39.7546
116.29 39.7546
116.29 39.7546
116.29 39.7546
116.29 39.7546
116.29 39.7546
116.29 39.7546
116.29 39.7546
116.29 39.7546
116.29 39.7546
116.29 39.7546
116.29 39.7546
116.29 39.7546
116.29 39.7546
116.29 39.7546
116.29 39.7546
116.29 39.7546
116.29 39.7546
116.29 39.7546
116.29 39.7546
116.29 39.7546
116.29 39.7546
116.29 39.7546
116.29 39.7546
116.29 39.7546
116.29 39.7546
116.29 39.7546
116.29 39.7546
116.29 39.7546
116.29 39.7546
116.29 39.7546
116.29 39.7546
116.29 39.7546
116.29 39.7546
116.29 39.7546
116.29 39.7546
116.29 39.7546
116.29 39.7546
116.29 39.7546
116.29 39.7546
116.29 39.7546
116.29 39.7546
116.29 39.7546
116.29 39.7546
116.29 39.7546
116.29 39.7546
116.29 39.7546
116.29 39.7546
116.29 39.7546
116.29 39.7546
116.29 39.7546
116.29 39.7546
116.29 39.7546
116.29 39.7546
116.29 39.7546
116.29 39.7546
116.29 39.7546
116.29 39.7546
116.29 39.7546
116.29 39.7546
116.29 39.7546
116.29 39.7546
116.29 39.7546
116.29 39.7546
116.29 39.7546
116.29 39.7546
116.29 39.7546
116.29 39.7546
116.29 39.7546
116.29 39.7546
116.29 39.7546
116.29 39.7546
116.29 39.7546
116.29 39.7546
116.29 39.7546
116.29 39.7546
116.29 39.7546
116.29 39.7546
116.29 39.7546
116.29 39.7546
116.29 39.7546
116.29 39.7546
116.29 39.7546
116.29 39.7546
116.29 39.7546
116.29 39.7546
116.29 39.7546
116.29 39.7546
116.29 39.7546
116.29 39.7546
116.29 39.7546
116.29 39.7546
116.29 39.7546
116.29 39.7546
116.29 39.7546
116.29 39.7546
116.29 39.7546
116.29 39.7546
116.29 39.7546
116.29 39.7546
116.29 39.7546
116.29 39.7546
116.29 39.7546
116.29 39.7546
116.29 39.7546
116.29 39.7546
116.29 39.7546
116.29 39.7546
116.29 39.7546
116.29 39.7546
116.29 39.7546
116.29 39.7546
116.29 39.7546
116.29 39.7546
116.29 39.7546
116.29 39.7546
116.29 39.7546
116.29 39.7546
116.29 39.7546
116.29 39.7546
116.29 39.7546
116.29 39.7546
116.29 39.7546
116.29 39.7546
116.29 39.7546
116.29 39.7546
116.29 39.7546
116.29 39.7546
116.29 39.7546
116.29 39.7546
116.29 39.7546
116.289 39.7546
116.289 39.7546
116.289 39.7546
116.289 39.7546
116.289 39.7546
116.289 39.7546
116.288 39.758
116.282 39.766
116.278 39.7689
116.272 39.7685
116.288 39.7772
116.288 39.7783
116.286 39.7814
116.283 39.7983
116.281 39.8017
116.281 39.8039
116.282 39.8022
116.282 39.8022
116.282 39.8022
116.282 39.8022
116.282 39.8022
116.282 39.8022
116.282 39.8022
116.282 39.8022
116.282 39.8022
116.282 39.8022
116.282 39.8022
116.281 39.8043
116.29 39.8075
116.296 39.8085
116.299 39.8103
116.299 39.8103
116.309 39.8084
116.317 39.8082
116.318 39.8088
116.318 39.8088
116.318 39.8088
116.318 39.8088
116.318 39.8088
116.318 39.8088
116.318 39.8088
116.318 39.8088
116.318 39.8088
116.317 39.8076
116.317 39.8076
116.317 39.8081
116.32 39.8173
116.325 39.8151
116.33 39.8128
116.328 39.8008
116.331 39.8023
116.338 39.8064
116.342 39.7891
116.342 39.7889
116.347 39.7909
