116.275 39.887
116.274 39.8871
116.274 39.8873
116.274 39.8872
116.274 39.8873
116.274 39.8872
116.274 39.8874
116.274 39.8873
116.274 39.8873
116.274 39.8873
116.274 39.8872
116.274 39.8875
116.274 39.8875
116.274 39.8874
116.274 39.8873
116.274 39.8874
116.274 39.8875
116.274 39.8874
116.274 39.8874
116.274 39.8873
116.274 39.8871
116.274 39.8874
116.274 39.8875
116.274 39.8874
116.274 39.8875
116.274 39.8876
116.274 39.8875
116.274 39.8874
116.274 39.8874
116.274 39.8873
116.274 39.8873
116.274 39.8874
116.274 39.8873
116.274 39.8873
116.274 39.8873
116.274 39.8873
116.274 39.8873
116.274 39.8873
116.274 39.8874
116.274 39.8874
116.274 39.8874
116.274 39.8874
116.275 39.8876
116.274 39.8875
116.274 39.8873
116.275 39.8874
116.274 39.8874
116.274 39.8874
116.274 39.8875
116.274 39.8874
116.274 39.8874
116.274 39.8874
116.274 39.8874
116.274 39.8874
116.274 39.8874
116.274 39.8874
116.274 39.8874
116.274 39.8874
116.274 39.8874
116.274 39.8875
116.274 39.8874
116.274 39.8875
116.274 39.8874
116.274 39.8874
116.274 39.8874
116.274 39.8874
116.274 39.8873
116.274 39.8874
116.274 39.8874
116.274 39.8875
116.274 39.8875
116.274 39.8875
116.274 39.8875
116.274 39.8875
116.274 39.8875
116.274 39.8875
116.274 39.8875
116.274 39.8875
116.274 39.8875
116.274 39.8875
116.274 39.8879
116.274 39.8875
116.274 39.8875
116.274 39.8875
116.274 39.8875
116.274 39.8873
116.274 39.8875
116.274 39.8874
116.274 39.8874
116.274 39.8875
116.274 39.8874
116.274 39.8875
116.274 39.8874
116.274 39.8874
116.274 39.8875
116.274 39.8876
116.274 39.8876
116.274 39.8875
116.274 39.8876
116.274 39.8875
116.274 39.8875
116.274 39.8876
116.274 39.8876
116.274 39.8876
116.274 39.8876
116.274 39.8876
116.274 39.8874
116.274 39.8874
116.274 39.8873
116.274 39.8876
116.274 39.8875
116.274 39.8875
116.274 39.8875
116.274 39.8874
116.274 39.8875
116.274 39.8875
116.274 39.8875
116.274 39.8875
116.274 39.8875
116.274 39.8875
116.274 39.8875
116.274 39.8875
116.274 39.8874
116.274 39.8873
116.274 39.8875
116.274 39.8874
116.274 39.8875
116.274 39.8874
116.274 39.8874
116.274 39.8874
116.274 39.8872
116.274 39.8873
116.274 39.8873
116.274 39.8872
116.274 39.8874
116.274 39.8871
116.274 39.8873
116.274 39.8871
116.274 39.8873
116.274 39.8874
116.274 39.8874
116.274 39.8874
116.274 39.8874
116.274 39.8874
116.274 39.8874
116.274 39.8875
116.274 39.8874
116.274 39.8874
116.274 39.8875
116.274 39.8874
116.274 39.8875
116.274 39.8876
116.274 39.8875
116.274 39.8875
116.274 39.8875
116.274 39.8875
116.274 39.8875
116.274 39.8875
116.274 39.8873
116.274 39.8872
116.274 39.8873
116.274 39.8873
116.274 39.8872
116.274 39.8872
116.274 39.8873
116.274 39.8873
116.274 39.8872
116.274 39.8873
116.274 39.8873
116.274 39.8873
116.274 39.8873
116.274 39.8873
116.274 39.8873
116.274 39.8872
116.274 39.8873
116.274 39.8873
116.274 39.8874
116.274 39.8875
116.274 39.8875
116.274 39.8875
116.274 39.8875
116.274 39.8874
116.274 39.8875
116.274 39.8875
116.274 39.8874
116.274 39.8875
116.274 39.8874
116.274 39.8874
116.274 39.8874
116.274 39.8875
116.274 39.8874
116.274 39.8874
116.274 39.8875
116.274 39.8874
116.274 39.8874
116.274 39.8874
116.274 39.8874
116.274 39.8875
116.274 39.8874
116.274 39.8874
116.274 39.8874
116.274 39.8873
116.274 39.8874
116.274 39.8875
116.274 39.8874
116.274 39.8873
116.274 39.8875
116.274 39.8874
116.274 39.8874
116.274 39.8874
116.274 39.8875
116.274 39.8875
116.274 39.8874
116.274 39.8875
116.274 39.8874
116.274 39.8875
116.274 39.8874
116.274 39.8873
116.274 39.8874
116.274 39.8874
116.274 39.8874
116.274 39.8874
116.274 39.8875
116.274 39.8875
116.274 39.8875
116.274 39.8876
116.274 39.8875
116.274 39.8874
116.274 39.8874
116.274 39.8874
116.274 39.8882
116.283 39.8775
116.272 39.8672
116.272 39.8672
116.272 39.8672
116.272 39.8671
116.272 39.8672
116.272 39.8672
116.272 39.8671
116.272 39.8671
116.272 39.8671
116.272 39.8671
116.272 39.8671
116.272 39.8671
116.272 39.8671
116.272 39.8671
116.272 39.8671
116.272 39.8672
116.272 39.8671
116.279 39.8632
116.273 39.8883
116.273 39.8883
116.275 39.8874
116.275 39.8873
116.275 39.8876
116.275 39.8873
116.275 39.8872
116.275 39.8872
116.275 39.8872
116.275 39.8873
116.275 39.8872
116.275 39.8873
116.275 39.8873
116.275 39.8873
116.275 39.8873
116.275 39.8874
116.275 39.8874
116.275 39.8873
116.275 39.8874
116.275 39.8874
116.275 39.8874
116.275 39.8872
116.275 39.8874
116.275 39.8873
116.275 39.8873
116.275 39.8872
116.275 39.8872
116.275 39.8873
116.275 39.8873
116.275 39.8872
116.275 39.8873
116.275 39.8875
116.275 39.8875
116.275 39.8875
116.275 39.8875
116.275 39.8875
116.275 39.8875
116.275 39.8874
116.275 39.8873
116.275 39.8874
116.275 39.8874
116.275 39.8874
116.275 39.8873
116.275 39.8873
116.275 39.8873
116.275 39.8873
116.275 39.8873
116.275 39.8873
116.275 39.8873
116.275 39.8874
116.275 39.8874
116.275 39.8874
116.275 39.8873
116.275 39.8872
116.275 39.8873
116.275 39.8872
116.275 39.8872
116.275 39.8872
116.275 39.8873
116.275 39.8873
116.275 39.8873
116.275 39.8873
116.275 39.8873
116.275 39.8873
116.275 39.8875
116.275 39.8875
116.275 39.8875
116.275 39.8874
116.275 39.8875
116.275 39.8875
116.275 39.8874
116.275 39.8875
116.275 39.8875
116.275 39.8873
116.275 39.8876
116.275 39.8874
116.275 39.8873
116.275 39.8873
116.275 39.8873
116.275 39.8873
116.275 39.8874
116.275 39.8874
116.275 39.8873
116.275 39.8875
116.275 39.8874
116.275 39.8876
116.275 39.8875
116.275 39.8875
116.275 39.8875
116.275 39.8875
116.275 39.8876
116.275 39.8875
116.275 39.8872
116.275 39.8875
116.275 39.8874
116.275 39.8874
116.275 39.8875
116.275 39.8875
116.275 39.8875
116.275 39.8874
116.275 39.8875
116.275 39.8875
116.275 39.8875
116.275 39.8874
116.275 39.8875
116.275 39.8874
116.275 39.8874
116.275 39.8874
116.275 39.8875
116.275 39.8874
116.275 39.8874
116.275 39.8873
116.275 39.8877
116.275 39.8876
116.275 39.8875
116.275 39.8877
116.275 39.8876
116.275 39.8875
116.275 39.8877
116.275 39.8877
116.275 39.8876
116.275 39.8875
116.275 39.8874
116.275 39.8874
116.275 39.8874
116.275 39.8876
116.275 39.8875
116.275 39.8873
116.275 39.8875
116.275 39.8875
116.275 39.8875
116.275 39.8876
116.275 39.8877
116.275 39.8875
116.275 39.8875
116.275 39.8875
116.275 39.8874
116.275 39.8875
116.275 39.8873
116.275 39.8875
116.275 39.8875
116.275 39.8873
116.275 39.8874
116.275 39.8875
116.275 39.8873
116.275 39.8873
116.275 39.8874
116.275 39.8873
116.275 39.8874
116.275 39.8874
116.275 39.8874
116.275 39.8872
116.275 39.8873
116.275 39.8873
116.275 39.8874
116.275 39.8873
116.275 39.8875
116.275 39.8874
116.275 39.8873
116.275 39.8874
116.275 39.8874
116.275 39.8874
116.275 39.8875
116.275 39.8875
116.275 39.8875
116.275 39.8875
116.275 39.8875
116.275 39.8874
116.275 39.8875
116.275 39.8875
116.275 39.8875
116.275 39.8875
116.275 39.8875
116.275 39.8875
116.275 39.8875
116.275 39.8875
116.275 39.8874
116.275 39.8874
116.275 39.8874
116.275 39.8873
116.275 39.8873
116.275 39.8873
116.275 39.8874
116.275 39.8873
116.275 39.8874
116.275 39.8874
116.275 39.8874
116.275 39.8874
116.275 39.8874
116.275 39.8873
116.275 39.8873
116.275 39.8873
116.275 39.8874
116.275 39.8874
116.275 39.8873
116.275 39.8873
116.275 39.8873
116.275 39.8873
116.275 39.8874
116.275 39.8874
116.275 39.8874
116.275 39.8874
116.275 39.8875
116.275 39.8875
116.275 39.8875
116.275 39.8875
116.275 39.8875
116.275 39.8875
116.275 39.8874
116.275 39.8874
116.275 39.8873
116.275 39.8874
116.275 39.8873
116.275 39.8875
116.275 39.8875
116.275 39.8874
116.275 39.8875
116.275 39.8875
116.275 39.8874
116.275 39.8874
116.275 39.8875
116.275 39.8875
116.275 39.8875
116.275 39.8875
116.275 39.8874
116.275 39.8875
116.275 39.8874
116.275 39.8875
116.275 39.8874
116.275 39.8875
116.275 39.8874
116.275 39.8874
116.275 39.8874
116.275 39.8874
116.278 39.9268
116.253 39.9282
116.259 39.9278
116.269 39.947
116.348 39.978
116.349 39.9402
116.35 39.9078
116.362 39.9022
116.35 39.9076
116.353 39.9432
116.367 39.9475
116.364 39.9661
116.343 39.9664
116.301 39.9668
116.303 39.9756
116.295 39.9743
116.301 39.9639
116.288 39.9666
116.275 39.9602
116.269 39.9479
116.304 39.9839
116.321 39.9816
116.303 39.9841
116.269 39.9618
116.27 39.9512
116.293 39.9579
116.303 39.9526
116.315 39.9378
116.346 39.9369
116.349 39.9329
116.329 39.9312
116.305 39.9311
116.279 39.9231
116.259 39.9246
116.259 39.9246
116.268 39.9101
116.268 39.9024
116.259 39.8942
116.262 39.8783
116.253 39.8712
116.253 39.8712
116.253 39.8712
116.253 39.8712
116.259 39.8722
116.268 39.8867
116.275 39.8873
116.275 39.8875
116.275 39.8869
116.275 39.8874
116.275 39.8874
116.275 39.8874
116.275 39.8874
116.275 39.8874
116.275 39.8874
116.275 39.8873
116.275 39.8874
116.275 39.8873
116.275 39.8873
116.275 39.8874
116.275 39.8873
116.275 39.8873
116.275 39.8872
116.275 39.8872
116.275 39.8873
116.275 39.8874
116.275 39.8874
116.275 39.8875
116.275 39.8874
116.275 39.8874
116.275 39.8874
116.275 39.8874
116.275 39.8875
116.275 39.8873
116.275 39.8873
116.275 39.8874
116.281 39.8882
116.288 39.8883
116.288 39.8883
116.305 39.8957
116.304 39.9269
116.318 39.9452
116.328 39.9562
116.332 39.9571
116.332 39.9571
116.332 39.9571
116.332 39.957
116.332 39.957
116.332 39.957
116.332 39.957
116.332 39.9569
116.332 39.9571
116.332 39.9571
116.332 39.9571
116.332 39.9571
116.318 39.9508
116.316 39.9312
116.304 39.9247
116.304 39.9108
116.304 39.8914
116.309 39.8592
116.315 39.8452
116.315 39.8449
116.315 39.8449
116.316 39.8449
116.316 39.8449
116.316 39.8449
116.316 39.8449
116.316 39.8449
116.316 39.8451
116.317 39.8464
116.327 39.8479
116.297 39.8656
116.297 39.8656
116.289 39.8877
116.281 39.8884
116.274 39.8875
116.274 39.8874
116.274 39.8874
116.274 39.8875
116.274 39.8874
116.274 39.8874
116.274 39.8874
116.274 39.8873
116.274 39.8874
116.274 39.8873
116.274 39.8873
116.274 39.8873
116.274 39.8875
116.274 39.8875
116.274 39.8875
116.274 39.8876
116.274 39.8875
116.274 39.8875
116.274 39.8875
116.274 39.8875
116.274 39.8875
116.274 39.8875
116.274 39.8875
116.274 39.8878
116.274 39.8878
116.274 39.8877
116.274 39.8877
116.274 39.8874
116.274 39.8875
116.274 39.8874
116.274 39.8875
116.274 39.8875
116.274 39.8875
116.274 39.8875
116.274 39.8874
116.274 39.8874
116.274 39.8873
116.274 39.8874
116.274 39.8873
116.274 39.8873
116.274 39.8875
116.274 39.8875
116.274 39.8875
116.274 39.8875
116.274 39.8875
116.274 39.8874
116.274 39.8874
116.274 39.8873
116.274 39.8873
116.274 39.8874
116.274 39.8874
116.274 39.8875
116.274 39.8875
116.274 39.8875
116.274 39.8874
116.274 39.8874
116.274 39.8875
116.274 39.8874
116.274 39.8875
116.274 39.8874
116.274 39.8874
116.274 39.8875
116.274 39.8874
116.274 39.8874
116.274 39.8873
116.274 39.8875
116.274 39.8873
116.274 39.8872
116.274 39.8873
116.274 39.8874
116.274 39.8874
116.274 39.8874
116.274 39.8871
116.274 39.8871
116.274 39.8871
116.274 39.8871
116.274 39.8875
116.274 39.8874
116.274 39.8874
116.274 39.8873
116.275 39.8874
116.275 39.8874
116.274 39.8874
116.274 39.8875
116.274 39.8875
116.275 39.8874
116.275 39.8874
116.274 39.8874
116.274 39.8874
116.274 39.8874
116.274 39.8875
116.274 39.8875
116.274 39.8875
116.274 39.8875
116.274 39.8875
116.274 39.8875
116.274 39.8874
116.274 39.8874
116.274 39.8873
116.274 39.8871
116.274 39.8871
116.274 39.8872
116.274 39.8873
116.274 39.8873
116.274 39.8874
116.274 39.8873
116.274 39.8873
116.274 39.8873
116.274 39.8873
116.274 39.8872
116.274 39.8872
116.274 39.8873
116.274 39.8875
116.274 39.8874
116.274 39.8874
116.274 39.8875
116.274 39.8875
116.274 39.8875
116.274 39.8874
116.274 39.8875
116.274 39.8874
116.274 39.8874
116.274 39.8874
116.274 39.8874
116.274 39.8875
116.274 39.8875
116.274 39.8874
116.274 39.8874
116.274 39.8874
116.274 39.8874
116.274 39.8874
116.274 39.8874
116.274 39.8875
116.274 39.8874
116.274 39.8874
116.274 39.8874
116.274 39.8874
116.274 39.8874
116.274 39.8874
116.274 39.8873
116.274 39.8874
116.274 39.8873
116.274 39.8873
116.274 39.8873
116.274 39.8874
116.274 39.8874
116.274 39.8874
116.274 39.8874
116.274 39.8875
116.274 39.8875
116.274 39.8874
116.274 39.8874
116.274 39.8874
116.274 39.8874
116.274 39.8874
116.274 39.8875
116.274 39.8875
116.274 39.8874
116.274 39.8874
116.274 39.8874
116.274 39.8874
116.274 39.8874
116.274 39.8874
116.274 39.8873
116.274 39.8873
116.274 39.8872
116.274 39.8874
116.274 39.8874
116.274 39.8875
116.274 39.8875
116.274 39.8875
116.274 39.8874
116.274 39.8875
116.274 39.8874
116.274 39.8874
116.274 39.8874
116.274 39.8875
116.274 39.8875
116.274 39.8874
116.274 39.8875
116.274 39.8875
116.274 39.8874
116.274 39.8874
116.274 39.8875
116.274 39.8875
116.274 39.8874
116.274 39.8874
116.274 39.8873
116.274 39.8873
116.274 39.8874
116.274 39.8875
116.274 39.8874
116.274 39.8874
116.274 39.8873
116.274 39.8874
116.274 39.8873
116.275 39.8868
116.274 39.8875
116.274 39.8888
116.274 39.8873
116.274 39.8873
116.274 39.8871
116.274 39.8871
116.274 39.8873
116.274 39.8872
116.274 39.887
116.274 39.8872
116.274 39.8873
116.274 39.8873
116.274 39.8873
116.274 39.8873
116.274 39.8872
116.274 39.8873
116.274 39.8873
116.274 39.8873
116.274 39.8873
116.274 39.8874
116.274 39.8874
116.274 39.8875
116.274 39.8875
116.274 39.8875
116.274 39.8874
116.274 39.8874
116.274 39.8873
116.274 39.8874
116.274 39.8874
116.274 39.8874
116.274 39.8872
116.274 39.8875
116.274 39.8873
116.274 39.8875
116.274 39.8875
116.274 39.8875
116.274 39.8875
116.274 39.8875
116.274 39.8875
116.274 39.8875
116.274 39.8873
116.274 39.8873
116.274 39.8873
116.274 39.8873
116.274 39.8873
116.274 39.8874
116.274 39.8874
116.274 39.8873
116.274 39.8873
116.274 39.8873
116.274 39.8872
116.274 39.8874
116.274 39.8875
116.274 39.8875
116.274 39.8876
116.274 39.8875
116.274 39.8869
116.274 39.8872
116.274 39.8871
116.274 39.8873
116.274 39.8868
116.274 39.8871
116.275 39.8873
116.275 39.8872
116.275 39.8873
116.275 39.8874
116.275 39.8874
116.275 39.8874
116.275 39.8873
116.278 39.889
116.278 39.8895
116.278 39.8895
116.278 39.8895
116.278 39.8895
116.278 39.8895
116.278 39.8895
116.278 39.8895
116.278 39.8895
116.278 39.8895
116.278 39.8895
116.278 39.8895
116.278 39.8895
116.278 39.8895
116.278 39.8895
116.278 39.8895
116.278 39.8895
116.278 39.8895
116.278 39.8895
116.278 39.8895
116.274 39.8875
116.274 39.8874
116.274 39.8875
116.274 39.8874
116.274 39.8875
116.274 39.8874
116.274 39.8875
116.274 39.8874
116.274 39.8874
116.274 39.8875
116.274 39.8874
116.274 39.8874
116.274 39.8873
116.274 39.8873
116.274 39.8873
116.274 39.8875
116.274 39.8875
116.274 39.8875
116.274 39.8875
116.274 39.8875
116.274 39.8875
116.274 39.8874
116.274 39.8873
116.274 39.8874
116.274 39.8875
116.274 39.8877
116.274 39.8876
116.274 39.8877
116.274 39.8876
116.274 39.8875
116.274 39.8874
116.274 39.8873
116.274 39.8874
116.274 39.8874
116.283 39.8849
116.283 39.8849
116.283 39.8849
116.283 39.8849
116.283 39.8849
116.283 39.8849
116.283 39.8849
116.283 39.8849
116.283 39.8849
116.283 39.8849
116.283 39.8849
116.283 39.8849
116.278 39.8884
116.275 39.8875
116.275 39.8874
116.275 39.8875
116.275 39.8877
116.275 39.8875
116.275 39.8878
116.275 39.8877
116.275 39.8876
116.275 39.8876
116.275 39.8874
116.275 39.8873
116.275 39.8873
116.275 39.8874
116.275 39.8874
116.275 39.8874
116.275 39.8873
116.275 39.8873
116.275 39.8873
116.275 39.8873
116.275 39.8873
116.275 39.8873
116.275 39.8876
116.275 39.8879
116.275 39.8878
116.275 39.8874
116.275 39.8874
116.275 39.8874
116.275 39.8874
116.275 39.8875
116.275 39.8875
116.275 39.8875
116.275 39.8875
116.275 39.8874
116.275 39.8875
116.275 39.8875
116.275 39.8875
116.275 39.8874
116.275 39.8875
116.275 39.8875
116.275 39.8876
116.275 39.8876
116.275 39.8875
116.275 39.8876
116.275 39.8876
116.275 39.8875
116.275 39.8876
116.275 39.8875
116.275 39.8875
116.275 39.8876
116.275 39.8878
116.275 39.8878
116.275 39.8879
116.275 39.8878
116.275 39.8876
116.275 39.8874
116.275 39.8877
116.275 39.8874
116.275 39.8874
116.275 39.8873
116.275 39.8874
116.275 39.8874
116.275 39.8874
116.275 39.8874
116.275 39.8875
116.275 39.8874
116.275 39.8875
116.275 39.8874
116.275 39.8875
116.275 39.8876
116.275 39.8877
116.275 39.8877
116.275 39.8876
116.275 39.8876
116.275 39.8873
116.275 39.8875
116.275 39.8875
116.275 39.8875
116.275 39.8875
116.275 39.8873
116.275 39.8873
116.275 39.8873
116.275 39.8874
116.275 39.8874
116.275 39.8874
116.275 39.8875
116.275 39.8876
116.275 39.8878
116.275 39.8878
116.275 39.8876
116.275 39.8874
116.293 39.8882
116.312 39.8956
116.299 39.8959
116.268 39.9055
116.314 39.8954
116.303 39.8959
116.293 39.8865
116.268 39.8908
116.259 39.8796
116.258 39.8661
116.27 39.8815
116.268 39.9076
116.269 39.9337
116.269 39.9349
116.269 39.9349
116.267 39.9233
116.268 39.8995
116.27 39.8775
116.275 39.8876
116.275 39.8876
116.275 39.8875
116.275 39.8874
116.275 39.8875
116.275 39.8877
116.275 39.8876
116.275 39.8875
116.275 39.8875
116.275 39.8874
116.275 39.8874
116.275 39.8875
116.275 39.8877
116.275 39.8877
116.275 39.8877
116.275 39.8875
116.275 39.8879
116.275 39.8882
116.275 39.8881
116.275 39.8881
116.274 39.8881
116.275 39.8876
116.275 39.8875
116.275 39.8876
116.275 39.8876
116.275 39.8876
116.275 39.8876
116.275 39.8877
116.275 39.8877
116.275 39.8877
116.275 39.8875
116.275 39.8875
116.275 39.8875
116.275 39.8876
116.275 39.8876
116.275 39.8876
116.275 39.8876
116.275 39.8875
116.275 39.8876
116.275 39.8874
116.275 39.8876
116.275 39.8872
116.275 39.8873
116.275 39.8876
116.275 39.8873
116.275 39.8873
116.275 39.8873
116.275 39.8874
116.275 39.8875
116.275 39.8874
116.275 39.8873
116.275 39.8874
116.275 39.8875
116.275 39.8873
116.275 39.8874
116.275 39.8873
116.275 39.8873
116.275 39.8873
116.275 39.8874
116.275 39.8876
116.275 39.8877
116.275 39.8878
116.275 39.8876
116.275 39.8875
116.275 39.8874
116.275 39.8875
116.275 39.8874
116.275 39.8874
116.275 39.8873
116.275 39.8872
116.275 39.8872
116.275 39.8874
116.275 39.8874
116.275 39.8874
116.275 39.8876
116.275 39.8874
116.275 39.8875
116.275 39.8875
116.275 39.8875
116.275 39.8875
116.273 39.8871
116.273 39.8872
116.273 39.887
116.275 39.8875
116.275 39.8875
116.275 39.8876
116.275 39.8873
116.275 39.8874
116.275 39.8873
116.275 39.8873
116.275 39.8874
116.275 39.8873
116.275 39.8873
116.275 39.8874
116.275 39.8874
116.275 39.8874
116.275 39.8873
116.275 39.8874
116.275 39.8873
116.275 39.8875
116.275 39.8875
116.275 39.8874
116.275 39.8873
116.275 39.8873
116.275 39.8875
116.275 39.8874
116.275 39.8875
116.275 39.8874
116.275 39.8874
116.275 39.8873
116.275 39.8874
116.275 39.8874
116.275 39.8875
116.275 39.8874
116.275 39.8875
116.275 39.8876
116.275 39.8875
116.275 39.8875
116.275 39.8875
116.275 39.8875
116.275 39.8875
116.275 39.8875
116.275 39.8875
116.275 39.8875
116.275 39.8873
116.275 39.8875
116.275 39.8875
116.275 39.8874
116.275 39.8875
116.275 39.8875
116.275 39.8874
116.275 39.8875
116.275 39.8875
116.275 39.8875
116.275 39.8874
116.275 39.8875
116.275 39.8875
116.275 39.8875
116.275 39.8876
116.275 39.8875
116.275 39.8875
116.275 39.8873
116.275 39.8876
116.275 39.8877
116.275 39.8875
116.275 39.8875
116.275 39.8876
116.275 39.8876
116.275 39.8876
116.275 39.8875
116.275 39.8875
116.275 39.8875
116.275 39.8875
116.275 39.8874
116.275 39.8875
116.275 39.8875
116.275 39.8875
116.275 39.8875
116.275 39.8874
116.275 39.8874
116.275 39.8875
116.275 39.8875
116.275 39.8875
116.275 39.8875
116.275 39.8875
116.275 39.8875
116.275 39.8876
116.275 39.8876
116.275 39.8875
116.275 39.8874
116.275 39.8874
116.275 39.8875
116.275 39.8874
116.275 39.8874
116.275 39.8874
116.275 39.8875
116.275 39.8874
116.275 39.8874
116.275 39.8874
116.275 39.8874
116.275 39.8874
116.275 39.8875
116.275 39.8874
116.275 39.8873
116.275 39.8873
116.275 39.8873
116.275 39.8873
116.275 39.8874
116.275 39.8874
116.275 39.8875
116.275 39.8875
116.275 39.8875
116.275 39.8875
116.275 39.8875
116.275 39.8875
116.275 39.8875
116.275 39.8876
116.275 39.8875
116.275 39.8876
116.275 39.8876
116.275 39.8876
116.275 39.8875
116.275 39.8875
116.275 39.8875
116.275 39.8875
116.275 39.8875
116.275 39.8875
116.275 39.8875
116.275 39.8875
116.275 39.8875
116.275 39.8876
116.275 39.8875
116.275 39.8876
116.275 39.8877
116.275 39.8875
116.275 39.8877
116.275 39.8875
116.275 39.8876
116.275 39.8876
116.275 39.8876
116.275 39.8874
116.275 39.8873
116.274 39.8873
116.295 39.8883
116.301 39.8891
116.294 39.8834
116.304 39.8846
116.304 39.942
116.351 39.9663
116.358 39.9815
116.363 39.9753
116.359 39.9806
116.347 39.9754
116.333 39.9699
116.32 39.9557
116.319 39.9378
116.283 39.9257
116.269 39.9184
116.268 39.906
116.269 39.934
116.282 39.9478
116.303 39.9608
116.34 39.9575
116.317 39.955
116.265 39.9457
116.24 39.9282
116.224 39.9317
116.259 39.9273
116.261 39.9228
116.268 39.9127
116.288 39.9062
116.315 39.9023
116.293 39.8882
116.275 39.8873
116.275 39.8873
116.275 39.8874
116.275 39.8874
116.275 39.8874
116.275 39.8874
116.275 39.8874
116.275 39.8874
116.275 39.8875
116.275 39.8874
116.275 39.8874
116.275 39.8875
116.275 39.8874
116.275 39.8874
116.275 39.8875
116.275 39.8875
116.275 39.8874
116.275 39.8874
116.275 39.8874
116.275 39.8874
116.275 39.8875
116.275 39.8875
116.275 39.8875
116.275 39.8876
116.275 39.8875
116.275 39.8875
116.275 39.8875
116.275 39.8875
116.275 39.8875
116.275 39.8874
116.275 39.8875
116.275 39.8875
116.275 39.8875
116.275 39.8876
116.275 39.8876
116.275 39.8875
116.275 39.8875
116.275 39.8876
116.275 39.8877
116.275 39.8875
116.275 39.8875
116.275 39.8875
116.275 39.8876
116.275 39.8875
116.275 39.8875
116.275 39.8875
116.275 39.8875
116.275 39.8875
116.275 39.8875
116.275 39.8875
116.275 39.8875
116.275 39.8875
116.275 39.8875
116.275 39.8875
116.272 39.8878
116.272 39.8879
116.271 39.8871
116.283 39.8773
116.223 39.8466
116.2 39.812
116.169 39.8041
116.158 39.8146
116.156 39.8138
116.146 39.8081
116.101 39.8047
116.097 39.8129
116.097 39.8129
116.097 39.8129
116.097 39.8129
116.097 39.8128
116.097 39.8129
116.097 39.8129
116.097 39.8129
116.097 39.8129
116.097 39.8129
116.097 39.8129
116.097 39.8129
116.097 39.8129
116.097 39.8129
116.097 39.8129
116.099 39.8114
116.123 39.8084
116.124 39.8078
116.124 39.8077
116.124 39.8078
116.124 39.8082
116.156 39.8089
116.191 39.8075
116.204 39.8252
116.204 39.8252
116.204 39.8252
116.204 39.8252
116.204 39.8252
116.204 39.8252
116.204 39.8252
116.204 39.8252
116.204 39.8252
116.205 39.843
116.226 39.8484
116.225 39.8495
116.225 39.8495
116.225 39.8495
116.225 39.8494
116.225 39.8494
116.225 39.8495
116.225 39.8495
116.225 39.8495
116.225 39.8495
116.225 39.8494
116.225 39.8494
116.225 39.8495
116.225 39.8495
116.229 39.8494
116.271 39.8767
116.274 39.8873
116.275 39.8874
116.275 39.8872
116.275 39.8872
116.275 39.8873
116.275 39.8873
116.275 39.8873
116.275 39.8873
116.275 39.8874
116.275 39.8873
116.275 39.8874
116.275 39.8875
116.275 39.8874
116.275 39.8874
116.275 39.8875
116.275 39.8873
116.275 39.8873
116.275 39.8874
116.275 39.8874
116.275 39.8875
116.275 39.8876
116.275 39.8875
116.275 39.8875
116.275 39.8874
116.275 39.8875
116.275 39.8875
116.275 39.8875
116.275 39.8874
116.275 39.8874
116.275 39.8874
116.275 39.8874
116.275 39.8875
116.275 39.8875
116.275 39.8874
116.275 39.8875
116.275 39.8875
116.275 39.8874
116.275 39.8875
116.275 39.8876
116.274 39.8877
116.275 39.8877
116.275 39.8877
116.275 39.8876
116.275 39.8877
116.275 39.8876
116.275 39.8876
116.275 39.8874
116.275 39.8875
116.275 39.8875
116.275 39.8873
116.274 39.8883
116.284 39.8835
116.284 39.8835
116.284 39.8835
116.284 39.8835
116.284 39.8835
116.284 39.8835
116.284 39.8835
116.284 39.8835
116.284 39.8835
116.284 39.8835
116.284 39.8835
116.284 39.8835
116.284 39.8835
116.284 39.8835
116.284 39.8835
116.284 39.8835
116.278 39.8849
116.274 39.8876
116.275 39.8876
116.275 39.8877
116.275 39.8876
116.275 39.8875
116.275 39.8875
116.275 39.8874
116.275 39.8876
116.275 39.8875
116.275 39.8875
116.275 39.8878
116.275 39.8878
116.275 39.8877
116.275 39.8874
116.275 39.8875
116.275 39.8874
116.275 39.8874
116.275 39.8873
116.275 39.8874
116.275 39.8875
116.275 39.8873
116.275 39.8873
116.275 39.8874
116.275 39.8873
116.275 39.8875
116.275 39.8875
116.275 39.8875
116.275 39.8874
116.275 39.8875
116.275 39.8874
116.275 39.8874
116.275 39.8874
116.275 39.8874
116.275 39.8874
116.275 39.8875
116.275 39.8874
116.275 39.8874
116.275 39.8874
116.275 39.8873
116.275 39.8874
116.275 39.8873
116.275 39.8874
116.275 39.8874
116.275 39.8873
116.275 39.8874
116.275 39.8875
116.275 39.8874
116.275 39.8875
116.275 39.8875
116.275 39.8874
116.275 39.8875
116.275 39.8875
116.275 39.8876
116.275 39.8875
116.275 39.8875
116.275 39.8876
116.275 39.8876
116.275 39.8876
116.275 39.8875
116.275 39.8875
116.275 39.8875
116.275 39.8878
116.275 39.8879
116.275 39.8879
116.275 39.8878
116.275 39.8873
116.275 39.8877
116.275 39.8873
116.275 39.8873
116.275 39.8874
116.275 39.8873
116.275 39.8874
116.275 39.8875
116.275 39.8875
116.275 39.8876
116.275 39.8875
116.275 39.8875
116.275 39.8877
116.275 39.8876
116.275 39.8876
116.275 39.8874
116.275 39.8874
116.275 39.8876
116.275 39.8877
116.275 39.8875
116.275 39.8875
116.275 39.8875
116.275 39.8878
116.275 39.8875
116.275 39.8875
116.275 39.8875
116.275 39.8875
116.275 39.8875
116.275 39.8875
116.275 39.8874
116.275 39.8875
116.275 39.8874
116.275 39.8874
116.275 39.8875
116.275 39.8873
116.275 39.8874
116.275 39.8875
116.275 39.8875
116.275 39.8874
116.275 39.8874
116.275 39.8874
116.275 39.8875
116.275 39.8874
116.275 39.8874
116.275 39.8874
116.275 39.8874
116.275 39.8874
116.275 39.8874
116.275 39.8874
116.275 39.8873
116.275 39.8875
116.275 39.8876
116.275 39.8875
116.275 39.8876
116.275 39.8877
116.275 39.8877
116.275 39.8876
116.275 39.8875
116.275 39.8874
116.275 39.8875
116.275 39.8876
116.275 39.8875
116.275 39.8876
116.275 39.8875
116.275 39.8876
116.275 39.8876
116.275 39.8875
116.275 39.8875
116.275 39.8875
116.275 39.8876
116.275 39.8875
116.275 39.8876
116.275 39.8877
116.275 39.888
116.275 39.888
116.275 39.8877
116.275 39.8881
116.275 39.8881
116.275 39.8881
116.275 39.8879
116.275 39.8881
116.275 39.8879
116.275 39.8878
116.289 39.8883
116.296 39.8884
116.833 40.387
116.296 39.8883
116.296 39.8883
116.296 39.8883
116.296 39.8883
116.287 39.8884
116.274 39.8868
116.275 39.8875
116.275 39.8875
116.275 39.8875
116.275 39.8875
116.275 39.8875
116.275 39.8875
116.275 39.8874
116.275 39.8874
116.275 39.8874
116.275 39.8872
116.275 39.8874
116.275 39.8872
116.275 39.8873
116.275 39.8872
116.275 39.8872
116.275 39.8872
116.275 39.8872
116.275 39.8871
116.275 39.8871
116.275 39.8873
116.275 39.8872
116.275 39.8873
116.275 39.8873
116.275 39.8872
116.275 39.8873
116.275 39.8872
116.275 39.8873
116.275 39.8874
116.275 39.8874
116.275 39.8874
116.275 39.8874
116.275 39.8874
116.275 39.8874
116.275 39.8873
116.275 39.8874
116.275 39.8873
116.275 39.8874
116.275 39.8873
116.275 39.8872
116.275 39.8871
116.275 39.8872
116.275 39.8872
116.275 39.8872
116.275 39.8872
116.275 39.8874
116.275 39.8875
116.275 39.8875
116.275 39.8875
116.275 39.8875
116.275 39.8875
116.275 39.8875
116.275 39.8874
116.275 39.8875
116.275 39.8875
116.275 39.8875
116.275 39.8877
116.275 39.8875
116.275 39.8873
116.275 39.8873
116.275 39.8874
116.275 39.8874
116.275 39.8873
116.275 39.8873
116.275 39.8873
116.275 39.8873
116.275 39.8873
116.275 39.8873
116.275 39.8873
116.275 39.8873
116.275 39.8872
116.275 39.8873
116.275 39.8873
