116.433 39.9228
116.446 39.9255
116.449 39.9288
116.449 39.9288
116.428 39.9234
116.411 39.9246
116.411 39.9313
116.406 39.9321
116.399 39.9395
116.394 39.9394
116.39 39.9393
116.393 39.9501
116.391 39.9485
116.391 39.9485
116.391 39.9485
116.391 39.9486
116.391 39.9486
116.391 39.9486
116.391 39.9486
116.409 39.9479
116.449 39.9553
116.455 39.9382
116.455 39.9237
116.455 39.8889
116.446 39.8596
116.44 39.8448
116.443 39.8265
116.45 39.8057
116.453 39.8002
116.45 39.8054
116.448 39.8223
116.438 39.8311
116.395 39.838
116.394 39.8693
116.37 39.8697
116.368 39.8855
116.368 39.8873
116.369 39.8965
116.368 39.904
116.368 39.9051
116.37 39.9075
116.371 39.9176
116.384 39.9209
116.39 39.9277
116.39 39.9376
116.39 39.9618
116.392 39.9602
116.406 39.9477
116.406 39.9477
116.433 39.9481
116.477 39.9819
116.529 40.0208
116.586 40.0795
116.582 40.0648
116.567 40.0639
116.558 40.0499
116.559 40.05
116.55 40.0642
116.533 40.0502
116.52 40.029
116.507 40.0108
116.487 39.9943
116.486 39.9949
116.486 39.9948
116.486 39.9948
116.487 39.9932
116.485 39.9904
116.481 39.9778
116.474 39.9711
116.475 39.9659
116.475 39.9657
116.466 39.965
116.449 39.956
116.436 39.9483
116.415 39.9481
116.41 39.9441
116.404 39.9451
116.414 39.9478
116.414 39.9479
116.428 39.9394
116.433 39.9228
116.443 39.9206
116.435 39.9196
116.438 39.9293
116.438 39.9399
116.44 39.9489
116.469 39.9763
116.49 39.9956
116.521 40.0301
116.55 40.0673
116.557 40.1081
116.592 40.1421
116.636 40.1786
116.644 40.227
116.633 40.2745
116.65 40.3153
116.701 40.3269
116.765 40.3417
116.814 40.3648
116.806 40.3616
116.755 40.3374
116.711 40.3272
116.711 40.3272
116.655 40.3209
116.636 40.288
116.636 40.1957
116.615 40.1557
116.577 40.1295
116.555 40.0984
116.55 40.0642
116.566 40.0703
116.567 40.0709
116.567 40.0709
116.567 40.0709
116.567 40.0709
116.563 40.0701
116.562 40.0699
116.562 40.0699
116.563 40.065
116.567 40.0639
116.574 40.063
116.582 40.0652
116.582 40.067
116.582 40.0697
116.581 40.0724
116.58 40.0764
116.587 40.0768
116.586 40.0801
116.576 40.044
116.499 40.0025
116.386 39.8596
116.386 39.8608
116.359 39.8501
116.402 39.856
116.407 39.8639
116.413 39.8913
116.412 39.8958
116.43 39.9062
116.433 39.9049
116.434 39.9047
116.434 39.9048
116.434 39.9046
116.435 39.9056
116.421 39.9483
116.366 39.9499
116.362 39.9499
116.362 39.9502
116.365 39.9496
116.391 39.9393
116.402 39.9511
116.405 39.9674
116.411 39.9687
116.392 39.9671
116.412 39.9563
116.413 39.9504
116.417 39.9527
116.414 39.9396
116.415 39.9395
116.416 39.9395
116.428 39.9337
116.433 39.9065
116.433 39.9047
116.433 39.9046
116.434 39.9045
116.434 39.9045
116.434 39.9046
116.434 39.9051
116.434 39.9049
116.435 39.9068
116.412 39.9118
116.409 39.9083
116.423 39.907
116.438 39.9118
116.431 39.9186
116.449 39.9219
116.46 39.9277
116.456 39.941
116.467 39.9466
116.492 39.9596
116.484 39.9718
116.482 39.988
116.483 39.9883
116.482 39.9885
116.485 39.9913
116.485 39.9909
116.485 39.9908
116.485 39.9908
116.485 39.991
116.485 39.991
116.485 39.9908
116.485 39.9908
116.479 39.9629
116.53 40.0211
116.572 40.0395
116.584 40.0608
116.582 40.07
116.585 40.0768
116.583 40.0653
116.444 39.9464
116.455 39.9403
116.455 39.9209
116.484 39.9143
116.481 39.9575
116.481 39.9575
116.43 39.9879
116.374 39.9755
116.329 39.9753
116.311 39.9751
116.324 39.9798
116.342 39.9751
116.357 39.9662
116.435 39.9227
116.451 39.9124
116.456 39.9421
116.452 39.9574
116.455 39.9448
116.461 39.932
116.456 39.9477
116.388 39.9658
116.392 39.9671
116.403 39.9605
116.413 39.9559
116.398 39.9479
116.375 39.9477
116.363 39.9467
116.349 39.9365
116.338 39.931
116.331 39.9269
116.327 39.927
116.32 39.9281
116.341 39.931
116.35 39.9178
116.36 39.9058
116.368 39.8993
116.368 39.8886
116.406 39.8913
116.415 39.8722
116.432 39.8704
116.415 39.877
116.407 39.887
116.407 39.887
116.392 39.8743
116.393 39.88
116.406 39.8978
116.405 39.9073
116.411 39.9213
116.411 39.9314
116.41 39.9434
116.418 39.9527
116.419 39.9483
116.428 39.9251
116.415 39.923
116.415 39.923
116.423 39.9143
116.425 39.9143
116.425 39.9143
116.425 39.9143
116.425 39.9143
116.421 39.9059
116.417 39.9027
116.407 39.8999
116.411 39.9068
116.448 39.907
116.47 39.9067
116.47 39.9067
116.472 39.9101
116.472 39.9068
116.471 39.8917
116.475 39.8918
116.483 39.8835
116.47 39.8922
116.467 39.8922
116.456 39.903
116.467 39.9111
116.46 39.9122
116.453 39.9073
116.45 39.9071
116.441 39.9072
116.427 39.9072
116.415 39.907
116.399 39.9065
116.393 39.9064
116.374 39.906
116.369 39.9058
116.357 39.9059
116.317 39.9063
116.306 39.9075
116.305 39.9076
116.304 39.9003
116.304 39.9003
116.306 39.8652
116.306 39.8652
116.34 39.8443
116.374 39.8301
116.445 39.831
116.472 39.827
116.476 39.8434
116.476 39.8665
116.476 39.8665
116.471 39.8781
116.47 39.8831
116.457 39.8832
116.442 39.8833
116.428 39.8799
116.446 39.8831
116.456 39.8841
116.455 39.9207
116.456 39.9447
116.476 39.9729
116.484 39.983
116.484 39.9867
116.483 39.9792
116.476 39.9735
116.455 39.9756
116.431 39.9881
116.423 39.9879
116.423 39.9879
116.418 39.9921
116.412 39.9998
116.412 40.0028
116.411 40.0066
116.411 39.9942
116.404 39.9936
116.401 39.9912
116.406 39.9851
116.415 39.9872
116.418 39.9826
116.401 39.9739
116.361 39.9665
116.305 39.9624
116.322 39.9659
116.333 39.9661
116.338 39.9659
116.338 39.9659
116.338 39.9659
116.338 39.9659
116.338 39.9661
116.338 39.9661
116.338 39.9661
116.338 39.9661
116.338 39.9661
116.338 39.9661
116.338 39.9661
116.338 39.9661
116.338 39.9661
116.338 39.9661
116.338 39.9661
116.338 39.9661
116.363 39.9662
116.38 39.9615
116.401 39.9607
116.41 39.9487
116.402 39.9401
116.402 39.9401
116.401 39.9669
116.398 39.9872
116.401 39.9925
116.412 39.9642
116.419 39.9575
116.447 39.9569
116.491 39.9948
116.461 40.0145
116.46 40.0101
116.463 39.9963
116.459 39.9868
116.457 39.9946
116.473 39.9854
116.478 39.9748
116.46 39.9496
116.447 39.9511
116.447 39.9511
116.447 39.9511
116.447 39.9511
116.447 39.9511
116.444 39.9462
116.433 39.9324
116.413 39.8698
116.345 39.8673
116.353 39.8878
116.353 39.8878
116.368 39.8878
116.368 39.9122
116.383 39.8988
116.405 39.8979
116.422 39.9068
116.428 39.9386
116.434 39.9524
116.433 39.9428
116.415 39.9396
116.416 39.9395
116.416 39.9395
116.426 39.9396
116.42 39.9399
116.42 39.9396
116.417 39.9397
116.416 39.9397
116.412 39.9396
116.418 39.9322
116.438 39.9279
116.437 39.9267
116.449 39.9324
116.436 39.9399
116.402 39.9516
116.402 39.9516
116.396 39.9569
116.402 39.9462
116.424 39.9396
116.436 39.924
116.433 39.9324
116.42 39.9399
116.428 39.9295
116.455 39.9002
116.455 39.8846
116.471 39.8699
116.487 39.8748
116.477 39.8832
116.472 39.9039
116.437 39.9073
116.438 39.9312
116.418 39.9397
116.411 39.9395
116.412 39.909
116.373 39.9059
116.297 39.8833
116.293 39.887
116.304 39.893
116.33 39.8959
116.33 39.8959
116.378 39.8986
116.414 39.8992
116.454 39.9533
116.489 39.9616
116.484 39.971
116.481 39.9866
116.481 39.9865
116.481 39.9865
116.486 39.9915
116.485 39.9909
116.485 39.9909
116.485 39.9909
116.485 39.9909
116.485 39.9909
116.485 39.9909
116.485 39.9909
116.475 39.9726
116.462 39.9484
116.449 39.9335
116.455 39.9182
116.487 39.9058
116.484 39.899
116.48 39.8516
116.416 39.831
116.395 39.8433
116.394 39.8611
116.425 39.8697
116.438 39.8967
116.43 39.9078
116.426 39.933
116.425 39.9368
116.419 39.9313
116.42 39.9236
116.412 39.9145
116.41 39.9092
116.412 39.9117
116.419 39.9142
116.427 39.923
116.439 39.9218
116.451 39.9139
116.456 39.9177
116.472 39.9082
116.472 39.9082
116.471 39.9023
116.468 39.8993
116.468 39.8993
116.468 39.8993
116.469 39.9056
116.469 39.9056
116.469 39.9057
116.469 39.9058
116.469 39.9057
116.469 39.9057
116.469 39.9057
116.469 39.9057
116.469 39.9057
116.469 39.9055
116.484 39.9097
116.487 39.9095
116.48 39.8873
116.482 39.8872
116.474 39.8782
116.462 39.8809
116.451 39.8921
116.45 39.8901
116.466 39.892
116.484 39.8921
116.484 39.9131
116.516 39.9125
116.511 39.9068
116.492 39.9073
116.433 39.9074
116.433 39.9053
116.448 39.907
116.456 39.9318
116.456 39.9318
116.456 39.9318
116.479 39.9355
116.479 39.9355
116.474 39.9325
116.479 39.9228
116.454 39.8321
116.374 39.8303
116.337 39.8215
116.325 39.8184
116.326 39.822
116.33 39.8218
116.34 39.8291
116.343 39.8749
116.351 39.904
116.35 39.9161
116.35 39.9364
116.354 39.9469
116.352 39.9391
116.352 39.9391
116.352 39.9391
116.336 39.9457
116.33 39.9502
116.328 39.9659
116.395 39.9723
116.397 39.9738
116.412 39.9676
116.454 39.952
116.455 39.9256
116.452 39.9078
116.452 39.9103
116.451 39.9103
116.455 39.9069
116.504 39.9066
116.516 39.9143
116.511 39.9195
116.463 39.9163
116.47 39.9112
116.484 39.9132
116.482 39.8994
116.456 39.8924
116.458 39.9324
116.483 39.9324
116.49 39.9271
116.494 39.9269
116.518 39.9051
116.491 39.9066
116.501 39.907
116.491 39.9218
116.511 39.9326
116.508 39.9315
116.496 39.9266
116.497 39.9351
116.511 39.9531
116.516 39.9605
116.505 39.9556
116.497 39.9351
116.473 39.9326
116.447 39.9574
116.439 39.9563
116.455 39.9385
116.447 39.9072
116.42 39.9071
116.39 39.9007
116.378 39.8944
116.386 39.8987
116.393 39.8805
116.394 39.8534
116.395 39.8269
116.39 39.8237
116.395 39.8534
116.395 39.8534
116.398 39.8554
116.403 39.8723
116.407 39.8654
116.419 39.8563
116.408 39.8553
116.386 39.8623
116.357 39.8689
116.347 39.8813
116.368 39.8877
116.38 39.8987
116.405 39.9066
116.428 39.9232
116.415 39.9396
116.435 39.9471
116.419 39.9483
116.412 39.9631
116.405 39.9839
116.41 39.9871
116.484 39.9358
116.489 39.9614
116.477 39.955
116.449 39.9241
116.444 39.9217
116.43 39.9038
116.43 39.9038
116.421 39.87
116.355 39.8674
116.337 39.8965
116.312 39.896
116.304 39.9126
116.315 39.9223
116.34 39.9219
116.371 39.9314
116.383 39.9319
116.399 39.9394
116.41 39.9394
116.416 39.9397
116.428 39.9427
116.438 39.9589
116.45 39.9648
116.444 39.9544
116.425 39.9398
116.425 39.9398
116.416 39.9397
116.416 39.9396
116.416 39.9397
116.416 39.9397
116.416 39.9397
116.416 39.9397
116.416 39.9397
116.416 39.9397
116.416 39.9396
116.416 39.9396
116.402 39.9506
116.402 39.9599
116.401 39.9855
116.414 39.9877
116.418 39.9744
116.412 39.9578
116.42 39.9396
116.438 39.9385
116.467 39.9461
116.491 39.9603
116.491 39.9594
116.483 39.9518
116.468 39.9038
116.43 39.9075
116.456 39.9213
116.477 39.9548
116.492 39.9596
116.484 39.9707
116.487 39.9925
116.485 39.9909
116.485 39.9908
116.485 39.9908
116.478 39.9751
116.484 39.9659
116.49 39.9943
116.544 40.026
116.567 40.0353
116.58 40.0475
116.584 40.0559
116.583 40.0673
116.583 40.0763
116.583 40.0763
116.579 40.0468
116.51 40.0124
116.453 39.9608
116.455 39.949
116.455 39.9121
116.452 39.8963
116.471 39.8919
116.47 39.9067
116.467 39.8998
116.471 39.8913
116.456 39.9025
116.444 39.9187
116.44 39.9122
116.457 39.9065
116.472 39.9023
116.471 39.8869
116.472 39.899
116.472 39.9104
116.48 39.9128
116.437 39.9862
116.401 39.9818
116.391 39.9738
116.391 39.9738
116.401 39.9754
116.405 39.9832
116.418 39.9862
116.418 39.9862
116.419 39.9683
116.456 39.945
116.447 39.9073
116.421 39.9042
116.412 39.9029
116.412 39.9165
116.42 39.9273
116.426 39.93
116.423 39.9281
116.428 39.9247
116.436 39.9209
116.444 39.9077
116.457 39.9066
116.457 39.9066
116.527 39.9081
116.525 39.9541
116.508 40.0099
116.578 40.0457
116.578 40.0457
116.587 40.0775
116.581 40.0781
116.573 40.0413
116.502 40.0053
116.444 39.9529
116.444 39.9448
116.429 39.9398
116.427 39.9143
116.414 39.9156
116.426 39.9141
116.426 39.9139
116.429 39.9036
116.444 39.8804
116.444 39.8803
116.45 39.8754
116.45 39.8754
116.418 39.8567
116.41 39.8558
116.443 39.8702
116.443 39.87
116.443 39.87
116.443 39.87
116.443 39.87
116.443 39.87
116.443 39.87
116.443 39.87
116.443 39.87
116.443 39.87
116.443 39.87
116.443 39.87
116.443 39.87
116.443 39.87
116.443 39.87
116.443 39.87
116.449 39.8701
116.475 39.8664
116.462 39.8343
116.462 39.8286
116.479 39.8466
116.469 39.8568
116.471 39.87
116.484 39.8908
116.484 39.9098
116.498 39.9144
116.498 39.9144
116.532 39.9389
116.537 39.9103
116.477 39.9042
116.439 39.8821
116.325 39.8665
116.343 39.8846
116.353 39.8875
116.357 39.8846
116.361 39.8879
116.377 39.8879
116.398 39.891
116.414 39.8834
116.425 39.8827
116.438 39.8899
116.428 39.9287
116.428 39.9287
116.421 39.935
116.444 39.9397
116.449 39.933
116.444 39.9325
116.416 39.9323
116.411 39.9307
116.412 39.9097
116.412 39.9028
116.412 39.9002
116.413 39.886
116.425 39.8878
116.421 39.899
116.43 39.9025
116.45 39.8915
116.426 39.8924
116.413 39.8978
116.422 39.8959
116.439 39.8922
116.455 39.8838
116.47 39.883
116.475 39.8782
116.472 39.8907
116.464 39.899
116.456 39.9012
116.456 39.9012
116.464 39.9123
116.462 39.9221
116.465 39.9243
116.465 39.9243
116.465 39.9243
116.465 39.9243
116.461 39.9234
116.449 39.9271
116.445 39.94
116.424 39.9399
116.424 39.9399
116.427 39.9391
116.42 39.9204
116.411 39.9169
116.391 39.9064
116.361 39.906
116.342 39.8922
116.343 39.8708
116.407 39.8708
116.438 39.8935
116.455 39.9029
116.46 39.9069
116.445 39.9027
116.436 39.9073
116.431 39.9168
116.428 39.9401
116.415 39.9396
116.424 39.9395
116.42 39.9339
116.423 39.9279
116.424 39.9398
116.42 39.9398
116.411 39.9431
116.365 39.9472
116.365 39.9472
116.364 39.9768
116.379 39.964
116.395 39.9501
116.403 39.9393
116.42 39.931
116.42 39.9329
116.419 39.9537
116.418 39.9793
116.419 39.9683
116.419 39.9484
116.419 39.9315
116.43 39.9005
116.454 39.8831
116.459 39.8749
116.456 39.9059
116.447 39.907
116.455 39.9031
116.464 39.8919
116.489 39.9104
116.484 39.9144
116.456 39.9376
116.455 39.9334
116.493 39.9216
116.511 39.9154
116.511 39.9154
116.468 39.9202
116.458 39.9275
116.437 39.9277
116.428 39.935
116.42 39.9398
116.42 39.9399
116.42 39.9398
116.42 39.9398
116.42 39.9398
116.42 39.9398
116.42 39.9398
116.42 39.9398
116.42 39.9398
116.42 39.9398
116.42 39.9398
116.42 39.9398
116.42 39.9398
116.42 39.9399
116.42 39.9399
116.42 39.9399
116.42 39.9399
116.42 39.9399
116.42 39.9399
116.42 39.9399
116.412 39.9395
116.419 39.9396
116.419 39.9396
116.427 39.9372
116.447 39.9024
116.458 39.8699
116.462 39.8732
116.445 39.8777
116.448 39.8659
116.439 39.8658
116.439 39.8847
116.425 39.8877
116.416 39.9014
116.421 39.9114
116.412 39.9231
116.412 39.9001
116.393 39.8799
116.413 39.8917
116.415 39.8826
116.401 39.8637
116.425 39.8644
116.481 39.9049
116.484 39.9524
116.492 39.9595
116.485 39.9644
116.481 39.9866
116.481 39.9866
116.481 39.9866
116.487 39.9922
116.506 40.0103
116.506 40.0102
116.506 40.0102
116.506 40.0102
116.506 40.0102
116.506 40.0102
116.486 39.9979
116.472 39.9791
116.449 39.9586
116.449 39.9586
116.449 39.9586
116.42 39.9483
116.374 39.9566
116.381 39.9667
116.387 39.955
116.374 39.9539
116.373 39.9481
116.373 39.9397
116.373 39.9296
116.39 39.9319
116.417 39.9287
116.412 39.9142
116.412 39.911
116.38 39.906
116.38 39.906
116.383 39.9208
116.39 39.9342
116.4 39.9231
116.403 39.9119
116.412 39.9071
116.414 39.8842
116.429 39.8829
116.436 39.8913
116.449 39.892
116.428 39.9257
116.412 39.9229
116.433 39.9397
116.43 39.9329
116.435 39.9446
116.433 39.9426
116.443 39.9539
116.465 39.969
116.47 39.9531
116.451 39.9551
116.445 39.966
116.444 39.9644
116.455 39.948
116.466 39.937
116.466 39.937
116.481 39.9564
116.493 39.9629
116.497 39.9633
116.498 39.9633
116.487 39.9603
116.483 39.9178
116.504 39.9147
116.538 39.9149
116.546 39.9084
116.496 39.9147
116.472 39.9145
116.471 39.9325
116.474 39.9538
116.468 39.9671
116.464 39.9767
116.461 39.9577
116.455 39.9461
116.429 39.9324
116.396 39.9322
116.396 39.9322
116.39 39.9321
116.398 39.9394
116.389 39.9352
116.389 39.9352
116.403 39.926
116.412 39.9093
116.413 39.886
116.414 39.8719
116.375 39.87
116.377 39.8686
116.382 39.865
116.377 39.8485
116.373 39.8491
116.369 39.8361
116.362 39.8299
116.322 39.848
116.302 39.9063
116.297 39.9067
116.291 39.9318
116.286 39.9412
116.286 39.9412
116.288 39.9462
116.297 39.931
116.304 39.9366
116.341 39.9376
116.352 39.9392
116.352 39.9393
116.352 39.9393
116.352 39.9393
116.351 39.9392
116.353 39.9425
116.413 39.9479
116.433 39.9395
116.434 39.9345
116.434 39.9345
116.434 39.9342
116.445 39.9398
116.465 39.9323
116.477 39.9322
116.484 39.9446
116.485 39.9894
116.556 40.0301
116.584 40.0767
116.581 40.073
116.582 40.0482
116.551 40.0273
116.515 40.0142
116.491 39.9871
116.449 39.9583
116.35 39.9732
116.35 39.9732
116.352 39.9736
116.352 39.9736
116.344 39.9856
116.289 39.9946
116.27 40.0277
116.252 40.0413
116.252 40.0413
116.218 40.0458
116.21 40.0964
116.211 40.0967
116.209 40.0978
116.21 40.0908
116.237 40.0719
116.252 40.0448
116.269 40.0282
116.287 40.0227
116.289 40.0231
116.282 40.008
116.296 39.9833
116.298 39.9935
116.312 40.0156
116.309 40.0177
116.33 40.0065
116.339 39.9994
116.346 40.0203
116.338 40.0347
116.322 40.0453
116.306 40.04
116.323 40.0535
116.329 40.0816
116.329 40.0816
116.313 40.074
116.298 40.0834
116.307 40.0744
116.319 40.0507
116.312 40.0496
116.335 40.0378
116.344 40.0257
116.346 40.0067
116.347 39.9815
116.345 39.975
116.39 39.9866
116.411 39.9975
116.401 39.9896
116.407 39.9758
116.411 39.9877
116.41 40.0014
116.399 39.9974
116.388 39.9873
116.374 39.9641
116.372 39.9482
116.374 39.9317
116.372 39.9212
116.375 39.913
116.399 39.932
116.422 39.9305
116.423 39.9292
116.424 39.9322
116.42 39.9177
116.444 39.9215
116.459 39.9164
116.478 39.9141
116.472 39.9197
116.479 39.9218
116.464 39.9154
116.451 39.9255
116.455 39.919
116.455 39.9067
116.457 39.9046
116.456 39.9033
116.43 39.9044
116.412 39.9323
116.39 39.935
116.4 39.9172
116.386 39.9061
116.351 39.9131
116.366 39.9471
116.367 39.9567
116.352 39.9509
116.373 39.984
116.402 39.9971
116.414 40.0177
116.433 40.0101
116.41 40.0047
116.412 39.9819
116.419 39.9582
116.427 39.9346
116.435 39.9257
116.437 39.9275
116.427 39.9476
116.427 39.9476
116.433 39.9603
116.39 39.9388
116.39 39.9324
116.411 39.9321
116.437 39.9276
116.428 39.9363
116.42 39.9484
116.418 39.9739
116.418 39.9759
116.419 39.9561
116.42 39.9348
116.416 39.9231
116.379 39.9212
116.347 39.9213
116.371 39.9239
116.342 39.9222
116.339 39.9142
116.323 39.8953
116.315 39.886
116.305 39.8885
116.305 39.9218
116.305 39.9218
116.32 39.9224
116.33 39.8879
116.343 39.8753
116.381 39.8618
116.387 39.8438
116.387 39.8438
116.383 39.8555
116.398 39.8554
116.443 39.858
116.456 39.9029
116.484 39.9013
116.499 39.8693
116.493 39.8771
116.473 39.892
116.459 39.9057
116.459 39.9122
116.444 39.912
116.454 39.9067
116.437 39.9036
116.444 39.912
116.456 39.9218
116.457 39.9275
116.455 39.9323
116.49 39.9332
116.496 39.9304
116.484 39.9124
116.484 39.9124
116.438 39.8904
116.396 39.8705
116.343 39.8735
116.339 39.8683
116.338 39.8687
116.348 39.8666
116.38 39.8777
116.37 39.8877
116.379 39.8904
116.369 39.8985
116.345 39.8999
116.353 39.9126
116.367 39.9312
116.374 39.9316
116.388 39.9392
116.399 39.9393
116.399 39.9393
116.399 39.9393
116.399 39.9393
116.407 39.9393
116.434 39.9481
116.485 39.9897
116.545 40.0263
116.583 40.0624
116.583 40.0794
116.582 40.0584
116.582 40.0584
116.567 40.0331
116.531 40.02
116.491 39.9945
116.489 39.962
116.492 39.9594
116.484 39.9287
116.455 39.8977
116.432 39.8577
116.416 39.8556
116.446 39.8594
116.446 39.8594
116.388 39.856
116.38 39.8563
116.34 39.8374
116.342 39.8244
116.35 39.8295
116.353 39.8413
116.353 39.8413
116.356 39.8525
116.399 39.8556
116.455 39.8667
116.458 39.8807
116.449 39.8925
116.404 39.8915
116.376 39.8881
116.338 39.8885
116.337 39.8868
116.342 39.8907
116.342 39.8868
116.339 39.8357
116.349 39.8181
116.34 39.843
116.352 39.8668
116.381 39.8693
116.355 39.8527
116.355 39.8527
116.324 39.847
116.303 39.8498
116.301 39.8494
116.324 39.8471
116.306 39.8728
116.319 39.8886
116.331 39.8813
116.323 39.8953
116.335 39.9012
116.336 39.8993
116.35 39.8974
116.377 39.8986
116.4 39.8967
116.401 39.888
116.407 39.8914
116.412 39.8959
116.428 39.8963
116.416 39.9015
116.429 39.9135
116.438 39.9397
116.438 39.9526
116.441 39.9611
116.456 39.9096
116.484 39.8819
116.494 39.8652
116.487 39.8799
116.455 39.8747
116.327 39.8477
116.304 39.8916
116.316 39.8954
116.364 39.8982
116.385 39.8989
116.405 39.9062
116.411 39.9214
116.428 39.9386
116.428 39.9432
116.47 39.976
116.53 40.0212
116.584 40.0532
116.586 40.0794
116.58 40.0596
116.55 40.0643
116.556 40.1069
116.605 40.1165
116.673 40.1145
116.748 40.1321
116.817 40.1485
116.817 40.1485
116.905 40.1524
116.993 40.1401
117.083 40.144
117.105 40.1534
117.105 40.1559
117.108 40.1859
117.115 40.185
117.115 40.185
117.115 40.185
117.115 40.185
117.115 40.185
117.115 40.185
117.103 40.1825
117.104 40.1819
117.119 40.1816
117.114 40.1569
117.098 40.1387
117.094 40.1386
117.1 40.1516
117.1 40.1516
117.1 40.1516
117.1 40.1516
117.1 40.1516
117.1 40.1516
117.1 40.1516
117.1 40.1516
117.105 40.1565
117.105 40.1806
117.105 40.1805
117.105 40.1805
117.105 40.1805
117.103 40.1826
117.103 40.1826
117.103 40.1826
117.103 40.1826
117.103 40.1826
117.103 40.1826
117.103 40.1826
117.103 40.1826
117.103 40.1826
117.103 40.1826
117.103 40.1826
117.103 40.1826
117.103 40.1826
117.103 40.1826
117.103 40.1826
117.103 40.1826
117.103 40.1826
117.103 40.1826
117.103 40.1826
117.103 40.1826
117.103 40.1826
117.103 40.1826
117.103 40.1826
117.103 40.1826
117.103 40.1825
117.103 40.1825
117.103 40.1825
117.11 40.1857
117.115 40.185
117.115 40.185
117.115 40.185
117.115 40.185
117.105 40.1809
117.105 40.1508
117.108 40.1444
117.111 40.1503
117.111 40.1504
117.111 40.1504
117.111 40.1504
117.111 40.1504
117.111 40.1504
117.111 40.1504
117.111 40.1504
117.111 40.1504
117.111 40.149
117.105 40.1448
117.103 40.1442
117.101 40.1455
117.081 40.1364
117.081 40.1365
117.09 40.1449
117.111 40.1505
117.111 40.1505
117.111 40.1505
117.101 40.1455
117.101 40.1453
117.101 40.1449
117.101 40.1449
117.101 40.1449
117.101 40.1449
117.101 40.1449
117.083 40.1297
117.079 40.1046
117.064 40.0902
117.061 40.0899
117.061 40.0899
117.061 40.0899
117.061 40.0899
117.061 40.0899
117.061 40.0899
117.061 40.0899
117.061 40.0899
117.061 40.0899
117.061 40.0899
117.061 40.0899
