116.35 39.8882
116.363 39.8879
116.365 39.8878
116.367 39.8877
116.367 39.8876
116.368 39.8878
116.368 39.8915
116.368 39.9022
116.368 39.9034
116.368 39.9093
116.368 39.9107
116.368 39.9079
116.368 39.904
116.368 39.8998
116.368 39.8998
116.368 39.889
116.358 39.8879
116.336 39.8825
116.336 39.8798
116.33 39.8811
116.328 39.8833
116.321 39.8886
116.331 39.8885
116.343 39.8914
116.345 39.8969
116.35 39.9035
116.35 39.909
116.35 39.926
116.35 39.9297
116.372 39.9489
116.373 39.9539
116.379 39.9624
116.39 39.9667
116.35 39.9664
116.341 39.9664
116.341 39.9664
116.303 39.9505
116.304 39.9459
116.304 39.9005
116.304 39.8893
116.303 39.8833
116.303 39.8833
116.293 39.8791
116.233 39.8565
116.227 39.8486
116.207 39.8226
116.204 39.8145
116.155 39.7706
116.136 39.7441
116.136 39.7299
116.136 39.7256
116.117 39.7045
116.112 39.6987
116.087 39.6657
116.079 39.6611
116.09 39.6699
116.095 39.6756
116.115 39.7025
116.118 39.705
116.118 39.705
116.131 39.7195
116.137 39.7234
116.147 39.744
116.157 39.7607
116.169 39.7746
116.187 39.795
116.187 39.795
116.191 39.8072
116.202 39.8181
116.203 39.8289
116.192 39.8509
116.183 39.8569
116.173 39.8659
116.16 39.8765
116.16 39.8868
116.205 39.8931
116.23 39.8955
116.247 39.8886
116.255 39.8882
116.27 39.8797
116.272 39.8725
116.297 39.8796
116.303 39.8827
116.306 39.8841
116.308 39.8851
116.312 39.8865
116.314 39.8874
116.33 39.8882
116.33 39.8881
116.33 39.8822
116.332 39.881
116.332 39.8813
116.332 39.8813
116.332 39.8813
116.332 39.8813
116.332 39.8813
116.332 39.8813
116.332 39.8813
116.332 39.8813
116.332 39.8813
116.332 39.8813
116.332 39.8813
116.332 39.8813
116.332 39.8813
116.332 39.8813
116.332 39.8813
116.332 39.8813
116.332 39.8813
116.332 39.8813
116.332 39.8813
116.332 39.8813
116.332 39.8813
116.332 39.8813
116.332 39.8813
116.332 39.8811
116.332 39.8811
116.332 39.8811
116.332 39.8811
116.332 39.8811
116.332 39.8812
116.332 39.8812
116.326 39.8834
116.343 39.8941
116.35 39.9114
116.35 39.9114
116.357 39.8926
116.336 39.8964
116.316 39.8959
116.314 39.8954
116.316 39.8921
116.316 39.8921
116.316 39.8921
116.316 39.8921
116.306 39.8844
116.302 39.8806
116.314 39.8829
116.32 39.8831
116.32 39.8852
116.32 39.8852
116.32 39.8852
116.32 39.8852
116.301 39.8568
116.305 39.8567
116.31 39.8567
116.326 39.8667
116.343 39.8659
116.343 39.8659
116.351 39.903
116.353 39.9127
116.364 39.9129
116.371 39.9189
116.375 39.9212
116.368 39.9102
116.368 39.9023
116.368 39.8881
116.378 39.888
116.396 39.8907
116.406 39.8913
116.401 39.8868
116.394 39.8853
116.382 39.8849
116.379 39.8874
116.369 39.888
116.36 39.8881
116.36 39.8881
116.338 39.8884
116.322 39.8887
116.309 39.8856
116.305 39.8853
116.314 39.8891
116.315 39.8853
116.32 39.8831
116.32 39.8845
116.331 39.8885
116.336 39.8884
116.353 39.8852
116.353 39.8852
116.352 39.8849
116.347 39.8884
116.343 39.8925
116.343 39.8959
116.35 39.9045
116.35 39.9133
116.35 39.943
116.328 39.9663
116.317 39.9662
116.312 39.9744
116.312 39.9744
116.311 39.9801
116.319 39.9764
116.313 39.9694
116.315 39.9659
116.317 39.9553
116.318 39.9502
116.318 39.9498
116.317 39.9547
116.318 39.9484
116.32 39.9354
116.323 39.9333
116.328 39.9311
116.329 39.9175
116.329 39.9093
116.337 39.9049
116.337 39.9025
116.332 39.8812
116.332 39.8812
116.332 39.8812
116.332 39.8812
116.332 39.8812
116.332 39.8812
116.332 39.8812
116.332 39.8812
116.332 39.8812
116.332 39.8812
116.332 39.8812
116.332 39.8812
116.326 39.8833
116.323 39.8832
116.329 39.8886
116.337 39.8884
116.354 39.8879
116.36 39.8878
116.368 39.8776
116.368 39.8776
116.376 39.8781
116.375 39.8802
116.384 39.8881
116.392 39.8899
116.412 39.8916
116.412 39.8916
116.413 39.893
116.412 39.9054
116.412 39.9064
116.411 39.9183
116.411 39.9222
116.411 39.9294
116.411 39.9269
116.411 39.9233
116.413 39.9229
116.42 39.918
116.419 39.9156
116.412 39.9113
116.412 39.91
116.412 39.9031
116.412 39.9031
116.412 39.901
116.412 39.901
116.412 39.8953
116.413 39.8861
116.414 39.8838
116.423 39.8695
116.421 39.8605
116.421 39.8627
116.421 39.8627
116.42 39.8627
116.42 39.8627
116.42 39.8628
116.42 39.8628
116.42 39.8628
116.42 39.8628
116.42 39.8628
116.432 39.8693
116.438 39.8712
116.45 39.8794
116.45 39.8801
116.434 39.8859
116.434 39.889
116.432 39.8985
116.43 39.8995
116.428 39.9393
116.402 39.952
116.402 39.9566
116.401 39.9793
116.409 40.0014
116.411 40.0028
116.412 40.0297
116.412 40.0297
116.412 40.0309
116.406 40.0492
116.41 40.055
116.41 40.0689
116.41 40.0652
116.408 40.0568
116.407 40.0637
116.408 40.0767
116.408 40.0778
116.405 40.0761
116.405 40.0761
116.406 40.068
116.407 40.0677
116.407 40.0573
116.408 40.0549
116.407 40.0418
116.41 40.0344
116.41 40.0085
116.41 40.006
116.411 39.9873
116.402 39.9939
116.402 39.9968
116.407 39.9981
116.347 39.9746
116.347 39.9644
116.347 39.9619
116.348 39.9575
116.349 39.951
116.35 39.9486
116.35 39.946
116.349 39.941
116.347 39.9362
116.343 39.9315
116.34 39.9312
116.34 39.9312
116.337 39.9362
116.318 39.9377
116.296 39.944
116.288 39.9477
116.29 39.9292
116.29 39.9173
116.296 39.9112
116.296 39.9082
116.29 39.9063
116.289 39.9064
116.289 39.8985
116.289 39.8788
116.293 39.8783
116.307 39.8846
116.318 39.8884
116.329 39.8879
116.33 39.8816
116.332 39.8809
116.332 39.881
116.332 39.881
116.332 39.881
116.332 39.881
116.332 39.881
116.332 39.881
116.332 39.881
116.332 39.881
116.332 39.881
116.332 39.881
116.332 39.881
116.332 39.881
116.332 39.881
116.332 39.881
116.332 39.881
116.332 39.881
116.332 39.881
116.332 39.881
116.332 39.881
116.332 39.881
116.332 39.881
116.332 39.881
116.332 39.881
116.332 39.881
116.332 39.881
116.332 39.881
116.332 39.881
116.332 39.881
116.332 39.881
116.332 39.881
116.332 39.881
116.332 39.881
116.332 39.881
116.332 39.881
116.332 39.881
116.332 39.881
116.332 39.881
116.332 39.881
116.332 39.881
116.332 39.881
116.332 39.881
116.332 39.881
116.332 39.881
116.332 39.881
116.332 39.881
116.332 39.881
116.332 39.881
116.332 39.8811
116.332 39.8811
116.332 39.8811
116.332 39.8811
116.332 39.8811
116.332 39.8811
116.332 39.8811
116.332 39.8811
116.331 39.8815
116.32 39.885
116.317 39.8921
116.316 39.892
116.316 39.892
116.316 39.892
116.322 39.8886
116.358 39.8878
116.37 39.8878
116.412 39.8889
116.402 39.8869
116.395 39.8908
116.387 39.899
116.389 39.8987
116.389 39.8892
116.369 39.888
116.368 39.882
116.368 39.8791
116.361 39.8825
116.358 39.8853
116.357 39.8974
116.35 39.9062
116.35 39.9378
116.373 39.9492
116.389 39.967
116.388 39.9787
116.381 39.9912
116.381 39.9927
116.387 39.9779
116.401 39.9755
116.401 39.9656
116.398 39.9611
116.396 39.9654
116.396 39.9654
116.399 39.9601
116.401 39.9559
116.401 39.9559
116.402 39.9518
116.386 39.9477
116.36 39.9454
116.349 39.9315
116.349 39.9291
116.343 39.9267
116.347 39.9226
116.347 39.9175
116.339 39.9221
116.339 39.9221
116.32 39.9262
116.32 39.9314
116.323 39.937
116.327 39.9315
116.328 39.9222
116.331 39.9215
116.339 39.9144
116.339 39.9125
116.347 39.9113
116.346 39.9066
116.347 39.8996
116.347 39.8952
116.347 39.8952
116.347 39.8829
116.353 39.882
116.348 39.8821
116.344 39.8772
116.344 39.8763
116.333 39.8669
116.322 39.8669
116.311 39.8668
116.311 39.8668
116.309 39.8669
116.306 39.875
116.311 39.8789
116.318 39.8832
116.32 39.8831
116.33 39.8832
116.332 39.881
116.332 39.8813
116.332 39.8813
116.332 39.8813
116.332 39.8813
116.332 39.8813
116.332 39.8813
116.332 39.8813
116.332 39.8813
116.332 39.8813
116.332 39.8813
116.332 39.8813
116.332 39.8813
116.332 39.8813
116.332 39.8813
116.332 39.8813
116.332 39.8813
116.332 39.8813
116.33 39.8882
116.351 39.888
116.36 39.8878
116.374 39.8879
116.378 39.888
116.377 39.8892
116.378 39.889
116.398 39.8911
116.405 39.8914
116.406 39.8981
116.406 39.8984
116.406 39.8991
116.406 39.8991
116.406 39.9002
116.406 39.901
116.405 39.9063
116.405 39.9064
116.409 39.9086
116.411 39.9091
116.412 39.9027
116.412 39.9027
116.412 39.9027
116.412 39.9027
116.412 39.9009
116.412 39.9005
116.413 39.891
116.413 39.8856
116.413 39.8856
116.415 39.8729
116.411 39.872
116.393 39.8613
116.393 39.8605
116.383 39.8595
116.383 39.8595
116.381 39.8594
116.381 39.8629
116.414 39.8697
116.427 39.8694
116.435 39.8978
116.435 39.8978
116.43 39.9014
116.437 39.9068
116.443 39.9068
116.455 39.9018
116.455 39.896
116.432 39.8997
116.42 39.8993
116.421 39.9049
116.42 39.9036
116.414 39.9005
116.414 39.9001
116.412 39.8991
116.412 39.898
116.413 39.892
116.417 39.8918
116.449 39.892
116.453 39.8919
116.456 39.8845
116.455 39.8851
116.408 39.8597
116.408 39.8597
116.408 39.861
116.407 39.8663
116.41 39.8704
116.439 39.8825
116.438 39.8912
116.429 39.9104
116.428 39.9203
116.429 39.9583
116.423 39.9581
116.419 39.9507
116.419 39.9489
116.379 39.9476
116.365 39.9472
116.344 39.9387
116.327 39.9348
116.327 39.9314
116.328 39.9223
116.332 39.9217
116.341 39.9219
116.347 39.9178
116.347 39.9167
116.346 39.9093
116.347 39.9007
116.347 39.9005
116.357 39.8974
116.357 39.8924
116.357 39.8892
116.357 39.8892
116.357 39.8886
116.357 39.8884
116.365 39.8878
116.367 39.8877
116.367 39.8876
116.367 39.8876
116.369 39.8956
116.369 39.8963
116.378 39.8914
116.378 39.8889
116.381 39.8813
116.382 39.8791
116.374 39.8774
116.373 39.8774
116.365 39.8772
116.36 39.877
116.344 39.8763
116.344 39.8763
116.343 39.8719
116.325 39.8668
116.313 39.8667
116.305 39.8569
116.302 39.8568
116.288 39.8528
116.287 39.849
116.288 39.854
116.29 39.8564
116.311 39.8663
116.322 39.8667
116.331 39.8725
116.331 39.8728
116.336 39.8766
116.332 39.881
116.332 39.8811
116.332 39.8812
116.332 39.8812
116.332 39.8812
116.332 39.8812
116.332 39.8812
116.332 39.8812
116.332 39.8812
116.332 39.8812
116.332 39.8812
116.332 39.8812
116.332 39.8812
116.332 39.8812
116.332 39.8812
116.332 39.8812
116.332 39.8812
116.332 39.8812
116.332 39.8812
116.332 39.8812
116.332 39.8812
116.332 39.8812
116.332 39.8812
116.332 39.8812
116.332 39.8811
116.332 39.8811
116.332 39.8811
116.332 39.8811
116.332 39.8811
116.332 39.8811
116.331 39.8834
116.353 39.888
116.357 39.888
116.358 39.8978
116.365 39.8981
116.368 39.8887
116.368 39.8817
116.368 39.8672
116.365 39.8537
116.365 39.8537
116.374 39.8556
116.401 39.8556
116.415 39.8752
116.414 39.8853
116.417 39.9021
116.42 39.9037
116.412 39.8997
116.412 39.8945
116.428 39.8608
116.428 39.8608
116.428 39.8608
116.428 39.8608
116.426 39.86
116.42 39.8622
116.415 39.8822
116.415 39.8822
116.413 39.8893
116.417 39.9021
116.418 39.9032
116.417 39.9025
116.413 39.8999
116.412 39.8949
116.413 39.8894
116.394 39.8854
116.394 39.8901
116.401 39.8888
116.401 39.8876
116.401 39.8876
116.401 39.8907
116.406 39.899
116.405 39.9049
116.405 39.9088
116.407 39.9139
116.405 39.906
116.41 39.9008
116.412 39.8973
116.408 39.8916
116.384 39.8884
116.374 39.888
116.368 39.8822
116.368 39.8699
116.368 39.866
116.365 39.85
116.374 39.8487
116.373 39.8392
116.373 39.839
116.373 39.839
116.365 39.8459
116.365 39.849
116.359 39.8463
116.352 39.8446
116.351 39.8447
116.34 39.8449
116.309 39.8592
116.304 39.8947
116.314 39.8953
116.319 39.8955
116.322 39.8921
116.315 39.8884
116.307 39.8848
116.301 39.8806
116.3 39.8814
116.319 39.8885
116.319 39.8885
116.33 39.8855
116.332 39.881
116.332 39.881
116.332 39.8813
116.332 39.8813
116.332 39.8813
116.332 39.8813
116.332 39.8813
116.332 39.8813
116.332 39.8813
116.332 39.8813
116.332 39.8813
116.332 39.8813
116.332 39.8814
116.33 39.8858
116.337 39.8909
116.336 39.8956
116.336 39.8978
116.344 39.9009
116.347 39.899
116.347 39.8968
116.347 39.8968
116.347 39.89
116.345 39.8884
116.345 39.8884
116.341 39.888
116.346 39.8879
116.353 39.8819
116.353 39.8857
116.35 39.8894
116.351 39.8946
116.347 39.8947
116.347 39.8885
116.352 39.8878
116.353 39.8831
116.351 39.8848
116.353 39.8871
116.355 39.8879
116.357 39.8879
116.357 39.8895
116.361 39.8981
116.368 39.8959
116.368 39.8884
116.368 39.8884
116.361 39.883
116.36 39.8853
116.358 39.8866
116.357 39.8871
116.353 39.8881
116.335 39.8888
116.33 39.8815
116.326 39.8832
116.336 39.8864
116.334 39.8821
116.334 39.8821
116.329 39.8833
116.342 39.8867
116.343 39.8704
116.385 39.8699
116.393 39.8643
116.404 39.8554
116.408 39.8555
116.408 39.8555
116.408 39.8634
116.409 39.8639
116.401 39.8606
116.395 39.864
116.407 39.8638
116.411 39.864
116.414 39.864
116.414 39.864
116.414 39.8641
116.414 39.8845
116.413 39.8905
116.413 39.8946
116.412 39.8952
116.413 39.8864
116.414 39.8828
116.409 39.8719
116.39 39.8704
116.394 39.8659
116.396 39.8656
116.393 39.8812
116.392 39.8861
116.387 39.8847
116.38 39.8821
116.373 39.8774
116.37 39.8773
116.358 39.8576
116.359 39.8603
116.359 39.8653
116.361 39.8641
116.359 39.8589
116.359 39.8509
116.359 39.8509
116.359 39.8458
116.359 39.8515
116.36 39.864
116.362 39.8651
116.358 39.8684
116.358 39.8711
116.358 39.8744
116.358 39.8775
116.358 39.8775
116.358 39.881
116.358 39.8849
116.357 39.8875
116.357 39.8875
116.357 39.8966
116.357 39.8975
116.351 39.904
116.351 39.9095
116.351 39.9092
116.351 39.9089
116.352 39.9081
116.353 39.9069
116.357 39.9067
116.35 39.9068
116.336 39.8964
116.286 39.896
116.286 39.896
116.275 39.896
116.26 39.8959
116.256 39.8914
116.255 39.8903
116.27 39.8799
116.272 39.8718
116.277 39.8588
116.277 39.8554
116.277 39.8531
116.277 39.8541
116.283 39.8605
116.284 39.8642
116.293 39.865
116.302 39.8655
116.325 39.8667
116.329 39.8667
116.331 39.8751
116.331 39.8814
116.332 39.8811
116.332 39.8812
116.332 39.8812
116.332 39.8812
116.332 39.8812
116.332 39.8812
116.332 39.8812
116.332 39.8812
116.332 39.8812
116.332 39.8812
116.332 39.8812
116.332 39.8812
116.332 39.8812
116.332 39.8812
116.332 39.8812
116.332 39.8812
116.332 39.8812
116.332 39.8812
116.332 39.8812
116.332 39.8812
116.332 39.8812
116.332 39.8812
116.332 39.8812
116.332 39.8812
116.332 39.8809
116.332 39.881
116.332 39.881
116.332 39.881
116.332 39.881
116.332 39.881
116.332 39.881
116.332 39.881
116.332 39.8812
116.321 39.8833
116.308 39.8853
116.301 39.8804
116.31 39.8858
116.316 39.8921
116.316 39.8921
116.316 39.8921
116.315 39.8902
116.279 39.8767
116.277 39.8587
116.278 39.8454
116.288 39.8502
116.291 39.8565
116.305 39.8567
116.311 39.857
116.306 39.8702
116.309 39.8761
116.315 39.8829
116.32 39.8804
116.32 39.8854
116.32 39.8854
116.32 39.8854
116.32 39.8854
116.32 39.8854
116.32 39.8854
116.32 39.8854
116.32 39.8854
116.32 39.8854
116.32 39.8854
116.32 39.8854
116.32 39.8854
116.32 39.8854
116.32 39.8854
116.32 39.8853
116.32 39.8853
116.32 39.8853
116.528 40.005
116.32 39.8853
116.32 39.8853
116.323 39.8923
116.329 39.9073
116.329 39.9194
116.338 39.9218
116.342 39.9171
116.346 39.9071
116.35 39.9019
116.357 39.8975
116.357 39.8864
116.358 39.8733
116.358 39.8692
116.358 39.8589
116.359 39.8449
116.353 39.8482
116.359 39.8511
116.358 39.8654
116.358 39.8683
116.361 39.8768
116.357 39.8806
116.37 39.8688
116.378 39.8596
116.379 39.8621
116.382 39.8719
116.368 39.8772
116.364 39.8819
116.357 39.8871
116.338 39.8885
116.332 39.8812
116.332 39.8814
116.32 39.8857
116.323 39.8886
116.336 39.8785
116.332 39.8762
116.332 39.8762
116.332 39.8762
116.332 39.8762
116.332 39.8762
116.331 39.8767
116.353 39.8879
116.377 39.888
116.379 39.888
116.416 39.8918
116.42 39.9173
116.411 39.9221
116.411 39.9178
116.411 39.9178
116.412 39.9053
116.412 39.9006
116.414 39.8833
116.414 39.8832
116.416 39.8567
116.42 39.8565
116.444 39.8573
116.447 39.8547
116.448 39.8529
116.448 39.8529
116.446 39.8569
116.428 39.8576
116.426 39.86
116.421 39.8645
116.421 39.8644
116.412 39.8698
116.394 39.8704
116.381 39.8638
116.382 39.864
116.382 39.8714
116.376 39.882
116.362 39.882
116.368 39.8877
116.378 39.8879
116.377 39.882
116.376 39.882
116.377 39.8822
116.379 39.8839
116.368 39.8922
116.378 39.8946
116.378 39.8915
116.36 39.8853
116.358 39.8853
116.357 39.8949
116.363 39.9059
116.41 39.9068
116.428 39.907
116.43 39.9019
116.446 39.9024
116.471 39.888
116.45 39.8824
116.45 39.8827
116.392 39.8899
116.378 39.8882
116.352 39.8881
116.3 39.8959
116.218 39.8961
116.215 39.901
116.221 39.9026
116.223 39.901
116.201 39.9062
116.179 39.9104
116.181 39.9064
116.207 39.9061
116.229 39.9061
116.23 39.902
116.237 39.9026
116.246 39.9027
116.259 39.9028
116.304 39.8947
116.314 39.8829
116.32 39.8858
116.343 39.8793
116.343 39.8793
116.358 39.8673
116.358 39.8645
116.357 39.8577
116.357 39.8577
116.357 39.8577
116.361 39.8688
116.361 39.8688
116.331 39.8756
116.319 39.8854
116.331 39.8813
116.332 39.881
116.332 39.8811
116.332 39.8811
116.332 39.8811
116.332 39.8811
116.332 39.8811
116.332 39.8811
116.332 39.8811
116.332 39.8811
116.332 39.8811
116.332 39.8811
116.332 39.8811
116.332 39.8811
116.332 39.8811
116.332 39.8811
116.332 39.8811
116.332 39.8811
116.332 39.8811
116.332 39.8811
116.332 39.8811
116.332 39.8811
116.332 39.8811
116.332 39.8811
116.332 39.8811
116.333 39.8812
116.333 39.8812
116.333 39.8812
116.333 39.8812
116.333 39.8812
116.333 39.8812
116.333 39.8812
116.333 39.8812
116.332 39.8812
116.33 39.882
116.335 39.8867
116.336 39.8825
116.286 39.8959
116.269 39.897
116.259 39.926
116.283 39.9228
116.298 39.9226
116.304 39.943
116.303 39.9566
116.325 39.9664
116.326 39.9724
116.496 39.9994
116.577 40.0452
116.584 40.0767
116.584 40.0796
116.582 40.067
116.572 40.0632
116.553 40.0632
116.352 39.943
116.35 39.9121
116.328 39.896
116.316 39.8954
116.315 39.8885
116.341 39.8882
116.348 39.897
116.351 39.9016
116.471 39.9067
116.504 39.9074
116.475 39.907
116.475 39.907
116.463 39.9071
116.438 39.9072
116.358 39.9059
116.352 39.9059
116.308 39.9063
116.297 39.8866
116.331 39.8884
116.331 39.8736
116.367 39.8687
116.378 39.8695
116.407 39.8712
116.387 39.8805
116.369 39.8819
116.353 39.8825
116.357 39.8875
116.375 39.8878
116.375 39.8878
116.429 39.9196
116.428 39.9278
116.434 39.9348
116.434 39.9348
116.42 39.928
116.412 39.9141
116.411 39.8974
116.413 39.8861
116.414 39.8828
116.415 39.8739
116.415 39.8744
116.412 39.8956
116.404 39.8708
116.394 39.8704
116.381 39.8594
116.383 39.8592
116.381 39.8769
116.379 39.8819
116.379 39.8842
116.379 39.8871
116.379 39.8871
116.362 39.877
116.358 39.8769
116.337 39.8967
116.341 39.8964
116.367 39.8983
116.385 39.8989
116.389 39.8894
116.388 39.8891
116.38 39.8883
116.379 39.8883
116.358 39.8882
116.354 39.8882
116.327 39.896
116.327 39.896
116.278 39.896
116.272 39.8956
116.296 39.8884
116.319 39.8886
116.33 39.8832
116.332 39.881
116.332 39.881
116.332 39.881
116.332 39.881
116.332 39.881
116.332 39.881
116.332 39.881
116.332 39.881
116.332 39.881
116.332 39.881
116.332 39.881
116.332 39.881
116.332 39.881
116.332 39.881
116.332 39.881
116.332 39.881
116.332 39.881
116.332 39.881
116.332 39.881
116.332 39.881
116.332 39.881
116.332 39.881
116.332 39.881
116.326 39.881
116.326 39.881
116.332 39.8808
116.332 39.8808
116.332 39.8808
116.332 39.8808
116.332 39.8808
116.332 39.8809
116.332 39.8809
116.332 39.8809
116.332 39.8809
116.332 39.8809
116.332 39.8809
116.332 39.8811
116.321 39.8833
116.32 39.8912
116.336 39.8961
116.337 39.9016
116.343 39.9081
116.346 39.9062
116.346 39.9051
116.346 39.9051
116.347 39.8982
116.347 39.8912
116.347 39.8755
116.347 39.8817
116.357 39.8909
116.357 39.8885
116.357 39.8885
116.353 39.8821
116.353 39.8867
116.343 39.8967
116.304 39.9248
116.304 39.9466
116.293 39.9733
116.28 39.9729
116.281 39.9658
116.278 39.9602
116.278 39.9538
116.282 39.948
116.283 39.9457
116.298 39.9368
116.295 39.9285
116.306 39.9269
116.306 39.9269
116.314 39.9269
116.305 39.9233
116.301 39.8959
116.296 39.8997
116.306 39.905
116.311 39.9006
116.32 39.8983
116.323 39.8999
116.328 39.9124
116.332 39.917
116.338 39.9231
116.338 39.9308
116.342 39.9357
116.343 39.9382
116.342 39.938
116.353 39.9433
116.39 39.9475
116.402 39.9489
116.406 39.9577
116.412 39.9579
116.428 39.9561
116.428 39.9511
116.426 39.9583
116.419 39.958
116.414 39.9527
116.413 39.9514
116.412 39.9499
116.407 39.948
116.388 39.9451
116.388 39.94
116.39 39.933
116.382 39.9319
116.382 39.9319
116.371 39.9264
116.371 39.9199
116.375 39.9112
116.375 39.9113
116.375 39.911
116.406 39.8961
116.413 39.8952
116.414 39.8847
116.438 39.8572
116.438 39.8572
116.434 39.8446
116.433 39.845
116.431 39.8578
116.43 39.8577
116.417 39.864
116.417 39.864
116.371 39.8559
116.368 39.8558
116.36 39.8387
116.361 39.8387
116.359 39.8443
116.358 39.8672
116.358 39.8672
116.358 39.8751
116.358 39.8754
116.365 39.8777
116.365 39.8785
116.359 39.8851
116.359 39.8851
116.367 39.8877
116.367 39.8877
116.369 39.8941
116.369 39.8941
116.369 39.8941
116.374 39.8985
116.376 39.8986
116.388 39.8916
116.388 39.8905
116.382 39.8884
116.382 39.8884
116.382 39.8884
116.379 39.8883
116.379 39.8883
116.379 39.8883
