116.526 39.8604
116.526 39.8603
116.526 39.8604
116.525 39.8652
116.519 39.8689
116.496 39.8698
116.494 39.8668
116.495 39.8662
116.495 39.8733
116.486 39.8747
116.483 39.877
116.475 39.8781
116.467 39.8832
116.46 39.8831
116.46 39.8831
116.456 39.9003
116.448 39.9072
116.422 39.9072
116.415 39.9143
116.421 39.9076
116.426 39.9036
116.426 39.9036
116.438 39.8923
116.439 39.8745
116.415 39.8699
116.391 39.8704
116.391 39.8704
116.394 39.8589
116.394 39.8535
116.397 39.8498
116.398 39.8487
116.4 39.8556
116.425 39.8571
116.452 39.8642
116.455 39.8804
116.456 39.8954
116.462 39.8991
116.47 39.8992
116.48 39.8993
116.481 39.8976
116.476 39.8992
116.472 39.9034
116.472 39.908
116.472 39.9177
116.472 39.9181
116.472 39.9181
116.472 39.9128
116.472 39.9077
116.463 39.907
116.455 39.9072
116.454 39.9037
116.452 39.9093
116.451 39.9105
116.452 39.9119
116.453 39.9144
116.457 39.912
116.464 39.9084
116.466 39.909
116.466 39.9093
116.465 39.9081
116.458 39.9121
116.44 39.9157
116.44 39.9183
116.432 39.921
116.433 39.9225
116.434 39.9227
116.448 39.9197
116.451 39.9174
116.455 39.9128
116.455 39.9128
116.455 39.9128
116.455 39.9128
116.455 39.9128
116.455 39.9128
116.46 39.9123
116.462 39.912
116.464 39.9124
116.47 39.9092
116.47 39.909
116.472 39.9077
116.471 39.9058
116.471 39.9058
116.47 39.9054
116.47 39.9057
116.47 39.9054
116.469 39.9067
116.471 39.9066
116.471 39.8994
116.472 39.8995
116.48 39.8972
116.48 39.8978
116.483 39.8879
116.483 39.8865
116.471 39.8822
116.471 39.8811
116.462 39.8749
116.46 39.8749
116.45 39.8774
116.45 39.8798
116.439 39.8879
116.439 39.8922
116.439 39.8922
116.454 39.892
116.459 39.892
116.47 39.8831
116.462 39.8829
116.461 39.8757
116.461 39.8757
116.462 39.875
116.456 39.87
116.455 39.8701
116.445 39.8781
116.445 39.8803
116.455 39.8801
116.455 39.8767
116.446 39.8749
116.445 39.8749
116.448 39.8805
116.45 39.8812
116.45 39.882
116.455 39.881
116.455 39.881
116.453 39.8802
116.45 39.8809
116.45 39.881
116.447 39.8824
116.435 39.8822
116.429 39.8793
116.428 39.8808
116.415 39.883
116.413 39.8856
116.397 39.8862
116.396 39.8859
116.388 39.8849
116.383 39.8849
116.379 39.8862
116.379 39.8867
116.378 39.8876
116.378 39.8876
116.374 39.888
116.371 39.888
116.369 39.888
116.365 39.888
116.357 39.8937
116.357 39.8969
116.357 39.897
116.357 39.8974
116.353 39.898
116.308 39.8959
116.304 39.923
116.304 39.93
116.304 39.9305
116.298 39.9363
116.296 39.9316
116.295 39.9279
116.28 39.923
116.278 39.923
116.259 39.9234
116.259 39.9201
116.259 39.9078
116.259 39.9068
116.267 39.9062
116.274 39.906
116.276 39.906
116.277 39.9006
116.277 39.8996
116.288 39.8991
116.288 39.8991
116.288 39.899
116.29 39.8998
116.296 39.9039
116.298 39.9061
116.306 39.9068
116.304 39.9156
116.313 39.9223
116.322 39.9219
116.328 39.9172
116.328 39.9172
116.333 39.9145
116.338 39.9171
116.339 39.917
116.329 39.92
116.328 39.9273
116.32 39.9336
116.32 39.9371
116.313 39.9381
116.292 39.9453
116.279 39.9485
116.275 39.9516
116.278 39.9487
116.297 39.9435
116.298 39.9353
116.296 39.9312
116.321 39.9312
116.337 39.9311
116.348 39.9311
116.35 39.9207
116.353 39.9141
116.353 39.9073
116.349 39.9059
116.335 39.9063
116.313 39.9063
116.302 39.9072
116.304 39.9004
116.304 39.9004
116.304 39.8894
116.304 39.8849
116.309 39.8854
116.314 39.8877
116.32 39.8851
116.321 39.8784
116.329 39.8743
116.326 39.8741
116.331 39.876
116.329 39.8834
116.32 39.8873
116.314 39.8877
116.304 39.896
116.306 39.9065
116.297 39.9063
116.287 39.9063
116.278 39.9063
116.268 39.9041
116.268 39.8999
116.272 39.899
116.277 39.899
116.288 39.899
116.294 39.8998
116.294 39.8998
116.298 39.906
116.309 39.9061
116.314 39.8992
116.321 39.8989
116.34 39.8965
116.365 39.8983
116.368 39.8984
116.383 39.8988
116.393 39.8987
116.405 39.8995
116.412 39.8996
116.417 39.898
116.419 39.8976
116.429 39.8962
116.434 39.8882
116.44 39.8833
116.446 39.8921
116.455 39.892
116.456 39.9043
116.466 39.9068
116.483 39.8918
116.5 39.8918
116.514 39.8909
116.508 39.8919
116.508 39.8919
116.484 39.892
116.465 39.892
116.455 39.8873
116.452 39.8645
116.427 39.847
116.426 39.8547
116.436 39.8565
116.442 39.8576
116.444 39.8581
116.469 39.8665
116.471 39.8681
116.462 39.8749
116.462 39.877
116.471 39.876
116.471 39.872
116.495 39.8696
116.504 39.8693
116.526 39.8604
116.526 39.8605
116.526 39.8604
116.526 39.8604
116.526 39.8604
116.526 39.8604
116.526 39.8604
116.526 39.8604
116.526 39.8604
116.526 39.8604
116.526 39.8604
116.526 39.8604
116.526 39.8604
116.526 39.8604
116.526 39.8604
116.526 39.8604
116.526 39.8604
116.526 39.8604
116.526 39.8604
116.526 39.8604
116.526 39.8604
116.526 39.8604
116.526 39.8604
116.526 39.8604
116.526 39.8604
116.526 39.8632
116.509 39.8693
116.508 39.8694
116.484 39.8758
116.484 39.8758
116.484 39.8765
116.484 39.8765
116.479 39.892
116.478 39.892
116.456 39.904
116.456 39.9043
116.471 39.9057
116.471 39.9057
116.469 39.906
116.469 39.906
116.457 39.9033
116.456 39.9033
116.455 39.8924
116.455 39.8916
116.455 39.8832
116.455 39.883
116.45 39.8819
116.45 39.8819
116.455 39.8945
116.456 39.8954
116.456 39.912
116.447 39.9152
116.447 39.9148
116.455 39.9219
116.455 39.9219
116.477 39.9216
116.478 39.9216
116.511 39.922
116.511 39.922
116.507 39.9221
116.507 39.9221
116.501 39.922
116.5 39.922
116.512 39.9171
116.512 39.9166
116.512 39.9156
116.511 39.9153
116.51 39.9152
116.491 39.9145
116.491 39.9145
116.491 39.9144
116.491 39.9144
116.484 39.9261
116.484 39.9272
116.471 39.9647
116.419 39.9876
116.419 39.9876
116.418 39.9875
116.418 39.9875
116.373 39.9864
116.372 39.9864
116.366 39.9763
116.366 39.9762
116.365 39.9754
116.36 39.9762
116.36 39.9762
116.364 39.9736
116.364 39.9724
116.364 39.9606
116.364 39.9606
116.364 39.9599
116.364 39.9597
116.365 39.9522
116.365 39.9522
116.365 39.9502
116.365 39.9502
116.366 39.9481
116.366 39.9482
116.366 39.9404
116.366 39.9402
116.362 39.9329
116.362 39.9323
116.358 39.9199
116.357 39.9116
116.357 39.9034
116.357 39.9031
116.357 39.8993
116.357 39.8993
116.357 39.8987
116.357 39.8984
116.357 39.8885
116.357 39.8885
116.358 39.8794
116.358 39.8794
116.361 39.8849
116.361 39.8851
116.357 39.887
116.357 39.887
116.352 39.8881
116.351 39.8881
116.328 39.8959
116.328 39.8959
116.328 39.8959
116.306 39.8959
116.305 39.8961
116.304 39.9197
116.304 39.9203
116.304 39.9516
116.303 39.9529
116.293 39.9875
116.293 39.9888
116.278 40.0178
116.278 40.0181
116.266 40.0322
116.25 40.0514
116.25 40.0513
116.238 40.072
116.238 40.0719
116.249 40.0754
116.25 40.0758
116.284 40.0771
116.284 40.0761
116.3 40.0489
116.301 40.0481
116.303 40.0409
116.303 40.041
116.303 40.041
116.303 40.041
116.307 40.0281
116.307 40.0281
116.312 40.0051
116.311 40.0048
116.299 39.9884
116.299 39.9874
116.301 39.9658
116.301 39.9656
116.297 39.9587
116.295 39.9584
116.284 39.9565
116.284 39.9564
116.273 39.9528
116.282 39.946
116.282 39.9453
116.28 39.9309
116.279 39.931
116.297 39.9311
116.299 39.9311
116.328 39.9309
116.328 39.9303
116.328 39.9303
116.327 39.929
116.327 39.929
116.328 39.929
116.33 39.917
116.331 39.917
116.35 39.9171
116.35 39.9171
116.35 39.934
116.35 39.9345
116.383 39.9475
116.385 39.9475
116.402 39.9406
116.405 39.9319
116.406 39.932
116.417 39.9321
116.417 39.9321
116.426 39.9321
116.428 39.9393
116.441 39.9498
116.46 39.9671
116.45 39.9793
116.45 39.9793
116.451 39.9879
116.451 39.9943
116.452 39.9956
116.459 39.9876
116.469 39.9811
116.471 39.9719
116.465 39.9642
116.462 39.9545
116.462 39.9475
116.463 39.9475
116.462 39.9491
116.453 39.9476
116.448 39.9448
116.446 39.9399
116.446 39.9399
116.444 39.9352
116.444 39.9398
116.455 39.94
116.465 39.9509
116.471 39.9514
116.463 39.9504
116.457 39.9485
116.449 39.9449
116.449 39.9448
116.444 39.9348
116.429 39.9235
116.428 39.9363
116.428 39.9433
116.429 39.9589
116.431 39.9616
116.434 39.9641
116.434 39.9486
116.437 39.9463
116.438 39.9402
116.442 39.9397
116.444 39.9352
116.443 39.9352
116.438 39.9333
116.437 39.9293
116.434 39.9252
116.435 39.9221
116.435 39.9219
116.435 39.9217
116.435 39.9151
116.435 39.9079
116.407 39.9067
116.387 39.9061
116.38 39.9059
116.359 39.9059
116.339 39.906
116.216 39.9062
116.198 39.9062
116.173 39.9061
116.158 39.9163
116.158 39.9163
116.149 39.9229
116.13 39.9281
116.118 39.9372
116.107 39.9315
116.104 39.9289
116.106 39.9332
116.125 39.9364
116.132 39.9273
116.149 39.9228
116.158 39.9164
116.171 39.9059
116.187 39.9061
116.209 39.9061
116.217 39.9061
116.233 39.9061
116.249 39.9061
116.268 39.9035
116.268 39.8991
116.279 39.899
116.289 39.899
116.296 39.9003
116.296 39.9003
116.306 39.9061
116.315 39.8992
116.321 39.8984
116.334 39.896
116.336 39.901
116.35 39.8987
116.357 39.8939
116.361 39.8878
116.37 39.8878
116.379 39.8847
116.392 39.8851
116.432 39.883
116.455 39.8711
116.462 39.8749
116.471 39.878
116.478 39.8829
116.482 39.8824
116.483 39.8811
116.483 39.8782
116.491 39.8697
116.525 39.866
116.526 39.8604
116.526 39.8604
116.526 39.8605
116.526 39.863
116.508 39.8694
116.507 39.8694
116.484 39.8908
116.484 39.8908
116.472 39.9011
116.472 39.9012
116.471 39.9066
116.472 39.9065
116.468 39.9061
116.468 39.9061
116.442 39.9073
116.431 39.9074
116.431 39.9074
116.427 39.907
116.427 39.907
116.433 39.9227
116.435 39.9229
116.434 39.9228
116.428 39.9191
116.428 39.9141
116.415 39.9069
116.409 39.907
116.408 39.9075
116.408 39.9073
116.408 39.9091
116.412 39.9075
116.41 39.9059
116.419 39.907
116.434 39.9071
116.452 39.9112
116.454 39.9183
116.455 39.918
116.455 39.918
116.455 39.9206
116.456 39.9198
116.452 39.9143
116.444 39.9151
116.444 39.9102
116.444 39.9081
116.444 39.9081
116.455 39.9048
116.455 39.8938
116.463 39.892
116.465 39.8921
116.465 39.892
116.464 39.8921
116.456 39.8939
116.456 39.9097
116.456 39.9174
116.452 39.9189
116.445 39.9217
116.443 39.9218
116.435 39.9227
116.431 39.9227
116.428 39.9282
116.428 39.9326
116.428 39.9232
116.428 39.92
116.421 39.9143
116.412 39.9145
116.407 39.9129
116.408 39.9143
116.398 39.9138
116.397 39.9073
116.39 39.9043
116.378 39.8988
116.378 39.8988
116.371 39.8985
116.369 39.8985
116.363 39.8982
116.359 39.8981
116.352 39.8979
116.323 39.8959
116.32 39.8959
116.315 39.8967
116.315 39.906
116.326 39.9078
116.328 39.9078
116.328 39.9123
116.328 39.9153
116.348 39.9171
116.35 39.9171
116.354 39.9126
116.354 39.9126
116.352 39.9098
116.352 39.9098
116.352 39.9096
116.354 39.9115
116.356 39.9127
116.359 39.9168
116.359 39.9167
116.358 39.9168
116.358 39.9166
116.359 39.917
116.361 39.9282
116.362 39.9302
116.362 39.9367
116.362 39.938
116.362 39.939
116.362 39.9391
116.359 39.9392
116.354 39.9392
116.343 39.9462
116.34 39.9579
116.34 39.957
116.349 39.9507
116.349 39.9413
116.349 39.9407
116.349 39.938
116.349 39.9367
116.35 39.9299
116.35 39.9257
116.35 39.9241
116.35 39.9207
116.35 39.9183
116.35 39.9147
116.35 39.9122
116.345 39.8999
116.34 39.8995
116.337 39.9016
116.339 39.9017
116.351 39.9025
116.351 39.9064
116.352 39.9059
116.35 39.8983
116.346 39.8971
116.347 39.9017
116.353 39.9094
116.353 39.9076
116.353 39.9075
116.353 39.9076
116.353 39.9076
116.353 39.9076
116.353 39.9076
116.353 39.9074
116.353 39.906
116.314 39.9062
116.289 39.9064
116.289 39.9084
116.3 39.9118
116.3 39.9118
116.329 39.9096
116.336 39.9126
116.324 39.9096
116.319 39.9097
116.296 39.9104
116.295 39.909
116.296 39.9082
116.296 39.9112
116.279 39.9183
116.278 39.9184
116.269 39.9304
116.269 39.935
116.282 39.941
116.284 39.941
116.295 39.9268
116.299 39.9268
116.315 39.9271
116.319 39.927
116.347 39.9174
116.347 39.9175
116.34 39.9174
116.344 39.9171
116.349 39.9125
116.349 39.9125
116.353 39.9099
116.353 39.9084
116.365 39.9059
116.361 39.9061
116.351 39.909
116.351 39.9133
116.356 39.944
116.364 39.9467
116.374 39.9804
116.372 39.9886
116.356 40.0113
116.353 40.0146
116.353 40.0146
116.318 40.0599
116.312 40.0676
116.326 40.0775
116.325 40.084
116.306 40.0744
116.306 40.0744
116.303 40.0763
116.305 40.076
116.316 40.0597
116.297 40.0511
116.3 40.0495
116.304 40.0355
116.306 40.0303
116.312 40.0051
116.309 40.0039
116.309 39.9723
116.317 39.9526
116.338 39.9308
116.354 39.914
116.353 39.9107
116.357 39.9035
116.357 39.9045
116.391 39.9061
116.397 39.9064
116.436 39.9071
116.532 39.8574
116.526 39.8604
116.526 39.8604
116.526 39.8604
116.526 39.8604
116.526 39.8604
116.526 39.8604
116.526 39.8604
116.526 39.8604
116.526 39.8604
116.526 39.8604
116.526 39.8604
116.526 39.8604
116.526 39.8604
116.526 39.8604
116.526 39.8604
116.526 39.8604
116.526 39.8604
116.526 39.8604
116.526 39.8604
116.526 39.8604
116.526 39.8604
116.526 39.8604
116.526 39.8604
116.526 39.8604
116.526 39.8604
116.526 39.8612
116.526 39.8629
116.506 39.8695
116.49 39.8719
116.483 39.8809
116.483 39.879
116.483 39.8782
116.471 39.8826
116.471 39.8825
116.467 39.8926
116.466 39.8926
116.47 39.8939
116.459 39.8959
116.456 39.896
116.456 39.896
116.457 39.9066
116.46 39.9068
116.472 39.9017
116.472 39.9009
116.46 39.892
116.461 39.8919
116.471 39.8929
116.471 39.8929
116.472 39.8984
116.472 39.9054
116.472 39.9064
116.472 39.9101
116.472 39.91
116.471 39.9102
116.471 39.9102
116.471 39.9108
116.471 39.9109
116.479 39.9141
116.481 39.9141
116.484 39.9472
116.482 39.9564
116.485 39.9891
116.494 39.998
116.55 40.0279
116.563 40.0334
116.583 40.0611
116.582 40.0712
116.581 40.0781
116.581 40.0765
116.583 40.0613
116.582 40.0594
116.563 40.0675
116.562 40.07
116.566 40.0704
116.566 40.0704
116.565 40.0704
116.565 40.0704
116.565 40.0703
116.565 40.0702
116.563 40.0654
116.558 40.0618
116.554 40.0536
116.554 40.0535
116.555 40.0532
116.556 40.0476
116.558 40.007
116.561 39.9961
116.566 39.9724
116.552 39.9699
116.541 39.9649
116.541 39.9581
116.536 39.9403
116.52 39.9404
116.494 39.9345
116.494 39.9345
116.485 39.9325
116.465 39.9325
116.449 39.9324
116.442 39.9324
116.437 39.9306
116.444 39.9214
116.447 39.9201
116.455 39.9158
116.455 39.9055
116.471 39.9066
116.472 39.9052
116.472 39.9014
116.471 39.892
116.468 39.892
116.462 39.8922
116.456 39.8949
116.456 39.904
116.456 39.9047
116.456 39.9116
116.456 39.9173
116.455 39.9147
116.456 39.9121
116.463 39.9111
116.463 39.9091
116.441 39.9071
116.438 39.9072
116.407 39.9068
116.403 39.9066
116.386 39.9061
116.381 39.906
116.358 39.906
116.357 39.906
116.34 39.9075
116.34 39.908
116.346 39.9055
116.346 39.9039
116.347 39.8993
116.346 39.9014
116.352 39.91
116.353 39.9098
116.351 39.9179
116.35 39.9208
116.35 39.9208
116.35 39.9398
116.343 39.9385
116.318 39.9479
116.318 39.9498
116.332 39.9564
116.334 39.9565
116.349 39.9566
116.349 39.9566
116.352 39.9566
116.361 39.9513
116.366 39.9479
116.366 39.9479
116.396 39.9476
116.404 39.9477
116.428 39.929
116.428 39.9203
116.421 39.9055
116.421 39.9047
116.421 39.9065
116.421 39.9083
116.425 39.9141
116.425 39.9141
116.425 39.9141
116.425 39.9141
116.429 39.9076
116.429 39.9072
116.433 39.9229
116.433 39.9228
116.44 39.9213
116.44 39.9216
116.448 39.9121
116.449 39.9121
116.468 39.9123
116.469 39.9123
116.472 39.906
116.472 39.9059
116.472 39.906
116.472 39.9061
116.472 39.901
116.472 39.8997
116.472 39.8997
116.471 39.8992
116.471 39.8992
116.469 39.8993
116.461 39.8989
116.349 39.8951
116.467 39.8951
116.467 39.8951
116.466 39.8949
116.466 39.8949
116.466 39.8951
116.467 39.8949
116.467 39.8931
116.467 39.8931
116.437 39.8924
116.426 39.8988
116.425 39.8989
116.43 39.8987
116.434 39.8887
116.445 39.8831
116.445 39.8753
116.462 39.8749
116.467 39.87
116.471 39.878
116.48 39.8829
116.479 39.8703
116.471 39.8707
116.462 39.875
116.455 39.8801
116.456 39.9115
116.455 39.9179
116.444 39.922
116.449 39.9258
116.464 39.9185
116.496 39.9217
116.509 39.922
116.522 39.9226
116.524 39.9338
116.525 39.9368
116.525 39.9367
116.518 39.9246
116.515 39.9229
116.506 39.915
116.498 39.9148
116.481 39.905
116.444 39.9024
116.433 39.8899
116.45 39.8803
116.454 39.883
116.461 39.8831
116.461 39.8831
116.462 39.8831
116.457 39.886
116.46 39.892
116.469 39.8918
116.483 39.8918
116.481 39.883
116.462 39.8831
116.443 39.8837
116.443 39.8832
116.445 39.8788
116.469 39.8919
116.502 39.8918
116.521 39.8903
116.507 39.8919
116.501 39.8919
116.483 39.8835
116.481 39.8831
116.483 39.8758
116.483 39.8725
116.524 39.8683
116.525 39.8673
116.526 39.8604
116.526 39.8604
116.526 39.8604
116.526 39.8604
116.526 39.8604
116.526 39.8604
116.526 39.8604
116.526 39.8604
116.526 39.8604
116.526 39.8604
116.526 39.8604
116.526 39.8604
116.526 39.8604
116.525 39.8652
116.508 39.8691
116.508 39.8691
116.508 39.8629
116.508 39.8635
116.508 39.8635
116.504 39.8638
116.504 39.864
116.504 39.864
116.504 39.8677
116.504 39.8677
116.491 39.87
116.489 39.8768
116.489 39.8769
116.489 39.8769
116.489 39.8792
116.484 39.8918
116.49 39.8961
116.489 39.8961
116.489 39.8961
116.489 39.8961
116.489 39.8961
116.489 39.8961
116.489 39.8961
116.489 39.8961
116.489 39.8961
116.489 39.8961
116.489 39.8961
116.489 39.8961
116.489 39.8961
116.489 39.8961
116.489 39.8961
116.49 39.8959
116.483 39.8887
116.483 39.875
116.499 39.8664
116.504 39.8655
116.507 39.8631
116.505 39.8633
116.494 39.8661
116.492 39.8741
116.489 39.8755
116.489 39.8755
116.489 39.8755
116.489 39.8755
116.489 39.8755
116.489 39.8755
116.489 39.8755
116.489 39.8755
116.489 39.8755
116.489 39.8755
116.489 39.8755
116.489 39.8755
116.489 39.8755
116.489 39.8755
116.489 39.8755
116.489 39.8755
116.489 39.8755
116.489 39.8755
116.489 39.8755
116.489 39.8755
116.489 39.8755
116.489 39.8755
116.489 39.8755
116.489 39.8755
116.488 39.8745
116.507 39.8692
116.507 39.8692
116.52 39.8686
116.526 39.8604
116.526 39.8602
116.524 39.8607
116.524 39.8607
116.524 39.8607
116.524 39.8607
116.524 39.8607
116.524 39.8607
116.524 39.8607
116.524 39.8607
116.524 39.8607
116.524 39.8607
116.524 39.8607
116.524 39.8607
116.524 39.8607
116.524 39.8607
116.524 39.8607
116.524 39.8607
116.524 39.8607
116.524 39.8607
116.524 39.8607
116.524 39.8607
116.524 39.8607
116.524 39.8607
116.524 39.8607
116.391 39.8058
116.391 39.8058
116.58 39.721
116.524 39.8607
116.526 39.8605
116.526 39.8604
116.525 39.8668
116.546 39.8677
116.568 39.8642
116.569 39.874
116.568 39.8671
116.537 39.8682
116.525 39.8687
116.525 39.8629
116.526 39.8604
116.526 39.8604
116.526 39.8604
116.526 39.862
116.525 39.8683
116.498 39.8697
116.488 39.8696
116.508 39.8663
116.508 39.8663
116.506 39.8662
116.494 39.8681
116.49 39.8744
116.484 39.8868
116.484 39.9032
116.477 39.9025
116.472 39.9034
116.45 39.9027
116.437 39.8957
116.432 39.8985
116.429 39.9157
116.426 39.9328
116.42 39.9392
116.428 39.9409
116.419 39.9487
116.419 39.9542
116.419 39.9605
116.419 39.9711
116.418 39.9821
116.421 39.9821
116.419 39.9701
116.419 39.97
116.419 39.9549
116.419 39.9504
116.419 39.9504
116.419 39.9504
116.419 39.9504
116.419 39.9466
116.419 39.9465
116.42 39.9289
116.42 39.9287
116.421 39.9075
116.421 39.9075
116.426 39.9069
116.426 39.9069
116.425 39.9102
116.425 39.9103
116.425 39.9103
116.423 39.923
116.423 39.923
116.434 39.9227
116.434 39.9227
116.45 39.9194
116.45 39.9193
116.455 39.8862
116.455 39.886
116.462 39.8503
116.462 39.8501
116.485 39.8134
116.484 39.8132
116.474 39.7962
116.474 39.7962
116.474 39.7997
116.474 39.7997
116.458 39.815
116.458 39.8152
116.441 39.8303
116.441 39.8303
116.391 39.8308
116.39 39.8308
116.373 39.8385
116.373 39.8385
