116.401 39.9061
116.4 39.9092
116.381 39.906
116.356 39.9059
116.303 39.9062
116.279 39.9063
116.256 39.9062
116.215 39.9062
116.196 39.9083
116.208 39.9023
116.233 39.9026
116.267 39.9061
116.277 39.9007
116.277 39.8939
116.277 39.8941
116.297 39.8955
116.32 39.895
116.331 39.8959
116.345 39.8762
116.358 39.882
116.357 39.8878
116.357 39.8965
116.357 39.8982
116.342 39.8991
116.323 39.8934
116.333 39.896
116.368 39.8943
116.368 39.8968
116.372 39.888
116.362 39.8878
116.325 39.8888
116.31 39.8867
116.304 39.8939
116.304 39.9472
116.343 39.9663
116.439 39.9625
116.536 40.0234
116.571 40.0383
116.587 40.0782
116.564 40.0643
116.55 40.0642
116.526 40.038
116.506 40.0227
116.49 40.0093
116.473 40.0047
116.461 39.9885
116.461 39.9713
116.462 39.956
116.45 39.9473
116.432 39.944
116.406 39.9478
116.406 39.9478
116.39 39.9477
116.377 39.9475
116.368 39.9474
116.357 39.9445
116.349 39.9366
116.35 39.9258
116.339 39.9267
116.33 39.9269
116.327 39.9329
116.32 39.9368
116.32 39.9368
116.303 39.9564
116.303 39.9597
116.295 39.9583
116.285 39.9565
116.289 39.9499
116.314 39.9362
116.314 39.9336
116.338 39.931
116.347 39.9227
116.338 39.9221
116.35 39.9136
116.351 39.9074
116.36 39.9453
116.41 39.9483
116.406 39.9396
116.388 39.9405
116.356 39.9444
116.346 39.9567
116.322 39.9558
116.338 39.9337
116.35 39.9204
116.35 39.9134
116.35 39.9087
116.343 39.889
116.386 39.87
116.426 39.8601
116.427 39.8621
116.411 39.8701
116.343 39.8668
116.343 39.8819
116.304 39.9172
116.304 39.9003
116.312 39.8956
116.32 39.8915
116.32 39.8796
116.32 39.883
116.305 39.8873
116.304 39.8883
116.242 39.8608
116.207 39.8229
116.162 39.7773
116.136 39.7349
116.141 39.7347
116.14 39.7219
116.157 39.6938
116.136 39.7319
116.149 39.7485
116.195 39.7501
116.231 39.7683
116.283 39.7784
116.281 39.8008
116.284 39.8287
116.285 39.8353
116.352 39.8517
116.41 39.8556
116.41 39.8556
116.399 39.8557
116.398 39.8557
116.358 39.8602
116.358 39.867
116.332 39.867
116.325 39.8869
116.313 39.8959
116.296 39.9061
116.296 39.8978
116.296 39.906
116.334 39.906
116.362 39.9055
116.362 39.8985
116.35 39.8995
116.35 39.8899
116.35 39.8885
116.347 39.877
116.332 39.867
116.321 39.876
116.315 39.8858
116.304 39.8979
116.304 39.8985
116.27 39.906
116.296 39.9061
116.296 39.9061
116.304 39.8951
116.318 39.8883
116.32 39.8833
116.333 39.876
116.334 39.8611
116.325 39.8637
116.305 39.8766
116.305 39.8766
116.296 39.8993
116.304 39.8895
116.289 39.865
116.283 39.858
116.283 39.8553
116.309 39.8567
116.367 39.8615
116.365 39.8659
116.348 39.8722
116.347 39.8865
116.334 39.8884
116.334 39.8884
116.345 39.8881
116.35 39.8886
116.385 39.9669
116.475 39.9801
116.499 39.9793
116.484 39.979
116.478 39.9753
116.478 39.9753
116.455 39.954
116.432 39.9672
116.421 39.968
116.393 39.9674
116.373 39.9668
116.35 39.9665
116.334 39.9752
116.319 39.9749
116.315 39.9667
116.327 39.966
116.332 39.9744
116.338 39.9666
116.337 39.9666
116.323 39.9661
116.304 39.962
116.3 39.9796
116.3 39.9796
116.348 39.9854
116.363 39.9914
116.319 39.9845
116.29 39.9923
116.29 39.9923
116.319 39.9802
116.353 39.9856
116.363 39.992
116.347 39.9673
116.35 39.9458
116.349 39.9397
116.35 39.9336
116.35 39.9241
116.35 39.9164
116.35 39.9041
116.334 39.8965
116.323 39.8974
116.332 39.9059
116.347 39.9102
116.35 39.9276
116.373 39.9549
116.36 39.9567
116.362 39.9662
116.358 39.9666
116.337 39.9855
116.338 39.9802
116.342 39.9666
116.329 39.9576
116.319 39.9483
116.319 39.9483
116.304 39.923
116.3 39.9063
116.294 39.9062
116.304 39.9298
116.311 39.9477
116.318 39.9456
116.321 39.9221
116.331 39.9019
116.331 39.9019
116.337 39.8961
116.356 39.8675
116.381 39.8581
116.38 39.8456
116.38 39.8394
116.381 39.8587
116.382 39.8727
116.378 39.8937
116.378 39.8937
116.396 39.8991
116.426 39.8992
116.422 39.8961
116.427 39.9035
116.421 39.8967
116.429 39.9071
116.456 39.8982
116.461 39.8975
116.44 39.8924
116.427 39.9421
116.366 39.9474
116.358 39.9401
116.337 39.9269
116.268 39.9053
116.269 39.881
116.234 39.8569
116.203 39.8387
116.185 39.7896
116.156 39.7599
116.141 39.7292
116.148 39.6936
116.155 39.6839
116.142 39.6947
116.141 39.7347
116.144 39.7154
116.144 39.7154
116.159 39.6922
116.144 39.6937
116.136 39.7227
116.167 39.7691
116.227 39.7676
116.287 39.7764
116.282 39.7995
116.284 39.8293
116.285 39.8354
116.307 39.8219
116.304 39.7857
116.308 39.798
116.307 39.8306
116.293 39.8413
116.278 39.8445
116.27 39.8903
116.277 39.9007
116.277 39.9089
116.277 39.9066
116.291 39.9062
116.336 39.9059
116.372 39.9059
116.396 39.9064
116.421 39.9042
116.412 39.9065
116.411 39.9229
116.411 39.9229
116.398 39.9477
116.362 39.9667
116.342 39.9721
116.328 39.9763
116.32 39.9915
116.314 39.9951
116.327 39.9852
116.333 39.9714
116.333 39.9669
116.341 39.955
116.344 39.9388
116.33 39.9353
116.314 39.9342
116.318 39.9484
116.318 39.9484
116.351 39.9663
116.425 39.9681
116.581 40.0765
116.572 40.0605
116.502 40.0328
116.473 40.0205
116.465 40.021
116.461 40.0146
116.451 39.996
116.43 39.9881
116.411 39.9984
116.411 40.0332
116.411 40.0609
116.42 40.0778
116.41 40.0678
116.404 40.0334
116.408 40.0309
116.41 40.0076
116.396 39.9871
116.373 39.9536
116.373 39.9435
116.373 39.9389
116.364 39.9312
116.347 39.9341
116.338 39.9449
116.326 39.956
116.314 39.9685
116.319 39.9689
116.307 39.9631
116.3 39.9747
116.3 39.9809
116.301 39.9649
116.303 39.9518
116.304 39.923
116.304 39.923
116.304 39.923
116.304 39.923
116.341 39.8885
116.341 39.8885
116.34 39.8888
116.336 39.8973
116.329 39.9032
116.329 39.9058
116.311 39.9065
116.302 39.9072
116.3 39.9064
116.277 39.9063
116.266 39.8971
116.25 39.8883
116.269 39.8824
116.292 39.8883
116.302 39.8902
116.304 39.8874
116.297 39.8881
116.304 39.8884
116.245 39.8621
116.13 39.7435
116.13 39.7305
116.142 39.7336
116.141 39.7342
116.141 39.7278
116.144 39.7123
116.158 39.6837
116.152 39.6938
116.135 39.7224
116.144 39.7393
116.149 39.7492
116.194 39.75
116.239 39.7684
116.283 39.7812
116.283 39.8052
116.287 39.8335
116.277 39.8657
116.311 39.886
116.321 39.8777
116.31 39.8663
116.277 39.8666
116.276 39.8673
116.314 39.8873
116.32 39.892
116.306 39.8951
116.306 39.923
116.306 39.9231
116.29 39.9233
116.306 39.923
116.288 39.9237
116.297 39.9345
116.29 39.9459
116.306 39.9399
116.306 39.9399
116.319 39.9394
116.33 39.9507
116.318 39.9471
116.32 39.9267
116.329 39.917
116.351 39.9125
116.351 39.9095
116.351 39.917
116.347 39.9159
116.339 39.9269
116.316 39.9265
116.306 39.9231
116.304 39.9097
116.306 39.9229
116.304 39.913
116.302 39.9064
116.298 39.896
116.296 39.9061
116.296 39.9061
116.326 39.8957
116.352 39.8877
116.348 39.8783
116.347 39.891
116.35 39.8885
116.303 39.8958
116.299 39.906
116.304 39.9408
116.319 39.9556
116.336 39.9615
116.34 39.961
116.346 39.9661
116.338 39.9666
116.328 39.9664
116.298 39.9589
116.286 39.9589
116.283 39.923
116.267 39.9063
116.244 39.9027
116.212 39.8972
116.245 39.8956
116.32 39.8956
116.369 39.8983
116.39 39.8986
116.408 39.8995
116.413 39.8921
116.415 39.8689
116.424 39.8672
116.425 39.8644
116.429 39.8608
116.427 39.8575
116.413 39.8558
116.413 39.8558
116.388 39.8587
116.358 39.8541
116.364 39.8492
116.397 39.8556
116.422 39.8523
116.419 39.8569
116.411 39.8558
116.387 39.8559
116.341 39.8523
116.342 39.8965
116.311 39.9251
116.311 39.9251
116.305 39.9203
116.306 39.923
116.295 39.9308
116.306 39.923
116.31 39.9061
116.311 39.9018
116.307 39.9073
116.294 39.8314
116.285 39.8354
116.33 39.8206
116.353 39.8679
116.331 39.8962
116.284 39.9084
116.306 39.9062
116.36 39.9058
116.393 39.8988
116.408 39.8931
116.401 39.9061
116.401 39.9139
116.39 39.8991
116.376 39.8882
116.368 39.9051
116.361 39.906
116.316 39.9062
116.268 39.9063
116.248 39.9206
116.259 39.9158
116.259 39.9065
116.259 39.9062
116.304 39.9051
116.306 39.9073
116.259 39.9063
116.227 39.9063
116.193 39.9119
116.205 39.9043
116.203 39.8822
116.203 39.8411
116.187 39.7966
116.152 39.7534
116.139 39.7243
116.148 39.6936
116.155 39.6839
116.143 39.7046
116.139 39.7347
116.135 39.7223
116.143 39.6993
116.159 39.6842
116.144 39.7058
116.137 39.7346
116.141 39.7347
116.148 39.7488
116.153 39.7562
116.21 39.763
116.266 39.7688
116.289 39.7774
116.28 39.8041
116.286 39.8326
116.285 39.8355
116.282 39.8471
116.302 39.8568
116.305 39.8766
116.315 39.892
116.304 39.8965
116.296 39.906
116.296 39.9007
116.296 39.9049
116.296 39.9048
116.334 39.906
116.384 39.9061
116.42 39.9067
116.416 39.9018
116.406 39.8956
116.378 39.8928
116.368 39.9036
116.354 39.906
116.306 39.9073
116.29 39.9064
116.275 39.9165
116.275 39.9165
116.287 39.9117
116.302 39.9226
116.303 39.9585
116.375 39.9669
116.448 39.9564
116.462 39.9566
116.423 39.9681
116.396 39.9654
116.401 39.9579
116.403 39.932
116.403 39.9295
116.382 39.9477
116.342 39.9662
116.297 39.9645
116.312 39.9643
116.391 39.9671
116.402 39.9479
116.401 39.9329
116.388 39.9399
116.388 39.9399
116.388 39.9424
116.39 39.9619
116.388 39.9673
116.364 39.9751
116.382 39.9799
116.369 39.9808
116.363 39.9752
116.373 39.9565
116.373 39.9565
116.365 39.9573
116.359 39.9699
116.349 39.9361
116.35 39.9007
116.364 39.882
116.368 39.8877
116.375 39.8976
116.378 39.8885
116.362 39.8875
116.361 39.8796
116.362 39.8878
116.34 39.8966
116.338 39.9079
116.327 39.9219
116.304 39.9246
116.323 39.8955
116.323 39.8961
116.292 39.8791
116.289 39.8772
116.272 39.8764
116.292 39.8882
116.289 39.8883
116.27 39.877
116.274 39.87
116.304 39.8856
116.263 39.8697
116.263 39.8697
116.136 39.7454
116.141 39.7346
116.127 39.7152
116.098 39.6782
116.101 39.6644
116.109 39.6955
116.136 39.7251
116.14 39.7341
116.14 39.7341
116.143 39.7053
116.155 39.6839
116.131 39.6677
116.101 39.6645
116.108 39.6944
116.137 39.7232
116.145 39.74
116.149 39.7492
116.189 39.7495
116.235 39.7685
116.282 39.78
116.282 39.78
116.281 39.8047
116.281 39.8353
116.273 39.8718
116.35 39.8879
116.357 39.8924
116.344 39.8903
116.304 39.9097
116.298 39.9705
116.282 40.0053
116.346 39.9665
116.328 39.9622
116.338 39.9078
116.347 39.9002
116.346 39.8882
116.376 39.8694
116.42 39.8669
116.44 39.8804
116.446 39.8832
116.434 39.8869
116.414 39.8918
116.381 39.8882
116.372 39.888
116.374 39.9017
116.368 39.8986
116.368 39.8879
116.378 39.8819
116.347 39.8918
116.347 39.9104
116.338 39.9217
116.315 39.9268
116.306 39.923
116.306 39.923
116.306 39.923
116.293 39.9063
116.306 39.906
116.269 39.9063
116.247 39.9062
116.204 39.9061
116.203 39.9062
116.232 39.9062
116.237 39.9171
116.239 39.9064
116.28 39.9061
116.287 39.8952
116.299 39.9061
116.318 39.9376
116.379 39.9475
116.402 39.9487
116.402 39.9487
116.401 39.9609
116.39 39.9616
116.351 39.9665
116.312 39.9751
116.311 39.9751
116.314 39.9677
116.304 39.9201
116.282 39.9072
116.275 39.8989
116.269 39.9063
116.246 39.9063
116.278 39.9061
116.315 39.899
116.315 39.9018
116.311 39.9098
116.276 39.9062
116.276 39.9062
116.268 39.8871
116.277 39.8586
116.284 39.8349
116.285 39.8121
116.286 39.7814
116.232 39.7684
116.181 39.7495
116.151 39.7219
116.156 39.6938
116.156 39.6938
116.156 39.6938
116.143 39.6791
116.143 39.696
116.168 39.7219
116.207 39.7
116.206 39.7009
116.177 39.7163
116.144 39.7096
116.155 39.6839
116.158 39.6837
116.127 39.6679
116.101 39.6645
116.128 39.6679
116.158 39.6811
116.143 39.6983
116.136 39.7335
116.14 39.7342
116.14 39.7342
116.14 39.7345
116.134 39.7386
116.14 39.7345
116.13 39.7184
116.1 39.6819
116.101 39.6644
116.101 39.6645
116.115 39.7017
116.135 39.7223
116.141 39.7298
116.143 39.6937
116.155 39.6839
116.142 39.6791
116.118 39.6708
116.101 39.6645
116.127 39.6441
116.148 39.6391
116.148 39.6391
116.106 39.6646
