116.295 39.9586
116.275 39.9528
116.275 39.9528
116.275 39.9528
116.285 39.9564
116.301 39.9605
116.314 39.9651
116.332 39.9661
116.368 39.9663
116.405 39.9673
116.432 39.9665
116.453 39.9531
116.446 39.9514
116.458 39.9573
116.477 39.9736
116.477 39.9755
116.491 39.9706
116.491 39.9708
116.469 39.9671
116.454 39.9533
116.449 39.9441
116.433 39.9397
116.433 39.9397
116.421 39.9485
116.422 39.948
116.423 39.9385
116.419 39.9508
116.419 39.9508
116.42 39.958
116.42 39.958
116.439 39.9452
116.439 39.9452
116.43 39.9398
116.433 39.9533
116.462 39.9691
116.45 39.9791
116.439 39.9696
116.418 39.9712
116.43 39.9678
116.43 39.9678
116.426 39.9583
116.425 39.9582
116.419 39.9514
116.419 39.945
116.42 39.9331
116.42 39.9272
116.42 39.9209
116.421 39.913
116.417 39.9114
116.411 39.9161
116.411 39.9263
116.411 39.9264
116.411 39.9265
116.421 39.9322
116.424 39.9322
116.425 39.9322
116.446 39.9323
116.45 39.9323
116.454 39.9324
116.45 39.9552
116.45 39.9552
116.45 39.9552
116.445 39.9688
116.441 39.971
116.443 39.9727
116.483 39.9533
116.484 39.9098
116.48 39.854
116.423 39.831
116.395 39.8222
116.404 39.8037
116.413 39.7936
116.415 39.7855
116.417 39.7841
116.452 39.7649
116.452 39.7649
116.5 39.7611
116.521 39.7667
116.521 39.7667
116.516 39.7706
116.509 39.7738
116.477 39.7953
116.448 39.8232
116.48 39.8509
116.484 39.9064
116.476 39.9616
116.414 39.9875
116.35 39.9857
116.329 39.9814
116.329 39.9814
116.327 39.9835
116.323 39.9843
116.328 39.9665
116.349 39.931
116.36 39.926
116.357 39.9072
116.357 39.8979
116.357 39.882
116.357 39.882
116.361 39.882
116.357 39.8923
116.358 39.9166
116.372 39.9314
116.402 39.932
116.419 39.9416
116.419 39.9515
116.419 39.9519
116.419 39.9712
116.419 39.9712
116.419 39.9712
116.421 39.9852
116.421 39.9853
116.442 39.9945
116.417 40.0209
116.35 40.0224
116.317 40.0777
116.328 40.0782
116.341 40.0591
116.359 40.0504
116.338 40.046
116.335 40.0377
116.367 39.9954
116.394 39.9671
116.43 39.9671
116.433 39.9595
116.433 39.9595
116.422 39.9608
116.383 39.9671
116.316 39.9659
116.316 39.9659
116.374 39.9665
116.418 39.9678
116.43 39.965
116.43 39.9653
116.478 39.9823
116.469 39.967
116.446 39.9512
116.443 39.9543
116.443 39.9545
116.443 39.954
116.432 39.9534
116.428 39.956
116.42 39.958
116.404 39.9577
116.417 39.9676
116.418 39.9673
116.412 39.9618
116.449 39.9556
116.455 39.9044
116.464 39.8829
116.455 39.8766
116.445 39.8785
116.453 39.8831
116.456 39.9136
116.456 39.9471
116.456 39.9471
116.449 39.9323
116.455 39.9193
116.455 39.9193
116.455 39.8984
116.45 39.8859
116.45 39.8865
116.45 39.8866
116.45 39.8867
116.431 39.8987
116.359 39.9453
116.344 39.9427
116.344 39.9427
116.346 39.9395
116.346 39.9395
116.323 39.9367
116.328 39.9128
116.338 39.9127
116.338 39.9127
116.338 39.907
116.338 39.9072
116.338 39.9074
116.336 39.8968
116.323 39.8887
116.32 39.8834
116.32 39.8834
116.335 39.8866
116.365 39.8983
116.367 39.8984
116.368 39.9093
116.37 39.911
116.384 39.9209
116.391 39.9219
116.392 39.9219
116.384 39.9321
116.382 39.932
116.382 39.9428
116.401 39.9473
116.417 39.9397
116.427 39.926
116.428 39.9111
116.413 39.9069
116.405 39.9031
116.406 39.8871
116.414 39.8828
116.414 39.8813
116.374 39.8691
116.377 39.8691
116.377 39.8691
116.377 39.8691
116.395 39.8555
116.433 39.8533
116.434 39.8444
116.443 39.8255
116.441 39.8318
116.441 39.8426
116.423 39.8482
116.422 39.8456
116.425 39.8569
116.424 39.8573
116.397 39.8558
116.394 39.8405
116.396 39.816
116.396 39.816
116.394 39.806
116.371 39.8036
116.367 39.8028
116.371 39.8171
116.376 39.8248
116.398 39.8345
116.398 39.8486
116.402 39.8556
116.394 39.8751
116.383 39.8793
116.377 39.8817
116.37 39.8819
116.36 39.8879
116.343 39.8911
116.322 39.8959
116.315 39.8963
116.314 39.896
116.31 39.8955
116.324 39.8895
116.338 39.8882
116.327 39.867
116.32 39.867
116.277 39.8599
116.277 39.8599
116.279 39.8416
116.279 39.8416
116.289 39.8787
116.304 39.8873
116.305 39.8884
116.305 39.8892
116.304 39.9221
116.303 39.9515
116.303 39.9515
116.317 39.9588
116.319 39.9381
116.32 39.924
116.325 39.9218
116.329 39.9072
116.331 39.9019
116.334 39.8965
116.333 39.8963
116.333 39.8963
116.333 39.8963
116.307 39.8959
116.304 39.945
116.315 39.9654
116.31 39.982
116.31 39.982
116.31 39.982
116.308 39.9799
116.297 39.9739
116.298 39.9704
116.317 39.9531
116.301 39.9581
116.301 39.9581
116.304 39.9417
116.321 39.9371
116.322 39.9371
116.322 39.9371
116.322 39.9371
116.322 39.9371
116.342 39.938
116.347 39.9851
116.346 40.0062
116.346 40.0062
116.336 39.9917
116.336 39.9918
116.337 39.9918
116.354 39.9922
116.359 39.988
116.359 39.9871
116.335 39.9665
116.304 39.9346
116.304 39.9036
116.311 39.8471
116.311 39.8471
116.312 39.8469
116.328 39.8478
116.318 39.8496
116.334 39.8566
116.335 39.8565
116.321 39.8668
116.321 39.8668
116.288 39.8687
116.287 39.8684
116.298 39.8804
116.3 39.8807
116.3 39.8809
116.3 39.8886
116.304 39.8862
116.346 39.8499
116.38 39.8469
116.38 39.8469
116.378 39.844
116.394 39.8689
116.394 39.8689
116.439 39.8828
116.429 39.9224
116.429 39.9224
116.44 39.9219
116.44 39.9219
116.451 39.9122
116.444 39.915
116.434 39.9226
116.452 39.922
116.479 39.9216
116.523 39.9225
116.549 39.9149
116.514 39.9156
116.479 39.9142
116.456 39.9338
116.443 39.954
116.443 39.9537
116.443 39.9539
116.433 39.9409
116.415 39.8699
116.415 39.8699
116.381 39.8794
116.37 39.8819
116.35 39.9248
116.35 39.9248
116.338 39.9314
116.359 39.9311
116.359 39.9311
116.35 39.9043
116.333 39.8835
116.333 39.8835
116.332 39.8885
116.344 39.8867
116.344 39.8963
116.344 39.8963
116.345 39.8968
116.353 39.9224
116.359 39.9316
116.358 39.9355
116.35 39.931
116.35 39.904
116.35 39.904
116.357 39.8854
116.357 39.8866
116.357 39.8913
116.351 39.895
116.347 39.901
116.347 39.9101
116.347 39.9135
116.347 39.9134
116.347 39.9134
116.329 39.9127
116.315 39.8974
116.315 39.8974
116.315 39.8974
116.311 39.9087
116.311 39.9098
116.329 39.9156
116.333 39.9309
116.333 39.9309
116.359 39.9312
116.374 39.9308
116.371 39.9244
116.358 39.9225
116.334 39.9218
116.308 39.9229
116.308 39.9229
116.295 39.9306
116.304 39.9449
116.311 39.9641
116.314 39.965
116.344 39.9661
116.344 39.9661
116.344 39.9625
116.347 39.9602
116.348 39.9569
116.374 39.9565
116.374 39.9565
116.374 39.9565
116.389 39.9498
116.414 39.9479
116.419 39.9538
116.419 39.9571
116.413 39.968
116.353 39.9664
116.304 39.9484
116.304 39.9157
116.304 39.8923
116.304 39.8923
116.293 39.8879
116.293 39.8877
116.293 39.8877
116.289 39.9058
116.298 39.906
116.305 39.9048
116.315 39.8992
116.323 39.9097
116.339 39.9174
116.338 39.9297
116.349 39.931
116.374 39.9316
116.402 39.9357
116.402 39.9572
116.414 39.9607
116.43 39.9675
116.453 39.9533
116.453 39.9533
116.462 39.9607
116.462 39.9609
116.463 39.961
116.463 39.9612
116.484 39.9682
116.497 39.9627
116.491 39.9706
116.492 39.9706
116.49 39.9707
116.486 39.959
116.482 39.9554
116.484 39.9104
116.48 39.8535
116.444 39.8315
116.443 39.8258
116.442 39.8297
116.441 39.8441
116.452 39.8637
116.452 39.8637
116.452 39.8637
116.471 39.8806
116.472 39.8987
116.472 39.9116
116.484 39.9141
116.484 39.9141
116.498 39.9145
116.51 39.9151
116.52 39.9115
116.522 39.9116
116.518 39.9113
116.528 39.9159
116.528 39.9159
116.513 39.9156
116.512 39.919
116.496 39.9222
116.497 39.9295
116.493 39.934
116.491 39.9336
116.463 39.9897
116.483 39.985
116.441 39.9612
116.441 39.9569
116.43 39.9583
116.43 39.9583
116.431 39.9619
116.431 39.962
116.459 39.9674
116.46 39.9867
116.46 39.9867
116.46 39.9867
116.462 40.0036
116.443 40.0198
116.427 40.0382
116.427 40.0382
116.408 40.0409
116.422 40.0399
116.422 40.0399
116.422 40.0402
116.408 40.0315
116.386 40.0301
116.364 40.0389
116.364 40.0389
116.354 40.0367
116.354 40.0367
116.383 40.0298
116.406 40.0314
116.448 40.0068
116.472 40.0086
116.492 40.0008
116.478 39.9751
116.46 39.9767
116.435 39.966
116.414 39.968
116.418 39.9767
116.449 39.9791
116.449 39.9791
116.453 39.9838
116.436 39.9753
116.428 39.9757
116.43 39.9752
116.418 39.9762
116.418 39.9923
116.424 39.9398
116.423 39.9399
116.423 39.9399
116.419 39.9565
116.422 39.9609
116.44 39.9515
116.421 39.9322
116.437 39.9284
116.455 39.951
116.455 39.951
116.485 39.9582
116.5 39.958
116.488 39.944
116.472 39.9282
116.472 39.9282
116.472 39.9268
116.472 39.9265
116.5 39.9218
116.5 39.9218
116.506 39.9149
116.506 39.9149
116.472 39.9145
116.456 39.9245
116.433 39.9669
116.44 39.9619
116.443 39.9539
116.443 39.9539
116.443 39.9539
116.443 39.9539
116.443 39.9539
116.443 39.9539
116.443 39.9539
116.443 39.9539
116.443 39.9539
116.443 39.9539
116.443 39.9539
116.443 39.9539
116.444 39.9542
116.432 39.9535
116.428 39.9554
116.428 39.956
116.415 39.9558
116.403 39.9557
116.402 39.9558
116.455 39.933
116.455 39.933
116.447 39.9255
116.446 39.9256
116.446 39.9256
116.448 39.9237
116.449 39.9226
116.449 39.9224
116.455 39.8875
116.463 39.8665
116.463 39.8665
116.471 39.8665
116.471 39.8665
116.471 39.8665
116.455 39.8921
116.455 39.9288
116.455 39.9288
116.442 39.9256
116.428 39.9351
116.43 39.9389
116.449 39.943
116.45 39.9425
116.433 39.9398
116.433 39.9398
116.428 39.9417
116.453 39.9606
116.52 40.0175
116.58 40.0471
116.587 40.078
116.583 40.0694
116.588 40.0547
116.579 40.0446
116.504 40.0057
116.496 39.9867
116.484 39.9752
116.455 39.9502
116.455 39.9491
116.455 39.9219
116.455 39.9034
116.456 39.9041
116.454 39.9041
116.454 39.9041
116.435 39.9072
116.426 39.948
116.364 39.947
116.364 39.947
116.355 39.9548
116.355 39.9548
116.361 39.9661
116.362 39.9661
116.422 39.968
116.454 39.9474
116.483 39.9519
116.483 39.9519
116.478 39.9325
116.47 39.9217
116.47 39.9217
116.451 39.927
116.467 39.9068
116.467 39.9068
116.466 39.9096
116.466 39.9096
116.466 39.9097
116.466 39.9098
116.455 39.92
116.455 39.92
116.438 39.9635
116.41 39.9874
116.41 39.9874
116.399 39.991
116.396 39.9879
116.395 39.9885
116.395 39.9887
116.395 39.989
116.402 40.0081
116.411 40.0312
116.411 40.0312
116.421 40.0418
116.412 40.0271
116.411 40.0017
116.411 40.0017
116.405 39.9941
116.405 39.994
116.397 39.997
116.402 40.0012
116.401 39.9935
116.401 39.98
116.401 39.9793
116.405 39.9673
116.405 39.9673
116.419 39.9664
116.412 39.9607
116.397 39.9614
116.39 39.9674
116.336 39.9665
116.328 39.9747
116.327 39.9911
116.327 39.9911
116.31 39.9888
116.31 39.9805
116.311 39.9804
116.311 39.9802
116.33 39.9751
116.352 39.9751
116.364 39.9667
116.364 39.9667
116.364 39.9631
116.364 39.9627
116.364 39.9625
116.365 39.9497
116.349 39.9385
116.35 39.9149
116.356 39.8979
116.368 39.9026
116.368 39.8985
116.358 39.8981
116.364 39.9103
116.37 39.9212
116.369 39.9211
116.363 39.9311
116.332 39.937
116.303 39.9548
116.303 39.9548
116.325 39.9659
116.332 39.966
116.342 39.9676
116.344 39.9676
116.344 39.9676
116.303 39.9613
116.304 39.9086
116.318 39.8959
116.318 39.8959
116.315 39.8985
116.289 39.896
116.289 39.896
116.277 39.9038
116.277 39.9042
116.296 39.9061
116.304 39.921
116.304 39.921
116.32 39.922
116.328 39.9181
116.328 39.9181
116.312 39.9098
116.357 39.9058
116.397 39.9064
116.445 39.907
116.454 39.8835
116.457 39.8834
116.456 39.9162
116.448 39.9577
116.444 39.9545
116.441 39.9566
116.441 39.9568
116.463 39.9467
116.463 39.9467
116.463 39.9467
116.463 39.9467
116.463 39.9467
116.463 39.9467
116.463 39.9467
116.463 39.9467
116.466 39.9347
116.466 39.9347
116.466 39.9347
116.483 39.9324
116.48 39.9582
116.48 39.9582
116.477 39.9758
116.55 40.0662
116.555 40.0996
116.349 39.9389
116.557 40.108
116.557 40.108
116.58 40.1324
116.626 40.1608
116.636 40.205
116.632 40.2596
116.639 40.2972
116.639 40.3189
116.639 40.3201
116.631 40.3318
116.634 40.3394
116.634 40.3304
116.634 40.3393
116.626 40.3175
116.624 40.3145
116.625 40.3252
116.625 40.3256
116.626 40.3283
116.587 40.3626
116.557 40.3926
116.508 40.4132
116.47 40.4134
116.504 40.417
116.504 40.4168
116.503 40.4164
116.506 40.4147
116.464 40.4121
116.47 40.4132
116.505 40.4158
116.504 40.4166
116.47 40.4129
116.47 40.4134
116.464 40.4119
116.488 40.4121
116.488 40.4121
116.507 40.4148
116.537 40.4186
116.537 40.4167
116.549 40.3776
116.596 40.3598
116.596 40.3598
116.639 40.3388
116.638 40.3306
116.625 40.3147
116.625 40.3144
116.609 40.3434
116.553 40.3606
116.55 40.4054
116.502 40.4121
116.47 40.4133
116.51 40.4129
116.552 40.3855
116.596 40.3564
116.625 40.3174
116.625 40.3143
116.625 40.3147
116.633 40.3286
116.634 40.3394
116.633 40.331
116.632 40.3257
116.625 40.3144
116.625 40.329
116.631 40.3421
116.595 40.3603
116.549 40.3811
116.526 40.4168
116.47 40.4126
