116.461 39.883
116.465 39.883
116.471 39.8911
116.457 39.8994
116.441 39.9162
116.444 39.9318
116.444 39.9382
116.447 39.9256
116.447 39.9256
116.449 39.9252
116.463 39.9257
116.464 39.9242
116.479 39.9215
116.483 39.9061
116.506 39.9066
116.564 39.9081
116.571 39.8935
116.595 39.8874
116.595 39.8862
116.455 39.8973
116.591 39.8856
116.591 39.8869
116.331 40.0621
116.331 40.0621
116.591 39.887
116.591 39.8855
116.595 39.8861
116.601 39.8929
116.598 39.8978
116.596 39.8986
116.596 39.9012
116.616 39.9052
116.656 39.8885
116.646 39.8914
116.63 39.8913
116.629 39.8899
116.643 39.8762
116.638 39.887
116.63 39.8879
116.603 39.8883
116.59 39.8936
116.579 39.8924
116.572 39.9026
116.572 39.9026
116.571 39.9094
116.558 39.9086
116.526 39.9086
116.51 39.9067
116.484 39.947
116.459 39.973
116.444 39.9827
116.418 39.9821
116.415 39.9865
116.415 39.9865
116.418 39.9873
116.459 39.9729
116.484 39.9487
116.483 39.9389
116.483 39.9269
116.483 39.9184
116.483 39.9184
116.483 39.9184
116.483 39.9184
116.483 39.9184
116.483 39.9184
116.483 39.9184
116.483 39.9184
116.483 39.9184
116.483 39.9184
116.486 39.9142
116.499 39.9144
116.507 39.9149
116.529 39.9154
116.547 39.9147
116.571 39.9094
116.571 39.8967
116.575 39.8922
116.595 39.8878
116.594 39.8857
116.594 39.8857
116.594 39.8857
116.591 39.887
116.591 39.8867
116.582 39.8749
116.586 39.8518
116.588 39.8429
116.578 39.8379
116.578 39.8379
116.582 39.84
116.584 39.8418
116.584 39.8638
116.592 39.8825
116.592 39.8856
116.591 39.887
116.591 39.887
116.594 39.8857
116.595 39.8871
116.601 39.8926
116.601 39.8931
116.601 39.8931
116.601 39.8941
116.598 39.8977
116.598 39.8977
116.596 39.8983
116.596 39.8984
116.587 39.9085
116.556 39.9085
116.524 39.9086
116.509 39.9069
116.509 39.9069
116.524 39.9157
116.528 39.9158
116.506 39.9219
116.457 39.922
116.439 39.94
116.423 39.9398
116.441 39.9398
116.448 39.9398
116.45 39.9398
116.456 39.9201
116.455 39.9086
116.455 39.8923
116.471 39.8922
116.483 39.8919
116.486 39.894
116.484 39.893
116.483 39.8863
116.483 39.8863
116.482 39.8633
116.434 39.8309
116.398 39.8311
116.395 39.8224
116.394 39.8153
116.476 39.8432
116.475 39.8665
116.466 39.874
116.466 39.8741
116.465 39.883
116.472 39.8968
116.472 39.8972
116.472 39.9013
116.553 39.9079
116.555 39.9079
116.562 39.908
116.569 39.9141
116.569 39.9141
116.571 39.9121
116.588 39.8931
116.595 39.8862
116.595 39.886
116.591 39.8869
116.592 39.8841
116.595 39.8586
116.595 39.8578
116.585 39.8603
116.582 39.8748
116.596 39.8795
116.601 39.8966
116.593 39.9013
116.576 39.901
116.552 39.9084
116.552 39.9084
116.478 39.9071
116.476 39.919
116.472 39.9192
116.46 39.9213
116.461 39.9235
116.463 39.9213
116.463 39.9157
116.478 39.9141
116.473 39.9144
116.452 39.9122
116.444 39.9176
116.444 39.9175
116.445 39.9181
116.445 39.9181
116.445 39.9181
116.445 39.9181
116.445 39.9181
116.445 39.9182
116.444 39.9205
116.43 39.9394
116.454 39.9399
116.461 39.9318
116.461 39.9308
116.469 39.9143
116.468 39.9097
116.468 39.9097
116.472 39.907
116.472 39.9063
116.511 39.926
116.507 39.9316
116.512 39.9211
116.512 39.9203
116.524 39.9156
116.533 39.9152
116.572 39.9021
116.57 39.8956
116.583 39.8925
116.595 39.8897
116.595 39.886
116.6 39.8901
116.595 39.886
116.594 39.8858
116.592 39.8856
116.591 39.887
116.594 39.8857
116.577 39.8923
116.571 39.8972
116.571 39.9084
116.579 39.9125
116.603 39.9067
116.657 39.8911
116.66 39.89
116.652 39.8893
116.638 39.8926
116.63 39.8912
116.601 39.8882
116.595 39.886
116.595 39.886
116.595 39.886
116.592 39.8845
116.532 39.8683
116.455 39.8697
116.33 39.8477
116.314 39.8956
116.315 39.895
116.353 39.8979
116.365 39.8983
116.379 39.8987
116.402 39.8994
116.412 39.8997
116.421 39.8992
116.455 39.9032
116.457 39.9059
116.473 39.9067
116.487 39.9141
116.495 39.9144
116.495 39.9144
116.512 39.9155
116.535 39.9151
116.542 39.9149
116.563 39.9146
116.572 39.8999
116.574 39.8921
116.595 39.8886
116.595 39.886
116.591 39.887
116.591 39.887
116.597 39.8879
116.595 39.8897
116.571 39.9057
116.571 39.9085
116.553 39.9085
116.553 39.9085
116.5 39.9068
116.472 39.9125
116.448 39.9122
116.444 39.9147
116.444 39.9184
116.455 39.912
116.472 39.8999
116.472 39.9066
116.472 39.9066
116.472 39.9066
116.446 39.9073
116.442 39.9216
116.453 39.9182
116.454 39.918
116.475 39.914
116.496 39.9141
116.512 39.917
116.522 39.9157
116.499 39.9147
116.499 39.9147
116.488 39.9141
116.488 39.9141
116.528 39.9155
116.53 39.9183
116.516 39.9158
116.487 39.9144
116.496 39.9144
116.512 39.9171
116.523 39.9157
116.539 39.9149
116.553 39.9147
116.569 39.9141
116.562 39.9133
116.582 39.9117
116.583 39.9115
116.595 39.9082
116.601 39.8931
116.568 39.8688
116.549 39.8677
116.462 39.8701
116.422 39.8482
116.413 39.8445
116.419 39.8564
116.431 39.8573
116.441 39.8573
116.455 39.876
116.461 39.8828
116.471 39.8829
116.474 39.8781
116.474 39.8781
116.472 39.9014
116.479 39.9043
116.514 39.9487
116.514 39.9487
116.511 39.9238
116.538 39.9151
116.562 39.9228
116.585 39.9157
116.57 39.8951
116.58 39.8924
116.582 39.8744
116.59 39.8619
116.594 39.8646
116.602 39.8916
116.603 39.8916
116.603 39.8916
116.59 39.8868
116.591 39.887
116.591 39.887
116.591 39.887
116.591 39.887
116.591 39.887
116.591 39.887
116.591 39.887
116.591 39.887
116.591 39.887
116.591 39.887
116.591 39.887
116.591 39.887
116.591 39.887
116.591 39.887
116.591 39.887
116.591 39.887
116.594 39.8859
116.594 39.8859
116.433 39.8634
116.433 39.8634
116.595 39.8875
116.6 39.8894
116.6 39.8894
116.6 39.8889
116.603 39.8889
116.603 39.8889
116.603 39.8889
116.603 39.8889
116.603 39.8838
116.593 39.8735
116.592 39.8511
116.592 39.8819
116.591 39.887
116.59 39.8868
116.59 39.8869
116.59 39.8863
116.594 39.8858
116.596 39.9015
116.594 39.9131
116.593 39.9113
116.586 39.9146
116.578 39.9273
116.577 39.9239
116.565 39.9145
116.553 39.9188
116.509 39.922
116.462 39.922
116.449 39.9241
116.456 39.9138
116.459 39.8726
116.458 39.8726
116.458 39.8726
116.457 39.8748
116.455 39.9188
116.455 39.9304
116.456 39.9326
116.456 39.933
116.456 39.933
116.433 39.9398
116.41 39.9173
116.411 39.9173
116.429 39.9227
116.443 39.9397
116.444 39.9387
116.449 39.9231
116.455 39.916
116.488 39.9051
116.511 39.929
116.511 39.9258
116.518 39.9113
116.524 39.9157
116.524 39.9157
116.524 39.9157
116.562 39.9117
116.561 39.9089
116.571 39.9126
116.571 39.9042
116.565 39.9009
116.568 39.8964
116.586 39.8928
116.595 39.8895
116.595 39.8859
