116.425 39.9397
116.41 39.9445
116.419 39.9528
116.419 39.958
116.402 39.9576
116.39 39.9499
116.374 39.95
116.358 39.9483
116.352 39.9553
116.365 39.9494
116.366 39.9481
116.388 39.9475
116.401 39.9477
116.423 39.9483
116.423 39.9483
116.428 39.9254
116.429 39.9151
116.437 39.907
116.47 39.9066
116.472 39.9019
116.487 39.9059
116.501 39.9081
116.491 39.9076
116.478 39.9143
116.472 39.9107
116.467 39.9074
116.455 39.918
116.441 39.9219
116.43 39.9232
116.428 39.943
116.402 39.9478
116.388 39.9477
116.376 39.9478
116.375 39.9772
116.302 39.9597
116.381 39.9818
116.375 39.9753
116.37 39.9566
116.37 39.9566
116.353 39.9548
116.351 39.9554
116.351 39.9555
116.352 39.9564
116.353 39.9567
116.364 39.9659
116.34 40.0388
116.343 40.0283
116.367 39.9955
116.375 39.9759
116.371 39.9866
116.348 39.986
116.341 39.9665
116.329 39.9664
116.297 39.9601
116.3 39.9598
116.314 39.9653
116.424 39.9681
116.436 39.9644
116.436 39.9644
116.454 39.9525
116.447 39.9467
116.444 39.9285
116.449 39.9256
116.445 39.9256
116.444 39.9083
116.432 39.9072
116.42 39.9145
116.428 39.9302
116.453 39.94
116.47 39.9526
116.465 39.9509
116.456 39.9482
116.445 39.9464
116.431 39.9436
116.41 39.9481
116.387 39.9499
116.388 39.9502
116.441 39.935
116.428 39.9324
116.403 39.9477
116.366 39.9475
116.352 39.9515
116.351 39.9554
116.351 39.9555
116.352 39.9504
116.349 39.942
116.326 39.9372
116.301 39.9423
116.301 39.9423
116.271 39.9454
116.269 39.9286
116.264 39.8883
116.255 39.8873
116.259 39.8986
116.268 39.9022
116.269 39.9123
116.27 39.9313
116.299 39.931
116.304 39.916
116.311 39.9061
116.323 39.9059
116.328 39.9155
116.328 39.9304
116.338 39.9339
116.338 39.9288
116.338 39.9197
116.36 39.9125
116.339 39.9171
116.328 39.9184
116.328 39.9271
116.321 39.9311
116.304 39.9472
116.311 39.9639
116.318 39.9495
116.322 39.9371
116.344 39.9385
116.348 39.9389
116.352 39.9427
116.36 39.9457
116.357 39.9447
116.354 39.9464
116.352 39.9537
116.352 39.9537
116.351 39.9554
116.349 39.9534
116.349 39.9534
116.348 39.9755
116.386 39.9864
116.39 39.987
116.347 39.9858
116.319 39.9781
116.319 39.9719
116.315 39.9659
116.301 39.9685
116.296 39.9736
116.3 39.9838
116.364 39.986
116.425 39.9877
116.471 39.9651
116.47 39.9526
116.465 39.9509
116.43 39.9398
116.428 39.921
116.428 39.921
116.429 39.9061
116.44 39.9053
116.436 39.9072
116.421 39.9128
116.41 39.9141
116.4 39.9184
116.385 39.921
116.375 39.9131
116.359 39.9127
116.355 39.9126
116.352 39.9127
116.35 39.9305
116.35 39.9425
116.352 39.9545
116.351 39.9554
116.35 39.9554
116.351 39.9553
116.566 40.0711
116.355 39.9568
116.351 39.9618
116.363 39.9662
116.352 39.9554
116.351 39.9554
116.351 39.9554
116.349 39.9541
116.348 39.9856
116.356 40
116.334 39.9994
116.33 39.9916
116.342 40.0064
116.347 39.9874
116.347 39.9617
116.355 39.9512
116.354 39.951
116.354 39.951
116.354 39.951
116.35 39.9509
116.35 39.9387
116.349 39.9574
116.319 39.9689
116.312 39.9748
116.306 39.9791
116.309 39.9815
116.318 39.9798
116.312 39.9735
116.303 39.9615
116.282 39.9583
116.285 39.941
116.285 39.941
116.295 39.9226
116.327 39.9216
116.344 39.9171
116.354 39.9128
116.354 39.9115
116.35 39.9259
116.347 39.931
116.321 39.9311
116.296 39.9311
116.279 39.925
116.269 39.9185
116.272 39.9314
116.297 39.9345
116.322 39.9373
116.35 39.9412
116.356 39.9469
116.355 39.9464
116.352 39.9554
116.351 39.9554
116.351 39.9554
116.351 39.9554
116.351 39.9554
116.347 39.9567
116.345 39.9568
116.343 39.9568
116.342 39.952
116.346 39.938
116.35 39.9323
116.349 39.9312
116.35 39.9149
116.355 39.9049
116.381 39.9059
116.395 39.9063
116.418 39.907
116.454 39.907
116.454 39.907
116.519 39.9038
116.519 39.9038
116.519 39.9038
116.519 39.9038
116.524 39.9071
116.55 39.9078
116.574 39.909
116.598 39.9077
116.628 39.905
116.633 39.9006
116.633 39.9006
116.634 39.8985
116.649 39.8901
116.669 39.8776
116.691 39.8638
116.697 39.8348
116.695 39.7928
116.669 39.7716
116.661 39.7729
116.691 39.777
116.695 39.8042
116.698 39.8448
116.689 39.8684
116.659 39.886
116.638 39.8935
116.622 39.9055
116.594 39.9083
116.571 39.9094
116.515 39.9198
116.496 39.9219
116.496 39.9219
116.472 39.9283
116.462 39.9325
116.445 39.9324
116.423 39.9323
116.396 39.9321
116.374 39.9311
116.373 39.9351
116.373 39.9554
116.351 39.9554
116.351 39.9554
116.352 39.953
116.35 39.9316
116.367 39.8984
116.401 39.8994
116.412 39.8992
116.401 39.9076
116.4 39.9227
116.374 39.9317
116.373 39.9543
116.365 39.9993
116.362 40.0038
116.351 40.0175
116.402 40.0204
116.402 40.0204
116.409 40.0405
116.406 40.0419
116.402 40.0189
116.381 40.0015
116.375 39.9736
116.364 39.9566
116.342 39.9568
116.351 39.9554
116.351 39.9554
116.351 39.9555
116.351 39.9555
116.349 39.9528
116.354 39.9392
116.346 39.9399
116.34 39.9561
116.355 39.951
116.303 39.9416
116.309 39.933
116.304 39.903
116.313 39.8537
116.359 39.8503
116.365 39.846
116.368 39.8657
116.368 39.8962
116.368 39.9053
116.367 39.9237
116.373 39.9354
116.374 39.9498
116.395 39.9673
116.411 39.9784
116.404 39.9818
116.388 39.9754
116.39 39.9755
116.39 39.9755
116.401 39.9688
116.411 39.9742
116.396 39.9729
116.384 39.9788
116.383 39.9755
116.364 39.9685
116.351 39.9555
116.351 39.9555
116.351 39.9555
116.351 39.9555
116.351 39.9554
116.343 39.9435
116.348 39.9567
116.351 39.9555
116.351 39.9555
116.351 39.9554
116.341 39.9537
116.346 39.9404
116.27 39.9455
116.27 39.9455
116.259 39.9232
116.234 39.9246
116.2 39.9124
116.213 39.9061
116.242 39.9027
116.251 39.9061
116.27 39.9062
116.304 39.9024
116.341 39.8965
116.368 39.8954
116.378 39.9005
116.375 39.9129
116.39 39.9271
116.411 39.9322
116.41 39.9492
116.412 39.9636
116.411 39.9843
116.408 39.9678
116.373 39.9611
116.352 39.9561
116.351 39.9554
116.351 39.9553
116.352 39.9554
116.35 39.9332
116.336 39.9221
116.338 39.9221
116.366 39.9226
116.367 39.9186
116.371 39.9213
116.371 39.9213
116.368 39.9138
116.351 39.9115
116.351 39.9168
116.365 39.9469
116.364 39.962
116.373 39.9856
116.359 40.0071
116.378 40.0213
116.404 40.0282
116.406 40.0484
116.415 40.0605
116.43 40.0656
116.434 40.0671
116.407 40.0666
116.407 40.0566
116.364 40.0598
116.326 40.0558
116.333 40.0397
116.345 40.0248
116.361 40.0039
116.347 39.9811
116.352 39.9556
116.351 39.9554
116.351 39.9551
116.351 39.9551
116.351 39.9551
116.351 39.9551
116.351 39.9551
116.351 39.9551
116.351 39.9551
116.351 39.9551
116.351 39.9551
116.351 39.9551
116.351 39.9551
116.351 39.9551
116.351 39.9551
116.351 39.9551
116.351 39.9551
116.351 39.9551
116.351 39.9551
116.351 39.9551
116.351 39.9551
116.351 39.9551
116.351 39.9551
116.351 39.9551
116.351 39.9551
116.351 39.9556
116.351 39.9554
116.349 39.9505
116.348 39.9501
116.35 39.9248
116.347 39.9103
116.346 39.9038
116.357 39.8904
116.378 39.888
116.378 39.888
116.395 39.8904
116.421 39.886
116.413 39.8927
116.427 39.8962
116.413 39.8957
116.401 39.8994
116.378 39.9059
116.338 39.9068
116.323 39.9221
116.331 39.9269
116.35 39.9208
116.35 39.9108
116.35 39.9037
116.342 39.8673
116.339 39.8131
116.334 39.7777
116.338 39.7474
116.339 39.739
116.336 39.7674
116.342 39.7975
116.339 39.8184
116.342 39.864
116.343 39.8651
116.344 39.8657
116.346 39.8666
116.346 39.8666
116.348 39.8676
116.348 39.8725
116.354 39.888
116.369 39.8944
116.374 39.8948
116.358 39.888
116.352 39.8899
116.351 39.8883
116.367 39.888
116.354 39.898
116.339 39.9123
116.338 39.9297
116.329 39.9585
116.327 39.984
116.327 39.9902
116.346 39.9853
116.352 39.9554
116.351 39.9555
116.352 39.955
116.355 39.946
116.337 39.936
116.328 39.931
116.328 39.931
116.318 39.948
116.326 39.9508
116.326 39.9508
116.338 39.9308
116.316 39.9224
116.279 39.923
116.277 39.907
116.277 39.9006
116.282 39.9118
116.306 39.9105
116.321 39.9061
116.351 39.8979
116.376 39.8986
