116.444 39.8449
116.444 39.8449
116.444 39.8449
116.448 39.8448
116.453 39.8492
116.453 39.8492
116.453 39.8482
116.453 39.8482
116.453 39.8484
116.453 39.8484
116.453 39.8484
116.452 39.8512
116.451 39.8519
116.451 39.8519
116.46 39.8517
116.462 39.8485
116.479 39.8467
116.479 39.8467
116.485 39.8421
116.47 39.8404
116.458 39.8331
116.453 39.833
116.448 39.8504
116.447 39.8602
116.452 39.8643
116.458 39.8921
116.467 39.8929
116.462 39.8921
116.455 39.8865
116.452 39.8865
116.45 39.8867
116.427 39.8923
116.381 39.8882
116.38 39.8883
116.368 39.888
116.363 39.888
116.353 39.8882
116.349 39.8879
116.349 39.8878
116.351 39.888
116.367 39.8877
116.371 39.8877
116.379 39.8837
116.389 39.8822
116.392 39.8804
116.387 39.8801
116.387 39.8839
116.384 39.8794
116.381 39.879
116.381 39.879
116.372 39.8774
116.364 39.8772
116.355 39.8768
116.347 39.8718
116.358 39.8653
116.38 39.8696
116.393 39.8641
116.397 39.864
116.415 39.8739
116.411 39.8719
116.415 39.8638
116.432 39.8691
116.438 39.8721
116.441 39.8733
116.449 39.8922
116.449 39.8922
116.464 39.907
116.493 39.9217
116.494 39.9218
116.494 39.9218
116.494 39.9218
116.501 39.9241
116.493 39.9219
116.482 39.9217
116.473 39.9216
116.472 39.9088
116.471 39.907
116.457 39.9072
116.438 39.9072
116.416 39.9069
116.416 39.9069
116.39 39.9063
116.385 39.899
109.534 19.5365
116.369 39.8985
116.346 39.8966
116.346 39.8966
116.322 39.896
116.328 39.8957
116.354 39.8978
116.368 39.8927
116.368 39.8886
116.358 39.8769
116.358 39.8707
116.358 39.8698
116.361 39.868
116.379 39.8691
116.382 39.8647
116.381 39.8565
116.401 39.8555
116.404 39.8556
116.45 39.8622
116.453 39.8644
116.453 39.8644
116.457 39.8569
116.452 39.8493
116.453 39.8484
116.453 39.8482
116.453 39.8482
116.449 39.8519
116.446 39.8596
116.427 39.8575
116.426 39.8575
116.416 39.8639
116.414 39.8848
116.413 39.8909
116.412 39.8918
116.412 39.8918
116.409 39.8918
116.406 39.8915
116.399 39.8867
116.398 39.8866
116.392 39.8696
116.4 39.8705
116.4 39.8705
116.4 39.8705
116.4 39.8705
116.4 39.8705
116.4 39.8705
116.4 39.8705
116.4 39.8705
116.4 39.8705
116.4 39.8705
116.4 39.8705
116.4 39.8705
116.4 39.8705
116.4 39.8705
116.4 39.8705
116.4 39.8705
116.4 39.8705
116.4 39.8705
116.4 39.8705
116.407 39.8703
116.412 39.864
116.413 39.864
116.426 39.8572
116.431 39.8574
116.44 39.8442
116.438 39.834
116.438 39.834
116.438 39.834
116.438 39.834
116.438 39.834
116.438 39.834
116.438 39.834
116.438 39.834
116.438 39.834
116.438 39.834
116.438 39.834
116.438 39.834
116.438 39.834
116.438 39.834
116.438 39.834
116.438 39.834
116.438 39.834
116.438 39.834
116.438 39.834
116.438 39.834
116.438 39.834
116.438 39.834
116.438 39.834
116.438 39.834
116.439 39.8524
116.451 39.852
116.453 39.8482
116.451 39.852
116.451 39.852
116.451 39.852
116.448 39.8532
116.429 39.8575
116.427 39.8574
116.415 39.8662
116.413 39.8859
116.412 39.8861
116.408 39.898
116.412 39.8966
116.412 39.8962
116.419 39.8922
116.42 39.8797
116.431 39.8771
116.451 39.87
116.454 39.8699
116.462 39.8699
116.458 39.8748
116.462 39.8793
116.455 39.8765
116.45 39.8777
116.45 39.8777
116.45 39.8825
116.454 39.883
116.456 39.9003
116.455 39.9072
116.454 39.9072
116.45 39.9072
116.444 39.9181
116.444 39.92
116.451 39.9122
116.454 39.9031
116.442 39.9027
116.444 39.9067
116.455 39.8935
116.455 39.8935
116.455 39.8927
116.451 39.8847
116.447 39.8832
116.432 39.8832
116.426 39.883
116.414 39.8854
116.395 39.8907
116.387 39.8888
116.384 39.8885
116.379 39.8917
116.378 39.8979
116.37 39.8986
116.347 39.8968
116.322 39.896
116.319 39.8958
116.336 39.896
116.345 39.8965
116.367 39.8981
116.367 39.888
116.358 39.888
116.366 39.8877
116.368 39.8772
116.381 39.8702
116.392 39.8693
116.403 39.8637
116.409 39.8638
116.414 39.8638
116.433 39.8692
116.438 39.8948
116.429 39.9196
116.434 39.9235
116.441 39.9215
116.444 39.9133
116.454 39.9117
116.464 39.9123
116.472 39.9084
116.472 39.9018
116.471 39.8961
116.471 39.8871
116.47 39.8665
116.465 39.8597
116.453 39.8554
116.453 39.8482
116.453 39.852
116.447 39.8597
116.446 39.8595
116.419 39.8569
116.413 39.8594
116.412 39.8598
116.412 39.8594
116.408 39.8605
116.395 39.8704
116.381 39.8753
116.376 39.8792
116.376 39.8817
116.376 39.8817
116.376 39.8817
116.376 39.8817
116.376 39.8817
116.376 39.8817
116.376 39.8817
116.376 39.8817
116.376 39.8817
116.376 39.8817
116.376 39.8817
116.376 39.8817
116.377 39.8815
116.381 39.8705
116.402 39.8706
116.415 39.8667
116.415 39.8667
116.416 39.8566
116.44 39.8574
116.442 39.8539
116.452 39.852
116.452 39.8516
116.452 39.8516
116.453 39.8482
116.432 39.8608
116.425 39.8611
116.426 39.8543
116.43 39.845
116.424 39.8631
116.427 39.8645
116.413 39.8935
116.412 39.8945
116.412 39.8959
116.432 39.8925
116.433 39.8925
116.449 39.8881
116.432 39.8831
116.43 39.8831
116.43 39.8673
116.418 39.8644
116.334 39.8479
116.331 39.8479
116.32 39.8465
116.342 39.8488
116.353 39.852
116.374 39.8484
116.381 39.8523
116.381 39.8758
116.373 39.8818
116.372 39.8818
116.392 39.87
116.403 39.8705
116.407 39.8639
116.408 39.8606
116.42 39.8651
116.413 39.8893
116.413 39.8915
116.411 39.8956
116.41 39.8956
116.41 39.8956
116.411 39.8957
116.415 39.8785
116.415 39.8703
116.432 39.8568
116.441 39.8338
116.441 39.8379
116.449 39.8519
116.452 39.8507
116.451 39.852
116.451 39.8519
116.443 39.8578
116.443 39.8578
116.443 39.8578
116.443 39.8578
116.444 39.8586
116.433 39.8672
116.431 39.8647
116.416 39.8643
116.416 39.8643
116.416 39.8643
116.411 39.8558
116.408 39.8484
116.408 39.8461
116.409 39.8425
116.414 39.8445
116.412 39.8445
116.417 39.8483
116.413 39.8555
116.412 39.8559
116.407 39.8588
116.408 39.86
116.416 39.8568
116.422 39.8642
116.423 39.8642
116.426 39.8645
116.43 39.8644
116.431 39.8645
116.431 39.8645
116.433 39.8666
116.432 39.8759
116.428 39.8826
116.424 39.8885
116.433 39.8695
116.432 39.8646
116.373 39.8987
116.355 39.8982
116.355 39.8982
116.347 39.9061
116.347 39.8977
116.368 39.8941
116.368 39.8825
116.368 39.8872
116.374 39.9044
116.378 39.8931
116.378 39.8917
116.379 39.8869
116.368 39.8913
116.368 39.893
116.378 39.895
116.394 39.8903
116.416 39.8826
116.415 39.8641
116.422 39.8567
116.448 39.8518
116.453 39.8483
116.453 39.8483
116.45 39.8519
116.44 39.8577
116.439 39.8577
116.431 39.8695
116.373 39.8692
116.348 39.8671
116.352 39.8879
116.354 39.8878
116.354 39.8877
116.355 39.8881
116.358 39.875
116.358 39.8693
116.388 39.8701
116.45 39.8518
116.452 39.8513
116.447 39.8597
116.436 39.8576
116.418 39.8702
116.416 39.8702
116.418 39.8702
116.416 39.8702
116.382 39.872
116.38 39.8776
116.378 39.882
116.376 39.8818
116.376 39.8818
116.376 39.8818
116.376 39.8818
116.376 39.8816
116.376 39.8816
116.376 39.8816
116.376 39.8822
116.377 39.8831
116.377 39.8831
116.377 39.8831
116.377 39.8831
116.377 39.8831
116.377 39.8831
116.377 39.8831
116.377 39.8831
116.377 39.8831
116.377 39.8831
116.377 39.8831
116.377 39.8831
116.377 39.8831
116.377 39.8831
116.377 39.8831
116.377 39.8831
116.377 39.8831
116.377 39.8831
116.377 39.8831
116.377 39.8831
116.377 39.8831
116.377 39.8831
116.377 39.8831
116.381 39.879
116.412 39.8697
116.423 39.8697
116.432 39.8581
116.451 39.852
116.452 39.8499
116.453 39.8482
116.441 39.8526
116.439 39.8527
116.441 39.8335
116.437 39.8346
116.437 39.8343
116.437 39.8343
116.437 39.8343
116.437 39.8343
116.439 39.8337
116.439 39.8337
116.439 39.8498
116.433 39.8543
116.432 39.8606
116.409 39.8708
116.407 39.8728
116.407 39.8728
116.407 39.8728
116.407 39.8728
116.407 39.8728
116.407 39.8728
116.407 39.8728
116.407 39.8728
116.407 39.8728
116.407 39.8728
116.407 39.8728
116.407 39.8728
116.407 39.8728
116.407 39.8728
116.407 39.8728
116.407 39.8728
116.407 39.8728
116.407 39.8728
116.407 39.8728
116.407 39.8728
116.407 39.8728
115.961 40.4536
116.414 39.8695
116.431 39.8573
116.431 39.8573
116.44 39.8443
116.438 39.8341
116.438 39.8341
116.438 39.8341
116.438 39.8341
116.438 39.8341
116.438 39.8341
116.438 39.8341
116.438 39.8341
116.438 39.8341
116.438 39.8341
116.438 39.8341
116.438 39.8341
116.438 39.8341
116.438 39.8341
116.438 39.8341
116.438 39.8341
116.438 39.8341
116.438 39.8341
116.438 39.8341
116.438 39.8341
116.438 39.8341
116.438 39.8341
116.438 39.8341
116.438 39.8341
116.438 39.8341
116.452 39.851
116.452 39.851
116.451 39.8634
116.455 39.867
116.467 39.8729
116.467 39.873
116.467 39.8731
116.467 39.8731
116.467 39.8731
116.467 39.8731
116.467 39.8731
116.467 39.8731
116.467 39.8731
116.467 39.8731
116.467 39.8731
116.467 39.8731
116.467 39.8731
116.467 39.8731
116.467 39.8731
116.467 39.8731
116.462 39.8725
116.461 39.8726
116.461 39.8726
116.461 39.8726
116.461 39.8726
116.461 39.8726
116.461 39.8726
116.461 39.8726
116.461 39.8726
116.461 39.8726
116.461 39.8726
116.461 39.8726
116.461 39.8726
116.461 39.8726
116.461 39.8726
116.461 39.8726
116.461 39.8726
116.461 39.8726
116.461 39.8726
116.461 39.8726
116.461 39.8726
116.461 39.8726
116.461 39.8726
116.461 39.8726
116.461 39.8726
116.461 39.8714
116.453 39.8642
116.457 39.8588
116.452 39.853
116.453 39.8491
116.453 39.8482
116.449 39.8519
116.443 39.858
116.463 39.8699
116.471 39.8868
116.471 39.8915
116.472 39.9061
116.472 39.9061
116.472 39.9165
116.479 39.9223
116.474 39.9218
