116.513 39.7921
116.517 39.7837
116.517 39.7835
116.517 39.7837
116.521 39.7831
116.524 39.779
116.524 39.7786
116.526 39.7753
116.537 39.7636
116.539 39.7609
116.541 39.7613
116.541 39.7607
116.541 39.7603
116.521 39.7824
116.519 39.7856
116.518 39.7858
116.504 39.8038
116.506 39.8011
116.508 39.7984
116.526 39.7751
116.537 39.7636
116.537 39.7513
116.54 39.7541
116.526 39.7747
116.526 39.7747
116.521 39.7826
116.514 39.7918
116.511 39.7948
116.508 39.7983
116.513 39.792
116.513 39.792
116.516 39.7891
116.52 39.7831
116.537 39.7636
116.537 39.7633
116.537 39.7572
116.54 39.7545
116.528 39.7808
116.515 39.7967
116.505 39.8054
116.496 39.8098
116.469 39.8343
116.475 39.8242
116.485 39.8143
116.496 39.8013
116.499 39.8026
116.496 39.8098
116.491 39.8082
116.526 39.9404
116.511 39.9299
116.511 39.9387
116.5 39.936
116.496 39.935
116.494 39.9342
116.485 39.9325
116.477 39.8449
116.466 39.8374
116.47 39.8298
116.485 39.8141
116.49 39.8081
116.496 39.8013
116.506 39.8016
116.502 39.7997
116.502 39.7997
116.516 39.7891
116.526 39.775
116.518 39.7858
116.511 39.7948
116.508 39.7981
116.506 39.8012
116.501 39.8075
116.491 39.8077
116.452 39.8642
116.455 39.8672
116.456 39.9025
116.456 39.9043
116.457 39.9065
116.471 39.9042
116.483 39.8705
116.474 39.8244
116.485 39.8142
116.503 39.8045
116.496 39.8015
116.485 39.8007
116.461 39.7972
116.457 39.8028
116.456 39.8046
116.449 39.812
116.426 39.8191
116.425 39.8191
116.449 39.812
116.45 39.8061
116.455 39.8047
116.511 39.7826
116.514 39.7839
116.526 39.7749
116.541 39.7614
116.542 39.76
116.542 39.7604
116.541 39.7608
116.541 39.7612
116.541 39.7616
116.539 39.7611
116.526 39.7748
116.524 39.779
116.521 39.7826
116.521 39.7827
116.518 39.7859
116.516 39.7888
116.506 39.8012
116.501 39.8075
116.491 39.8075
116.486 39.8137
116.475 39.8237
116.467 39.8366
116.467 39.8366
116.348 39.8446
116.34 39.845
116.342 39.8495
116.341 39.8633
116.341 39.8597
116.344 39.8601
116.346 39.8606
116.359 39.8676
116.382 39.8647
116.375 39.8606
116.379 39.8623
116.379 39.8623
116.381 39.8638
116.381 39.8638
116.386 39.8793
116.386 39.8792
116.387 39.8847
116.392 39.8851
116.392 39.8852
116.406 39.8869
116.415 39.8831
116.415 39.8831
116.425 39.8826
116.427 39.8829
116.433 39.8829
116.433 39.8829
116.434 39.8831
116.434 39.8877
116.434 39.8903
116.433 39.892
116.424 39.8924
116.427 39.8955
116.429 39.8961
116.433 39.8932
116.449 39.883
116.467 39.8376
116.466 39.8372
116.47 39.8297
116.47 39.8297
116.484 39.8008
116.487 39.7948
116.492 39.7904
116.487 39.7943
116.487 39.7943
116.501 39.7947
116.504 39.7962
116.504 39.8037
116.505 39.8015
116.505 39.8015
116.511 39.7951
116.538 39.7773
116.538 39.7775
116.538 39.7777
116.535 39.7727
116.521 39.7826
116.508 39.7981
116.506 39.8013
116.504 39.8036
116.504 39.8037
116.504 39.8039
116.501 39.8075
116.491 39.8083
116.456 39.9222
116.455 39.9195
116.455 39.919
116.452 39.9136
116.451 39.9122
116.444 39.9088
116.444 39.9079
116.438 39.9116
116.443 39.912
116.503 39.8051
116.501 39.8074
116.491 39.8079
116.466 39.8075
116.449 39.8222
116.446 39.8246
116.442 39.8294
116.441 39.844
116.441 39.8421
116.49 39.8082
116.493 39.8047
116.499 39.8026
116.503 39.804
116.507 39.8066
116.503 39.8047
116.499 39.8028
116.497 39.8016
116.492 39.7995
116.493 39.7906
116.501 39.7945
116.501 39.7944
116.504 39.8039
116.328 39.985
116.319 39.9826
116.319 39.9803
116.313 39.9797
116.312 39.9793
116.311 39.9792
116.312 39.9785
116.312 39.9794
116.312 39.9794
116.319 39.9752
116.319 39.9752
116.327 39.9752
116.332 39.975
116.333 39.9749
116.347 39.9752
116.363 39.9752
116.363 39.9749
116.364 39.9676
116.364 39.967
116.383 39.9667
116.455 39.9336
116.455 39.9335
116.455 39.9331
116.46 39.9324
116.466 39.9323
116.472 39.9323
116.483 39.9229
116.483 39.9223
116.508 39.9218
116.512 39.9216
116.512 39.9201
116.515 39.9156
116.466 39.8375
116.475 39.8243
116.485 39.8142
116.493 39.8047
116.496 39.8013
116.503 39.8041
116.508 39.7984
116.51 39.7953
116.516 39.789
116.517 39.7855
116.477 39.7923
116.478 39.7926
116.494 39.7935
116.494 39.7935
116.494 39.7935
116.494 39.7935
116.526 39.775
116.541 39.7614
116.542 39.7598
116.541 39.7612
116.541 39.7612
116.543 39.7613
116.543 39.7613
116.541 39.7613
116.54 39.7608
116.54 39.7545
116.54 39.7546
116.54 39.757
116.54 39.7606
116.542 39.7599
116.537 39.763
116.53 39.7702
116.521 39.7825
116.51 39.7897
116.502 39.7948
116.499 39.7978
116.497 39.801
116.494 39.8043
116.463 39.8068
116.463 39.8071
116.464 39.807
116.478 39.7996
116.489 39.8025
116.506 39.8101
116.507 39.8067
116.503 39.8048
116.507 39.7935
116.512 39.7872
116.517 39.7938
116.517 39.7938
116.515 39.7968
116.512 39.8
116.51 39.8033
116.507 39.8066
116.5 39.7988
116.5 39.7988
116.499 39.7984
116.493 39.7935
116.501 39.7948
116.504 39.7961
116.505 39.8013
116.513 39.792
116.508 39.7923
116.507 39.7928
116.502 39.7947
116.499 39.798
116.494 39.8042
116.494 39.8042
116.491 39.8075
116.455 39.8811
116.455 39.8825
116.419 39.9032
116.426 39.9036
116.43 39.9034
116.449 39.8831
116.456 39.883
116.461 39.8831
116.461 39.8831
116.456 39.9064
116.456 39.9066
116.456 39.9068
116.455 39.9051
116.455 39.8933
116.455 39.8933
116.455 39.8885
116.458 39.8667
116.494 39.8667
116.494 39.8667
116.494 39.8632
116.494 39.8632
116.497 39.8596
116.497 39.8597
116.489 39.9216
116.501 39.9215
116.501 39.9214
116.501 39.92
116.502 39.9195
116.501 39.9213
116.496 39.9212
116.491 39.9217
116.48 39.9219
116.483 39.8706
116.483 39.8705
116.466 39.8374
116.47 39.8295
116.485 39.8143
116.496 39.8014
116.504 39.804
116.503 39.8045
116.501 39.8075
116.491 39.8083
116.491 39.9217
116.511 39.9297
116.511 39.9336
116.509 39.9336
116.506 39.81
116.442 39.8312
116.453 39.8325
116.441 39.8311
116.443 39.8264
116.448 39.8227
116.466 39.8078
116.474 39.8
116.474 39.7995
116.499 39.8026
116.511 39.7952
116.491 39.8076
116.486 39.8139
116.475 39.8239
116.441 39.844
116.437 39.8444
116.423 39.8483
116.417 39.8484
116.422 39.8567
116.503 39.8039
116.502 39.7951
116.494 39.7935
116.494 39.7897
116.494 39.79
116.501 39.7947
116.509 39.8035
116.515 39.7971
116.516 39.789
116.501 39.8072
116.499 39.8072
116.496 39.8015
116.484 39.7951
116.484 39.7951
116.479 39.7933
116.479 39.8
116.486 39.7921
116.488 39.7889
116.501 39.7946
116.501 39.7948
116.504 39.7961
116.511 39.7947
116.513 39.7921
116.516 39.7891
116.52 39.7907
116.51 39.8032
116.507 39.8065
116.503 39.8048
116.499 39.8028
116.502 39.7997
116.513 39.7922
116.516 39.789
116.517 39.7851
116.539 39.7607
116.539 39.7607
116.541 39.7614
116.542 39.7599
116.542 39.7599
116.541 39.7615
116.535 39.7579
116.534 39.7555
116.534 39.7561
116.534 39.7561
116.535 39.7572
116.535 39.7578
116.535 39.758
116.535 39.758
116.535 39.758
116.541 39.7605
116.542 39.76
116.541 39.7603
116.53 39.7702
116.524 39.7789
116.517 39.7837
116.511 39.7948
116.508 39.7981
116.506 39.8013
116.48 39.7998
116.474 39.8001
116.466 39.8072
116.463 39.8067
116.473 39.801
116.48 39.7997
116.483 39.7954
116.486 39.7954
116.491 39.7899
116.489 39.7889
116.474 39.7943
116.462 39.797
116.457 39.8028
116.449 39.8169
116.448 39.8211
116.466 39.8076
116.474 39.7992
116.474 39.7991
116.488 39.7888
116.488 39.7888
116.492 39.7903
116.495 39.7878
116.512 39.7871
116.524 39.779
116.526 39.7751
116.539 39.761
116.55 39.7621
116.55 39.761
116.55 39.761
116.55 39.7622
116.547 39.7616
116.548 39.7601
116.55 39.7577
116.54 39.7543
116.54 39.7606
116.524 39.7787
116.521 39.7826
116.518 39.7938
116.515 39.7968
116.504 39.8038
116.503 39.8045
116.496 39.8098
116.488 39.954
116.488 39.9542
116.488 39.9556
116.488 39.9549
116.482 39.9561
116.491 39.8082
116.486 39.814
116.475 39.8238
116.467 39.8366
116.442 39.8312
116.442 39.8414
116.442 39.8415
116.441 39.844
116.441 39.8313
116.496 39.8012
116.504 39.804
116.502 39.7997
116.509 39.7904
116.508 39.766
116.514 39.7713
116.522 39.7664
116.539 39.761
116.541 39.7614
116.541 39.76
116.524 39.7788
116.521 39.7826
116.539 39.7608
116.541 39.7614
116.541 39.7614
116.541 39.7606
116.541 39.7606
116.542 39.76
116.541 39.7613
116.541 39.7613
116.541 39.7616
116.541 39.7616
116.549 39.7583
116.55 39.7578
116.549 39.7582
116.549 39.7569
116.542 39.7547
116.542 39.7547
116.457 39.7251
116.34 39.7208
116.338 39.7167
116.319 39.5335
116.319 39.5333
116.304 39.4607
116.303 39.4298
116.325 39.3349
116.325 39.3339
116.383 39.1329
116.384 39.115
116.384 39.1104
116.385 39.0967
116.082 38.4464
116.08 38.4422
116.08 38.4422
116.078 38.4373
116.121 38.1171
116.121 38.1171
116.115 38.0751
116.16 37.8728
116.25 37.6985
116.274 37.6987
116.275 37.6915
116.28 37.6914
116.281 37.6913
116.358 37.7337
116.358 37.7337
116.358 37.7337
115.858 37.7934
115.749 37.7484
115.704 37.734
115.696 37.7359
115.696 37.7363
115.697 37.7368
115.697 37.7368
