116.458 39.8995
116.471 39.8993
116.483 39.9045
116.491 39.9065
116.491 39.9065
116.491 39.9065
116.491 39.9065
116.504 39.9071
116.451 39.9028
116.438 39.8734
116.39 39.8708
116.394 39.8531
116.397 39.8507
116.394 39.8752
116.405 39.8869
116.41 39.8959
116.421 39.8961
116.417 39.9024
116.421 39.9049
116.421 39.9049
116.421 39.9049
116.421 39.9049
116.421 39.9049
116.421 39.9049
116.421 39.9049
116.421 39.9049
116.421 39.9049
116.421 39.9049
116.421 39.9049
116.421 39.9049
116.421 39.9049
116.421 39.9049
116.422 39.9048
116.42 39.9138
116.42 39.9311
116.427 39.9329
116.443 39.9323
116.453 39.9323
116.456 39.9362
116.464 39.9435
116.468 39.9366
116.472 39.9234
116.523 39.908
116.521 39.8955
116.524 39.9098
116.518 39.9159
116.538 39.9149
116.545 39.9147
116.545 39.9147
116.571 39.9134
116.588 39.9106
116.616 39.9125
116.641 39.9213
116.684 39.9155
116.706 39.9165
116.735 39.92
116.77 39.9233
116.769 39.9247
116.769 39.9247
116.769 39.9247
116.769 39.9247
116.769 39.9247
116.769 39.9247
116.769 39.9247
116.769 39.9247
116.769 39.9247
116.769 39.9247
116.769 39.9247
116.769 39.9247
116.769 39.9247
116.769 39.9247
116.769 39.9247
116.769 39.9247
116.769 39.9247
116.769 39.9247
116.769 39.9247
116.769 39.9247
116.769 39.9247
116.769 39.9247
116.769 39.9247
116.769 39.9247
116.769 39.9247
116.769 39.9247
116.769 39.9247
116.769 39.9247
116.769 39.9247
116.769 39.9247
116.769 39.9247
116.769 39.9247
116.769 39.9247
116.769 39.9247
116.769 39.9247
116.769 39.9247
116.769 39.9247
116.769 39.9247
116.769 39.9247
116.769 39.9247
116.769 39.9247
116.769 39.9247
116.769 39.9247
116.769 39.9247
116.769 39.9247
116.769 39.9247
116.77 39.9247
116.77 39.9247
116.757 39.9249
116.742 39.9436
116.701 39.9365
116.586 39.9086
116.556 39.9085
116.549 39.9084
116.516 39.9074
116.491 39.9065
116.491 39.9065
116.492 39.9065
116.492 39.9065
116.504 39.9057
116.491 39.9065
116.522 39.9079
116.5 39.9068
116.421 39.9037
116.426 39.9041
116.491 39.9069
116.442 39.9024
116.433 39.8925
116.413 39.892
116.412 39.8959
116.417 39.8992
116.426 39.9068
116.421 39.9038
116.452 39.907
116.486 39.9057
116.49 39.9065
116.49 39.9065
116.472 39.9072
116.454 39.9072
116.442 39.9072
116.429 39.9071
116.422 39.9069
116.469 39.9036
116.49 39.9065
116.492 39.9065
116.492 39.9065
116.492 39.9065
116.492 39.9065
116.492 39.9065
116.492 39.9065
116.523 39.9085
116.482 39.907
116.476 39.907
116.463 39.9071
116.455 39.8752
116.427 39.8574
116.404 39.8558
116.393 39.8548
116.407 39.8556
116.407 39.8556
116.455 39.8695
116.461 39.8826
116.456 39.893
116.483 39.9046
116.492 39.9065
116.492 39.9063
116.494 39.9069
116.447 39.9071
116.432 39.9072
116.427 39.9417
116.382 39.9476
116.385 39.9502
116.398 39.9501
116.418 39.948
116.428 39.9351
116.429 39.9075
116.421 39.9048
116.49 39.9067
116.515 39.915
116.512 39.9161
116.496 39.9219
116.484 39.9319
116.469 39.9383
116.469 39.9383
116.463 39.9431
116.455 39.934
116.455 39.9197
116.455 39.8934
116.455 39.8933
116.456 39.9046
116.468 39.9066
116.483 39.9045
116.527 39.9081
116.594 39.9079
116.65 39.9213
116.689 39.9153
116.698 39.9174
116.684 39.9154
116.688 39.915
116.703 39.9172
116.704 39.917
116.708 39.9123
116.708 39.9126
116.769 39.9246
116.769 39.9246
116.769 39.9246
116.769 39.9246
116.769 39.9246
116.769 39.9246
116.769 39.9246
116.769 39.9246
116.769 39.9246
116.769 39.9246
116.769 39.9246
116.769 39.9246
116.769 39.9246
116.769 39.9246
116.769 39.9246
116.769 39.9246
116.769 39.9246
116.769 39.9246
116.769 39.9246
116.769 39.9246
116.769 39.9246
116.769 39.9246
116.769 39.9246
116.769 39.9246
116.769 39.9246
116.769 39.9246
116.769 39.9246
116.769 39.9246
116.769 39.9246
116.769 39.9246
116.769 39.9246
116.769 39.9246
116.769 39.9246
116.769 39.9246
116.769 39.9246
116.769 39.9246
116.769 39.9246
116.769 39.9246
116.769 39.9246
116.769 39.9246
116.769 39.9246
116.769 39.9246
116.769 39.9246
116.769 39.9246
116.769 39.9246
116.769 39.9246
116.769 39.9245
116.769 39.9245
116.769 39.9245
116.769 39.9246
116.757 39.939
116.778 39.9406
116.798 39.9469
116.798 39.9468
116.798 39.9468
116.798 39.9468
116.789 39.9466
116.762 39.9419
116.729 39.9451
116.73 39.919
116.729 39.9134
116.729 39.9134
116.729 39.9134
116.729 39.9134
116.729 39.9137
116.709 39.9143
116.708 39.9123
116.709 39.9143
116.709 39.9143
116.709 39.9143
116.709 39.9143
116.709 39.9143
116.711 39.9157
116.692 39.9113
116.692 39.9113
116.692 39.9113
116.692 39.9113
116.692 39.9113
116.692 39.9113
116.682 39.9178
116.652 39.9266
116.654 39.9581
116.651 39.9613
116.651 39.9613
116.651 39.9613
116.651 39.9613
116.651 39.9613
116.651 39.9612
116.651 39.9614
116.651 39.9614
116.651 39.9613
116.651 39.9613
116.651 39.9613
116.651 39.9613
116.651 39.9613
116.651 39.9613
116.651 39.9613
116.651 39.9613
116.651 39.9613
116.651 39.9613
116.651 39.9613
116.651 39.9613
116.651 39.9613
116.651 39.9613
116.651 39.9613
116.651 39.9613
116.651 39.9613
116.652 39.9613
116.652 39.9371
116.652 39.9142
116.661 39.9082
116.661 39.9083
116.661 39.9087
116.661 39.9087
116.661 39.9087
116.661 39.9087
116.661 39.9087
116.661 39.9087
116.662 39.9083
116.708 39.9123
116.708 39.9123
116.708 39.9123
116.708 39.9123
116.708 39.9123
116.708 39.9123
116.724 39.9145
116.724 39.9145
116.726 39.9142
116.726 39.9142
116.72 39.909
116.72 39.909
116.72 39.909
116.72 39.909
116.72 39.909
116.72 39.909
116.72 39.909
116.72 39.909
116.72 39.909
116.72 39.909
116.72 39.909
116.72 39.909
116.72 39.909
116.72 39.909
116.718 39.9092
116.718 39.9092
116.708 39.9123
116.708 39.9123
116.708 39.9123
116.708 39.9123
116.708 39.9123
116.708 39.9123
116.708 39.9123
116.708 39.913
116.692 39.9162
116.685 39.9143
116.633 39.9185
116.556 39.9084
116.639 39.9216
116.696 39.9168
116.709 39.9149
116.709 39.9143
116.709 39.9143
116.709 39.9143
116.709 39.9143
116.709 39.9143
116.709 39.9143
116.709 39.9143
116.709 39.9143
116.709 39.9143
116.709 39.9143
116.709 39.9143
116.709 39.9143
116.709 39.9143
116.709 39.9143
116.709 39.9143
116.709 39.9143
116.709 39.9143
116.69 39.9106
116.69 39.911
116.684 39.9154
116.709 39.9157
116.772 39.9262
116.769 39.94
116.769 39.9399
116.769 39.9399
116.769 39.9399
116.769 39.9399
116.769 39.9399
116.769 39.9399
116.769 39.9399
116.769 39.9399
116.769 39.9399
116.769 39.9399
116.769 39.9399
116.769 39.9399
116.769 39.9399
116.769 39.9399
116.772 39.9287
116.769 39.9248
116.769 39.9248
116.769 39.9248
116.769 39.9248
116.769 39.9248
116.769 39.9248
116.769 39.9248
116.769 39.9248
116.769 39.9248
116.769 39.9248
116.769 39.9248
116.769 39.9248
116.769 39.9248
116.769 39.9246
116.769 39.9246
116.769 39.9246
116.77 39.9248
116.752 39.9188
116.69 39.9111
116.681 39.923
116.627 39.9155
116.492 39.9068
116.432 39.9072
116.44 39.8793
116.394 39.8704
116.379 39.8693
116.387 39.8805
116.406 39.8868
116.406 39.8868
116.406 39.8868
116.429 39.8922
116.43 39.9044
116.43 39.9044
116.427 39.9466
116.402 39.9549
116.423 39.958
116.427 39.9454
116.43 39.9063
116.421 39.9048
116.421 39.9048
116.421 39.9048
116.421 39.9048
116.421 39.9048
116.421 39.9048
116.421 39.9048
116.421 39.9048
116.422 39.9048
116.514 39.9069
116.491 39.9065
116.491 39.9065
116.491 39.9065
116.491 39.9065
116.491 39.9065
116.491 39.9065
116.491 39.9065
116.491 39.9065
116.491 39.9065
116.491 39.9065
116.491 39.9065
116.491 39.9065
116.491 39.9065
116.491 39.9065
116.492 39.9065
116.493 39.9065
116.491 39.9065
116.491 39.9065
116.491 39.9064
116.491 39.9064
116.491 39.9064
116.491 39.9064
116.491 39.9064
116.492 39.9065
116.492 39.9065
116.523 39.908
116.515 39.9072
116.492 39.9065
116.492 39.9065
116.492 39.9065
116.492 39.9065
116.492 39.9065
116.486 39.907
116.439 39.9071
116.439 39.9071
116.429 39.9038
116.423 39.9039
116.423 39.904
116.423 39.904
116.423 39.9039
116.423 39.9036
116.423 39.9036
116.426 39.907
116.472 39.903
116.472 39.9012
116.472 39.906
116.472 39.9065
116.454 39.9122
116.464 39.9068
116.488 39.9062
116.595 39.911
116.619 39.9128
116.688 39.9148
116.688 39.9148
116.721 39.9146
116.731 39.9105
116.731 39.9105
116.731 39.9105
116.731 39.9105
116.731 39.9105
116.73 39.9113
116.769 39.9246
116.769 39.9246
116.769 39.9246
116.769 39.9246
116.769 39.9246
116.769 39.9246
116.769 39.9246
116.769 39.9246
116.769 39.9246
116.769 39.9246
116.769 39.9246
116.769 39.9246
116.769 39.9246
116.769 39.9246
116.769 39.9246
116.769 39.9246
116.769 39.9246
116.769 39.9246
116.769 39.9246
116.769 39.9246
116.769 39.9246
116.769 39.9246
116.769 39.9246
116.508 39.9246
116.769 39.9247
116.769 39.9247
116.769 39.9247
116.757 39.9194
116.711 39.9154
116.708 39.9123
116.728 39.8915
116.745 39.8516
116.772 39.8163
116.784 39.7765
116.785 39.7378
116.774 39.6807
116.801 39.6762
116.801 39.6762
116.801 39.6762
116.799 39.6742
116.783 39.7119
116.776 39.7692
116.774 39.8032
116.761 39.8442
116.729 39.8946
116.708 39.9122
116.708 39.9123
116.712 39.9152
116.708 39.9123
116.709 39.9144
116.712 39.9152
116.712 39.9153
116.712 39.9153
116.712 39.9153
116.712 39.9153
116.712 39.9153
116.712 39.9153
116.712 39.9153
116.712 39.9153
116.712 39.9153
116.712 39.9153
116.712 39.9153
116.712 39.9153
116.712 39.9153
116.712 39.9153
116.709 39.9143
116.708 39.9123
116.708 39.9122
116.709 39.9143
116.709 39.9142
116.709 39.9142
116.708 39.9123
116.708 39.9123
116.708 39.9123
116.708 39.9123
116.708 39.9123
116.708 39.9123
116.708 39.9123
116.708 39.9123
116.694 39.9127
116.69 39.9151
116.69 39.9151
116.69 39.9151
116.691 39.9125
116.71 39.9149
116.687 39.9115
116.706 39.9163
116.73 39.9104
116.73 39.9104
116.73 39.9104
116.73 39.9133
116.709 39.9143
116.709 39.9143
116.709 39.9143
116.709 39.9143
116.711 39.9156
116.689 39.9106
116.69 39.9109
116.688 39.9101
116.688 39.9103
116.688 39.9103
116.688 39.9103
116.688 39.9103
116.688 39.9103
116.688 39.9103
116.688 39.9103
116.688 39.9103
116.688 39.9103
116.688 39.9103
116.688 39.9103
116.688 39.9103
116.688 39.9103
116.688 39.9103
116.688 39.9103
116.688 39.9102
116.688 39.9102
116.688 39.9102
116.71 39.9149
116.709 39.9143
116.709 39.9143
116.709 39.9143
116.709 39.915
116.708 39.9122
116.708 39.9121
116.708 39.9121
116.708 39.9121
116.708 39.9121
116.708 39.9121
116.708 39.9121
116.709 39.915
116.709 39.9143
116.709 39.9143
116.709 39.9143
116.709 39.9143
116.709 39.9143
116.709 39.9143
116.709 39.9143
116.709 39.9143
116.709 39.9143
116.709 39.9143
116.709 39.9143
116.709 39.9143
116.709 39.9143
116.709 39.9143
116.709 39.9143
116.709 39.9148
116.691 39.9159
116.695 39.9166
116.738 39.9197
116.771 39.9232
116.771 39.9232
116.769 39.9246
116.769 39.9247
116.769 39.9247
116.769 39.9247
116.769 39.9247
116.769 39.9247
116.769 39.9247
116.769 39.9247
116.769 39.9247
116.769 39.9247
116.769 39.9247
116.769 39.9247
116.769 39.9247
116.769 39.9247
116.769 39.9247
116.769 39.9247
116.769 39.9247
116.769 39.9247
116.769 39.9247
116.769 39.9247
116.769 39.9247
116.769 39.9247
116.769 39.9247
116.769 39.9247
116.769 39.9246
116.769 39.9246
116.769 39.9247
116.769 39.9247
116.769 39.9247
116.769 39.9247
116.769 39.9247
116.769 39.9247
116.769 39.9247
116.769 39.9247
116.769 39.9247
116.769 39.9247
116.769 39.9247
116.769 39.9247
116.769 39.9247
116.769 39.9247
116.769 39.9247
116.769 39.9247
116.769 39.9247
116.769 39.9247
116.769 39.9247
116.769 39.9247
116.769 39.9247
116.769 39.9247
116.769 39.9247
116.769 39.9247
116.769 39.9247
116.769 39.9247
116.769 39.9247
116.769 39.9247
116.769 39.9247
116.769 39.9247
116.769 39.9247
116.769 39.9247
116.769 39.9247
116.769 39.9247
116.769 39.9247
116.769 39.9247
116.769 39.9247
116.769 39.9247
116.769 39.9247
116.769 39.9247
116.769 39.9247
116.769 39.9247
116.769 39.9247
116.769 39.9247
116.769 39.9247
116.769 39.9247
116.769 39.9247
116.769 39.9247
116.769 39.9247
116.769 39.9247
116.769 39.9247
116.771 39.9232
116.771 39.9234
116.771 39.9234
116.766 39.923
116.73 39.9197
116.73 39.9122
116.73 39.9045
116.688 39.8912
116.688 39.8912
116.667 39.8913
116.65 39.8872
116.65 39.8892
116.65 39.8893
116.65 39.8893
116.65 39.8893
116.65 39.8893
116.65 39.8893
116.65 39.8893
116.65 39.8893
116.65 39.8893
116.65 39.8893
116.65 39.8893
116.659 39.8856
116.651 39.8918
116.649 39.8938
116.649 39.8941
116.646 39.8937
116.647 39.8949
116.647 39.8949
116.645 39.8915
116.625 39.9055
116.59 39.9109
116.58 39.9239
116.529 39.9225
116.503 39.922
116.481 39.9235
116.481 39.9239
116.481 39.9239
116.481 39.9239
116.481 39.9239
116.49 39.9217
116.522 39.9225
116.571 39.923
116.585 39.9116
116.613 39.9038
116.641 39.8923
116.65 39.8893
116.65 39.8892
116.65 39.8891
116.65 39.8891
116.65 39.8891
116.65 39.8891
116.65 39.8891
116.65 39.8891
116.65 39.8891
116.65 39.8891
116.652 39.8888
116.663 39.8852
116.667 39.899
116.663 39.9075
116.663 39.9084
116.663 39.9084
116.663 39.9084
116.663 39.9084
116.663 39.9084
116.663 39.9084
116.663 39.9084
116.663 39.9084
116.663 39.9084
116.663 39.9084
116.663 39.9084
116.663 39.9084
116.663 39.9084
116.663 39.9084
116.663 39.9084
116.663 39.9084
116.684 39.9134
116.689 39.9152
116.73 39.9104
116.73 39.9105
116.73 39.9105
116.73 39.9105
