116.314 39.9376
116.259 39.8955
116.242 39.8963
116.224 39.8942
116.223 39.8909
116.24 39.8882
116.259 39.8933
116.259 39.8946
116.254 39.9062
116.234 39.9062
116.23 39.9062
116.247 39.9062
116.247 39.9089
116.308 39.8568
116.288 39.8579
116.271 39.8785
116.268 39.9011
116.219 39.9754
116.242 39.9719
116.257 39.9709
116.312 39.972
116.318 39.9656
116.328 39.9605
116.328 39.9605
116.328 39.9494
116.34 39.9753
116.328 39.9714
116.304 39.9246
116.304 39.912
116.304 39.9116
116.309 39.8852
116.327 39.8886
116.343 39.8764
116.343 39.8731
116.343 39.8731
116.337 39.9312
116.33 39.9312
116.304 39.9459
116.298 39.9547
116.289 39.9114
116.288 39.9063
116.269 39.8991
116.278 39.9086
116.277 39.9051
116.255 39.896
116.318 39.8956
116.318 39.8956
116.319 39.8956
116.296 39.9106
116.294 39.9062
116.4 39.9065
116.434 39.9228
116.435 39.9239
116.426 39.9237
116.39 39.9335
116.374 39.9471
116.36 39.9565
116.363 39.9565
116.366 39.9482
116.355 39.9439
116.352 39.9432
116.349 39.9312
116.317 39.9269
116.315 39.927
116.319 39.9272
116.357 39.8903
116.336 39.8956
116.347 39.8969
116.35 39.9193
116.35 39.9242
116.357 39.9444
116.402 39.9474
116.402 39.9499
116.401 39.949
116.388 39.9483
116.387 39.9488
116.373 39.9518
116.351 39.9568
116.349 39.9567
116.342 39.9568
116.342 39.9504
116.277 39.9001
116.27 39.9516
116.279 39.9559
116.311 39.9641
116.314 39.9651
116.314 39.9651
116.315 39.9655
116.328 39.9682
116.328 39.9681
116.33 39.9674
116.304 39.9274
116.281 39.9232
116.256 39.9233
116.255 39.9233
116.258 39.9094
116.261 39.9228
116.269 39.9629
116.402 39.9809
116.394 39.9872
116.31 39.9845
116.278 40.0177
116.277 40.0192
116.277 40.0192
116.289 39.9938
116.29 39.992
116.268 39.9425
116.269 39.9206
116.268 39.8926
116.259 39.8928
116.259 39.8947
116.23 39.896
116.223 39.9006
116.31 39.98
116.327 39.9796
116.328 39.9804
116.319 39.98
116.312 39.984
116.317 39.9841
116.346 40.0077
116.346 40.0127
116.346 39.9981
116.34 39.9857
116.333 39.9853
116.31 39.9811
116.311 39.978
116.312 39.9732
116.27 39.899
116.27 39.899
116.27 39.899
116.271 39.9061
116.278 39.9116
116.281 39.9116
116.268 39.9087
116.236 39.896
116.215 39.9027
116.21 39.8983
116.204 39.8881
116.21 39.8981
116.215 39.9051
116.215 39.9054
116.237 39.9062
116.237 39.9062
116.247 39.9145
116.249 39.9165
116.278 39.9229
116.282 39.923
116.3 39.931
116.3 39.923
116.295 39.9229
116.279 39.9231
116.247 39.8954
116.247 39.9051
116.254 39.9062
116.26 39.9062
116.268 39.9059
116.268 39.8982
116.346 39.9052
116.342 39.8973
116.341 39.8578
116.339 39.8113
116.322 39.7969
116.326 39.7869
116.316 39.7933
116.307 39.8181
116.337 39.8296
116.348 39.8667
116.348 39.8689
116.326 39.8668
116.28 39.8644
116.278 39.8643
116.252 39.8561
116.252 39.8568
116.252 39.8571
116.259 39.8948
116.259 39.8953
116.277 39.899
116.277 39.899
116.289 39.9012
116.289 39.8944
116.277 39.9058
116.276 39.9063
116.268 39.9059
116.268 39.9059
116.263 39.9079
116.259 39.9162
116.262 39.9231
116.272 39.9314
116.302 39.931
116.304 39.9384
116.305 39.9498
116.32 39.9371
116.338 39.9372
116.349 39.9359
116.35 39.9219
116.35 39.9142
116.35 39.9101
116.321 39.9064
116.321 39.9064
116.315 39.9095
116.315 39.9073
116.314 39.8959
116.305 39.8784
116.292 39.868
116.285 39.8764
116.311 39.883
116.318 39.8832
116.32 39.8832
116.323 39.8868
116.319 39.883
116.315 39.8854
116.315 39.8878
116.305 39.8839
116.293 39.8847
116.328 39.8666
116.472 39.8987
116.472 39.9029
116.472 39.9032
116.472 39.9032
116.437 39.895
116.343 39.8707
116.343 39.8717
116.338 39.8964
116.29 39.9173
116.261 39.9233
116.258 39.9235
116.258 39.9232
116.251 39.9064
116.257 39.9164
116.259 39.9068
116.259 39.8971
116.259 39.8965
116.251 39.871
116.235 39.8548
116.269 39.8991
116.251 39.9027
116.267 39.899
116.267 39.899
116.277 39.899
116.278 39.9104
116.326 39.8474
116.306 39.8671
116.305 39.8795
116.305 39.8816
116.289 39.8859
116.289 39.8962
116.275 39.8992
116.269 39.9062
116.259 39.9068
116.268 39.9119
116.268 39.9119
116.268 39.9083
116.267 39.8994
116.272 39.8991
116.272 39.8987
116.261 39.9027
116.268 39.9328
116.258 39.9235
116.259 39.9128
116.259 39.9128
116.248 39.9063
116.226 39.9062
116.226 39.9062
116.22 39.9062
116.193 39.9089
116.209 39.9061
116.213 39.9061
116.21 39.8981
116.212 39.8985
116.259 39.9028
116.257 39.9026
116.242 39.9027
116.215 39.9049
116.215 39.905
116.235 39.9061
116.258 39.9061
116.269 39.9213
116.28 39.9559
116.282 39.956
116.297 39.9588
116.3 39.9733
116.331 39.9848
116.371 39.9896
116.349 40.0196
116.315 40.0651
116.32 40.0699
116.323 40.0755
116.323 40.0754
116.344 40.0773
116.344 40.0741
116.321 40.0763
116.317 40.061
116.319 40.0574
116.335 40.0375
116.313 40.0362
116.309 40.0362
116.345 39.9857
116.334 39.9919
116.327 39.9915
116.286 39.9584
116.287 39.9568
116.344 39.9663
116.375 39.9686
116.371 39.9904
116.348 40.0235
116.338 40.0294
116.335 40.0295
116.344 40.0263
116.317 39.9798
116.319 39.9673
116.315 39.966
116.301 39.9644
116.302 39.9612
116.319 39.9392
116.314 39.9314
116.304 39.9128
116.311 39.8984
116.28 39.8991
116.279 39.9116
116.279 39.9116
116.289 39.9076
116.293 39.8997
116.289 39.8994
116.289 39.9059
116.289 39.9054
116.288 39.9064
116.278 39.9084
116.277 39.9269
116.277 39.9148
116.278 39.9116
116.288 39.9063
116.286 39.9089
116.289 39.9068
116.304 39.8931
116.309 39.8823
116.305 39.8859
116.313 39.8956
116.314 39.8954
116.304 39.8922
116.304 39.8882
116.306 39.8843
116.3 39.8817
116.3 39.8817
116.581 40.0483
116.583 40.0638
116.583 40.0504
116.579 40.0474
116.521 40.0181
116.521 40.0181
116.471 39.977
116.466 39.9731
116.446 39.9725
116.447 39.967
116.446 39.9662
116.422 39.9685
116.42 39.9609
116.419 39.9609
116.408 39.968
116.387 39.9673
116.382 39.9672
116.368 39.9698
116.367 39.9668
116.364 39.9669
116.365 39.9545
116.358 39.9448
116.35 39.9201
116.351 39.9124
116.351 39.9115
116.342 39.906
116.328 39.9033
116.315 39.8959
116.317 39.8956
116.318 39.8956
116.309 39.9063
116.282 39.9064
116.279 39.9064
116.308 39.9199
116.304 39.92
116.289 39.9063
116.289 39.9063
116.287 39.9062
116.301 39.9061
116.304 39.9369
116.333 39.9372
116.319 39.9312
116.315 39.9311
116.283 39.9231
116.279 39.9232
116.23 39.8985
116.261 39.8925
116.248 39.8959
116.248 39.8959
116.262 39.8955
116.285 39.9228
116.295 39.9229
116.295 39.9259
116.304 39.9105
116.259 39.8926
116.413 39.8999
116.406 39.8996
116.33 39.9065
116.315 39.9098
116.296 39.911
116.283 39.9229
116.291 39.9226
116.304 39.9007
116.315 39.895
116.315 39.895
116.316 39.9086
116.29 39.9173
116.266 39.9063
116.246 39.9063
116.239 39.9063
116.223 39.8972
116.336 39.8961
116.334 39.9063
116.316 39.9066
116.314 39.9099
116.295 39.9153
116.277 39.9146
116.277 39.9158
116.278 39.9267
116.259 39.9233
116.259 39.9236
116.259 39.9145
116.247 39.906
116.247 39.9053
116.225 39.8959
116.268 39.9134
116.28 39.9309
116.299 39.938
116.3 39.94
116.368 39.8885
116.379 39.8819
116.333 39.8668
116.301 39.8658
116.294 39.8653
116.259 39.8706
116.259 39.8927
116.259 39.8927
116.247 39.882
116.247 39.869
116.229 39.8618
116.225 39.8638
116.227 39.8621
116.228 39.8729
116.23 39.874
116.232 39.8747
116.23 39.874
116.231 39.8742
116.231 39.8744
116.231 39.8743
116.232 39.875
116.227 39.8724
116.226 39.8721
116.227 39.8722
116.232 39.8746
116.227 39.8726
116.232 39.8749
116.232 39.8748
116.231 39.8742
116.231 39.8745
116.232 39.875
116.232 39.875
116.231 39.8745
116.229 39.8735
116.229 39.8736
116.227 39.8722
116.232 39.875
116.225 39.8869
116.258 39.8883
116.259 39.8914
116.264 39.8915
116.264 39.8941
116.247 39.8959
116.326 39.867
116.33 39.8786
116.325 39.8832
116.315 39.8876
116.289 39.8676
116.281 39.8651
116.27 39.8792
116.259 39.8818
116.256 39.8883
116.268 39.8992
116.263 39.9063
116.373 39.9406
116.337 39.9048
116.31 39.8857
116.309 39.8855
116.304 39.9029
116.304 39.9336
116.302 39.9417
116.287 39.9578
116.276 39.9604
116.296 39.9584
116.305 39.941
116.315 39.9378
116.315 39.9378
116.324 39.9374
116.308 39.9312
116.304 39.9297
116.279 39.9231
116.23 39.8995
116.29 39.8958
116.316 39.8951
116.318 39.8956
116.304 39.9193
116.419 39.9581
116.419 39.9581
116.404 39.9479
116.35 39.9424
116.346 39.9127
116.334 39.9065
116.333 39.9064
116.359 39.8981
116.478 39.914
116.479 39.9144
116.456 39.9179
116.456 39.9179
116.438 39.9257
116.421 39.9324
116.421 39.9324
116.387 39.9321
116.35 39.9311
116.35 39.9311
116.348 39.9224
116.349 39.9415
116.352 39.8518
116.363 39.8445
116.341 39.8469
116.338 39.8484
116.338 39.8484
116.309 39.8591
116.259 39.8925
116.259 39.8925
116.247 39.8882
116.314 39.8947
116.311 39.8995
116.289 39.9064
116.311 39.9099
