116.42 39.9257
116.42 39.9259
116.42 39.9257
116.42 39.9257
116.42 39.9256
116.42 39.9255
116.42 39.9255
116.42 39.9254
116.42 39.9253
116.42 39.9253
116.42 39.9253
116.42 39.9252
116.42 39.9252
116.42 39.9253
116.42 39.9253
116.42 39.9253
116.42 39.9253
116.419 39.9253
116.419 39.9253
116.419 39.9253
116.419 39.9253
116.419 39.9253
116.419 39.9253
116.419 39.9253
116.419 39.9253
116.419 39.9253
116.419 39.9252
116.419 39.9252
116.419 39.9252
116.419 39.9252
116.419 39.9252
116.419 39.9252
116.419 39.9252
116.419 39.9253
116.419 39.9253
116.419 39.9253
116.419 39.9253
116.419 39.9253
116.419 39.9253
116.419 39.9253
116.419 39.9253
116.419 39.9253
116.419 39.9253
116.419 39.9253
116.419 39.9253
116.419 39.9253
116.419 39.9253
116.419 39.9253
116.419 39.9253
116.419 39.9253
116.419 39.9253
116.419 39.9253
116.419 39.9253
116.419 39.9253
116.419 39.9253
116.419 39.9253
116.419 39.9253
116.419 39.9253
116.419 39.9253
116.419 39.9253
116.419 39.9253
116.419 39.9252
116.419 39.9252
116.419 39.9251
116.419 39.925
116.419 39.925
116.418 39.925
116.418 39.9251
116.418 39.9251
116.418 39.9251
116.418 39.9251
116.418 39.9251
116.418 39.9251
116.418 39.9251
116.418 39.9251
116.417 39.9251
116.417 39.9252
116.417 39.9252
116.417 39.9252
116.417 39.9253
116.417 39.9253
116.417 39.9252
116.416 39.9252
116.416 39.9252
116.416 39.9252
116.416 39.9252
116.416 39.9252
116.416 39.9252
116.416 39.9251
116.416 39.9252
116.416 39.9253
116.415 39.9253
116.415 39.9253
116.415 39.9253
116.415 39.9253
116.415 39.9253
116.415 39.9252
116.415 39.9251
116.415 39.9251
116.414 39.9251
116.414 39.9251
116.414 39.9251
116.414 39.9251
116.414 39.9251
116.414 39.9251
116.414 39.9251
116.414 39.9251
116.413 39.9251
116.413 39.9251
116.413 39.9251
116.413 39.9251
116.413 39.9251
116.413 39.9251
116.413 39.9251
116.413 39.9251
116.412 39.9251
116.412 39.9251
116.412 39.9251
116.412 39.9251
116.412 39.9252
116.412 39.9252
116.412 39.9252
116.412 39.9252
116.412 39.9252
116.412 39.9253
116.412 39.9253
116.412 39.9253
116.412 39.9253
116.412 39.9253
116.412 39.9252
116.412 39.9252
116.412 39.9252
116.411 39.9251
116.411 39.9251
116.411 39.9252
116.411 39.9252
116.411 39.9253
116.411 39.9254
116.411 39.9255
116.411 39.9257
116.411 39.9258
116.411 39.926
116.411 39.9261
116.411 39.9262
116.411 39.9264
116.411 39.9266
116.411 39.9267
116.411 39.9268
116.411 39.9269
116.411 39.927
116.411 39.9271
116.411 39.9273
116.411 39.9274
116.411 39.9276
116.411 39.9277
116.411 39.9279
116.411 39.928
116.411 39.9281
116.411 39.9282
116.411 39.9284
116.411 39.9285
116.411 39.9286
116.411 39.9287
116.411 39.9288
116.411 39.9289
116.411 39.929
116.411 39.9292
116.411 39.9293
116.411 39.9294
116.411 39.9295
116.411 39.9296
116.411 39.9297
116.411 39.9299
116.411 39.93
116.411 39.9301
116.411 39.9302
116.411 39.9303
116.411 39.9304
116.411 39.9305
116.411 39.9307
116.411 39.9308
116.411 39.9309
116.411 39.931
116.411 39.931
116.411 39.9312
116.411 39.9314
116.411 39.9315
116.411 39.9317
116.411 39.9318
116.411 39.9319
116.411 39.9321
116.411 39.9322
116.411 39.9322
116.411 39.9323
116.412 39.9323
116.412 39.9323
116.412 39.9323
116.412 39.9323
116.412 39.9323
116.412 39.9323
116.413 39.9323
116.413 39.9323
116.413 39.9322
116.413 39.9322
116.413 39.9322
116.413 39.9322
116.413 39.9322
116.413 39.9322
116.414 39.9322
116.414 39.9322
116.414 39.9322
116.414 39.9322
116.414 39.9322
116.414 39.9322
116.415 39.9322
116.415 39.9322
116.415 39.9322
116.415 39.9322
116.415 39.9322
116.415 39.9322
116.416 39.9322
116.416 39.9322
116.416 39.9322
116.416 39.9322
116.416 39.9322
116.416 39.9322
116.417 39.9322
116.417 39.9322
116.417 39.9322
116.417 39.9322
116.417 39.9322
116.417 39.9322
116.417 39.9322
116.418 39.9322
116.418 39.9322
116.418 39.9322
116.418 39.9322
116.418 39.9322
116.418 39.9322
116.418 39.9322
116.419 39.9322
116.419 39.9322
116.419 39.9322
116.419 39.9322
116.419 39.9323
116.419 39.9323
116.419 39.9323
116.419 39.9323
116.419 39.9322
116.419 39.9322
116.419 39.9322
116.419 39.9322
116.419 39.9323
116.419 39.9323
116.419 39.9323
116.42 39.9323
116.42 39.9322
116.42 39.9322
116.42 39.9322
116.42 39.9322
116.42 39.9322
116.421 39.9322
116.421 39.9322
116.421 39.9322
116.421 39.9322
116.421 39.9322
116.421 39.9322
116.421 39.9322
116.422 39.9322
116.422 39.9322
116.422 39.9322
116.422 39.9321
116.422 39.9321
116.422 39.932
116.422 39.9319
116.422 39.9318
116.422 39.9318
116.422 39.9319
116.422 39.9319
116.422 39.9319
116.422 39.932
116.422 39.932
116.422 39.9321
116.423 39.9321
116.423 39.9321
116.423 39.9321
116.423 39.9321
116.423 39.9321
116.423 39.932
116.424 39.932
116.424 39.932
116.424 39.932
116.424 39.932
116.424 39.9319
116.424 39.9319
116.425 39.932
116.425 39.932
116.425 39.9321
116.425 39.9321
116.425 39.9321
116.425 39.9321
116.426 39.9321
116.426 39.9321
116.426 39.9321
116.426 39.9321
116.426 39.9321
116.426 39.9321
116.427 39.9322
116.427 39.9322
116.427 39.9322
116.427 39.9321
116.427 39.9321
116.427 39.9321
116.427 39.9321
116.427 39.9321
116.427 39.9321
116.427 39.9321
116.427 39.9321
116.427 39.9321
116.427 39.9321
116.427 39.9321
116.427 39.9321
116.427 39.932
116.427 39.932
116.427 39.9319
116.427 39.9319
116.427 39.9318
116.428 39.9317
116.428 39.9316
116.428 39.9317
116.428 39.9317
116.428 39.9317
116.428 39.9318
116.428 39.9319
116.429 39.932
116.429 39.9321
116.429 39.9321
116.429 39.9321
116.429 39.9321
116.429 39.9321
116.429 39.9323
116.429 39.9324
116.429 39.9325
116.428 39.9325
116.428 39.9326
116.428 39.9327
116.428 39.9328
116.428 39.9328
116.428 39.9329
116.428 39.933
116.428 39.9331
116.428 39.9332
116.428 39.9333
116.428 39.9334
116.428 39.9336
116.428 39.9337
116.428 39.9338
116.428 39.9339
116.428 39.934
116.428 39.9341
116.428 39.9342
116.428 39.9344
116.428 39.9345
116.428 39.9346
116.428 39.9347
116.428 39.9348
116.428 39.9349
116.428 39.935
116.428 39.9352
116.428 39.9354
116.428 39.9355
116.428 39.9356
116.428 39.9357
116.428 39.9358
116.428 39.9359
116.428 39.936
116.428 39.9361
116.428 39.9363
116.428 39.9364
116.428 39.9365
116.428 39.9366
116.428 39.9367
116.428 39.9368
116.428 39.9369
116.428 39.937
116.428 39.9372
116.428 39.9373
116.428 39.9375
116.428 39.9376
116.428 39.9377
116.428 39.9378
116.428 39.938
116.428 39.9381
116.428 39.9383
116.428 39.9384
116.428 39.9386
116.428 39.9388
116.428 39.9389
116.428 39.939
116.428 39.9392
116.428 39.9394
116.428 39.9395
116.428 39.9397
116.428 39.9398
116.428 39.94
116.428 39.9401
116.428 39.9402
116.428 39.9404
116.428 39.9405
116.428 39.9406
116.428 39.9408
116.428 39.9409
116.428 39.941
116.428 39.9412
116.428 39.9413
116.428 39.9414
116.428 39.9416
116.428 39.9417
116.428 39.9418
116.428 39.942
116.428 39.9421
116.428 39.9423
116.428 39.9425
116.428 39.9426
116.428 39.9427
116.428 39.9429
116.428 39.943
116.428 39.9431
116.428 39.9432
116.428 39.9434
116.428 39.9435
116.428 39.9436
116.428 39.9438
116.428 39.9439
116.428 39.944
116.428 39.9441
116.428 39.9442
116.428 39.9443
116.428 39.9444
116.428 39.9445
116.428 39.9446
116.428 39.9447
116.428 39.9448
116.428 39.9449
116.428 39.9451
116.428 39.9452
116.428 39.9453
116.428 39.9454
116.428 39.9456
116.428 39.9457
116.428 39.9458
116.428 39.946
116.428 39.9461
116.428 39.9462
116.428 39.9464
116.428 39.9465
116.428 39.9466
116.428 39.9467
116.428 39.9468
116.427 39.947
116.427 39.9471
116.427 39.9472
116.427 39.9473
116.427 39.9474
116.427 39.9475
116.427 39.9476
116.427 39.9477
116.428 39.9478
116.428 39.9479
116.428 39.948
116.428 39.948
116.428 39.9481
116.428 39.9481
116.428 39.9481
116.428 39.9481
116.429 39.9481
116.429 39.9481
116.429 39.9481
116.429 39.9481
116.429 39.9481
116.43 39.9481
116.43 39.9481
116.43 39.9481
116.43 39.9481
116.43 39.9481
116.431 39.9481
116.431 39.9481
116.431 39.9481
116.431 39.9481
116.431 39.9481
116.432 39.9481
116.432 39.9481
116.432 39.9481
116.432 39.9481
116.432 39.9481
116.433 39.9481
116.433 39.9481
116.433 39.9481
116.433 39.9481
116.433 39.9481
116.434 39.9481
116.434 39.9481
116.434 39.9481
116.434 39.9481
116.435 39.9481
116.435 39.9481
116.435 39.9481
116.435 39.9481
116.435 39.9481
116.436 39.9481
116.436 39.9481
116.436 39.9481
116.436 39.9481
116.437 39.9481
116.437 39.9481
116.437 39.9481
116.437 39.9481
116.437 39.9481
116.438 39.9481
116.438 39.9481
116.438 39.9481
116.438 39.9481
116.438 39.9482
116.439 39.9482
116.439 39.9483
116.439 39.9483
116.439 39.9484
116.439 39.9485
116.44 39.9486
116.44 39.9486
116.44 39.9487
116.44 39.9488
116.44 39.9489
116.44 39.9491
116.44 39.9492
116.441 39.9493
116.441 39.9494
116.441 39.9495
116.441 39.9497
116.441 39.9498
116.441 39.95
116.441 39.9501
116.442 39.9502
116.442 39.9504
116.442 39.9505
116.442 39.9506
116.442 39.9507
116.442 39.9509
116.442 39.951
116.443 39.9511
116.443 39.9513
116.443 39.9514
116.443 39.9515
116.443 39.9517
116.443 39.9518
116.443 39.9519
116.444 39.9521
116.444 39.9522
116.444 39.9524
116.444 39.9525
116.444 39.9526
116.444 39.9527
116.444 39.9529
116.445 39.953
116.445 39.9531
116.445 39.9532
116.445 39.9534
116.445 39.9535
116.445 39.9536
116.445 39.9537
116.446 39.9538
116.446 39.954
116.446 39.9541
116.446 39.9542
116.446 39.9543
116.446 39.9544
116.446 39.9546
116.446 39.9547
116.447 39.9548
116.447 39.9549
116.447 39.955
116.447 39.9551
116.447 39.9553
116.447 39.9554
116.447 39.9555
116.448 39.9557
116.448 39.9558
116.448 39.9559
116.448 39.956
116.448 39.9561
116.448 39.9563
116.448 39.9564
116.449 39.9565
116.449 39.9567
116.449 39.9568
116.449 39.957
116.449 39.9571
116.449 39.9572
116.449 39.9573
116.45 39.9575
116.45 39.9576
116.45 39.9578
116.45 39.9579
116.45 39.9581
116.45 39.9582
116.45 39.9583
116.451 39.9585
116.451 39.9586
116.451 39.9587
116.451 39.9589
116.451 39.959
116.451 39.9591
116.452 39.9593
116.452 39.9594
116.452 39.9595
116.452 39.9597
116.452 39.9598
116.452 39.9599
116.452 39.96
116.453 39.9602
116.453 39.9603
116.453 39.9604
116.453 39.9606
116.453 39.9607
116.453 39.9609
116.453 39.961
116.454 39.9611
116.454 39.9613
116.454 39.9614
116.454 39.9615
116.454 39.9617
116.454 39.9618
116.454 39.9619
116.455 39.962
116.455 39.9622
116.455 39.9623
116.455 39.9624
116.455 39.9626
116.455 39.9627
116.456 39.9628
116.456 39.9629
116.456 39.9631
116.456 39.9632
116.456 39.9633
116.456 39.9634
116.456 39.9635
116.457 39.9637
116.457 39.9638
116.457 39.9639
116.457 39.964
116.457 39.9642
116.457 39.9643
116.457 39.9644
116.457 39.9645
116.458 39.9646
116.458 39.9647
116.458 39.9648
116.458 39.965
116.458 39.9651
116.458 39.9652
116.458 39.9653
116.459 39.9654
116.459 39.9655
116.459 39.9657
116.459 39.9658
116.459 39.9659
116.459 39.966
116.459 39.9661
116.46 39.9663
116.46 39.9664
116.46 39.9665
116.46 39.9667
116.46 39.9668
116.46 39.9669
116.46 39.967
116.461 39.9672
116.461 39.9673
116.461 39.9674
116.461 39.9676
116.461 39.9677
116.461 39.9678
116.461 39.9679
116.461 39.9681
116.462 39.9682
116.462 39.9683
116.462 39.9684
116.462 39.9685
116.462 39.9687
116.462 39.9688
116.462 39.9689
116.462 39.969
116.463 39.9691
116.463 39.9692
116.463 39.9693
116.463 39.9694
116.463 39.9695
116.463 39.9696
116.463 39.9697
116.463 39.9698
116.463 39.9699
116.464 39.97
116.464 39.9701
116.464 39.9702
116.464 39.9703
116.464 39.9704
116.464 39.9704
116.464 39.9705
116.464 39.9706
116.465 39.9707
116.465 39.9707
116.465 39.9707
116.465 39.9706
116.465 39.9706
116.465 39.9706
116.465 39.9706
116.465 39.9705
116.466 39.9705
116.466 39.9704
116.466 39.9703
116.466 39.9702
116.466 39.9701
116.466 39.97
116.466 39.97
116.465 39.97
116.465 39.9699
116.465 39.9698
116.465 39.9698
116.464 39.9698
116.464 39.9698
116.464 39.9698
116.464 39.9698
116.464 39.9699
116.464 39.9699
116.464 39.97
116.464 39.9701
116.463 39.9701
116.463 39.9702
116.463 39.9703
116.463 39.9703
116.463 39.9704
116.463 39.9705
116.463 39.9705
116.463 39.9706
116.463 39.9707
116.462 39.9707
116.462 39.9708
116.462 39.9709
116.462 39.971
116.462 39.9711
116.462 39.9712
116.462 39.9712
116.462 39.9714
116.461 39.9715
116.461 39.9716
116.461 39.9717
116.461 39.9718
116.461 39.9719
116.461 39.972
116.46 39.9721
116.46 39.9723
116.46 39.9724
116.46 39.9725
116.46 39.9726
116.46 39.9727
116.459 39.9728
116.459 39.9729
116.459 39.973
116.459 39.9731
116.459 39.9732
116.459 39.9733
116.458 39.9734
116.458 39.9735
116.458 39.9736
116.458 39.9737
116.458 39.9738
116.458 39.9739
116.457 39.974
116.457 39.9741
116.457 39.9742
116.457 39.9743
116.457 39.9744
116.457 39.9744
116.457 39.9745
116.457 39.9746
116.456 39.9747
116.456 39.9747
116.456 39.9748
116.456 39.9749
116.456 39.9749
116.456 39.975
116.456 39.975
116.456 39.9752
116.456 39.9752
116.455 39.9753
116.455 39.9754
116.455 39.9755
116.455 39.9755
116.455 39.9756
116.455 39.9757
116.455 39.9758
116.455 39.9759
116.455 39.9759
116.455 39.976
116.454 39.9761
116.454 39.9761
116.454 39.9763
116.454 39.9763
116.454 39.9764
116.454 39.9765
116.454 39.9766
116.454 39.9766
116.454 39.9767
116.453 39.9768
116.453 39.9769
116.453 39.977
116.453 39.977
116.453 39.9771
116.453 39.9772
116.453 39.9773
116.453 39.9774
116.452 39.9775
116.452 39.9775
116.452 39.9776
116.452 39.9777
116.452 39.9778
116.452 39.9779
116.452 39.9779
116.452 39.978
116.451 39.9781
116.451 39.9782
116.451 39.9783
116.451 39.9783
116.451 39.9784
116.451 39.9785
116.451 39.9786
116.451 39.9786
116.451 39.9787
116.451 39.9788
116.45 39.9788
116.45 39.9789
116.45 39.979
116.45 39.979
116.45 39.9791
116.45 39.9792
116.45 39.9792
116.45 39.9793
116.45 39.9794
116.45 39.9794
116.449 39.9795
116.449 39.9796
116.449 39.9797
116.449 39.9798
116.449 39.9799
116.449 39.98
116.449 39.9801
116.449 39.9802
116.449 39.9803
116.45 39.9804
116.45 39.9805
116.45 39.9807
116.45 39.9808
116.45 39.9809
116.45 39.981
116.45 39.9811
116.45 39.9812
116.45 39.9813
116.45 39.9814
116.45 39.9815
116.45 39.9816
116.45 39.9817
116.451 39.9818
116.451 39.9819
116.451 39.982
116.451 39.9821
116.451 39.9822
116.451 39.9823
116.451 39.9824
116.451 39.9826
116.451 39.9827
116.451 39.9828
116.451 39.9829
116.451 39.9831
116.451 39.9833
116.451 39.9834
116.451 39.9835
116.451 39.9836
116.451 39.9837
116.451 39.9838
116.451 39.9839
116.451 39.984
116.451 39.9841
116.451 39.9843
116.451 39.9844
116.451 39.9845
116.451 39.9846
116.451 39.9847
116.451 39.9848
116.451 39.9849
116.451 39.985
116.451 39.9852
116.451 39.9853
116.451 39.9854
116.451 39.9855
116.451 39.9855
116.45 39.9856
116.45 39.9857
116.45 39.9857
116.45 39.9858
116.45 39.9859
116.45 39.986
116.449 39.9861
116.449 39.9862
116.449 39.9863
116.449 39.9864
116.449 39.9864
116.449 39.9865
116.449 39.9865
116.449 39.9866
116.449 39.9866
116.449 39.9866
116.449 39.9866
116.449 39.9866
116.449 39.9866
116.449 39.9866
116.449 39.9866
116.449 39.9866
116.449 39.9867
116.449 39.9867
116.449 39.9867
116.449 39.9867
116.449 39.9867
116.449 39.9867
116.449 39.9867
116.449 39.9867
116.449 39.9867
116.449 39.9868
116.449 39.9868
116.449 39.9872
116.45 39.9872
116.45 39.9872
116.45 39.9872
116.45 39.9872
116.45 39.9872
116.45 39.9872
116.449 39.9872
116.449 39.9872
116.449 39.9872
116.449 39.9872
116.449 39.9872
116.449 39.9872
116.449 39.9872
116.449 39.9872
116.449 39.9872
116.449 39.9872
116.449 39.9872
116.449 39.9872
116.449 39.9872
116.449 39.9872
116.449 39.9872
116.449 39.9872
116.449 39.9873
116.449 39.9874
116.449 39.9875
116.449 39.9875
116.449 39.9875
116.449 39.9875
116.449 39.9875
116.449 39.9875
116.449 39.9875
116.449 39.9874
116.449 39.9874
116.449 39.9873
116.449 39.9872
116.449 39.9872
116.449 39.9872
116.449 39.9873
116.449 39.9873
116.449 39.9873
116.449 39.9873
116.449 39.9872
116.449 39.9872
116.449 39.9872
116.449 39.9872
116.449 39.9872
116.45 39.9871
116.45 39.987
116.45 39.987
