116.31 39.9721
116.311 39.9721
116.311 39.972
116.311 39.9719
116.311 39.9717
116.311 39.9715
116.311 39.9714
116.311 39.9712
116.311 39.9709
116.311 39.9707
116.311 39.9705
116.311 39.9705
116.311 39.9706
116.311 39.9706
116.312 39.9706
116.312 39.9705
116.312 39.9704
116.313 39.9703
116.313 39.9701
116.313 39.9702
116.313 39.9704
116.313 39.9706
116.313 39.9708
116.313 39.971
116.313 39.9712
116.313 39.9714
116.312 39.9715
116.312 39.9717
116.312 39.9719
116.312 39.9721
116.312 39.9723
116.312 39.9724
116.312 39.9726
116.312 39.9727
116.312 39.9729
116.312 39.9731
116.312 39.9731
116.312 39.9733
116.312 39.9734
116.312 39.9736
116.312 39.9741
116.312 39.9742
116.312 39.9745
116.312 39.9748
116.312 39.9749
116.312 39.9751
116.311 39.9753
116.311 39.9754
116.311 39.9757
116.311 39.9758
116.311 39.976
116.311 39.9762
116.311 39.9763
116.311 39.9764
116.311 39.9766
116.31 39.9768
116.31 39.977
116.31 39.9771
116.31 39.9773
116.31 39.9775
116.31 39.9776
116.31 39.9778
116.31 39.9781
116.31 39.9783
116.31 39.9786
116.31 39.9788
116.31 39.979
116.31 39.9793
116.31 39.9795
116.31 39.9797
116.31 39.98
116.31 39.9802
116.31 39.9803
116.31 39.9804
116.31 39.9807
116.31 39.981
116.31 39.9811
116.31 39.9812
116.31 39.9813
116.31 39.9814
116.31 39.9816
116.31 39.9817
116.31 39.9819
116.31 39.9821
116.31 39.9822
116.31 39.9825
116.31 39.9826
116.31 39.9829
116.31 39.9831
116.31 39.9832
116.31 39.9834
116.31 39.9836
116.31 39.9838
116.31 39.984
116.31 39.9842
116.31 39.9844
116.31 39.9846
116.31 39.9848
116.31 39.9849
116.31 39.9851
116.31 39.9853
116.31 39.9855
116.31 39.9858
116.309 39.986
116.309 39.9863
116.309 39.9866
116.31 39.9868
116.31 39.987
116.31 39.9872
116.31 39.9874
116.309 39.9876
116.309 39.9879
116.309 39.9881
116.309 39.9883
116.309 39.9885
116.309 39.9887
116.309 39.989
116.309 39.9892
116.309 39.9894
116.309 39.9896
116.309 39.9898
116.309 39.9901
116.309 39.9903
116.31 39.9904
116.31 39.9907
116.31 39.9909
116.31 39.9911
116.31 39.9913
116.31 39.9916
116.31 39.9919
116.31 39.9922
116.309 39.9924
116.309 39.9926
116.309 39.9927
116.309 39.9929
116.309 39.9932
116.309 39.9935
116.309 39.9936
116.309 39.9938
116.309 39.9939
116.309 39.994
116.309 39.9939
116.309 39.9937
116.309 39.9932
116.309 39.9931
116.309 39.9929
116.309 39.9927
116.31 39.9924
116.31 39.9922
116.31 39.992
116.31 39.9918
116.31 39.9917
116.31 39.9915
116.31 39.9913
116.31 39.991
116.31 39.9908
116.31 39.9906
116.31 39.9904
116.31 39.9901
116.31 39.99
116.31 39.9898
116.31 39.9897
116.31 39.9895
116.31 39.9894
116.31 39.9892
116.31 39.989
116.31 39.9887
116.31 39.9885
116.31 39.9883
116.31 39.988
116.31 39.9878
116.31 39.9876
116.31 39.9874
116.31 39.9872
116.31 39.9868
116.31 39.9865
116.31 39.9863
116.31 39.9861
116.31 39.9859
116.31 39.9856
116.31 39.9853
116.31 39.9851
116.31 39.9849
116.31 39.9845
116.31 39.9843
116.31 39.984
116.31 39.9839
116.31 39.9836
116.31 39.9834
116.31 39.9832
116.31 39.9831
116.31 39.9829
116.31 39.9826
116.31 39.9825
116.31 39.9823
116.311 39.9821
116.311 39.9819
116.31 39.9817
116.31 39.9815
116.31 39.9813
116.31 39.9809
116.31 39.9807
116.31 39.9805
116.31 39.9803
116.31 39.9801
116.31 39.9799
116.31 39.9796
116.311 39.9793
116.311 39.9791
116.311 39.979
116.31 39.9788
116.31 39.9784
116.31 39.9782
116.31 39.9781
116.31 39.9779
116.31 39.9778
116.31 39.9776
116.31 39.9774
116.31 39.9772
116.31 39.977
116.311 39.9766
116.311 39.9764
116.311 39.9763
116.311 39.9761
116.311 39.9759
116.311 39.9756
116.311 39.9755
116.311 39.9753
116.311 39.9752
116.311 39.9749
116.311 39.9747
116.311 39.9745
116.311 39.9743
116.311 39.9742
116.312 39.974
116.312 39.9738
116.312 39.9736
116.312 39.9735
116.312 39.9733
