116.323 40.076
116.323 40.076
116.323 40.076
116.323 40.076
116.323 40.076
116.323 40.076
116.323 40.076
116.323 40.0761
116.323 40.076
116.323 40.076
116.323 40.0759
116.323 40.0758
116.323 40.0756
116.323 40.0756
116.323 40.0757
116.323 40.0758
116.323 40.0759
116.323 40.0761
116.323 40.0762
116.323 40.0763
116.323 40.0764
116.323 40.0764
116.323 40.0764
116.323 40.0764
116.323 40.0764
116.323 40.0764
116.323 40.0764
116.323 40.0764
116.323 40.0765
116.323 40.0765
116.323 40.0765
116.323 40.0766
116.322 40.0766
116.321 40.0764
116.321 40.0762
116.32 40.0759
116.319 40.0756
116.318 40.0754
116.318 40.0753
116.318 40.0753
116.318 40.0752
116.317 40.0751
116.317 40.0751
116.317 40.075
116.317 40.0749
116.316 40.0748
116.316 40.0746
116.315 40.0743
116.314 40.0741
116.313 40.0739
116.312 40.0736
116.312 40.0735
116.312 40.0734
116.311 40.0733
116.311 40.0731
116.311 40.0731
116.311 40.0731
116.311 40.0731
116.311 40.073
116.31 40.073
116.31 40.0729
116.31 40.0728
116.31 40.0727
116.309 40.0726
116.309 40.0726
116.309 40.0725
116.309 40.0724
116.308 40.0723
116.308 40.0723
116.307 40.0725
116.307 40.0727
116.307 40.0729
116.307 40.073
116.307 40.0731
116.307 40.0733
116.307 40.0734
116.306 40.0737
116.306 40.0739
116.306 40.074
116.306 40.0742
116.307 40.0743
116.307 40.0742
116.307 40.074
116.308 40.0734
116.308 40.0726
116.309 40.072
116.309 40.0714
116.309 40.071
116.309 40.0707
116.31 40.0705
116.31 40.0704
116.31 40.0702
116.31 40.0701
116.31 40.07
116.31 40.0699
116.31 40.0699
116.31 40.0698
116.31 40.0697
116.31 40.0696
116.31 40.0696
116.31 40.0695
116.31 40.0695
116.31 40.0695
116.31 40.0695
116.31 40.0695
116.311 40.0695
116.31 40.0693
116.31 40.0691
116.31 40.0691
116.311 40.0689
116.311 40.0688
116.311 40.0687
116.311 40.0684
116.312 40.0679
116.312 40.0672
116.313 40.0663
116.314 40.0654
116.315 40.0645
116.315 40.0636
116.316 40.0627
116.317 40.0618
116.317 40.0609
116.318 40.06
116.319 40.0589
116.32 40.0579
116.32 40.0569
116.321 40.0559
116.322 40.0551
116.322 40.0541
116.323 40.0531
116.325 40.0515
116.325 40.0504
116.327 40.0484
116.328 40.0464
116.33 40.0445
116.331 40.0427
116.333 40.041
116.334 40.0393
116.334 40.0384
116.335 40.0375
116.336 40.0366
116.337 40.0348
116.338 40.0338
116.339 40.0327
116.34 40.0309
116.342 40.029
116.343 40.0272
116.344 40.0263
116.345 40.0255
116.345 40.025
116.345 40.0244
116.346 40.0235
116.347 40.0225
116.348 40.0215
116.349 40.0197
116.35 40.0187
116.351 40.0176
116.352 40.0158
116.353 40.0141
116.354 40.0131
116.354 40.0122
116.355 40.0116
116.355 40.0113
116.355 40.0111
116.355 40.0107
116.356 40.0103
116.356 40.01
116.356 40.0099
116.356 40.0099
116.356 40.0099
116.356 40.0099
116.356 40.0099
116.356 40.0099
116.356 40.0099
116.356 40.0099
116.356 40.0099
116.357 40.0098
116.357 40.0097
116.357 40.0096
116.357 40.0096
116.357 40.0096
116.357 40.0095
116.357 40.0094
116.357 40.0094
116.357 40.0093
116.357 40.0092
116.357 40.0091
116.357 40.0091
116.357 40.0091
116.357 40.009
116.357 40.0089
116.357 40.0087
116.357 40.0086
116.358 40.0084
116.358 40.0083
116.358 40.0081
116.358 40.0077
116.358 40.0074
116.359 40.0069
116.359 40.0063
116.359 40.006
116.359 40.0059
116.359 40.0058
116.36 40.0057
116.36 40.0056
116.36 40.0054
116.36 40.0052
116.36 40.005
116.36 40.0048
116.361 40.0043
116.361 40.0039
116.361 40.0035
116.361 40.0031
116.362 40.0025
116.362 40.002
116.363 40.0014
116.363 40.001
116.363 40.0006
116.364 40.0003
116.364 39.9998
116.364 39.9996
116.364 39.9992
116.365 39.9989
116.365 39.9987
116.365 39.9985
116.365 39.9984
116.365 39.9982
116.365 39.998
116.365 39.9978
116.366 39.9976
116.366 39.9974
116.366 39.9972
116.366 39.9969
116.366 39.9964
116.367 39.996
116.367 39.9958
116.367 39.9956
116.367 39.9955
116.367 39.9953
116.368 39.995
116.368 39.9947
116.368 39.9943
116.368 39.9941
116.369 39.9936
116.369 39.9929
116.37 39.9921
116.37 39.9914
116.371 39.9908
116.371 39.9903
116.371 39.9898
116.371 39.9894
116.371 39.9889
116.371 39.9883
116.37 39.9876
116.37 39.987
116.369 39.9865
116.369 39.9863
116.369 39.9863
116.369 39.9863
116.368 39.9863
116.368 39.9863
116.368 39.9863
116.368 39.9863
116.368 39.9863
116.367 39.9862
116.367 39.9862
116.366 39.9862
116.366 39.9862
116.366 39.9862
116.366 39.9862
116.366 39.9862
116.366 39.9862
116.365 39.9862
116.365 39.9862
116.364 39.9862
116.364 39.9861
116.363 39.9861
116.362 39.9861
116.361 39.9861
116.361 39.9861
116.36 39.986
116.359 39.9859
116.358 39.9859
116.357 39.9859
116.356 39.9858
116.355 39.9858
116.354 39.9858
116.353 39.9858
116.352 39.9858
116.351 39.9858
116.35 39.9858
116.35 39.9857
116.349 39.9857
116.348 39.9856
116.348 39.9856
116.348 39.9856
116.347 39.9856
116.346 39.9856
116.345 39.9855
116.344 39.9855
116.343 39.9854
116.342 39.9854
116.342 39.9854
116.341 39.9854
116.34 39.9854
116.339 39.9854
116.338 39.9854
116.337 39.9853
116.335 39.9852
116.334 39.9852
116.331 39.9851
116.33 39.985
116.328 39.985
116.327 39.9849
116.326 39.9848
116.324 39.9847
116.323 39.9845
116.322 39.9845
116.32 39.9845
116.319 39.9845
116.317 39.9845
116.316 39.9845
116.314 39.9845
116.313 39.9843
116.312 39.9842
116.31 39.9842
116.309 39.9843
116.308 39.9843
116.307 39.9842
116.306 39.9841
116.305 39.984
116.304 39.984
116.303 39.9841
116.303 39.9841
116.303 39.9841
116.302 39.9841
116.301 39.9841
116.3 39.9842
116.3 39.9845
116.301 39.9847
116.301 39.9848
116.302 39.9847
116.302 39.9844
116.302 39.984
116.302 39.9833
116.302 39.9827
116.302 39.9822
116.302 39.9818
116.302 39.9812
116.302 39.9811
116.302 39.981
116.302 39.9809
116.302 39.9808
116.302 39.9808
116.303 39.9808
116.303 39.9807
116.303 39.9808
116.303 39.9809
116.304 39.981
116.304 39.9812
116.304 39.9815
116.303 39.9816
116.304 39.9818
116.304 39.9818
116.304 39.9819
116.304 39.982
116.304 39.9819
116.304 39.982
116.304 39.9822
116.305 39.9826
116.305 39.9826
116.305 39.9826
116.305 39.9826
116.305 39.9826
116.305 39.9829
116.305 39.9833
116.305 39.9836
116.306 39.9837
116.306 39.9837
116.306 39.9837
116.307 39.9837
116.307 39.9838
116.309 39.9837
116.31 39.9838
116.31 39.9838
116.311 39.9839
116.311 39.984
116.312 39.984
116.313 39.984
116.313 39.984
116.313 39.984
116.314 39.984
116.314 39.984
116.314 39.984
116.314 39.984
116.314 39.984
116.314 39.984
116.314 39.984
116.314 39.984
116.315 39.984
116.315 39.984
116.316 39.9841
116.317 39.9842
116.318 39.9842
116.319 39.9842
116.32 39.9842
116.32 39.9842
116.321 39.9843
116.322 39.9843
116.322 39.9844
116.323 39.9844
116.324 39.9844
116.325 39.9845
116.326 39.9844
116.326 39.9844
116.326 39.9844
116.327 39.984
116.327 39.9839
116.327 39.9841
116.327 39.9838
116.327 39.9832
116.327 39.9823
116.327 39.9815
116.327 39.981
116.327 39.9808
116.327 39.9808
116.327 39.9808
116.327 39.9808
116.327 39.9808
116.327 39.9808
116.327 39.9807
116.327 39.9805
116.327 39.9802
116.327 39.9801
116.327 39.9799
116.327 39.9797
116.327 39.979
116.327 39.9783
116.327 39.9775
116.327 39.9769
116.327 39.9766
116.327 39.9763
116.327 39.9758
116.327 39.9756
116.327 39.9756
116.327 39.9755
116.328 39.9755
116.328 39.9755
116.328 39.9755
116.328 39.9755
116.328 39.9755
116.328 39.9759
116.328 39.9764
116.328 39.9767
116.328 39.9767
116.328 39.9767
116.328 39.9767
116.328 39.9768
116.328 39.9768
116.328 39.9768
116.328 39.9768
116.329 39.9768
116.329 39.9769
116.33 39.9768
116.33 39.9768
116.331 39.9768
116.331 39.9769
116.331 39.9769
116.332 39.9768
116.332 39.9767
116.332 39.9765
116.332 39.976
116.332 39.9754
116.331 39.9754
116.331 39.9754
116.33 39.9754
116.33 39.9754
116.33 39.9753
116.331 39.9752
