116.331 40.0716
116.331 40.0716
116.331 40.0713
116.331 40.0711
116.331 40.0708
116.329 40.072
116.329 40.0718
116.329 40.0716
116.329 40.0714
116.329 40.0712
116.329 40.0708
116.329 40.0704
116.329 40.0702
116.329 40.0701
116.329 40.0697
116.329 40.0697
116.329 40.0697
116.329 40.0697
116.329 40.0696
116.329 40.0696
116.329 40.0696
116.329 40.0696
116.329 40.0696
116.329 40.0696
116.329 40.0696
116.329 40.0696
116.329 40.0696
116.33 40.0696
116.33 40.0696
116.33 40.0696
116.33 40.0696
116.33 40.0696
116.33 40.0696
116.33 40.0696
116.33 40.0696
116.33 40.0696
116.33 40.0696
116.33 40.0696
116.33 40.0696
116.33 40.0697
116.33 40.0698
116.33 40.0697
116.33 40.0697
116.33 40.0697
116.33 40.0697
116.33 40.0697
116.33 40.0697
116.33 40.0697
116.33 40.0697
116.33 40.0697
116.33 40.0697
116.33 40.0697
116.33 40.0697
116.33 40.0697
116.33 40.0697
116.33 40.0697
116.33 40.0697
116.33 40.0697
116.331 40.0697
116.331 40.0697
116.331 40.0697
116.331 40.0697
116.331 40.0697
116.331 40.0697
116.331 40.0697
116.331 40.0697
116.331 40.0697
116.331 40.0697
116.33 40.0697
116.33 40.0697
116.33 40.0697
116.33 40.0697
116.33 40.0697
116.33 40.0697
116.33 40.0696
116.33 40.0696
116.33 40.0695
116.33 40.0695
116.33 40.0695
116.33 40.0695
116.33 40.0695
116.33 40.0696
116.33 40.0696
