116.323 40.076
116.323 40.076
116.323 40.076
116.323 40.076
116.323 40.076
116.323 40.076
116.323 40.076
116.323 40.076
116.323 40.0759
116.323 40.0759
116.323 40.0759
116.323 40.0759
116.323 40.0759
116.323 40.076
116.323 40.076
116.323 40.0761
116.323 40.0761
116.323 40.0761
116.323 40.0761
116.323 40.0761
116.323 40.0761
116.323 40.0761
116.323 40.0761
116.323 40.0761
116.323 40.0761
116.323 40.076
116.323 40.076
116.323 40.076
116.323 40.0759
116.323 40.0758
116.323 40.0757
116.323 40.0757
116.323 40.0757
116.323 40.0757
116.323 40.0758
116.323 40.0759
116.323 40.076
116.323 40.0761
116.323 40.0764
116.322 40.0766
116.321 40.0763
116.32 40.076
116.319 40.0758
116.319 40.0755
116.318 40.0754
116.318 40.0753
116.318 40.0753
116.317 40.0752
116.317 40.075
116.317 40.0749
116.316 40.0747
116.315 40.0744
116.314 40.074
116.313 40.0737
116.312 40.0734
116.311 40.0732
116.311 40.0731
116.31 40.0728
116.309 40.0726
116.308 40.0724
116.308 40.0723
116.308 40.0723
116.307 40.0725
116.307 40.0729
116.307 40.0733
116.306 40.0738
116.306 40.0742
116.306 40.0743
116.307 40.0743
116.307 40.074
116.308 40.0733
116.308 40.0725
116.309 40.0717
116.309 40.0711
116.309 40.0704
116.31 40.0697
116.31 40.0691
116.311 40.0687
116.311 40.0684
116.312 40.0679
116.312 40.0671
116.313 40.0662
116.314 40.0653
116.316 40.0631
116.317 40.0606
116.32 40.058
116.321 40.0556
116.323 40.0531
116.326 40.0503
116.328 40.0475
116.33 40.0447
116.332 40.0421
116.334 40.0397
116.335 40.0373
116.337 40.0353
116.339 40.0331
116.341 40.0306
116.342 40.0284
116.344 40.0261
116.346 40.0242
116.347 40.0221
116.349 40.0197
116.351 40.0173
116.353 40.0149
116.354 40.0126
116.355 40.0114
116.355 40.0112
116.355 40.011
116.356 40.0106
116.356 40.01
116.357 40.0094
116.358 40.0087
116.358 40.008
116.359 40.0072
116.359 40.0063
116.36 40.0053
116.361 40.0043
116.362 40.0032
116.363 40.0013
116.364 39.9994
116.366 39.9973
116.367 39.9957
116.368 39.9946
116.37 39.9925
116.371 39.9905
116.371 39.9886
116.371 39.9876
116.37 39.9866
116.369 39.9863
116.367 39.9862
116.364 39.9861
116.36 39.986
116.357 39.9859
116.354 39.9858
116.351 39.9857
116.348 39.9856
116.345 39.9856
116.342 39.9855
116.339 39.9854
116.336 39.9854
116.333 39.9853
116.33 39.9851
116.327 39.985
116.327 39.9847
116.327 39.984
116.327 39.9831
116.327 39.9821
116.327 39.9811
116.327 39.9803
116.327 39.98
116.327 39.98
116.327 39.98
116.327 39.9799
116.327 39.9799
116.327 39.9799
116.327 39.9799
116.327 39.9797
116.327 39.9792
116.327 39.9784
116.327 39.9774
116.327 39.9765
116.327 39.9757
116.328 39.9754
116.328 39.9756
116.328 39.9759
116.328 39.9762
116.328 39.9765
116.328 39.9769
116.328 39.9769
116.329 39.9769
116.329 39.977
116.33 39.977
116.331 39.9771
116.332 39.977
116.332 39.9768
116.332 39.9764
116.332 39.9758
116.331 39.9757
116.331 39.9757
116.33 39.9757
116.33 39.9756
116.33 39.9755
