116.34 39.9818
116.341 39.9821
116.341 39.9819
116.34 39.9819
116.34 39.9819
116.342 39.982
116.342 39.982
116.342 39.982
116.342 39.982
116.342 39.982
116.342 39.982
116.342 39.9821
116.342 39.9821
116.342 39.9821
116.342 39.9821
116.342 39.9821
116.342 39.9821
116.342 39.9821
116.342 39.9821
116.342 39.982
116.342 39.982
116.342 39.982
116.342 39.9821
116.342 39.9821
116.342 39.9821
116.342 39.9821
116.342 39.9821
116.342 39.9821
116.342 39.9821
116.342 39.982
116.342 39.982
116.342 39.982
116.342 39.9819
116.341 39.9819
116.341 39.9819
116.341 39.9819
116.341 39.9819
116.341 39.982
116.341 39.982
116.341 39.9819
116.341 39.9819
116.341 39.9818
116.341 39.9818
116.341 39.9818
116.341 39.9818
116.341 39.9818
116.341 39.9817
116.341 39.9818
116.341 39.982
116.341 39.9822
116.342 39.9823
116.342 39.9826
116.342 39.9827
116.342 39.9825
116.342 39.9825
116.342 39.9825
116.342 39.9825
116.342 39.9825
116.341 39.982
116.34 39.9819
116.34 39.9819
116.34 39.9819
116.34 39.9818
116.34 39.9818
