114.987 27.1318
114.987 27.1318
114.988 27.1319
114.988 27.1319
114.988 27.1319
114.988 27.132
114.988 27.1321
114.988 27.132
114.988 27.132
114.988 27.1321
114.988 27.1321
114.988 27.1321
114.988 27.1321
114.988 27.1322
114.988 27.1322
114.988 27.1322
114.988 27.1322
114.988 27.1322
114.988 27.1322
114.988 27.1322
114.989 27.1322
114.989 27.1322
114.989 27.1323
114.989 27.1323
114.989 27.1323
114.989 27.1323
114.989 27.1324
114.989 27.1324
114.989 27.1323
114.989 27.1323
114.989 27.1323
114.989 27.1323
114.989 27.1323
114.989 27.1324
114.989 27.1325
114.989 27.1325
114.989 27.1326
114.989 27.1326
114.989 27.1327
114.989 27.1327
114.989 27.1327
114.989 27.1328
114.989 27.1328
114.99 27.1329
114.99 27.1329
114.99 27.1329
114.99 27.133
114.99 27.133
114.99 27.1331
114.99 27.133
114.99 27.1331
114.99 27.1331
114.99 27.1331
114.99 27.1331
114.99 27.1332
114.99 27.1333
114.99 27.1333
114.99 27.1333
114.99 27.1333
114.99 27.1332
114.99 27.1332
114.99 27.1331
114.99 27.1331
114.99 27.133
114.99 27.133
114.99 27.1329
114.99 27.1329
114.99 27.1328
114.99 27.1328
114.991 27.1328
114.991 27.1327
114.991 27.1327
114.991 27.1327
114.991 27.1327
114.99 27.1327
114.99 27.1328
114.99 27.1328
114.99 27.1328
114.99 27.1328
114.99 27.1328
114.99 27.1329
114.99 27.1329
114.99 27.1329
114.99 27.133
114.99 27.133
114.99 27.133
114.99 27.133
114.99 27.133
114.99 27.133
114.991 27.133
114.991 27.133
114.991 27.133
114.991 27.1329
114.991 27.1329
114.991 27.1328
114.99 27.1328
114.99 27.1328
114.99 27.1328
114.991 27.1327
114.991 27.1328
114.991 27.1328
114.991 27.1327
114.991 27.1327
114.991 27.1327
114.991 27.1327
114.991 27.1324
114.991 27.1322
114.991 27.132
114.991 27.1319
114.991 27.1318
114.991 27.1318
114.991 27.1317
114.991 27.1316
114.991 27.1316
114.991 27.1315
114.991 27.1315
114.991 27.1315
114.991 27.1315
114.991 27.1315
114.991 27.1315
114.991 27.1314
114.992 27.1314
114.992 27.1314
114.992 27.1313
114.992 27.1313
114.992 27.1313
114.992 27.1313
114.992 27.1313
114.992 27.1312
114.992 27.1312
114.992 27.1313
114.992 27.1313
114.992 27.1313
114.992 27.1314
114.992 27.1313
114.992 27.1313
114.992 27.1313
114.992 27.1313
114.992 27.1313
114.992 27.1313
114.992 27.1313
114.992 27.1314
114.992 27.1314
114.992 27.1314
114.992 27.1314
114.992 27.1314
114.992 27.1315
114.992 27.1314
114.992 27.1314
114.992 27.1314
114.992 27.1313
114.992 27.1314
114.992 27.1314
114.992 27.1313
114.992 27.1312
114.992 27.1312
114.992 27.1312
114.992 27.1311
114.992 27.1311
114.992 27.1311
114.992 27.1311
114.992 27.1311
114.992 27.1312
114.992 27.1312
114.992 27.1312
114.992 27.1312
114.992 27.1312
114.992 27.1312
114.992 27.1311
114.992 27.1311
114.992 27.1311
114.992 27.1311
114.992 27.131
114.992 27.131
114.992 27.131
114.992 27.131
114.993 27.131
114.993 27.131
114.993 27.131
114.993 27.131
114.993 27.131
114.993 27.131
114.993 27.131
114.993 27.131
114.993 27.1309
114.993 27.1309
114.993 27.1309
114.993 27.1309
114.993 27.1309
114.993 27.1309
114.993 27.1309
114.993 27.1309
114.993 27.1308
114.993 27.1308
114.993 27.1307
114.993 27.1307
114.993 27.1307
114.993 27.1306
114.993 27.1306
114.993 27.1306
114.993 27.1305
114.993 27.1305
114.993 27.1305
114.993 27.1304
114.993 27.1304
114.993 27.1304
114.993 27.1304
114.993 27.1303
114.993 27.1303
114.994 27.1303
114.994 27.1303
114.994 27.1303
114.994 27.1303
114.994 27.1302
114.994 27.1302
114.994 27.1302
114.994 27.1301
114.993 27.1301
114.993 27.1301
114.993 27.1301
114.993 27.1301
114.993 27.1301
114.994 27.1301
114.994 27.1301
114.994 27.1301
114.994 27.1301
114.994 27.1301
114.994 27.1301
114.994 27.1302
114.994 27.1302
114.994 27.1302
114.994 27.1302
114.994 27.1302
114.994 27.1301
114.994 27.1301
114.994 27.1301
114.994 27.1301
114.994 27.1301
114.994 27.1301
114.994 27.1301
114.994 27.13
114.994 27.13
114.994 27.13
114.994 27.13
114.994 27.13
114.994 27.13
114.994 27.1299
114.994 27.13
114.994 27.1299
114.994 27.1299
114.994 27.1299
114.994 27.1299
114.994 27.1299
114.994 27.1298
114.994 27.1298
114.994 27.1298
114.994 27.1298
114.995 27.1298
114.995 27.1297
114.995 27.1297
114.995 27.1297
114.995 27.1297
114.995 27.1297
114.995 27.1297
114.995 27.1297
114.995 27.1297
114.995 27.1297
114.995 27.1296
114.995 27.1296
114.995 27.1296
114.995 27.1296
114.995 27.1296
114.995 27.1295
114.995 27.1295
114.995 27.1295
114.995 27.1295
114.995 27.1295
114.995 27.1295
114.995 27.1294
114.995 27.1294
114.995 27.1294
114.995 27.1294
114.995 27.1294
114.995 27.1294
114.995 27.1293
114.995 27.1293
114.995 27.1293
114.995 27.1293
114.995 27.1293
114.995 27.1292
114.995 27.1292
114.995 27.1292
114.995 27.1292
114.995 27.1292
114.995 27.1292
114.995 27.1292
114.995 27.1292
114.995 27.1292
114.995 27.1292
114.995 27.1292
114.995 27.1292
114.995 27.1292
114.995 27.1292
114.995 27.1292
114.995 27.1292
114.995 27.1292
114.995 27.1292
114.995 27.1291
114.996 27.1291
114.996 27.1291
114.996 27.1291
114.996 27.1291
114.996 27.1291
114.996 27.129
114.996 27.129
114.996 27.129
114.996 27.129
114.996 27.129
114.996 27.129
114.996 27.129
114.996 27.129
114.996 27.129
114.996 27.1289
114.996 27.1289
114.996 27.1289
114.996 27.1289
114.996 27.1289
114.996 27.1289
114.996 27.1289
114.996 27.1288
114.996 27.1288
114.996 27.1288
114.996 27.1288
114.996 27.1288
114.996 27.1288
114.996 27.1288
114.996 27.1288
114.996 27.1287
114.996 27.1287
114.996 27.1287
114.996 27.1287
114.996 27.1287
114.996 27.1287
114.996 27.1287
114.996 27.1286
114.996 27.1286
114.996 27.1286
114.996 27.1286
114.996 27.1285
114.996 27.1285
114.996 27.1285
114.996 27.1285
114.996 27.1285
114.996 27.1285
114.996 27.1285
114.996 27.1285
114.997 27.1285
114.997 27.1285
114.997 27.1285
114.997 27.1285
114.997 27.1285
114.997 27.1285
114.997 27.1285
114.997 27.1285
114.997 27.1285
114.997 27.1285
114.997 27.1285
114.997 27.1285
114.997 27.1285
114.997 27.1284
114.997 27.1284
114.997 27.1284
114.997 27.1284
114.997 27.1284
114.997 27.1284
114.997 27.1284
114.997 27.1283
114.997 27.1283
114.997 27.1282
114.997 27.1282
114.997 27.1282
114.997 27.1281
114.997 27.1281
114.997 27.1281
114.997 27.1281
114.997 27.1281
114.997 27.1281
114.997 27.1281
114.997 27.1281
114.997 27.1281
114.997 27.128
114.997 27.128
114.997 27.128
114.997 27.128
114.997 27.128
114.997 27.128
114.997 27.128
114.997 27.1279
114.997 27.1279
114.997 27.1279
114.997 27.1279
114.998 27.1279
114.998 27.1279
114.998 27.1278
114.998 27.1278
114.998 27.1278
114.998 27.1278
114.998 27.1278
114.998 27.1278
114.998 27.1278
114.998 27.1277
114.998 27.1277
114.998 27.1277
114.998 27.1277
114.998 27.1277
114.998 27.1277
114.998 27.1276
114.998 27.1276
114.998 27.1276
114.998 27.1275
114.998 27.1275
114.998 27.1275
114.998 27.1275
114.998 27.1275
114.998 27.1274
114.998 27.1274
114.998 27.1274
114.998 27.1274
114.998 27.1274
114.998 27.1273
114.998 27.1273
114.998 27.1273
114.998 27.1273
114.998 27.1273
114.998 27.1272
114.998 27.1272
114.998 27.1272
114.998 27.1272
114.998 27.1272
114.998 27.1272
114.998 27.1271
114.998 27.1271
114.998 27.1271
114.998 27.1271
114.998 27.127
114.998 27.127
114.998 27.127
114.998 27.127
114.998 27.1269
114.998 27.1269
114.998 27.1269
114.998 27.1269
114.998 27.1269
114.998 27.1269
114.998 27.1269
114.998 27.1269
114.998 27.1269
114.998 27.1269
114.998 27.1269
114.998 27.1269
114.998 27.1268
114.998 27.1268
114.998 27.1268
114.998 27.1268
114.998 27.1268
114.998 27.1268
114.998 27.1268
114.998 27.1268
114.998 27.1267
114.998 27.1267
114.998 27.1267
114.998 27.1267
114.998 27.1266
114.998 27.1266
114.998 27.1266
114.998 27.1266
114.998 27.1266
114.998 27.1266
114.998 27.1266
114.998 27.1265
114.998 27.1265
114.998 27.1265
114.998 27.1265
114.998 27.1265
114.998 27.1265
114.998 27.1265
114.998 27.1265
114.998 27.1264
114.998 27.1264
114.998 27.1264
114.998 27.1264
114.998 27.1264
114.998 27.1264
114.998 27.1264
114.998 27.1264
114.998 27.1263
114.998 27.1263
114.998 27.1263
114.998 27.1263
114.998 27.1263
114.998 27.1263
114.998 27.1263
114.998 27.1263
114.998 27.1262
114.998 27.1262
114.997 27.1262
114.997 27.1262
114.997 27.1262
114.997 27.1262
114.997 27.1262
114.997 27.1262
114.997 27.1261
114.997 27.1261
114.997 27.1261
114.997 27.1261
114.997 27.1261
114.997 27.1261
114.997 27.1261
114.997 27.126
114.997 27.126
114.997 27.126
114.997 27.126
114.997 27.126
114.997 27.126
114.997 27.1259
114.997 27.1259
114.997 27.1259
114.997 27.1259
114.997 27.1259
114.997 27.1259
114.997 27.1258
114.997 27.1258
114.997 27.1258
114.997 27.1258
114.997 27.1258
114.997 27.1258
114.997 27.1258
114.997 27.1258
114.997 27.1257
114.997 27.1257
114.997 27.1257
114.997 27.1257
114.997 27.1257
114.997 27.1257
114.997 27.1257
114.997 27.1256
114.997 27.1256
114.997 27.1256
114.997 27.1256
114.997 27.1256
114.997 27.1256
114.997 27.1255
114.997 27.1255
114.997 27.1255
114.997 27.1255
114.997 27.1255
114.997 27.1255
114.997 27.1254
114.997 27.1254
114.997 27.1254
114.997 27.1254
114.997 27.1254
114.997 27.1254
114.997 27.1254
114.997 27.1254
114.997 27.1253
114.997 27.1253
114.997 27.1253
114.997 27.1253
114.996 27.1253
114.996 27.1253
114.996 27.1253
114.996 27.1252
114.996 27.1252
114.996 27.1252
114.996 27.1252
114.996 27.1252
114.996 27.1252
114.996 27.1252
114.996 27.1251
114.996 27.1251
114.996 27.1251
114.996 27.1251
114.996 27.1251
114.996 27.1251
114.996 27.125
114.996 27.125
114.996 27.125
114.996 27.125
114.996 27.125
114.996 27.125
114.996 27.125
114.996 27.125
114.996 27.125
114.996 27.125
114.996 27.125
114.996 27.125
114.996 27.125
114.996 27.125
114.996 27.125
114.996 27.1249
114.996 27.1249
114.996 27.1249
114.996 27.1249
114.996 27.1249
114.996 27.1249
114.996 27.1248
114.996 27.1248
114.996 27.1248
114.996 27.1248
114.996 27.1248
114.996 27.1248
114.996 27.1248
114.996 27.1247
114.996 27.1247
114.996 27.1247
114.996 27.1247
114.996 27.1247
114.996 27.1247
114.996 27.1247
114.996 27.1246
114.996 27.1246
114.996 27.1246
114.996 27.1246
114.996 27.1246
114.996 27.1246
114.996 27.1245
114.996 27.1245
114.996 27.1245
114.996 27.1245
114.996 27.1245
114.996 27.1245
114.996 27.1244
114.996 27.1244
114.996 27.1244
114.996 27.1244
114.996 27.1244
114.996 27.1244
114.996 27.1244
114.996 27.1243
114.996 27.1243
114.996 27.1243
114.996 27.1243
114.996 27.1243
114.996 27.1243
114.996 27.1243
114.996 27.1242
114.996 27.1242
114.996 27.1242
114.996 27.1242
114.996 27.1242
114.995 27.1242
114.995 27.1241
114.995 27.1241
114.995 27.1241
114.995 27.1241
114.995 27.1241
114.995 27.124
114.995 27.124
114.995 27.124
114.995 27.124
114.995 27.124
114.995 27.124
114.995 27.124
114.995 27.1239
114.995 27.1239
114.995 27.1239
114.995 27.1239
114.995 27.1239
114.995 27.1239
114.995 27.1238
114.995 27.1238
114.995 27.1238
114.995 27.1238
114.995 27.1238
114.995 27.1238
114.995 27.1238
114.995 27.1238
114.995 27.1238
114.995 27.1237
114.995 27.1237
114.995 27.1237
114.995 27.1237
114.995 27.1237
114.995 27.1237
114.995 27.1237
114.995 27.1236
114.995 27.1236
114.995 27.1236
114.995 27.1236
114.995 27.1236
114.995 27.1236
114.995 27.1236
114.995 27.1235
114.995 27.1235
114.995 27.1235
114.995 27.1235
114.995 27.1235
114.995 27.1235
114.995 27.1234
114.995 27.1234
114.995 27.1234
114.995 27.1234
114.995 27.1234
114.995 27.1234
114.995 27.1233
114.995 27.1233
114.995 27.1233
114.995 27.1233
114.995 27.1233
114.994 27.1233
114.994 27.1232
114.994 27.1232
114.994 27.1232
114.994 27.1232
114.994 27.1232
114.994 27.1231
114.994 27.1231
114.994 27.1231
114.994 27.1231
114.994 27.1231
114.994 27.1231
114.994 27.123
114.994 27.123
114.994 27.123
114.994 27.123
114.994 27.123
114.994 27.123
114.994 27.1229
114.994 27.1229
114.994 27.1229
114.994 27.1229
114.994 27.1229
114.994 27.1229
114.994 27.1228
114.994 27.1228
114.994 27.1228
114.994 27.1228
114.994 27.1228
114.994 27.1228
114.994 27.1227
114.994 27.1227
114.994 27.1227
114.994 27.1227
114.994 27.1227
114.994 27.1226
114.994 27.1226
114.994 27.1226
114.994 27.1226
114.994 27.1226
114.994 27.1226
114.994 27.1225
114.994 27.1225
114.994 27.1225
114.994 27.1225
114.994 27.1225
114.994 27.1225
114.994 27.1224
114.994 27.1224
114.994 27.1224
114.994 27.1224
114.994 27.1224
114.994 27.1223
114.994 27.1223
114.994 27.1223
114.994 27.1223
114.994 27.1223
114.994 27.1223
114.993 27.1223
114.993 27.1222
114.993 27.1222
114.993 27.1222
114.993 27.1222
114.993 27.1222
114.993 27.1222
114.993 27.1221
114.993 27.1221
114.993 27.1221
114.993 27.1221
114.993 27.1221
114.993 27.122
114.993 27.122
114.993 27.122
114.993 27.122
114.993 27.122
114.993 27.122
114.993 27.1219
114.993 27.1219
114.993 27.1219
114.993 27.1219
114.993 27.1219
114.993 27.1218
114.993 27.1218
114.993 27.1218
114.993 27.1218
114.993 27.1218
114.993 27.1218
114.993 27.1217
114.993 27.1217
114.993 27.1217
114.993 27.1217
114.993 27.1217
114.993 27.1216
114.993 27.1216
114.993 27.1216
114.993 27.1216
114.993 27.1216
114.993 27.1216
114.993 27.1215
114.993 27.1215
114.993 27.1215
114.993 27.1216
114.993 27.1216
114.993 27.1216
114.993 27.1216
114.993 27.1216
114.993 27.1216
114.993 27.1216
114.993 27.1216
114.993 27.1216
114.993 27.1216
114.993 27.1216
114.993 27.1216
114.992 27.1216
114.992 27.1216
114.992 27.1216
114.992 27.1216
114.992 27.1216
114.992 27.1216
114.992 27.1216
114.992 27.1216
114.992 27.1216
114.992 27.1216
114.992 27.1216
114.992 27.1216
114.992 27.1216
114.992 27.1216
114.992 27.1215
114.992 27.1215
114.992 27.1215
114.992 27.1215
114.992 27.1215
114.992 27.1216
114.992 27.1216
114.992 27.1216
114.992 27.1216
114.992 27.1216
114.992 27.1217
114.992 27.1217
114.992 27.1217
114.992 27.1217
114.992 27.1217
114.992 27.1218
114.992 27.1218
114.992 27.1218
114.992 27.1219
114.992 27.1219
114.992 27.1219
114.992 27.1219
114.992 27.1219
114.992 27.1219
114.992 27.1219
114.992 27.1219
114.992 27.1219
114.992 27.1219
114.992 27.1219
114.992 27.1218
114.992 27.1218
114.992 27.1218
114.992 27.1219
114.992 27.1219
114.992 27.1219
114.992 27.1219
114.992 27.1219
114.992 27.1219
114.992 27.1219
114.992 27.1219
114.992 27.122
114.992 27.122
114.992 27.122
114.992 27.122
114.992 27.122
114.992 27.1221
114.992 27.1221
114.992 27.1221
114.991 27.1221
114.991 27.1221
114.991 27.1222
114.991 27.1222
114.991 27.1222
114.991 27.1222
114.991 27.1222
114.991 27.1222
114.991 27.1222
114.991 27.1222
114.991 27.1222
114.991 27.1222
114.991 27.1222
114.991 27.1222
114.991 27.1221
114.991 27.1221
114.991 27.1221
114.991 27.1221
114.991 27.1221
114.991 27.122
114.991 27.122
114.991 27.122
114.991 27.122
114.991 27.122
114.991 27.1219
114.991 27.1219
114.991 27.1219
114.991 27.1219
114.991 27.1218
114.991 27.1218
114.991 27.1218
114.991 27.1218
114.991 27.1218
114.991 27.1217
114.991 27.1217
114.991 27.1217
114.991 27.1217
114.991 27.1217
114.991 27.1217
114.991 27.1217
114.991 27.1217
114.991 27.1217
114.991 27.1217
114.991 27.1217
114.991 27.1217
114.991 27.1217
114.991 27.1217
114.991 27.1217
114.99 27.1214
114.99 27.1214
114.99 27.1214
114.99 27.1214
114.99 27.1214
114.99 27.1214
114.99 27.1214
114.99 27.1213
114.99 27.1213
114.99 27.1213
114.99 27.1213
114.99 27.1213
114.99 27.1213
114.99 27.1213
114.99 27.1213
114.99 27.1213
114.99 27.1213
114.99 27.1213
114.99 27.1213
114.99 27.1213
114.99 27.1213
114.99 27.1213
114.99 27.1213
114.99 27.1213
114.99 27.1213
114.99 27.1213
114.99 27.1213
114.99 27.1213
114.99 27.1213
114.99 27.1213
114.99 27.1213
114.99 27.1213
114.99 27.1213
114.99 27.1213
114.99 27.1213
114.99 27.1213
114.99 27.1213
114.99 27.1213
114.99 27.1213
114.99 27.1213
114.99 27.1213
114.99 27.1213
114.99 27.1213
114.99 27.1213
114.99 27.1213
114.99 27.1213
114.99 27.1213
114.99 27.1213
114.99 27.1213
114.99 27.1213
114.99 27.1213
114.99 27.1213
114.99 27.1213
114.99 27.1213
114.99 27.1213
114.99 27.1213
114.99 27.1213
114.99 27.1213
114.99 27.1213
114.99 27.1213
114.99 27.1213
114.99 27.1213
114.99 27.1213
114.99 27.1213
114.99 27.1213
114.99 27.1213
114.99 27.1213
114.99 27.1213
114.99 27.1213
114.99 27.1213
114.99 27.1213
114.99 27.1213
114.99 27.1213
114.99 27.1213
114.99 27.1213
114.99 27.1213
114.99 27.1213
114.99 27.1213
114.99 27.1212
114.99 27.1212
114.99 27.1212
114.99 27.1212
114.99 27.1212
114.99 27.1212
114.99 27.1212
114.99 27.1212
114.99 27.1212
114.99 27.1212
114.99 27.1212
114.99 27.1213
114.99 27.1213
114.99 27.1213
114.99 27.1213
114.99 27.1213
114.99 27.1214
114.99 27.1214
114.99 27.1214
114.99 27.1214
114.99 27.1214
114.99 27.1214
114.99 27.1214
114.99 27.1214
114.99 27.1214
114.99 27.1214
114.99 27.1214
114.99 27.1214
114.99 27.1214
114.99 27.1214
114.99 27.1214
114.99 27.1214
114.99 27.1214
114.99 27.1214
114.99 27.1214
114.99 27.1214
114.99 27.1214
114.99 27.1214
114.99 27.1214
114.99 27.1214
114.99 27.1214
114.991 27.1217
114.991 27.1217
114.991 27.1217
114.991 27.1217
114.991 27.1217
114.991 27.1217
114.991 27.1217
114.991 27.1218
114.991 27.1218
114.991 27.1218
114.991 27.1218
114.991 27.1218
114.991 27.1218
114.99 27.1218
114.99 27.1219
114.99 27.1219
114.99 27.1219
114.99 27.1219
114.99 27.1219
114.99 27.1219
114.99 27.1219
114.99 27.1218
114.99 27.1218
114.99 27.1218
114.99 27.1218
114.99 27.1218
114.99 27.1218
114.99 27.1218
114.99 27.1218
114.99 27.1218
114.99 27.1218
114.99 27.1219
114.99 27.1219
114.99 27.1219
114.99 27.1219
114.99 27.1219
114.99 27.1219
114.99 27.1219
114.99 27.122
114.99 27.122
114.99 27.122
114.99 27.122
114.99 27.122
114.99 27.122
114.99 27.122
114.99 27.122
114.99 27.122
114.99 27.122
114.99 27.122
114.99 27.122
114.99 27.122
114.99 27.122
114.99 27.122
114.99 27.122
114.99 27.122
114.99 27.122
114.99 27.122
114.99 27.122
114.989 27.122
114.989 27.122
114.989 27.122
114.989 27.122
114.989 27.122
114.989 27.122
114.989 27.122
114.989 27.122
114.989 27.122
114.989 27.122
114.989 27.122
114.989 27.122
114.989 27.122
114.989 27.122
114.989 27.122
114.989 27.122
114.989 27.122
114.989 27.122
114.989 27.1221
114.989 27.1221
114.989 27.1221
114.989 27.1221
114.989 27.1221
114.989 27.1221
114.989 27.1221
114.989 27.1221
114.989 27.1221
114.989 27.1221
114.989 27.1221
114.989 27.1222
114.989 27.1222
114.989 27.1222
114.989 27.1222
114.989 27.1222
114.989 27.1222
114.989 27.1222
114.989 27.1222
114.989 27.1222
114.989 27.1222
114.989 27.1222
114.989 27.1222
114.989 27.1222
114.989 27.1222
114.989 27.1222
114.989 27.1222
114.989 27.1222
114.989 27.1222
114.989 27.1222
114.989 27.1222
114.989 27.1222
114.989 27.1222
114.989 27.1222
114.989 27.1222
114.989 27.1222
114.989 27.1222
114.989 27.1222
114.989 27.1222
114.989 27.1222
114.989 27.1222
114.989 27.1222
114.989 27.1222
114.989 27.1222
114.989 27.1223
114.989 27.1223
114.989 27.1223
114.989 27.1223
114.989 27.1224
114.989 27.1224
114.989 27.1224
114.989 27.1224
114.989 27.1225
114.989 27.1225
114.989 27.1225
114.989 27.1225
114.989 27.1225
114.989 27.1226
114.989 27.1226
114.989 27.1226
114.989 27.1226
114.989 27.1226
114.989 27.1226
114.989 27.1227
114.989 27.1227
114.989 27.1227
114.989 27.1227
114.989 27.1227
114.989 27.1227
114.989 27.1228
114.989 27.1228
114.989 27.1228
114.989 27.1228
114.989 27.1228
114.989 27.1229
114.989 27.1229
114.989 27.1229
114.989 27.1229
114.989 27.123
114.989 27.123
114.989 27.123
114.989 27.123
114.989 27.123
114.989 27.123
114.989 27.1231
114.989 27.1231
114.989 27.1231
114.989 27.1231
114.989 27.1232
114.989 27.1232
114.989 27.1232
114.989 27.1233
114.989 27.1233
114.989 27.1233
114.989 27.1233
114.989 27.1233
114.989 27.1233
114.989 27.1233
114.989 27.1234
114.989 27.1234
114.989 27.1234
114.989 27.1234
114.989 27.1234
114.989 27.1235
114.989 27.1235
114.989 27.1235
114.989 27.1235
114.989 27.1235
114.989 27.1236
114.989 27.1236
114.989 27.1236
114.989 27.1236
114.989 27.1236
114.989 27.1236
114.989 27.1236
114.989 27.1236
114.989 27.1236
114.989 27.1236
114.989 27.1236
114.989 27.1236
114.989 27.1236
114.989 27.1236
114.989 27.1236
114.989 27.1236
114.989 27.1236
114.989 27.1236
114.989 27.1236
114.989 27.1236
114.989 27.1236
114.989 27.1236
114.989 27.1236
114.989 27.1236
114.989 27.1236
114.989 27.1236
114.989 27.1236
114.989 27.1236
114.989 27.1236
114.989 27.1236
114.989 27.1236
114.989 27.1236
114.989 27.1236
114.989 27.1236
114.989 27.1236
114.989 27.1236
114.989 27.1236
114.989 27.1236
114.989 27.1236
114.989 27.1236
114.989 27.1236
114.989 27.1236
114.989 27.1236
114.989 27.1236
114.988 27.1236
114.988 27.1236
114.988 27.1236
114.988 27.1236
114.988 27.1236
114.988 27.1237
114.988 27.1237
114.988 27.1237
114.988 27.1237
114.988 27.1237
114.988 27.1237
114.988 27.1237
114.988 27.1237
114.988 27.1237
114.988 27.1237
114.988 27.1238
114.988 27.1238
114.988 27.1238
114.988 27.1238
114.988 27.1238
114.988 27.1238
114.988 27.1238
114.988 27.1238
114.988 27.1239
114.988 27.1239
114.988 27.1239
114.988 27.1239
114.988 27.1239
114.988 27.1239
114.988 27.1239
114.988 27.1239
114.988 27.1239
114.988 27.1239
114.988 27.1239
114.988 27.1239
114.988 27.1239
114.988 27.1239
114.988 27.1239
114.988 27.1239
114.988 27.1239
114.988 27.1239
114.988 27.1239
114.988 27.1239
114.988 27.1239
114.988 27.124
114.988 27.124
114.988 27.124
114.988 27.124
114.988 27.124
114.988 27.124
114.988 27.124
114.988 27.124
114.988 27.124
114.987 27.124
114.987 27.1241
114.987 27.1241
114.988 27.1241
114.988 27.1241
114.988 27.1241
114.988 27.1241
114.988 27.1241
114.987 27.1241
114.987 27.1241
114.987 27.1241
114.987 27.1241
114.987 27.1241
114.987 27.1241
114.987 27.1241
114.986 27.1241
114.986 27.1241
114.986 27.1241
114.986 27.1241
114.986 27.1241
114.986 27.1241
114.986 27.1241
114.986 27.1242
114.987 27.1242
114.987 27.1242
114.987 27.1242
114.987 27.1241
114.987 27.1241
114.987 27.1241
114.987 27.124
114.987 27.124
114.987 27.124
114.987 27.1239
114.987 27.1239
114.987 27.1239
114.987 27.1239
114.987 27.1239
114.987 27.1239
114.987 27.1238
114.987 27.1239
114.987 27.1239
114.987 27.1239
114.987 27.1239
114.987 27.1239
114.987 27.1239
114.987 27.1239
114.987 27.1239
114.987 27.1239
114.987 27.1239
114.987 27.1239
114.987 27.1239
114.987 27.1239
114.987 27.1239
114.987 27.1239
114.987 27.1239
114.987 27.1239
114.987 27.124
114.987 27.124
114.987 27.1239
114.987 27.1242
114.987 27.1242
114.987 27.1243
114.987 27.1242
114.987 27.1244
114.987 27.1242
114.987 27.1241
114.987 27.124
114.987 27.124
114.987 27.1239
114.987 27.1239
114.987 27.124
114.987 27.124
114.987 27.124
114.987 27.124
114.987 27.124
114.987 27.124
114.987 27.124
114.987 27.124
114.987 27.124
114.987 27.124
114.987 27.124
114.987 27.124
114.987 27.124
114.987 27.124
114.987 27.124
114.987 27.124
114.987 27.1241
114.987 27.1241
114.987 27.1241
114.987 27.1241
114.987 27.1241
114.987 27.1242
114.987 27.1243
114.987 27.1243
114.987 27.1243
114.987 27.1244
114.987 27.1244
114.987 27.1244
114.987 27.1245
114.987 27.1245
114.987 27.1245
114.987 27.1245
114.987 27.1246
114.987 27.1246
114.987 27.1246
114.987 27.1246
114.987 27.1247
114.987 27.1247
114.987 27.1247
114.987 27.1247
114.987 27.1247
114.987 27.1248
114.987 27.1248
114.987 27.1248
114.987 27.1248
114.987 27.1248
114.987 27.1248
114.987 27.1248
114.987 27.1248
114.987 27.1248
114.987 27.1248
114.987 27.1248
114.987 27.1248
114.987 27.1248
114.987 27.1248
114.987 27.1248
114.987 27.1249
114.987 27.1249
114.987 27.1249
114.987 27.1249
114.987 27.1249
114.987 27.1249
114.987 27.125
114.987 27.125
114.987 27.125
114.987 27.125
114.987 27.125
114.987 27.125
114.987 27.125
114.987 27.125
114.987 27.1251
114.987 27.1251
114.987 27.1251
114.987 27.1251
114.987 27.1251
114.987 27.1251
114.988 27.1252
114.988 27.1252
114.988 27.1252
114.988 27.1252
114.988 27.1253
114.988 27.1253
114.988 27.1253
114.988 27.1254
114.988 27.1254
114.988 27.1254
114.988 27.1254
114.988 27.1254
114.988 27.1255
114.988 27.1255
114.988 27.1255
114.988 27.1256
114.988 27.1256
114.988 27.1256
114.988 27.1256
114.988 27.1256
114.988 27.1257
114.988 27.1257
114.988 27.1257
114.988 27.1257
114.988 27.1257
114.988 27.1257
114.988 27.1258
114.988 27.1258
114.988 27.1258
114.988 27.1258
114.988 27.1258
114.988 27.1258
114.988 27.1258
114.988 27.1258
114.988 27.1259
114.988 27.1259
114.988 27.1259
114.988 27.1259
114.988 27.126
114.988 27.126
114.988 27.126
114.988 27.126
114.988 27.126
114.988 27.126
114.988 27.1261
114.988 27.1261
114.988 27.1261
114.988 27.1261
114.988 27.1261
114.988 27.1262
114.988 27.1262
114.988 27.1262
114.988 27.1262
114.988 27.1263
114.988 27.1263
114.988 27.1263
114.988 27.1263
114.988 27.1263
114.988 27.1263
114.988 27.1263
114.988 27.1264
114.988 27.1264
114.988 27.1264
114.988 27.1264
114.988 27.1264
114.988 27.1264
114.988 27.1264
114.988 27.1264
114.988 27.1264
114.988 27.1265
114.988 27.1265
114.988 27.1265
114.988 27.1265
114.988 27.1265
114.988 27.1265
114.988 27.1265
114.988 27.1266
114.989 27.1266
114.989 27.1266
114.989 27.1266
114.989 27.1266
114.989 27.1266
114.989 27.1266
114.989 27.1267
114.989 27.1267
114.989 27.1267
114.989 27.1267
114.989 27.1267
114.989 27.1267
114.989 27.1268
114.989 27.1268
114.989 27.1268
114.989 27.1268
114.989 27.1268
114.989 27.1268
114.989 27.1268
114.989 27.1269
114.989 27.1269
114.989 27.1269
114.989 27.1269
114.989 27.1269
114.989 27.1269
114.989 27.1269
114.989 27.127
114.989 27.127
114.989 27.127
114.989 27.127
114.989 27.127
114.989 27.127
114.989 27.1271
114.989 27.1271
114.989 27.1271
114.989 27.1271
114.989 27.1271
114.989 27.1272
114.989 27.1272
114.989 27.1272
114.989 27.1272
114.989 27.1272
114.989 27.1272
114.989 27.1273
114.989 27.1273
114.989 27.1273
114.989 27.1273
114.989 27.1273
114.989 27.1273
114.989 27.1273
114.989 27.1274
114.989 27.1274
114.989 27.1274
114.989 27.1274
114.989 27.1274
114.989 27.1274
114.989 27.1275
114.989 27.1275
114.989 27.1275
114.989 27.1275
114.989 27.1275
114.989 27.1275
114.989 27.1275
114.989 27.1276
114.989 27.1276
114.989 27.1276
114.989 27.1276
114.989 27.1276
114.989 27.1277
114.989 27.1277
114.989 27.1277
114.989 27.1277
114.989 27.1278
114.989 27.1278
114.989 27.1278
114.989 27.1278
114.989 27.1278
114.989 27.1278
114.989 27.1278
114.989 27.1279
114.989 27.1279
114.989 27.1279
114.989 27.1279
114.989 27.1279
114.989 27.1279
114.989 27.128
114.989 27.128
114.989 27.128
114.989 27.128
114.989 27.128
114.989 27.128
114.989 27.128
114.99 27.128
114.989 27.1281
114.99 27.1281
114.99 27.1281
114.99 27.1281
114.99 27.1281
114.99 27.1281
114.99 27.1282
114.99 27.1282
114.99 27.1282
114.99 27.1282
114.99 27.1282
114.99 27.1282
114.99 27.1283
114.99 27.1283
114.99 27.1283
114.99 27.1283
114.99 27.1283
114.99 27.1284
114.99 27.1284
114.99 27.1284
114.99 27.1284
114.99 27.1284
114.99 27.1284
114.99 27.1284
114.99 27.1284
114.99 27.1285
114.99 27.1285
114.99 27.1285
114.99 27.1285
114.99 27.1286
114.99 27.1286
114.99 27.1286
114.99 27.1286
114.99 27.1286
114.99 27.1287
114.99 27.1287
114.99 27.1287
114.99 27.1287
114.99 27.1287
114.99 27.1288
114.99 27.1288
114.99 27.1288
114.99 27.1288
114.99 27.1288
114.99 27.1288
114.99 27.1288
114.99 27.1288
114.99 27.1289
114.99 27.1289
114.99 27.1289
114.99 27.1289
114.99 27.1289
114.99 27.1289
114.99 27.1289
114.99 27.1289
114.99 27.129
114.99 27.129
114.99 27.129
114.99 27.129
114.99 27.129
114.99 27.129
114.99 27.129
114.99 27.129
114.989 27.129
114.989 27.129
114.989 27.129
114.989 27.129
114.989 27.129
114.989 27.129
114.989 27.1289
114.989 27.1289
114.989 27.1289
114.989 27.1289
114.989 27.1289
114.989 27.1289
114.989 27.1289
114.989 27.1289
114.989 27.1289
114.989 27.1289
114.989 27.1289
114.989 27.1289
114.989 27.1289
114.989 27.1289
114.989 27.129
114.989 27.129
114.989 27.129
114.989 27.129
114.989 27.129
114.989 27.1291
114.989 27.1291
114.989 27.1291
114.989 27.1292
114.989 27.1292
114.989 27.1292
114.989 27.1292
114.989 27.1292
114.989 27.1292
114.989 27.1293
114.989 27.1293
114.989 27.1293
114.989 27.1293
114.989 27.1293
114.989 27.1293
114.989 27.1293
114.989 27.1294
114.989 27.1294
114.989 27.1294
114.989 27.1294
114.989 27.1295
114.989 27.1295
114.989 27.1295
114.989 27.1295
114.989 27.1295
114.989 27.1295
114.989 27.1295
114.989 27.1295
114.989 27.1296
114.989 27.1296
114.989 27.1296
114.989 27.1296
114.989 27.1296
114.989 27.1296
114.989 27.1296
114.989 27.1296
114.989 27.1296
114.989 27.1296
114.989 27.1296
114.989 27.1295
114.989 27.1295
114.989 27.1295
114.989 27.1295
114.99 27.1295
114.99 27.1295
114.99 27.1295
114.99 27.1296
114.99 27.1296
114.99 27.1296
114.99 27.1296
114.99 27.1296
114.989 27.1296
114.989 27.1297
114.989 27.1297
114.989 27.1297
114.989 27.1297
114.989 27.1297
114.989 27.1297
114.989 27.1298
114.989 27.1298
114.989 27.1298
114.989 27.1298
114.989 27.1298
114.989 27.1298
114.989 27.1298
114.989 27.1298
114.989 27.1299
114.989 27.1299
114.989 27.1299
114.989 27.1299
114.989 27.1299
114.989 27.1299
114.989 27.1299
114.989 27.13
114.989 27.1301
114.989 27.1302
114.989 27.1303
114.989 27.1304
114.989 27.1305
114.989 27.1305
114.989 27.1305
114.989 27.1306
114.989 27.1306
114.988 27.1307
114.988 27.1307
114.988 27.1307
114.988 27.1308
114.988 27.1309
114.988 27.1309
114.988 27.1309
114.988 27.1309
114.988 27.1309
114.988 27.1309
114.988 27.131
114.988 27.131
114.988 27.1311
114.988 27.1312
114.988 27.1313
114.988 27.1311
114.988 27.131
114.988 27.1308
114.988 27.1308
114.989 27.1308
