121.546 38.8879
121.546 38.8879
121.546 38.8879
121.546 38.8879
121.546 38.8878
121.546 38.8878
121.546 38.8878
121.546 38.8878
121.546 38.8878
121.546 38.8878
121.546 38.8878
121.546 38.8878
121.546 38.8878
121.546 38.8879
121.546 38.8879
121.546 38.888
121.546 38.888
121.546 38.888
121.546 38.8882
121.546 38.8882
121.546 38.8882
121.546 38.8882
121.546 38.8882
121.546 38.8882
121.546 38.8882
121.546 38.8881
121.546 38.8881
121.546 38.8881
121.546 38.8881
121.546 38.8881
121.546 38.8881
121.546 38.888
121.546 38.888
121.546 38.888
121.546 38.888
121.546 38.888
121.546 38.8879
121.546 38.8879
121.546 38.8879
121.546 38.8879
121.546 38.8879
121.546 38.8878
121.546 38.8878
121.546 38.8878
121.546 38.8878
121.546 38.8878
121.546 38.8878
121.546 38.8878
121.546 38.8878
121.546 38.8877
121.546 38.8877
121.546 38.8877
121.546 38.8877
121.546 38.8877
121.546 38.8877
121.546 38.8876
121.546 38.8876
121.546 38.8876
121.546 38.8876
121.546 38.8876
121.546 38.8876
121.545 38.8876
121.545 38.8876
121.545 38.8875
121.545 38.8875
121.545 38.8875
121.545 38.8875
121.545 38.8875
121.545 38.8875
121.545 38.8875
121.545 38.8875
121.545 38.8875
121.545 38.8875
121.545 38.8875
121.545 38.8875
121.545 38.8874
121.545 38.8874
121.545 38.8874
121.545 38.8874
121.545 38.8874
121.545 38.8874
121.545 38.8874
121.545 38.8874
121.545 38.8874
121.545 38.8874
121.545 38.8874
121.545 38.8873
121.545 38.8873
121.545 38.8873
121.545 38.8873
121.545 38.8873
121.545 38.8873
121.545 38.8873
121.545 38.8873
121.545 38.8873
121.545 38.8873
121.545 38.8873
121.545 38.8873
121.545 38.8873
121.545 38.8873
121.545 38.8873
121.545 38.8872
121.545 38.8872
121.545 38.8872
121.545 38.8872
121.545 38.8872
121.545 38.8872
121.545 38.8872
121.545 38.8872
121.545 38.8872
121.545 38.8873
121.545 38.8873
121.545 38.8873
121.545 38.8873
121.545 38.8873
121.545 38.8873
121.545 38.8873
121.545 38.8874
121.545 38.8874
121.545 38.8874
121.545 38.8874
121.545 38.8875
121.545 38.8875
121.545 38.8875
121.545 38.8876
121.545 38.8876
121.546 38.8876
121.546 38.8876
121.546 38.8877
121.546 38.8877
121.546 38.8878
121.546 38.8878
121.546 38.8879
121.546 38.888
121.546 38.8881
121.546 38.8882
121.546 38.8883
121.546 38.8883
121.547 38.8884
121.547 38.8885
121.547 38.8886
121.547 38.8887
121.547 38.8888
121.547 38.8888
121.547 38.8889
121.547 38.889
121.547 38.8891
121.547 38.8891
121.547 38.8892
121.547 38.8893
121.547 38.8893
121.548 38.8894
121.548 38.8894
121.548 38.8895
121.548 38.8895
121.548 38.8896
121.548 38.8896
121.548 38.8896
121.548 38.8897
121.548 38.8897
121.548 38.8897
121.548 38.8898
121.548 38.8898
121.548 38.8898
121.548 38.8898
121.548 38.8899
121.548 38.8899
121.548 38.8901
121.548 38.8901
121.548 38.8901
121.548 38.8901
121.548 38.8902
121.548 38.8902
121.548 38.8903
121.548 38.8903
121.548 38.8903
121.548 38.8904
121.549 38.8904
121.549 38.8904
121.549 38.8905
121.549 38.8905
121.549 38.8905
121.549 38.8906
121.549 38.8906
121.549 38.8907
121.549 38.8907
121.549 38.8908
121.549 38.8908
121.549 38.8909
121.549 38.8909
121.549 38.891
121.549 38.891
121.549 38.8911
121.549 38.8912
121.55 38.8913
121.55 38.8913
121.55 38.8914
121.55 38.8915
121.55 38.8916
121.55 38.8917
121.55 38.8917
121.55 38.8918
121.55 38.8919
121.55 38.892
121.55 38.8921
121.551 38.8922
121.551 38.8923
121.551 38.8923
121.551 38.8924
121.551 38.8925
121.551 38.8925
121.551 38.8926
121.551 38.8927
121.551 38.8927
121.552 38.8928
121.552 38.8928
121.552 38.8929
121.552 38.893
121.552 38.8931
121.552 38.8932
121.552 38.8933
121.552 38.8933
121.552 38.8934
121.553 38.8935
121.553 38.8936
121.553 38.8937
121.553 38.8937
121.553 38.8938
121.553 38.8939
121.553 38.8939
121.553 38.894
121.553 38.8941
121.554 38.8941
121.554 38.8942
121.554 38.8942
121.554 38.8943
121.554 38.8944
121.554 38.8944
121.554 38.8945
121.554 38.8946
121.555 38.8946
121.555 38.8946
121.555 38.8947
121.555 38.8947
121.555 38.8948
121.555 38.8948
121.555 38.8948
121.555 38.8949
121.555 38.8949
121.555 38.8949
121.556 38.8949
121.556 38.8949
121.556 38.8949
121.556 38.8949
121.556 38.8949
121.556 38.8949
121.556 38.8949
121.556 38.895
121.556 38.8949
121.556 38.8949
121.556 38.8949
121.556 38.8949
121.556 38.8949
121.556 38.8949
121.556 38.8949
121.556 38.8949
121.556 38.8949
121.556 38.8949
121.556 38.8949
121.556 38.8949
121.556 38.8949
121.556 38.8948
121.556 38.8948
121.556 38.8948
121.556 38.8948
121.556 38.8948
121.556 38.8948
121.556 38.8948
121.556 38.8948
121.556 38.8948
121.556 38.8948
121.556 38.8948
121.556 38.8948
121.556 38.8948
121.556 38.8948
121.556 38.8947
121.556 38.8947
121.556 38.8947
121.556 38.8947
121.556 38.8947
121.556 38.8947
121.556 38.8948
121.556 38.8948
121.556 38.8948
121.556 38.8948
121.556 38.8949
121.556 38.8949
121.556 38.8949
121.557 38.895
121.557 38.895
121.557 38.895
121.557 38.8951
121.557 38.8951
121.557 38.8951
121.557 38.8952
121.557 38.8952
121.557 38.8952
121.557 38.8953
121.557 38.8953
121.557 38.8954
121.557 38.8954
121.557 38.8955
121.557 38.8955
121.557 38.8956
121.557 38.8956
121.557 38.8957
121.557 38.8959
121.557 38.896
121.557 38.896
121.557 38.8961
121.557 38.8961
121.557 38.8962
121.557 38.8962
121.557 38.8962
121.557 38.8962
121.557 38.8962
121.557 38.8962
121.557 38.8962
121.557 38.8962
121.557 38.8962
121.557 38.8962
121.557 38.8962
121.557 38.8963
121.557 38.8963
121.557 38.8963
121.557 38.8964
121.557 38.8964
121.557 38.8965
121.557 38.8965
121.557 38.8966
121.557 38.8966
121.557 38.8967
121.557 38.8968
121.557 38.8968
121.557 38.8969
121.557 38.8969
121.557 38.897
121.557 38.8971
121.557 38.8971
121.557 38.8972
121.557 38.8972
121.557 38.8973
121.557 38.8973
121.557 38.8974
121.557 38.8975
121.557 38.8975
121.557 38.8975
121.557 38.8976
121.557 38.8976
121.557 38.8977
121.557 38.8977
121.557 38.8977
121.557 38.8978
121.557 38.8978
121.557 38.8978
121.557 38.8979
121.557 38.8979
121.557 38.8979
121.557 38.8979
121.557 38.898
121.557 38.898
121.557 38.898
121.557 38.898
121.557 38.898
121.557 38.898
121.557 38.898
121.557 38.898
121.557 38.898
121.557 38.898
121.557 38.898
121.557 38.898
121.557 38.898
121.557 38.8981
121.557 38.8982
121.557 38.8984
121.557 38.8984
121.557 38.8985
121.557 38.8985
121.557 38.8986
121.557 38.8986
121.557 38.8986
121.557 38.8987
121.557 38.8987
121.557 38.8988
121.557 38.8988
121.557 38.8988
121.557 38.8989
121.557 38.8989
121.557 38.8989
121.557 38.899
121.557 38.899
121.557 38.899
121.557 38.899
121.557 38.8991
121.557 38.8991
121.557 38.8991
121.557 38.8991
121.557 38.8991
121.557 38.8991
121.557 38.8992
121.557 38.8992
121.557 38.8992
121.557 38.8992
121.557 38.8992
121.557 38.8992
121.557 38.8992
121.557 38.8992
121.557 38.8993
121.557 38.8993
121.557 38.8993
121.557 38.8993
121.557 38.8993
121.557 38.8993
121.557 38.8993
121.557 38.8993
121.557 38.8994
121.557 38.8994
121.557 38.8994
121.557 38.8994
121.557 38.8995
121.557 38.8995
121.557 38.8994
121.557 38.8994
121.557 38.8995
121.557 38.8995
121.557 38.8995
121.557 38.8995
121.557 38.8995
121.557 38.8995
121.557 38.8995
121.557 38.8995
121.557 38.8995
121.557 38.8995
121.557 38.8996
121.557 38.8996
121.557 38.8996
121.557 38.8996
121.557 38.8996
121.557 38.8996
121.557 38.8996
121.557 38.8996
121.557 38.8996
121.557 38.8996
121.557 38.8996
121.557 38.8996
121.557 38.8996
121.557 38.8996
121.557 38.8996
121.557 38.8997
121.557 38.8997
121.557 38.8997
121.557 38.8997
121.557 38.8998
121.557 38.8998
121.557 38.8998
121.557 38.8998
121.557 38.8998
121.557 38.8998
121.557 38.8999
121.557 38.8999
121.557 38.8999
121.557 38.8999
121.557 38.8999
121.557 38.8999
121.557 38.9
121.557 38.9
121.557 38.9
121.557 38.9
121.557 38.9
121.557 38.9
121.557 38.9
121.557 38.9
121.557 38.9
121.557 38.9001
121.557 38.9001
121.557 38.9001
121.557 38.9001
121.557 38.9001
121.557 38.9002
121.557 38.9002
121.557 38.9002
121.557 38.9002
121.557 38.9002
121.557 38.9002
121.557 38.9002
121.557 38.9002
121.557 38.9003
121.557 38.9003
121.557 38.9003
121.557 38.9003
121.557 38.9003
121.557 38.9006
121.557 38.9006
121.557 38.9006
121.557 38.9007
121.557 38.9007
121.557 38.9007
121.557 38.9008
121.557 38.9008
121.557 38.9009
121.557 38.9009
121.557 38.9009
121.557 38.9009
121.557 38.901
121.557 38.901
121.557 38.901
121.557 38.901
121.557 38.901
121.557 38.9011
121.557 38.9011
121.558 38.9023
121.558 38.9022
121.558 38.9021
121.558 38.902
121.557 38.902
121.557 38.902
121.557 38.9019
121.557 38.9019
121.562 38.9046
121.561 38.9046
121.559 38.9044
121.558 38.9043
121.558 38.9043
121.558 38.9043
121.558 38.9043
121.558 38.9043
121.558 38.9043
121.558 38.9043
121.558 38.9044
121.558 38.9044
121.558 38.9044
121.558 38.9044
121.558 38.9044
121.558 38.9044
121.558 38.9044
121.558 38.9044
121.558 38.9042
121.558 38.9042
121.558 38.9042
121.558 38.9041
121.558 38.904
121.558 38.904
121.558 38.904
121.558 38.9039
121.558 38.9039
121.558 38.9039
121.558 38.9039
121.558 38.9039
121.558 38.9039
121.558 38.9039
121.558 38.9038
121.558 38.9038
121.558 38.9038
121.558 38.9038
121.558 38.9038
121.558 38.9038
121.558 38.9038
121.558 38.9038
121.558 38.9038
121.558 38.9038
121.558 38.9037
121.558 38.9037
121.558 38.9037
121.558 38.9038
121.558 38.9037
121.558 38.9038
121.558 38.9038
121.558 38.9038
121.558 38.9038
121.558 38.9038
121.558 38.9037
121.558 38.9037
121.559 38.9037
121.558 38.904
121.558 38.904
121.558 38.904
121.558 38.904
121.558 38.904
121.558 38.904
121.558 38.9041
121.558 38.9041
121.558 38.9041
121.558 38.9041
121.558 38.9041
121.558 38.9041
121.558 38.9041
121.558 38.9041
121.558 38.9041
121.558 38.9041
121.558 38.9041
121.558 38.9041
121.558 38.9041
121.558 38.9041
121.558 38.9041
121.558 38.9041
121.558 38.9041
121.558 38.9041
121.558 38.9041
121.558 38.9041
121.558 38.9041
121.558 38.9041
121.558 38.9042
121.558 38.9042
121.558 38.9042
121.558 38.9042
121.558 38.9042
121.558 38.9042
121.558 38.9042
121.558 38.9042
121.558 38.9042
121.558 38.9042
121.558 38.9043
121.558 38.9043
121.558 38.9043
121.558 38.9043
121.558 38.9043
121.558 38.9043
121.558 38.9043
121.558 38.9043
121.558 38.9044
121.558 38.9044
121.558 38.9044
121.558 38.9044
121.558 38.9044
121.558 38.9044
121.558 38.9044
121.558 38.9045
121.558 38.9045
121.558 38.9045
121.558 38.9045
121.558 38.9045
121.558 38.9045
121.558 38.9045
121.558 38.9045
121.558 38.9046
121.558 38.9046
121.558 38.9046
121.558 38.9046
121.558 38.9046
121.558 38.9047
121.558 38.9047
121.558 38.9047
121.558 38.9047
121.558 38.9047
121.558 38.9047
121.558 38.9047
121.558 38.9047
121.558 38.9047
121.558 38.9047
121.558 38.9047
121.558 38.9047
121.558 38.9047
121.558 38.9048
121.558 38.9048
121.558 38.9048
121.558 38.9048
121.558 38.9048
121.558 38.9048
121.558 38.9048
121.558 38.9048
121.558 38.9048
121.558 38.9048
121.558 38.9049
121.558 38.9049
121.558 38.9049
121.558 38.9049
121.558 38.9049
121.558 38.9049
121.558 38.9049
121.558 38.9049
121.558 38.9049
121.558 38.9049
121.558 38.9049
121.558 38.9049
121.558 38.9049
121.558 38.9049
121.558 38.9049
121.558 38.9049
121.558 38.905
121.558 38.905
121.558 38.905
121.558 38.905
121.558 38.905
121.558 38.905
121.558 38.905
121.558 38.905
121.558 38.905
121.558 38.905
121.558 38.905
121.558 38.905
121.558 38.905
121.558 38.905
121.558 38.905
121.558 38.905
121.558 38.905
121.558 38.905
121.558 38.905
121.558 38.9051
121.558 38.9051
121.558 38.9051
121.558 38.9051
121.558 38.9051
121.558 38.9051
121.558 38.9051
121.558 38.9051
121.558 38.9051
121.558 38.9051
121.558 38.9051
121.558 38.9051
121.558 38.9051
121.557 38.9052
121.557 38.9052
121.557 38.9052
121.557 38.9052
121.557 38.9052
121.557 38.9052
121.557 38.9052
121.557 38.9052
121.557 38.9052
121.557 38.9052
121.557 38.9052
121.557 38.9052
121.557 38.9052
121.557 38.9052
121.557 38.9052
121.557 38.9052
121.557 38.9052
121.557 38.9052
121.557 38.9052
121.557 38.9052
121.557 38.9052
121.557 38.9052
121.557 38.9052
121.557 38.9052
121.557 38.9052
121.557 38.9052
121.557 38.9052
121.557 38.9052
121.557 38.9052
121.557 38.9052
121.557 38.9052
121.557 38.9052
121.557 38.9052
121.557 38.9053
121.557 38.9053
121.557 38.9052
121.557 38.9052
121.557 38.9052
121.557 38.9052
121.557 38.9052
121.557 38.9053
121.557 38.9053
121.557 38.9053
121.557 38.9053
121.557 38.9053
121.557 38.9053
121.557 38.9053
121.557 38.9053
121.557 38.9053
121.557 38.9053
121.557 38.9053
121.557 38.9053
121.557 38.9053
121.557 38.9053
121.557 38.9053
121.557 38.9053
121.557 38.9053
121.557 38.9052
121.557 38.9052
121.557 38.9052
121.557 38.9052
121.557 38.9052
121.557 38.9052
121.557 38.9052
121.557 38.9052
121.557 38.9052
121.557 38.9052
121.557 38.9052
121.557 38.9052
121.557 38.9052
121.557 38.9052
121.557 38.9052
121.557 38.9052
121.557 38.9052
121.557 38.9051
121.557 38.9051
121.557 38.9051
121.557 38.9051
121.557 38.9051
121.557 38.9051
121.557 38.9051
121.557 38.9051
121.557 38.9051
121.557 38.9051
121.557 38.9051
121.557 38.9051
121.557 38.9051
121.557 38.9051
121.557 38.9051
121.557 38.9051
121.557 38.9051
121.557 38.9051
121.557 38.9051
121.557 38.9051
121.557 38.9051
121.557 38.9051
121.557 38.9051
121.557 38.905
121.557 38.905
121.557 38.905
121.557 38.905
121.557 38.905
121.557 38.905
121.557 38.905
121.557 38.905
121.558 38.905
121.558 38.905
121.558 38.905
121.558 38.905
121.558 38.905
121.558 38.905
121.558 38.905
121.558 38.905
121.558 38.905
121.558 38.905
121.558 38.905
121.558 38.905
121.558 38.905
121.558 38.905
121.558 38.905
121.558 38.905
121.558 38.905
121.558 38.905
121.558 38.905
121.558 38.905
121.558 38.905
121.558 38.905
121.558 38.905
121.558 38.905
121.558 38.905
121.558 38.905
121.558 38.905
121.558 38.905
121.558 38.905
121.558 38.905
121.558 38.905
121.558 38.905
121.558 38.905
121.558 38.905
121.558 38.905
121.558 38.905
121.558 38.905
121.558 38.905
121.558 38.905
121.558 38.905
121.558 38.9049
121.558 38.9049
121.558 38.9047
121.558 38.9047
121.558 38.9047
121.558 38.9046
121.558 38.9046
121.558 38.9046
121.558 38.9046
121.558 38.9046
121.558 38.9046
121.558 38.9046
121.558 38.9045
121.558 38.9045
121.558 38.9045
121.558 38.9045
121.558 38.9045
121.558 38.9045
121.558 38.9045
121.558 38.9045
121.558 38.9045
121.558 38.9045
121.558 38.9045
121.558 38.9045
121.558 38.9044
121.558 38.9044
121.558 38.9044
121.558 38.9044
121.558 38.9044
121.558 38.9044
121.558 38.9044
121.558 38.9044
121.558 38.9044
121.558 38.9044
121.558 38.9044
121.558 38.9044
121.558 38.9044
121.558 38.9044
121.558 38.9044
121.558 38.9044
121.558 38.9043
121.558 38.9043
121.558 38.9043
121.558 38.9043
121.558 38.9043
121.558 38.9043
121.558 38.9043
121.558 38.9043
121.558 38.9043
121.558 38.9043
121.558 38.9043
121.558 38.9043
121.558 38.9043
121.558 38.9043
121.558 38.9043
121.558 38.9042
121.558 38.9042
121.558 38.9042
121.558 38.9042
121.558 38.9042
121.558 38.9042
121.558 38.9042
121.558 38.9042
121.558 38.9042
121.558 38.9041
121.558 38.9041
121.558 38.9041
121.558 38.9041
121.558 38.9041
121.558 38.9041
121.558 38.9041
121.558 38.9041
121.558 38.9041
121.558 38.904
121.558 38.904
121.558 38.904
121.558 38.904
121.558 38.904
121.558 38.904
121.558 38.904
121.558 38.904
121.558 38.904
121.558 38.904
121.558 38.904
121.558 38.904
121.558 38.9039
121.558 38.9039
121.558 38.9039
121.558 38.9039
121.558 38.9039
121.558 38.9039
121.558 38.9039
121.558 38.9038
121.558 38.9038
121.558 38.9038
121.558 38.9038
121.558 38.9038
121.558 38.9038
121.558 38.9038
121.558 38.9037
121.558 38.9037
121.558 38.9037
121.558 38.9037
121.558 38.9037
121.558 38.9037
121.558 38.9037
121.558 38.9036
121.558 38.9036
121.558 38.9036
121.558 38.9036
121.558 38.9036
121.558 38.9036
121.558 38.9035
121.558 38.9033
121.558 38.9033
121.558 38.9033
121.558 38.9033
121.558 38.9033
121.558 38.9033
121.558 38.9033
121.558 38.9033
121.558 38.9033
121.558 38.9033
121.558 38.9033
121.558 38.9033
121.558 38.9033
121.558 38.9033
121.558 38.9033
121.558 38.9033
121.558 38.9033
121.558 38.9033
121.558 38.9033
121.558 38.9033
121.558 38.9033
121.558 38.9033
121.558 38.9033
121.558 38.9033
121.558 38.9034
121.558 38.9034
121.558 38.9034
121.558 38.9034
121.558 38.9034
121.558 38.9034
121.558 38.9034
121.558 38.9034
121.558 38.9034
121.558 38.9034
121.558 38.9034
121.558 38.9034
121.558 38.9034
121.558 38.9034
121.558 38.9034
121.558 38.9034
121.558 38.9034
121.558 38.9034
121.558 38.9034
121.558 38.9034
121.558 38.9034
121.558 38.9034
121.558 38.9034
121.558 38.9034
121.558 38.9034
121.558 38.9033
121.558 38.9031
121.558 38.903
121.558 38.9029
121.558 38.9029
121.558 38.9028
121.558 38.9027
121.558 38.9026
121.558 38.9025
121.557 38.9024
121.557 38.9024
121.557 38.9023
121.557 38.9022
121.557 38.9021
121.557 38.902
121.557 38.9019
121.557 38.9018
121.557 38.9017
121.557 38.9016
121.557 38.9015
121.557 38.9014
121.557 38.9013
121.557 38.9012
121.557 38.9011
121.557 38.901
121.557 38.9009
121.557 38.9007
121.557 38.9006
121.557 38.9005
121.557 38.9003
121.557 38.9002
121.557 38.9001
121.557 38.9
121.557 38.8999
121.557 38.8999
121.557 38.8998
121.557 38.8997
121.557 38.8997
121.557 38.8996
121.557 38.8995
121.557 38.8994
121.557 38.8993
121.557 38.8992
121.557 38.8991
121.557 38.899
121.557 38.8988
121.557 38.8987
121.557 38.8985
121.557 38.8984
121.557 38.8983
121.557 38.8982
121.557 38.898
121.557 38.8979
121.557 38.8978
121.557 38.8977
121.557 38.8976
121.557 38.8975
121.557 38.8974
121.557 38.8973
121.557 38.8972
121.557 38.897
121.557 38.8969
121.557 38.8968
121.557 38.8967
121.557 38.8966
121.557 38.8965
121.557 38.8963
121.557 38.8962
121.557 38.8961
121.557 38.896
121.557 38.8959
121.557 38.8959
121.557 38.8958
121.557 38.8957
121.557 38.8956
121.557 38.8956
121.557 38.8955
121.557 38.8955
121.557 38.8954
121.557 38.8954
121.557 38.8953
121.557 38.8953
121.557 38.8952
121.557 38.8952
121.557 38.8951
121.557 38.8951
121.557 38.895
121.557 38.895
121.557 38.895
121.557 38.895
121.557 38.895
121.556 38.895
121.556 38.895
121.556 38.895
121.556 38.8949
121.556 38.8949
121.556 38.8949
121.556 38.8949
121.556 38.8948
121.556 38.8948
121.555 38.8948
121.555 38.8948
121.555 38.8947
121.555 38.8947
121.555 38.8947
121.555 38.8946
121.555 38.8946
121.554 38.8945
121.554 38.8945
121.554 38.8944
121.554 38.8944
121.554 38.8943
121.554 38.8942
121.554 38.8942
121.553 38.8941
121.553 38.894
121.553 38.8939
121.553 38.8938
121.553 38.8937
121.553 38.8936
121.553 38.8935
121.553 38.8934
121.552 38.8933
121.552 38.8933
121.552 38.8932
121.552 38.8931
121.552 38.8931
121.552 38.893
121.552 38.8929
121.552 38.8929
121.551 38.8928
121.551 38.8927
121.551 38.8926
121.551 38.8926
121.551 38.8925
121.551 38.8924
121.551 38.8923
121.55 38.8922
121.55 38.8921
121.55 38.892
121.55 38.8919
121.55 38.8918
121.55 38.8917
121.55 38.8916
121.55 38.8915
121.549 38.8913
121.549 38.8912
121.549 38.8911
121.549 38.891
121.549 38.8909
121.549 38.8908
121.549 38.8907
121.549 38.8906
121.549 38.8906
121.549 38.8905
121.548 38.8904
121.548 38.8903
121.548 38.8903
121.548 38.8902
121.548 38.8901
121.548 38.89
121.548 38.8899
121.548 38.8898
121.548 38.8898
121.548 38.8897
121.548 38.8896
121.547 38.8895
121.547 38.8894
121.547 38.8893
121.547 38.8892
121.547 38.889
121.547 38.8889
121.547 38.8888
121.547 38.8888
121.547 38.8887
121.546 38.8886
121.546 38.8886
121.546 38.8885
121.546 38.8885
121.546 38.8885
121.546 38.8885
121.546 38.8885
121.546 38.8885
121.546 38.8886
121.546 38.8887
121.546 38.8888
121.546 38.8889
121.546 38.889
121.546 38.8891
121.546 38.8892
121.546 38.8893
121.546 38.8894
121.546 38.8896
121.546 38.8897
121.546 38.8898
121.546 38.8899
121.546 38.8899
121.546 38.89
121.545 38.89
121.545 38.89
121.545 38.8901
121.545 38.8901
121.545 38.8901
121.545 38.8901
121.545 38.8902
121.545 38.8902
121.545 38.8902
121.545 38.8902
121.545 38.8902
121.545 38.8902
121.545 38.8902
121.545 38.8901
121.545 38.8901
121.545 38.8901
121.545 38.8901
121.545 38.8901
121.545 38.8901
121.545 38.8901
121.545 38.8901
121.545 38.8901
121.545 38.8901
121.545 38.8901
121.545 38.89
121.545 38.89
121.545 38.89
121.545 38.89
121.545 38.89
121.545 38.89
121.545 38.89
121.545 38.89
121.545 38.89
121.545 38.89
121.545 38.89
121.545 38.89
121.545 38.8901
121.545 38.8901
121.545 38.8901
121.545 38.8901
121.545 38.8901
121.545 38.8901
121.545 38.8901
121.545 38.8901
121.545 38.8901
121.545 38.8901
121.545 38.8901
121.544 38.896
121.544 38.896
