116.411 39.9651
116.411 39.965
116.411 39.9649
116.412 39.9646
116.412 39.9645
116.412 39.9643
116.412 39.9642
116.412 39.964
116.412 39.9639
116.412 39.9639
116.412 39.9638
116.412 39.9637
116.412 39.9636
116.412 39.9634
116.412 39.9633
116.412 39.9631
116.412 39.963
116.412 39.9629
116.412 39.9628
116.412 39.9627
116.412 39.9626
116.412 39.9625
116.412 39.9623
116.412 39.9623
116.412 39.9622
116.412 39.9621
116.412 39.962
116.412 39.9619
116.412 39.9618
116.412 39.9616
116.412 39.9615
116.412 39.9614
116.412 39.9613
116.412 39.9612
116.412 39.9611
116.412 39.961
116.412 39.9609
116.412 39.9608
116.412 39.9607
116.412 39.9606
116.412 39.9605
116.412 39.9604
116.412 39.9603
116.412 39.9602
116.412 39.9601
116.412 39.96
116.412 39.9598
116.412 39.9597
116.412 39.9596
116.412 39.9595
116.412 39.9594
116.412 39.9593
116.412 39.9592
116.412 39.9591
116.412 39.959
116.412 39.9589
116.412 39.9588
116.412 39.9587
116.412 39.9585
116.412 39.9584
116.412 39.9583
116.412 39.9582
116.412 39.9581
116.412 39.958
116.412 39.9579
116.412 39.9578
116.412 39.9577
116.412 39.9576
116.412 39.9575
116.412 39.9574
116.412 39.9573
116.412 39.9572
116.412 39.9571
116.412 39.957
116.412 39.9568
116.412 39.9567
116.412 39.9565
116.412 39.9563
116.412 39.9562
116.412 39.9561
116.412 39.956
116.412 39.9559
116.412 39.9558
116.412 39.9556
116.412 39.9555
116.412 39.9553
116.412 39.9552
116.412 39.9551
116.412 39.955
116.412 39.9549
116.412 39.9548
116.412 39.9547
116.412 39.9546
116.412 39.9545
116.412 39.9544
116.412 39.9543
116.412 39.9542
116.412 39.9541
116.412 39.954
116.412 39.9539
116.412 39.9538
116.412 39.9537
116.412 39.9536
116.412 39.9535
116.412 39.9534
116.412 39.9533
116.412 39.9532
116.412 39.9531
116.413 39.953
116.412 39.9528
116.413 39.9527
116.413 39.9526
116.413 39.9526
116.413 39.9525
116.413 39.9523
116.413 39.9522
116.413 39.9521
116.413 39.952
116.413 39.9519
116.413 39.9518
116.413 39.9517
116.413 39.9516
116.413 39.9515
116.413 39.9514
116.413 39.9513
116.413 39.9512
116.413 39.9511
116.413 39.951
116.413 39.9509
116.413 39.9509
116.413 39.9508
116.413 39.9507
116.413 39.9506
116.413 39.9505
116.413 39.9504
116.412 39.9503
116.412 39.9502
116.412 39.9502
116.412 39.9501
116.412 39.9501
116.412 39.95
116.412 39.95
116.412 39.9499
116.412 39.9499
116.412 39.9499
116.411 39.9499
116.411 39.9499
116.411 39.9499
116.411 39.9499
116.411 39.9499
116.411 39.9499
116.411 39.9499
116.411 39.9499
116.411 39.9498
116.41 39.9498
116.41 39.9497
116.41 39.9497
116.41 39.9496
116.41 39.9495
116.41 39.9493
116.41 39.9492
116.41 39.949
116.41 39.9489
116.41 39.9488
116.41 39.9487
116.41 39.9486
116.41 39.9485
116.41 39.9484
116.41 39.9483
116.41 39.9482
116.41 39.9481
116.41 39.9481
116.41 39.948
116.409 39.948
116.409 39.948
116.409 39.948
116.409 39.948
116.409 39.948
116.409 39.948
116.409 39.948
116.408 39.948
116.408 39.948
116.408 39.948
116.408 39.948
116.408 39.948
116.408 39.948
116.408 39.948
116.407 39.9479
116.407 39.9479
116.407 39.9479
116.407 39.9479
116.407 39.9479
116.406 39.9479
116.406 39.9479
116.406 39.9479
116.406 39.9479
116.406 39.9479
116.406 39.9479
116.406 39.9479
116.405 39.9479
116.405 39.9478
116.405 39.9478
116.405 39.9478
116.405 39.9478
116.405 39.9478
116.404 39.9478
116.404 39.9478
116.404 39.9478
116.404 39.9478
116.404 39.9478
116.404 39.9478
116.403 39.9478
116.403 39.9478
116.403 39.9478
116.403 39.9478
116.403 39.9478
116.403 39.9478
116.402 39.9478
116.402 39.9478
116.402 39.9478
116.402 39.9478
116.402 39.9478
116.401 39.9478
116.401 39.9478
116.401 39.9478
116.401 39.9478
116.401 39.9478
116.4 39.9478
116.4 39.9478
116.4 39.9478
116.4 39.9478
116.4 39.9478
116.4 39.9478
116.399 39.9478
116.399 39.9478
116.399 39.9478
116.399 39.9478
116.399 39.9478
116.399 39.9478
116.399 39.9478
116.398 39.9478
116.398 39.9478
116.398 39.9478
116.398 39.9478
116.398 39.9478
116.398 39.9478
116.398 39.9478
116.397 39.9478
116.397 39.9478
116.397 39.9478
116.397 39.9478
116.397 39.9478
116.396 39.9478
116.396 39.9478
116.396 39.9478
116.396 39.9478
116.396 39.9478
116.395 39.9478
116.395 39.9478
116.395 39.9478
116.395 39.9478
116.395 39.9478
116.395 39.9478
116.394 39.9478
116.394 39.9478
116.394 39.9478
116.394 39.9478
116.394 39.9478
116.394 39.9478
116.393 39.9478
116.393 39.9478
116.393 39.9478
116.393 39.9478
116.393 39.9478
116.393 39.9477
116.392 39.9477
116.392 39.9477
116.392 39.9477
116.392 39.9477
116.392 39.9477
116.392 39.9477
116.391 39.9477
116.391 39.9477
116.391 39.9477
116.391 39.9477
116.391 39.9477
116.391 39.9477
116.391 39.9477
116.391 39.9477
116.391 39.9477
116.39 39.9477
116.39 39.9477
116.39 39.9477
116.39 39.9477
116.39 39.9477
116.39 39.9477
116.39 39.9477
116.39 39.9477
116.389 39.9477
116.389 39.9477
116.389 39.9477
116.389 39.9477
116.389 39.9477
116.389 39.9477
116.389 39.9477
116.389 39.9477
116.389 39.9477
116.388 39.9477
116.388 39.9477
116.388 39.9477
116.388 39.9477
116.388 39.9477
116.388 39.9477
116.388 39.9477
116.388 39.9477
116.387 39.9477
116.387 39.9477
116.387 39.9477
116.387 39.9477
116.387 39.9477
116.387 39.9477
116.387 39.9477
116.387 39.9477
116.386 39.9477
116.386 39.9477
116.386 39.9477
116.386 39.9477
116.386 39.9477
116.386 39.9477
116.385 39.9477
116.385 39.9477
116.385 39.9477
116.385 39.9477
116.385 39.9477
116.385 39.9477
116.384 39.9477
116.384 39.9477
116.384 39.9477
116.384 39.9477
116.384 39.9477
116.384 39.9477
116.384 39.9477
116.384 39.9477
116.383 39.9477
116.383 39.9477
116.383 39.9477
116.383 39.9477
116.383 39.9477
116.383 39.9477
116.383 39.9477
116.382 39.9477
116.382 39.9477
116.382 39.9477
116.382 39.9477
116.382 39.9477
116.382 39.9477
116.381 39.9477
116.381 39.9477
116.381 39.9477
116.381 39.9477
116.381 39.9477
116.381 39.9477
116.38 39.9477
116.38 39.9477
116.38 39.9477
116.38 39.9477
116.38 39.9477
116.38 39.9477
116.379 39.9477
116.379 39.9477
116.379 39.9477
116.379 39.9477
116.379 39.9477
116.379 39.9477
116.379 39.9477
116.379 39.9477
116.378 39.9477
116.378 39.9477
116.378 39.9477
116.378 39.9477
116.378 39.9477
116.378 39.9477
116.378 39.9477
116.378 39.9477
116.377 39.9477
116.377 39.9477
116.377 39.9477
116.377 39.9477
116.377 39.9477
116.377 39.9477
116.377 39.9476
116.377 39.9476
116.376 39.9476
116.376 39.9476
116.376 39.9476
116.376 39.9476
116.376 39.9476
116.376 39.9476
116.375 39.9476
116.375 39.9476
116.375 39.9476
116.375 39.9476
116.375 39.9476
116.375 39.9476
116.374 39.9476
116.374 39.9476
116.374 39.9476
116.374 39.9476
116.374 39.9476
116.373 39.9476
116.373 39.9476
116.373 39.9476
116.373 39.9476
116.373 39.9476
116.373 39.9476
116.372 39.9476
116.372 39.9476
116.372 39.9476
116.372 39.9476
116.372 39.9476
116.372 39.9476
116.371 39.9476
116.371 39.9476
116.371 39.9476
116.371 39.9476
116.371 39.9476
116.371 39.9476
116.371 39.9476
116.371 39.9476
116.371 39.9476
116.37 39.9476
116.37 39.9476
116.37 39.9476
116.37 39.9476
116.37 39.9476
116.37 39.9476
116.37 39.9476
116.37 39.9475
116.37 39.9475
116.369 39.9475
116.369 39.9475
116.369 39.9475
116.369 39.9475
116.369 39.9475
116.369 39.9475
116.369 39.9475
116.369 39.9475
116.369 39.9475
116.368 39.9475
116.368 39.9475
116.368 39.9475
116.368 39.9475
116.368 39.9475
116.368 39.9475
116.368 39.9475
116.368 39.9475
116.368 39.9475
116.367 39.9475
116.367 39.9475
116.367 39.9474
116.367 39.9474
116.367 39.9474
116.367 39.9474
116.367 39.9474
116.367 39.9474
116.366 39.9474
116.366 39.9474
116.366 39.9474
116.366 39.9474
116.366 39.9475
116.366 39.9474
116.366 39.9473
116.366 39.9472
116.366 39.9471
116.366 39.947
116.366 39.9468
116.366 39.9467
116.366 39.9466
116.366 39.9465
116.366 39.9464
116.366 39.9463
116.366 39.9462
116.366 39.9461
116.366 39.946
116.366 39.9459
116.366 39.9458
116.366 39.9457
116.366 39.9455
116.366 39.9454
116.366 39.9453
116.366 39.9452
116.366 39.9451
116.366 39.945
116.366 39.9449
116.366 39.9448
116.366 39.9447
116.366 39.9446
116.366 39.9445
116.366 39.9444
116.366 39.9443
116.366 39.9442
116.366 39.9441
116.366 39.944
116.366 39.9439
116.366 39.9437
116.366 39.9436
116.366 39.9436
116.366 39.9434
116.366 39.9433
116.366 39.9432
116.366 39.9432
116.366 39.943
116.366 39.9429
116.366 39.9428
116.366 39.9426
116.366 39.9425
116.366 39.9423
116.366 39.9422
116.366 39.9421
116.366 39.942
116.366 39.9419
116.366 39.9418
116.366 39.9417
116.366 39.9416
116.366 39.9415
116.366 39.9414
116.366 39.9413
116.366 39.9412
116.366 39.9411
116.366 39.9409
116.366 39.9408
116.366 39.9406
116.366 39.9405
116.366 39.9404
116.366 39.9402
116.366 39.9401
116.366 39.94
116.366 39.9399
116.366 39.9398
116.366 39.9397
116.366 39.9396
116.366 39.9395
116.366 39.9394
116.366 39.9392
116.366 39.9391
116.366 39.9389
116.366 39.9388
116.366 39.9386
116.366 39.9385
116.366 39.9383
116.366 39.9382
116.367 39.938
116.367 39.9379
116.367 39.9377
116.367 39.9376
116.366 39.9375
116.366 39.9374
116.366 39.9373
116.366 39.9372
116.366 39.9371
116.367 39.937
116.367 39.9369
116.367 39.9368
116.367 39.9366
116.367 39.9366
116.367 39.9364
116.367 39.9363
116.367 39.9362
116.367 39.9361
116.367 39.936
116.367 39.9359
116.367 39.9358
116.367 39.9356
116.367 39.9354
116.367 39.9353
116.367 39.9352
116.367 39.9351
116.367 39.9351
116.367 39.935
116.367 39.9348
116.367 39.9347
116.367 39.9346
116.367 39.9345
116.367 39.9344
116.367 39.9343
116.367 39.9341
116.367 39.934
116.367 39.9339
116.367 39.9338
116.367 39.9337
116.367 39.9336
116.367 39.9335
116.367 39.9333
116.367 39.9332
116.367 39.933
116.367 39.9329
116.367 39.9327
116.367 39.9326
116.367 39.9324
116.367 39.9323
116.367 39.9322
116.367 39.9321
116.367 39.932
116.367 39.9319
116.367 39.9317
116.367 39.9316
116.367 39.9315
116.367 39.9314
116.367 39.9313
116.367 39.9311
116.367 39.931
116.367 39.9308
116.367 39.9307
116.367 39.9306
116.367 39.9304
116.367 39.9303
116.367 39.9302
116.367 39.9301
116.367 39.93
116.367 39.9299
116.367 39.9298
116.367 39.9297
116.367 39.9296
116.367 39.9295
116.367 39.9293
116.367 39.9292
116.367 39.9291
116.367 39.929
116.367 39.9289
116.367 39.9288
116.367 39.9287
116.367 39.9286
116.367 39.9285
116.367 39.9284
116.367 39.9282
116.367 39.9281
116.367 39.9279
116.367 39.9278
116.367 39.9277
116.367 39.9276
116.367 39.9275
116.367 39.9273
116.367 39.9272
116.367 39.9271
116.367 39.927
116.367 39.9269
116.367 39.9268
116.367 39.9267
116.367 39.9266
116.367 39.9265
116.367 39.9264
116.367 39.9262
116.367 39.9261
116.367 39.926
116.367 39.9259
116.367 39.9258
116.367 39.9257
116.367 39.9256
116.367 39.9255
116.367 39.9254
116.367 39.9253
116.367 39.9252
116.367 39.9251
116.367 39.925
116.367 39.9249
116.367 39.9248
116.367 39.9247
116.367 39.9245
116.367 39.9244
116.367 39.9243
116.367 39.9242
116.367 39.9241
116.367 39.924
116.367 39.9239
116.367 39.9238
116.367 39.9237
116.367 39.9235
116.367 39.9234
116.367 39.9233
116.367 39.9232
116.367 39.9231
116.367 39.923
116.367 39.9229
116.367 39.9227
116.367 39.9226
116.367 39.9225
116.367 39.9224
116.367 39.9223
116.367 39.9222
116.367 39.9221
116.367 39.922
116.367 39.9219
116.367 39.9218
116.367 39.9217
116.367 39.9216
116.367 39.9214
116.367 39.9213
116.367 39.9212
116.367 39.921
116.367 39.9209
116.367 39.9208
116.367 39.9207
116.367 39.9206
116.367 39.9205
116.367 39.9204
116.367 39.9203
116.367 39.9201
116.367 39.92
116.367 39.9199
116.367 39.9198
116.367 39.9197
116.367 39.9196
116.367 39.9194
116.367 39.9193
116.367 39.9193
116.367 39.9192
116.367 39.9191
116.367 39.919
116.367 39.9189
116.367 39.9188
116.367 39.9187
116.367 39.9186
116.367 39.9185
116.367 39.9184
116.367 39.9183
116.367 39.9182
116.367 39.9181
116.367 39.918
116.367 39.9179
116.367 39.9178
116.367 39.9177
116.367 39.9176
116.367 39.9175
116.367 39.9174
116.367 39.9173
116.367 39.9172
116.367 39.9171
116.367 39.917
116.367 39.9169
116.367 39.9168
116.367 39.9167
116.367 39.9165
116.367 39.9164
116.367 39.9163
116.367 39.9162
116.367 39.9161
116.367 39.916
116.367 39.9159
116.367 39.9158
116.367 39.9157
116.367 39.9156
116.367 39.9155
116.367 39.9154
116.367 39.9153
116.367 39.9152
116.367 39.9151
116.367 39.9149
116.367 39.9148
116.367 39.9147
116.367 39.9146
116.367 39.9145
116.367 39.9144
116.367 39.9143
116.367 39.9142
116.367 39.9141
116.367 39.914
116.367 39.9139
116.367 39.9138
116.367 39.9137
116.367 39.9136
116.367 39.9134
116.367 39.9134
116.367 39.9133
116.367 39.9133
116.367 39.9133
116.367 39.9133
116.367 39.9133
116.366 39.9133
116.366 39.9133
116.366 39.9132
116.366 39.9132
116.366 39.9132
116.366 39.9132
116.366 39.9132
116.366 39.9132
116.366 39.9132
116.365 39.9132
116.365 39.9131
116.365 39.9131
116.365 39.9131
116.365 39.9131
116.365 39.9131
116.365 39.9131
116.365 39.9131
116.364 39.9131
116.364 39.913
116.364 39.913
116.364 39.913
116.364 39.913
116.364 39.913
116.364 39.913
116.364 39.913
116.363 39.9129
116.363 39.9129
116.363 39.9129
116.363 39.9129
116.363 39.9129
116.363 39.9129
116.363 39.9128
116.363 39.9128
116.362 39.9128
116.362 39.9128
116.362 39.9128
116.362 39.9128
116.362 39.9128
116.362 39.9128
116.362 39.9128
116.362 39.9128
116.361 39.9128
116.361 39.9128
116.361 39.9128
116.361 39.9128
116.361 39.9128
116.361 39.9128
116.361 39.9127
116.361 39.9127
116.361 39.9127
116.36 39.9127
116.36 39.9127
116.36 39.9127
116.36 39.9127
116.36 39.9127
116.36 39.9128
116.36 39.9128
116.36 39.9128
116.359 39.9127
116.359 39.9127
116.359 39.9127
116.359 39.9127
116.359 39.9127
116.359 39.9127
116.359 39.9127
116.359 39.9127
116.359 39.9127
116.358 39.9127
116.358 39.9127
116.358 39.9127
116.358 39.9127
116.358 39.9127
116.358 39.9127
116.358 39.9127
116.358 39.9127
116.358 39.9127
116.357 39.9126
116.357 39.9126
116.357 39.9125
116.357 39.9124
116.357 39.9122
116.357 39.9121
116.357 39.9119
116.357 39.9118
116.357 39.9117
116.357 39.9115
116.357 39.9114
116.357 39.9113
116.357 39.9111
116.357 39.911
116.357 39.9109
116.357 39.9108
116.357 39.9107
116.357 39.9107
116.356 39.9107
116.356 39.9107
116.356 39.9107
116.356 39.9107
116.356 39.9107
116.356 39.9107
116.356 39.9107
116.356 39.9107
116.355 39.9107
116.355 39.9107
116.355 39.9107
116.355 39.9107
116.355 39.9107
116.355 39.9107
116.355 39.9107
116.354 39.9107
116.354 39.9107
116.354 39.9107
116.354 39.9107
116.354 39.9107
116.354 39.9107
116.354 39.9108
116.354 39.9108
116.354 39.9109
116.354 39.911
116.354 39.9111
116.354 39.9112
116.354 39.9113
116.354 39.9114
116.354 39.9115
116.354 39.9116
116.354 39.9117
116.354 39.9118
116.353 39.9119
116.353 39.912
116.353 39.9121
116.353 39.9122
116.353 39.9123
116.353 39.9124
116.353 39.9125
116.353 39.9126
116.353 39.9126
116.353 39.9127
116.353 39.9127
116.353 39.9127
116.353 39.9127
116.352 39.9127
116.352 39.9127
116.352 39.9127
116.352 39.9127
116.352 39.9127
116.352 39.9127
116.352 39.9127
116.352 39.9126
116.352 39.9126
116.351 39.9126
116.351 39.9126
116.351 39.9126
116.351 39.9126
116.351 39.9126
116.351 39.9126
116.351 39.9126
116.351 39.9126
116.351 39.9126
116.351 39.9127
116.351 39.9128
116.351 39.9129
116.35 39.9131
116.35 39.9132
116.35 39.9134
116.35 39.9135
116.35 39.9136
116.35 39.9137
116.35 39.9138
116.35 39.9139
116.35 39.9141
116.35 39.9142
116.35 39.9144
116.35 39.9145
116.35 39.9146
116.35 39.9147
116.35 39.9149
116.35 39.915
116.35 39.9152
116.35 39.9153
116.35 39.9155
116.35 39.9156
116.35 39.9157
116.35 39.9158
116.35 39.9159
116.35 39.916
116.35 39.9161
116.35 39.9162
116.35 39.9163
116.35 39.9164
116.35 39.9165
116.35 39.9166
116.35 39.9168
116.35 39.9169
116.35 39.917
116.35 39.9172
116.35 39.9173
116.35 39.9175
116.35 39.9176
116.35 39.9178
116.35 39.918
116.35 39.9181
116.35 39.9183
116.35 39.9184
116.35 39.9186
116.35 39.9187
116.35 39.9188
116.35 39.919
116.35 39.9191
116.35 39.9192
116.35 39.9194
116.35 39.9195
116.35 39.9196
116.35 39.9197
116.35 39.9198
116.35 39.9199
116.35 39.92
116.35 39.9202
116.35 39.9203
116.35 39.9204
116.35 39.9205
116.35 39.9206
116.35 39.9207
116.35 39.9208
116.35 39.9209
116.35 39.9211
116.35 39.9212
116.35 39.9214
116.35 39.9215
116.35 39.9217
116.35 39.9218
116.35 39.922
116.35 39.9222
116.35 39.9224
116.35 39.9225
116.35 39.9226
116.35 39.9228
116.35 39.9229
116.35 39.923
116.35 39.9231
116.35 39.9232
116.35 39.9234
116.35 39.9235
116.35 39.9235
116.351 39.9234
116.351 39.9233
116.351 39.9231
116.351 39.9229
116.351 39.9228
116.351 39.9226
116.351 39.9225
116.351 39.9224
116.35 39.9224
116.35 39.9224
116.35 39.9224
116.35 39.9224
116.35 39.9224
116.35 39.9223
116.35 39.9224
116.349 39.9224
116.349 39.9225
116.349 39.9226
116.349 39.9227
116.349 39.9228
116.349 39.923
116.349 39.9231
116.349 39.9232
116.349 39.9234
116.349 39.9234
116.35 39.9235
116.35 39.9234
116.35 39.9233
116.35 39.9232
116.35 39.9231
116.35 39.9229
116.35 39.9228
116.35 39.9227
116.35 39.9226
116.35 39.9225
116.35 39.9223
116.35 39.9221
116.35 39.922
116.35 39.9218
116.35 39.9217
116.35 39.9216
116.35 39.9215
116.35 39.9214
116.35 39.9213
116.35 39.9211
116.35 39.921
116.35 39.921
116.35 39.921
116.35 39.921
116.349 39.9211
116.349 39.9212
116.349 39.9214
116.349 39.9216
116.349 39.9217
116.349 39.9219
116.349 39.922
116.349 39.9221
116.35 39.9222
116.35 39.9222
116.35 39.9222
116.35 39.9222
116.35 39.9222
116.35 39.9222
116.35 39.9222
116.35 39.9222
116.35 39.9222
116.351 39.9222
116.351 39.9221
116.351 39.922
116.351 39.9218
116.351 39.9217
116.351 39.9216
116.351 39.9215
116.351 39.9213
116.351 39.9212
116.351 39.9211
116.35 39.9211
116.35 39.9211
116.35 39.9212
116.35 39.9214
116.35 39.9215
116.35 39.9216
116.35 39.9217
116.35 39.9218
116.35 39.9219
116.35 39.922
116.35 39.9221
116.35 39.9225
116.35 39.9226
116.35 39.9227
116.35 39.9228
116.35 39.923
116.35 39.923
116.35 39.9232
116.35 39.9233
116.35 39.9235
116.35 39.9236
116.35 39.9238
116.35 39.9239
116.35 39.9241
116.35 39.9242
116.35 39.9243
116.35 39.9244
116.35 39.9245
116.35 39.9247
116.35 39.9248
116.35 39.925
116.35 39.9251
116.35 39.9252
116.35 39.9253
116.35 39.9254
116.35 39.9256
116.35 39.9257
116.35 39.9258
116.35 39.926
116.35 39.9261
116.35 39.9262
116.35 39.9264
116.35 39.9265
116.35 39.9266
116.35 39.9267
116.35 39.9268
116.35 39.927
116.35 39.9271
116.35 39.9272
116.35 39.9273
116.35 39.9274
116.35 39.9275
116.35 39.9277
116.35 39.9278
116.35 39.9279
116.35 39.928
116.35 39.9282
116.35 39.9283
116.35 39.9284
116.35 39.9285
116.35 39.9287
116.35 39.9288
116.35 39.9289
116.35 39.9291
116.35 39.9292
116.35 39.9293
116.35 39.9294
116.35 39.9296
116.35 39.9297
116.35 39.9299
116.35 39.93
116.35 39.9302
116.35 39.9302
116.35 39.9304
116.35 39.9304
116.35 39.9305
116.35 39.9306
116.35 39.9308
116.35 39.9309
116.35 39.931
116.35 39.9311
116.35 39.9312
116.35 39.9313
116.35 39.9314
116.35 39.9315
116.35 39.9317
116.35 39.9318
116.35 39.932
116.35 39.9321
116.35 39.9323
116.35 39.9325
116.35 39.9326
116.35 39.9328
116.35 39.9329
116.35 39.933
116.35 39.9331
116.35 39.9332
116.35 39.9333
116.35 39.9334
116.35 39.9335
116.35 39.9336
116.35 39.9337
116.35 39.9338
116.35 39.934
116.35 39.9341
116.35 39.9342
116.35 39.9344
116.35 39.9345
116.35 39.9346
116.35 39.9348
116.35 39.9349
116.35 39.935
116.35 39.9352
116.35 39.9353
116.35 39.9354
116.35 39.9356
116.35 39.9358
116.35 39.9359
116.35 39.936
116.35 39.9361
116.35 39.9363
116.35 39.9364
116.35 39.9365
116.35 39.9365
116.35 39.9365
116.35 39.9365
116.35 39.9365
116.35 39.9365
116.351 39.9365
116.351 39.9365
116.351 39.9365
116.351 39.9366
116.351 39.9366
116.351 39.9366
116.351 39.9366
116.351 39.9366
116.352 39.9366
116.352 39.9366
116.352 39.9366
116.352 39.9366
116.352 39.9366
116.352 39.9366
116.352 39.9366
116.352 39.9367
116.352 39.9367
116.352 39.9367
116.352 39.9366
116.352 39.9366
116.352 39.9366
116.352 39.9366
116.352 39.9366
116.352 39.9366
116.351 39.9366
116.351 39.9366
116.351 39.9366
116.351 39.9366
116.351 39.9366
116.351 39.9366
116.351 39.9366
116.35 39.9366
116.35 39.9366
116.35 39.9366
116.35 39.9365
116.35 39.9366
116.35 39.9366
116.35 39.9367
116.35 39.9369
116.35 39.937
116.35 39.9371
116.35 39.9372
116.35 39.9373
116.35 39.9374
116.35 39.9376
116.35 39.9377
116.35 39.9378
116.35 39.938
116.35 39.9381
116.35 39.9382
116.35 39.9383
116.35 39.9384
116.35 39.9385
116.35 39.9386
116.35 39.9388
116.35 39.9389
116.35 39.9392
116.35 39.9394
116.35 39.9395
116.35 39.9396
116.35 39.9398
116.35 39.9399
116.35 39.94
116.35 39.9402
116.35 39.9404
116.35 39.9405
116.35 39.9407
116.35 39.9408
116.35 39.9409
116.35 39.9411
116.35 39.9412
116.35 39.9414
116.35 39.9415
116.35 39.9417
116.35 39.9418
116.35 39.9419
116.35 39.9419
116.35 39.942
116.351 39.9421
116.351 39.9422
116.351 39.9422
116.351 39.9423
116.351 39.9424
116.351 39.9424
116.351 39.9425
116.351 39.9425
116.351 39.9426
116.351 39.9426
116.352 39.9427
116.352 39.9427
116.352 39.9427
116.352 39.9428
116.352 39.9428
116.352 39.9429
116.352 39.9429
116.352 39.943
116.353 39.943
116.353 39.943
116.353 39.9431
116.353 39.9431
116.353 39.9431
116.353 39.9432
116.353 39.9432
116.353 39.9432
116.353 39.9433
116.353 39.9433
116.354 39.9433
116.354 39.9433
116.354 39.9433
116.354 39.9434
116.354 39.9434
116.354 39.9434
116.354 39.9435
116.354 39.9435
116.355 39.9436
116.355 39.9436
116.355 39.9437
116.355 39.9437
116.355 39.9438
116.355 39.9438
116.355 39.9439
116.355 39.9439
116.355 39.9439
116.355 39.944
116.356 39.944
116.356 39.944
116.356 39.9441
116.356 39.9441
116.356 39.9441
116.356 39.9442
116.356 39.9442
116.356 39.9442
116.357 39.9443
116.357 39.9443
116.357 39.9443
116.357 39.9444
116.357 39.9444
116.357 39.9445
116.357 39.9445
116.357 39.9445
116.358 39.9446
116.358 39.9446
116.358 39.9446
116.358 39.9447
116.358 39.9447
116.358 39.9447
116.358 39.9448
116.359 39.9448
116.359 39.9448
116.359 39.9449
116.359 39.9449
116.359 39.945
116.359 39.945
116.359 39.9451
116.36 39.9451
116.36 39.9452
116.36 39.9452
116.36 39.9453
116.36 39.9454
116.36 39.9454
116.36 39.9455
116.36 39.9455
116.36 39.9455
116.361 39.9456
116.361 39.9456
116.361 39.9457
116.361 39.9457
116.361 39.9458
116.361 39.9458
116.361 39.9459
116.361 39.9459
116.361 39.946
116.362 39.946
116.362 39.946
116.362 39.9461
116.362 39.9461
116.362 39.9462
116.362 39.9462
116.362 39.9463
116.362 39.9463
116.363 39.9464
116.363 39.9464
116.363 39.9464
116.363 39.9465
116.363 39.9465
116.363 39.9466
116.363 39.9466
116.364 39.9466
116.364 39.9466
116.364 39.9467
116.364 39.9467
116.364 39.9467
116.364 39.9467
116.364 39.9468
116.365 39.9468
116.365 39.9468
116.365 39.9469
116.365 39.9469
116.365 39.9469
116.365 39.9469
116.365 39.947
116.365 39.947
116.366 39.947
116.366 39.947
116.366 39.947
116.366 39.947
116.366 39.9471
116.366 39.9471
116.367 39.9471
116.367 39.9471
116.367 39.9471
116.367 39.9471
116.367 39.9471
116.368 39.9471
116.368 39.9471
116.368 39.9472
116.368 39.9472
116.368 39.9472
116.368 39.9472
116.369 39.9472
116.369 39.9472
116.369 39.9472
116.369 39.9472
116.369 39.9472
116.369 39.9472
116.369 39.9472
116.37 39.9472
116.37 39.9472
116.37 39.9472
116.37 39.9472
116.37 39.9472
116.37 39.9472
116.37 39.9473
116.371 39.9473
116.371 39.9473
116.371 39.9473
116.371 39.9474
116.371 39.9474
116.371 39.9475
116.371 39.9475
116.371 39.9476
116.371 39.9477
116.372 39.9478
116.372 39.9479
116.372 39.948
116.372 39.9481
116.372 39.9482
116.372 39.9483
116.372 39.9484
116.372 39.9485
116.372 39.9486
116.372 39.9487
116.372 39.9488
116.372 39.9489
116.372 39.949
116.372 39.9491
116.373 39.9492
116.373 39.9493
116.373 39.9494
116.373 39.9495
116.373 39.9496
116.373 39.9497
116.373 39.9498
116.373 39.9499
116.373 39.95
116.373 39.9502
116.373 39.9503
116.373 39.9504
116.373 39.9505
116.373 39.9506
116.373 39.9508
116.373 39.9509
116.373 39.951
116.373 39.9512
116.373 39.9513
116.373 39.9514
116.373 39.9515
116.373 39.9517
116.373 39.9518
116.373 39.952
116.373 39.9521
116.373 39.9522
116.373 39.9524
116.373 39.9525
116.373 39.9526
116.373 39.9528
116.373 39.9529
116.373 39.953
116.373 39.9532
116.373 39.9533
116.373 39.9534
116.373 39.9536
116.373 39.9537
116.373 39.9538
116.373 39.954
116.373 39.9541
116.373 39.9542
116.373 39.9543
116.373 39.9545
116.373 39.9546
116.373 39.9547
116.373 39.9548
116.373 39.955
116.373 39.9551
116.373 39.9552
116.373 39.9553
116.373 39.9554
116.373 39.9555
116.373 39.9556
116.373 39.9557
116.373 39.9558
116.373 39.9559
116.373 39.956
116.373 39.9562
116.373 39.9563
116.373 39.9564
116.373 39.9565
116.373 39.9566
116.373 39.9567
116.373 39.9568
116.373 39.9569
116.373 39.957
116.373 39.9571
116.373 39.9572
116.373 39.9573
116.373 39.9574
116.373 39.9575
116.373 39.9576
116.373 39.9577
116.373 39.9578
116.373 39.9579
116.373 39.958
116.373 39.9581
116.373 39.9582
116.373 39.9583
116.373 39.9585
116.373 39.9586
116.373 39.9587
116.373 39.9588
116.373 39.9589
116.373 39.959
116.373 39.9591
116.373 39.9592
116.373 39.9593
116.373 39.9594
116.373 39.9595
116.373 39.9596
116.373 39.9597
116.373 39.9598
116.373 39.9599
116.373 39.96
116.373 39.9601
116.374 39.9602
116.374 39.9603
116.374 39.9604
116.374 39.9605
116.374 39.9606
116.374 39.9607
116.374 39.9609
116.374 39.9611
116.374 39.9612
116.374 39.9614
116.374 39.9615
116.374 39.9617
116.374 39.9618
116.374 39.9619
116.374 39.962
116.374 39.9621
116.374 39.9622
116.374 39.9623
116.374 39.9624
116.374 39.9625
116.374 39.9627
116.374 39.9628
116.374 39.9629
116.374 39.963
116.374 39.9631
116.374 39.9632
116.374 39.9633
116.374 39.9634
116.374 39.9635
116.374 39.9636
116.374 39.9637
116.374 39.9638
116.374 39.9639
116.374 39.964
116.374 39.9641
116.374 39.9642
116.374 39.9643
116.374 39.9644
116.374 39.9645
116.374 39.9646
116.374 39.9647
116.374 39.9648
116.374 39.9649
116.374 39.965
116.374 39.9651
116.374 39.9652
116.374 39.9653
116.374 39.9654
116.374 39.9655
116.374 39.9656
116.374 39.9657
116.374 39.9658
116.374 39.9659
116.374 39.9659
116.374 39.9661
116.374 39.9662
116.375 39.9663
116.375 39.9663
116.375 39.9663
116.375 39.9663
116.375 39.9663
116.375 39.9663
116.375 39.9663
116.375 39.9663
116.376 39.9663
116.376 39.9663
116.376 39.9663
116.376 39.9664
116.376 39.9664
116.376 39.9664
116.376 39.9665
116.376 39.9665
116.376 39.9665
116.377 39.9666
116.377 39.9666
116.377 39.9666
116.377 39.9667
116.377 39.9667
116.377 39.9667
116.377 39.9667
116.377 39.9667
116.377 39.9667
116.378 39.9667
116.378 39.9667
116.378 39.9667
116.378 39.9667
116.378 39.9667
116.378 39.9667
116.378 39.9667
116.378 39.9667
116.379 39.9667
116.379 39.9667
116.379 39.9667
116.379 39.9668
116.379 39.9668
116.379 39.9668
116.379 39.9668
116.379 39.9668
116.38 39.9668
116.38 39.9668
116.38 39.9668
116.38 39.9668
116.38 39.9668
116.38 39.9668
116.38 39.9668
116.381 39.9668
116.381 39.9669
116.381 39.9669
116.381 39.9669
116.381 39.9669
116.381 39.9669
116.382 39.9669
116.382 39.9669
116.382 39.9669
116.382 39.9669
116.382 39.9669
116.382 39.9669
116.382 39.9669
116.383 39.9669
116.383 39.9669
116.383 39.9669
116.383 39.9669
116.383 39.9669
116.383 39.9669
116.383 39.9669
116.384 39.967
116.384 39.967
116.384 39.967
116.384 39.967
116.384 39.967
116.384 39.967
116.384 39.967
116.385 39.967
116.385 39.967
116.385 39.967
116.385 39.967
116.385 39.967
116.385 39.967
116.385 39.967
116.386 39.967
116.386 39.967
116.386 39.967
116.386 39.967
116.386 39.967
116.386 39.967
116.386 39.967
116.387 39.967
116.387 39.967
116.387 39.967
116.387 39.9671
116.387 39.9671
116.387 39.9671
116.387 39.9671
116.388 39.9671
116.388 39.9671
116.388 39.9671
116.388 39.9671
116.388 39.9671
116.389 39.9671
116.389 39.9671
116.389 39.9671
116.389 39.9671
116.389 39.9671
116.389 39.9671
116.39 39.9671
116.39 39.9671
116.39 39.9671
116.39 39.9672
116.39 39.9672
116.39 39.9672
116.39 39.9672
116.391 39.9672
116.391 39.9672
116.391 39.9672
116.391 39.9672
116.391 39.9672
116.391 39.9672
116.391 39.9672
116.392 39.9672
116.392 39.9672
116.392 39.9672
116.392 39.9672
116.392 39.9672
116.392 39.9672
116.392 39.9672
116.393 39.9672
116.393 39.9672
116.393 39.9672
116.393 39.9672
116.393 39.9672
116.393 39.9672
116.393 39.9672
116.394 39.9672
116.394 39.9673
116.394 39.9673
116.394 39.9673
116.394 39.9673
116.394 39.9673
116.394 39.9673
116.395 39.9673
116.395 39.9673
116.395 39.9673
116.395 39.9673
116.395 39.9673
116.395 39.9673
116.395 39.9673
116.395 39.9673
116.395 39.9673
116.396 39.9673
116.396 39.9673
116.396 39.9673
116.396 39.9673
116.396 39.9674
116.396 39.9674
116.397 39.9674
116.397 39.9674
116.397 39.9674
116.397 39.9674
116.397 39.9674
116.397 39.9674
116.397 39.9674
116.398 39.9674
116.398 39.9674
116.398 39.9674
116.398 39.9674
116.398 39.9674
116.398 39.9674
116.399 39.9674
116.399 39.9674
116.399 39.9674
116.399 39.9674
116.399 39.9674
116.399 39.9674
116.4 39.9674
116.4 39.9674
116.4 39.9674
116.4 39.9674
116.4 39.9674
116.4 39.9674
116.4 39.9674
116.401 39.9674
116.401 39.9674
116.401 39.9674
116.401 39.9674
116.401 39.9675
116.401 39.9675
116.401 39.9675
116.402 39.9675
116.402 39.9675
116.402 39.9675
116.402 39.9675
116.402 39.9675
116.402 39.9675
116.403 39.9675
116.403 39.9675
116.403 39.9675
116.403 39.9675
116.403 39.9675
116.403 39.9675
116.404 39.9675
116.404 39.9675
116.404 39.9675
116.404 39.9675
116.404 39.9675
116.404 39.9675
116.404 39.9675
116.405 39.9674
116.405 39.9674
116.405 39.9674
116.405 39.9674
116.405 39.9674
116.405 39.9674
116.405 39.9674
116.405 39.9674
116.405 39.9674
116.406 39.9674
116.406 39.9674
116.406 39.9674
116.406 39.9674
116.406 39.9674
116.406 39.9674
116.406 39.9674
116.406 39.9674
116.406 39.9674
116.407 39.9674
116.407 39.9674
116.407 39.9674
116.407 39.9674
116.407 39.9674
116.407 39.9674
116.407 39.9674
116.407 39.9675
116.407 39.9675
116.408 39.9675
116.408 39.9675
116.408 39.9675
116.408 39.9675
116.408 39.9675
116.408 39.9675
116.408 39.9675
116.408 39.9675
116.409 39.9675
116.409 39.9675
116.409 39.9675
116.409 39.9675
116.409 39.9675
116.409 39.9675
116.409 39.9675
116.409 39.9675
116.409 39.9675
116.409 39.9675
116.41 39.9675
116.41 39.9675
116.41 39.9674
116.41 39.9673
116.41 39.9672
116.41 39.9671
116.41 39.9671
116.41 39.9671
116.41 39.9671
116.41 39.9672
116.41 39.9673
116.41 39.9672
116.41 39.9671
116.41 39.9671
116.41 39.9671
116.411 39.9671
116.411 39.9671
116.411 39.9671
116.411 39.9672
116.411 39.9673
116.41 39.9674
116.41 39.9673
116.41 39.9673
116.41 39.9673
116.41 39.9672
116.41 39.9672
116.41 39.9672
116.41 39.9671
116.41 39.967
116.41 39.967
116.41 39.967
116.41 39.967
116.41 39.967
116.41 39.967
116.41 39.9671
116.41 39.9671
116.41 39.9671
116.41 39.9671
116.41 39.967
116.41 39.967
116.41 39.967
116.41 39.967
116.41 39.9669
116.41 39.9669
116.41 39.9669
116.41 39.9669
116.409 39.9669
116.409 39.9668
116.409 39.9667
116.409 39.9667
116.409 39.9666
116.409 39.9666
116.409 39.9667
116.409 39.9668
116.409 39.9669
116.408 39.967
116.408 39.967
116.408 39.9671
116.408 39.9672
116.408 39.9672
116.408 39.9673
116.408 39.9672
116.408 39.9672
116.408 39.9671
116.408 39.9671
116.408 39.9671
116.408 39.9671
116.409 39.967
116.409 39.967
116.409 39.967
116.409 39.9669
116.409 39.9669
116.409 39.9669
116.409 39.9669
116.409 39.9669
116.409 39.9669
116.409 39.9669
116.409 39.9669
116.41 39.9668
116.41 39.9668
116.41 39.9669
116.41 39.9669
116.41 39.967
116.41 39.967
116.41 39.9671
116.41 39.9671
116.41 39.967
116.41 39.967
116.41 39.9671
116.41 39.9672
116.41 39.9672
116.41 39.9671
116.41 39.967
116.409 39.967
116.409 39.9669
116.409 39.9669
116.409 39.9668
116.409 39.9668
116.409 39.9667
116.409 39.9667
116.409 39.9667
116.409 39.9666
116.409 39.9666
116.409 39.9666
116.409 39.9667
116.409 39.9667
116.409 39.9668
116.409 39.9668
116.409 39.9669
116.409 39.9669
116.409 39.967
116.41 39.967
116.41 39.9671
116.41 39.9672
116.41 39.9672
116.41 39.9673
116.41 39.9672
116.41 39.9672
116.41 39.967
116.41 39.9669
116.41 39.9669
116.409 39.9668
116.409 39.9667
116.409 39.9667
116.41 39.9668
116.41 39.9669
116.41 39.967
116.41 39.967
116.41 39.9671
116.41 39.9672
116.41 39.9672
116.41 39.9673
116.41 39.9673
116.41 39.9673
116.41 39.9673
116.41 39.9672
116.41 39.9673
116.41 39.9673
116.41 39.9674
116.41 39.9673
116.41 39.9673
116.41 39.9672
116.409 39.9671
116.409 39.967
116.409 39.967
116.409 39.967
116.409 39.9671
116.409 39.967
116.409 39.9671
116.41 39.9671
116.41 39.9672
116.41 39.9673
116.41 39.9674
116.41 39.9675
116.41 39.9676
116.41 39.9677
116.41 39.9677
116.41 39.9679
116.41 39.9679
116.41 39.9678
116.41 39.9679
116.41 39.9677
116.41 39.9676
116.41 39.9678
116.41 39.9679
116.41 39.9679
116.41 39.9679
116.41 39.968
116.41 39.9679
116.41 39.9678
116.41 39.9676
116.41 39.9675
116.41 39.9674
116.41 39.9673
116.41 39.9673
116.41 39.9674
116.41 39.9676
116.41 39.9677
116.41 39.9678
116.41 39.968
116.41 39.9681
116.41 39.9682
116.41 39.9683
116.41 39.9684
116.41 39.9685
116.41 39.9686
116.41 39.9687
116.41 39.9688
116.41 39.969
116.41 39.9691
116.41 39.9692
116.41 39.9693
116.41 39.9694
116.41 39.9695
116.41 39.9696
116.41 39.9697
116.41 39.9698
116.41 39.97
116.41 39.9701
116.41 39.9702
116.41 39.9703
116.41 39.9704
116.411 39.9705
116.411 39.9706
116.411 39.9708
116.411 39.9709
116.411 39.9711
116.411 39.9712
116.411 39.9713
116.411 39.9714
116.411 39.9715
116.411 39.9717
116.411 39.9718
116.411 39.9719
116.411 39.972
116.411 39.9722
116.411 39.9723
116.411 39.9724
116.411 39.9725
116.411 39.9726
116.411 39.9727
116.411 39.9729
116.411 39.973
116.411 39.9731
116.411 39.9733
116.411 39.9734
116.411 39.9735
116.411 39.9737
116.411 39.9738
116.411 39.9739
116.411 39.974
116.411 39.9741
116.411 39.9742
116.411 39.9743
116.411 39.9689
116.411 39.9688
116.411 39.9687
116.411 39.9686
116.411 39.9686
116.41 39.9684
116.41 39.9682
116.41 39.9681
116.41 39.968
116.41 39.9679
116.41 39.9678
116.41 39.9677
116.41 39.9676
116.41 39.9675
116.41 39.9673
116.41 39.9672
116.41 39.9673
116.41 39.9673
116.41 39.9674
116.411 39.9674
116.411 39.9675
116.41 39.9674
116.41 39.9673
116.41 39.9672
116.41 39.9671
116.41 39.967
116.41 39.9669
116.41 39.967
116.41 39.9671
116.41 39.9672
116.41 39.9673
116.41 39.9673
116.41 39.9674
116.41 39.9675
116.41 39.9675
116.41 39.9675
116.41 39.9675
116.411 39.9675
116.411 39.9675
116.411 39.9674
116.411 39.9674
116.411 39.9674
116.411 39.9673
116.411 39.9672
116.411 39.9673
116.411 39.9673
116.411 39.9673
116.411 39.9674
116.411 39.9674
116.411 39.9675
116.411 39.9676
116.41 39.9676
116.41 39.9676
116.41 39.9677
116.41 39.9677
116.41 39.9678
116.41 39.9678
116.41 39.9677
116.41 39.9677
116.41 39.9676
116.41 39.9676
116.41 39.9677
116.41 39.9677
116.41 39.9678
116.41 39.9679
116.409 39.968
116.409 39.9681
116.409 39.9681
116.409 39.9682
116.409 39.9683
116.409 39.9684
116.409 39.9685
116.409 39.9687
116.408 39.9688
116.408 39.969
116.408 39.9692
116.408 39.9693
116.408 39.9695
116.408 39.9697
116.407 39.9699
116.407 39.9701
116.407 39.9703
116.407 39.9705
116.406 39.9707
116.406 39.9708
116.406 39.9711
116.406 39.9713
116.405 39.9715
116.405 39.9717
116.405 39.972
116.404 39.9722
116.404 39.9725
116.404 39.9727
116.403 39.973
116.403 39.9732
116.403 39.9734
116.403 39.9737
116.402 39.9739
116.402 39.9742
116.402 39.9744
116.401 39.9747
116.401 39.975
116.401 39.9753
116.4 39.9755
116.4 39.9758
116.4 39.9761
116.399 39.9764
116.399 39.9767
116.398 39.977
116.398 39.9773
116.398 39.9775
116.397 39.9778
116.397 39.9781
116.397 39.9784
116.396 39.9787
116.396 39.979
116.396 39.9793
116.395 39.9797
116.395 39.98
116.394 39.9804
116.394 39.9807
116.393 39.9811
116.393 39.9815
116.392 39.9819
116.392 39.9823
116.392 39.9827
116.391 39.9831
116.391 39.9835
116.39 39.9839
116.39 39.9843
116.389 39.9847
116.388 39.9852
116.388 39.9856
116.387 39.986
116.412 39.9656
116.412 39.9656
116.412 39.9657
116.412 39.9658
116.412 39.9659
116.412 39.966
116.411 39.9661
116.411 39.9661
116.411 39.9662
116.411 39.9663
116.411 39.9664
116.411 39.9664
116.411 39.9665
116.411 39.9666
116.411 39.9666
116.411 39.9667
116.41 39.9668
116.41 39.9668
116.41 39.9668
116.41 39.9669
116.41 39.967
116.41 39.9671
116.41 39.9671
116.41 39.9672
116.41 39.9673
116.41 39.9674
116.41 39.9674
116.41 39.9673
116.41 39.9673
116.41 39.9672
116.41 39.9672
116.41 39.9674
116.41 39.9675
116.41 39.9676
116.41 39.9677
116.41 39.9675
116.41 39.9675
116.41 39.9678
116.41 39.9676
116.41 39.9677
116.41 39.9677
116.41 39.9677
116.41 39.9677
116.41 39.9677
116.41 39.9677
116.41 39.9677
116.41 39.9677
116.41 39.9677
116.41 39.9677
116.41 39.9677
116.411 39.9677
116.411 39.9677
116.411 39.9678
116.411 39.9678
116.411 39.9679
116.411 39.968
116.411 39.968
116.41 39.968
116.41 39.9681
116.41 39.9681
116.41 39.9681
116.41 39.9681
116.41 39.9681
116.41 39.9681
116.41 39.9681
116.41 39.9681
116.409 39.9681
116.409 39.9681
116.409 39.9681
116.409 39.9681
116.409 39.9681
116.409 39.9681
116.409 39.9681
116.409 39.9681
116.409 39.968
116.408 39.968
116.408 39.968
116.408 39.968
116.408 39.9679
116.408 39.9679
116.408 39.9679
116.408 39.9679
116.407 39.9679
116.407 39.9679
116.407 39.9679
116.407 39.9679
116.407 39.9679
116.407 39.9679
116.407 39.9679
116.407 39.9679
116.407 39.9679
116.407 39.9678
116.406 39.9678
116.406 39.9678
116.406 39.9678
116.406 39.9678
116.406 39.9678
116.406 39.9678
116.406 39.9678
116.405 39.9678
116.405 39.9678
116.405 39.9678
116.405 39.9678
116.405 39.9678
116.405 39.9678
116.405 39.9678
116.404 39.9678
116.404 39.9678
116.404 39.9678
116.404 39.9678
116.404 39.9678
116.404 39.9678
116.403 39.9678
116.403 39.9678
116.403 39.9678
116.403 39.9678
116.403 39.9678
116.403 39.9678
116.402 39.9678
116.402 39.9678
116.402 39.9678
116.402 39.9678
116.402 39.9678
116.402 39.9678
116.401 39.9678
116.401 39.9678
116.401 39.9678
116.401 39.9678
116.401 39.9678
116.401 39.9678
116.4 39.9678
116.4 39.9678
116.4 39.9677
116.4 39.9677
116.4 39.9677
116.4 39.9677
116.4 39.9677
116.399 39.9677
116.399 39.9677
116.399 39.9677
116.399 39.9677
116.399 39.9677
116.399 39.9676
116.399 39.9676
116.398 39.9676
116.398 39.9676
116.398 39.9676
116.398 39.9676
116.398 39.9676
116.398 39.9676
116.397 39.9676
116.397 39.9676
116.397 39.9676
116.397 39.9676
116.397 39.9676
116.397 39.9676
116.396 39.9676
116.396 39.9676
116.396 39.9676
116.396 39.9675
116.396 39.9675
116.396 39.9675
116.395 39.9675
116.395 39.9675
116.395 39.9675
116.395 39.9675
116.395 39.9675
116.395 39.9675
116.394 39.9675
116.394 39.9675
116.394 39.9675
116.394 39.9675
116.394 39.9675
116.394 39.9675
116.393 39.9675
116.393 39.9675
116.393 39.9675
116.393 39.9675
116.393 39.9675
116.393 39.9675
116.392 39.9675
116.392 39.9675
116.392 39.9675
116.392 39.9675
116.392 39.9675
116.392 39.9675
116.392 39.9675
116.391 39.9675
116.391 39.9675
116.391 39.9675
116.391 39.9675
116.391 39.9675
116.391 39.9675
116.39 39.9675
116.39 39.9675
116.39 39.9675
116.39 39.9675
116.39 39.9675
116.39 39.9674
116.389 39.9674
116.389 39.9674
116.389 39.9674
116.389 39.9674
116.389 39.9674
116.389 39.9674
116.389 39.9674
116.388 39.9674
116.388 39.9674
116.388 39.9674
116.388 39.9674
116.388 39.9674
116.388 39.9674
116.387 39.9674
116.387 39.9674
116.387 39.9674
116.387 39.9674
116.387 39.9673
116.387 39.9673
116.386 39.9673
116.386 39.9673
116.386 39.9673
116.386 39.9673
116.386 39.9673
116.385 39.9673
116.385 39.9673
116.385 39.9673
116.385 39.9673
116.385 39.9672
116.384 39.9672
116.384 39.9672
116.384 39.9672
116.384 39.9672
116.384 39.9672
116.384 39.9672
116.383 39.9672
116.383 39.9672
116.383 39.9672
116.383 39.9672
116.383 39.9672
116.382 39.9672
116.382 39.9671
116.382 39.9671
116.382 39.9671
116.382 39.9671
116.381 39.9671
116.381 39.9671
116.381 39.9671
116.381 39.9671
116.38 39.9671
116.38 39.9671
116.38 39.9671
116.38 39.9671
116.38 39.9671
116.379 39.9671
116.379 39.9671
116.379 39.9671
116.379 39.9671
116.379 39.9671
116.378 39.9671
116.378 39.9671
116.378 39.9671
116.378 39.9671
116.378 39.9671
116.377 39.9671
116.377 39.9671
116.377 39.967
116.377 39.967
116.377 39.967
116.377 39.967
116.376 39.967
116.376 39.967
116.376 39.967
116.376 39.967
116.376 39.967
116.376 39.967
116.375 39.967
116.375 39.967
116.375 39.967
116.375 39.967
116.375 39.967
116.375 39.967
116.374 39.967
116.374 39.967
116.374 39.9669
116.374 39.967
116.374 39.967
116.373 39.967
116.373 39.9669
116.373 39.9669
116.373 39.9669
116.373 39.967
116.372 39.967
116.372 39.967
116.372 39.967
116.372 39.9669
116.372 39.9669
116.372 39.9669
116.371 39.9669
116.371 39.9669
116.371 39.9669
116.371 39.9669
116.371 39.9669
116.371 39.9669
116.371 39.9669
116.37 39.9669
116.37 39.9669
116.37 39.9669
116.37 39.9669
116.37 39.9669
116.369 39.9669
116.369 39.9669
116.369 39.9669
116.369 39.9669
116.369 39.9669
116.369 39.9669
116.369 39.9669
116.368 39.9669
116.368 39.9669
116.368 39.9668
116.368 39.9668
116.368 39.9668
116.368 39.9668
116.367 39.9668
116.367 39.9668
116.367 39.9668
116.367 39.9668
116.367 39.9668
116.367 39.9668
116.367 39.9668
116.366 39.9668
116.366 39.9668
116.366 39.9668
116.366 39.9668
116.366 39.9668
116.366 39.9668
116.365 39.9668
116.365 39.9668
116.365 39.9668
116.365 39.9668
116.365 39.9667
116.365 39.9667
116.365 39.9667
116.364 39.9667
116.364 39.9667
116.364 39.9667
116.364 39.9667
116.364 39.9667
116.364 39.9667
116.363 39.9667
116.363 39.9667
116.363 39.9667
116.363 39.9667
116.363 39.9667
116.363 39.9667
116.362 39.9666
116.362 39.9666
116.362 39.9666
116.362 39.9666
116.362 39.9666
116.361 39.9666
116.361 39.9666
116.361 39.9666
116.361 39.9666
116.361 39.9666
116.361 39.9666
116.36 39.9666
116.36 39.9666
116.36 39.9666
116.36 39.9666
116.36 39.9666
116.36 39.9666
116.359 39.9666
116.359 39.9666
116.359 39.9666
116.359 39.9666
116.359 39.9665
116.358 39.9665
116.358 39.9665
116.358 39.9665
116.358 39.9665
116.358 39.9665
116.357 39.9665
116.357 39.9665
116.357 39.9665
116.357 39.9665
116.357 39.9665
116.356 39.9665
116.356 39.9665
116.356 39.9665
116.356 39.9665
116.356 39.9665
116.356 39.9666
116.355 39.9666
116.355 39.9666
116.355 39.9666
116.355 39.9666
116.355 39.9666
116.354 39.9666
116.354 39.9666
116.354 39.9666
116.354 39.9666
116.354 39.9666
116.354 39.9666
116.353 39.9666
116.353 39.9666
116.353 39.9666
116.353 39.9666
116.353 39.9666
116.353 39.9666
116.353 39.9666
116.352 39.9666
116.352 39.9666
116.352 39.9666
116.352 39.9666
116.352 39.9666
116.352 39.9666
116.352 39.9666
116.351 39.9666
116.351 39.9666
116.351 39.9666
116.351 39.9666
116.351 39.9666
116.351 39.9667
116.351 39.9667
116.35 39.9667
116.35 39.9667
116.35 39.9667
116.35 39.9668
116.35 39.9668
116.35 39.9669
116.35 39.9669
116.35 39.967
116.35 39.967
116.35 39.967
116.349 39.9671
116.349 39.9671
116.349 39.9672
116.349 39.9672
116.349 39.9672
116.349 39.9673
116.349 39.9673
116.349 39.9674
116.349 39.9674
116.348 39.9675
116.348 39.9676
116.348 39.9678
116.348 39.9679
116.348 39.968
116.348 39.9681
116.348 39.9682
116.348 39.9683
116.348 39.9684
116.348 39.9686
116.348 39.9687
116.348 39.9688
116.348 39.9689
116.348 39.9691
116.348 39.9692
116.348 39.9693
116.348 39.9695
116.348 39.9696
116.348 39.9697
116.348 39.9699
116.348 39.97
116.348 39.9702
116.348 39.9703
116.348 39.9705
116.348 39.9706
116.348 39.9708
116.348 39.9709
116.348 39.9711
116.348 39.9712
116.348 39.9714
116.348 39.9716
116.348 39.9717
116.348 39.9719
116.348 39.972
116.348 39.9722
116.348 39.9723
116.348 39.9725
116.348 39.9726
116.348 39.9728
116.348 39.9729
116.348 39.9731
116.348 39.9732
116.348 39.9734
116.348 39.9735
116.348 39.9737
116.348 39.9738
116.348 39.974
116.348 39.9741
116.348 39.9743
116.348 39.9745
116.348 39.9746
116.348 39.9748
116.348 39.9749
116.348 39.975
116.348 39.9752
116.348 39.9753
116.348 39.9755
116.348 39.9756
116.348 39.9757
116.348 39.9759
116.348 39.976
116.348 39.9762
116.348 39.9763
116.348 39.9765
116.348 39.9766
116.348 39.9768
116.348 39.977
116.348 39.9771
116.348 39.9773
116.348 39.9774
116.348 39.9775
116.348 39.9777
116.348 39.9778
116.348 39.9779
116.348 39.978
116.348 39.9782
116.348 39.9783
116.348 39.9784
116.348 39.9786
116.348 39.9787
116.348 39.9788
116.348 39.979
116.348 39.9791
116.348 39.9792
116.348 39.9794
116.348 39.9795
116.348 39.9796
116.348 39.9797
116.348 39.9798
116.348 39.98
116.348 39.9801
116.348 39.9802
116.348 39.9803
116.348 39.9804
116.348 39.9805
116.348 39.9806
116.348 39.9807
116.348 39.9808
116.348 39.981
116.348 39.9811
116.348 39.9812
116.348 39.9813
116.348 39.9815
116.348 39.9816
116.348 39.9817
116.348 39.9819
116.347 39.982
116.347 39.9821
116.347 39.9823
116.347 39.9824
116.347 39.9826
116.347 39.9827
116.347 39.9829
116.347 39.983
116.347 39.9831
116.347 39.9833
116.347 39.9834
116.347 39.9836
116.347 39.9837
116.347 39.9839
116.347 39.984
116.347 39.9841
116.347 39.9842
116.347 39.9843
116.347 39.9844
116.347 39.9845
116.347 39.9846
116.347 39.9848
116.347 39.9849
116.347 39.985
116.347 39.9851
116.347 39.9852
116.347 39.9854
116.347 39.9857
116.347 39.9857
116.347 39.9857
116.347 39.9857
116.347 39.9857
116.347 39.9857
116.346 39.9857
116.346 39.9857
116.346 39.9857
116.346 39.9857
116.346 39.9857
116.346 39.9857
116.346 39.9857
116.346 39.9857
116.346 39.9857
116.345 39.9857
116.345 39.9857
116.345 39.9857
116.345 39.9857
116.345 39.9857
116.345 39.9857
116.345 39.9857
116.345 39.9857
116.344 39.9857
116.344 39.9857
116.344 39.9857
116.344 39.9857
116.344 39.9857
116.344 39.9857
116.344 39.9857
116.344 39.9857
116.343 39.9857
116.343 39.9857
116.343 39.9857
116.343 39.9857
116.343 39.9857
116.343 39.9857
116.343 39.9857
116.343 39.9857
116.342 39.9857
116.342 39.9857
116.342 39.9857
116.342 39.9857
116.342 39.9857
116.342 39.9857
116.342 39.9857
116.341 39.9857
116.341 39.9857
116.341 39.9856
116.341 39.9856
116.341 39.9856
116.341 39.9856
116.34 39.9856
116.34 39.9856
116.34 39.9856
116.34 39.9856
116.34 39.9856
116.34 39.9856
116.34 39.9856
116.339 39.9856
116.339 39.9856
116.339 39.9856
116.339 39.9856
116.339 39.9856
116.339 39.9856
116.339 39.9856
116.339 39.9856
116.338 39.9856
116.338 39.9855
116.338 39.9855
116.338 39.9855
116.338 39.9855
116.338 39.9855
116.338 39.9855
116.338 39.9855
116.338 39.9855
116.338 39.9855
116.337 39.9855
116.337 39.9855
116.337 39.9855
116.337 39.9855
116.337 39.9855
116.337 39.9855
116.337 39.9855
116.336 39.9855
116.336 39.9855
116.336 39.9854
116.336 39.9854
116.336 39.9854
116.336 39.9854
116.335 39.9854
116.335 39.9854
116.335 39.9854
116.335 39.9854
116.335 39.9854
116.335 39.9854
116.334 39.9854
116.334 39.9854
116.334 39.9853
116.334 39.9853
116.334 39.9853
116.334 39.9853
116.334 39.9853
116.333 39.9853
116.333 39.9853
116.333 39.9853
116.333 39.9853
116.333 39.9853
116.333 39.9853
116.332 39.9853
116.332 39.9852
116.332 39.9852
116.332 39.9852
116.332 39.9852
116.332 39.9852
116.331 39.9852
116.331 39.9852
116.331 39.9852
116.331 39.9852
116.331 39.9852
116.331 39.9852
116.331 39.9852
116.33 39.9852
116.33 39.9852
116.33 39.9852
116.33 39.9852
116.33 39.9851
116.33 39.9851
116.33 39.9851
116.329 39.9851
116.329 39.9851
116.329 39.9851
116.329 39.9851
116.329 39.9851
116.329 39.9851
116.329 39.9851
116.329 39.9851
116.328 39.9851
116.328 39.9851
116.328 39.9851
116.328 39.9851
116.328 39.9851
116.328 39.9851
116.328 39.985
116.328 39.985
116.328 39.985
116.327 39.985
116.327 39.985
116.327 39.985
116.327 39.985
116.327 39.985
116.327 39.985
116.327 39.985
116.327 39.985
116.326 39.985
116.326 39.985
116.326 39.985
116.326 39.9849
116.326 39.9849
116.326 39.9849
116.326 39.9849
116.325 39.9849
116.325 39.9849
116.325 39.9849
116.325 39.9849
116.325 39.9849
116.325 39.9849
116.324 39.9849
116.324 39.9849
116.324 39.9849
116.324 39.9849
116.324 39.9849
116.324 39.9849
116.324 39.9849
116.324 39.9849
116.323 39.9849
116.323 39.9849
116.323 39.9849
116.323 39.9849
116.323 39.9849
116.323 39.9849
116.323 39.9849
116.323 39.9849
116.322 39.9849
116.322 39.9849
116.322 39.9848
116.322 39.9848
116.322 39.9848
116.322 39.9848
116.322 39.9848
116.322 39.9848
116.321 39.9848
116.321 39.9848
116.321 39.9848
116.321 39.9848
116.321 39.9848
116.321 39.9848
116.321 39.9848
116.321 39.9848
116.32 39.9848
116.32 39.9848
116.32 39.9849
116.32 39.9849
116.32 39.9848
116.32 39.9848
116.32 39.9848
116.32 39.9848
116.32 39.9848
116.319 39.9848
116.319 39.9848
116.319 39.9848
116.319 39.9847
116.319 39.9847
116.319 39.9847
116.319 39.9847
116.319 39.9847
116.318 39.9847
116.318 39.9847
116.318 39.9847
116.318 39.9847
116.318 39.9847
116.318 39.9847
116.318 39.9847
116.317 39.9847
116.317 39.9847
116.317 39.9846
116.317 39.9846
116.317 39.9846
116.317 39.9846
116.316 39.9846
116.316 39.9846
116.316 39.9846
116.316 39.9846
116.316 39.9846
116.315 39.9846
116.315 39.9846
116.315 39.9846
116.315 39.9846
116.315 39.9846
116.315 39.9846
116.315 39.9846
116.315 39.9846
116.314 39.9846
116.314 39.9846
116.314 39.9846
116.314 39.9845
116.314 39.9844
116.314 39.9843
116.314 39.9842
116.314 39.9842
116.314 39.9842
116.314 39.9842
116.315 39.9842
116.315 39.9842
116.315 39.9842
116.315 39.9842
116.315 39.9842
116.315 39.9842
116.315 39.9842
116.315 39.9842
116.316 39.9842
116.316 39.9842
116.316 39.9842
116.316 39.9842
116.316 39.9842
116.316 39.9842
116.316 39.9842
116.317 39.9842
116.317 39.9842
116.317 39.9842
116.317 39.9842
116.317 39.9842
116.318 39.9843
116.318 39.9843
116.318 39.9843
116.318 39.9843
116.318 39.9843
116.319 39.9843
116.319 39.9843
116.319 39.9843
116.319 39.9843
116.319 39.9844
116.32 39.9844
116.32 39.9844
116.32 39.9844
116.32 39.9844
116.32 39.9844
116.321 39.9844
116.321 39.9844
116.321 39.9844
116.321 39.9844
116.321 39.9845
116.322 39.9845
116.322 39.9845
116.322 39.9845
116.322 39.9845
116.323 39.9845
116.323 39.9845
116.323 39.9845
116.323 39.9845
116.323 39.9845
116.324 39.9845
116.324 39.9845
116.324 39.9845
116.324 39.9845
116.324 39.9845
116.325 39.9846
116.325 39.9846
116.325 39.9846
116.325 39.9846
116.325 39.9846
116.326 39.9846
116.326 39.9846
116.326 39.9846
116.326 39.9846
116.327 39.9846
116.327 39.9846
116.327 39.9846
116.327 39.9846
116.327 39.9846
116.328 39.9847
116.328 39.9847
116.328 39.9847
116.328 39.9847
116.328 39.9848
116.329 39.9848
116.329 39.9848
116.329 39.9848
116.329 39.9848
116.329 39.9848
116.33 39.9848
116.33 39.9848
116.33 39.9848
116.33 39.9849
116.33 39.9849
116.331 39.9849
116.331 39.9848
116.331 39.9848
116.331 39.9848
116.331 39.9848
116.332 39.9848
116.332 39.9848
116.332 39.9848
116.332 39.9848
116.332 39.9848
116.332 39.9848
116.333 39.9848
116.333 39.9848
116.333 39.9848
116.333 39.9848
116.333 39.9848
116.334 39.9848
116.334 39.9848
116.334 39.9848
116.334 39.9848
116.334 39.9848
116.335 39.9848
116.335 39.9848
116.335 39.9849
116.335 39.9849
116.335 39.9849
116.335 39.9849
116.336 39.9849
116.336 39.9849
116.336 39.9849
116.336 39.9849
116.336 39.9849
116.336 39.9849
116.336 39.9849
116.337 39.9849
116.337 39.9849
116.337 39.9849
116.337 39.9849
116.337 39.9849
116.337 39.985
116.337 39.985
116.338 39.985
116.338 39.985
116.338 39.985
116.338 39.985
116.338 39.985
116.338 39.985
116.338 39.985
116.338 39.985
116.338 39.985
116.339 39.985
116.339 39.9851
116.339 39.9851
116.339 39.9851
116.339 39.9851
116.339 39.9851
116.339 39.9851
116.339 39.9851
116.339 39.9851
116.34 39.9851
116.34 39.9851
116.34 39.9851
116.34 39.9851
116.34 39.9851
116.34 39.9851
116.34 39.9851
116.341 39.9851
116.341 39.9851
116.341 39.9851
116.341 39.9851
116.341 39.9851
116.341 39.9851
116.341 39.9851
116.341 39.9851
116.342 39.9851
116.342 39.9851
116.342 39.9851
116.342 39.9851
116.342 39.9851
116.342 39.9851
116.342 39.9851
116.342 39.9851
116.343 39.9851
116.343 39.9851
116.343 39.9851
116.343 39.9851
116.343 39.9851
116.343 39.9852
116.343 39.9852
116.343 39.9852
116.343 39.9852
116.344 39.9852
116.344 39.9852
116.344 39.9852
116.344 39.9852
116.344 39.9852
116.344 39.9852
116.344 39.9852
116.344 39.9852
116.344 39.9852
116.345 39.9852
116.345 39.9852
116.345 39.9852
116.345 39.9852
116.345 39.9852
116.345 39.9852
116.345 39.9852
116.345 39.9852
116.346 39.9852
116.346 39.9852
116.346 39.9853
116.346 39.9853
116.346 39.9853
116.346 39.9853
116.346 39.9853
116.347 39.9853
116.347 39.9853
116.347 39.9853
116.347 39.9853
116.347 39.9853
116.347 39.9854
116.347 39.9855
116.347 39.9856
116.347 39.9858
116.347 39.9859
116.347 39.9861
116.347 39.9862
116.347 39.9864
116.347 39.9865
116.347 39.9866
116.347 39.9867
116.347 39.9869
116.347 39.9869
116.347 39.9871
116.347 39.9872
116.347 39.9873
116.347 39.9875
116.347 39.9876
116.347 39.9877
116.347 39.9879
116.347 39.988
116.347 39.9881
116.347 39.9882
116.347 39.9883
116.347 39.9884
116.347 39.9885
116.347 39.9886
116.347 39.9888
116.347 39.9889
116.347 39.989
116.347 39.9891
116.347 39.9892
116.347 39.9893
116.347 39.9894
116.347 39.9895
116.347 39.9896
116.347 39.9897
116.347 39.9898
116.347 39.9899
116.347 39.99
116.347 39.9902
116.347 39.9903
116.347 39.9904
116.347 39.9905
116.347 39.9907
116.347 39.9908
116.347 39.9909
116.347 39.991
116.347 39.9912
116.347 39.9913
116.347 39.9914
116.347 39.9915
116.347 39.9917
116.347 39.9918
116.347 39.9918
116.347 39.9919
116.347 39.9919
116.348 39.9919
116.348 39.992
116.348 39.992
116.348 39.992
116.348 39.992
116.348 39.992
116.348 39.992
116.348 39.992
116.349 39.992
116.349 39.992
116.349 39.992
116.349 39.992
116.349 39.992
116.349 39.992
116.349 39.9921
116.349 39.9921
116.349 39.9921
116.35 39.9921
116.35 39.9921
116.35 39.9921
116.35 39.9921
116.35 39.9921
116.35 39.9921
116.35 39.9921
116.35 39.9921
116.351 39.9921
116.351 39.9921
116.351 39.9921
116.351 39.9921
116.351 39.9921
116.351 39.9921
116.351 39.9921
116.351 39.9921
116.351 39.9921
116.352 39.9921
116.352 39.9921
116.352 39.9921
116.352 39.9921
116.352 39.9921
116.352 39.9921
116.352 39.9922
116.352 39.9922
116.352 39.9922
116.353 39.9922
116.353 39.9922
116.353 39.9922
116.353 39.9922
116.353 39.9922
116.353 39.9922
116.353 39.9922
116.353 39.9922
116.354 39.9922
116.354 39.9922
116.354 39.9922
116.354 39.9922
116.354 39.9922
116.354 39.9922
116.354 39.9922
116.355 39.9922
116.355 39.9922
116.355 39.9922
116.355 39.9922
116.355 39.9922
116.355 39.9922
116.356 39.9922
116.356 39.9922
116.356 39.9922
116.356 39.9922
116.356 39.9922
116.356 39.9923
116.356 39.9923
116.356 39.9923
116.357 39.9923
116.357 39.9923
116.357 39.9923
116.357 39.9923
116.357 39.9923
116.357 39.9923
116.357 39.9923
116.358 39.9923
116.358 39.9923
116.358 39.9923
116.358 39.9923
116.358 39.9923
116.358 39.9923
116.358 39.9923
116.358 39.9923
116.358 39.9923
116.359 39.9923
116.359 39.9923
116.359 39.9923
116.359 39.9923
116.359 39.9922
116.359 39.992
116.359 39.9919
116.359 39.9918
116.359 39.9917
116.359 39.9916
116.359 39.9915
116.359 39.9914
116.359 39.9913
116.359 39.9912
116.359 39.9912
116.359 39.9912
116.359 39.9911
116.359 39.9913
116.359 39.9913
116.359 39.9915
116.359 39.9915
116.359 39.9917
116.359 39.9918
116.359 39.9919
116.359 39.992
116.359 39.9921
116.359 39.9923
116.359 39.9924
116.359 39.9924
116.359 39.9925
116.358 39.9925
116.358 39.9925
116.358 39.9924
116.358 39.9924
116.358 39.9924
116.358 39.9924
116.358 39.9924
116.358 39.9924
116.358 39.9924
116.357 39.9924
116.357 39.9924
116.357 39.9924
116.357 39.9924
116.357 39.9924
116.357 39.9924
116.356 39.9924
116.356 39.9924
116.356 39.9924
116.356 39.9924
116.356 39.9924
116.356 39.9924
116.356 39.9923
116.355 39.9923
116.355 39.9923
116.355 39.9923
116.355 39.9923
116.355 39.9923
116.354 39.9923
116.354 39.9923
116.354 39.9923
116.354 39.9923
116.354 39.9923
116.354 39.9923
116.353 39.9923
116.353 39.9923
116.353 39.9923
116.353 39.9923
116.353 39.9923
116.353 39.9923
116.352 39.9923
116.352 39.9923
116.352 39.9923
116.352 39.9923
116.352 39.9923
116.352 39.9923
116.352 39.9923
116.352 39.9923
116.351 39.9923
116.351 39.9923
116.351 39.9922
116.351 39.9922
116.351 39.9922
116.351 39.9922
116.351 39.9922
116.35 39.9922
116.35 39.9922
116.35 39.9922
116.35 39.9922
116.35 39.9922
116.35 39.9922
116.35 39.9922
116.349 39.9922
116.349 39.9922
116.349 39.9922
116.349 39.9922
116.349 39.9922
116.349 39.9922
116.349 39.9922
116.349 39.9922
116.348 39.9922
116.348 39.9922
116.348 39.9922
116.348 39.9922
116.348 39.9922
116.348 39.9922
116.348 39.9922
116.348 39.9922
116.347 39.9922
116.347 39.9921
116.347 39.9921
116.347 39.9922
116.347 39.9923
116.347 39.9924
116.347 39.9926
116.347 39.9928
116.347 39.9929
116.347 39.9931
116.347 39.9932
116.347 39.9934
116.347 39.9935
116.347 39.9936
116.347 39.9937
116.347 39.9938
116.347 39.9939
116.347 39.994
116.347 39.9941
116.347 39.9942
116.347 39.9943
116.347 39.9945
116.347 39.9946
116.347 39.9947
116.347 39.9948
116.347 39.9949
116.347 39.9951
116.347 39.9952
116.347 39.9953
116.347 39.9955
116.347 39.9956
116.347 39.9958
116.347 39.9959
116.347 39.996
116.347 39.9961
116.347 39.9963
116.347 39.9964
116.347 39.9965
116.347 39.9966
116.347 39.9967
116.347 39.9968
116.347 39.9969
116.347 39.997
116.347 39.9971
116.347 39.9972
116.347 39.9974
116.347 39.9975
116.347 39.9976
116.347 39.9977
116.347 39.9978
116.347 39.9979
116.347 39.998
116.347 39.9981
116.347 39.9982
116.347 39.9983
116.347 39.9985
116.347 39.9987
116.347 39.9988
116.347 39.9988
116.347 39.999
116.347 39.9991
116.347 39.9992
116.347 39.9994
116.347 39.9995
116.347 39.9996
116.347 39.9997
116.347 39.9998
116.347 39.9999
116.347 40
116.347 40.0001
116.347 40.0002
116.347 40.0003
116.347 40.0005
116.347 40.0006
116.347 40.0007
116.347 40.0008
116.347 40.001
116.347 40.0011
116.347 40.0012
116.347 40.0013
116.347 40.0014
116.347 40.0015
116.347 40.0016
116.347 40.0017
116.347 40.0018
116.347 40.002
116.347 40.0021
116.346 40.0022
116.346 40.0023
116.346 40.0024
116.346 40.0025
116.346 40.0026
116.346 40.0027
116.346 40.0028
116.346 40.003
116.346 40.0031
116.346 40.0032
116.346 40.0033
116.346 40.0034
116.346 40.0035
116.346 40.0036
116.346 40.0038
116.346 40.0039
116.346 40.004
116.346 40.0041
116.346 40.0042
116.346 40.0043
116.346 40.0045
116.346 40.0046
116.346 40.0047
116.346 40.0048
116.346 40.0049
116.346 40.005
116.346 40.0052
116.346 40.0054
116.346 40.0055
116.346 40.0056
116.346 40.0057
116.346 40.0058
116.346 40.0059
116.346 40.006
116.346 40.0061
116.346 40.0063
116.346 40.0064
116.346 40.0066
116.346 40.0068
116.346 40.0069
116.346 40.0069
116.346 40.007
116.346 40.0071
116.346 40.0072
116.346 40.0073
116.346 40.0074
116.346 40.0075
116.346 40.0076
116.346 40.0077
116.346 40.0078
116.346 40.0079
116.346 40.008
116.346 40.0081
116.346 40.0082
116.346 40.0083
116.346 40.0084
116.346 40.0085
116.346 40.0086
116.346 40.0087
116.346 40.0089
116.346 40.009
116.346 40.0091
116.346 40.0092
116.346 40.0093
116.346 40.0094
116.346 40.0096
116.346 40.0097
116.346 40.0098
116.346 40.0099
116.346 40.01
116.346 40.0101
116.346 40.0103
116.346 40.0104
116.346 40.0105
116.346 40.0107
116.346 40.0108
116.346 40.0109
116.346 40.0111
116.346 40.0112
116.346 40.0113
116.346 40.0115
116.346 40.0116
116.346 40.0118
116.346 40.0119
116.346 40.012
116.346 40.0122
116.346 40.0123
116.346 40.0125
116.346 40.0126
116.346 40.0127
116.346 40.0128
116.346 40.0129
116.346 40.013
116.346 40.0131
116.346 40.0133
116.346 40.0134
116.346 40.0135
116.346 40.0136
116.346 40.0137
116.346 40.0138
116.346 40.0139
116.346 40.0139
116.346 40.014
116.345 40.014
116.345 40.014
116.345 40.014
116.345 40.014
116.345 40.014
116.345 40.014
116.345 40.014
116.345 40.014
116.344 40.014
116.344 40.014
116.344 40.014
116.344 40.014
116.344 40.014
116.344 40.014
116.344 40.014
116.344 40.014
116.344 40.014
116.343 40.014
116.343 40.0139
116.343 40.0139
116.343 40.0139
116.343 40.0139
116.343 40.0139
116.343 40.0139
116.343 40.0139
116.342 40.0139
116.342 40.0139
116.342 40.0139
116.342 40.0139
116.342 40.0139
116.342 40.0139
116.342 40.0139
116.341 40.0139
116.341 40.0139
116.341 40.0139
116.341 40.0139
116.341 40.0139
116.341 40.0139
116.341 40.0139
116.341 40.0139
116.341 40.0139
116.34 40.0139
116.34 40.0139
116.34 40.0139
116.34 40.0139
116.34 40.0139
116.34 40.0139
116.34 40.0139
116.34 40.0139
116.339 40.0139
116.339 40.0139
116.339 40.014
116.339 40.0142
116.339 40.0143
116.34 40.0144
116.34 40.0146
116.34 40.0147
116.34 40.0149
116.34 40.015
116.34 40.0152
116.34 40.0153
116.34 40.0154
116.34 40.0156
116.34 40.0157
116.34 40.0159
116.34 40.016
116.34 40.0161
116.34 40.0162
116.34 40.0164
116.34 40.0165
116.34 40.0166
116.341 40.0166
116.341 40.0168
116.341 40.0169
116.341 40.017
116.341 40.0172
116.341 40.0174
116.341 40.0175
116.341 40.0176
116.341 40.0178
116.341 40.0179
116.341 40.018
116.341 40.0181
116.341 40.0182
116.341 40.0182
116.341 40.0181
116.341 40.0181
116.341 40.018
116.341 40.018
116.342 40.0179
116.341 40.0179
116.341 40.0179
