116.325 40.039
116.325 40.0391
116.325 40.039
116.325 40.039
116.325 40.0391
116.326 40.0391
116.326 40.0392
116.326 40.0392
116.327 40.0392
116.327 40.0392
116.327 40.0394
116.327 40.0397
116.326 40.0401
116.326 40.0406
116.326 40.041
116.325 40.0416
116.325 40.042
116.325 40.0424
116.325 40.0426
116.325 40.0426
116.325 40.0426
116.325 40.0426
116.325 40.0426
116.325 40.0426
116.325 40.0426
116.325 40.0426
116.325 40.0426
116.325 40.0426
116.325 40.0427
116.324 40.0429
116.324 40.0432
116.324 40.0437
116.323 40.0442
116.323 40.0448
116.322 40.0454
116.322 40.046
116.321 40.0466
116.321 40.0471
116.321 40.0473
116.32 40.0476
116.32 40.0478
116.32 40.048
116.321 40.0482
116.321 40.0484
116.322 40.0486
116.322 40.0488
116.323 40.049
116.323 40.0492
116.323 40.0495
116.323 40.0498
116.322 40.0501
116.322 40.0506
116.322 40.051
116.321 40.0514
116.321 40.0518
116.321 40.052
116.321 40.0521
116.321 40.0521
116.321 40.0521
116.321 40.0523
116.321 40.0524
116.321 40.0526
116.322 40.0528
116.322 40.0529
116.322 40.0531
116.322 40.0531
116.322 40.0532
116.322 40.0532
116.322 40.0532
116.322 40.0532
116.322 40.0532
116.322 40.0532
116.322 40.0532
116.322 40.0532
116.322 40.0532
116.322 40.0532
116.322 40.0532
116.322 40.0532
116.322 40.0532
116.322 40.0532
116.322 40.0532
116.322 40.0532
116.322 40.0532
116.322 40.0532
116.322 40.0532
116.322 40.0532
116.322 40.0532
116.322 40.0532
116.322 40.0532
116.322 40.0532
116.322 40.0532
116.322 40.0532
116.322 40.0532
116.322 40.0532
116.322 40.0532
116.322 40.0532
116.322 40.0532
116.322 40.0532
116.322 40.0532
116.322 40.0532
116.322 40.0532
116.322 40.0532
116.323 40.0534
116.323 40.0537
116.323 40.0539
116.323 40.0542
116.323 40.0545
116.322 40.055
116.322 40.0555
116.322 40.0561
116.321 40.0566
116.321 40.0569
116.321 40.0572
116.32 40.0576
116.32 40.058
116.32 40.0583
116.32 40.0585
116.32 40.0585
116.32 40.0586
116.319 40.0589
116.319 40.0593
116.318 40.0599
116.318 40.0605
116.317 40.0612
116.317 40.062
116.316 40.0628
116.315 40.0637
116.315 40.0645
116.314 40.0653
116.314 40.0661
116.313 40.0669
116.312 40.0677
116.312 40.0685
116.311 40.0693
116.31 40.0701
116.31 40.0709
116.309 40.0718
116.308 40.0727
116.308 40.0736
116.307 40.0745
116.306 40.0755
116.305 40.0764
116.305 40.0774
116.304 40.0783
116.303 40.0792
116.303 40.0801
116.302 40.081
116.301 40.082
116.3 40.083
116.3 40.084
116.299 40.085
116.298 40.086
116.297 40.087
116.297 40.088
116.296 40.089
116.295 40.0901
116.294 40.0913
116.293 40.0924
116.292 40.0936
116.291 40.0947
116.29 40.0958
116.29 40.097
116.289 40.0981
116.288 40.0992
116.287 40.1004
116.286 40.1017
116.286 40.103
116.285 40.1041
116.283 40.1051
116.282 40.106
116.281 40.107
116.28 40.1079
116.278 40.1088
116.277 40.1098
116.276 40.1107
116.275 40.1117
116.273 40.1126
116.272 40.1136
116.271 40.1146
116.27 40.1155
116.268 40.1164
116.267 40.1173
116.266 40.1183
116.265 40.1193
116.265 40.1202
116.264 40.1212
116.263 40.1222
116.263 40.1234
116.263 40.1245
116.262 40.1257
116.262 40.1269
116.262 40.1281
116.262 40.1293
116.262 40.1304
116.262 40.1316
116.262 40.1327
116.262 40.1337
116.261 40.1347
116.26 40.1356
116.259 40.1366
116.258 40.1377
116.257 40.1388
116.256 40.1399
116.255 40.1409
116.255 40.1421
116.254 40.1433
116.253 40.1445
116.252 40.1457
116.251 40.1469
116.25 40.1482
116.249 40.1495
116.248 40.1508
116.247 40.1521
116.246 40.1534
116.245 40.1547
116.245 40.1559
116.244 40.1571
116.243 40.1583
116.242 40.1594
116.241 40.1605
116.241 40.1616
116.24 40.1625
116.239 40.1635
116.239 40.1644
116.239 40.1653
116.238 40.1664
116.238 40.1674
116.238 40.1684
116.238 40.1693
116.237 40.17
116.237 40.1708
116.237 40.1714
116.238 40.1719
116.239 40.1719
116.239 40.1715
116.239 40.1709
116.238 40.1705
116.237 40.1704
116.237 40.1702
116.235 40.1701
116.234 40.17
116.233 40.1698
116.231 40.1697
116.23 40.1696
116.228 40.1694
116.227 40.1692
116.225 40.1691
116.224 40.1689
116.222 40.1687
116.221 40.1686
116.219 40.1684
116.217 40.1683
116.216 40.1681
116.214 40.1679
116.213 40.1678
116.211 40.1676
116.21 40.1675
116.208 40.1673
116.206 40.1671
116.205 40.167
116.203 40.1668
116.202 40.1666
116.2 40.1665
116.198 40.1663
116.197 40.1661
116.195 40.166
116.194 40.1658
116.192 40.1657
116.191 40.1655
116.189 40.1654
116.188 40.1652
116.186 40.1651
116.185 40.1649
116.183 40.1648
116.182 40.1646
116.18 40.1644
116.179 40.1641
116.178 40.1639
116.176 40.1635
116.175 40.1631
116.173 40.1626
116.172 40.1621
116.171 40.1615
116.169 40.1609
116.168 40.1602
116.167 40.1595
116.166 40.1587
116.165 40.1578
116.164 40.1569
116.163 40.156
116.162 40.1551
116.161 40.1541
116.16 40.153
116.159 40.1519
116.159 40.1508
116.158 40.1498
116.157 40.1487
116.157 40.1476
116.156 40.1466
116.155 40.1455
116.154 40.1444
116.154 40.1433
116.153 40.1422
116.152 40.1412
116.152 40.14
116.151 40.1389
116.151 40.1377
116.15 40.1365
116.15 40.1354
116.15 40.1342
116.149 40.1331
116.149 40.1321
116.149 40.1311
116.149 40.1301
116.149 40.1292
116.149 40.1284
116.149 40.1276
116.148 40.127
116.147 40.1264
116.147 40.1258
116.148 40.1254
116.149 40.1252
116.15 40.1252
116.151 40.1255
116.151 40.1261
116.152 40.1268
116.152 40.1273
116.152 40.1277
116.152 40.1278
116.152 40.1278
116.152 40.1278
116.152 40.1278
116.152 40.1278
116.152 40.128
116.152 40.1283
116.152 40.1286
116.151 40.129
116.151 40.1293
116.151 40.1296
116.151 40.1298
116.15 40.13
116.15 40.1302
116.149 40.1305
116.148 40.1307
116.147 40.1309
116.146 40.1312
116.146 40.1312
116.145 40.1313
116.145 40.1313
116.144 40.1313
116.144 40.1313
116.143 40.1312
116.143 40.1312
116.142 40.1312
116.141 40.1312
116.14 40.1312
116.139 40.1312
116.137 40.1312
116.136 40.1312
116.135 40.1312
116.134 40.1311
116.133 40.1311
116.132 40.1311
116.132 40.1312
116.131 40.1312
116.13 40.1312
116.13 40.1313
116.131 40.1315
116.131 40.1317
116.132 40.132
116.133 40.1321
116.133 40.1322
116.133 40.1322
116.134 40.1323
116.134 40.1326
116.134 40.1331
116.134 40.1337
116.134 40.1344
116.134 40.135
116.134 40.1354
116.134 40.1358
116.134 40.1361
116.134 40.1365
116.134 40.137
116.134 40.1374
116.134 40.1378
116.134 40.1382
116.134 40.1387
116.134 40.1392
116.134 40.1397
116.134 40.1402
116.134 40.1409
116.134 40.1417
116.134 40.1424
116.134 40.1432
116.133 40.1439
116.133 40.1445
116.133 40.1453
116.133 40.1461
116.132 40.147
116.132 40.1479
116.132 40.1488
116.131 40.1496
116.131 40.1504
116.131 40.1513
116.131 40.1521
116.13 40.1529
116.13 40.1536
116.13 40.1544
116.129 40.1551
116.129 40.1559
116.129 40.1567
116.128 40.1575
116.128 40.1583
116.127 40.159
116.127 40.1597
116.127 40.1604
116.126 40.1612
116.126 40.1619
116.126 40.1626
116.125 40.1634
116.125 40.1642
116.125 40.1649
116.124 40.1657
116.124 40.1664
116.124 40.1672
116.123 40.1679
116.123 40.1686
116.123 40.1694
116.122 40.1701
116.122 40.1708
116.122 40.171
116.122 40.171
116.122 40.171
116.122 40.171
116.122 40.171
116.122 40.171
116.122 40.171
116.122 40.171
116.122 40.171
116.122 40.171
116.122 40.171
116.122 40.171
116.122 40.171
116.122 40.171
116.122 40.171
116.122 40.1711
116.122 40.1714
116.121 40.1717
116.121 40.1722
116.121 40.1729
116.12 40.1737
116.12 40.1746
116.12 40.1755
116.119 40.1764
116.119 40.1773
116.118 40.1781
116.118 40.1788
116.118 40.1795
116.117 40.1801
116.117 40.1806
116.117 40.1809
116.117 40.1813
116.116 40.1818
116.116 40.1825
116.116 40.1833
116.115 40.1842
116.115 40.185
116.115 40.1857
116.114 40.1865
116.114 40.1871
116.114 40.1877
116.114 40.1882
116.114 40.1886
116.114 40.1891
116.113 40.1897
116.113 40.1905
116.113 40.1913
116.113 40.1921
116.113 40.1929
116.113 40.1936
116.113 40.1942
116.113 40.1948
116.113 40.1954
116.113 40.1958
116.113 40.1963
116.113 40.197
116.113 40.1977
116.113 40.1986
116.113 40.1995
116.113 40.2003
116.113 40.2011
116.113 40.2018
116.113 40.2025
116.113 40.2032
116.113 40.2039
116.113 40.2047
116.113 40.2054
116.113 40.206
116.113 40.2067
116.113 40.2073
116.113 40.2076
116.113 40.2077
116.113 40.2079
116.114 40.2081
116.115 40.2084
116.116 40.2087
116.116 40.209
116.117 40.2093
116.118 40.2095
116.118 40.2098
116.119 40.21
116.119 40.2101
116.12 40.2101
116.121 40.2102
116.122 40.2102
116.123 40.2103
116.124 40.2104
116.125 40.2104
116.126 40.2105
116.127 40.2105
116.128 40.2106
116.129 40.2107
116.129 40.2108
116.129 40.2108
116.129 40.2108
116.129 40.2108
116.129 40.2108
116.129 40.2108
116.129 40.2108
116.129 40.2108
116.129 40.2108
116.129 40.2108
116.129 40.2108
116.129 40.2108
116.129 40.2108
116.129 40.2108
116.129 40.2108
116.129 40.2108
116.129 40.2108
116.129 40.2109
116.129 40.2111
116.129 40.2114
116.129 40.2114
116.129 40.2114
116.128 40.2113
116.128 40.2113
116.128 40.2114
116.128 40.2116
116.128 40.2117
116.128 40.2119
116.128 40.2122
116.128 40.2123
116.128 40.2124
116.129 40.2124
116.129 40.2124
116.129 40.2121
116.129 40.2117
116.129 40.2114
116.129 40.2111
116.129 40.2108
116.129 40.2108
116.129 40.2108
116.129 40.2108
116.129 40.2107
116.129 40.2106
116.128 40.2106
116.128 40.2106
116.127 40.2105
116.127 40.2105
116.126 40.2105
116.126 40.2105
116.125 40.2104
116.125 40.2104
116.124 40.2104
116.123 40.2103
116.123 40.2103
116.122 40.2103
116.122 40.2103
116.121 40.2102
116.121 40.2102
116.12 40.2102
116.12 40.2101
116.119 40.2101
116.119 40.2101
116.119 40.2101
116.119 40.21
116.119 40.2099
116.119 40.2099
116.119 40.2099
116.119 40.2099
116.119 40.2099
116.119 40.2099
116.119 40.2099
116.119 40.2099
116.119 40.2099
116.119 40.2099
116.119 40.2099
116.119 40.2099
116.119 40.2099
116.119 40.2099
116.119 40.2099
116.119 40.2099
116.119 40.2099
116.119 40.2099
116.119 40.2099
116.119 40.2099
116.119 40.2099
116.119 40.2099
116.119 40.2099
116.119 40.2099
116.119 40.2099
116.119 40.2099
116.119 40.2099
116.119 40.2099
116.119 40.2099
116.119 40.2099
116.119 40.2099
116.119 40.2099
116.119 40.2099
116.119 40.2099
116.119 40.2099
116.119 40.2099
116.119 40.2099
116.119 40.2099
116.119 40.2099
116.119 40.2099
116.119 40.2099
116.119 40.2099
116.119 40.2099
116.119 40.2099
116.119 40.2099
116.119 40.2099
116.119 40.2099
116.119 40.2099
116.118 40.2099
116.118 40.2098
116.118 40.2096
116.117 40.2093
116.116 40.2092
116.116 40.209
116.115 40.2088
116.115 40.2086
116.114 40.2084
116.114 40.2082
116.114 40.2081
116.113 40.2079
116.113 40.2079
116.113 40.2078
116.113 40.2077
116.113 40.2077
116.113 40.2077
116.113 40.2074
116.113 40.207
116.113 40.2065
116.113 40.206
116.113 40.2054
116.113 40.2048
116.113 40.2043
116.113 40.2036
116.113 40.203
116.113 40.2024
116.113 40.2018
116.113 40.2011
116.113 40.2005
116.113 40.1998
116.113 40.1991
116.113 40.1984
116.113 40.1977
116.113 40.1971
116.113 40.1968
116.113 40.1966
116.113 40.1963
116.113 40.1959
116.113 40.1954
116.113 40.1948
116.113 40.1942
116.113 40.1937
116.113 40.1932
116.113 40.1926
116.113 40.1921
116.113 40.1915
116.113 40.1909
116.113 40.1902
116.113 40.1897
116.114 40.189
116.114 40.1884
116.114 40.1878
116.114 40.1872
116.114 40.1867
116.114 40.1861
116.115 40.1856
116.115 40.185
116.115 40.1845
116.115 40.1839
116.116 40.1834
116.116 40.183
116.116 40.1826
116.116 40.1821
116.117 40.1816
116.117 40.1811
116.117 40.1807
116.117 40.1804
116.117 40.1802
116.117 40.1802
116.117 40.1802
116.117 40.1802
116.117 40.1802
116.117 40.18
116.118 40.1797
116.118 40.1794
116.118 40.179
116.118 40.1786
116.118 40.1781
116.118 40.1777
116.119 40.1771
116.119 40.1766
116.119 40.1761
116.12 40.1755
116.12 40.175
116.12 40.1744
116.12 40.1738
116.121 40.1732
116.121 40.1727
116.121 40.1723
116.121 40.1721
116.121 40.1721
116.121 40.172
116.121 40.1718
116.121 40.1715
116.122 40.1712
116.122 40.1712
116.123 40.1713
116.124 40.1714
116.125 40.1715
116.126 40.1715
116.126 40.1716
116.127 40.1717
116.128 40.1716
116.129 40.1715
116.13 40.1713
116.131 40.1711
116.132 40.1709
116.132 40.1707
116.133 40.1705
116.134 40.1705
116.135 40.1705
116.136 40.1705
116.137 40.1705
116.138 40.1705
116.139 40.1705
116.14 40.1705
116.142 40.1705
116.143 40.1705
116.144 40.1705
116.145 40.1705
116.146 40.1706
116.147 40.1706
116.148 40.1706
116.15 40.1706
116.151 40.1706
116.152 40.1706
116.153 40.1706
116.154 40.1706
116.154 40.1706
116.155 40.1706
116.156 40.1706
116.157 40.1706
116.158 40.1706
116.158 40.1706
116.159 40.1706
116.16 40.1705
116.16 40.1703
116.161 40.17
116.161 40.1697
116.162 40.1693
116.162 40.169
116.163 40.1687
116.164 40.1683
116.164 40.1679
116.165 40.1675
116.165 40.1672
116.166 40.1668
116.166 40.1665
116.167 40.1661
116.167 40.1658
116.168 40.1657
116.169 40.1657
116.17 40.1658
116.171 40.1659
116.171 40.1659
116.172 40.1659
116.173 40.166
116.174 40.1661
116.175 40.1661
116.176 40.1662
116.177 40.1663
116.178 40.1663
116.179 40.1664
116.18 40.1665
116.181 40.1665
116.182 40.1666
116.182 40.1666
116.183 40.1667
116.184 40.1668
116.185 40.1668
116.186 40.1669
116.187 40.1669
116.188 40.167
116.189 40.1671
116.19 40.1671
116.191 40.1672
116.192 40.1673
116.193 40.1673
116.193 40.1673
116.194 40.1674
116.194 40.1674
116.194 40.1674
116.195 40.1674
116.195 40.1676
116.195 40.1677
116.195 40.1677
116.196 40.1676
116.196 40.1676
116.196 40.1675
116.197 40.1676
116.197 40.1676
116.198 40.1677
116.199 40.1677
116.199 40.1677
116.2 40.1678
116.201 40.1678
116.202 40.1679
116.202 40.1681
116.203 40.1685
116.204 40.1689
116.204 40.1692
116.205 40.1695
116.205 40.1697
116.206 40.1699
116.206 40.17
116.206 40.17
116.207 40.1699
116.207 40.1699
116.207 40.1698
116.207 40.1696
116.208 40.1692
116.208 40.1688
116.209 40.1685
116.209 40.1684
116.209 40.1683
116.209 40.1683
116.21 40.1683
116.21 40.1683
116.21 40.1683
116.21 40.1683
116.21 40.1683
116.211 40.1684
116.212 40.1685
116.213 40.1686
116.214 40.1687
116.216 40.1688
116.217 40.1689
116.218 40.169
116.219 40.1689
116.22 40.1684
116.221 40.1678
116.221 40.1673
116.222 40.1671
116.223 40.1671
116.224 40.1674
116.225 40.168
116.226 40.1685
116.227 40.1688
116.228 40.1689
116.229 40.169
116.23 40.1691
116.231 40.1692
116.232 40.1692
116.233 40.169
116.234 40.1687
116.235 40.1684
116.235 40.168
116.236 40.1675
116.237 40.167
116.237 40.1663
116.238 40.1656
116.238 40.1648
116.238 40.164
116.239 40.1633
116.239 40.1626
116.24 40.1618
116.24 40.1611
116.241 40.1604
116.241 40.1597
116.242 40.159
116.242 40.1582
116.243 40.1575
116.243 40.1568
116.244 40.156
116.244 40.1553
116.245 40.1546
116.245 40.154
116.245 40.1534
116.246 40.1528
116.246 40.1522
116.247 40.1517
116.247 40.1509
116.248 40.1502
116.248 40.1494
116.249 40.1486
116.249 40.148
116.25 40.1474
116.25 40.1467
116.251 40.1461
116.251 40.1454
116.252 40.1448
116.252 40.1441
116.253 40.1434
116.253 40.1427
116.254 40.142
116.254 40.1414
116.255 40.141
116.255 40.1407
116.255 40.1407
116.255 40.1407
116.255 40.1407
116.255 40.1407
116.255 40.1407
116.255 40.1407
116.255 40.1407
116.255 40.1407
116.255 40.1406
116.255 40.1404
116.255 40.1401
116.256 40.1397
116.256 40.1393
116.257 40.1388
116.257 40.1383
116.257 40.1378
116.258 40.1372
116.258 40.1366
116.259 40.136
116.26 40.1353
116.26 40.1348
116.261 40.1341
116.261 40.1333
116.262 40.1324
116.262 40.1316
116.262 40.1309
116.262 40.1303
116.262 40.1299
116.262 40.1295
116.262 40.1291
116.262 40.1287
116.262 40.1284
116.262 40.1281
116.262 40.1278
116.262 40.1275
116.262 40.1273
116.262 40.1271
116.262 40.127
116.262 40.127
116.262 40.127
116.262 40.127
116.262 40.127
116.262 40.127
116.262 40.127
116.262 40.1268
116.262 40.1266
116.262 40.1265
116.262 40.1262
116.262 40.1259
116.262 40.1256
116.262 40.1254
116.262 40.1252
116.262 40.125
116.262 40.1249
116.262 40.1249
116.262 40.1247
116.262 40.1245
116.262 40.1245
116.262 40.1245
116.262 40.1244
116.262 40.1243
116.262 40.1242
116.262 40.1242
116.262 40.1241
116.262 40.1242
116.261 40.1241
116.261 40.124
116.261 40.1239
116.262 40.124
116.261 40.1239
116.261 40.1236
116.261 40.1233
116.261 40.1231
116.262 40.1229
116.262 40.1226
116.262 40.1223
116.262 40.1221
116.262 40.122
116.262 40.122
116.262 40.1219
116.262 40.1219
116.262 40.1219
116.262 40.122
116.262 40.122
116.262 40.1221
116.262 40.1222
116.262 40.122
116.262 40.122
116.262 40.1219
116.262 40.1217
116.263 40.1215
116.263 40.1213
116.263 40.1212
116.263 40.121
116.263 40.1209
116.264 40.1208
116.264 40.1208
116.264 40.1206
116.264 40.1204
116.264 40.12
116.264 40.1198
116.265 40.1196
116.265 40.1193
116.265 40.1189
116.265 40.1184
116.266 40.1178
116.267 40.1173
116.267 40.1168
116.268 40.1164
116.268 40.1158
116.269 40.1152
116.27 40.1146
116.271 40.1139
116.272 40.1132
116.273 40.1124
116.274 40.1117
116.275 40.111
116.276 40.1104
116.276 40.1097
116.277 40.109
116.278 40.1083
116.279 40.1076
116.28 40.1069
116.281 40.1061
116.282 40.1054
116.283 40.1047
116.284 40.104
116.285 40.1032
116.285 40.1023
116.286 40.1015
116.286 40.1006
116.287 40.0998
116.287 40.099
116.288 40.0983
116.288 40.0976
116.289 40.0969
116.289 40.0962
116.29 40.0955
116.29 40.095
116.291 40.0947
116.291 40.0944
116.291 40.0941
116.291 40.0936
116.292 40.0932
116.292 40.0927
116.293 40.0921
116.293 40.0916
116.293 40.0911
116.294 40.0906
116.294 40.09
116.295 40.0894
116.295 40.0889
116.296 40.0883
116.296 40.0876
116.297 40.0869
116.297 40.0862
116.298 40.0854
116.298 40.0846
116.299 40.0838
116.3 40.083
116.3 40.0822
116.301 40.0815
116.301 40.0808
116.302 40.0801
116.303 40.0793
116.303 40.0786
116.304 40.0778
116.304 40.0771
116.305 40.0764
116.305 40.0757
116.306 40.0751
116.306 40.0747
116.307 40.0744
116.307 40.0743
116.307 40.0741
116.307 40.0737
116.308 40.0732
116.308 40.0727
116.308 40.0723
116.309 40.0718
116.309 40.0712
116.309 40.0707
116.31 40.0702
116.31 40.0696
116.31 40.069
116.311 40.0685
116.312 40.0679
116.312 40.0673
116.312 40.0669
116.313 40.0664
116.313 40.0659
116.314 40.0655
116.314 40.0651
116.314 40.0648
116.314 40.0645
116.314 40.0643
116.315 40.064
116.315 40.0637
116.315 40.0635
116.315 40.0633
116.315 40.0631
116.316 40.0628
116.316 40.0625
116.316 40.0621
116.316 40.0616
116.317 40.0611
116.317 40.0607
116.317 40.0602
116.318 40.0597
116.318 40.0591
116.319 40.0587
116.319 40.0583
116.319 40.0581
116.319 40.0578
116.319 40.0573
116.32 40.0568
116.32 40.0563
116.321 40.056
116.321 40.0557
116.321 40.0555
116.321 40.0554
116.321 40.0554
116.321 40.0554
116.321 40.0554
116.321 40.0554
116.321 40.0554
116.321 40.0554
116.321 40.0554
116.321 40.0554
116.321 40.0554
116.321 40.0554
116.321 40.0554
116.321 40.0554
116.321 40.0553
116.321 40.0551
116.322 40.0549
116.322 40.0547
116.322 40.0544
116.322 40.0542
116.322 40.054
116.322 40.0538
116.322 40.0535
116.322 40.0531
116.321 40.0527
116.321 40.0522
116.32 40.0518
116.32 40.0515
116.32 40.0512
116.319 40.051
116.319 40.0507
116.319 40.0505
116.318 40.0502
116.318 40.0499
116.318 40.0495
116.319 40.049
116.319 40.0486
116.319 40.0483
116.32 40.0482
116.32 40.0482
116.32 40.0482
116.32 40.0482
116.32 40.0481
116.32 40.0479
116.32 40.0475
116.321 40.047
116.321 40.0465
116.322 40.0459
116.322 40.0454
116.323 40.0448
116.323 40.0442
116.324 40.0436
116.324 40.0431
116.324 40.0425
116.325 40.0418
116.326 40.0411
116.326 40.0404
116.327 40.0399
116.327 40.0395
116.327 40.0393
116.327 40.0392
116.326 40.039
116.326 40.039
116.325 40.039
116.325 40.039
116.325 40.0389
116.325 40.0389
116.325 40.0389
116.325 40.0389
116.325 40.0389
116.325 40.0389
116.325 40.0389
116.325 40.0389
116.325 40.0389
116.325 40.0389
116.325 40.0389
116.325 40.0389
116.325 40.0391
116.325 40.039
116.325 40.0391
116.325 40.039
116.325 40.039
116.325 40.039
116.326 40.039
116.327 40.0392
116.327 40.0394
116.327 40.0397
116.328 40.0398
116.329 40.0401
116.331 40.0404
116.326 40.0393
116.326 40.0392
116.326 40.0392
116.326 40.0392
116.326 40.0393
116.326 40.0395
116.326 40.0397
116.326 40.0398
116.326 40.0399
116.325 40.0392
116.325 40.0391
116.325 40.0391
116.325 40.0391
116.325 40.0391
116.325 40.039
116.325 40.0391
116.324 40.0391
116.324 40.0391
116.324 40.0391
116.324 40.0391
116.324 40.039
116.324 40.0389
116.324 40.0388
116.324 40.0387
116.324 40.0386
116.324 40.0386
116.324 40.0387
116.324 40.0388
116.324 40.0389
116.324 40.0389
116.324 40.0389
116.323 40.0389
116.323 40.039
116.323 40.039
116.323 40.039
116.323 40.039
116.323 40.039
116.323 40.039
116.323 40.039
116.323 40.039
116.323 40.039
116.323 40.039
116.323 40.039
116.323 40.0391
116.323 40.0392
116.323 40.0391
116.323 40.039
116.323 40.039
116.323 40.039
116.323 40.0391
116.323 40.0391
116.322 40.0391
116.322 40.039
116.322 40.0391
116.322 40.039
116.322 40.039
116.322 40.039
116.322 40.0391
116.322 40.0392
116.322 40.0394
116.322 40.0394
116.322 40.0395
116.322 40.0395
116.322 40.0395
116.322 40.0395
116.322 40.0395
116.322 40.0396
116.322 40.0397
116.322 40.0397
116.322 40.0397
116.322 40.0397
116.322 40.0398
116.322 40.0398
116.322 40.0399
116.322 40.0399
116.322 40.0398
116.322 40.0398
116.322 40.0393
116.322 40.0393
116.322 40.0393
116.322 40.0393
116.321 40.0391
116.322 40.0393
116.322 40.0392
116.321 40.039
116.321 40.0389
116.321 40.039
116.322 40.0393
116.322 40.0393
116.322 40.0393
116.323 40.0393
116.323 40.0393
116.323 40.0393
116.323 40.0393
116.323 40.0393
116.322 40.0392
116.322 40.0392
116.322 40.0392
116.322 40.0392
116.322 40.0392
116.322 40.0392
116.322 40.0392
116.322 40.0392
116.322 40.0392
116.322 40.0392
116.322 40.0392
116.322 40.0392
116.322 40.0392
116.322 40.0392
116.322 40.0392
116.322 40.0392
116.322 40.0392
116.322 40.0392
116.322 40.0392
116.321 40.0392
116.321 40.0392
116.32 40.0392
116.319 40.0392
116.319 40.0392
116.318 40.0392
116.318 40.0392
116.317 40.0392
116.317 40.0392
116.317 40.0391
116.317 40.039
116.317 40.0388
116.317 40.0386
116.317 40.0384
116.317 40.0383
116.317 40.0382
116.317 40.0382
116.317 40.0382
116.317 40.0381
116.317 40.0378
116.317 40.0374
116.317 40.0371
116.317 40.0367
116.318 40.0362
116.318 40.0358
116.318 40.0355
116.318 40.0352
116.318 40.035
116.317 40.0349
116.317 40.0349
116.317 40.0351
116.316 40.0354
116.315 40.0357
116.314 40.0361
116.313 40.0362
116.312 40.0364
116.311 40.0365
116.31 40.0365
116.31 40.0364
116.31 40.0364
116.31 40.0364
116.31 40.0364
116.31 40.0364
116.31 40.0364
116.309 40.0363
116.309 40.0363
116.309 40.0363
116.309 40.0363
116.309 40.0363
116.309 40.0363
116.309 40.0363
116.309 40.0365
116.309 40.0365
116.309 40.0364
116.309 40.0364
116.309 40.0364
116.309 40.0364
116.309 40.0362
116.309 40.0362
116.309 40.0362
116.309 40.0362
116.309 40.0362
116.309 40.0361
116.309 40.0361
116.309 40.0361
116.309 40.0361
116.309 40.0361
116.309 40.0359
116.309 40.0356
116.309 40.0352
116.309 40.035
116.31 40.0346
116.31 40.0342
116.311 40.0338
116.311 40.0335
116.312 40.0331
116.312 40.0327
116.312 40.0325
116.312 40.0323
116.313 40.0322
116.313 40.0322
116.313 40.0321
116.313 40.0321
116.313 40.0321
116.313 40.032
116.313 40.032
116.313 40.032
116.313 40.032
116.313 40.032
116.313 40.032
116.313 40.032
116.313 40.032
116.313 40.0319
116.313 40.0319
116.313 40.0318
116.313 40.0317
116.313 40.0315
116.313 40.0314
116.313 40.0314
116.314 40.0312
116.314 40.0309
116.314 40.0307
116.314 40.0306
116.314 40.0309
116.314 40.0309
116.314 40.031
116.314 40.031
116.314 40.0311
116.314 40.0311
116.314 40.0312
116.314 40.0312
116.314 40.0312
116.314 40.0313
116.314 40.0314
116.314 40.0314
116.314 40.0314
116.314 40.0314
116.314 40.0314
116.314 40.0315
116.314 40.0315
116.314 40.0316
116.314 40.0316
116.314 40.0316
116.314 40.0316
116.314 40.0315
116.314 40.0316
116.314 40.0318
116.314 40.0319
116.314 40.0319
116.314 40.0317
116.314 40.0317
116.315 40.0315
116.315 40.0315
116.315 40.0314
116.314 40.0314
116.314 40.0314
116.314 40.0314
116.314 40.0314
116.314 40.0314
116.314 40.0314
116.314 40.0313
116.314 40.0314
116.314 40.0314
116.314 40.0314
116.314 40.0314
116.314 40.0314
116.314 40.0314
116.314 40.0314
116.314 40.0315
116.314 40.0315
116.314 40.0315
116.314 40.0314
116.314 40.0314
116.314 40.0314
116.314 40.0314
116.314 40.0314
116.314 40.0313
116.314 40.0313
116.314 40.0314
116.314 40.0314
116.314 40.0315
116.314 40.0314
116.314 40.0314
116.314 40.0315
116.314 40.0315
116.314 40.0315
116.314 40.0315
116.314 40.0315
116.314 40.0315
116.314 40.0315
116.314 40.0315
116.314 40.0315
116.314 40.0315
116.314 40.0315
116.314 40.0315
116.314 40.0315
116.314 40.0316
116.314 40.0316
116.314 40.0317
116.314 40.0317
116.314 40.0317
116.314 40.0315
116.314 40.0314
116.314 40.0312
116.315 40.031
116.315 40.0308
116.315 40.0306
116.315 40.0304
116.316 40.0301
116.316 40.0299
116.316 40.0296
116.317 40.0294
116.317 40.0291
116.317 40.0289
116.318 40.0287
116.318 40.0284
116.318 40.0282
116.319 40.0278
116.319 40.0276
116.32 40.0274
116.32 40.0274
116.331 40.0062
116.331 40.0053
116.331 40.0045
116.331 40.0038
116.331 40.0029
116.331 40.0021
116.331 40.0013
116.331 40.0005
116.331 39.9998
116.331 39.999
116.331 39.9983
116.331 39.9976
116.331 39.9968
116.331 39.9961
116.331 39.9954
116.331 39.9946
116.331 39.9939
116.332 39.9932
116.332 39.9926
116.332 39.9921
116.332 39.9918
116.332 39.9915
116.332 39.9914
116.332 39.9914
116.332 39.9914
116.332 39.9914
116.332 39.9914
116.332 39.9914
116.332 39.9913
116.331 39.9913
116.331 39.9913
116.331 39.9913
116.331 39.9914
116.331 39.9915
116.331 39.9915
116.331 39.9915
116.331 39.9915
116.331 39.9915
116.331 39.9915
116.331 39.9915
116.331 39.9915
116.331 39.9915
116.331 39.9915
116.331 39.9915
116.331 39.9915
116.331 39.9915
116.331 39.9915
116.331 39.9915
116.331 39.9915
116.331 39.9915
116.331 39.9915
116.331 39.9915
116.331 39.9915
116.331 39.9914
116.331 39.9914
116.331 39.9913
116.331 39.9913
116.332 39.9914
116.332 39.9914
116.332 39.9913
116.332 39.9914
116.332 39.9914
116.332 39.9914
116.332 39.9913
116.332 39.991
116.332 39.991
116.332 39.9913
116.332 39.9913
116.332 39.9913
116.332 39.9913
116.332 39.9913
116.332 39.9913
116.332 39.9913
116.332 39.9914
116.332 39.9914
116.332 39.9914
116.331 39.9914
116.331 39.9913
116.331 39.9914
116.331 39.9914
116.331 39.9914
116.331 39.9914
116.331 39.9913
116.331 39.9913
116.331 39.9914
116.331 39.9913
116.331 39.9913
116.331 39.9914
116.331 39.9913
116.331 39.9914
116.331 39.9914
116.331 39.9914
116.331 39.9913
116.331 39.9913
116.331 39.9913
116.331 39.9913
116.331 39.9914
116.331 39.9914
116.331 39.9914
116.332 39.9914
116.332 39.9914
116.332 39.9914
116.332 39.9914
116.332 39.9914
116.332 39.9914
116.332 39.9914
116.332 39.9914
116.332 39.9914
116.332 39.9913
116.332 39.9913
116.332 39.9913
116.332 39.9913
116.332 39.9914
116.333 39.9913
116.333 39.9913
116.333 39.9912
116.333 39.9911
116.333 39.9911
116.333 39.9911
116.333 39.9911
116.333 39.9912
116.333 39.9912
116.333 39.9912
116.333 39.9911
116.333 39.9912
116.333 39.9911
116.333 39.9911
116.333 39.9911
116.333 39.9911
116.333 39.991
116.333 39.991
116.333 39.991
116.333 39.991
116.332 39.9913
116.332 39.9913
116.332 39.9913
116.332 39.9913
116.332 39.9914
116.332 39.9914
116.332 39.9914
116.332 39.9915
116.332 39.9915
116.332 39.9915
116.331 39.9913
116.331 39.9913
116.331 39.9913
116.331 39.9912
116.331 39.9913
116.331 39.9913
116.331 39.9913
116.331 39.9913
116.331 39.9913
116.331 39.9913
116.331 39.9913
116.331 39.9913
116.331 39.9913
116.331 39.9913
116.332 39.9913
116.332 39.9912
116.332 39.9913
116.332 39.9913
116.332 39.9913
116.332 39.9913
116.332 39.9913
116.332 39.9913
116.332 39.9913
116.332 39.9913
116.332 39.9913
116.332 39.9913
116.332 39.9913
116.332 39.9913
116.332 39.9914
116.332 39.9914
116.332 39.9913
116.332 39.9913
116.332 39.9913
116.332 39.9914
116.332 39.9913
116.332 39.9913
116.332 39.9912
116.332 39.9912
116.332 39.9911
116.332 39.9911
116.332 39.9912
116.332 39.9911
116.332 39.9911
116.332 39.9911
116.332 39.9911
116.332 39.9911
116.332 39.9911
116.332 39.991
116.332 39.991
116.332 39.991
116.332 39.9911
116.332 39.9911
116.332 39.9911
116.332 39.9911
116.332 39.9911
116.332 39.9911
116.332 39.9912
116.332 39.9912
116.332 39.9912
116.332 39.9912
116.332 39.9912
116.332 39.9912
116.332 39.9911
116.332 39.9911
116.332 39.9912
116.332 39.9912
116.332 39.9912
116.332 39.9912
116.332 39.9912
116.332 39.9912
116.332 39.9912
116.332 39.9912
116.332 39.9912
116.332 39.9912
116.332 39.9912
116.332 39.9912
116.332 39.9912
116.332 39.9912
116.332 39.9912
116.332 39.9912
116.332 39.9912
116.332 39.9912
116.332 39.9913
116.332 39.9914
116.332 39.9916
116.332 39.9933
116.331 39.9947
116.331 39.9957
116.33 39.9968
116.33 39.9978
116.33 39.9987
116.33 39.9997
116.33 40.0005
116.331 40.001
116.331 40.0017
116.331 40.0025
116.331 40.0034
116.331 40.0043
116.331 40.0052
116.331 40.006
116.33 40.0067
116.33 40.0075
116.329 40.0082
116.328 40.0089
116.328 40.0096
116.327 40.0101
116.326 40.0107
116.325 40.0114
116.325 40.012
116.325 40.0127
116.324 40.0134
116.323 40.0141
116.323 40.0147
116.322 40.0154
116.321 40.016
116.32 40.0166
116.32 40.0172
116.319 40.018
116.318 40.0188
116.318 40.0197
116.317 40.0206
116.316 40.0214
116.316 40.0222
116.316 40.023
116.316 40.0238
116.315 40.0246
116.315 40.0254
116.315 40.0262
116.314 40.0271
116.313 40.028
116.313 40.0287
116.313 40.0293
116.313 40.0298
116.314 40.0303
116.314 40.0307
116.314 40.0309
116.314 40.031
116.314 40.0311
116.314 40.0311
116.314 40.0311
116.314 40.0311
116.315 40.0311
116.315 40.0311
116.314 40.0312
116.314 40.0313
116.314 40.0313
116.314 40.0313
116.314 40.0313
116.314 40.0313
116.314 40.0313
116.314 40.0313
116.314 40.0313
116.314 40.0313
116.314 40.0313
116.314 40.0313
116.314 40.0312
116.314 40.0311
116.314 40.031
116.314 40.0313
116.315 40.0312
116.314 40.0312
116.314 40.0312
116.314 40.0311
116.314 40.0309
116.314 40.031
116.314 40.0312
116.315 40.0313
116.315 40.0314
116.315 40.0314
116.315 40.0314
116.315 40.0313
116.315 40.0313
116.315 40.0312
116.316 40.0312
116.316 40.0311
116.315 40.0321
116.314 40.0318
116.314 40.0318
116.314 40.0318
116.314 40.0318
116.314 40.0317
116.314 40.0317
116.314 40.0317
116.314 40.0316
116.314 40.0316
116.314 40.0316
116.314 40.0316
116.314 40.0316
116.314 40.0316
116.314 40.0316
116.314 40.0316
116.314 40.0316
116.314 40.0316
116.314 40.0316
116.314 40.0314
116.314 40.0313
116.314 40.0312
116.314 40.0312
116.314 40.0314
116.314 40.0314
116.314 40.0314
116.314 40.0314
116.314 40.0315
116.314 40.0314
116.314 40.0314
116.314 40.0315
116.314 40.0315
116.314 40.0314
116.314 40.0314
116.314 40.0314
116.314 40.0314
116.314 40.0315
116.314 40.0315
116.314 40.0315
116.314 40.0315
116.314 40.0315
116.314 40.0314
116.314 40.0314
116.314 40.0313
116.314 40.0312
116.314 40.0312
116.314 40.0312
116.314 40.0312
116.314 40.0313
116.314 40.0313
116.314 40.0313
116.314 40.0312
116.314 40.0312
116.314 40.0312
116.314 40.0312
116.314 40.0312
116.314 40.0312
116.314 40.0313
116.314 40.0313
116.314 40.0314
116.314 40.0315
116.314 40.0317
116.314 40.0319
116.314 40.0319
116.314 40.0318
116.314 40.0318
116.314 40.0319
116.314 40.0318
116.314 40.0316
116.314 40.0316
116.314 40.0316
116.314 40.0316
116.314 40.0316
116.314 40.0315
116.314 40.0315
116.314 40.0315
116.314 40.0316
116.314 40.0317
116.314 40.0317
116.314 40.0317
116.314 40.0318
116.314 40.0318
116.314 40.0319
116.314 40.0318
116.314 40.0318
116.314 40.0318
116.314 40.0318
116.314 40.0318
116.314 40.0318
116.314 40.0318
116.314 40.0318
116.314 40.0318
116.314 40.0317
116.314 40.0316
116.314 40.0315
116.314 40.0316
116.313 40.0314
116.313 40.0314
116.314 40.0315
116.314 40.0315
116.314 40.0313
116.314 40.0312
116.314 40.031
116.314 40.0309
116.314 40.0308
116.314 40.0308
116.314 40.031
116.314 40.0311
116.314 40.0311
116.314 40.0311
116.314 40.031
116.314 40.031
116.314 40.031
116.314 40.031
116.314 40.031
116.314 40.0309
116.314 40.0309
116.314 40.0308
116.314 40.0308
116.314 40.0308
116.314 40.0307
116.314 40.0307
116.314 40.0306
116.314 40.0306
116.314 40.0306
116.314 40.0305
116.314 40.0306
116.314 40.0307
116.314 40.0307
116.314 40.0307
116.314 40.0307
116.314 40.0307
116.314 40.0307
116.314 40.0309
116.314 40.0311
116.314 40.0313
116.314 40.0314
116.314 40.0314
116.314 40.0315
116.313 40.0317
116.313 40.0319
116.313 40.0321
116.313 40.0323
116.312 40.0325
116.312 40.0329
116.311 40.0333
116.311 40.0336
116.311 40.0339
116.31 40.0343
116.31 40.0346
116.31 40.0349
116.309 40.0351
116.309 40.0353
116.309 40.0354
116.309 40.0356
116.309 40.0357
116.309 40.0357
116.309 40.0358
116.309 40.0359
116.309 40.036
116.31 40.0362
116.311 40.0362
116.311 40.0361
116.312 40.036
116.313 40.0359
116.314 40.0357
116.315 40.0354
116.315 40.0352
116.316 40.035
116.316 40.0349
116.317 40.0347
116.317 40.0346
116.317 40.0347
116.317 40.0348
116.317 40.0351
116.317 40.0353
116.317 40.0356
116.317 40.0359
116.317 40.0363
116.317 40.0365
116.317 40.0369
116.317 40.0373
116.317 40.0376
116.317 40.0379
116.317 40.0381
116.317 40.0382
116.317 40.0384
116.317 40.0387
116.317 40.0389
116.317 40.039
116.317 40.0391
116.318 40.0391
116.318 40.0392
116.318 40.0392
116.319 40.0392
116.32 40.0391
116.32 40.0391
116.321 40.0392
116.322 40.0392
116.322 40.0391
116.322 40.0391
116.322 40.0391
116.322 40.0391
116.322 40.0391
116.322 40.0391
116.322 40.0391
116.322 40.0391
116.322 40.0391
116.322 40.0391
116.322 40.0391
116.322 40.0391
116.323 40.0391
116.323 40.0391
116.323 40.0391
116.324 40.0391
116.324 40.0391
116.324 40.0391
116.325 40.0391
116.325 40.0392
116.325 40.0391
116.325 40.0391
116.326 40.0392
116.326 40.0391
116.326 40.0391
116.326 40.0391
116.326 40.0391
116.326 40.0391
116.326 40.0391
116.326 40.0391
116.326 40.0391
116.326 40.0391
116.326 40.0391
116.326 40.0391
116.326 40.0391
116.326 40.0391
116.326 40.0391
116.326 40.0392
116.326 40.0392
116.326 40.0392
116.326 40.0392
116.326 40.0392
116.326 40.0392
116.326 40.0392
116.326 40.0393
116.326 40.0392
116.326 40.0392
116.326 40.0392
116.326 40.0392
116.326 40.0392
116.326 40.0391
116.326 40.0389
116.325 40.0384
116.325 40.0381
116.324 40.0376
116.324 40.0371
116.324 40.0367
116.324 40.0364
116.323 40.036
116.323 40.0353
116.322 40.0348
116.322 40.0342
116.321 40.0337
116.322 40.0338
116.321 40.0334
116.322 40.0338
116.323 40.0351
116.323 40.0352
116.323 40.0352
116.326 40.0388
116.326 40.039
116.326 40.0391
116.326 40.0391
116.326 40.0391
116.326 40.0391
116.326 40.0391
116.326 40.0392
116.326 40.0392
116.326 40.0392
116.326 40.0392
116.326 40.0391
116.326 40.0391
116.326 40.0391
116.326 40.0391
116.326 40.0391
116.326 40.0391
116.326 40.0391
116.326 40.0392
116.326 40.0392
116.326 40.0393
116.326 40.0394
116.325 40.0394
116.325 40.0394
116.325 40.0395
116.325 40.0395
116.325 40.0396
116.325 40.0395
116.325 40.0395
116.325 40.0394
116.325 40.0394
116.325 40.0394
116.325 40.0394
116.325 40.0393
116.325 40.0393
116.325 40.0393
116.325 40.0392
116.325 40.0392
116.326 40.0392
116.326 40.0392
116.326 40.0392
116.326 40.0392
116.326 40.0392
116.326 40.0392
116.326 40.0392
116.326 40.0392
116.326 40.0392
116.326 40.0392
116.325 40.0393
116.325 40.0393
116.325 40.0393
116.325 40.0393
116.325 40.0393
116.325 40.0393
116.325 40.0392
116.325 40.0392
116.325 40.0392
116.326 40.0392
116.326 40.0391
116.326 40.0391
116.326 40.0391
116.326 40.039
116.326 40.0391
116.326 40.0391
116.326 40.0392
116.326 40.0392
116.326 40.0392
116.326 40.0392
116.326 40.0393
116.325 40.0393
116.325 40.0394
116.325 40.0394
116.325 40.0396
116.324 40.0396
116.324 40.0397
116.324 40.0396
116.324 40.0396
116.324 40.0395
116.324 40.0393
116.326 40.0392
116.326 40.0392
116.326 40.0391
116.327 40.0389
116.328 40.0384
116.329 40.0378
116.331 40.0372
116.332 40.0369
116.326 40.0392
116.326 40.0392
116.326 40.0393
116.326 40.0393
116.326 40.0392
116.326 40.0392
116.326 40.0392
116.326 40.0393
116.326 40.0393
116.326 40.0393
116.326 40.0392
116.326 40.0392
116.326 40.0392
116.326 40.0392
116.325 40.0392
116.325 40.0392
116.326 40.0392
116.326 40.0393
116.326 40.0393
116.326 40.0393
116.326 40.0392
116.326 40.0392
116.326 40.0393
116.326 40.0393
116.326 40.0393
116.326 40.0392
116.326 40.0392
116.326 40.0392
116.326 40.0392
116.326 40.0392
116.326 40.0392
116.326 40.0392
116.326 40.0392
116.326 40.0392
116.326 40.0392
116.326 40.0392
116.326 40.0392
116.326 40.0393
116.326 40.0392
116.326 40.0392
116.326 40.0392
116.326 40.0392
116.326 40.0392
116.326 40.0393
116.326 40.0392
116.326 40.0392
116.326 40.0392
116.326 40.0392
116.326 40.0392
116.326 40.0392
116.326 40.0392
116.326 40.0392
116.326 40.0392
116.326 40.0391
116.326 40.0391
116.326 40.039
116.326 40.039
116.326 40.039
116.326 40.039
116.326 40.039
116.326 40.039
116.326 40.039
116.326 40.039
116.326 40.039
116.326 40.039
116.326 40.039
116.326 40.039
116.326 40.039
116.326 40.039
116.326 40.039
116.326 40.039
116.326 40.039
116.326 40.039
116.326 40.0391
116.326 40.0391
116.326 40.0391
116.326 40.0391
116.326 40.0391
116.326 40.0391
116.326 40.0391
116.326 40.0391
116.326 40.0391
116.326 40.0391
116.326 40.0391
116.326 40.0391
116.326 40.0391
116.326 40.0392
116.326 40.0392
116.326 40.0392
116.326 40.0392
116.326 40.0392
116.326 40.0392
116.326 40.0391
116.326 40.0391
116.326 40.0391
116.326 40.0391
116.326 40.0391
116.326 40.0391
116.326 40.0391
116.326 40.0391
116.326 40.0391
116.326 40.0391
116.326 40.0391
116.326 40.0391
116.326 40.0392
116.326 40.0391
116.326 40.0391
116.326 40.0391
116.326 40.0392
116.326 40.0392
116.326 40.0391
116.326 40.0391
116.326 40.0391
116.326 40.0392
116.326 40.0391
116.326 40.0391
116.326 40.0391
116.326 40.0391
116.326 40.0391
116.326 40.0391
116.326 40.0392
116.326 40.0392
116.326 40.0391
116.326 40.0391
116.326 40.0392
116.326 40.0392
116.326 40.0392
116.326 40.0392
116.326 40.0391
116.326 40.0392
116.326 40.0392
116.326 40.0392
116.325 40.0392
116.326 40.0392
116.326 40.0392
116.326 40.0392
116.326 40.0391
116.326 40.0391
116.326 40.0391
116.326 40.0392
116.326 40.0391
116.326 40.0391
116.326 40.039
116.326 40.0389
116.326 40.0389
116.326 40.0389
116.326 40.0389
116.326 40.0389
116.326 40.039
116.326 40.039
116.326 40.039
116.326 40.0391
116.326 40.039
116.326 40.0391
116.326 40.0391
116.326 40.0392
116.326 40.0392
116.326 40.0392
116.326 40.0392
116.326 40.0392
116.326 40.0392
116.326 40.0392
116.326 40.0392
116.326 40.0392
116.326 40.0392
116.326 40.0392
116.326 40.0392
116.326 40.0392
116.326 40.0392
116.326 40.0392
116.326 40.0393
116.326 40.0392
116.326 40.0392
116.326 40.0392
116.326 40.0392
116.326 40.0391
116.326 40.0391
116.326 40.0391
116.326 40.0391
116.326 40.0391
116.326 40.0391
116.326 40.039
116.326 40.039
116.326 40.039
116.326 40.039
116.326 40.039
116.326 40.039
116.326 40.0391
116.326 40.0393
116.326 40.0395
116.326 40.0396
116.326 40.0399
116.326 40.0402
116.326 40.0405
116.326 40.0406
116.326 40.0407
116.326 40.0407
116.326 40.0408
116.326 40.0412
116.326 40.0416
116.326 40.0415
116.326 40.0418
116.326 40.0421
116.326 40.0423
116.326 40.0424
116.326 40.042
116.326 40.042
116.326 40.0422
116.326 40.0425
116.326 40.0423
116.326 40.0425
116.326 40.0427
116.326 40.0429
116.326 40.043
116.326 40.0432
116.326 40.0435
116.326 40.0438
116.326 40.0441
116.326 40.0444
116.326 40.0447
116.325 40.0451
116.325 40.0453
116.325 40.0457
116.325 40.0448
116.325 40.0454
116.325 40.0451
116.325 40.0447
116.325 40.0449
116.325 40.0452
116.325 40.0454
116.325 40.0455
116.325 40.0458
116.325 40.0461
116.325 40.0464
116.325 40.0464
116.325 40.0465
116.325 40.0467
116.325 40.047
116.325 40.0473
116.324 40.0476
116.324 40.0477
116.324 40.0479
116.324 40.0482
116.324 40.048
116.324 40.048
116.324 40.048
116.324 40.048
116.324 40.048
116.324 40.0477
116.324 40.0475
116.324 40.0475
116.324 40.0474
116.324 40.0474
116.324 40.0473
116.324 40.0474
116.324 40.046
116.324 40.0456
116.324 40.0455
116.323 40.0453
116.323 40.0452
116.323 40.0452
116.323 40.0451
116.323 40.045
116.323 40.0449
116.323 40.0447
116.323 40.0447
116.323 40.0446
116.323 40.0442
116.323 40.044
116.323 40.044
116.323 40.0443
116.323 40.0443
116.323 40.0442
116.322 40.0441
116.322 40.0441
116.322 40.0441
116.322 40.0439
116.322 40.0439
116.322 40.0439
116.322 40.0438
116.322 40.0436
116.322 40.0435
116.322 40.0433
116.322 40.0432
116.322 40.0432
116.322 40.0432
116.322 40.0432
116.322 40.0432
116.322 40.0432
116.322 40.0433
116.322 40.0432
116.322 40.0432
116.322 40.0434
116.322 40.0434
116.322 40.0435
116.322 40.0435
116.322 40.0434
116.322 40.0433
116.322 40.0433
116.322 40.0433
116.322 40.0433
116.322 40.0433
116.322 40.0434
116.322 40.0434
116.322 40.0433
116.322 40.0433
116.322 40.0433
116.322 40.0434
116.322 40.0438
116.322 40.0437
116.322 40.0436
116.322 40.0438
116.322 40.0438
116.322 40.0442
116.322 40.0442
116.322 40.0442
116.322 40.0442
116.322 40.0442
116.322 40.0442
116.322 40.0443
