116.208 39.8953
116.21 39.8963
116.209 39.8963
116.209 39.8963
116.209 39.8963
116.209 39.8964
116.209 39.8964
116.209 39.8964
116.209 39.8964
116.209 39.8964
116.209 39.8964
116.209 39.8965
116.209 39.8965
116.209 39.8965
116.209 39.8965
116.209 39.8965
116.209 39.8965
116.209 39.8966
116.209 39.8966
116.209 39.8967
116.209 39.8967
116.209 39.8968
116.209 39.8968
116.209 39.8968
116.209 39.8968
116.209 39.8969
116.209 39.8969
116.209 39.897
116.209 39.8971
116.209 39.8972
116.209 39.8973
116.209 39.8973
116.209 39.8975
116.209 39.8976
116.209 39.8977
116.209 39.8976
116.209 39.8974
116.21 39.8974
116.21 39.8974
116.21 39.8974
116.21 39.8973
116.21 39.8972
116.21 39.8972
116.21 39.8972
116.21 39.8973
116.21 39.8973
116.21 39.8972
116.21 39.8973
116.21 39.8973
116.21 39.8973
116.21 39.8973
116.21 39.8973
116.21 39.8973
116.21 39.8973
116.21 39.8974
116.21 39.8975
116.21 39.8976
116.21 39.8977
116.21 39.8977
116.21 39.8978
116.21 39.8978
116.21 39.8978
116.21 39.8978
116.21 39.8979
116.21 39.8979
116.21 39.8979
116.21 39.8979
116.21 39.8979
116.21 39.8979
116.21 39.898
116.21 39.898
116.21 39.898
116.21 39.8981
116.21 39.8981
116.211 39.8982
116.211 39.8982
116.211 39.8982
116.211 39.8983
116.211 39.8984
116.211 39.8984
116.211 39.8984
116.211 39.8985
116.211 39.8984
116.212 39.8984
116.212 39.8984
116.212 39.8984
116.212 39.8984
116.212 39.8984
116.212 39.8985
116.212 39.8986
116.212 39.8986
116.212 39.8986
116.212 39.8986
116.212 39.8986
116.212 39.8987
116.212 39.8987
116.212 39.8987
116.212 39.8988
116.213 39.8986
116.213 39.8986
116.213 39.8987
116.213 39.8987
116.213 39.8988
116.213 39.8989
116.213 39.8989
116.213 39.899
116.213 39.899
116.213 39.8991
116.213 39.8991
116.213 39.8992
116.213 39.8992
116.213 39.8992
116.213 39.8993
116.213 39.8993
116.213 39.8993
116.213 39.8994
116.213 39.8994
116.213 39.8994
116.214 39.8995
116.214 39.8995
116.214 39.8995
116.214 39.8996
116.214 39.8996
116.214 39.8997
116.214 39.8997
116.214 39.8997
116.214 39.8998
116.214 39.8998
116.214 39.8998
116.214 39.8999
116.214 39.8999
116.214 39.9
116.214 39.9
116.214 39.9001
116.214 39.9001
116.214 39.9001
116.214 39.9001
116.214 39.9002
116.214 39.9002
116.215 39.9002
116.215 39.9002
116.215 39.9002
116.215 39.9001
116.215 39.9001
116.215 39.9001
116.215 39.9001
116.215 39.9002
116.215 39.9002
116.215 39.9002
116.215 39.9002
116.215 39.9002
116.215 39.9002
116.215 39.9003
116.215 39.9003
116.215 39.9003
116.215 39.9003
116.215 39.9003
116.215 39.9003
116.215 39.9003
116.215 39.9003
116.215 39.9003
116.215 39.9003
116.215 39.9003
116.215 39.9002
116.215 39.9002
116.215 39.9002
116.215 39.9003
116.215 39.9003
116.215 39.9006
116.215 39.9007
116.215 39.9007
116.215 39.9008
116.215 39.9009
116.215 39.901
116.215 39.901
116.215 39.901
116.215 39.901
116.215 39.901
116.215 39.901
116.215 39.901
116.215 39.9011
116.215 39.9012
116.215 39.9013
116.215 39.9014
116.215 39.9014
116.215 39.9015
116.215 39.9016
116.215 39.9016
116.215 39.9017
116.215 39.9018
116.215 39.9018
116.215 39.9019
116.215 39.902
116.215 39.902
116.215 39.902
116.215 39.9021
116.215 39.9021
116.215 39.9022
116.215 39.9023
116.215 39.9023
116.215 39.9024
116.215 39.9024
116.215 39.9025
116.215 39.9025
116.215 39.9026
116.215 39.9027
116.215 39.9027
116.215 39.9028
116.215 39.9028
116.215 39.9029
116.215 39.9029
116.215 39.9029
116.215 39.9029
116.215 39.903
116.215 39.903
116.215 39.903
116.215 39.903
116.215 39.903
116.215 39.903
116.215 39.903
116.215 39.903
116.215 39.903
116.215 39.903
116.215 39.903
116.215 39.903
116.215 39.9029
116.215 39.9029
116.215 39.9029
116.215 39.9029
116.215 39.9029
116.215 39.9029
116.215 39.9029
116.215 39.9029
116.215 39.9029
116.215 39.9029
116.215 39.9029
116.215 39.9029
116.215 39.9029
116.215 39.9029
116.215 39.903
116.215 39.903
116.215 39.903
116.215 39.903
116.215 39.903
116.215 39.903
116.215 39.903
116.215 39.903
116.215 39.903
116.215 39.903
116.215 39.903
116.215 39.903
116.215 39.903
116.215 39.903
116.215 39.903
116.215 39.903
116.215 39.9031
116.215 39.9032
116.215 39.9033
116.214 39.9034
116.214 39.9035
116.214 39.9035
116.214 39.9036
116.214 39.9036
116.214 39.9038
116.214 39.9039
116.214 39.9039
116.215 39.9033
116.215 39.9033
116.215 39.9033
116.215 39.9033
116.215 39.9033
116.215 39.9033
116.215 39.9033
116.215 39.9033
116.215 39.9033
116.215 39.9033
116.215 39.9032
116.215 39.9033
116.215 39.9032
116.215 39.9032
116.215 39.9032
116.215 39.9032
116.215 39.9032
116.215 39.9031
116.215 39.9031
116.215 39.9032
116.215 39.9032
116.215 39.9032
116.215 39.9032
116.215 39.9032
116.215 39.9032
116.215 39.9032
116.215 39.9031
116.215 39.9031
116.215 39.9031
116.215 39.9031
116.215 39.9031
116.215 39.9031
116.215 39.9031
116.215 39.9031
116.215 39.9032
116.215 39.9032
116.215 39.9032
116.215 39.9032
116.215 39.9032
116.215 39.9032
116.215 39.9032
116.215 39.9032
116.215 39.9032
116.215 39.9032
116.215 39.9032
116.215 39.9032
116.215 39.9032
116.215 39.9032
116.215 39.9032
116.215 39.9032
116.215 39.9032
116.215 39.9032
116.215 39.9033
116.215 39.9033
116.215 39.9033
116.215 39.9033
116.215 39.9032
116.215 39.9032
116.215 39.9032
116.215 39.9032
116.215 39.9033
116.215 39.9033
116.215 39.9033
116.215 39.9033
116.215 39.9033
116.215 39.9033
116.215 39.9033
116.215 39.9032
116.215 39.9032
116.215 39.9032
116.215 39.9032
116.215 39.9034
116.215 39.9034
116.215 39.9034
116.215 39.9034
116.215 39.9034
116.215 39.9034
116.215 39.9034
116.215 39.9034
116.215 39.9034
116.215 39.9034
116.215 39.9034
116.215 39.9034
116.215 39.9034
116.215 39.9034
116.215 39.9034
116.215 39.9034
116.215 39.9034
116.215 39.9034
116.215 39.9034
116.215 39.9035
116.215 39.9035
116.215 39.9035
116.215 39.9035
116.215 39.9034
116.215 39.9034
116.215 39.9034
116.215 39.9034
116.215 39.9034
116.215 39.9033
116.215 39.9034
116.215 39.9034
116.215 39.9034
116.215 39.9034
116.215 39.9035
116.215 39.9035
116.215 39.9035
116.215 39.9035
116.215 39.9035
116.215 39.9035
116.215 39.9035
116.215 39.9035
116.215 39.9035
116.215 39.9035
116.215 39.9035
116.215 39.9035
116.215 39.9035
116.215 39.9035
116.215 39.9035
116.215 39.9033
116.215 39.9033
116.215 39.9033
116.215 39.9033
116.215 39.9033
116.215 39.9033
116.215 39.9033
116.215 39.9033
116.215 39.9033
116.215 39.9033
116.215 39.9033
116.215 39.9033
116.215 39.9033
116.215 39.9033
116.215 39.9034
116.215 39.9034
116.215 39.9034
116.215 39.9034
116.215 39.9033
116.215 39.9033
116.215 39.9033
116.215 39.9033
116.215 39.9033
116.215 39.9033
116.215 39.9032
116.215 39.9032
116.215 39.9032
116.215 39.9033
116.215 39.9033
116.215 39.9033
116.215 39.9033
116.215 39.9033
116.215 39.9033
116.215 39.9034
116.215 39.9034
116.215 39.9034
116.215 39.9033
116.215 39.9033
116.215 39.9033
116.215 39.9033
116.215 39.9033
116.215 39.9033
116.215 39.9034
116.214 39.9034
116.214 39.9034
116.215 39.9034
116.215 39.9034
116.215 39.9035
116.215 39.9034
116.215 39.9034
116.215 39.9034
116.215 39.9033
116.215 39.9034
116.215 39.9034
116.215 39.9034
116.214 39.9034
116.214 39.9034
116.214 39.9034
116.214 39.9034
116.214 39.9034
116.214 39.9034
116.214 39.9034
116.214 39.9034
116.214 39.9034
116.214 39.9034
116.215 39.9033
116.215 39.9033
116.215 39.9034
116.215 39.9034
116.215 39.9033
116.215 39.9033
116.214 39.9032
116.214 39.9032
116.214 39.9032
116.214 39.9032
116.214 39.9032
116.214 39.9032
116.214 39.9032
116.215 39.9032
116.215 39.9032
116.215 39.9032
116.215 39.9032
116.215 39.9032
116.215 39.9033
116.215 39.9032
116.215 39.9033
116.215 39.9034
116.215 39.9034
116.215 39.9034
116.215 39.9034
116.215 39.9034
116.215 39.9033
116.215 39.9032
116.215 39.9032
116.215 39.9034
116.215 39.9034
116.214 39.9034
116.214 39.9033
116.214 39.9032
116.214 39.9032
116.214 39.9032
116.214 39.9031
116.215 39.903
116.215 39.903
116.215 39.903
116.215 39.903
116.215 39.903
116.215 39.9031
116.214 39.9031
116.214 39.903
116.214 39.903
116.214 39.903
116.214 39.903
116.214 39.903
116.215 39.903
116.215 39.9031
116.215 39.9031
116.215 39.9031
116.215 39.9031
116.215 39.9031
116.215 39.9032
116.215 39.9032
116.215 39.9032
116.215 39.9032
116.215 39.9033
116.216 39.9034
116.216 39.9034
116.216 39.9034
116.216 39.9033
116.216 39.9033
116.216 39.9034
116.216 39.9034
116.216 39.9034
116.216 39.9033
116.215 39.9015
116.216 39.9032
116.216 39.9032
116.216 39.9032
116.216 39.9032
116.216 39.9032
116.216 39.9032
116.216 39.9032
116.215 39.9032
116.215 39.9032
116.215 39.9032
116.215 39.9032
116.215 39.9032
116.215 39.9032
116.215 39.9032
116.215 39.9032
116.215 39.9032
116.215 39.9032
116.215 39.9032
116.215 39.9032
116.215 39.9032
116.215 39.9032
116.215 39.9032
116.215 39.9033
116.215 39.9033
116.215 39.9033
116.215 39.9033
116.215 39.9033
116.215 39.9033
116.215 39.9033
116.213 39.9031
116.213 39.9032
116.214 39.9032
116.214 39.9033
116.214 39.9033
116.214 39.9034
116.214 39.9034
116.215 39.9031
116.215 39.9031
116.214 39.9031
116.214 39.9031
116.214 39.9031
116.214 39.9032
116.214 39.9033
116.214 39.9033
116.214 39.9033
116.214 39.9033
116.214 39.9033
116.214 39.9033
116.214 39.9033
116.214 39.9033
116.214 39.9032
116.214 39.9032
116.214 39.9032
116.214 39.9031
116.214 39.9032
116.214 39.9032
116.214 39.9032
116.214 39.9033
116.214 39.9032
116.214 39.9032
116.214 39.9033
116.214 39.9033
116.215 39.9033
116.215 39.9032
116.215 39.9032
116.215 39.9032
116.215 39.9032
116.215 39.9031
116.215 39.9031
116.215 39.903
116.215 39.9029
116.215 39.9029
116.215 39.9029
116.215 39.9028
116.215 39.9027
116.215 39.9027
116.215 39.9026
116.215 39.9026
116.215 39.9025
116.215 39.9025
116.215 39.9025
116.215 39.9024
116.215 39.9024
116.215 39.9023
116.215 39.9022
116.215 39.9022
116.215 39.9021
116.215 39.9021
116.215 39.902
116.215 39.9019
116.215 39.9019
116.215 39.9018
116.215 39.9018
116.215 39.9017
116.215 39.9017
116.215 39.9016
116.215 39.9016
116.215 39.9015
116.215 39.9015
116.215 39.9015
116.215 39.9015
116.215 39.9015
116.215 39.9015
116.215 39.9014
116.215 39.9012
116.215 39.9011
116.215 39.901
116.215 39.901
116.215 39.901
116.215 39.9009
116.215 39.9009
116.215 39.9009
116.215 39.9008
116.215 39.9008
116.215 39.9008
116.215 39.9008
116.215 39.9008
116.215 39.9007
116.215 39.9007
116.215 39.9007
116.215 39.9006
116.215 39.9005
116.215 39.9004
116.215 39.9003
116.215 39.9002
116.215 39.9001
116.215 39.9001
116.215 39.9001
116.215 39.9001
116.215 39.9001
116.215 39.9001
116.215 39.9001
116.215 39.9
116.214 39.9
116.214 39.9
116.214 39.9
116.214 39.9
116.214 39.9
116.214 39.9
116.214 39.9
116.214 39.9
116.214 39.8999
116.214 39.8999
116.214 39.8999
116.214 39.8998
116.214 39.8999
116.214 39.8998
116.214 39.8998
116.214 39.8998
116.213 39.8998
116.213 39.8997
116.213 39.8997
116.213 39.8998
116.213 39.8998
116.213 39.8997
116.213 39.8997
116.213 39.8996
116.213 39.8996
116.213 39.8995
116.213 39.8995
116.213 39.8994
116.213 39.8994
116.213 39.8994
116.213 39.8994
116.213 39.8993
116.213 39.8993
116.213 39.8993
116.212 39.8993
116.212 39.8992
116.212 39.8992
116.212 39.8991
116.212 39.8991
116.212 39.899
116.212 39.899
116.212 39.899
116.212 39.8989
116.212 39.8989
116.212 39.8989
116.212 39.8989
116.212 39.8988
116.212 39.8988
116.212 39.8989
116.212 39.8988
116.212 39.8988
116.212 39.8987
116.212 39.8987
116.212 39.8987
116.212 39.8986
116.212 39.8986
116.212 39.8985
116.211 39.8985
116.211 39.8985
116.211 39.8985
116.211 39.8985
116.211 39.8986
116.211 39.8986
116.211 39.8986
116.211 39.8986
116.211 39.8986
116.211 39.8985
116.211 39.8985
116.211 39.8985
116.211 39.8985
116.211 39.8985
116.211 39.8986
116.211 39.8987
116.211 39.8987
116.211 39.8987
116.21 39.8985
116.21 39.8983
116.21 39.8983
116.21 39.8982
116.21 39.8981
116.21 39.8981
116.21 39.898
116.21 39.898
116.21 39.898
116.21 39.8979
116.21 39.8979
116.21 39.8978
116.21 39.8977
116.21 39.8976
116.21 39.8976
116.21 39.8976
116.21 39.8975
116.21 39.8975
116.21 39.8974
116.21 39.8974
116.21 39.8973
116.21 39.8973
116.21 39.8973
116.211 39.8973
116.211 39.8973
116.211 39.8973
116.211 39.8973
116.211 39.8973
116.211 39.8973
116.211 39.8973
116.211 39.8973
116.211 39.8973
116.211 39.8973
116.211 39.8973
116.211 39.8973
116.211 39.8973
116.211 39.8973
116.211 39.8973
116.211 39.8973
116.211 39.8973
116.211 39.897
116.211 39.897
116.211 39.897
116.211 39.897
116.211 39.897
116.211 39.897
116.213 39.8972
116.211 39.8972
116.211 39.8971
116.211 39.8971
116.211 39.8971
116.211 39.897
116.211 39.897
116.211 39.897
116.211 39.897
116.211 39.897
116.211 39.897
116.211 39.897
116.211 39.897
116.211 39.897
116.211 39.897
116.211 39.897
116.211 39.897
116.211 39.897
116.211 39.8971
116.211 39.8971
116.211 39.8971
116.211 39.8971
116.211 39.8972
116.211 39.8972
116.211 39.8972
116.211 39.8972
116.211 39.8972
116.211 39.8973
116.211 39.8973
116.211 39.8972
116.211 39.8972
116.211 39.8972
116.211 39.8972
116.211 39.8971
116.211 39.8971
116.211 39.8971
116.21 39.8971
116.21 39.8971
116.21 39.8971
116.21 39.8971
116.21 39.8971
116.21 39.8971
116.21 39.8971
116.21 39.8971
116.21 39.8971
116.21 39.8971
116.21 39.8972
116.21 39.8971
116.21 39.8971
116.21 39.8971
116.21 39.8972
116.21 39.8972
116.21 39.8972
116.21 39.8972
116.21 39.8972
116.21 39.8972
116.21 39.8971
116.21 39.8971
116.209 39.8972
116.209 39.8972
116.209 39.8972
116.209 39.8971
116.209 39.8971
116.209 39.8971
116.209 39.897
116.209 39.897
116.209 39.8968
116.209 39.8967
116.209 39.8967
116.209 39.8967
116.209 39.8967
116.209 39.8966
116.209 39.8966
116.209 39.8965
116.209 39.8964
116.209 39.8964
116.209 39.8964
116.209 39.8963
116.209 39.8963
116.209 39.8963
116.209 39.8963
116.209 39.8963
116.209 39.8963
116.209 39.8963
116.209 39.8963
116.209 39.8965
116.209 39.8965
116.209 39.8966
116.209 39.8966
116.209 39.8966
116.209 39.8966
116.209 39.8966
116.209 39.8965
116.209 39.8966
116.209 39.8966
116.209 39.8966
116.209 39.8966
116.209 39.8966
116.209 39.8967
116.209 39.8967
116.209 39.8968
116.209 39.8968
116.209 39.8969
116.209 39.8969
116.209 39.8969
116.209 39.8969
116.209 39.897
116.209 39.897
116.209 39.897
116.209 39.897
116.209 39.897
116.209 39.897
116.209 39.8971
116.209 39.8971
116.209 39.8971
116.21 39.8973
116.21 39.8974
116.21 39.8974
116.21 39.8974
116.21 39.8974
116.21 39.8974
116.21 39.8974
116.21 39.8974
116.21 39.8974
116.21 39.8973
116.21 39.8973
116.21 39.8974
116.21 39.8974
116.21 39.8974
116.21 39.8974
116.21 39.8974
116.21 39.8974
116.21 39.8974
116.211 39.8973
116.211 39.8973
116.211 39.8973
116.211 39.8973
116.211 39.8974
116.211 39.8973
116.211 39.8973
116.211 39.8974
116.211 39.8974
116.211 39.8974
116.211 39.8974
116.211 39.8974
116.211 39.8974
116.211 39.8974
116.211 39.8974
116.211 39.8974
116.211 39.8973
116.211 39.8974
116.211 39.8974
116.211 39.8973
116.211 39.8973
116.211 39.8973
116.211 39.8973
116.211 39.8973
116.211 39.8973
116.211 39.8973
116.211 39.8973
116.211 39.8973
116.211 39.8973
116.211 39.8973
116.211 39.8972
116.211 39.8973
116.211 39.8973
116.211 39.8973
116.211 39.8973
116.211 39.8973
116.211 39.8973
116.211 39.8973
116.211 39.8973
116.211 39.8973
116.212 39.8973
116.212 39.8973
116.212 39.8973
116.212 39.8973
116.212 39.8973
116.212 39.8973
116.212 39.8973
116.212 39.8972
116.212 39.8972
116.212 39.8972
116.212 39.8972
116.212 39.8972
116.212 39.8971
116.212 39.8972
116.212 39.8972
116.212 39.8972
116.212 39.8972
116.212 39.8972
116.212 39.8972
116.212 39.8972
116.212 39.8972
116.212 39.8972
116.212 39.8972
116.212 39.8972
116.212 39.8972
116.212 39.8972
116.212 39.8972
116.212 39.8972
116.213 39.8972
116.213 39.8972
116.213 39.8972
116.213 39.8972
116.213 39.8973
116.213 39.8974
116.213 39.8974
116.213 39.8975
116.213 39.8975
116.213 39.8975
116.213 39.8975
116.213 39.8975
116.213 39.8975
116.213 39.8975
116.213 39.8975
116.213 39.8976
116.213 39.8976
116.213 39.8976
116.213 39.8976
116.213 39.8976
116.213 39.8976
116.213 39.8976
116.213 39.8976
116.213 39.8977
116.213 39.8977
116.214 39.8977
116.214 39.8977
116.214 39.8977
116.214 39.8976
116.214 39.8976
116.214 39.8976
116.214 39.8976
116.214 39.8976
116.214 39.8976
116.214 39.8976
116.214 39.8976
116.214 39.8975
116.214 39.8976
116.214 39.8976
116.214 39.8976
116.214 39.8977
116.214 39.8978
116.214 39.8978
116.214 39.8979
116.214 39.898
116.214 39.898
116.213 39.898
116.213 39.898
116.213 39.898
116.213 39.8981
116.213 39.8981
116.213 39.8981
116.213 39.8981
116.213 39.8981
116.213 39.8981
116.213 39.8982
116.213 39.8983
116.213 39.8983
116.213 39.8983
116.213 39.8983
116.213 39.8984
116.213 39.8984
116.213 39.8984
116.213 39.8984
116.213 39.8984
116.213 39.8985
116.213 39.8985
116.213 39.8985
116.213 39.8985
116.213 39.8985
116.213 39.8985
116.213 39.8985
116.213 39.8986
116.213 39.8986
116.213 39.8986
116.213 39.8987
116.213 39.8987
116.213 39.8987
116.213 39.8987
116.213 39.8988
116.213 39.8988
116.213 39.8988
116.213 39.8988
116.213 39.8989
116.213 39.8989
116.213 39.8989
116.213 39.8989
116.213 39.899
116.213 39.899
116.213 39.899
116.213 39.899
116.213 39.899
116.213 39.899
116.213 39.899
116.213 39.899
116.213 39.899
116.213 39.899
116.213 39.899
116.212 39.8991
116.212 39.8991
116.212 39.8991
116.212 39.8991
116.212 39.8991
116.212 39.8991
116.212 39.899
116.212 39.899
116.212 39.899
116.212 39.899
116.212 39.899
116.212 39.899
116.212 39.899
116.212 39.899
116.212 39.899
116.212 39.899
116.212 39.899
116.212 39.899
116.212 39.8989
116.212 39.8989
116.212 39.8989
116.212 39.8988
116.212 39.8987
116.212 39.8987
116.212 39.8987
116.212 39.8987
116.212 39.8987
116.212 39.8987
116.212 39.8987
116.212 39.8987
116.212 39.8987
116.212 39.8987
116.212 39.8987
116.212 39.8987
116.212 39.8987
116.212 39.8986
116.212 39.8986
116.212 39.8986
116.212 39.8986
116.212 39.8986
116.212 39.8986
116.212 39.8986
116.212 39.8985
116.212 39.8985
116.212 39.8985
116.212 39.8984
116.212 39.8984
116.212 39.8984
116.211 39.8984
116.211 39.8984
116.211 39.8984
116.211 39.8983
116.211 39.8983
116.211 39.8983
116.211 39.8983
116.211 39.8983
116.211 39.8983
116.211 39.8984
116.211 39.8984
116.211 39.8984
116.211 39.8984
116.211 39.8984
116.211 39.8984
116.211 39.8984
116.211 39.8984
116.211 39.8983
116.211 39.8984
116.211 39.8984
116.211 39.8984
116.211 39.8984
116.211 39.8984
116.211 39.8984
116.211 39.8984
116.211 39.8984
116.211 39.8984
116.211 39.8984
116.21 39.8984
116.21 39.8984
116.21 39.8983
116.21 39.8982
116.21 39.898
116.21 39.898
116.21 39.898
116.21 39.8981
116.21 39.8981
116.21 39.8981
116.21 39.8981
116.21 39.8981
116.21 39.8981
116.21 39.8981
116.21 39.8981
116.21 39.8981
116.21 39.898
116.21 39.898
116.21 39.8979
116.21 39.8979
116.21 39.8979
116.21 39.8979
116.21 39.8978
116.21 39.8976
116.21 39.8975
116.21 39.8975
116.21 39.8974
116.21 39.8973
116.21 39.8973
116.21 39.8973
116.21 39.8973
116.21 39.8973
116.21 39.8973
116.21 39.8972
116.21 39.8972
116.21 39.8972
116.21 39.8971
116.21 39.897
116.21 39.897
116.21 39.897
116.21 39.897
116.21 39.8969
116.21 39.8969
116.21 39.8969
116.21 39.8969
116.21 39.8969
116.21 39.897
116.21 39.8971
116.21 39.8971
116.21 39.8971
116.21 39.8972
116.21 39.8972
116.21 39.8972
116.21 39.8972
116.21 39.8971
116.21 39.8971
116.21 39.8971
116.21 39.8971
116.21 39.8971
116.21 39.8971
116.21 39.8971
116.21 39.8971
116.21 39.8971
116.21 39.8971
116.21 39.8971
116.21 39.8971
116.21 39.8971
116.209 39.8971
116.209 39.8971
116.209 39.8971
116.209 39.8971
116.209 39.8971
116.209 39.8971
116.209 39.8971
116.209 39.8971
116.209 39.8971
116.209 39.8971
116.209 39.897
116.209 39.897
116.209 39.897
116.209 39.8969
116.209 39.8969
116.209 39.8969
116.209 39.8969
116.209 39.8969
116.209 39.8969
116.209 39.8969
116.209 39.8969
116.209 39.8968
116.209 39.8967
116.209 39.8967
116.209 39.8966
116.209 39.8966
116.209 39.8966
116.209 39.8966
116.209 39.8966
116.209 39.8965
116.209 39.8965
116.209 39.8965
116.209 39.8964
116.209 39.8964
116.209 39.8963
116.209 39.8963
116.209 39.8963
116.209 39.8963
116.209 39.8963
116.209 39.8963
116.209 39.8962
116.209 39.8962
116.209 39.8962
116.209 39.8962
116.209 39.8961
116.209 39.8961
116.209 39.8961
116.209 39.8961
116.209 39.8961
116.209 39.8961
116.21 39.8958
116.21 39.896
116.21 39.8962
116.21 39.8961
116.21 39.896
116.21 39.896
116.21 39.896
116.21 39.8961
116.21 39.8961
116.209 39.8961
116.209 39.8962
116.209 39.8962
116.209 39.8962
116.209 39.8966
116.209 39.8966
116.209 39.8965
116.21 39.8966
116.21 39.8966
116.21 39.8966
116.21 39.8966
116.21 39.8966
116.21 39.8966
116.21 39.8965
116.21 39.8965
116.209 39.8974
116.209 39.8973
116.209 39.8973
116.209 39.8974
116.209 39.8974
116.209 39.8975
116.209 39.8976
116.209 39.8976
116.209 39.8976
116.209 39.8976
116.209 39.8977
116.209 39.8977
116.209 39.8977
116.209 39.8977
116.209 39.8978
116.209 39.8978
116.209 39.8978
116.209 39.8978
116.209 39.8978
116.209 39.8978
116.209 39.8978
116.209 39.8978
116.209 39.8978
116.209 39.8978
116.209 39.8978
116.209 39.8977
116.209 39.8977
116.209 39.8978
116.209 39.8978
116.209 39.8978
116.209 39.8979
116.209 39.8978
116.209 39.8979
116.209 39.898
116.209 39.8979
116.209 39.8979
116.209 39.8979
116.209 39.8979
116.209 39.8979
116.209 39.8979
116.209 39.8979
116.209 39.8979
116.209 39.8979
116.209 39.8979
116.209 39.8979
116.209 39.8979
116.209 39.8979
116.209 39.8979
116.209 39.898
116.209 39.898
116.209 39.898
116.209 39.8981
116.209 39.898
116.209 39.898
116.209 39.898
116.209 39.898
116.209 39.898
116.209 39.898
116.209 39.898
116.209 39.898
116.209 39.898
116.209 39.898
116.209 39.8981
116.209 39.8981
116.209 39.8982
116.21 39.8983
116.21 39.8984
116.21 39.8984
116.21 39.8983
116.21 39.8982
116.21 39.8989
116.21 39.8993
116.21 39.8997
116.211 39.9
116.211 39.9002
116.211 39.9003
116.21 39.9
116.207 39.8951
116.208 39.8961
116.208 39.8961
116.208 39.8961
116.208 39.8961
116.208 39.8961
116.207 39.8951
116.207 39.8952
116.207 39.8952
116.207 39.8952
116.207 39.8953
116.207 39.8953
116.208 39.8958
116.208 39.8959
116.208 39.8961
116.208 39.8962
116.208 39.8963
116.209 39.8964
116.209 39.8964
116.209 39.8965
116.209 39.8965
116.209 39.8965
116.209 39.8966
116.209 39.8966
116.209 39.8966
116.209 39.8967
116.209 39.8967
116.209 39.8968
116.209 39.8968
116.21 39.8968
116.21 39.8968
116.21 39.8968
116.21 39.8968
116.21 39.8968
116.21 39.8968
116.21 39.8968
116.21 39.8967
116.21 39.8967
116.21 39.8968
116.21 39.8968
116.21 39.8967
116.21 39.8966
116.21 39.8965
116.21 39.8965
116.21 39.8964
116.21 39.8964
116.21 39.8963
116.21 39.8963
116.21 39.8962
116.21 39.8962
116.21 39.8961
116.21 39.8961
116.21 39.896
116.21 39.8959
116.21 39.8958
116.21 39.8959
116.21 39.8959
116.21 39.8959
116.21 39.8959
116.21 39.8959
116.21 39.896
116.21 39.896
116.21 39.896
116.21 39.8961
116.21 39.8961
116.21 39.8962
116.21 39.8962
116.21 39.8963
116.21 39.8963
116.21 39.8963
116.21 39.8964
116.21 39.8964
116.211 39.8964
116.211 39.8964
116.211 39.8964
116.211 39.8965
116.211 39.8965
116.211 39.8965
116.211 39.8965
116.211 39.8965
116.211 39.8965
116.211 39.8965
116.211 39.8965
116.211 39.8965
116.21 39.8965
116.21 39.8965
116.21 39.8965
116.21 39.8966
116.21 39.8966
116.21 39.8967
116.21 39.8967
116.21 39.8968
116.21 39.8969
116.21 39.8969
116.21 39.897
116.21 39.897
116.21 39.8971
116.21 39.8972
116.21 39.8973
116.21 39.8973
116.21 39.8974
116.21 39.8974
116.21 39.8974
116.21 39.8975
116.21 39.8976
116.21 39.8976
116.21 39.8976
116.211 39.8977
116.211 39.8977
116.211 39.8977
116.211 39.8977
116.211 39.8977
116.211 39.8977
116.211 39.8977
116.211 39.8978
116.211 39.8978
116.211 39.8979
116.211 39.898
116.211 39.8979
116.211 39.8979
116.211 39.8978
116.211 39.8978
116.211 39.8977
116.211 39.8977
116.211 39.8977
116.211 39.8977
116.211 39.8977
116.211 39.8977
116.211 39.8977
116.211 39.8976
116.211 39.8977
116.211 39.8976
116.211 39.8976
116.211 39.8976
116.211 39.8976
116.211 39.8977
116.211 39.8977
116.211 39.8977
116.211 39.8977
116.211 39.8977
116.211 39.8976
116.21 39.8976
116.21 39.8976
116.21 39.8976
116.21 39.8976
116.21 39.8977
116.21 39.8977
116.21 39.8977
116.21 39.8977
116.21 39.8977
116.21 39.8978
116.21 39.8978
116.21 39.8978
116.21 39.8978
116.209 39.8978
116.209 39.8978
116.209 39.8978
116.209 39.8978
116.209 39.8978
116.209 39.8978
116.209 39.8978
116.209 39.8977
116.209 39.8977
116.209 39.8977
116.209 39.8976
116.209 39.8975
116.209 39.8974
116.209 39.8974
116.209 39.8974
116.209 39.8974
116.209 39.8974
116.209 39.8973
116.209 39.8972
116.209 39.8972
116.209 39.8971
116.209 39.8972
116.208 39.8972
116.208 39.8971
116.208 39.8971
116.208 39.8971
116.208 39.8971
116.208 39.8971
116.208 39.897
116.208 39.897
116.208 39.897
116.208 39.897
116.208 39.897
116.208 39.897
116.208 39.897
116.208 39.897
116.208 39.897
116.208 39.897
116.208 39.897
116.208 39.897
116.208 39.8969
116.208 39.8968
116.208 39.8961
116.208 39.8956
116.208 39.8953
116.209 39.8969
116.209 39.897
116.209 39.897
116.208 39.8972
116.208 39.8972
116.208 39.8972
116.208 39.8972
116.208 39.8972
116.208 39.8971
116.208 39.8971
116.208 39.897
116.208 39.897
116.208 39.8969
116.208 39.8969
116.208 39.8969
116.208 39.897
116.208 39.897
116.208 39.897
116.208 39.8971
116.208 39.8971
116.208 39.8971
116.208 39.8971
116.208 39.8971
116.208 39.8971
116.208 39.8972
116.208 39.8972
116.208 39.8972
116.208 39.8973
116.208 39.8972
116.208 39.8972
116.208 39.8971
116.208 39.8971
116.208 39.8971
116.208 39.8971
116.208 39.8972
116.208 39.8972
116.207 39.8972
116.207 39.8973
116.207 39.8973
116.207 39.8973
116.207 39.8974
116.207 39.8974
116.207 39.8975
116.207 39.8975
116.207 39.8976
116.207 39.8976
116.207 39.8976
116.207 39.8976
116.207 39.8976
116.207 39.8977
116.207 39.8977
116.207 39.8978
116.207 39.8978
116.207 39.8979
116.207 39.8979
116.207 39.8979
116.207 39.8979
116.207 39.8979
116.206 39.8979
116.206 39.8979
116.206 39.898
116.206 39.898
116.206 39.898
116.206 39.898
116.206 39.8979
116.206 39.898
116.206 39.898
116.206 39.898
116.206 39.8979
116.206 39.8979
116.206 39.8979
116.206 39.8979
116.206 39.898
116.206 39.898
116.206 39.898
116.206 39.898
116.206 39.898
116.206 39.898
116.206 39.8979
116.206 39.8979
116.206 39.8979
116.206 39.8979
116.206 39.8979
116.207 39.8979
116.207 39.8979
116.207 39.8979
116.207 39.8979
116.207 39.8979
116.207 39.8979
116.207 39.8979
116.207 39.8979
116.207 39.898
116.207 39.898
116.207 39.898
116.207 39.8979
116.207 39.8979
116.207 39.8979
116.207 39.8979
116.207 39.8978
116.207 39.8978
116.207 39.8977
116.207 39.8977
116.207 39.8976
116.207 39.8976
116.207 39.8975
116.207 39.8975
116.207 39.8975
116.207 39.8975
116.207 39.8974
116.207 39.8974
116.208 39.8973
116.208 39.8973
116.208 39.8973
116.208 39.8972
116.208 39.8972
116.208 39.8972
116.208 39.8972
116.208 39.8972
116.208 39.8972
116.208 39.8971
116.208 39.8971
116.208 39.897
116.208 39.897
116.208 39.897
116.208 39.897
116.208 39.897
116.208 39.897
116.208 39.897
116.208 39.897
116.208 39.897
116.208 39.897
116.208 39.897
116.208 39.897
116.208 39.897
116.208 39.8971
116.209 39.8972
116.209 39.8971
116.209 39.8971
116.208 39.8971
116.208 39.8971
116.208 39.8971
116.208 39.8971
116.208 39.8971
116.208 39.8971
116.208 39.8971
116.208 39.8971
116.208 39.8971
116.208 39.8971
116.208 39.8971
116.208 39.8972
116.208 39.8972
116.208 39.8972
116.208 39.8972
116.208 39.8972
116.208 39.8972
116.208 39.8973
116.208 39.8973
116.208 39.8972
116.208 39.8973
116.208 39.8973
116.208 39.8972
116.208 39.8972
116.208 39.8972
116.208 39.8972
116.208 39.8971
116.208 39.8971
116.208 39.897
116.208 39.897
116.208 39.8969
116.208 39.8969
116.208 39.8968
116.208 39.8968
116.208 39.8969
116.208 39.897
116.208 39.897
116.208 39.8971
116.208 39.8971
116.208 39.8971
116.208 39.8971
116.208 39.8971
116.208 39.8971
116.208 39.8971
116.208 39.8971
116.208 39.8971
116.208 39.8971
116.208 39.897
116.208 39.897
116.208 39.8971
116.208 39.8972
116.208 39.8972
116.208 39.8971
116.208 39.8971
