116.304 39.9877
116.304 39.9877
116.304 39.9877
116.304 39.9876
116.304 39.9875
116.304 39.9875
116.304 39.9876
116.304 39.9877
116.304 39.9877
116.304 39.9877
116.304 39.9877
116.304 39.9877
116.304 39.9877
116.304 39.9877
116.304 39.9877
116.304 39.9876
116.304 39.9875
116.304 39.9875
116.304 39.9876
116.304 39.9877
116.303 39.9877
116.303 39.9876
116.303 39.9876
116.303 39.9876
116.303 39.9875
116.303 39.9875
116.303 39.9875
116.303 39.9875
116.303 39.9875
116.303 39.9875
116.303 39.9876
116.303 39.9876
116.303 39.9876
116.303 39.9876
116.303 39.9876
116.303 39.9876
116.303 39.9876
116.303 39.9876
116.303 39.9876
116.303 39.9876
116.303 39.9876
116.303 39.9876
116.303 39.9876
116.303 39.9876
116.303 39.9876
116.303 39.9876
116.303 39.9876
116.303 39.9876
116.303 39.9876
