116.343 40.0281
116.343 40.0281
116.343 40.028
116.343 40.028
116.343 40.0281
116.343 40.0282
116.343 40.0282
116.343 40.0282
116.342 40.0282
116.342 40.0283
116.342 40.0281
116.342 40.028
116.342 40.0279
116.342 40.028
116.342 40.0281
116.342 40.0282
116.342 40.0283
116.342 40.0284
116.342 40.0285
116.342 40.0285
116.342 40.0286
116.342 40.0287
116.342 40.0287
116.342 40.0287
116.341 40.0287
116.341 40.0287
116.341 40.0287
116.341 40.0286
116.341 40.0285
116.341 40.0285
116.341 40.0285
116.341 40.0284
116.342 40.0285
116.342 40.0285
116.342 40.0286
116.342 40.0286
116.342 40.0285
116.342 40.0283
116.342 40.0282
116.342 40.028
116.342 40.0279
116.342 40.0278
116.342 40.0277
116.342 40.0275
116.342 40.0276
116.342 40.0276
116.342 40.0276
116.343 40.0275
116.343 40.0275
116.343 40.0274
116.343 40.0273
116.343 40.0272
116.343 40.027
116.343 40.0269
116.343 40.0268
116.343 40.0267
116.343 40.0266
116.343 40.0266
116.344 40.0265
116.344 40.0265
116.344 40.0264
116.344 40.0264
116.344 40.0263
116.344 40.0263
116.344 40.0262
116.344 40.0261
116.344 40.026
116.344 40.026
116.344 40.0259
116.344 40.0258
116.344 40.0257
116.344 40.0256
116.345 40.0255
116.345 40.0254
116.345 40.0253
116.345 40.0252
116.345 40.0251
116.345 40.025
116.345 40.0249
116.345 40.0248
116.345 40.0247
116.345 40.0246
116.345 40.0245
116.345 40.0244
116.345 40.0243
116.345 40.0224
116.345 40.0223
116.345 40.022
116.345 40.022
116.345 40.0219
116.345 40.0218
116.345 40.0216
116.345 40.0215
116.345 40.0214
116.345 40.0213
116.345 40.0212
116.345 40.0212
116.345 40.0211
116.346 40.021
116.346 40.021
116.346 40.021
116.346 40.0209
116.346 40.0208
116.346 40.0207
116.346 40.0207
116.346 40.0207
116.346 40.0206
116.347 40.0206
116.347 40.0205
116.347 40.0205
116.347 40.0204
116.347 40.0203
116.347 40.0203
116.347 40.0202
116.347 40.0202
116.347 40.0201
116.347 40.0201
116.348 40.02
116.348 40.02
116.348 40.0199
116.348 40.0199
116.348 40.0198
116.348 40.0197
116.348 40.0197
116.348 40.0196
116.348 40.0196
116.349 40.0195
116.349 40.0194
116.349 40.0194
116.349 40.0193
116.349 40.0192
116.349 40.0192
116.349 40.0191
116.349 40.019
116.349 40.019
116.349 40.0189
116.349 40.0188
116.349 40.0187
116.35 40.0186
116.35 40.0185
116.35 40.0184
116.35 40.0183
116.35 40.0183
116.35 40.0182
116.35 40.0181
116.35 40.018
116.35 40.018
116.35 40.0179
116.35 40.0178
116.35 40.0177
116.35 40.0177
116.35 40.0175
116.351 40.0174
116.351 40.0173
116.351 40.0172
116.351 40.0171
116.351 40.017
116.351 40.0169
116.351 40.0168
116.351 40.0168
116.351 40.0167
116.351 40.0166
116.351 40.0165
116.351 40.0165
116.351 40.0164
116.352 40.0163
116.352 40.0162
116.352 40.016
116.352 40.0159
116.352 40.0158
116.352 40.0158
116.352 40.0157
116.352 40.0156
116.352 40.0155
116.352 40.0154
116.352 40.0154
116.352 40.0153
116.352 40.0152
116.352 40.0151
116.353 40.015
116.353 40.0149
116.353 40.0149
116.353 40.0148
116.353 40.0147
116.353 40.0146
116.353 40.0145
116.353 40.0144
116.353 40.0143
116.353 40.0142
116.353 40.0141
116.353 40.014
116.353 40.0139
116.353 40.0138
116.354 40.0137
116.354 40.0136
116.354 40.0135
116.354 40.0134
116.354 40.0133
116.354 40.0132
116.354 40.0131
116.354 40.013
116.354 40.0129
116.354 40.0129
116.354 40.0128
116.354 40.0127
116.354 40.0126
116.354 40.0125
116.354 40.0124
116.354 40.0123
116.354 40.0122
116.354 40.0121
116.355 40.012
116.355 40.0119
116.355 40.0117
116.355 40.0116
116.355 40.0115
116.355 40.0114
116.355 40.0113
116.355 40.0112
116.355 40.0111
116.355 40.011
116.355 40.0109
116.355 40.0108
116.355 40.0107
116.355 40.0106
116.355 40.0105
116.356 40.0104
116.356 40.0104
116.356 40.0103
116.356 40.0102
116.356 40.0101
116.356 40.0101
116.356 40.01
116.356 40.0099
116.356 40.0098
116.356 40.0097
116.356 40.0097
116.356 40.0096
116.356 40.0095
116.356 40.0094
116.356 40.0093
116.356 40.0091
116.356 40.009
116.356 40.0089
116.356 40.0088
116.356 40.0087
116.356 40.0086
116.356 40.0084
116.356 40.0083
116.356 40.0082
116.356 40.0081
116.356 40.008
116.356 40.0079
116.356 40.0078
116.357 40.0077
116.357 40.0077
116.357 40.0076
116.357 40.0076
116.357 40.0075
116.357 40.0075
116.357 40.0075
116.357 40.0075
116.357 40.0075
116.357 40.0074
116.357 40.0074
116.358 40.0074
116.358 40.0074
116.358 40.0074
116.358 40.0073
116.358 40.0073
116.358 40.0072
116.358 40.0071
116.358 40.0071
116.358 40.007
116.358 40.0069
116.359 40.0069
116.359 40.0068
116.359 40.0067
116.359 40.0066
116.359 40.0066
116.359 40.0064
116.359 40.0063
116.359 40.0062
116.359 40.006
116.359 40.0059
116.359 40.0058
116.359 40.0057
116.36 40.0056
116.36 40.0055
116.36 40.0055
116.36 40.0054
116.36 40.0053
116.36 40.0052
116.36 40.0051
116.36 40.005
116.36 40.005
116.36 40.0049
116.36 40.0048
116.36 40.0046
116.36 40.0045
116.36 40.0044
116.36 40.0043
116.361 40.0042
116.361 40.0043
116.361 40.0043
116.361 40.0043
116.361 40.0042
116.361 40.0043
116.361 40.0043
116.361 40.0042
116.362 40.0042
116.362 40.0042
116.362 40.0041
116.362 40.0041
