116.311 39.9822
116.311 39.9822
116.311 39.9821
116.31 39.9824
116.31 39.9824
116.31 39.9824
116.31 39.9824
116.31 39.9825
116.31 39.9826
116.31 39.9826
116.311 39.9828
116.311 39.9828
116.311 39.983
116.311 39.9831
116.311 39.9832
116.311 39.9833
116.311 39.9834
116.31 39.9836
116.31 39.9836
116.31 39.9837
116.31 39.9838
116.31 39.9839
116.31 39.984
116.31 39.9841
116.31 39.9842
116.31 39.9843
116.31 39.9844
116.31 39.9845
116.31 39.9847
116.31 39.9848
116.31 39.9849
116.31 39.9851
116.31 39.9852
116.31 39.9854
116.31 39.9855
116.31 39.9856
116.31 39.9857
116.31 39.9858
116.31 39.9859
116.31 39.986
116.31 39.9861
116.31 39.9862
116.31 39.9864
116.31 39.9865
116.31 39.9866
116.31 39.9867
116.31 39.9868
116.31 39.9869
116.31 39.987
116.31 39.9871
116.31 39.9872
116.31 39.9873
116.31 39.9874
116.31 39.9876
116.31 39.9877
116.31 39.9878
116.31 39.9879
116.31 39.988
116.31 39.9881
116.31 39.9882
116.31 39.9883
116.31 39.9885
116.31 39.9886
116.31 39.9887
116.31 39.9888
116.31 39.9889
116.31 39.989
116.31 39.9891
116.31 39.9892
116.31 39.9897
116.31 39.9899
116.31 39.99
116.31 39.9902
116.31 39.9903
116.31 39.9905
116.31 39.9906
116.31 39.9907
116.31 39.9908
116.313 39.9908
116.313 39.9908
116.313 39.9908
116.313 39.9908
116.313 39.9908
116.313 39.9908
116.314 39.9908
116.314 39.9907
116.314 39.9907
116.314 39.9907
116.314 39.9907
116.315 39.9906
116.315 39.9906
116.315 39.9906
116.315 39.9907
116.315 39.9907
116.315 39.9907
116.315 39.9907
116.315 39.9907
116.315 39.9907
116.315 39.9908
116.316 39.9909
116.316 39.991
116.316 39.9911
116.316 39.9911
116.316 39.9911
116.316 39.9911
116.316 39.9911
116.317 39.9911
116.317 39.9911
116.317 39.9911
116.317 39.9911
116.317 39.9911
116.317 39.9911
116.317 39.9911
116.317 39.9911
116.318 39.9911
116.318 39.9911
116.318 39.9911
116.318 39.9911
116.318 39.9911
116.318 39.9911
116.318 39.9911
116.318 39.9912
116.318 39.9913
116.318 39.9913
116.319 39.9913
116.319 39.9913
116.319 39.9914
116.319 39.9914
116.319 39.9914
116.319 39.9914
116.319 39.9914
116.319 39.9914
116.32 39.9914
116.32 39.9914
116.32 39.9914
116.32 39.9914
116.321 39.9914
116.321 39.9914
116.321 39.9914
116.321 39.9914
116.321 39.9914
116.321 39.9914
116.322 39.9914
116.322 39.9914
116.322 39.9914
116.322 39.9913
116.322 39.9913
116.322 39.9913
116.322 39.9913
116.322 39.9914
116.323 39.9914
116.323 39.9914
116.323 39.9914
116.323 39.9914
116.323 39.9914
116.323 39.9914
116.323 39.9914
116.323 39.9914
116.324 39.9914
116.324 39.9914
116.324 39.9914
116.324 39.9914
116.324 39.9914
116.324 39.9914
116.324 39.9914
116.324 39.9914
116.325 39.9914
116.325 39.9914
116.325 39.9914
116.325 39.9914
116.325 39.9914
116.325 39.9914
116.325 39.9914
116.325 39.9914
116.325 39.9914
116.326 39.9914
116.326 39.9914
116.326 39.9914
116.326 39.9913
116.326 39.9913
116.326 39.9913
116.326 39.9912
116.327 39.9912
116.327 39.9912
116.327 39.9912
116.327 39.9912
116.327 39.9912
116.327 39.9912
116.327 39.9912
116.327 39.9913
116.328 39.9913
116.328 39.9914
116.328 39.9914
116.328 39.9914
116.328 39.9915
116.328 39.9915
116.328 39.9915
116.328 39.9915
116.328 39.9915
116.328 39.9915
116.329 39.9914
116.329 39.9915
116.329 39.9915
116.329 39.9915
116.329 39.9918
116.329 39.9918
116.329 39.9919
116.328 39.9922
116.328 39.9925
116.328 39.9926
116.328 39.9926
116.328 39.9935
116.329 39.9934
116.329 39.9931
116.329 39.9929
116.33 39.9918
116.33 39.9918
116.33 39.9917
116.33 39.9916
116.33 39.9916
116.331 39.9916
116.331 39.9916
116.331 39.9916
116.331 39.9916
116.331 39.9915
116.331 39.9915
116.331 39.9915
116.331 39.9916
116.331 39.9916
116.331 39.9916
116.332 39.9916
116.332 39.9942
116.332 39.9942
116.332 39.994
116.332 39.9939
116.332 39.9938
116.332 39.9938
116.333 39.9938
116.333 39.9938
116.334 39.9939
116.334 39.9939
116.334 39.9937
116.334 39.9936
116.334 39.9934
116.334 39.9933
116.333 39.9934
116.333 39.9934
116.333 39.9933
116.333 39.9933
116.333 39.9933
116.333 39.9933
116.333 39.9933
116.332 39.9933
116.332 39.9933
116.332 39.9933
116.332 39.9933
116.332 39.9933
116.332 39.9934
116.332 39.9934
116.332 39.9934
116.332 39.9934
116.331 39.9935
116.331 39.9935
116.331 39.9936
116.331 39.9937
116.331 39.9937
116.331 39.9938
116.331 39.9939
116.33 39.9939
116.329 39.9945
116.329 39.9945
116.329 39.9946
116.329 39.9946
116.329 39.9946
116.329 39.9946
116.328 39.9946
116.328 39.9947
116.338 39.9937
116.337 39.9944
116.337 39.9946
116.337 39.9948
116.336 39.9953
116.336 39.9954
116.336 39.9954
116.335 39.9955
116.333 39.9958
116.332 39.9957
116.332 39.9957
116.331 39.9956
116.33 39.9956
116.33 39.9956
116.329 39.9955
116.329 39.9956
116.328 39.9956
116.316 39.998
116.316 39.9981
116.316 39.9981
116.316 39.9982
116.316 39.9982
116.315 39.9983
116.315 39.9983
116.315 39.9984
116.315 39.9984
116.315 39.9985
116.315 39.9986
116.314 39.9986
116.314 39.9987
116.314 39.9987
116.314 39.9988
116.314 39.9988
116.314 39.9989
116.313 39.9989
116.313 39.999
116.313 39.999
116.313 39.9991
116.313 39.9992
116.312 39.9992
116.312 39.9993
116.312 39.9993
116.312 39.9994
116.311 39.9995
116.311 39.9996
116.311 39.9996
116.311 39.9997
116.31 39.9997
116.31 39.9998
116.31 39.9998
116.309 39.9999
116.309 39.9999
116.309 40
116.309 40.0001
116.308 40.0002
116.308 40.0003
116.308 40.0003
116.307 40.0004
116.307 40.0005
116.307 40.0006
116.307 40.0007
116.306 40.0008
116.306 40.0009
116.305 40.0015
116.304 40.0023
116.304 40.0026
116.303 40.0024
116.303 40.0022
116.302 40.0022
116.302 40.0022
116.302 40.0023
116.301 40.0023
116.301 40.0024
116.3 40.0025
116.3 40.0025
116.3 40.0026
116.299 40.0027
116.299 40.0027
116.299 40.0028
116.298 40.0029
116.298 40.003
116.297 40.003
116.297 40.0031
116.297 40.0032
116.296 40.0033
116.296 40.0034
116.296 40.0035
116.295 40.0036
116.295 40.0037
116.294 40.0038
116.294 40.0042
116.293 40.0043
116.293 40.0044
116.292 40.0045
116.292 40.0046
116.291 40.0047
116.291 40.0048
116.29 40.0048
116.29 40.0049
116.289 40.005
116.289 40.0052
116.288 40.0053
116.288 40.0054
116.287 40.0055
116.287 40.0056
116.287 40.0058
116.286 40.0059
116.286 40.006
116.285 40.0061
116.285 40.0062
116.284 40.0064
116.284 40.0065
116.283 40.0066
116.283 40.0067
116.282 40.0068
116.282 40.0069
116.281 40.0071
116.281 40.0072
116.281 40.0073
116.28 40.0074
116.28 40.0075
116.279 40.0076
116.279 40.0077
116.278 40.0078
116.278 40.0079
116.277 40.008
116.277 40.0081
116.276 40.0082
116.276 40.0083
116.275 40.0084
116.275 40.0085
116.274 40.0086
116.274 40.0087
116.274 40.0088
116.273 40.0089
116.272 40.0091
116.272 40.0092
116.271 40.0093
116.271 40.0094
116.27 40.0096
116.27 40.0097
116.269 40.0098
116.269 40.0099
116.268 40.0101
116.268 40.0102
116.267 40.0103
116.267 40.0104
116.266 40.0105
116.266 40.0106
116.265 40.0107
116.265 40.0108
116.264 40.0109
116.264 40.011
116.263 40.0111
116.263 40.0112
116.262 40.0113
116.262 40.0114
116.262 40.0115
116.261 40.0115
116.261 40.0116
116.26 40.0117
116.26 40.0118
116.26 40.0119
116.259 40.012
116.259 40.0121
116.258 40.0121
116.258 40.0122
116.258 40.0123
116.257 40.0124
116.257 40.0126
116.256 40.0127
116.256 40.0128
116.256 40.0129
116.255 40.013
116.255 40.0131
116.254 40.0132
116.254 40.0133
116.254 40.0134
116.253 40.0135
116.253 40.0136
116.252 40.0138
116.252 40.0139
116.251 40.014
116.251 40.0141
116.251 40.0142
116.25 40.0143
116.25 40.0144
116.249 40.0145
116.249 40.0146
116.248 40.0147
116.248 40.0148
116.247 40.0149
116.247 40.015
116.247 40.0151
116.246 40.0152
116.246 40.0153
116.245 40.0154
116.245 40.0155
116.244 40.0156
116.244 40.0156
116.244 40.0157
116.243 40.0158
116.243 40.0159
116.242 40.016
116.242 40.0161
116.241 40.0162
116.241 40.0163
116.241 40.0164
116.24 40.0166
116.24 40.0167
116.239 40.0168
116.239 40.0169
116.238 40.017
116.238 40.0171
116.237 40.0173
116.237 40.0174
116.236 40.0175
116.236 40.0176
116.235 40.0177
116.235 40.0178
116.234 40.0179
116.234 40.018
116.233 40.0181
116.233 40.0182
116.232 40.0183
116.232 40.0184
116.231 40.0184
116.231 40.0185
116.23 40.0186
116.23 40.0187
116.229 40.0188
116.229 40.0189
116.228 40.019
116.228 40.0191
116.228 40.0192
116.227 40.0193
116.227 40.0194
116.226 40.0195
116.226 40.0196
116.225 40.0197
116.225 40.0198
116.225 40.0199
116.224 40.02
116.224 40.0201
116.223 40.0202
116.223 40.0203
116.222 40.0204
116.222 40.0205
116.222 40.0206
116.221 40.0207
116.221 40.0208
116.22 40.0209
116.22 40.021
116.219 40.0211
116.219 40.0212
116.218 40.0213
116.218 40.0214
116.217 40.0215
116.217 40.0216
116.217 40.0217
116.216 40.0218
116.216 40.0219
116.215 40.0221
116.215 40.0222
116.214 40.0223
116.214 40.0224
116.214 40.0225
116.213 40.0226
116.213 40.0227
116.212 40.0228
116.212 40.0229
116.211 40.023
116.211 40.0231
116.21 40.0232
116.21 40.0233
116.209 40.0235
116.209 40.0236
116.208 40.0237
116.208 40.0239
116.207 40.024
116.207 40.0241
116.206 40.0243
116.206 40.0244
116.206 40.0245
116.205 40.0247
116.205 40.0248
116.204 40.0249
116.204 40.0251
116.203 40.0252
116.203 40.0253
116.202 40.0254
116.202 40.0256
116.201 40.0257
116.201 40.0258
116.2 40.026
116.2 40.0261
116.199 40.0262
116.199 40.0263
116.198 40.0264
116.198 40.0266
116.197 40.0267
116.197 40.0268
116.196 40.027
116.196 40.0271
116.195 40.0272
116.195 40.0274
116.195 40.0275
116.194 40.0276
116.194 40.0277
116.193 40.0279
116.193 40.028
116.192 40.0281
116.192 40.0282
116.191 40.0283
116.191 40.0284
116.191 40.0285
116.19 40.0286
116.19 40.0287
116.189 40.0288
116.189 40.0289
116.188 40.0291
116.188 40.0292
116.188 40.0293
116.187 40.0294
116.187 40.0295
116.186 40.0296
116.186 40.0297
116.185 40.0299
116.185 40.03
116.185 40.0301
116.184 40.0302
116.184 40.0304
116.183 40.0305
116.183 40.0306
116.182 40.0307
116.182 40.0308
116.181 40.0309
116.181 40.031
116.18 40.0312
116.18 40.0313
116.179 40.0314
116.179 40.0316
116.178 40.0317
116.178 40.0318
116.177 40.032
116.177 40.0321
116.176 40.0322
116.176 40.0324
116.176 40.0325
116.175 40.0327
116.175 40.0329
116.174 40.033
116.174 40.0332
116.173 40.0333
116.172 40.0334
116.172 40.0336
116.171 40.0337
116.171 40.0338
116.17 40.0339
116.17 40.0341
116.169 40.0342
116.169 40.0343
116.168 40.0344
116.168 40.0345
116.167 40.0347
116.167 40.0348
116.166 40.0349
116.166 40.0351
116.165 40.0352
116.165 40.0353
116.164 40.0355
116.164 40.0356
116.163 40.0357
116.163 40.0358
116.162 40.036
116.162 40.0361
116.161 40.0362
116.16 40.0363
116.16 40.0364
116.159 40.0366
116.159 40.0367
116.158 40.0368
116.158 40.0369
116.157 40.0371
116.157 40.0372
116.156 40.0373
116.156 40.0375
116.155 40.0376
116.155 40.0377
116.154 40.0379
116.154 40.038
116.153 40.0382
116.153 40.0383
116.152 40.0385
116.152 40.0386
116.151 40.0387
116.151 40.0388
116.15 40.039
116.149 40.0391
116.149 40.0392
116.149 40.0394
116.148 40.0395
116.148 40.0397
116.147 40.0398
116.147 40.04
116.146 40.0401
116.145 40.0403
116.145 40.0404
116.144 40.0406
116.144 40.0408
116.143 40.0409
116.143 40.0411
116.142 40.0413
116.142 40.0415
116.141 40.0416
116.14 40.0418
116.14 40.042
116.139 40.0422
116.139 40.0423
116.138 40.0425
116.137 40.0426
116.137 40.0428
116.136 40.043
116.136 40.0431
116.135 40.0433
116.135 40.0434
116.134 40.0436
116.133 40.0436
116.133 40.0437
116.132 40.0439
116.131 40.044
116.131 40.0442
116.13 40.0443
116.13 40.0445
116.129 40.0447
116.129 40.0448
116.128 40.0449
116.127 40.045
116.127 40.0451
116.126 40.0452
116.126 40.0454
116.125 40.0455
116.124 40.0456
116.124 40.0457
116.123 40.0458
116.122 40.0459
116.122 40.046
116.121 40.0462
116.121 40.0463
116.12 40.0465
116.12 40.0466
116.119 40.0468
116.119 40.0469
116.118 40.047
116.117 40.0472
116.117 40.0473
116.116 40.0474
116.116 40.0475
116.115 40.0477
116.115 40.0478
116.114 40.0479
116.114 40.048
116.113 40.0481
116.113 40.0482
116.113 40.0484
116.112 40.0485
116.112 40.0486
116.111 40.0488
116.111 40.0489
116.11 40.0491
116.11 40.0492
116.109 40.0493
116.109 40.0495
116.108 40.0497
116.108 40.0498
116.107 40.05
116.107 40.0502
116.106 40.0503
116.106 40.0505
116.105 40.0507
116.105 40.0508
116.104 40.0509
116.104 40.0511
116.103 40.0513
116.103 40.0514
116.102 40.0515
116.102 40.0517
116.101 40.0518
116.101 40.0519
116.1 40.0521
116.099 40.0522
116.099 40.0524
116.098 40.0525
116.098 40.0526
116.097 40.0528
116.097 40.0529
116.096 40.053
116.096 40.0532
116.095 40.0533
116.094 40.0535
116.094 40.0537
116.092 40.0511
116.091 40.0511
116.09 40.0511
116.09 40.0511
116.089 40.0511
116.089 40.0511
116.088 40.0512
116.088 40.0513
116.087 40.0514
116.087 40.0515
116.086 40.0516
116.086 40.0517
116.085 40.0518
116.084 40.0519
116.084 40.0521
116.083 40.0522
116.083 40.0523
116.082 40.0525
116.082 40.0526
116.081 40.0528
116.081 40.0529
116.08 40.0531
116.08 40.0532
116.079 40.0534
116.078 40.0536
116.078 40.0537
116.077 40.0539
116.077 40.054
116.076 40.0542
116.076 40.0544
116.075 40.0545
116.075 40.0547
116.074 40.0549
116.073 40.055
116.073 40.0552
116.072 40.0554
116.072 40.0555
116.071 40.0557
116.071 40.0558
116.07 40.056
116.069 40.0561
116.069 40.0563
116.068 40.0564
116.068 40.0565
116.067 40.0567
116.067 40.0568
116.066 40.0569
116.065 40.057
116.065 40.0571
116.064 40.0573
116.064 40.0574
116.063 40.0575
116.062 40.0576
116.062 40.0577
116.061 40.0578
116.061 40.0579
116.06 40.058
116.053 40.0637
116.053 40.0641
116.052 40.0644
116.052 40.0647
116.051 40.065
116.051 40.0654
116.05 40.0657
116.05 40.066
116.049 40.0662
116.045 40.0635
116.045 40.0633
116.044 40.0632
116.044 40.0631
116.043 40.063
116.042 40.063
116.042 40.0629
116.041 40.063
116.041 40.0631
116.04 40.0631
116.039 40.0632
116.025 40.067
116.025 40.0672
116.024 40.0671
116.024 40.0671
116.023 40.067
116.022 40.0671
116.022 40.0672
116.021 40.0672
116.021 40.0673
116.02 40.0674
116.02 40.0675
116.019 40.0676
116.018 40.0677
116.018 40.0678
116.017 40.068
116.017 40.0681
116.016 40.0683
116.016 40.0684
116.015 40.0686
116.014 40.0688
116.014 40.0689
115.999 40.0764
115.998 40.0766
115.998 40.0769
115.997 40.0771
115.996 40.0774
115.996 40.0776
115.995 40.0779
115.865 40.1158
115.865 40.1162
115.864 40.1165
115.864 40.1169
115.863 40.1173
115.862 40.1177
115.862 40.1181
115.861 40.1185
115.861 40.119
115.86 40.1194
115.86 40.1198
115.859 40.1203
115.859 40.1207
115.859 40.1212
115.858 40.1217
115.858 40.1221
115.857 40.1225
115.857 40.1229
115.856 40.1234
115.856 40.1238
115.855 40.1242
115.854 40.1247
115.854 40.125
115.853 40.1254
115.853 40.1258
115.852 40.1261
115.852 40.1265
115.851 40.1268
115.85 40.1271
115.85 40.1274
115.849 40.1277
115.848 40.128
115.848 40.1283
115.847 40.1286
115.847 40.1288
115.846 40.1291
115.845 40.1294
115.845 40.1296
115.844 40.1298
115.843 40.13
115.842 40.1302
115.842 40.1304
115.841 40.1306
115.84 40.1308
115.84 40.131
115.839 40.1311
115.838 40.1313
115.837 40.1315
115.837 40.1316
115.836 40.1318
115.835 40.132
115.835 40.1322
115.834 40.1325
115.833 40.1328
115.833 40.133
115.832 40.1332
115.831 40.1335
115.83 40.1337
115.83 40.134
115.829 40.1342
115.828 40.1344
115.828 40.1346
115.827 40.1349
115.826 40.1351
115.825 40.1354
115.825 40.1356
115.824 40.1358
115.823 40.1361
115.822 40.1363
115.822 40.1364
115.821 40.1366
115.82 40.1368
115.805 40.1401
115.804 40.1403
115.804 40.1405
115.803 40.1407
115.802 40.1409
115.802 40.1412
115.801 40.1414
115.8 40.1416
115.799 40.1418
115.799 40.142
115.798 40.1423
115.797 40.1425
115.796 40.1427
115.796 40.143
115.795 40.1432
115.794 40.1434
115.794 40.1436
115.793 40.1438
115.792 40.144
115.791 40.1442
115.791 40.1444
115.79 40.1446
115.789 40.1449
115.788 40.1451
115.788 40.1453
115.787 40.1455
115.786 40.1457
115.786 40.1459
115.785 40.1462
115.784 40.1464
115.783 40.1466
115.783 40.1468
115.782 40.147
115.781 40.1473
115.781 40.1475
115.78 40.1477
115.779 40.1479
115.778 40.1481
116.351 40.0321
116.351 40.032
116.351 40.0319
116.351 40.0316
116.351 40.0316
116.351 40.0315
116.351 40.0315
116.352 40.0315
116.352 40.0315
116.352 40.0315
116.352 40.0316
116.352 40.0318
116.352 40.0319
116.352 40.032
116.352 40.032
116.352 40.032
116.352 40.032
116.352 40.0321
116.352 40.0322
116.352 40.0322
116.352 40.0322
116.353 40.0323
116.353 40.0323
116.353 40.0324
116.353 40.0324
116.353 40.0324
116.353 40.0325
116.353 40.0325
116.353 40.0326
116.353 40.0325
116.354 40.0325
116.354 40.0324
116.354 40.0323
116.354 40.0322
116.354 40.0322
116.353 40.0322
116.354 40.0321
116.354 40.032
116.354 40.032
116.354 40.032
116.354 40.032
116.354 40.0321
116.354 40.0321
116.354 40.0322
116.354 40.0322
116.354 40.0323
116.354 40.0323
116.355 40.0323
116.355 40.0322
116.355 40.0322
116.355 40.0323
116.355 40.0324
116.355 40.0324
116.355 40.0325
116.355 40.0325
116.355 40.0325
116.355 40.0325
116.355 40.0326
116.356 40.0326
116.356 40.0326
116.356 40.0326
116.356 40.0326
116.356 40.0326
116.356 40.0327
116.356 40.0328
116.356 40.0328
116.356 40.0329
116.356 40.0329
116.356 40.0329
116.357 40.033
116.357 40.033
116.357 40.033
116.357 40.033
116.355 40.0329
116.355 40.033
116.355 40.0331
116.354 40.0331
116.354 40.0331
116.354 40.0331
116.354 40.0332
116.354 40.0333
116.354 40.0333
116.354 40.0334
