116.257 39.8601
116.257 39.86
116.257 39.86
116.257 39.8599
116.257 39.8599
116.257 39.8598
116.258 39.8597
116.258 39.8596
116.258 39.8595
116.258 39.8594
116.258 39.8593
116.258 39.8593
116.258 39.8594
116.258 39.8594
116.258 39.8594
116.258 39.8594
116.258 39.8595
116.259 39.8595
116.259 39.8595
116.259 39.8595
116.259 39.8595
116.259 39.8596
116.259 39.8595
116.259 39.8596
116.259 39.8597
116.259 39.8599
116.259 39.86
116.259 39.8602
116.259 39.8604
116.259 39.8604
116.259 39.8605
116.259 39.8606
116.259 39.8607
116.259 39.8608
116.259 39.8609
116.259 39.861
116.259 39.8612
116.259 39.8613
116.259 39.8614
116.259 39.8615
116.259 39.8616
116.259 39.8617
116.259 39.8618
116.259 39.8619
116.259 39.862
116.259 39.8621
116.259 39.8622
116.258 39.8624
116.258 39.8625
116.258 39.8626
116.258 39.8627
116.258 39.8629
116.258 39.863
116.258 39.8632
116.258 39.8633
116.258 39.8634
116.258 39.8635
116.259 39.8636
116.259 39.8637
116.259 39.8639
116.259 39.8641
116.259 39.8642
116.259 39.8643
116.259 39.8644
116.259 39.8645
116.259 39.8646
116.259 39.8647
116.259 39.8649
116.259 39.865
116.258 39.8652
116.258 39.8653
116.258 39.8654
116.258 39.8655
116.258 39.8656
116.258 39.8658
116.258 39.8659
116.258 39.8661
116.258 39.8661
116.258 39.8661
116.258 39.8662
116.258 39.8662
116.258 39.8663
116.258 39.8663
116.257 39.8664
116.257 39.8664
116.257 39.8665
116.257 39.8666
116.257 39.8667
116.257 39.8668
116.258 39.8668
116.258 39.8669
116.258 39.8669
116.258 39.867
116.258 39.867
116.258 39.8671
116.258 39.8672
116.258 39.8672
116.258 39.8673
116.259 39.8673
116.259 39.8674
116.259 39.8675
116.259 39.8675
116.259 39.8676
116.259 39.8677
116.259 39.8678
116.26 39.8679
116.26 39.8679
116.26 39.868
116.26 39.8681
116.26 39.8682
116.26 39.8683
116.261 39.8683
116.261 39.8684
116.261 39.8685
116.261 39.8686
116.261 39.8687
116.261 39.8688
116.262 39.8689
116.262 39.8689
116.262 39.869
116.262 39.8691
116.262 39.8692
116.263 39.8693
116.263 39.8694
116.263 39.8695
116.263 39.8696
116.263 39.8697
116.264 39.8698
116.264 39.8699
116.264 39.87
116.264 39.87
116.264 39.8701
116.264 39.8702
116.265 39.8703
116.265 39.8704
116.265 39.8705
116.265 39.8706
116.265 39.8707
116.266 39.8708
116.266 39.8709
116.266 39.871
116.266 39.871
116.266 39.8711
116.266 39.8712
116.267 39.8713
116.267 39.8714
116.267 39.8715
116.267 39.8715
116.267 39.8716
116.268 39.8717
116.268 39.8718
116.268 39.8719
116.268 39.872
116.268 39.872
116.268 39.8721
116.269 39.8722
116.269 39.8723
116.269 39.8724
116.269 39.8725
116.269 39.8726
116.269 39.8726
116.27 39.8727
116.27 39.8728
116.27 39.8729
116.27 39.873
116.27 39.8731
116.271 39.8732
116.271 39.8733
116.271 39.8734
116.271 39.8734
116.271 39.8735
116.271 39.8736
116.272 39.8737
116.272 39.8738
116.272 39.8739
116.272 39.874
116.272 39.8741
116.273 39.8742
116.273 39.8743
116.273 39.8744
116.273 39.8745
116.273 39.8746
116.274 39.8746
116.274 39.8747
116.274 39.8748
116.274 39.8749
116.274 39.875
116.275 39.8751
116.275 39.8752
116.275 39.8752
116.275 39.8753
116.275 39.8754
116.276 39.8755
116.276 39.8755
116.276 39.8756
116.276 39.8757
116.276 39.8757
116.276 39.8758
116.277 39.8759
116.277 39.8759
116.277 39.876
116.277 39.876
116.278 39.8761
116.278 39.8762
116.278 39.8762
116.278 39.8763
116.278 39.8763
116.279 39.8764
116.279 39.8764
116.279 39.8765
116.279 39.8766
116.28 39.8766
116.28 39.8766
116.28 39.8767
116.28 39.8767
116.281 39.8768
116.281 39.8768
116.281 39.8769
116.281 39.8769
116.281 39.877
116.282 39.877
116.282 39.8771
116.282 39.8771
116.282 39.8772
116.283 39.8772
116.283 39.8773
116.283 39.8773
116.283 39.8774
116.284 39.8774
116.284 39.8775
116.284 39.8775
116.284 39.8776
116.285 39.8776
116.285 39.8777
116.285 39.8777
116.285 39.8778
116.285 39.8778
116.286 39.8778
116.286 39.8779
116.286 39.8779
116.286 39.878
116.287 39.878
116.287 39.878
116.287 39.8781
116.287 39.8781
116.288 39.8782
116.288 39.8782
116.288 39.8782
116.288 39.8783
116.288 39.8783
116.289 39.8784
116.289 39.8784
116.289 39.8785
116.289 39.8785
116.289 39.8786
116.29 39.8786
116.29 39.8786
116.29 39.8787
116.29 39.8787
116.29 39.8787
116.291 39.8788
116.291 39.8788
116.291 39.8788
116.291 39.8789
116.292 39.8789
116.292 39.8789
116.292 39.879
116.292 39.879
116.292 39.8791
116.293 39.8791
116.293 39.8791
116.293 39.8792
116.293 39.8792
116.294 39.8793
116.294 39.8793
116.294 39.8794
116.294 39.8794
116.294 39.8794
116.295 39.8795
116.295 39.8795
116.295 39.8796
116.295 39.8796
116.295 39.8797
116.296 39.8797
116.296 39.8798
116.296 39.8798
116.296 39.8799
116.296 39.8799
116.297 39.88
116.297 39.88
116.297 39.8801
116.297 39.8802
116.297 39.8802
116.298 39.8803
116.298 39.8804
116.298 39.8804
116.298 39.8805
116.298 39.8806
116.298 39.8807
116.299 39.8807
116.299 39.8808
116.299 39.8809
116.299 39.881
116.299 39.881
116.3 39.8811
116.3 39.8812
116.3 39.8813
116.3 39.8813
116.3 39.8814
116.3 39.8815
116.301 39.8815
116.301 39.8816
116.301 39.8817
116.301 39.8818
116.301 39.8818
116.301 39.8819
116.302 39.882
116.302 39.882
116.302 39.8821
116.302 39.8822
116.302 39.8822
116.302 39.8823
116.302 39.8824
116.303 39.8824
116.303 39.8825
116.303 39.8825
116.303 39.8826
116.303 39.8826
116.303 39.8827
116.303 39.8827
116.303 39.8828
116.303 39.8828
116.304 39.8829
116.304 39.8829
116.304 39.883
116.304 39.883
116.304 39.8831
116.304 39.8831
116.304 39.8832
116.304 39.8832
116.305 39.8833
116.305 39.8834
116.305 39.8834
116.305 39.8835
116.305 39.8835
116.305 39.8835
116.305 39.8834
116.305 39.8833
116.305 39.8831
116.305 39.883
116.305 39.8828
116.305 39.8827
116.305 39.8826
116.305 39.8825
116.305 39.8825
116.305 39.8825
116.305 39.8825
116.305 39.8825
116.305 39.8826
116.305 39.8827
116.305 39.8829
116.305 39.8829
116.304 39.883
116.304 39.8831
116.304 39.8832
116.304 39.8833
116.304 39.8834
116.304 39.8835
116.304 39.8837
116.304 39.8838
116.304 39.884
116.304 39.8841
116.304 39.8842
116.304 39.8844
116.304 39.8845
116.304 39.8846
116.304 39.8848
116.304 39.8849
116.304 39.885
116.304 39.8852
116.304 39.8853
116.304 39.8854
116.304 39.8856
116.304 39.8857
116.304 39.8858
116.304 39.886
116.304 39.8861
116.304 39.8863
116.304 39.8864
116.304 39.8865
116.304 39.8867
116.304 39.8868
116.304 39.887
116.304 39.8871
116.304 39.8873
116.304 39.8874
116.304 39.8875
116.304 39.8877
116.304 39.8878
116.304 39.888
116.304 39.8881
116.304 39.8883
116.304 39.8884
116.304 39.8885
116.304 39.8886
116.304 39.8887
116.304 39.8888
116.304 39.8889
116.304 39.889
116.304 39.8891
116.304 39.8892
116.304 39.8893
116.304 39.8894
116.304 39.8895
116.304 39.8896
116.304 39.8897
116.304 39.8898
116.304 39.8899
116.304 39.89
116.304 39.8901
116.304 39.8903
116.304 39.8904
116.304 39.8905
116.304 39.8906
116.304 39.8907
116.304 39.8908
116.304 39.8909
116.304 39.891
116.304 39.8911
116.304 39.8912
116.304 39.8913
116.304 39.8914
116.304 39.8915
116.304 39.8916
116.304 39.8917
116.304 39.8918
116.304 39.8919
116.304 39.892
116.304 39.892
116.304 39.8921
116.304 39.8922
116.304 39.8923
116.304 39.8924
116.304 39.8926
116.304 39.8927
116.304 39.8928
116.304 39.8929
116.304 39.893
116.304 39.8931
116.304 39.8933
116.304 39.8934
116.304 39.8935
116.304 39.8936
116.304 39.8937
116.304 39.8939
116.304 39.894
116.304 39.8941
116.304 39.8943
116.304 39.8944
116.304 39.8945
116.304 39.8946
116.304 39.8947
116.304 39.8949
116.304 39.895
116.304 39.8951
116.304 39.8952
116.304 39.8953
116.304 39.8955
116.304 39.8956
116.304 39.896
116.304 39.8962
116.304 39.8963
116.304 39.8964
116.304 39.8965
116.304 39.8967
116.304 39.8968
116.304 39.8969
116.304 39.897
116.304 39.8971
116.304 39.8972
116.304 39.8974
116.304 39.8976
116.304 39.8977
116.304 39.8979
116.304 39.898
116.304 39.8981
116.304 39.8982
116.304 39.8983
116.304 39.8984
116.304 39.8985
116.304 39.8987
116.304 39.8988
116.304 39.899
116.304 39.8991
116.304 39.8993
116.304 39.8994
116.304 39.8996
116.304 39.8998
116.304 39.8999
116.304 39.9
116.304 39.9001
116.304 39.9002
116.304 39.9003
116.304 39.9004
116.304 39.9005
116.304 39.9006
116.304 39.9007
116.304 39.9008
116.304 39.9009
116.304 39.901
116.304 39.9011
116.304 39.9012
116.304 39.9013
116.304 39.9015
116.304 39.9016
116.304 39.9017
116.304 39.9018
116.304 39.9019
116.304 39.902
116.304 39.9022
116.304 39.9023
116.304 39.9024
116.304 39.9025
116.304 39.9026
116.304 39.9027
116.304 39.9028
116.304 39.903
116.304 39.9031
116.304 39.9032
116.304 39.9033
116.304 39.9034
116.304 39.9035
116.304 39.9036
116.304 39.9037
116.304 39.9039
116.304 39.904
116.304 39.9042
116.304 39.9043
116.304 39.9045
116.304 39.9046
116.304 39.9047
116.304 39.9048
116.304 39.9049
116.304 39.905
116.304 39.9051
116.304 39.9052
116.304 39.9053
116.304 39.9053
116.304 39.9054
116.304 39.9055
116.304 39.9057
116.304 39.9058
116.304 39.9059
116.304 39.906
116.304 39.9061
116.304 39.9062
116.304 39.9063
116.304 39.9064
116.304 39.9065
116.304 39.9066
116.304 39.9068
116.304 39.9069
116.304 39.907
116.304 39.9071
116.304 39.9072
116.304 39.9073
116.304 39.9075
116.304 39.9076
116.304 39.9077
116.304 39.9078
116.304 39.9079
116.304 39.9081
116.304 39.9082
116.304 39.9083
116.304 39.9085
116.304 39.9086
116.304 39.9088
116.304 39.9089
116.304 39.9091
116.304 39.9092
116.304 39.9094
116.304 39.9095
116.304 39.9096
116.304 39.9098
116.304 39.9099
116.304 39.91
116.304 39.9102
116.304 39.9103
116.304 39.9104
116.304 39.9105
116.304 39.9106
116.304 39.9107
116.304 39.9108
116.304 39.9109
116.304 39.9111
116.304 39.9112
116.304 39.9113
116.304 39.9115
116.304 39.9117
116.304 39.9118
116.304 39.912
116.304 39.9121
116.304 39.9123
116.304 39.9124
116.304 39.9125
116.304 39.9126
116.304 39.9127
116.304 39.9128
116.304 39.9129
116.304 39.9131
116.304 39.9132
116.304 39.9133
116.304 39.9135
116.304 39.9136
116.304 39.9137
116.304 39.9139
116.304 39.914
116.304 39.9141
116.304 39.9143
116.304 39.9144
116.304 39.9145
116.304 39.9147
116.304 39.9148
116.304 39.9149
116.304 39.9151
116.304 39.9152
116.304 39.9153
116.304 39.9154
116.304 39.9156
116.304 39.9157
116.304 39.9158
116.304 39.9159
116.304 39.916
116.304 39.9162
116.304 39.9163
116.304 39.9164
116.304 39.9165
116.304 39.9166
116.304 39.9167
116.304 39.9168
116.304 39.9169
116.304 39.917
116.304 39.9171
116.304 39.9172
116.304 39.9173
116.304 39.9174
116.304 39.9175
116.304 39.9176
116.304 39.9177
116.304 39.9178
116.304 39.9179
116.304 39.918
116.304 39.9181
116.304 39.9182
116.304 39.9184
116.304 39.9185
116.304 39.9186
116.304 39.9187
116.304 39.9189
116.304 39.919
116.304 39.9191
116.304 39.9193
116.304 39.9194
116.304 39.9195
116.304 39.9196
116.304 39.9197
116.304 39.9199
116.304 39.92
116.304 39.9201
116.304 39.9202
116.304 39.9203
116.304 39.9204
116.304 39.9205
116.304 39.9206
116.304 39.9207
116.304 39.9208
116.304 39.9209
116.304 39.9211
116.304 39.9212
116.304 39.9213
116.304 39.9214
116.304 39.9215
116.304 39.9216
116.304 39.9217
116.305 39.9218
116.305 39.9219
116.305 39.922
116.305 39.922
116.305 39.9221
116.305 39.9222
116.305 39.9223
116.305 39.9223
116.305 39.9224
116.306 39.9224
116.306 39.9224
116.306 39.9224
116.306 39.9223
116.306 39.9222
116.306 39.9222
116.306 39.9222
116.306 39.9222
116.306 39.9222
116.307 39.9222
116.307 39.9223
116.307 39.9223
116.307 39.9223
116.307 39.9223
116.307 39.9223
116.307 39.9223
116.307 39.9224
116.308 39.9224
116.308 39.9224
116.308 39.9224
116.308 39.9224
116.308 39.9224
116.308 39.9224
116.308 39.9224
116.308 39.9225
116.308 39.9225
116.309 39.9225
116.309 39.9225
116.309 39.9225
116.309 39.9225
116.309 39.9225
116.309 39.9225
116.309 39.9225
116.31 39.9225
116.31 39.9225
116.31 39.9226
116.31 39.9226
116.31 39.9226
116.31 39.9226
116.31 39.9226
116.311 39.9226
116.311 39.9226
116.311 39.9226
116.311 39.9226
116.311 39.9226
116.311 39.9226
116.311 39.9226
116.311 39.9227
116.311 39.9227
116.312 39.9227
116.312 39.9227
116.312 39.9227
116.312 39.9226
116.312 39.9227
116.312 39.9226
116.312 39.9226
116.313 39.9226
116.313 39.9227
116.313 39.9227
116.313 39.9227
116.313 39.9227
116.313 39.9227
116.313 39.9227
116.313 39.9227
116.313 39.9228
116.313 39.9229
116.313 39.9229
116.313 39.9229
116.313 39.9229
116.313 39.9229
116.313 39.9229
116.313 39.9229
116.313 39.9228
116.313 39.9227
116.312 39.9226
116.312 39.9225
116.312 39.9224
116.312 39.9225
116.312 39.9224
116.312 39.9225
116.312 39.9226
116.312 39.9227
116.312 39.9228
116.313 39.9228
116.312 39.9228
116.312 39.9228
116.312 39.9227
116.312 39.9227
116.312 39.9227
116.312 39.9227
116.312 39.9227
116.312 39.9227
116.312 39.9227
116.311 39.9227
116.311 39.9227
116.311 39.9227
116.311 39.9227
116.311 39.9227
116.311 39.9227
116.311 39.9227
116.31 39.9227
116.31 39.9227
116.31 39.9227
116.31 39.9227
116.31 39.9227
116.31 39.9226
116.31 39.9225
116.31 39.9225
116.31 39.9225
116.309 39.9225
116.309 39.9226
116.309 39.9226
116.309 39.9226
116.309 39.9226
116.309 39.9226
116.309 39.9226
116.309 39.9226
116.309 39.9226
116.309 39.9226
116.308 39.9226
116.308 39.9226
116.308 39.9226
116.308 39.9226
116.308 39.9226
116.308 39.9225
116.308 39.9225
116.308 39.9225
116.308 39.9225
116.309 39.9225
116.309 39.9225
116.309 39.9225
116.309 39.9225
116.309 39.9224
116.309 39.9224
116.309 39.9224
116.309 39.9224
116.31 39.9224
116.31 39.9224
116.31 39.9224
116.31 39.9224
116.31 39.9224
116.31 39.9223
116.31 39.9223
116.31 39.9223
116.311 39.9223
116.311 39.9223
116.311 39.9223
116.311 39.9223
116.311 39.9224
116.311 39.9224
116.311 39.9224
116.311 39.9224
116.312 39.9224
116.312 39.9224
116.312 39.9224
116.312 39.9224
116.312 39.9224
116.312 39.9224
116.312 39.9224
116.313 39.9224
116.313 39.9224
116.313 39.9224
116.313 39.9223
116.313 39.9223
116.313 39.9223
116.313 39.9223
116.313 39.9223
116.314 39.9223
116.314 39.9222
116.314 39.9222
116.314 39.9222
116.314 39.9222
116.314 39.9222
116.314 39.9222
116.314 39.9222
116.315 39.9222
116.315 39.9222
116.315 39.9222
116.315 39.9222
116.315 39.9222
116.315 39.9223
116.315 39.9222
116.315 39.9222
116.316 39.9222
116.316 39.9223
116.316 39.9223
116.316 39.9223
116.316 39.9222
116.316 39.9222
116.316 39.9222
116.316 39.9223
116.316 39.9223
116.317 39.9223
116.317 39.9223
116.317 39.9223
116.317 39.9223
116.317 39.9223
116.317 39.9223
116.317 39.9223
116.317 39.9223
116.317 39.9222
116.318 39.9222
116.318 39.9222
116.318 39.9222
116.318 39.9222
116.318 39.9222
116.318 39.9222
116.318 39.9222
116.318 39.9222
116.319 39.9222
116.319 39.9222
116.319 39.9222
116.319 39.9222
116.319 39.9222
116.319 39.9222
116.319 39.9222
116.319 39.9222
116.319 39.9222
116.32 39.9222
116.32 39.9222
116.32 39.9222
116.32 39.9222
116.32 39.9222
116.32 39.9222
116.32 39.9221
116.32 39.9221
116.321 39.9221
116.321 39.9221
116.321 39.9221
116.321 39.9221
116.321 39.9221
116.321 39.9221
116.321 39.9221
116.322 39.9221
116.322 39.9221
116.322 39.922
116.322 39.922
116.322 39.922
116.322 39.922
116.323 39.922
116.323 39.922
116.323 39.922
116.323 39.922
116.323 39.922
116.323 39.9219
116.324 39.9219
116.324 39.9219
116.324 39.9219
116.324 39.9219
116.324 39.9219
116.325 39.9219
116.325 39.9219
116.325 39.9219
116.325 39.9219
116.325 39.9219
116.325 39.9218
116.326 39.9218
116.326 39.9218
116.326 39.9218
116.326 39.9218
116.326 39.9218
116.326 39.9218
116.326 39.9218
116.327 39.9218
116.327 39.9218
116.327 39.9217
116.327 39.9217
116.327 39.9217
116.327 39.9217
116.327 39.9217
116.327 39.9217
116.328 39.9217
116.328 39.9217
116.328 39.9217
116.328 39.9217
116.328 39.9217
116.328 39.9217
116.328 39.9217
116.328 39.9217
116.33 39.9216
116.33 39.9216
116.33 39.9217
116.33 39.9217
116.331 39.9217
116.331 39.9217
116.331 39.9217
116.331 39.9217
116.331 39.9217
116.331 39.9217
116.332 39.9217
116.332 39.9217
116.332 39.9218
116.332 39.9218
116.332 39.9218
116.335 39.9218
116.335 39.9218
116.335 39.9218
116.335 39.9218
116.335 39.9218
116.335 39.9218
116.335 39.9218
116.336 39.9218
116.336 39.9218
116.336 39.9218
116.336 39.9218
116.336 39.9218
116.336 39.9218
116.336 39.9218
116.337 39.9218
116.337 39.9218
116.337 39.9218
116.337 39.9218
116.337 39.9218
116.337 39.9218
116.337 39.9219
116.337 39.9219
116.337 39.9219
116.338 39.9219
116.338 39.9219
116.338 39.9219
116.338 39.922
116.338 39.922
116.338 39.922
116.338 39.922
116.338 39.922
116.338 39.9219
116.338 39.9219
116.339 39.9219
116.339 39.9219
116.339 39.9219
116.339 39.9219
116.339 39.9219
116.339 39.9219
116.339 39.9219
116.339 39.9219
116.339 39.9219
116.34 39.9219
116.34 39.9219
116.34 39.9219
116.34 39.9219
116.34 39.922
116.34 39.922
116.34 39.922
116.34 39.922
116.341 39.9219
116.341 39.9219
116.341 39.9219
116.341 39.9219
116.341 39.9219
116.341 39.922
116.341 39.922
116.341 39.922
116.342 39.922
116.342 39.922
116.342 39.922
116.342 39.922
116.342 39.922
116.342 39.922
116.342 39.922
116.342 39.922
116.343 39.922
116.343 39.922
116.343 39.922
116.343 39.922
116.343 39.922
116.343 39.922
116.343 39.922
116.344 39.922
116.344 39.922
116.344 39.922
116.344 39.922
116.344 39.922
116.344 39.922
116.344 39.922
116.344 39.9221
116.345 39.9221
116.345 39.9221
116.345 39.9221
116.345 39.9221
116.345 39.9221
116.345 39.9221
116.345 39.9221
116.346 39.9221
116.346 39.9221
116.346 39.922
116.346 39.922
116.346 39.922
116.346 39.9221
116.346 39.9221
116.346 39.922
116.347 39.922
116.347 39.922
116.347 39.922
116.347 39.922
116.347 39.922
116.347 39.922
116.347 39.922
116.347 39.922
116.348 39.922
116.348 39.922
116.348 39.922
116.348 39.9221
116.348 39.9221
116.348 39.9221
116.348 39.9221
116.348 39.9221
116.349 39.9221
116.349 39.9221
116.349 39.9221
116.349 39.9221
116.349 39.9221
116.349 39.9221
116.349 39.9221
116.349 39.922
116.349 39.9219
116.349 39.9217
116.349 39.9216
116.349 39.9215
116.349 39.9213
116.349 39.9212
116.349 39.9211
116.35 39.921
116.35 39.9208
116.35 39.9207
116.35 39.9206
116.35 39.9205
116.35 39.9205
116.35 39.9204
116.35 39.9203
116.35 39.9202
116.35 39.9201
116.35 39.92
116.35 39.9198
116.35 39.9197
116.35 39.9195
116.35 39.9193
116.35 39.9192
116.35 39.9191
116.35 39.919
116.35 39.9189
116.35 39.9188
116.35 39.9187
116.35 39.9186
116.35 39.9184
116.35 39.9183
116.35 39.9182
116.35 39.9181
116.35 39.918
116.35 39.9178
116.35 39.9177
116.35 39.9176
116.35 39.9175
116.35 39.9174
116.35 39.9172
116.35 39.9171
116.35 39.917
116.35 39.9168
116.35 39.9167
116.35 39.9166
116.35 39.9164
116.35 39.9163
116.35 39.9162
116.35 39.916
116.35 39.9159
116.35 39.9158
116.35 39.9157
116.35 39.9155
116.35 39.9154
116.35 39.9152
116.35 39.9151
116.35 39.915
116.35 39.9148
116.35 39.9147
116.35 39.9145
116.35 39.9144
116.35 39.9143
116.35 39.9141
116.35 39.914
116.35 39.9138
116.35 39.9137
116.35 39.9136
116.35 39.9134
116.35 39.9133
116.35 39.9132
116.35 39.913
116.35 39.9129
116.35 39.9127
116.35 39.9126
116.35 39.9124
116.35 39.9123
116.35 39.9121
116.35 39.912
116.35 39.9119
116.35 39.9117
116.35 39.9116
116.35 39.9114
116.35 39.9113
116.35 39.9111
116.35 39.911
116.35 39.9109
116.35 39.9107
116.35 39.9106
116.35 39.9104
116.35 39.9103
116.35 39.9101
116.35 39.91
116.35 39.9099
116.35 39.9097
116.35 39.9096
116.35 39.9095
116.35 39.9094
116.35 39.9093
116.35 39.9092
116.35 39.9091
116.35 39.9089
116.35 39.9088
116.35 39.9086
116.35 39.9085
116.35 39.9083
116.35 39.9082
116.35 39.908
116.35 39.9079
116.35 39.9077
116.35 39.9076
116.35 39.9074
116.35 39.9073
116.35 39.9072
116.35 39.9071
116.35 39.907
116.35 39.9069
116.35 39.9068
116.35 39.9067
116.35 39.9066
116.35 39.9065
116.35 39.9064
116.35 39.9062
116.35 39.9061
116.35 39.906
116.35 39.9059
116.35 39.9057
116.35 39.9056
116.35 39.9055
116.35 39.9054
116.35 39.9053
116.35 39.9052
116.35 39.9051
116.35 39.9049
116.35 39.9047
116.35 39.9046
116.35 39.9044
116.35 39.9043
116.35 39.9042
116.35 39.904
116.35 39.9039
116.35 39.9037
116.35 39.9035
116.35 39.9034
116.35 39.9032
116.35 39.9031
116.35 39.9029
116.35 39.9027
116.35 39.9026
116.35 39.9024
116.35 39.9023
116.35 39.9022
116.35 39.902
116.35 39.9019
116.35 39.9017
116.35 39.9016
116.35 39.9015
116.35 39.9014
116.35 39.9012
116.35 39.9011
116.35 39.901
116.35 39.9008
116.35 39.9007
116.35 39.9006
116.35 39.9005
116.35 39.9003
116.35 39.9002
116.35 39.9
116.35 39.8999
116.35 39.8997
116.351 39.8996
116.351 39.8994
116.351 39.8993
116.35 39.8992
116.35 39.899
116.35 39.8989
116.35 39.8987
116.35 39.8986
116.35 39.8984
116.35 39.8982
116.35 39.8981
116.35 39.898
116.35 39.8979
116.35 39.8977
116.35 39.8976
116.35 39.8975
116.35 39.8975
116.349 39.8974
116.349 39.8973
116.349 39.8973
116.349 39.8972
116.349 39.8972
116.349 39.8972
116.349 39.8972
116.349 39.8971
116.349 39.8971
116.348 39.8971
116.348 39.8971
116.348 39.8971
116.348 39.8971
116.348 39.897
116.348 39.897
116.348 39.897
116.348 39.897
116.348 39.897
116.347 39.897
116.347 39.897
116.347 39.897
116.347 39.897
116.347 39.897
116.347 39.897
116.347 39.897
116.347 39.897
116.346 39.8969
116.346 39.8969
116.346 39.8969
116.346 39.8969
116.346 39.8969
116.346 39.8969
116.346 39.8969
116.346 39.8969
116.346 39.8969
116.345 39.8969
116.345 39.8969
116.345 39.8969
116.345 39.8969
116.345 39.8969
116.345 39.8969
116.345 39.8968
116.345 39.8968
116.344 39.8968
116.344 39.8968
116.344 39.8967
116.344 39.8967
116.344 39.8966
116.344 39.8966
116.344 39.8965
116.343 39.8964
116.343 39.8964
116.343 39.8963
116.343 39.8962
116.343 39.8961
116.343 39.896
116.343 39.8959
116.343 39.8957
116.343 39.8956
116.343 39.8954
116.342 39.8953
116.342 39.8952
116.342 39.895
116.342 39.8949
116.342 39.8947
116.342 39.8946
116.342 39.8944
116.342 39.8943
116.342 39.8941
116.342 39.894
116.342 39.8938
116.342 39.8937
116.342 39.8935
116.342 39.8934
116.342 39.8933
116.342 39.8931
116.342 39.893
116.342 39.8929
116.342 39.8927
116.342 39.8926
116.342 39.8925
116.342 39.8924
116.342 39.8923
116.342 39.8921
116.342 39.892
116.342 39.8919
116.342 39.8918
116.342 39.8917
116.342 39.8916
116.342 39.8914
116.342 39.8912
116.343 39.8911
116.343 39.891
116.343 39.8909
116.343 39.8908
116.343 39.8907
116.343 39.8906
116.343 39.8905
116.343 39.8903
116.343 39.8902
116.343 39.8901
116.343 39.8899
116.343 39.8898
116.343 39.8896
116.343 39.8895
116.343 39.8894
116.343 39.8892
116.343 39.8891
116.343 39.8889
116.343 39.8888
116.343 39.8886
116.343 39.8885
116.343 39.8883
116.343 39.8882
116.343 39.8881
116.343 39.8879
116.343 39.8878
116.343 39.8877
116.343 39.8875
116.343 39.8874
116.343 39.8872
116.343 39.8871
116.343 39.887
116.343 39.8869
116.343 39.8867
116.343 39.8866
116.343 39.8865
116.343 39.8863
116.343 39.8862
116.343 39.8861
116.343 39.886
116.343 39.8858
116.343 39.8857
116.343 39.8856
116.343 39.8854
116.343 39.8853
116.343 39.8852
116.343 39.885
116.343 39.8849
116.343 39.8848
116.343 39.8846
116.343 39.8845
116.343 39.8844
116.343 39.8842
116.343 39.8841
116.343 39.884
116.343 39.8838
116.343 39.8837
116.343 39.8835
116.343 39.8834
116.343 39.8832
116.343 39.8831
116.343 39.8829
116.343 39.8828
116.343 39.8826
116.343 39.8825
116.343 39.8823
116.343 39.8822
116.343 39.8821
116.343 39.8819
116.343 39.8818
116.343 39.8816
116.343 39.8815
116.343 39.8813
116.343 39.8812
116.343 39.8811
116.343 39.881
116.343 39.8808
116.343 39.8807
116.343 39.8806
116.343 39.8805
116.343 39.8804
116.343 39.8802
116.343 39.8801
116.343 39.88
116.343 39.8799
116.343 39.8797
116.343 39.8796
116.343 39.8795
116.343 39.8794
116.343 39.8792
116.343 39.8791
116.343 39.879
116.343 39.8788
116.343 39.8787
116.343 39.8785
116.343 39.8784
116.343 39.8783
116.343 39.8781
116.343 39.878
116.343 39.8779
116.343 39.8777
116.343 39.8776
116.343 39.8775
116.343 39.8773
116.343 39.8772
116.343 39.8771
116.343 39.877
116.343 39.8768
116.343 39.8767
116.343 39.8766
116.343 39.8765
116.343 39.8763
116.343 39.8762
116.343 39.8761
116.343 39.8759
116.343 39.8758
116.343 39.8757
116.343 39.8756
116.343 39.8754
116.343 39.8753
116.343 39.8752
116.343 39.8751
116.343 39.8749
116.343 39.8748
116.343 39.8747
116.343 39.8746
116.343 39.8744
116.343 39.8743
116.343 39.8742
116.343 39.874
116.343 39.8739
116.343 39.8738
116.343 39.8737
116.343 39.8735
116.343 39.8734
116.343 39.8733
116.343 39.8732
116.343 39.873
116.343 39.8729
116.343 39.8728
116.343 39.8727
116.343 39.8725
116.343 39.8724
116.343 39.8723
116.343 39.8721
116.343 39.872
116.343 39.8719
116.343 39.8717
116.343 39.8716
116.343 39.8715
116.343 39.8713
116.343 39.8712
116.343 39.8711
116.343 39.8709
116.343 39.8708
116.343 39.8706
116.343 39.8705
116.343 39.8704
116.343 39.8702
116.343 39.8701
116.343 39.87
116.343 39.8698
116.343 39.8697
116.343 39.8696
116.343 39.8695
116.343 39.8694
116.343 39.8692
116.343 39.8691
116.343 39.869
116.343 39.8689
116.343 39.8688
116.343 39.8687
116.343 39.8686
116.343 39.8684
116.343 39.8683
116.343 39.8682
116.343 39.8681
116.343 39.868
116.343 39.8679
116.343 39.8678
116.344 39.8677
116.344 39.8676
116.344 39.8675
116.344 39.8675
116.344 39.8674
116.344 39.8673
116.344 39.8673
116.345 39.8672
116.345 39.8672
116.345 39.8672
116.345 39.8671
116.345 39.8671
116.345 39.8671
116.346 39.8671
116.346 39.8671
116.346 39.8671
116.346 39.8671
116.346 39.8671
116.347 39.8671
116.347 39.8671
116.347 39.8671
116.347 39.8671
116.347 39.8671
116.348 39.8671
116.348 39.867
116.348 39.867
116.348 39.867
116.348 39.867
116.349 39.867
116.349 39.867
116.349 39.867
116.349 39.867
116.349 39.867
116.35 39.867
116.35 39.867
116.35 39.867
116.35 39.867
116.35 39.867
116.351 39.867
116.351 39.867
116.351 39.867
116.351 39.867
116.351 39.867
116.352 39.867
116.352 39.867
116.352 39.867
116.352 39.867
116.352 39.8671
116.353 39.8671
116.353 39.8671
116.353 39.8671
116.353 39.8671
116.353 39.8671
116.354 39.8672
116.354 39.8672
116.354 39.8672
116.354 39.8672
116.354 39.8673
116.355 39.8673
116.355 39.8673
116.355 39.8674
116.355 39.8674
116.356 39.8674
116.356 39.8674
116.356 39.8675
116.356 39.8675
116.356 39.8675
116.356 39.8676
116.357 39.8676
116.357 39.8676
116.357 39.8676
116.357 39.8677
116.357 39.8677
116.358 39.8677
116.358 39.8678
116.358 39.8678
116.358 39.8678
116.358 39.8679
116.359 39.8679
116.359 39.8679
116.359 39.868
116.359 39.868
116.359 39.868
116.36 39.868
116.36 39.8681
116.36 39.8681
116.36 39.8681
116.36 39.8682
116.361 39.8682
116.361 39.8682
116.361 39.8683
116.361 39.8683
116.362 39.8683
116.362 39.8684
116.362 39.8684
116.362 39.8684
116.362 39.8684
116.363 39.8685
116.363 39.8685
116.363 39.8685
116.363 39.8685
116.363 39.8685
116.364 39.8685
116.364 39.8686
116.364 39.8686
116.364 39.8686
116.364 39.8686
116.364 39.8686
116.365 39.8686
116.365 39.8686
116.365 39.8686
116.365 39.8687
116.365 39.8687
116.366 39.8687
116.366 39.8687
116.366 39.8687
116.366 39.8687
116.366 39.8687
116.366 39.8688
116.367 39.8688
116.367 39.8688
116.367 39.8688
116.367 39.8688
116.367 39.8688
116.367 39.8688
116.368 39.8688
116.368 39.8688
116.368 39.8689
116.368 39.8689
116.368 39.8689
116.368 39.8689
116.369 39.8689
116.369 39.8689
116.369 39.8689
116.369 39.8689
116.369 39.8689
116.369 39.869
116.37 39.869
116.37 39.869
116.37 39.869
116.37 39.869
116.37 39.869
116.371 39.869
116.371 39.8691
116.371 39.8691
116.371 39.8691
116.371 39.8691
116.371 39.8691
116.372 39.8691
116.372 39.8691
116.372 39.8692
116.372 39.8692
116.372 39.8692
116.373 39.8692
116.373 39.8692
116.373 39.8692
116.373 39.8692
116.373 39.8692
116.373 39.8693
116.374 39.8693
116.374 39.8693
116.374 39.8693
116.374 39.8693
116.374 39.8693
116.374 39.8693
116.375 39.8693
116.375 39.8694
116.375 39.8694
116.375 39.8694
116.375 39.8694
116.376 39.8694
116.376 39.8694
116.376 39.8694
116.376 39.8694
116.376 39.8695
116.377 39.8695
116.377 39.8695
116.377 39.8695
116.377 39.8695
116.377 39.8695
116.378 39.8695
116.378 39.8696
116.378 39.8696
116.378 39.8696
116.378 39.8696
116.379 39.8696
116.379 39.8696
116.379 39.8696
116.379 39.8697
116.379 39.8697
116.38 39.8697
116.38 39.8697
116.38 39.8697
116.38 39.8697
116.38 39.8697
116.381 39.8697
116.381 39.8698
116.381 39.8698
116.381 39.8698
116.381 39.8698
116.382 39.8698
116.382 39.8698
116.382 39.8698
116.382 39.8698
116.382 39.8698
116.383 39.8699
116.383 39.8699
116.383 39.8699
116.383 39.8699
116.383 39.8699
116.384 39.8699
116.384 39.8699
116.384 39.8699
116.384 39.8699
116.384 39.87
116.385 39.87
116.385 39.87
116.385 39.87
116.385 39.87
116.385 39.87
116.386 39.87
116.386 39.87
116.386 39.87
116.386 39.87
116.387 39.8701
116.387 39.8701
116.387 39.8701
116.387 39.8701
116.387 39.8701
116.388 39.8701
116.388 39.8701
116.388 39.8701
116.388 39.8701
116.389 39.8701
116.389 39.8701
116.389 39.8701
116.389 39.8701
116.389 39.8702
116.39 39.8702
116.39 39.8702
116.39 39.8702
116.39 39.8702
116.39 39.8702
116.391 39.8702
116.391 39.8702
116.391 39.8702
116.391 39.8702
116.391 39.8702
116.392 39.8702
116.392 39.8702
116.392 39.8703
116.392 39.8703
116.392 39.8703
116.393 39.8703
116.393 39.8703
116.393 39.8703
116.393 39.8703
116.394 39.8703
116.394 39.8703
116.394 39.8703
116.394 39.8703
116.394 39.8703
116.394 39.8703
116.395 39.8703
116.395 39.8703
116.395 39.8703
116.395 39.8703
116.395 39.8704
116.396 39.8704
116.396 39.8704
116.396 39.8704
116.396 39.8704
116.396 39.8704
116.396 39.8704
116.397 39.8705
116.397 39.8705
116.397 39.8705
116.397 39.8705
116.397 39.8705
116.398 39.8705
116.398 39.8705
116.398 39.8705
116.398 39.8706
116.398 39.8706
116.398 39.8706
116.399 39.8706
116.399 39.8706
116.399 39.8706
116.399 39.8706
116.399 39.8706
116.4 39.8706
116.4 39.8706
116.4 39.8706
116.4 39.8706
116.4 39.8706
116.401 39.8706
116.401 39.8706
116.401 39.8706
116.401 39.8706
116.401 39.8706
116.401 39.8706
116.402 39.8706
116.402 39.8707
116.402 39.8707
116.402 39.8707
116.402 39.8707
116.403 39.8707
116.403 39.8707
116.403 39.8707
116.403 39.8707
116.403 39.8707
116.403 39.8707
116.404 39.8707
116.404 39.8707
116.404 39.8707
116.404 39.8707
116.404 39.8707
116.404 39.8707
116.405 39.8707
116.405 39.8707
116.405 39.8707
116.405 39.8707
116.405 39.8707
116.405 39.8707
116.405 39.8707
116.406 39.8707
116.406 39.8707
116.406 39.8707
116.406 39.8707
116.406 39.8707
116.406 39.8707
116.407 39.8707
116.407 39.8707
116.407 39.8708
116.407 39.8708
116.407 39.8708
116.408 39.8708
116.408 39.8708
116.408 39.8708
116.408 39.8708
116.408 39.8708
116.408 39.8708
116.408 39.8708
116.409 39.8708
116.409 39.8707
116.409 39.8707
116.409 39.8707
116.409 39.8707
116.409 39.8707
116.409 39.8706
116.409 39.8706
116.41 39.8705
116.41 39.8705
116.41 39.8704
116.41 39.8703
116.41 39.8702
116.41 39.8702
116.41 39.8701
116.41 39.8701
116.411 39.87
116.411 39.8699
116.411 39.8699
116.411 39.8698
116.411 39.8698
116.411 39.8698
116.411 39.8697
116.412 39.8697
116.412 39.8697
116.412 39.8697
116.412 39.8696
116.412 39.8696
116.412 39.8696
116.412 39.8696
116.412 39.8696
116.412 39.8696
116.413 39.8696
116.413 39.8696
116.413 39.8696
116.413 39.8696
116.413 39.8696
116.413 39.8696
116.413 39.8697
116.413 39.8697
116.414 39.8697
116.414 39.8697
116.414 39.8697
116.414 39.8697
116.414 39.8697
116.414 39.8697
116.415 39.8698
116.415 39.8698
116.415 39.8698
116.415 39.8698
116.415 39.8698
116.416 39.8698
116.416 39.8698
116.416 39.8699
116.416 39.8699
116.416 39.8699
116.416 39.8699
116.417 39.8699
116.417 39.8699
116.417 39.8699
116.417 39.8699
116.417 39.8699
116.418 39.8699
116.418 39.8699
116.418 39.8699
116.418 39.8699
116.418 39.8699
116.418 39.8699
116.419 39.8699
116.419 39.8699
116.419 39.8699
116.419 39.8699
116.419 39.8699
116.42 39.8699
116.42 39.8699
116.42 39.8699
116.42 39.8699
116.42 39.8699
116.42 39.8698
116.421 39.8698
116.421 39.8698
116.421 39.8698
116.421 39.8698
116.421 39.8698
116.421 39.8698
116.422 39.8698
116.422 39.8698
116.422 39.8698
116.422 39.8698
116.422 39.8698
116.422 39.8698
116.423 39.8698
116.423 39.8698
116.423 39.8697
116.423 39.8697
116.423 39.8697
116.424 39.8697
116.424 39.8697
116.424 39.8697
116.424 39.8697
116.424 39.8697
116.425 39.8697
116.425 39.8697
116.425 39.8697
116.425 39.8697
116.425 39.8696
116.426 39.8696
116.426 39.8696
116.426 39.8696
116.426 39.8696
116.426 39.8696
116.427 39.8695
116.427 39.8695
116.427 39.8695
116.427 39.8695
116.427 39.8695
116.428 39.8695
116.428 39.8694
116.428 39.8694
116.428 39.8693
116.428 39.8694
116.428 39.8694
116.429 39.8694
116.429 39.8694
116.429 39.8694
116.429 39.8693
116.429 39.8693
116.429 39.8693
116.43 39.8693
116.43 39.8693
116.43 39.8692
116.43 39.8692
116.43 39.8692
116.43 39.8692
116.43 39.8692
116.43 39.8692
116.431 39.8692
116.431 39.8692
116.431 39.8692
116.431 39.8692
116.431 39.8692
116.431 39.8692
116.432 39.8692
116.432 39.8692
116.432 39.8692
116.432 39.8692
116.432 39.8692
116.432 39.8692
116.433 39.8692
116.433 39.8692
116.433 39.8692
116.433 39.8691
116.433 39.8691
116.433 39.8691
116.433 39.8691
116.434 39.8691
116.434 39.8691
116.434 39.8691
116.434 39.8691
116.434 39.8691
116.434 39.8691
116.435 39.8691
116.435 39.8691
116.435 39.8691
116.435 39.8691
116.435 39.8691
116.435 39.8691
116.436 39.8691
116.436 39.8691
116.436 39.8692
116.436 39.8692
116.436 39.8693
116.436 39.8693
116.437 39.8694
116.437 39.8694
116.437 39.8695
116.437 39.8696
116.437 39.8696
116.437 39.8697
116.437 39.8698
116.437 39.8698
116.437 39.8699
116.438 39.87
116.438 39.87
116.438 39.8701
116.438 39.8702
116.438 39.8703
116.438 39.8704
116.438 39.8705
116.438 39.8706
116.438 39.8706
116.438 39.8706
116.439 39.8706
116.439 39.8706
116.439 39.8706
116.439 39.8706
116.439 39.8705
116.439 39.8705
116.439 39.8705
116.439 39.8705
116.439 39.8705
116.44 39.8705
116.44 39.8705
116.44 39.8705
116.44 39.8705
116.44 39.8705
116.44 39.8705
116.44 39.8704
116.44 39.8704
116.441 39.8704
116.441 39.8704
116.441 39.8704
116.441 39.8704
116.441 39.8704
116.441 39.8703
116.441 39.8703
116.442 39.8703
116.442 39.8703
116.442 39.8703
116.442 39.8702
116.442 39.8702
116.442 39.8702
116.442 39.8702
116.443 39.8702
116.443 39.8702
116.443 39.8702
116.443 39.8702
116.443 39.8702
116.443 39.8702
116.443 39.8701
116.443 39.8701
116.444 39.8701
116.444 39.8701
116.444 39.8701
116.444 39.8701
116.444 39.8701
116.444 39.8701
116.444 39.8701
116.444 39.8701
116.445 39.8701
116.445 39.8701
116.445 39.87
116.445 39.87
116.445 39.87
116.445 39.87
116.445 39.87
116.445 39.87
116.445 39.87
116.446 39.87
116.446 39.87
116.446 39.87
116.446 39.87
116.446 39.87
116.446 39.87
116.446 39.8701
116.446 39.8701
116.447 39.8701
116.447 39.8701
116.447 39.87
116.447 39.87
116.447 39.87
116.447 39.87
116.447 39.87
116.447 39.87
116.448 39.87
116.448 39.87
116.448 39.87
116.448 39.87
116.448 39.87
116.448 39.87
116.448 39.87
116.449 39.87
116.449 39.87
116.449 39.87
116.449 39.87
116.449 39.87
116.449 39.87
116.449 39.87
116.449 39.87
116.45 39.87
116.45 39.87
116.45 39.87
116.45 39.87
116.45 39.87
116.45 39.87
116.45 39.87
116.45 39.87
116.45 39.87
116.451 39.87
116.451 39.87
116.451 39.87
116.451 39.87
116.451 39.87
116.451 39.87
116.451 39.87
116.451 39.87
116.452 39.8699
116.452 39.8699
116.452 39.8699
116.452 39.87
116.452 39.8701
116.452 39.8702
116.452 39.8702
116.452 39.8703
116.452 39.8704
116.452 39.8705
116.452 39.8706
116.453 39.8706
116.453 39.8707
116.453 39.8707
116.453 39.8707
116.453 39.8707
116.453 39.8706
116.453 39.8706
116.453 39.8705
116.453 39.8703
116.453 39.8702
116.454 39.8701
116.454 39.8701
116.454 39.87
116.454 39.8699
116.454 39.8699
116.454 39.8698
116.454 39.8699
116.454 39.8699
116.454 39.87
116.454 39.87
116.454 39.87
116.454 39.87
116.454 39.87
116.455 39.87
116.455 39.87
116.455 39.8699
116.455 39.87
116.455 39.8702
116.455 39.8703
116.455 39.8704
116.455 39.8706
116.455 39.8707
116.455 39.8708
116.455 39.8709
116.455 39.871
116.455 39.8711
116.455 39.8712
116.455 39.8713
116.455 39.8714
116.455 39.8715
116.455 39.8716
116.455 39.8717
116.455 39.8718
116.455 39.872
116.455 39.8721
116.455 39.8723
116.455 39.8724
116.455 39.8725
116.455 39.8726
116.455 39.8727
116.455 39.8728
116.455 39.8729
116.455 39.8731
116.455 39.8732
116.455 39.8733
116.455 39.8735
116.455 39.8736
116.455 39.8737
116.455 39.8738
116.455 39.8739
116.455 39.8741
116.455 39.8742
116.455 39.8743
116.455 39.8744
116.455 39.8746
116.455 39.8747
116.455 39.8748
116.455 39.875
116.455 39.8751
116.455 39.8752
116.455 39.8754
116.455 39.8755
116.455 39.8756
116.455 39.8758
116.455 39.8759
116.455 39.876
116.455 39.8762
116.455 39.8763
116.455 39.8764
116.455 39.8765
116.455 39.8766
116.455 39.8768
116.455 39.8769
116.455 39.877
116.455 39.8771
116.455 39.8772
116.455 39.8773
116.455 39.8774
116.455 39.8776
116.455 39.8777
116.455 39.8778
116.455 39.8779
116.455 39.878
116.455 39.8781
116.455 39.8783
116.455 39.8784
116.455 39.8785
116.455 39.8786
116.455 39.8788
116.455 39.8789
116.455 39.879
116.455 39.8791
116.455 39.8792
116.455 39.8794
116.455 39.8795
116.455 39.8796
116.455 39.8797
116.455 39.8798
116.455 39.88
116.455 39.8801
116.455 39.8803
116.455 39.8804
116.455 39.8806
116.455 39.8807
116.455 39.8808
116.455 39.881
116.455 39.8811
116.455 39.8812
116.455 39.8814
116.455 39.8815
116.455 39.8816
116.455 39.8818
116.455 39.8819
116.455 39.882
116.455 39.8822
116.455 39.8823
116.455 39.8824
116.455 39.8826
116.455 39.8827
116.455 39.8829
116.455 39.883
116.455 39.8831
116.455 39.8832
116.455 39.8834
116.455 39.8835
116.455 39.8836
116.455 39.8837
116.455 39.8838
116.455 39.8839
116.455 39.8841
116.455 39.8842
116.455 39.8843
116.455 39.8844
116.455 39.8845
116.455 39.8846
116.455 39.8847
116.455 39.8848
116.455 39.8849
116.455 39.885
116.455 39.8851
116.455 39.8852
116.455 39.8853
116.455 39.8854
116.455 39.8855
116.455 39.8856
116.455 39.8857
116.455 39.8858
116.455 39.8859
116.455 39.886
116.455 39.8861
116.455 39.8863
116.455 39.8864
116.455 39.8865
116.455 39.8866
116.456 39.8867
116.456 39.8868
116.456 39.887
116.456 39.8871
116.456 39.8872
116.455 39.8873
116.455 39.8874
116.455 39.8875
116.455 39.8875
116.455 39.8877
116.456 39.8878
116.456 39.8879
116.456 39.888
116.456 39.8881
116.456 39.8882
116.456 39.8883
116.456 39.8884
116.456 39.8886
116.456 39.8887
116.456 39.8889
116.455 39.8891
116.456 39.8892
116.456 39.8893
116.456 39.8894
116.456 39.8895
116.456 39.8896
116.456 39.8897
116.456 39.8898
116.456 39.8899
116.456 39.89
116.456 39.8902
116.456 39.8903
116.456 39.8904
116.456 39.8905
116.456 39.8906
116.456 39.8907
116.456 39.8908
116.456 39.8909
116.456 39.891
116.456 39.8911
116.456 39.8912
116.456 39.8914
116.456 39.8916
116.456 39.8917
116.456 39.8918
116.456 39.8919
116.456 39.892
116.456 39.892
116.456 39.892
116.456 39.892
116.456 39.892
116.456 39.8921
116.456 39.8921
116.456 39.8921
116.457 39.8921
116.457 39.8921
116.457 39.8921
116.457 39.8921
116.457 39.8921
116.457 39.8921
116.457 39.8921
116.457 39.8921
116.458 39.8921
116.458 39.8921
116.458 39.8921
116.458 39.8922
116.458 39.8922
116.458 39.8922
116.458 39.8923
116.459 39.8923
116.459 39.8922
116.459 39.8922
116.459 39.8922
116.459 39.8921
116.459 39.8921
116.46 39.8921
116.46 39.8921
116.46 39.8921
116.46 39.8921
116.46 39.8921
116.46 39.892
116.46 39.892
116.461 39.892
116.461 39.892
116.461 39.892
116.461 39.892
116.461 39.892
116.461 39.892
116.461 39.892
116.462 39.892
116.462 39.892
116.462 39.892
116.462 39.892
116.462 39.892
116.462 39.892
116.462 39.892
116.462 39.892
116.463 39.892
116.463 39.892
116.463 39.892
116.463 39.892
116.463 39.892
116.463 39.892
116.463 39.892
116.463 39.892
116.463 39.892
116.463 39.892
116.464 39.892
116.464 39.892
116.464 39.892
116.464 39.892
116.464 39.892
116.464 39.892
116.464 39.892
116.464 39.892
116.464 39.892
116.465 39.892
116.465 39.892
116.465 39.892
116.465 39.892
116.465 39.892
116.465 39.892
116.465 39.892
116.465 39.892
116.466 39.892
116.466 39.892
116.466 39.892
116.466 39.892
116.466 39.892
116.466 39.892
116.466 39.892
116.466 39.892
116.466 39.892
116.467 39.892
116.467 39.892
116.467 39.892
116.467 39.892
116.467 39.892
116.467 39.892
116.467 39.892
116.468 39.8919
116.468 39.8919
116.468 39.8919
116.468 39.8919
116.468 39.8919
116.468 39.8919
116.468 39.8919
116.468 39.8919
116.469 39.8919
116.469 39.8919
116.469 39.8919
116.469 39.8919
116.469 39.8919
116.469 39.8919
116.469 39.8919
116.469 39.8919
116.469 39.8919
116.47 39.8919
116.47 39.8919
116.47 39.8919
116.47 39.8919
116.47 39.8919
116.47 39.8919
116.47 39.8919
116.47 39.8919
116.471 39.8919
116.471 39.8919
116.471 39.8919
116.471 39.8919
116.471 39.8919
116.471 39.8919
116.471 39.8919
116.471 39.8919
116.471 39.8919
116.472 39.8919
116.472 39.8919
116.472 39.8919
116.472 39.8919
116.472 39.8919
116.472 39.8919
116.472 39.8919
116.472 39.8919
116.473 39.8919
116.473 39.8919
116.473 39.8919
116.473 39.8919
116.473 39.8919
116.473 39.8919
116.473 39.8919
116.473 39.8919
116.474 39.8919
116.474 39.8919
116.474 39.8919
116.474 39.8919
116.474 39.8919
116.474 39.8919
116.474 39.8919
116.475 39.8919
116.475 39.8919
116.475 39.8919
116.475 39.8919
116.475 39.8919
116.475 39.8919
116.475 39.8919
116.476 39.8919
116.476 39.8919
116.476 39.8919
116.476 39.8919
116.476 39.8919
116.477 39.8919
116.477 39.8919
116.477 39.8919
116.477 39.8919
116.477 39.8919
116.477 39.8919
116.478 39.8919
116.478 39.8919
116.478 39.8919
116.478 39.8919
116.478 39.8919
116.479 39.8919
116.479 39.8919
116.479 39.8919
116.479 39.8919
116.479 39.8919
116.479 39.8919
116.48 39.8919
116.48 39.8919
116.48 39.8919
116.48 39.8919
116.48 39.8919
116.48 39.8919
116.48 39.8919
116.48 39.8919
116.481 39.8919
116.481 39.8919
116.481 39.8919
116.481 39.8919
116.481 39.8919
116.481 39.8919
116.481 39.8919
116.481 39.8919
116.482 39.8919
116.482 39.8919
116.482 39.8919
116.482 39.8919
116.482 39.8919
116.482 39.8919
116.482 39.8919
116.482 39.8919
116.482 39.8919
116.483 39.8919
116.483 39.8919
116.483 39.8919
116.483 39.8919
116.483 39.8919
116.483 39.8919
116.483 39.8919
116.483 39.8919
116.484 39.8919
116.484 39.8919
116.484 39.8919
116.484 39.8919
116.484 39.8919
116.484 39.8919
116.484 39.8919
116.484 39.8919
116.485 39.8919
116.485 39.8919
116.485 39.8919
116.485 39.8919
116.485 39.8919
116.485 39.892
116.485 39.892
116.485 39.892
116.486 39.892
116.486 39.892
116.486 39.892
116.486 39.892
116.486 39.892
116.486 39.892
116.487 39.892
116.487 39.892
116.487 39.892
116.487 39.892
116.487 39.892
116.487 39.892
116.487 39.892
116.487 39.892
116.488 39.892
116.488 39.892
116.488 39.892
116.488 39.892
116.488 39.892
116.488 39.892
116.488 39.892
116.488 39.892
116.489 39.892
116.489 39.892
116.489 39.892
116.489 39.892
116.489 39.892
116.489 39.892
116.489 39.892
116.489 39.892
116.49 39.892
116.49 39.892
116.49 39.892
116.49 39.8919
116.49 39.8919
116.49 39.8919
116.49 39.8919
116.491 39.8919
116.491 39.8919
116.491 39.8919
116.491 39.8919
116.491 39.8919
116.491 39.8919
116.491 39.8919
116.491 39.8919
116.491 39.8919
116.492 39.8919
116.492 39.8919
116.492 39.8919
116.492 39.8919
116.492 39.8919
116.492 39.8919
116.492 39.8919
116.492 39.8919
116.492 39.8919
116.493 39.8919
116.493 39.8919
116.493 39.8919
116.493 39.8919
116.493 39.8919
116.493 39.8919
116.493 39.8919
116.493 39.8919
116.493 39.8919
116.493 39.8919
116.494 39.8919
116.494 39.8919
116.494 39.8919
116.494 39.8919
116.494 39.8919
116.494 39.8919
116.494 39.8919
116.494 39.8919
116.494 39.8919
116.495 39.8919
116.495 39.8919
116.495 39.8919
116.495 39.8919
116.495 39.8919
116.495 39.8919
116.495 39.8919
116.495 39.8919
116.495 39.8919
116.496 39.8919
116.496 39.892
116.496 39.892
116.496 39.892
116.496 39.8919
116.496 39.892
116.496 39.892
116.496 39.8921
116.496 39.8921
116.496 39.892
116.496 39.892
116.496 39.892
116.496 39.892
116.496 39.892
116.495 39.892
116.495 39.892
116.495 39.892
116.495 39.892
116.495 39.892
116.495 39.892
116.495 39.892
116.495 39.892
116.494 39.892
116.494 39.892
116.494 39.892
116.494 39.892
116.494 39.892
116.494 39.892
116.494 39.892
116.494 39.892
116.493 39.892
116.493 39.892
116.493 39.892
116.493 39.892
116.493 39.892
116.493 39.892
116.493 39.892
116.493 39.892
116.492 39.892
116.492 39.892
116.492 39.892
116.492 39.892
116.492 39.892
116.492 39.892
116.492 39.892
116.492 39.892
116.491 39.892
116.491 39.892
116.491 39.892
116.491 39.892
116.491 39.892
116.491 39.892
116.491 39.892
116.491 39.892
116.49 39.892
116.49 39.892
116.49 39.892
116.49 39.892
116.49 39.892
116.49 39.892
116.49 39.892
116.49 39.892
116.489 39.892
116.489 39.892
116.489 39.892
116.489 39.892
116.489 39.892
116.489 39.892
116.489 39.892
116.489 39.892
116.489 39.8919
116.489 39.8919
116.488 39.8919
116.488 39.8919
116.488 39.8919
116.488 39.8919
116.488 39.8919
116.488 39.892
116.488 39.892
116.487 39.892
116.487 39.8919
116.487 39.8919
116.487 39.8919
116.487 39.8919
116.487 39.8919
116.487 39.8919
116.486 39.8919
116.486 39.8919
116.486 39.8919
116.486 39.8919
116.486 39.8919
116.486 39.8919
116.486 39.8919
116.486 39.8919
116.486 39.8919
116.485 39.8919
116.485 39.8919
116.485 39.8919
116.485 39.8919
116.485 39.8919
116.485 39.8919
116.485 39.8919
116.485 39.8919
116.485 39.8919
116.484 39.8919
116.484 39.8919
116.484 39.8919
116.484 39.8919
116.484 39.8919
116.484 39.8918
116.484 39.8918
116.484 39.8917
116.484 39.8916
116.484 39.8915
116.483 39.8914
116.483 39.8912
116.483 39.891
116.483 39.8909
116.483 39.8907
116.483 39.8906
116.483 39.8904
116.483 39.8902
116.483 39.8901
116.483 39.8899
116.483 39.8897
116.483 39.8896
116.483 39.8895
116.483 39.8894
116.483 39.8893
116.483 39.8892
116.483 39.8891
116.483 39.889
116.483 39.8889
116.483 39.8888
116.483 39.8887
116.483 39.8886
116.483 39.8885
116.483 39.8884
116.483 39.8883
116.483 39.8882
116.483 39.8881
116.483 39.888
116.483 39.8879
116.483 39.8878
116.483 39.8877
116.483 39.8875
116.483 39.8874
116.483 39.8872
116.483 39.8871
116.483 39.8869
116.483 39.8868
116.483 39.8867
116.483 39.8865
116.483 39.8864
116.483 39.8862
116.483 39.8861
116.483 39.886
116.483 39.8858
116.483 39.8857
116.483 39.8856
116.483 39.8855
116.483 39.8854
116.483 39.8853
116.483 39.8852
116.483 39.8851
116.483 39.885
116.483 39.8849
116.483 39.8848
116.483 39.8847
116.483 39.8846
116.483 39.8845
116.483 39.8844
116.483 39.8842
116.483 39.8841
116.483 39.8839
116.483 39.8837
116.483 39.8836
116.483 39.8835
116.483 39.8834
116.483 39.8833
116.483 39.8832
116.483 39.8831
116.483 39.883
116.483 39.8829
116.483 39.8828
116.483 39.8826
116.483 39.8825
116.483 39.8824
116.483 39.8822
116.483 39.8821
116.483 39.882
116.483 39.8818
116.483 39.8816
116.483 39.8815
116.483 39.8813
116.483 39.8812
116.483 39.8811
116.483 39.8809
116.483 39.8808
116.483 39.8806
116.483 39.8805
116.483 39.8803
116.483 39.8801
116.483 39.88
116.483 39.8798
116.483 39.8797
116.483 39.8795
116.483 39.8794
116.483 39.8792
116.483 39.8791
116.483 39.8789
116.483 39.8787
116.484 39.8786
116.484 39.8784
116.484 39.8783
116.484 39.8781
116.484 39.878
116.484 39.8778
116.484 39.8777
116.483 39.8776
116.483 39.8774
116.483 39.8773
116.483 39.8771
116.483 39.877
116.483 39.8768
116.483 39.8767
116.483 39.8765
116.483 39.8764
116.483 39.8762
116.483 39.8761
116.483 39.8759
116.483 39.8758
116.483 39.8756
116.483 39.8755
116.483 39.8754
116.483 39.8752
116.483 39.875
116.483 39.8749
116.483 39.8747
116.483 39.8746
116.483 39.8744
116.483 39.8743
116.483 39.8741
116.483 39.8739
116.483 39.8738
116.483 39.8736
116.483 39.8735
116.483 39.8733
116.483 39.8732
116.483 39.873
116.483 39.8729
116.483 39.8727
116.483 39.8726
116.483 39.8724
116.483 39.8722
116.483 39.8721
116.483 39.8719
116.483 39.8718
116.483 39.8716
116.483 39.8715
116.483 39.8713
116.483 39.8711
116.483 39.871
116.483 39.8708
116.483 39.8706
116.483 39.8705
116.483 39.8703
116.483 39.8701
116.483 39.87
116.483 39.8698
116.483 39.8697
116.483 39.8695
116.482 39.8694
116.482 39.8692
116.482 39.869
116.482 39.8689
116.482 39.8687
116.482 39.8686
116.482 39.8684
116.482 39.8682
116.482 39.8681
116.482 39.8679
116.482 39.8677
116.482 39.8676
116.482 39.8674
116.482 39.8673
116.482 39.8671
116.482 39.867
116.482 39.8668
116.482 39.8667
116.482 39.8665
116.482 39.8663
116.482 39.8662
116.482 39.866
116.482 39.8658
116.482 39.8657
116.482 39.8655
116.482 39.8653
116.482 39.8652
116.482 39.865
116.482 39.8649
116.482 39.8647
116.482 39.8645
116.482 39.8644
116.482 39.8642
116.482 39.864
116.482 39.8639
116.482 39.8637
116.482 39.8636
116.482 39.8634
116.482 39.8632
116.481 39.8631
116.481 39.8629
116.481 39.8627
116.481 39.8626
116.481 39.8624
116.481 39.8622
116.481 39.8621
116.481 39.8619
116.481 39.8618
116.481 39.8616
116.481 39.8614
116.481 39.8613
116.481 39.8611
116.481 39.861
116.481 39.8608
116.481 39.8607
116.481 39.8605
116.481 39.8603
116.481 39.8602
116.481 39.86
116.481 39.8599
116.481 39.8597
116.481 39.8595
116.481 39.8594
116.481 39.8592
116.481 39.8591
116.481 39.8589
116.481 39.8587
116.481 39.8586
116.481 39.8584
116.481 39.8582
116.481 39.8581
116.481 39.8579
116.481 39.8578
116.481 39.8576
116.481 39.8574
116.481 39.8573
116.481 39.8571
116.481 39.857
116.48 39.8568
116.48 39.8566
116.48 39.8565
116.48 39.8563
116.48 39.8562
116.48 39.856
116.48 39.8559
116.48 39.8557
116.48 39.8555
116.48 39.8554
116.48 39.8552
116.48 39.855
116.48 39.8549
116.48 39.8547
116.48 39.8545
116.48 39.8544
116.48 39.8542
116.48 39.8541
116.48 39.8539
116.48 39.8538
116.48 39.8536
116.48 39.8535
116.48 39.8533
116.48 39.8532
116.48 39.853
116.48 39.8529
116.48 39.8528
116.48 39.8526
116.48 39.8525
116.48 39.8524
116.48 39.8523
116.48 39.8522
116.48 39.852
116.48 39.8519
116.48 39.8518
116.48 39.8517
116.48 39.8516
116.48 39.8515
116.48 39.8514
116.48 39.8513
116.48 39.8512
116.48 39.8511
116.48 39.8509
116.48 39.8508
116.48 39.8507
116.48 39.8506
116.479 39.8504
116.479 39.8503
116.479 39.8502
116.479 39.85
116.479 39.8499
116.479 39.8498
116.479 39.8497
116.479 39.8495
116.479 39.8494
116.479 39.8493
116.479 39.8491
116.479 39.849
116.479 39.8489
116.479 39.8488
116.479 39.8486
116.479 39.8485
116.479 39.8484
116.479 39.8482
116.479 39.8481
116.479 39.848
116.479 39.8478
116.479 39.8477
116.479 39.8475
116.479 39.8474
116.479 39.8473
116.479 39.8471
116.478 39.847
116.478 39.8469
116.478 39.8467
116.478 39.8466
116.478 39.8465
116.478 39.8463
116.478 39.8462
116.478 39.8461
116.478 39.846
116.478 39.8458
116.478 39.8457
116.478 39.8456
116.478 39.8454
116.477 39.8453
116.477 39.8452
116.477 39.8451
116.477 39.8449
116.477 39.8448
116.477 39.8447
116.477 39.8445
116.477 39.8444
116.477 39.8443
116.476 39.8442
116.476 39.844
116.476 39.8439
116.476 39.8438
116.476 39.8436
116.476 39.8435
116.476 39.8434
116.475 39.8433
116.475 39.8431
116.475 39.843
116.475 39.8429
116.475 39.8428
116.475 39.8427
116.475 39.8426
116.474 39.8424
116.474 39.8423
116.474 39.8422
116.474 39.8421
116.474 39.842
116.474 39.8419
116.473 39.8417
116.473 39.8416
116.473 39.8415
116.473 39.8414
116.473 39.8413
116.473 39.8412
116.472 39.841
116.472 39.8409
116.472 39.8408
116.472 39.8407
116.472 39.8405
116.471 39.8404
116.471 39.8403
116.471 39.8401
116.471 39.84
116.471 39.8399
116.47 39.8398
116.47 39.8396
116.47 39.8395
116.47 39.8394
116.47 39.8392
116.469 39.8391
116.469 39.839
116.469 39.8389
116.469 39.8387
116.469 39.8386
116.468 39.8385
116.468 39.8384
116.468 39.8383
116.468 39.8381
116.468 39.838
116.468 39.8379
116.467 39.8378
116.467 39.8377
116.467 39.8376
116.467 39.8374
116.467 39.8373
116.466 39.8372
116.466 39.8371
116.466 39.837
116.466 39.8369
116.466 39.8367
116.466 39.8366
116.465 39.8365
116.465 39.8364
116.465 39.8362
116.465 39.8361
116.465 39.836
116.464 39.8359
116.464 39.8358
116.464 39.8357
116.464 39.8355
116.464 39.8354
116.464 39.8353
116.463 39.8352
116.463 39.8351
116.463 39.835
116.463 39.8349
116.463 39.8348
116.462 39.8347
116.462 39.8346
116.462 39.8345
116.462 39.8344
116.462 39.8343
116.462 39.8342
116.461 39.8341
116.461 39.834
116.461 39.8339
116.461 39.8338
116.461 39.8337
116.46 39.8336
116.46 39.8336
116.46 39.8335
116.46 39.8334
116.46 39.8333
116.459 39.8332
116.459 39.8332
116.459 39.8331
116.459 39.833
116.459 39.833
116.458 39.8329
116.458 39.8329
116.458 39.8328
116.458 39.8328
116.458 39.8327
116.457 39.8327
116.457 39.8326
116.457 39.8326
116.457 39.8326
116.457 39.8325
116.456 39.8325
116.456 39.8325
116.456 39.8324
116.456 39.8324
116.456 39.8324
116.455 39.8323
116.455 39.8323
116.455 39.8323
116.455 39.8322
116.454 39.8322
116.454 39.8322
116.454 39.8322
116.454 39.8321
116.453 39.8321
116.453 39.8321
116.453 39.8321
116.453 39.832
116.453 39.832
116.452 39.832
116.452 39.832
116.452 39.8319
116.452 39.8319
116.451 39.8319
116.451 39.8319
116.451 39.8318
116.451 39.8318
116.45 39.8318
116.45 39.8317
116.45 39.8317
116.45 39.8317
116.449 39.8317
116.449 39.8316
116.449 39.8316
116.449 39.8316
116.449 39.8316
116.448 39.8315
116.448 39.8315
116.448 39.8315
116.448 39.8315
116.447 39.8314
116.447 39.8314
116.447 39.8314
116.447 39.8314
116.446 39.8313
116.446 39.8313
116.446 39.8313
116.446 39.8313
116.445 39.8312
116.445 39.8312
116.445 39.8312
116.445 39.8311
116.445 39.8311
116.444 39.8311
116.444 39.8311
116.444 39.8311
116.443 39.8311
116.443 39.831
116.443 39.831
116.443 39.831
116.443 39.831
116.442 39.831
116.442 39.831
116.442 39.831
116.442 39.831
116.441 39.831
116.441 39.831
116.441 39.831
116.441 39.831
116.441 39.831
116.44 39.831
116.44 39.831
116.44 39.831
116.44 39.831
116.439 39.831
116.439 39.831
116.439 39.831
116.439 39.831
116.438 39.831
116.438 39.831
116.438 39.831
116.438 39.831
116.437 39.831
116.437 39.831
116.437 39.831
116.437 39.831
116.437 39.831
116.436 39.831
116.436 39.831
116.436 39.831
116.436 39.831
116.436 39.831
116.435 39.831
116.435 39.831
116.435 39.831
116.435 39.831
116.435 39.831
116.434 39.831
116.434 39.831
116.434 39.831
116.434 39.831
116.434 39.831
116.434 39.831
116.433 39.831
116.433 39.831
116.433 39.831
116.433 39.831
116.433 39.831
116.432 39.831
116.432 39.831
116.432 39.831
116.432 39.831
116.432 39.831
116.431 39.831
116.431 39.831
116.431 39.831
116.431 39.831
116.43 39.831
116.43 39.831
116.43 39.831
116.43 39.831
116.43 39.831
116.429 39.831
116.429 39.831
116.429 39.831
116.429 39.831
116.428 39.831
116.428 39.831
116.428 39.831
116.428 39.831
116.428 39.831
116.427 39.831
116.427 39.831
116.427 39.831
116.427 39.831
116.426 39.831
116.426 39.831
116.426 39.831
116.426 39.831
116.426 39.831
116.425 39.831
116.425 39.831
116.425 39.831
116.425 39.831
116.425 39.831
116.424 39.831
116.424 39.831
116.424 39.831
116.424 39.831
116.424 39.831
116.423 39.831
116.423 39.831
116.423 39.831
116.423 39.831
116.422 39.831
116.422 39.831
116.422 39.831
116.422 39.831
116.422 39.831
116.421 39.831
116.421 39.831
116.421 39.831
116.421 39.831
116.421 39.831
116.42 39.831
116.42 39.831
116.42 39.831
116.42 39.831
116.42 39.831
116.419 39.831
116.419 39.831
116.419 39.831
116.419 39.831
116.418 39.831
116.418 39.831
116.418 39.831
116.418 39.831
116.418 39.831
116.417 39.831
116.417 39.831
116.417 39.831
116.417 39.831
116.416 39.831
116.416 39.831
116.416 39.831
116.416 39.831
116.415 39.831
116.415 39.831
116.415 39.831
116.415 39.831
116.414 39.831
116.414 39.831
116.414 39.831
116.414 39.831
116.414 39.831
116.413 39.831
116.413 39.831
116.413 39.831
116.413 39.831
116.412 39.831
116.412 39.831
116.412 39.831
116.412 39.831
116.412 39.831
116.411 39.831
116.411 39.831
116.411 39.831
116.411 39.831
116.411 39.831
116.41 39.831
116.41 39.831
116.41 39.831
116.41 39.831
116.41 39.831
116.409 39.831
116.409 39.831
116.409 39.831
116.409 39.831
116.409 39.831
116.409 39.831
116.408 39.831
116.408 39.831
116.408 39.831
116.408 39.831
116.408 39.831
116.407 39.831
116.407 39.831
116.407 39.831
116.407 39.831
116.407 39.831
116.406 39.831
116.406 39.831
116.406 39.831
116.406 39.831
116.406 39.831
116.405 39.831
116.405 39.831
116.405 39.831
116.405 39.831
116.405 39.831
116.404 39.831
116.404 39.831
116.404 39.831
116.404 39.831
116.404 39.831
116.404 39.831
116.403 39.831
116.403 39.831
116.403 39.831
116.403 39.831
116.403 39.831
116.402 39.831
116.402 39.831
116.402 39.831
116.402 39.831
116.402 39.831
116.402 39.831
116.401 39.831
116.401 39.831
116.401 39.831
116.401 39.831
116.401 39.831
116.4 39.831
116.4 39.831
116.4 39.831
116.4 39.831
116.4 39.831
116.399 39.831
116.399 39.831
116.399 39.831
116.399 39.831
116.399 39.831
116.398 39.831
116.398 39.831
116.398 39.831
116.398 39.831
116.398 39.831
116.397 39.831
116.397 39.831
116.397 39.831
116.397 39.831
116.397 39.8309
116.396 39.8309
116.396 39.8309
116.396 39.8309
116.396 39.8309
116.395 39.8309
116.395 39.8309
116.395 39.8309
116.395 39.8309
116.395 39.8309
116.394 39.8309
116.394 39.8309
116.394 39.8309
116.394 39.8309
116.394 39.8309
116.393 39.8309
116.393 39.8308
116.393 39.8308
116.393 39.8308
116.392 39.8308
116.392 39.8308
116.392 39.8308
116.392 39.8308
116.391 39.8308
116.391 39.8308
116.391 39.8308
116.391 39.8308
116.39 39.8308
116.39 39.8308
116.39 39.8307
116.39 39.8307
116.39 39.8307
116.389 39.8307
116.389 39.8307
116.389 39.8307
116.389 39.8307
116.388 39.8307
116.388 39.8307
116.388 39.8307
116.388 39.8307
116.387 39.8307
116.387 39.8307
116.387 39.8306
116.387 39.8306
116.386 39.8306
116.386 39.8306
116.386 39.8306
116.386 39.8306
116.386 39.8306
116.385 39.8306
116.385 39.8306
116.385 39.8306
116.385 39.8306
116.384 39.8306
116.384 39.8306
116.384 39.8306
116.384 39.8306
116.384 39.8306
116.383 39.8306
116.383 39.8306
116.383 39.8305
116.383 39.8305
116.383 39.8305
116.382 39.8305
116.382 39.8305
116.382 39.8305
116.382 39.8305
116.381 39.8305
116.381 39.8305
116.381 39.8305
116.381 39.8305
116.381 39.8305
116.38 39.8305
116.38 39.8305
116.38 39.8304
116.38 39.8304
116.38 39.8304
116.379 39.8304
116.379 39.8304
116.379 39.8304
116.379 39.8304
116.378 39.8304
116.378 39.8304
116.378 39.8304
116.378 39.8304
116.377 39.8304
116.377 39.8304
116.377 39.8304
116.377 39.8303
116.377 39.8303
116.376 39.8303
116.376 39.8303
116.376 39.8303
116.376 39.8303
116.375 39.8303
116.375 39.8303
116.375 39.8303
116.375 39.8303
116.374 39.8303
116.374 39.8303
116.374 39.8303
116.374 39.8303
116.373 39.8303
116.373 39.8302
116.373 39.8302
116.373 39.8302
116.373 39.8302
116.372 39.8302
116.372 39.8302
116.372 39.8302
116.372 39.8302
116.372 39.8302
116.371 39.8302
116.371 39.8302
116.371 39.8302
116.371 39.8302
116.371 39.8302
116.37 39.8302
116.37 39.8302
116.37 39.8301
116.37 39.8301
116.37 39.8301
116.37 39.8301
116.369 39.8301
116.369 39.8301
116.369 39.8301
116.369 39.8301
116.368 39.8301
116.368 39.8301
116.368 39.8301
116.368 39.8301
116.368 39.8301
116.367 39.8301
116.367 39.8301
116.367 39.8301
116.367 39.8301
116.367 39.8301
116.366 39.8301
116.366 39.83
116.366 39.83
116.366 39.83
116.366 39.83
116.365 39.83
116.365 39.83
116.365 39.83
116.365 39.83
116.364 39.83
116.364 39.83
116.364 39.83
116.364 39.83
116.364 39.83
116.364 39.83
116.363 39.83
116.363 39.83
116.363 39.8299
116.363 39.8299
116.363 39.8299
116.362 39.8299
116.362 39.8299
116.362 39.8299
116.362 39.8299
116.362 39.8299
116.361 39.8299
116.361 39.8299
116.361 39.8299
116.361 39.8299
116.361 39.8299
116.361 39.8299
116.36 39.8299
116.36 39.8299
116.36 39.8299
116.36 39.8299
116.36 39.8299
116.36 39.8299
116.359 39.8299
116.359 39.8298
116.359 39.8298
116.359 39.8298
116.359 39.8298
116.359 39.8298
116.359 39.8298
116.358 39.8298
116.358 39.8298
116.358 39.8298
116.358 39.8298
116.358 39.8298
116.358 39.8298
116.357 39.8298
116.357 39.8298
116.357 39.8298
116.357 39.8298
116.357 39.8298
116.356 39.8298
116.356 39.8298
116.356 39.8298
116.356 39.8298
116.356 39.8298
116.355 39.8298
116.355 39.8298
116.355 39.8298
116.355 39.8298
116.355 39.8298
116.355 39.8298
116.354 39.8298
116.354 39.8298
116.354 39.8298
116.354 39.8298
116.354 39.8298
116.353 39.8298
116.353 39.8298
116.353 39.8298
116.353 39.8298
116.353 39.8298
116.352 39.8298
116.352 39.8298
116.352 39.8298
116.352 39.8298
116.352 39.8298
116.351 39.8298
116.351 39.8298
116.351 39.8298
116.351 39.8298
116.351 39.8298
116.35 39.8298
116.35 39.8298
116.35 39.8298
116.35 39.8298
116.35 39.8298
116.349 39.8298
116.349 39.8298
116.349 39.8298
116.349 39.8298
116.349 39.8298
116.348 39.8298
116.348 39.8298
116.348 39.8298
116.348 39.8298
116.348 39.8298
116.347 39.8298
116.347 39.8298
116.347 39.8298
116.347 39.8299
116.347 39.8299
116.346 39.8299
116.346 39.8299
116.346 39.8299
116.346 39.8299
116.346 39.8299
116.345 39.8299
116.345 39.8298
116.345 39.8298
116.345 39.8298
116.345 39.8298
116.344 39.8298
116.344 39.8298
116.344 39.8298
116.344 39.8298
116.344 39.8298
116.344 39.8298
116.343 39.8298
116.343 39.8298
116.343 39.8298
116.343 39.8298
116.343 39.8298
116.342 39.8298
116.342 39.8298
116.342 39.8298
116.342 39.8298
116.342 39.8298
116.341 39.8298
116.341 39.8298
116.341 39.8298
116.341 39.8298
116.341 39.8298
116.34 39.8298
116.34 39.8298
116.34 39.8298
116.34 39.8298
116.34 39.8298
116.34 39.8298
116.339 39.8298
116.339 39.8298
116.339 39.8298
116.339 39.8298
116.339 39.8298
116.338 39.8298
116.338 39.8298
116.338 39.8298
116.338 39.8298
116.338 39.8298
116.337 39.8298
116.337 39.8298
116.337 39.8298
116.337 39.8298
116.337 39.8298
116.337 39.8297
116.336 39.8297
116.336 39.8297
116.336 39.8297
116.336 39.8297
116.336 39.8297
116.335 39.8297
116.335 39.8297
116.335 39.8297
116.335 39.8297
116.335 39.8296
116.334 39.8296
116.334 39.8296
116.334 39.8296
116.334 39.8296
116.334 39.8296
116.333 39.8296
116.333 39.8296
116.333 39.8296
116.333 39.8296
116.333 39.8296
116.332 39.8295
116.332 39.8295
116.332 39.8295
116.332 39.8295
116.332 39.8295
116.332 39.8295
116.331 39.8295
116.331 39.8295
116.331 39.8295
116.331 39.8295
116.331 39.8295
116.33 39.8294
116.33 39.8294
116.33 39.8294
116.33 39.8294
116.33 39.8294
116.329 39.8294
116.329 39.8294
116.329 39.8294
116.329 39.8294
116.329 39.8294
116.329 39.8294
116.328 39.8294
116.328 39.8294
116.328 39.8294
116.328 39.8294
116.328 39.8294
116.327 39.8294
116.327 39.8294
116.327 39.8294
116.327 39.8294
116.327 39.8294
116.326 39.8294
116.326 39.8294
116.326 39.8294
116.326 39.8294
116.326 39.8294
116.326 39.8294
116.325 39.8294
116.325 39.8294
116.325 39.8294
116.325 39.8294
116.325 39.8294
116.324 39.8294
116.324 39.8294
116.324 39.8294
116.324 39.8294
116.324 39.8294
116.323 39.8294
116.323 39.8294
116.323 39.8294
116.323 39.8294
116.323 39.8294
116.323 39.8294
116.322 39.8294
116.322 39.8294
116.322 39.8294
116.322 39.8294
116.322 39.8294
116.321 39.8294
116.321 39.8294
116.321 39.8294
116.321 39.8294
116.321 39.8294
116.32 39.8294
116.32 39.8294
116.32 39.8294
116.32 39.8294
116.32 39.8294
116.32 39.8294
116.319 39.8294
116.319 39.8294
116.319 39.8294
116.319 39.8294
116.319 39.8294
116.319 39.8294
116.318 39.8294
116.318 39.8294
116.318 39.8294
116.318 39.8295
116.318 39.8294
116.317 39.8294
116.317 39.8294
116.317 39.8294
116.317 39.8294
116.317 39.8294
116.316 39.8294
116.316 39.8294
116.316 39.8294
116.316 39.8294
116.316 39.8294
116.315 39.8294
116.315 39.8294
116.315 39.8294
116.315 39.8294
116.314 39.8294
116.314 39.8294
116.314 39.8294
116.314 39.8294
116.314 39.8294
116.313 39.8294
116.313 39.8294
116.313 39.8294
116.313 39.8294
116.313 39.8294
116.312 39.8294
116.312 39.8294
116.312 39.8294
116.312 39.8294
116.311 39.8294
116.311 39.8294
116.311 39.8294
116.311 39.8294
116.311 39.8294
116.31 39.8294
116.31 39.8294
116.31 39.8294
116.31 39.8294
116.309 39.8294
116.309 39.8294
116.309 39.8294
116.309 39.8294
116.309 39.8294
116.308 39.8294
116.308 39.8294
116.308 39.8294
116.308 39.8294
116.308 39.8294
116.307 39.8294
116.307 39.8294
116.307 39.8294
116.307 39.8294
116.307 39.8294
116.307 39.8294
116.306 39.8294
116.306 39.8294
116.306 39.8294
116.306 39.8294
116.305 39.8294
116.305 39.8294
116.305 39.8294
116.305 39.8294
116.305 39.8294
116.304 39.8294
116.304 39.8294
116.304 39.8294
116.304 39.8294
116.304 39.8294
116.303 39.8294
116.303 39.8294
116.303 39.8294
116.303 39.8294
116.302 39.8294
116.302 39.8294
116.302 39.8294
116.302 39.8294
116.301 39.8295
116.301 39.8295
116.301 39.8295
116.301 39.8295
116.301 39.8295
116.3 39.8295
116.3 39.8295
116.3 39.8295
116.3 39.8295
116.299 39.8295
116.299 39.8295
116.299 39.8295
116.299 39.8295
116.299 39.8295
116.298 39.8295
116.298 39.8295
116.298 39.8295
116.298 39.8295
116.297 39.8295
116.297 39.8295
116.297 39.8295
116.297 39.8295
116.297 39.8295
116.296 39.8295
116.296 39.8295
116.296 39.8295
116.296 39.8295
116.296 39.8295
116.295 39.8295
116.295 39.8295
116.295 39.8295
116.295 39.8295
116.295 39.8294
116.294 39.8294
116.294 39.8294
116.294 39.8294
116.294 39.8294
116.294 39.8294
116.293 39.8294
116.293 39.8294
116.293 39.8294
116.293 39.8295
116.293 39.8295
116.292 39.8295
116.292 39.8295
116.292 39.8295
116.292 39.8295
116.292 39.8295
116.291 39.8295
116.291 39.8295
116.291 39.8295
116.291 39.8295
116.291 39.8295
116.29 39.8295
116.29 39.8295
116.29 39.8295
116.29 39.8295
116.29 39.8295
116.289 39.8295
116.289 39.8295
116.289 39.8295
116.289 39.8295
116.289 39.8295
116.288 39.8295
116.288 39.8295
116.288 39.8295
116.288 39.8295
116.288 39.8295
116.288 39.8294
116.287 39.8295
116.287 39.8295
116.287 39.8295
116.287 39.8296
116.287 39.8296
116.286 39.8297
116.286 39.8297
116.286 39.8298
116.286 39.8298
116.286 39.8299
116.285 39.83
116.285 39.83
116.285 39.8301
116.285 39.8302
116.285 39.8302
116.285 39.8303
116.284 39.8304
116.284 39.8305
116.284 39.8305
116.284 39.8306
116.284 39.8307
116.284 39.8308
116.284 39.8309
116.283 39.831
116.283 39.8311
116.283 39.8312
116.283 39.8312
116.283 39.8314
116.283 39.8315
116.283 39.8316
116.283 39.8317
116.283 39.8318
116.282 39.8319
116.282 39.832
116.282 39.8321
116.282 39.8322
116.282 39.8324
116.282 39.8325
116.282 39.8326
116.282 39.8328
116.282 39.8329
116.282 39.8331
116.282 39.8332
116.282 39.8334
116.282 39.8335
116.281 39.8337
116.281 39.8338
116.281 39.8339
116.281 39.8341
116.281 39.8342
116.281 39.8343
116.281 39.8345
116.281 39.8346
116.281 39.8348
116.281 39.8349
116.281 39.835
116.281 39.8352
116.281 39.8353
116.281 39.8355
116.281 39.8356
116.281 39.8358
116.281 39.8359
116.281 39.8361
116.281 39.8362
116.281 39.8364
116.281 39.8365
116.281 39.8367
116.281 39.8369
116.281 39.837
116.281 39.8371
116.281 39.8373
116.281 39.8374
116.281 39.8376
116.281 39.8377
116.281 39.8379
116.281 39.838
116.281 39.8381
116.28 39.8383
116.28 39.8384
116.28 39.8385
116.28 39.8387
116.28 39.8388
116.28 39.8389
116.28 39.839
116.28 39.8391
116.28 39.8393
116.28 39.8394
116.28 39.8395
116.28 39.8396
116.28 39.8398
116.28 39.8399
116.28 39.84
116.28 39.8402
116.28 39.8403
116.28 39.8404
116.28 39.8406
116.28 39.8407
116.28 39.8408
116.28 39.8409
116.28 39.8411
116.279 39.8412
116.279 39.8413
116.279 39.8414
116.279 39.8416
116.279 39.8417
116.279 39.8418
116.279 39.8419
116.279 39.842
116.279 39.8421
116.279 39.8422
116.279 39.8423
116.279 39.8425
116.278 39.8426
116.278 39.8427
116.278 39.8428
116.278 39.8429
116.278 39.843
116.278 39.8432
116.278 39.8433
116.278 39.8434
116.278 39.8436
116.278 39.8437
116.278 39.8438
116.278 39.844
116.278 39.8441
116.278 39.8443
116.278 39.8444
116.278 39.8446
116.278 39.8452
116.278 39.8454
116.278 39.8455
116.278 39.8456
116.278 39.8457
116.278 39.846
116.278 39.8461
116.278 39.8462
116.278 39.8464
116.278 39.8465
116.278 39.8467
116.278 39.8469
116.278 39.847
116.278 39.847
116.278 39.8471
116.278 39.8472
116.278 39.8473
116.278 39.8474
116.278 39.8475
116.278 39.8476
116.278 39.8477
116.278 39.8479
116.278 39.848
116.278 39.8481
116.278 39.8483
116.278 39.8484
116.278 39.8485
116.278 39.8487
116.278 39.8489
116.278 39.849
116.278 39.8492
116.278 39.8493
116.278 39.8495
116.278 39.8496
116.278 39.8498
116.278 39.8499
116.278 39.8501
116.278 39.8502
116.278 39.8504
116.278 39.8505
116.278 39.8506
116.278 39.8508
116.278 39.8509
116.278 39.8511
116.278 39.8512
116.278 39.8514
116.278 39.8515
116.278 39.8517
116.278 39.8518
116.278 39.852
116.278 39.8521
116.277 39.8523
116.277 39.8524
116.277 39.8526
116.277 39.8528
116.277 39.8529
116.277 39.8531
116.277 39.8533
116.277 39.8535
116.277 39.8537
116.277 39.8539
116.277 39.8541
116.277 39.8543
116.277 39.8544
116.277 39.8546
116.277 39.8548
116.277 39.855
116.277 39.8552
116.277 39.8554
116.277 39.8556
116.277 39.8558
116.277 39.8559
116.277 39.8561
116.277 39.8563
116.277 39.8565
116.277 39.8567
116.277 39.8569
116.277 39.8571
116.277 39.8572
116.277 39.8574
116.277 39.8576
116.277 39.8578
116.277 39.8579
116.277 39.8581
116.277 39.8583
116.277 39.8585
116.277 39.8587
116.277 39.8589
116.277 39.859
116.277 39.8592
116.277 39.8594
116.277 39.8595
116.277 39.8597
116.277 39.8599
116.277 39.86
116.277 39.8602
116.277 39.8603
116.277 39.8605
116.277 39.8606
116.277 39.8608
116.277 39.8609
116.277 39.8611
116.277 39.8613
116.277 39.8614
116.277 39.8616
116.277 39.8617
116.277 39.8618
116.277 39.862
116.278 39.8621
116.278 39.8622
116.278 39.8624
116.278 39.8625
116.278 39.8626
116.278 39.8627
116.278 39.8628
116.278 39.8629
116.278 39.8631
116.278 39.8632
116.278 39.8633
116.278 39.8635
116.278 39.8636
116.278 39.8637
116.278 39.8638
116.278 39.864
116.278 39.8641
116.278 39.8642
116.278 39.8643
116.278 39.8644
116.278 39.8645
116.278 39.8646
116.277 39.8646
116.277 39.8647
116.277 39.8647
116.277 39.8648
116.277 39.8648
116.277 39.8648
116.276 39.8648
116.276 39.8648
116.276 39.8648
116.276 39.8648
116.276 39.8647
116.276 39.8646
116.275 39.8646
116.275 39.8645
116.275 39.8644
116.275 39.8643
116.275 39.8643
116.275 39.8642
116.274 39.8642
116.274 39.8642
116.274 39.8641
116.274 39.8641
116.274 39.8641
116.273 39.8641
116.273 39.8641
116.273 39.8641
116.273 39.8641
116.273 39.8641
116.273 39.8641
116.272 39.8641
116.272 39.8641
116.272 39.8641
116.272 39.8641
116.272 39.8641
116.271 39.8641
116.271 39.8641
116.271 39.8641
116.271 39.8641
116.271 39.8641
116.27 39.8641
116.27 39.8641
116.27 39.8641
116.27 39.8641
116.27 39.8641
116.27 39.8641
116.269 39.8641
116.269 39.8641
116.269 39.8641
116.269 39.8641
116.269 39.8641
116.269 39.8641
116.269 39.8641
116.268 39.8642
116.268 39.8642
116.268 39.8642
116.268 39.8642
116.268 39.8642
116.267 39.8642
116.267 39.8642
116.267 39.8642
116.267 39.8642
116.267 39.8643
116.267 39.8643
116.266 39.8643
116.266 39.8643
116.266 39.8643
116.266 39.8642
116.266 39.8642
116.266 39.8642
116.266 39.8642
116.266 39.8642
116.265 39.8642
116.265 39.8642
116.265 39.8642
116.265 39.8642
116.265 39.8642
116.265 39.8642
116.265 39.8642
116.265 39.8643
116.264 39.8643
116.264 39.8643
116.264 39.8643
116.264 39.8643
116.264 39.8642
116.264 39.8642
116.264 39.8642
116.264 39.8642
116.263 39.8642
116.263 39.8643
116.263 39.8643
116.263 39.8643
116.263 39.8644
116.263 39.8645
116.263 39.8645
116.263 39.8645
116.263 39.8645
116.262 39.8645
116.262 39.8645
116.262 39.8646
116.262 39.8645
116.262 39.8646
116.262 39.8647
116.262 39.8648
116.262 39.8649
116.262 39.865
116.262 39.865
116.262 39.8651
116.262 39.8652
116.262 39.8653
116.262 39.8654
116.263 39.8655
116.263 39.8655
116.263 39.8656
116.263 39.8657
116.263 39.8658
116.263 39.8659
116.263 39.8659
116.263 39.866
116.263 39.8661
116.263 39.8662
116.263 39.8663
116.263 39.8662
116.263 39.8661
116.263 39.866
116.263 39.866
116.263 39.8659
116.263 39.8658
116.263 39.8658
116.263 39.8657
116.263 39.8657
116.263 39.8656
116.262 39.8655
116.262 39.8654
116.262 39.8654
116.262 39.8653
116.262 39.8652
116.262 39.8651
116.262 39.865
116.262 39.8649
116.262 39.8649
116.262 39.8648
116.261 39.8647
116.261 39.8646
116.261 39.8646
116.261 39.8645
116.261 39.8645
116.261 39.8644
116.261 39.8643
116.261 39.8643
116.261 39.8642
116.261 39.8641
116.261 39.8641
116.26 39.864
116.26 39.8639
116.26 39.8639
116.26 39.8638
116.26 39.8637
116.26 39.8637
116.26 39.8636
116.26 39.8636
116.26 39.8635
116.26 39.8635
116.259 39.8635
116.259 39.8634
116.259 39.8634
116.259 39.8633
116.259 39.8632
116.259 39.8632
116.259 39.8631
116.259 39.8631
116.259 39.863
116.259 39.8629
116.259 39.8628
116.258 39.8627
116.258 39.8626
116.258 39.8625
116.258 39.8624
116.258 39.8622
116.258 39.8621
116.259 39.862
116.259 39.8619
116.259 39.8618
116.259 39.8617
116.259 39.8616
116.259 39.8615
116.259 39.8613
116.259 39.8612
116.259 39.8611
116.259 39.861
116.259 39.8609
116.259 39.8608
116.259 39.8606
116.259 39.8605
116.259 39.8603
116.259 39.8602
116.259 39.8601
116.259 39.86
116.259 39.8599
116.259 39.8598
116.259 39.8597
116.259 39.8596
116.259 39.8596
116.259 39.8596
116.259 39.8595
116.259 39.8594
116.259 39.8593
116.258 39.8593
116.258 39.8593
116.258 39.8593
116.258 39.8593
116.258 39.8593
116.258 39.8593
116.258 39.8593
116.258 39.8594
116.258 39.8595
116.258 39.8596
116.258 39.8596
116.257 39.8596
116.257 39.8596
116.257 39.8596
116.257 39.8597
