116.331 39.9752
116.331 39.9752
116.331 39.9752
116.331 39.9752
116.332 39.9752
116.332 39.9754
116.332 39.9754
116.332 39.9754
116.334 39.9755
116.334 39.9756
116.332 39.9888
116.332 39.9903
116.332 39.9906
116.332 39.9909
116.332 39.9912
116.332 39.9914
116.332 39.9915
116.332 39.9915
116.332 39.9916
116.332 39.9917
116.332 39.9919
116.332 39.992
116.332 39.9921
116.332 39.992
116.332 39.992
116.317 40.0243
116.316 40.0258
116.316 40.0273
116.316 40.0277
116.316 40.0281
116.315 40.0285
116.315 40.0289
116.315 40.0292
116.315 40.0296
116.315 40.03
116.315 40.0303
116.315 40.0306
116.314 40.0309
116.314 40.0311
116.314 40.0313
116.314 40.0314
116.314 40.0314
116.314 40.0314
116.314 40.0315
116.314 40.0316
116.314 40.0316
116.314 40.0317
116.314 40.0318
116.314 40.0318
116.314 40.0318
116.3 40.0531
116.298 40.0552
116.298 40.0569
116.297 40.0586
116.296 40.0602
116.295 40.0616
116.294 40.0628
116.294 40.0632
116.293 40.0636
116.312 40.0695
116.313 40.0694
116.313 40.0694
116.313 40.0693
116.314 40.0693
116.314 40.0692
116.314 40.0692
116.314 40.0692
116.314 40.0692
116.314 40.0699
116.314 40.0699
116.314 40.0699
116.314 40.0699
116.314 40.0699
116.314 40.0699
116.314 40.0699
116.314 40.0699
116.315 40.07
116.315 40.07
116.315 40.07
116.315 40.0701
116.315 40.0701
116.315 40.0702
116.315 40.0702
116.315 40.0702
116.315 40.0702
116.315 40.07
116.322 40.0835
116.322 40.0836
116.322 40.0836
116.322 40.0837
116.322 40.0838
116.322 40.0839
116.322 40.0839
116.322 40.0838
116.322 40.0838
116.322 40.0838
116.322 40.0839
116.322 40.0839
116.322 40.0839
116.322 40.0839
116.322 40.0839
116.323 40.0839
116.323 40.0839
116.323 40.0839
116.323 40.0839
116.323 40.0839
116.323 40.0839
116.323 40.0839
116.323 40.0839
116.323 40.0839
116.323 40.0839
116.323 40.0839
116.323 40.0839
116.323 40.0839
116.323 40.0839
116.323 40.084
116.323 40.084
116.324 40.084
116.324 40.084
116.324 40.084
116.324 40.084
116.324 40.084
116.324 40.084
116.324 40.084
116.324 40.084
116.324 40.084
116.324 40.084
116.324 40.084
116.324 40.084
116.324 40.084
116.324 40.0841
116.324 40.0841
116.324 40.0841
116.325 40.0841
116.325 40.0841
116.325 40.0841
116.325 40.0841
116.325 40.0841
116.325 40.0841
116.325 40.0841
116.325 40.0841
116.326 40.0855
116.326 40.0855
116.326 40.0856
116.326 40.0856
116.326 40.0857
116.326 40.0857
116.326 40.0858
116.326 40.0858
116.326 40.0858
116.326 40.0858
116.326 40.0859
116.326 40.0859
116.327 40.0859
116.327 40.0859
116.327 40.0859
116.327 40.086
116.327 40.086
116.327 40.0861
116.327 40.0862
116.327 40.0863
116.327 40.0863
116.327 40.0864
116.326 40.0864
116.326 40.0865
116.326 40.0865
116.327 40.0866
116.327 40.0867
116.327 40.0867
116.326 40.0868
116.326 40.0868
116.326 40.0868
116.327 40.0874
