116.207 39.9344
116.207 39.9334
116.208 39.9324
116.208 39.9314
116.206 39.9301
116.206 39.9296
116.206 39.9287
116.206 39.9278
116.206 39.9269
116.206 39.9262
116.206 39.9254
116.206 39.9247
116.206 39.9241
116.206 39.9235
116.206 39.9229
116.206 39.9224
116.206 39.9221
116.205 39.922
116.205 39.9222
116.205 39.9225
116.205 39.9229
116.206 39.9229
116.206 39.9228
116.207 39.9227
116.208 39.9227
116.209 39.9229
116.209 39.9231
116.21 39.9233
116.211 39.9233
116.212 39.9234
116.214 39.9234
116.215 39.9234
116.216 39.9234
116.217 39.9235
116.219 39.9235
116.22 39.9235
116.221 39.9236
116.223 39.9236
116.224 39.9235
116.225 39.9234
116.226 39.9234
116.228 39.9233
116.229 39.9234
116.23 39.9236
116.231 39.9238
116.233 39.9241
116.234 39.9244
116.235 39.9247
116.236 39.925
116.237 39.9253
116.239 39.9255
116.24 39.9258
116.241 39.926
116.242 39.926
116.244 39.9257
116.245 39.9253
116.246 39.925
116.247 39.9246
116.248 39.9243
116.249 39.9239
116.249 39.9236
116.25 39.9233
116.252 39.923
116.253 39.9229
116.254 39.9229
116.255 39.923
116.257 39.923
116.258 39.923
116.259 39.923
116.26 39.923
116.261 39.923
116.262 39.923
116.263 39.923
116.264 39.923
116.264 39.923
116.265 39.923
116.265 39.923
116.265 39.923
116.266 39.9229
116.266 39.9228
116.267 39.9226
116.267 39.9224
116.268 39.9221
116.268 39.9219
116.269 39.9217
116.269 39.9218
116.27 39.9222
116.27 39.9228
116.27 39.9234
116.27 39.9241
116.269 39.9248
116.269 39.9256
116.269 39.9266
116.269 39.9275
116.269 39.9284
116.269 39.9291
116.269 39.9298
116.269 39.9305
116.269 39.9313
116.269 39.9321
116.269 39.933
116.269 39.9339
116.269 39.9347
116.268 39.9356
116.268 39.9363
116.268 39.937
116.268 39.9376
116.268 39.9382
116.268 39.9388
116.268 39.9395
116.268 39.9402
116.268 39.941
116.268 39.9418
116.268 39.9426
116.269 39.9434
116.269 39.9442
116.269 39.9449
116.269 39.9457
116.269 39.9464
116.269 39.9473
116.269 39.9481
116.269 39.9489
116.269 39.9497
116.269 39.9505
116.27 39.9513
116.27 39.952
116.27 39.9528
116.27 39.9536
116.27 39.9543
116.27 39.9551
116.27 39.956
116.27 39.9568
116.27 39.9576
116.269 39.9584
116.269 39.9592
116.269 39.96
116.269 39.9608
116.269 39.9615
116.269 39.9623
116.269 39.963
116.269 39.9638
116.269 39.9646
116.269 39.9655
116.269 39.9663
116.269 39.9671
116.269 39.9679
116.27 39.9687
116.271 39.9695
116.272 39.9701
116.273 39.9706
116.274 39.9711
116.274 39.9715
116.275 39.9719
116.276 39.9723
116.277 39.9727
116.278 39.9731
116.279 39.9736
116.279 39.9742
116.28 39.9748
116.281 39.9755
116.282 39.9763
116.283 39.977
116.283 39.9777
116.284 39.9784
116.285 39.9791
116.285 39.9797
116.286 39.9804
116.287 39.981
116.288 39.9816
116.289 39.9821
116.289 39.9825
116.29 39.9829
116.291 39.9832
116.292 39.9835
116.293 39.9836
116.294 39.9837
116.295 39.9837
116.296 39.9837
116.297 39.9837
116.297 39.9837
116.297 39.9838
116.297 39.9838
116.298 39.9838
116.298 39.9838
116.298 39.9838
116.298 39.9838
116.299 39.9838
116.299 39.9838
116.299 39.9838
116.299 39.9838
116.3 39.9838
116.3 39.9839
116.3 39.9839
116.3 39.9839
116.301 39.9839
116.301 39.9839
116.301 39.9839
116.301 39.9839
116.301 39.9839
116.302 39.9839
116.302 39.9839
116.303 39.9839
116.303 39.9839
116.303 39.9839
116.304 39.984
116.304 39.984
116.304 39.9839
116.305 39.984
116.305 39.9839
116.306 39.9839
116.306 39.9839
116.306 39.9839
116.306 39.9839
116.307 39.9839
116.307 39.9839
116.307 39.9839
116.307 39.9839
116.307 39.9839
116.307 39.9839
116.307 39.9839
116.307 39.9839
116.307 39.9839
116.307 39.9839
116.307 39.9839
116.307 39.9839
116.307 39.9839
116.307 39.9839
116.307 39.9839
116.307 39.9839
116.307 39.9839
116.307 39.9839
116.307 39.9839
116.308 39.9839
116.308 39.9839
116.308 39.9839
116.308 39.9839
116.308 39.9839
116.309 39.9839
116.309 39.9839
116.309 39.984
116.309 39.984
116.309 39.9841
116.309 39.9841
116.309 39.9841
116.309 39.9841
116.309 39.9841
116.309 39.9841
116.309 39.9841
116.309 39.9841
116.309 39.9841
116.309 39.9841
116.309 39.9841
116.309 39.9841
116.309 39.9841
116.309 39.9841
116.309 39.9841
116.309 39.9841
116.309 39.9841
116.309 39.9841
116.309 39.9841
116.309 39.9841
116.309 39.9841
116.309 39.9841
116.309 39.9841
116.309 39.9841
116.309 39.9841
116.309 39.9841
116.309 39.9841
116.31 39.9841
116.31 39.9841
116.31 39.9841
116.311 39.9841
116.311 39.9841
116.312 39.9841
116.312 39.9841
116.313 39.9841
116.313 39.9841
116.314 39.9841
116.314 39.9841
116.314 39.9841
116.314 39.9841
116.314 39.9841
116.314 39.9841
116.314 39.9841
116.314 39.9841
116.314 39.9841
116.314 39.9841
116.315 39.9841
116.316 39.9841
116.317 39.9841
116.318 39.9842
116.319 39.9842
116.319 39.9842
116.32 39.9842
116.32 39.9843
116.32 39.9843
116.32 39.9843
116.32 39.9843
116.32 39.9843
116.32 39.9843
116.321 39.9843
116.321 39.9843
116.322 39.9843
116.323 39.9844
116.323 39.9844
116.324 39.9844
116.324 39.9844
116.324 39.9844
116.324 39.9844
116.324 39.9844
116.325 39.9844
116.325 39.9844
116.325 39.9844
116.326 39.9844
116.326 39.9845
116.326 39.9845
116.327 39.9845
116.327 39.9844
116.327 39.9842
116.327 39.9836
116.327 39.9829
116.327 39.9821
116.327 39.9814
116.327 39.9808
116.327 39.9804
116.327 39.9804
116.327 39.9804
116.327 39.9804
116.327 39.9804
116.327 39.9804
116.327 39.9804
116.327 39.9804
116.327 39.9804
116.327 39.9804
116.327 39.9804
116.327 39.9804
116.327 39.9804
116.327 39.9804
116.327 39.9804
116.327 39.9804
116.327 39.9804
116.327 39.9804
116.327 39.9804
116.327 39.9802
116.327 39.9798
116.327 39.9793
116.327 39.9787
116.328 39.978
116.328 39.9772
116.328 39.9766
116.328 39.976
116.328 39.9756
116.328 39.9755
116.328 39.9755
116.328 39.9755
116.328 39.9755
116.328 39.9755
116.328 39.9755
116.328 39.9755
116.328 39.9758
116.328 39.9762
116.328 39.9766
116.328 39.9768
116.328 39.9769
116.328 39.9769
116.328 39.9769
116.329 39.9769
116.329 39.9769
116.33 39.9771
116.331 39.9771
116.331 39.9771
116.332 39.9771
116.332 39.9767
116.332 39.9762
116.332 39.9758
116.331 39.9757
116.331 39.9756
116.33 39.9756
116.33 39.9755
116.331 39.9754
116.326 39.9755
116.326 39.9755
116.325 39.9752
116.325 39.9752
116.324 39.9751
116.324 39.9751
116.323 39.9751
116.322 39.9751
116.321 39.9751
116.321 39.975
116.32 39.975
116.32 39.975
116.32 39.975
116.32 39.975
116.32 39.975
116.32 39.975
116.32 39.975
116.32 39.975
116.32 39.975
116.319 39.975
116.319 39.975
116.318 39.975
116.317 39.9749
116.317 39.9749
116.316 39.9748
116.316 39.9748
116.315 39.9748
116.315 39.9748
116.315 39.9746
116.314 39.9747
116.314 39.9748
116.314 39.9746
116.313 39.9747
116.313 39.9748
116.312 39.9748
116.312 39.9748
116.312 39.9747
116.312 39.9747
116.312 39.9747
116.312 39.9747
116.312 39.9747
116.312 39.9747
116.312 39.9747
116.312 39.9747
116.312 39.9747
116.312 39.9748
116.312 39.9747
116.311 39.9745
116.311 39.9742
116.312 39.9737
116.312 39.9732
116.312 39.9727
116.312 39.9722
116.313 39.9718
116.313 39.9716
116.313 39.9716
116.313 39.9716
116.313 39.9716
116.313 39.9716
116.313 39.9716
116.313 39.9716
116.313 39.9714
116.313 39.9711
116.313 39.9707
116.313 39.9702
116.314 39.9695
116.314 39.9689
116.314 39.9682
116.314 39.9676
116.314 39.967
116.315 39.9665
116.315 39.9661
116.315 39.966
116.315 39.966
116.315 39.966
116.315 39.966
116.315 39.966
116.315 39.966
116.315 39.966
116.315 39.966
116.315 39.966
116.315 39.966
116.315 39.966
116.315 39.966
116.315 39.966
116.315 39.966
116.315 39.966
116.315 39.966
116.315 39.966
116.315 39.966
116.315 39.966
116.315 39.966
116.315 39.966
116.315 39.966
116.315 39.966
116.315 39.966
116.315 39.9659
116.315 39.9657
116.315 39.9653
116.315 39.9647
116.316 39.9641
116.316 39.9635
116.316 39.9629
116.316 39.9625
116.316 39.9621
116.316 39.9613
116.316 39.9605
116.317 39.9598
116.317 39.959
116.317 39.9583
116.317 39.9577
116.317 39.9572
116.317 39.9567
116.317 39.9563
116.317 39.9562
116.317 39.9562
116.317 39.9562
116.317 39.9562
116.317 39.9562
116.317 39.9562
116.317 39.9562
116.317 39.956
116.317 39.9557
116.317 39.9553
116.317 39.9548
116.317 39.9542
116.317 39.9535
116.317 39.9528
116.317 39.9521
116.318 39.9516
116.318 39.9513
116.318 39.9511
116.318 39.951
116.318 39.9508
116.318 39.9506
116.318 39.9503
116.318 39.9499
116.318 39.9497
116.318 39.9493
116.318 39.9489
116.318 39.9485
116.318 39.9481
116.318 39.9478
116.318 39.9475
116.318 39.9472
116.318 39.9469
116.318 39.9466
116.318 39.9462
116.318 39.9458
116.318 39.9452
116.318 39.9445
116.319 39.9439
116.319 39.9434
116.319 39.9428
116.319 39.9423
116.319 39.9416
116.319 39.9409
116.319 39.9402
116.319 39.9396
116.319 39.939
116.319 39.9385
116.319 39.938
116.319 39.9377
116.318 39.9377
116.318 39.9378
116.317 39.9379
116.316 39.9379
116.316 39.9379
116.315 39.938
116.314 39.938
116.314 39.9381
116.313 39.9381
116.312 39.9382
116.311 39.9384
116.311 39.9386
116.31 39.9388
116.309 39.939
116.308 39.9394
116.307 39.9397
116.307 39.94
116.306 39.9403
116.305 39.9405
116.305 39.9407
116.304 39.941
116.303 39.9413
116.302 39.9416
116.302 39.942
116.301 39.9423
116.3 39.9426
116.299 39.9428
116.298 39.9431
116.297 39.9434
116.296 39.9438
116.295 39.9441
116.294 39.9444
116.294 39.9447
116.293 39.9449
116.292 39.9452
116.291 39.9456
116.29 39.9459
116.289 39.9462
116.288 39.9464
116.288 39.9465
116.287 39.9465
116.286 39.9465
116.285 39.9464
116.284 39.9463
116.284 39.9461
116.283 39.9459
116.282 39.9458
116.282 39.9457
116.281 39.9455
116.28 39.9454
116.279 39.9453
116.278 39.9452
116.278 39.9453
116.277 39.9453
116.277 39.9454
116.277 39.9454
116.277 39.9453
116.277 39.9453
116.277 39.9453
116.277 39.9453
116.277 39.9453
116.277 39.9453
116.277 39.9453
116.276 39.9453
116.276 39.9453
116.275 39.9453
116.275 39.9453
116.274 39.9453
116.274 39.9453
116.273 39.9453
116.272 39.9453
116.272 39.9454
116.271 39.9454
116.271 39.9454
116.271 39.9454
116.271 39.9454
116.271 39.9454
116.271 39.9454
116.271 39.9454
116.271 39.9454
116.271 39.9454
116.271 39.9454
116.271 39.9454
116.271 39.9454
116.27 39.9454
116.27 39.9455
116.27 39.9455
116.27 39.9455
116.269 39.9455
116.269 39.9455
116.269 39.9455
116.268 39.9455
116.268 39.9454
116.268 39.9452
116.268 39.9449
116.268 39.9445
116.268 39.9441
116.268 39.9436
116.268 39.9431
116.268 39.9426
116.268 39.9422
116.268 39.9418
116.268 39.9413
116.268 39.9407
116.268 39.9401
116.268 39.9394
116.268 39.9386
116.268 39.938
116.268 39.9373
116.268 39.9366
116.268 39.9359
116.268 39.9352
116.268 39.9344
116.268 39.9337
116.268 39.933
116.268 39.9323
116.269 39.9317
116.269 39.9311
116.269 39.9305
116.269 39.9299
116.269 39.9294
116.269 39.9289
116.269 39.9283
116.269 39.9278
116.269 39.9274
116.269 39.927
116.269 39.9265
116.269 39.926
116.269 39.9255
116.269 39.925
116.269 39.9246
116.268 39.9243
116.268 39.924
116.267 39.9235
116.266 39.9232
116.265 39.923
116.264 39.923
116.262 39.923
116.261 39.923
116.26 39.923
116.258 39.923
116.257 39.923
116.256 39.923
116.254 39.923
116.253 39.923
116.252 39.9231
116.251 39.9233
116.249 39.9236
116.248 39.924
116.247 39.9244
116.246 39.9248
116.245 39.9252
116.244 39.9256
116.243 39.9259
116.241 39.9261
116.24 39.926
116.239 39.9257
116.238 39.9254
116.236 39.9251
116.235 39.9248
116.234 39.9245
116.233 39.9242
116.231 39.9239
116.23 39.9237
116.229 39.9235
116.228 39.9234
116.226 39.9233
116.225 39.9234
116.223 39.9235
116.222 39.9236
116.221 39.9236
116.22 39.9235
116.218 39.9235
116.217 39.9235
116.216 39.9235
116.215 39.9235
116.214 39.9235
116.213 39.9235
116.212 39.9236
116.211 39.9236
116.21 39.9237
116.209 39.924
116.208 39.9244
116.207 39.925
116.207 39.9257
116.206 39.9265
116.206 39.9274
116.206 39.9284
116.206 39.9294
116.206 39.9304
116.206 39.9315
116.206 39.9327
116.206 39.9338
116.206 39.9349
116.206 39.936
116.206 39.9369
116.206 39.9378
116.206 39.9387
116.206 39.9396
116.206 39.9404
116.206 39.941
116.206 39.9413
116.207 39.9413
116.207 39.941
116.207 39.9405
116.207 39.9402
116.206 39.94
116.205 39.94
116.205 39.94
116.205 39.9401
116.205 39.9401
116.205 39.9401
116.205 39.9401
116.205 39.9401
116.205 39.9401
116.205 39.9401
116.205 39.9401
116.205 39.9401
116.205 39.9401
116.205 39.9401
116.205 39.9401
116.205 39.9401
116.205 39.9401
116.205 39.9401
116.205 39.9401
116.205 39.9401
116.205 39.9401
116.204 39.9401
116.203 39.9401
116.202 39.9401
116.201 39.9401
116.201 39.9401
116.201 39.9403
116.201 39.941
116.201 39.9416
116.201 39.9422
116.201 39.9425
116.201 39.9427
116.201 39.943
116.2 39.943
116.199 39.9429
116.198 39.9428
116.196 39.9428
116.195 39.9428
116.195 39.9427
116.195 39.9427
116.195 39.9427
116.196 39.9427
116.197 39.9427
116.197 39.9426
116.197 39.9426
116.197 39.9425
116.197 39.9425
116.197 39.9424
116.197 39.9423
116.197 39.9423
116.197 39.9423
116.197 39.9423
116.197 39.9422
