116.348 39.9995
116.349 39.9995
116.349 39.9995
116.349 39.9995
116.35 39.9996
116.35 39.9996
116.35 39.9996
116.351 39.9996
116.351 39.9996
116.351 39.9996
116.351 39.9996
116.351 39.9996
116.351 39.9996
116.351 39.9996
116.351 39.9996
116.351 39.9996
116.351 39.9996
116.351 39.9996
116.351 39.9996
116.352 39.9996
116.352 39.9997
116.352 39.9997
116.352 39.9997
116.352 39.9997
116.352 39.9997
116.353 39.9997
116.353 39.9997
116.353 39.9997
116.354 39.9997
116.354 39.9997
116.354 39.9997
116.354 39.9997
116.355 39.9997
116.355 39.9997
116.355 39.9997
116.356 39.9997
116.356 39.9997
116.356 39.9997
116.357 39.9997
116.357 39.9997
116.357 39.9997
116.358 39.9997
116.358 39.9997
116.358 39.9997
116.359 39.9997
116.359 39.9997
116.359 39.9997
116.36 39.9997
116.36 39.9997
116.36 39.9998
116.36 39.9998
116.361 39.9998
116.361 39.9998
116.361 39.9998
116.361 39.9998
116.362 39.9998
116.362 39.9998
116.362 39.9998
116.362 39.9998
116.363 39.9998
116.363 39.9998
116.363 39.9998
116.363 39.9998
116.364 39.9999
116.365 39.9997
116.365 39.9998
116.366 39.9999
116.366 39.9999
116.366 39.9999
116.366 39.9999
116.366 39.9999
116.366 39.9999
116.366 39.9999
116.366 39.9999
116.366 39.9999
116.366 39.9999
116.366 39.9999
116.366 39.9999
116.367 39.9999
116.367 39.9999
116.367 39.9999
116.367 39.9999
116.367 39.9999
116.367 40
116.367 40
116.367 40
116.367 40
116.373 40.0001
116.373 40.0002
116.373 40.0002
116.373 40.0003
116.373 40.0003
116.373 40.0003
116.373 40.0003
116.373 40.0003
116.373 40.0003
116.373 40.0002
116.373 40.0002
116.373 40.0002
116.373 40.0002
116.373 40.0002
116.373 40.0002
116.373 40.0002
116.373 40.0003
116.373 40.0004
116.373 40.0004
116.373 40.0004
116.373 40.0004
116.373 40.0004
116.373 40.0004
116.373 39.9999
116.373 39.9997
116.373 40.0003
116.373 40.0003
116.373 40.0003
116.373 40.0003
116.373 40.0003
116.373 40.0003
116.373 40.0003
116.373 40.0004
116.374 40.0004
116.374 40.0004
116.374 40.0004
116.374 40.0005
116.374 40.0005
116.374 40.0005
116.374 40.0005
116.374 40.0006
116.374 40.0006
116.374 40.0005
116.374 40.0004
116.374 40.0004
116.374 40.0004
116.374 40.0003
116.374 40.0004
116.374 40.0005
116.374 40.0005
116.374 40.0005
116.374 40.0005
116.374 40.0005
116.374 40.0005
116.374 40.0006
116.374 40.0006
116.374 40.0006
116.374 40.0006
116.374 40.0006
116.374 40.0006
116.374 40.0007
116.374 40.0007
116.374 40.0008
116.374 40.0008
116.374 40.0008
116.374 40.0009
116.374 40.0009
116.374 40.0009
116.374 40.001
116.374 40.001
116.374 40.001
116.374 40.001
116.374 40.001
116.374 40.0011
116.374 40.0011
116.374 40.0011
116.374 40.0011
116.374 40.0011
116.374 40.0012
116.374 40.0012
116.374 40.0012
116.374 40.0012
116.374 40.0012
116.374 40.0013
116.374 40.0013
116.374 40.0013
116.374 40.0014
116.374 40.0014
116.374 40.0014
116.374 40.0015
116.374 40.0015
116.374 40.0015
116.374 40.0015
116.374 40.0016
116.374 40.0016
116.374 40.0016
116.374 40.0017
116.374 40.0017
116.374 40.0017
116.374 40.0018
116.374 40.0018
116.374 40.0018
116.374 40.0018
116.374 40.0019
116.374 40.0019
116.374 40.0019
116.374 40.0019
116.374 40.002
116.374 40.002
116.374 40.002
116.374 40.002
116.374 40.0021
116.374 40.0021
116.374 40.0021
116.374 40.0021
116.374 40.0022
116.374 40.0022
116.374 40.0022
116.374 40.0022
116.374 40.0022
116.374 40.0023
116.374 40.0023
116.374 40.0023
116.374 40.0023
116.374 40.0024
116.374 40.0024
116.374 40.0024
116.374 40.0024
116.374 40.0025
116.374 40.0025
116.374 40.0025
116.374 40.0025
116.374 40.0025
116.374 40.0026
116.374 40.0026
116.374 40.0026
116.374 40.0026
116.374 40.0027
116.374 40.0027
116.374 40.0027
116.374 40.0027
116.374 40.0028
116.374 40.0028
116.374 40.0028
116.374 40.0029
116.374 40.0029
116.374 40.0029
116.374 40.0029
116.374 40.003
116.374 40.003
116.374 40.003
116.374 40.003
116.374 40.003
116.374 40.003
116.374 40.0031
116.374 40.0031
116.374 40.0031
116.374 40.0031
116.374 40.0032
116.374 40.0032
116.374 40.0032
116.374 40.0032
116.374 40.0033
116.374 40.0033
116.374 40.0033
116.374 40.0033
116.374 40.0033
116.374 40.0034
116.374 40.0034
116.374 40.0034
116.374 40.0034
116.374 40.0035
116.374 40.0035
116.374 40.0035
116.374 40.0036
116.374 40.0036
116.374 40.0036
116.374 40.0036
116.374 40.0037
116.374 40.0037
116.374 40.0037
116.374 40.0037
116.374 40.0038
116.374 40.0038
116.374 40.0038
116.374 40.0038
116.374 40.0039
116.374 40.0039
116.374 40.0039
116.374 40.0039
116.374 40.004
116.374 40.004
116.374 40.004
116.374 40.004
116.374 40.0041
116.374 40.0041
116.374 40.0041
116.374 40.0041
116.374 40.0042
116.374 40.0042
116.374 40.0042
116.374 40.0042
116.374 40.0042
116.374 40.0043
116.374 40.0043
116.374 40.0043
116.374 40.0043
116.374 40.0044
116.374 40.0044
116.374 40.0044
116.374 40.0044
116.374 40.0045
116.374 40.0045
116.374 40.0045
116.374 40.0045
116.374 40.0045
116.374 40.0046
116.374 40.0046
116.374 40.0046
116.374 40.0046
116.374 40.0046
116.375 40.0047
116.375 40.0047
116.375 40.0047
116.375 40.0048
116.375 40.0048
116.375 40.0048
116.375 40.0048
116.374 40.0048
116.374 40.0049
116.374 40.0049
116.374 40.0049
116.375 40.0049
116.375 40.005
116.375 40.005
116.375 40.005
116.375 40.005
116.375 40.0051
116.375 40.0051
116.375 40.0051
116.375 40.0051
116.375 40.0052
116.375 40.0052
116.375 40.0052
116.375 40.0052
116.375 40.0052
116.375 40.0053
116.375 40.0053
116.375 40.0053
116.375 40.0053
116.375 40.0054
116.375 40.0054
116.375 40.0054
116.375 40.0054
116.375 40.0055
116.375 40.0055
116.375 40.0055
116.375 40.0055
116.375 40.0056
116.375 40.0056
116.375 40.0056
116.375 40.0056
116.375 40.0056
116.375 40.0056
116.375 40.0057
116.375 40.0057
116.375 40.0057
116.375 40.0057
116.375 40.0057
116.375 40.0057
116.375 40.0057
116.375 40.0057
116.375 40.0057
116.375 40.0057
116.375 40.0057
116.375 40.0057
116.375 40.0057
116.375 40.0057
116.375 40.0057
116.375 40.0057
116.375 40.0057
116.375 40.0058
116.375 40.0058
116.375 40.0058
116.375 40.0058
116.375 40.0059
116.375 40.0059
116.375 40.0059
116.375 40.0059
116.375 40.006
116.375 40.006
116.375 40.006
116.375 40.006
116.375 40.006
116.375 40.0061
116.375 40.0061
116.375 40.0061
116.375 40.0061
116.375 40.0062
116.375 40.0062
116.375 40.0063
116.375 40.0063
116.375 40.0063
116.375 40.0063
116.375 40.0063
116.375 40.0064
116.375 40.0064
116.375 40.0064
116.375 40.0065
116.375 40.0065
116.375 40.0065
116.375 40.0065
116.375 40.0065
116.375 40.0066
116.375 40.0066
116.375 40.0066
116.375 40.0066
116.375 40.0067
116.375 40.0067
116.375 40.0067
116.375 40.0067
116.375 40.0068
116.375 40.0068
116.375 40.0068
116.375 40.0069
116.375 40.0069
116.375 40.0069
116.375 40.0069
116.375 40.007
116.375 40.007
116.375 40.007
116.375 40.007
116.375 40.007
116.375 40.007
116.375 40.007
116.375 40.0071
116.375 40.0071
116.375 40.0071
116.375 40.0071
116.375 40.0071
116.375 40.0071
116.375 40.0072
116.375 40.0072
116.375 40.0073
116.375 40.0073
116.375 40.0073
116.375 40.0073
116.375 40.0074
116.375 40.0074
116.375 40.0074
116.375 40.0074
116.375 40.0075
116.375 40.0075
116.375 40.0075
116.375 40.0076
116.375 40.0077
116.375 40.0077
116.375 40.0077
116.375 40.0078
116.375 40.0078
116.375 40.0078
116.375 40.0078
116.375 40.0078
116.375 40.0078
116.375 40.0079
116.375 40.0079
116.375 40.0079
116.375 40.0079
116.375 40.008
116.375 40.008
116.375 40.008
116.375 40.008
116.375 40.008
116.382 40.0089
116.382 40.009
116.382 40.009
116.383 40.0092
116.384 40.0096
