114.882 25.8011
114.882 25.8011
114.882 25.801
114.882 25.8008
114.882 25.8006
114.882 25.8005
114.882 25.8005
114.881 25.8005
114.881 25.8005
114.881 25.8003
114.881 25.8001
114.88 25.7996
114.88 25.7991
114.88 25.7988
114.88 25.7986
114.88 25.7985
114.88 25.7984
114.881 25.7982
114.881 25.798
114.881 25.7977
114.881 25.7974
114.881 25.7973
114.881 25.7972
114.881 25.797
114.88 25.7966
114.88 25.7963
114.88 25.7961
114.88 25.7959
114.88 25.7956
114.88 25.7953
114.88 25.7951
114.881 25.7949
114.881 25.7948
114.881 25.7948
114.882 25.7947
114.882 25.7946
114.883 25.7944
114.883 25.7941
114.883 25.7938
114.883 25.7937
114.884 25.7936
114.884 25.7935
114.884 25.7935
114.885 25.7935
114.885 25.7935
114.886 25.7935
114.887 25.7935
114.887 25.7935
114.887 25.7934
114.887 25.7932
114.887 25.7926
114.887 25.792
114.887 25.7914
114.887 25.791
114.887 25.7905
114.887 25.7899
114.887 25.7894
114.887 25.7887
114.887 25.788
114.887 25.7875
114.887 25.7869
114.887 25.7863
114.887 25.7857
114.886 25.785
114.886 25.7843
114.886 25.7837
114.886 25.783
114.886 25.7824
114.886 25.7818
114.885 25.781
114.885 25.7801
114.885 25.7793
114.885 25.7786
114.885 25.778
114.885 25.7772
114.884 25.7765
114.884 25.7758
114.884 25.7752
114.884 25.7745
114.883 25.7736
114.883 25.7729
114.883 25.7723
114.883 25.7716
114.882 25.771
114.882 25.7704
114.882 25.77
114.882 25.7696
114.882 25.7693
114.882 25.7692
114.882 25.769
114.882 25.7689
114.882 25.7687
114.882 25.7686
114.882 25.7684
114.882 25.7683
114.882 25.7682
114.882 25.7682
114.883 25.7682
114.883 25.7682
114.883 25.7683
114.883 25.7683
114.883 25.7683
114.883 25.7684
114.884 25.7684
114.884 25.7685
114.884 25.7685
114.884 25.7686
114.884 25.7686
114.885 25.7687
114.885 25.7687
114.885 25.7688
114.885 25.7688
114.885 25.7689
114.886 25.7689
114.886 25.769
114.886 25.7691
114.887 25.7693
114.888 25.7695
114.888 25.7696
114.889 25.7698
114.89 25.7699
114.89 25.7701
114.891 25.7702
114.891 25.7704
114.892 25.7705
114.893 25.7707
114.894 25.7709
114.894 25.7711
114.895 25.7713
114.896 25.7714
114.897 25.7716
114.897 25.7717
114.898 25.7719
114.898 25.7721
114.899 25.7724
114.9 25.7727
114.9 25.7731
114.901 25.7733
114.901 25.7735
114.901 25.7736
114.901 25.7737
114.901 25.7738
114.901 25.7739
114.902 25.774
114.902 25.7742
114.902 25.7743
114.902 25.7745
114.902 25.7746
114.903 25.7748
114.903 25.7751
114.904 25.7755
114.904 25.7759
114.905 25.7763
114.905 25.7768
114.906 25.7773
114.907 25.7778
114.907 25.7783
114.908 25.7787
114.909 25.7792
114.909 25.7797
114.91 25.7802
114.911 25.7809
114.911 25.7815
114.912 25.782
114.913 25.7825
114.913 25.783
114.914 25.7835
114.914 25.7839
114.915 25.7843
114.915 25.7846
114.916 25.7851
114.916 25.7856
114.917 25.7859
114.917 25.786
114.917 25.7862
114.917 25.7863
114.917 25.7867
114.918 25.7871
114.919 25.7876
114.919 25.7881
114.92 25.7884
114.92 25.7888
114.921 25.7892
114.921 25.7895
114.921 25.7898
114.922 25.79
114.922 25.7901
114.922 25.7904
114.923 25.7908
114.923 25.7911
114.924 25.7913
114.924 25.7914
114.924 25.7915
114.924 25.7916
114.925 25.792
114.925 25.7923
114.926 25.7926
114.926 25.793
114.927 25.7934
114.927 25.7938
114.928 25.7941
114.928 25.7944
114.929 25.7947
114.929 25.7951
114.93 25.7955
114.93 25.7958
114.931 25.7962
114.931 25.7964
114.931 25.7966
114.932 25.7967
114.932 25.7967
114.932 25.7968
114.932 25.797
114.932 25.797
114.932 25.7971
114.933 25.7972
114.933 25.7972
114.934 25.797
114.935 25.7967
114.936 25.7965
114.936 25.7961
114.937 25.7957
114.938 25.7955
114.939 25.7955
114.94 25.7955
114.941 25.7958
114.941 25.7961
114.942 25.7965
114.943 25.7968
114.944 25.7971
114.945 25.7974
114.946 25.7977
114.946 25.7981
114.947 25.7983
114.948 25.7986
114.949 25.7989
114.949 25.7992
114.95 25.7995
114.951 25.7998
114.951 25.8
114.952 25.8003
114.953 25.8007
114.954 25.8011
114.954 25.8017
114.955 25.8021
114.956 25.8026
114.956 25.8031
114.957 25.8037
114.957 25.8042
114.958 25.8049
114.959 25.8055
114.959 25.8061
114.96 25.8065
114.961 25.807
114.961 25.8074
114.962 25.808
114.962 25.8085
114.963 25.8092
114.964 25.8098
114.964 25.8104
114.965 25.8111
114.965 25.8117
114.965 25.8122
114.966 25.8126
114.966 25.8132
114.966 25.8138
114.967 25.8145
114.967 25.8152
114.968 25.8158
114.968 25.8161
114.968 25.8164
114.968 25.8169
114.969 25.8175
114.969 25.8182
114.97 25.8188
114.97 25.8193
114.971 25.8198
114.971 25.8203
114.971 25.8206
114.972 25.821
114.972 25.8216
114.973 25.8222
114.974 25.8227
114.975 25.823
114.975 25.8234
114.976 25.8238
114.977 25.8243
114.978 25.8246
114.978 25.8248
114.979 25.825
114.979 25.8254
114.98 25.8258
114.981 25.8262
114.982 25.8266
114.983 25.827
114.984 25.8273
114.985 25.8277
114.985 25.8281
114.986 25.8285
114.986 25.829
114.987 25.8295
114.988 25.83
114.988 25.8304
114.988 25.8307
114.989 25.8309
114.989 25.8313
114.99 25.8318
114.99 25.8322
114.991 25.8325
114.991 25.833
114.992 25.8336
114.992 25.8341
114.993 25.8346
114.993 25.835
114.994 25.8354
114.994 25.8356
114.995 25.8357
114.995 25.836
114.996 25.8363
114.997 25.8366
114.998 25.837
114.999 25.8373
115 25.8377
115.001 25.838
115.002 25.8383
115.003 25.8387
115.004 25.839
115.005 25.8393
115.006 25.8396
115.007 25.8399
115.008 25.8402
115.009 25.8404
115.01 25.8407
115.01 25.841
115.011 25.8415
115.012 25.8421
115.013 25.8428
115.014 25.8436
115.014 25.8443
115.015 25.8449
115.016 25.8454
115.016 25.8457
115.017 25.846
115.017 25.8463
115.018 25.8467
115.019 25.8472
115.02 25.8477
115.02 25.8482
115.021 25.8486
115.022 25.849
115.022 25.8496
115.023 25.8501
115.023 25.8506
115.024 25.8512
115.024 25.8518
115.025 25.8524
115.025 25.853
115.026 25.8538
115.027 25.8546
115.028 25.8554
115.029 25.8562
115.029 25.857
115.03 25.8576
115.03 25.8582
115.031 25.8587
115.032 25.8592
115.032 25.8598
115.033 25.8605
115.033 25.8612
115.034 25.8619
115.035 25.8625
115.035 25.863
115.036 25.8636
115.036 25.8642
115.036 25.865
115.036 25.8658
115.036 25.8665
115.036 25.867
115.035 25.8675
115.034 25.868
115.033 25.8684
115.032 25.8689
115.032 25.8693
115.031 25.8698
115.03 25.8702
115.029 25.8707
115.029 25.8711
115.028 25.8715
115.028 25.8717
115.028 25.8717
115.028 25.8717
115.028 25.8717
115.028 25.8718
115.028 25.8721
115.027 25.8726
115.027 25.8734
115.027 25.8742
115.027 25.8749
115.027 25.8757
115.027 25.8765
115.028 25.8771
115.028 25.8776
115.028 25.8783
115.028 25.8789
115.028 25.8797
115.029 25.8805
115.029 25.8814
115.03 25.8823
115.03 25.8832
115.03 25.884
115.031 25.8848
115.031 25.8857
115.032 25.8866
115.032 25.8875
115.033 25.8885
115.033 25.8894
115.034 25.8903
115.034 25.891
115.034 25.8916
115.035 25.8921
115.035 25.8926
115.035 25.8932
115.035 25.8938
115.036 25.8944
115.036 25.895
115.036 25.8957
115.036 25.8965
115.036 25.8972
115.036 25.898
115.036 25.8989
115.036 25.8997
115.036 25.9006
115.037 25.9015
115.037 25.9022
115.038 25.9027
115.038 25.9032
115.039 25.9037
115.04 25.9041
115.04 25.9048
115.04 25.9056
115.04 25.9063
115.041 25.9069
115.042 25.9074
115.043 25.9077
115.043 25.9078
115.044 25.9078
115.044 25.9078
115.044 25.9079
115.045 25.908
115.045 25.9083
115.046 25.9086
115.046 25.909
115.047 25.9094
115.047 25.9098
115.048 25.9103
115.049 25.9109
115.049 25.9115
115.05 25.912
115.05 25.9124
115.051 25.9129
115.051 25.9132
115.051 25.9133
115.051 25.9135
115.052 25.9137
115.052 25.914
115.052 25.9143
115.053 25.9147
115.053 25.9151
115.054 25.9156
115.055 25.9162
115.055 25.9166
115.056 25.9167
115.057 25.9167
115.058 25.9167
115.059 25.9169
115.059 25.9174
115.06 25.918
115.06 25.9188
115.06 25.9194
115.06 25.9201
115.061 25.9207
115.061 25.9214
115.062 25.9221
115.062 25.9228
115.063 25.9234
115.063 25.9239
115.064 25.9243
115.065 25.9249
115.065 25.9257
115.066 25.9265
115.066 25.9272
115.067 25.9279
115.067 25.9285
115.068 25.9291
115.068 25.9296
115.069 25.9301
115.07 25.9307
115.07 25.9314
115.071 25.9321
115.072 25.9329
115.073 25.9336
115.073 25.9343
115.074 25.9349
115.075 25.9354
115.075 25.9359
115.076 25.9364
115.077 25.9368
115.078 25.9373
115.079 25.9377
115.08 25.9382
115.081 25.9388
115.082 25.9393
115.083 25.9398
115.083 25.9402
115.084 25.9406
115.085 25.9411
115.086 25.9416
115.087 25.9421
115.088 25.9425
115.089 25.9429
115.09 25.9433
115.09 25.9437
115.092 25.9441
115.092 25.9445
115.093 25.945
115.094 25.9457
115.095 25.9465
115.096 25.9471
115.097 25.9475
115.098 25.9477
115.099 25.9479
115.1 25.9481
115.101 25.9483
115.102 25.9485
115.103 25.9487
115.103 25.9487
115.104 25.9484
115.105 25.948
115.106 25.9475
115.107 25.9473
115.108 25.9475
115.109 25.9478
115.109 25.9484
115.11 25.9491
115.111 25.9498
115.112 25.9505
115.113 25.9512
115.114 25.9518
115.115 25.9525
115.116 25.9532
115.116 25.9537
115.117 25.954
115.117 25.9543
115.118 25.9546
115.118 25.9549
115.119 25.955
115.119 25.9551
115.119 25.9551
115.119 25.9552
115.119 25.9553
115.119 25.9554
115.12 25.9557
115.12 25.9563
115.121 25.957
115.121 25.9577
115.122 25.9583
115.122 25.9589
115.123 25.9595
115.123 25.96
115.124 25.9605
115.124 25.9608
115.125 25.9609
115.126 25.9609
115.127 25.9608
115.128 25.9607
115.128 25.9606
115.129 25.9606
115.13 25.9607
115.13 25.9608
115.131 25.961
115.131 25.9611
115.131 25.9614
115.131 25.9618
115.131 25.9623
115.131 25.963
115.131 25.9637
115.132 25.9644
115.132 25.9651
115.132 25.9657
115.133 25.9663
115.133 25.967
115.134 25.9677
115.134 25.9685
115.135 25.9692
115.135 25.9699
115.136 25.9707
115.136 25.9716
115.137 25.9724
115.137 25.9734
115.137 25.9742
115.137 25.9749
115.137 25.9756
115.137 25.9764
115.137 25.9774
115.137 25.9784
115.137 25.9793
115.137 25.9802
115.137 25.981
115.137 25.9818
115.137 25.9825
115.138 25.9832
115.138 25.9838
115.138 25.9845
115.139 25.9851
115.14 25.9858
115.141 25.9865
115.141 25.9872
115.141 25.9879
115.141 25.9887
115.142 25.9895
115.142 25.9903
115.142 25.991
115.142 25.9919
115.141 25.9927
115.141 25.9935
115.141 25.9942
115.142 25.9949
115.142 25.9956
115.142 25.9963
115.143 25.9971
115.144 25.9978
115.144 25.9985
115.145 25.999
115.145 25.9995
115.146 26
115.146 26.0006
115.147 26.0012
115.148 26.0019
115.148 26.0025
115.148 26.003
115.149 26.0036
115.149 26.0044
115.15 26.0051
115.151 26.0057
115.152 26.0063
115.152 26.0068
115.153 26.0074
115.154 26.0079
115.154 26.0086
115.155 26.0092
115.156 26.0099
115.156 26.0104
115.157 26.0111
115.157 26.0118
115.157 26.0126
115.158 26.0131
115.158 26.0137
115.158 26.0144
115.159 26.0151
115.159 26.0157
115.16 26.0163
115.161 26.017
115.161 26.0176
115.162 26.018
115.162 26.0186
115.163 26.0194
115.163 26.0201
115.163 26.0209
115.163 26.0218
115.163 26.0228
115.163 26.0238
115.162 26.0248
115.162 26.0256
115.162 26.026
115.162 26.0266
115.163 26.0272
115.163 26.028
115.164 26.0285
115.165 26.0289
115.166 26.0293
115.167 26.0297
115.168 26.0302
115.169 26.0308
115.169 26.0313
115.17 26.0318
115.171 26.0323
115.172 26.0328
115.173 26.0332
115.174 26.0334
115.175 26.0337
115.176 26.0341
115.177 26.0345
115.178 26.0349
115.179 26.0352
115.18 26.0351
115.181 26.0348
115.183 26.0347
115.184 26.0349
115.185 26.0353
115.186 26.0359
115.186 26.0364
115.187 26.0369
115.188 26.0375
115.189 26.0381
115.19 26.0387
115.19 26.0392
115.191 26.0399
115.192 26.0406
115.193 26.0413
115.194 26.0419
115.195 26.0425
115.196 26.0431
115.196 26.0436
115.197 26.0442
115.198 26.0449
115.199 26.0457
115.2 26.0463
115.201 26.047
115.202 26.0477
115.202 26.0484
115.203 26.0491
115.204 26.0496
115.204 26.0501
115.205 26.0506
115.206 26.0512
115.207 26.0519
115.207 26.0525
115.208 26.0531
115.208 26.0536
115.209 26.054
115.209 26.0544
115.21 26.0547
115.211 26.055
115.211 26.0552
115.212 26.0554
115.212 26.0557
115.213 26.056
115.213 26.0564
115.214 26.0568
115.214 26.0573
115.215 26.0579
115.215 26.0584
115.216 26.0589
115.216 26.0595
115.217 26.06
115.217 26.0606
115.218 26.0612
115.218 26.0619
115.219 26.0627
115.219 26.0635
115.22 26.0644
115.22 26.0651
115.22 26.0658
115.22 26.0666
115.221 26.0672
115.221 26.0678
115.222 26.0684
115.223 26.069
115.224 26.0695
115.225 26.07
115.226 26.0705
115.228 26.0714
115.23 26.0723
115.231 26.0727
115.233 26.073
115.234 26.0734
115.236 26.0742
115.237 26.075
115.238 26.0758
115.238 26.0767
115.239 26.0773
115.24 26.0779
115.241 26.0785
115.241 26.0791
115.242 26.0798
115.243 26.0806
115.243 26.0813
115.244 26.0818
115.245 26.0823
115.245 26.0826
115.246 26.0828
115.247 26.0831
115.248 26.0833
115.249 26.0835
115.249 26.0837
115.25 26.0839
115.251 26.0841
115.251 26.0842
115.252 26.0844
115.253 26.0846
115.254 26.0848
115.255 26.0851
115.255 26.0856
115.256 26.0861
115.256 26.0867
115.257 26.0873
115.257 26.0878
115.257 26.0883
115.257 26.0889
115.257 26.0896
115.258 26.0904
115.258 26.0913
115.258 26.0921
115.258 26.0929
115.258 26.0936
115.258 26.0942
115.258 26.0948
115.258 26.0956
115.258 26.0966
115.258 26.0977
115.258 26.0987
115.258 26.0996
115.258 26.1004
115.258 26.1011
115.259 26.1017
115.259 26.1025
115.26 26.1035
115.26 26.1044
115.26 26.1054
115.261 26.1062
115.262 26.107
115.262 26.1078
115.263 26.1088
115.263 26.1096
115.264 26.1104
115.265 26.111
115.266 26.1117
115.266 26.1123
115.267 26.1128
115.268 26.1133
115.269 26.1139
115.269 26.1145
115.27 26.1153
115.27 26.116
115.271 26.1168
115.271 26.1175
115.272 26.1183
115.273 26.1189
115.274 26.1196
115.274 26.1203
115.275 26.1212
115.275 26.1221
115.276 26.1232
115.277 26.1242
115.277 26.1251
115.277 26.1261
115.277 26.1271
115.277 26.1283
115.277 26.1294
115.278 26.1304
115.278 26.1312
115.279 26.1319
115.28 26.1325
115.281 26.1332
115.282 26.134
115.282 26.1349
115.283 26.1358
115.283 26.1369
115.283 26.138
115.283 26.1391
115.283 26.1401
115.283 26.141
115.283 26.142
115.283 26.143
115.283 26.1441
115.284 26.145
115.284 26.1459
115.285 26.1468
115.286 26.1475
115.286 26.148
115.287 26.1486
115.288 26.1492
115.289 26.1499
115.29 26.1506
115.29 26.1515
115.291 26.1525
115.292 26.1535
115.293 26.1544
115.293 26.1553
115.294 26.1562
115.294 26.1572
115.295 26.1581
115.295 26.1591
115.295 26.16
115.294 26.161
115.294 26.1619
115.294 26.1629
115.295 26.1638
115.295 26.1648
115.295 26.1658
115.296 26.1667
115.296 26.1678
115.295 26.1689
115.294 26.1706
115.293 26.1714
115.293 26.1724
115.293 26.1734
115.294 26.1743
115.294 26.1753
115.294 26.1763
115.295 26.1771
115.296 26.1778
115.297 26.1783
115.297 26.179
115.297 26.18
115.297 26.1811
115.297 26.1822
115.297 26.1831
115.297 26.184
115.298 26.1846
115.299 26.185
115.3 26.1853
115.3 26.1857
115.301 26.1861
115.301 26.1867
115.301 26.1873
115.302 26.1879
115.302 26.1885
115.302 26.1893
115.302 26.19
115.302 26.1908
115.302 26.1915
115.302 26.1922
115.302 26.1929
115.303 26.1935
115.303 26.194
115.303 26.1946
115.304 26.1952
115.304 26.1961
115.305 26.197
115.305 26.1979
115.305 26.1988
115.305 26.1997
115.305 26.2006
115.305 26.2015
115.305 26.2025
115.305 26.2035
115.305 26.2045
115.305 26.2055
115.305 26.2066
115.305 26.2077
115.305 26.2087
115.305 26.2096
115.305 26.2105
115.305 26.2115
115.306 26.2125
115.306 26.2134
115.306 26.2142
115.307 26.2148
115.308 26.2155
115.308 26.2162
115.309 26.217
115.309 26.2179
115.309 26.2187
115.309 26.2194
115.309 26.2202
115.309 26.2212
115.309 26.2223
115.308 26.2233
115.309 26.2243
115.309 26.2252
115.309 26.2262
115.31 26.2272
115.31 26.2282
115.311 26.2292
115.311 26.2303
115.311 26.2314
115.31 26.2326
115.31 26.2337
115.31 26.2348
115.31 26.236
115.31 26.2371
115.31 26.2381
115.31 26.2391
115.31 26.24
115.31 26.2409
115.31 26.242
115.31 26.2432
115.31 26.2442
115.31 26.2452
115.31 26.2462
115.309 26.2472
115.309 26.2481
115.309 26.249
115.308 26.2499
115.308 26.2509
115.308 26.2519
115.308 26.2529
115.308 26.2539
115.309 26.2548
115.31 26.2556
115.311 26.2562
115.312 26.2568
115.314 26.2575
115.315 26.2581
115.316 26.2589
115.316 26.2599
115.317 26.2609
115.317 26.262
115.317 26.263
115.317 26.264
115.317 26.265
115.318 26.2659
115.318 26.2669
115.318 26.268
115.318 26.2691
115.318 26.2702
115.318 26.2713
115.318 26.2723
115.317 26.2733
115.317 26.2743
115.317 26.2753
115.317 26.2763
115.317 26.2772
115.318 26.278
115.318 26.2788
115.319 26.2796
115.319 26.2804
115.32 26.2813
115.32 26.2821
115.321 26.2831
115.321 26.284
115.321 26.2849
115.322 26.2858
115.322 26.2865
115.323 26.287
115.324 26.2874
115.325 26.2879
115.326 26.2885
115.326 26.2892
115.327 26.2899
115.328 26.2906
115.328 26.2915
115.328 26.2923
115.328 26.2931
115.328 26.294
115.328 26.2947
115.328 26.2954
115.328 26.2958
115.329 26.2963
115.33 26.2967
115.33 26.297
115.331 26.2973
115.332 26.2976
115.332 26.2977
115.332 26.2978
115.332 26.2979
115.333 26.2981
115.333 26.2984
115.334 26.2987
115.335 26.2991
115.335 26.2995
115.336 26.3001
115.337 26.3007
115.338 26.3014
115.339 26.3022
115.339 26.303
115.34 26.3038
115.341 26.3045
115.341 26.3052
115.342 26.3057
115.342 26.3061
115.343 26.3065
115.343 26.3071
115.343 26.3076
115.344 26.3082
115.344 26.3087
115.344 26.3092
115.344 26.3096
115.344 26.31
115.344 26.3104
115.345 26.3108
115.345 26.311
115.345 26.3111
115.346 26.3114
115.346 26.3115
115.347 26.3116
115.347 26.3117
115.348 26.3118
115.348 26.3118
115.349 26.3119
115.349 26.312
115.35 26.3121
115.351 26.3122
115.351 26.3123
115.352 26.3125
115.353 26.3126
115.353 26.3127
115.354 26.3128
115.355 26.3128
115.356 26.3126
115.357 26.3123
115.358 26.3119
115.358 26.3114
115.359 26.3112
115.359 26.311
115.36 26.3106
115.36 26.31
115.361 26.3094
115.362 26.3089
115.363 26.3083
115.363 26.3079
115.364 26.3075
115.364 26.3071
115.365 26.3068
115.365 26.3067
115.365 26.3066
115.365 26.3063
115.366 26.3057
115.367 26.3051
115.367 26.3043
115.368 26.3034
115.369 26.3027
115.37 26.3021
115.37 26.3013
115.37 26.3006
115.371 26.3002
115.371 26.2997
115.371 26.2993
115.371 26.2992
115.371 26.299
115.372 26.2986
115.372 26.2982
115.372 26.2982
115.372 26.2982
115.372 26.2982
115.372 26.2983
115.372 26.2984
115.372 26.2985
115.372 26.2986
115.372 26.2986
115.372 26.2986
115.372 26.2986
115.372 26.2986
115.372 26.2986
115.372 26.2986
115.372 26.2986
115.372 26.2986
115.372 26.2986
115.372 26.2986
115.372 26.2986
115.372 26.2986
115.373 26.2986
115.373 26.2987
115.373 26.2987
115.373 26.2987
115.373 26.2987
115.373 26.2987
115.373 26.2987
115.373 26.2987
115.373 26.2987
115.373 26.2987
115.373 26.2987
115.373 26.2986
115.373 26.2986
115.373 26.2986
115.373 26.2986
115.373 26.2986
115.373 26.2986
115.373 26.2986
115.373 26.2986
115.373 26.2986
115.373 26.2986
115.373 26.2986
115.373 26.2986
115.373 26.2986
115.373 26.2987
115.373 26.2987
115.373 26.2987
115.373 26.2987
115.372 26.2987
115.372 26.2987
115.372 26.2988
115.372 26.2988
115.372 26.2986
115.372 26.2986
115.372 26.2987
115.372 26.2987
115.372 26.2987
115.372 26.2987
