116.327 40.0773
116.327 40.0774
116.327 40.0775
116.327 40.0776
116.327 40.0777
116.327 40.0778
116.327 40.0778
116.327 40.0779
116.328 40.078
116.328 40.078
116.327 40.078
116.327 40.078
116.327 40.078
116.327 40.078
116.328 40.0779
116.328 40.0779
116.328 40.0779
116.328 40.078
116.328 40.078
116.328 40.0781
116.327 40.0782
116.327 40.0783
116.327 40.0784
116.327 40.0785
116.327 40.0787
116.327 40.0788
116.327 40.0789
116.327 40.079
116.327 40.0791
116.327 40.0792
116.327 40.0794
116.327 40.0795
116.327 40.0796
116.327 40.0798
116.327 40.0799
116.327 40.08
116.327 40.0801
116.327 40.0803
116.327 40.0804
116.327 40.0805
116.327 40.0807
116.327 40.0808
116.327 40.0809
116.327 40.081
116.327 40.0811
116.327 40.0813
116.327 40.0814
116.327 40.0816
116.327 40.0817
116.327 40.0818
116.327 40.082
116.326 40.0821
116.326 40.0822
116.326 40.0823
116.326 40.0824
116.326 40.0825
116.326 40.0826
116.326 40.0827
116.326 40.0828
116.326 40.083
116.326 40.0831
116.326 40.0832
116.326 40.0834
116.326 40.0835
116.326 40.0836
116.326 40.0837
116.326 40.0838
116.326 40.0839
116.326 40.084
116.326 40.0841
116.326 40.0842
116.326 40.0843
116.326 40.0843
116.326 40.0844
116.327 40.0844
116.327 40.0844
116.327 40.0844
116.327 40.0844
116.327 40.0844
116.327 40.0845
116.327 40.0845
116.328 40.0845
116.328 40.0845
116.328 40.0845
116.328 40.0845
116.328 40.0845
116.328 40.0846
116.329 40.0846
116.329 40.0846
116.329 40.0846
116.329 40.0846
116.329 40.0846
116.329 40.0846
116.33 40.0846
116.33 40.0847
116.33 40.0847
116.33 40.0847
116.33 40.0847
116.33 40.0848
116.331 40.0848
116.331 40.0848
116.331 40.0849
116.331 40.0849
116.331 40.0849
116.332 40.085
116.332 40.085
116.332 40.0851
116.332 40.0852
116.332 40.0853
116.331 40.0854
116.331 40.0855
116.331 40.0856
116.331 40.0857
116.331 40.0859
116.331 40.086
116.331 40.0861
116.331 40.0862
116.331 40.0863
116.331 40.0864
116.331 40.0865
116.331 40.0867
116.331 40.0868
116.331 40.0869
116.331 40.087
116.331 40.087
116.331 40.0872
116.331 40.0872
116.331 40.0873
116.331 40.0874
116.331 40.0874
116.331 40.0874
116.331 40.0875
116.331 40.0875
116.331 40.0875
116.331 40.0875
116.331 40.0875
116.331 40.0875
116.331 40.0876
116.331 40.0877
116.331 40.0878
116.331 40.0878
116.331 40.0879
116.331 40.0879
116.331 40.0879
116.331 40.0879
116.331 40.0879
116.332 40.0879
116.332 40.088
116.332 40.088
116.332 40.088
116.332 40.088
116.332 40.0881
116.332 40.0881
116.333 40.0881
116.333 40.0881
116.333 40.0881
116.333 40.0881
116.333 40.0881
116.333 40.0882
116.333 40.0882
116.333 40.0882
116.334 40.0882
116.334 40.0882
116.334 40.0882
116.334 40.0882
116.334 40.0882
116.334 40.0882
116.334 40.0883
116.334 40.0882
116.334 40.0882
116.334 40.0882
116.334 40.0882
116.335 40.0882
116.335 40.0882
116.335 40.0882
116.335 40.0882
116.335 40.0883
116.335 40.0883
116.335 40.0883
116.335 40.0883
116.335 40.0883
116.335 40.0882
116.335 40.0882
116.336 40.0881
116.336 40.0882
116.336 40.0882
116.336 40.0882
116.336 40.0882
116.336 40.0882
116.336 40.0883
116.337 40.0883
116.337 40.0883
116.337 40.0883
116.337 40.0884
116.337 40.0884
116.337 40.0884
116.337 40.0884
116.337 40.0885
116.337 40.0886
116.337 40.0887
116.337 40.0888
116.337 40.0889
116.337 40.0889
116.337 40.089
116.337 40.089
116.337 40.0891
116.337 40.0892
116.337 40.0893
116.337 40.0894
116.337 40.0895
116.337 40.0896
116.337 40.0897
116.337 40.0898
116.337 40.0899
116.336 40.09
116.336 40.0901
116.336 40.0901
116.336 40.0902
116.336 40.0903
116.336 40.0904
116.336 40.0905
116.336 40.0906
116.336 40.0906
116.336 40.0907
116.336 40.0908
116.336 40.0909
116.336 40.091
116.336 40.091
116.336 40.0911
116.336 40.0911
116.336 40.0912
116.336 40.0912
116.336 40.0913
116.336 40.0914
116.336 40.0914
116.336 40.0915
116.336 40.0915
116.336 40.0916
116.336 40.0916
116.336 40.0917
116.336 40.0916
116.337 40.0916
116.337 40.0916
116.337 40.0916
116.337 40.0917
116.337 40.0917
116.337 40.0917
116.337 40.0917
116.337 40.0917
116.337 40.0917
116.337 40.0917
116.337 40.0918
116.337 40.0918
116.337 40.0917
116.337 40.0917
116.337 40.0917
116.337 40.0918
116.337 40.0917
116.337 40.0918
116.338 40.0918
116.338 40.0918
116.338 40.0918
116.338 40.0918
116.338 40.0918
116.338 40.0918
116.338 40.0918
116.338 40.0918
116.338 40.0918
116.338 40.0918
116.338 40.0918
116.338 40.0918
116.338 40.0918
116.338 40.0918
116.338 40.0918
116.339 40.0918
116.339 40.0918
116.339 40.0919
116.339 40.0918
116.339 40.0918
116.339 40.0918
116.339 40.0918
116.339 40.0918
116.339 40.0918
116.339 40.0919
116.339 40.0919
116.339 40.0919
116.339 40.0919
116.339 40.0919
116.339 40.0919
116.339 40.0919
116.339 40.0919
116.339 40.0919
116.339 40.0919
116.339 40.0919
116.339 40.0919
116.34 40.0919
116.34 40.0919
116.34 40.0918
116.34 40.0918
116.34 40.0919
116.34 40.0919
116.34 40.0919
116.34 40.0919
116.34 40.092
116.34 40.092
116.34 40.092
116.34 40.092
116.34 40.092
116.341 40.092
116.341 40.092
116.341 40.092
116.341 40.092
116.341 40.0921
116.341 40.0921
116.341 40.092
116.342 40.092
116.342 40.0919
116.342 40.0919
116.342 40.0919
116.342 40.0919
116.342 40.092
116.342 40.092
116.343 40.092
116.343 40.092
116.343 40.092
116.343 40.092
116.343 40.092
116.343 40.092
116.343 40.092
116.344 40.092
116.344 40.092
116.344 40.092
116.344 40.092
116.344 40.092
116.344 40.092
116.345 40.092
116.345 40.092
116.345 40.092
116.345 40.092
116.345 40.092
116.345 40.092
116.345 40.092
116.346 40.092
116.346 40.092
116.346 40.0919
116.346 40.0919
116.346 40.0919
116.346 40.092
116.347 40.092
116.347 40.092
116.347 40.092
116.347 40.092
116.347 40.092
116.347 40.092
116.348 40.092
116.348 40.092
116.348 40.092
116.348 40.092
116.348 40.0921
116.348 40.0921
116.348 40.0921
116.348 40.0921
116.349 40.0921
116.349 40.092
116.349 40.092
116.349 40.092
116.349 40.092
116.35 40.092
116.35 40.092
116.35 40.0921
116.35 40.0921
116.35 40.092
116.35 40.0921
116.351 40.0921
116.351 40.0921
116.351 40.0921
116.351 40.0921
116.351 40.0921
116.351 40.0921
116.351 40.0921
116.352 40.0921
116.352 40.0921
116.352 40.0921
116.352 40.0921
116.352 40.0921
116.353 40.0921
116.353 40.0921
116.353 40.092
116.353 40.0921
116.353 40.0921
116.353 40.0921
116.354 40.0921
116.354 40.0921
116.354 40.092
116.354 40.0921
116.354 40.0921
116.355 40.0921
116.355 40.092
116.355 40.0921
116.355 40.092
116.355 40.0921
116.356 40.0921
116.356 40.0921
116.356 40.0921
116.356 40.0921
116.356 40.0921
116.356 40.0921
116.357 40.0921
116.357 40.0921
116.357 40.0921
116.357 40.0921
116.357 40.0921
116.357 40.0921
116.358 40.0921
116.358 40.0921
116.358 40.0921
116.358 40.0921
116.358 40.0922
116.358 40.0921
116.358 40.0921
116.358 40.0922
116.358 40.0922
116.359 40.0921
116.359 40.0921
116.359 40.0921
116.359 40.0921
116.359 40.092
116.359 40.0919
116.359 40.0918
116.358 40.0917
116.358 40.0916
116.358 40.0913
116.358 40.0911
116.358 40.0909
116.358 40.0907
116.358 40.0906
116.359 40.0904
116.359 40.0902
116.359 40.0901
116.359 40.0899
116.359 40.0897
116.359 40.0896
116.359 40.0895
116.359 40.0893
116.359 40.0892
116.359 40.0891
116.359 40.089
116.359 40.0889
116.359 40.0887
116.359 40.0886
116.359 40.0885
116.359 40.0883
116.359 40.0882
116.359 40.0881
116.359 40.0879
116.359 40.0878
116.359 40.0876
116.359 40.0875
116.359 40.0873
116.359 40.0872
116.359 40.0871
116.359 40.087
116.359 40.0869
116.359 40.0867
116.36 40.0866
116.36 40.0865
116.36 40.0864
116.36 40.0863
116.36 40.0862
116.36 40.0861
116.36 40.0861
116.36 40.0861
116.359 40.086
116.359 40.0859
116.359 40.0858
116.359 40.0858
116.359 40.0858
116.359 40.0857
116.359 40.0857
116.359 40.0857
116.359 40.0857
116.359 40.0857
116.359 40.0857
116.358 40.0857
116.358 40.0857
116.358 40.0857
116.358 40.0857
116.358 40.0857
116.358 40.0857
116.358 40.0857
116.357 40.0857
116.357 40.0857
116.357 40.0857
116.357 40.0857
116.357 40.0857
116.357 40.0858
116.357 40.0858
116.357 40.0858
116.357 40.0858
116.357 40.0857
116.357 40.0857
116.357 40.0856
116.357 40.0856
116.357 40.0856
116.357 40.0856
116.357 40.0856
116.357 40.0855
116.357 40.0855
116.357 40.0853
116.357 40.0852
116.357 40.085
116.357 40.0849
116.357 40.0847
116.357 40.0846
116.357 40.0845
116.357 40.0844
116.357 40.0843
116.357 40.0841
116.357 40.0839
116.357 40.0838
116.357 40.0837
116.357 40.0835
116.357 40.0834
116.357 40.0833
116.357 40.0832
116.357 40.0831
116.357 40.0831
116.357 40.083
116.357 40.0829
116.357 40.0828
116.357 40.0827
116.357 40.0826
116.357 40.0825
116.357 40.0824
116.357 40.0823
116.357 40.0822
116.357 40.0821
116.357 40.0821
116.357 40.082
116.357 40.0819
116.357 40.0818
116.357 40.0817
116.357 40.0816
116.357 40.0815
116.357 40.0814
116.357 40.0812
116.357 40.0811
116.357 40.0811
116.357 40.081
116.357 40.0809
116.357 40.0808
116.357 40.0807
116.357 40.0806
116.357 40.0805
116.357 40.0804
116.357 40.0803
116.357 40.0802
116.357 40.0801
116.357 40.08
116.357 40.08
116.357 40.0799
116.357 40.0799
116.357 40.0799
116.357 40.0799
116.357 40.0799
116.356 40.0798
116.356 40.0798
116.356 40.0798
116.356 40.0798
116.356 40.0798
116.356 40.0798
116.356 40.0798
116.356 40.0798
116.356 40.0798
116.355 40.0797
116.355 40.0798
116.355 40.0797
116.355 40.0797
116.355 40.0797
116.355 40.0797
116.355 40.0797
116.354 40.0797
116.354 40.0798
116.354 40.0798
116.354 40.0798
116.354 40.0797
116.354 40.0797
116.354 40.0797
116.353 40.0797
116.353 40.0797
116.353 40.0797
116.353 40.0797
116.353 40.0797
116.353 40.0797
116.353 40.0796
116.352 40.0796
116.352 40.0796
116.352 40.0796
116.352 40.0796
116.352 40.0796
116.352 40.0796
116.352 40.0796
116.352 40.0796
116.351 40.0796
116.351 40.0796
116.351 40.0796
116.351 40.0796
116.351 40.0796
116.351 40.0796
116.35 40.0796
116.35 40.0796
116.35 40.0796
116.35 40.0796
116.35 40.0796
116.35 40.0797
116.35 40.0797
116.349 40.0796
116.349 40.0796
116.349 40.0796
116.349 40.0796
116.349 40.0796
116.349 40.0796
116.349 40.0796
116.349 40.0796
116.349 40.0796
116.349 40.0796
116.349 40.0795
116.348 40.0795
116.348 40.0795
116.348 40.0795
116.348 40.0795
116.348 40.0795
116.348 40.0795
116.348 40.0795
116.348 40.0795
116.348 40.0795
116.348 40.0795
116.348 40.0795
116.347 40.0795
116.347 40.0794
116.347 40.0794
116.347 40.0794
116.347 40.0794
116.347 40.0794
116.347 40.0795
116.347 40.0795
116.347 40.0795
116.347 40.0795
116.346 40.0795
116.346 40.0795
116.346 40.0795
116.346 40.0795
116.346 40.0794
116.346 40.0794
116.346 40.0794
116.346 40.0794
116.346 40.0794
116.346 40.0794
116.345 40.0794
116.345 40.0794
116.345 40.0794
116.345 40.0794
116.345 40.0794
116.345 40.0794
116.345 40.0794
116.344 40.0794
116.344 40.0794
116.344 40.0793
116.344 40.0793
116.344 40.0793
116.344 40.0793
116.343 40.0793
116.343 40.0793
116.343 40.0793
116.343 40.0793
116.343 40.0793
116.343 40.0793
116.343 40.0793
116.342 40.0793
116.342 40.0793
116.342 40.0793
116.342 40.0792
116.342 40.0792
116.342 40.0792
116.341 40.0792
116.341 40.0792
116.341 40.0792
116.341 40.0792
116.341 40.0792
116.34 40.0792
116.34 40.0792
116.34 40.0792
116.34 40.0792
116.34 40.0792
116.34 40.0792
116.339 40.0792
116.339 40.0792
116.339 40.0791
116.339 40.0791
116.339 40.0791
116.339 40.0791
116.338 40.0792
116.338 40.0793
116.338 40.0794
116.338 40.0795
116.338 40.0796
116.338 40.0797
116.338 40.0798
116.338 40.0797
116.338 40.0797
116.338 40.0797
116.337 40.0797
116.337 40.0797
116.337 40.0797
116.337 40.0797
116.337 40.0797
116.337 40.0797
116.337 40.0797
116.336 40.0797
116.336 40.0797
116.336 40.0797
116.336 40.0797
116.336 40.0797
116.336 40.0797
116.336 40.0797
116.336 40.0797
116.335 40.0796
116.335 40.0796
116.335 40.0796
116.335 40.0796
116.335 40.0796
116.335 40.0796
116.335 40.0796
116.335 40.0796
116.334 40.0796
116.334 40.0796
116.334 40.0796
116.334 40.0796
116.334 40.0796
116.334 40.0796
116.333 40.0796
116.333 40.0796
116.333 40.0796
116.333 40.0796
116.333 40.0796
116.333 40.0795
116.333 40.0794
116.333 40.0794
116.332 40.0794
116.332 40.0793
116.332 40.0792
116.332 40.0791
116.332 40.079
116.332 40.0789
116.332 40.0788
116.333 40.0788
116.332 40.0787
116.332 40.0785
116.332 40.0785
116.332 40.0784
116.332 40.0783
116.332 40.0783
116.331 40.0782
116.331 40.0782
116.331 40.0781
116.331 40.0781
116.331 40.0781
116.33 40.0781
116.33 40.078
116.33 40.078
116.33 40.078
116.329 40.078
116.329 40.078
116.329 40.078
116.329 40.0779
116.329 40.0779
116.329 40.0779
116.328 40.0778
116.328 40.0778
116.328 40.0778
116.328 40.0778
116.328 40.0778
116.328 40.0777
116.328 40.0777
116.328 40.0776
116.328 40.0776
116.328 40.0775
116.328 40.0774
116.328 40.0773
116.328 40.0771
116.328 40.077
116.328 40.0769
116.328 40.0769
116.328 40.0768
116.328 40.0767
116.328 40.0765
116.328 40.0764
116.328 40.0762
116.328 40.076
116.328 40.076
116.327 40.076
116.327 40.076
116.327 40.0761
116.327 40.0762
116.327 40.0763
116.327 40.0765
116.327 40.0765
116.327 40.0766
116.327 40.0767
116.327 40.0768
116.327 40.0768
116.327 40.0768
116.327 40.0768
116.327 40.0768
116.326 40.0767
116.326 40.0767
116.326 40.0767
116.326 40.0767
116.326 40.0767
116.326 40.0767
116.326 40.0767
116.326 40.0767
116.326 40.0767
116.326 40.0767
116.326 40.0767
116.326 40.0768
116.326 40.0768
116.326 40.0768
116.326 40.0768
116.326 40.0768
116.326 40.0768
116.326 40.0768
