116.317 39.9847
116.317 39.9847
116.316 39.9847
116.315 39.9846
116.314 39.9846
116.313 39.9845
116.312 39.9845
116.311 39.9845
116.311 39.9845
116.311 39.9845
116.311 39.9845
116.311 39.9845
116.311 39.9845
116.311 39.9845
116.31 39.9845
116.31 39.9845
116.309 39.9844
116.308 39.9844
116.308 39.9844
116.308 39.9844
116.307 39.9843
116.306 39.9843
116.305 39.9843
116.305 39.9842
116.304 39.9841
116.303 39.9841
116.302 39.984
116.3 39.984
116.299 39.984
116.298 39.9839
116.297 39.9839
116.296 39.9839
116.294 39.9838
116.293 39.9836
116.291 39.9833
116.29 39.9829
116.289 39.9823
116.287 39.9816
116.286 39.9809
116.285 39.9801
116.285 39.9793
116.284 39.9784
116.283 39.9777
116.282 39.9771
116.282 39.9765
116.281 39.9759
116.281 39.9754
116.28 39.975
116.28 39.9747
116.279 39.9742
116.278 39.9737
116.277 39.9733
116.277 39.9731
116.277 39.9733
116.276 39.9737
116.276 39.9742
116.277 39.9744
116.277 39.974
116.278 39.9735
116.279 39.9729
116.279 39.9723
116.28 39.9715
116.28 39.9705
116.281 39.9694
116.282 39.9672
116.283 39.965
116.285 39.9629
116.286 39.961
116.287 39.9589
116.288 39.9569
116.289 39.9549
116.289 39.9527
116.289 39.9506
116.289 39.9485
116.289 39.9461
116.289 39.944
116.289 39.9419
116.289 39.9407
116.29 39.9395
116.29 39.9375
116.29 39.9363
116.29 39.9352
116.29 39.934
116.29 39.9328
116.29 39.9308
116.29 39.9297
116.29 39.9286
116.29 39.9276
116.29 39.9266
116.29 39.9256
116.291 39.9246
116.291 39.9237
116.291 39.9217
116.291 39.9205
116.291 39.9194
116.29 39.9185
116.29 39.9179
116.29 39.9175
116.289 39.917
116.289 39.9163
116.289 39.9156
116.289 39.9151
116.289 39.915
116.289 39.915
116.289 39.915
116.289 39.915
116.289 39.915
116.289 39.915
116.289 39.915
116.289 39.915
116.289 39.9149
116.289 39.9147
116.289 39.9145
116.289 39.9139
116.289 39.9132
116.289 39.9125
116.289 39.9122
116.289 39.9121
116.289 39.912
116.289 39.912
116.289 39.912
116.289 39.912
116.289 39.9119
116.289 39.9117
116.289 39.9114
116.289 39.9108
116.289 39.9101
116.289 39.9095
116.289 39.9092
116.289 39.9091
116.289 39.9091
116.289 39.9091
116.289 39.9091
116.289 39.909
116.289 39.9087
116.289 39.9081
116.289 39.9075
116.289 39.9072
116.289 39.907
116.289 39.9069
116.289 39.9069
116.289 39.9069
116.289 39.9069
116.289 39.9069
116.289 39.9068
116.289 39.9067
116.289 39.9067
116.289 39.9068
116.289 39.9071
116.289 39.9075
116.289 39.9077
116.289 39.9077
116.289 39.9077
116.289 39.9079
116.289 39.9081
116.289 39.9082
116.289 39.9084
116.289 39.9087
116.289 39.9089
116.289 39.9094
116.289 39.9102
116.289 39.9109
116.289 39.9112
116.289 39.9112
116.289 39.9113
116.289 39.9113
116.289 39.9113
116.289 39.9113
116.289 39.9113
116.289 39.9115
116.289 39.9118
116.289 39.9123
116.289 39.9131
116.289 39.9139
116.289 39.9147
116.289 39.9155
116.289 39.9162
116.29 39.9169
116.29 39.9175
116.29 39.9179
116.291 39.9186
116.291 39.9194
116.291 39.9202
116.291 39.9212
116.291 39.9224
116.291 39.9242
116.291 39.9252
116.291 39.9263
116.291 39.9275
116.291 39.9287
116.291 39.9308
116.291 39.9319
116.291 39.9331
116.291 39.9353
116.291 39.9372
116.291 39.9383
116.291 39.9395
116.29 39.9416
116.29 39.9427
116.29 39.9439
116.29 39.9451
116.29 39.9463
116.29 39.9485
116.29 39.9508
116.29 39.9529
116.29 39.954
116.29 39.9552
116.29 39.9564
116.289 39.9583
116.287 39.9602
116.286 39.9622
116.285 39.964
116.284 39.965
116.283 39.9667
116.282 39.9678
116.282 39.969
116.281 39.9709
116.281 39.9718
116.281 39.9726
116.281 39.9733
116.28 39.9738
116.28 39.9743
116.28 39.9747
116.281 39.9753
116.282 39.9759
116.282 39.9767
116.283 39.9776
116.284 39.9784
116.285 39.9794
116.286 39.9804
116.288 39.9818
116.29 39.9827
116.291 39.9831
116.293 39.9835
116.295 39.9837
116.297 39.9838
116.3 39.9839
116.301 39.9839
116.302 39.9839
116.303 39.984
116.305 39.984
116.306 39.984
116.307 39.9841
116.309 39.9841
116.31 39.9842
116.312 39.9842
116.313 39.9843
116.315 39.9843
116.318 39.9844
116.319 39.9844
116.322 39.9845
116.324 39.9846
116.326 39.9846
116.327 39.9847
116.329 39.9847
116.33 39.9848
116.332 39.9849
116.333 39.985
116.335 39.9851
116.336 39.9851
116.337 39.9852
116.339 39.9852
116.34 39.9853
116.342 39.9853
116.343 39.9853
116.346 39.9854
116.349 39.9855
116.35 39.9855
116.352 39.9856
116.353 39.9856
116.354 39.9857
116.355 39.9857
116.357 39.9857
116.358 39.9858
116.359 39.9858
116.36 39.9858
116.361 39.9859
116.362 39.9859
116.363 39.9859
116.364 39.9859
116.365 39.9859
116.367 39.986
116.368 39.9859
116.369 39.9859
116.37 39.9859
116.371 39.9857
116.372 39.9856
116.373 39.9858
116.373 39.9861
116.373 39.9866
116.373 39.987
116.372 39.9875
116.372 39.9882
116.372 39.9888
116.372 39.9892
116.372 39.9894
116.372 39.9895
116.371 39.9897
116.371 39.9901
116.371 39.9903
116.371 39.9904
116.371 39.9905
116.371 39.9906
116.371 39.9906
116.371 39.9907
116.371 39.9908
116.371 39.9908
116.371 39.9908
116.371 39.991
116.371 39.9912
116.37 39.9915
116.37 39.9917
116.37 39.9917
116.37 39.9918
116.37 39.9919
116.37 39.992
116.37 39.9921
116.37 39.9922
116.37 39.9925
116.37 39.9925
116.37 39.9926
116.37 39.9927
116.369 39.9929
116.369 39.9932
116.369 39.9935
116.369 39.9937
116.369 39.994
116.368 39.9944
116.368 39.995
116.367 39.9955
116.367 39.9959
116.367 39.9964
116.366 39.997
116.366 39.9976
116.366 39.998
116.365 39.9985
116.365 39.999
116.364 39.9995
116.364 40
116.364 40.0006
116.363 40.0013
116.363 40.002
116.362 40.0027
116.362 40.0033
116.361 40.004
116.36 40.0049
116.36 40.0058
116.359 40.0069
116.358 40.0087
116.357 40.0096
116.356 40.0103
116.356 40.011
116.356 40.0115
116.356 40.0115
116.356 40.0116
116.356 40.0115
116.356 40.0117
116.355 40.0121
116.355 40.0127
116.354 40.0134
116.354 40.0141
116.353 40.0147
116.353 40.0154
116.352 40.0161
116.351 40.0169
116.351 40.0177
116.35 40.0185
116.349 40.0194
116.349 40.0204
116.348 40.0215
116.346 40.0233
116.345 40.025
116.345 40.0256
116.344 40.0263
116.343 40.0271
116.343 40.028
116.342 40.0291
116.34 40.0311
116.339 40.033
116.337 40.0348
116.336 40.0367
116.334 40.0388
116.333 40.0408
116.331 40.0429
116.33 40.045
116.328 40.0471
116.326 40.0492
116.325 40.0514
116.323 40.0535
116.322 40.0556
116.32 40.0578
116.318 40.0599
116.317 40.062
116.315 40.0642
116.313 40.0665
116.311 40.0688
116.311 40.0702
116.31 40.0704
116.31 40.0704
116.31 40.0704
116.31 40.0704
116.31 40.0704
116.31 40.0704
116.31 40.0705
116.31 40.0705
116.31 40.0705
116.31 40.0705
116.31 40.0705
116.31 40.0706
116.31 40.0708
116.31 40.0711
116.31 40.0716
116.31 40.072
116.31 40.0723
116.31 40.0725
116.311 40.0727
116.311 40.0729
116.311 40.0731
116.312 40.0734
116.313 40.0736
116.314 40.0739
116.315 40.0742
116.316 40.0745
116.317 40.0748
116.318 40.075
116.318 40.0751
116.319 40.0754
116.32 40.0757
116.321 40.0761
116.322 40.0764
116.322 40.0764
116.322 40.0764
116.322 40.0764
116.322 40.0764
116.322 40.0764
116.322 40.0764
116.322 40.0765
116.322 40.0765
116.323 40.0767
116.324 40.077
116.325 40.0774
116.326 40.0777
116.327 40.0779
116.327 40.0779
116.327 40.0777
116.328 40.0771
116.328 40.0764
116.328 40.076
116.328 40.076
116.328 40.076
116.328 40.076
116.328 40.076
116.328 40.076
116.328 40.076
116.327 40.076
116.327 40.076
116.327 40.076
116.327 40.076
116.327 40.0761
116.327 40.0764
116.327 40.0768
116.327 40.0768
116.327 40.0769
116.327 40.077
116.327 40.0769
116.326 40.0767
116.326 40.0766
116.325 40.0766
116.325 40.0765
116.325 40.0764
116.325 40.0764
116.325 40.0763
116.324 40.0762
116.324 40.0762
116.324 40.0761
116.324 40.0761
116.323 40.0761
116.323 40.076
116.323 40.076
