116.329 39.9752
116.329 39.9752
116.329 39.9752
116.329 39.9752
116.329 39.9752
116.329 39.9752
116.329 39.9752
116.329 39.9752
116.329 39.9752
116.328 39.9752
116.328 39.9752
116.328 39.9751
116.328 39.975
116.328 39.9748
116.328 39.9743
116.328 39.9734
116.328 39.9724
116.328 39.9712
116.328 39.97
116.328 39.9679
116.328 39.9671
116.328 39.9669
116.328 39.9669
116.328 39.9669
116.328 39.9668
116.328 39.9665
116.328 39.9663
116.328 39.9658
116.328 39.9649
116.328 39.9639
116.328 39.9628
116.328 39.9619
116.328 39.9613
116.329 39.9607
116.329 39.96
116.329 39.9591
116.329 39.9585
116.329 39.9585
116.329 39.9583
116.329 39.958
116.329 39.9572
116.329 39.9564
116.329 39.9557
116.329 39.955
116.329 39.9543
116.329 39.9536
116.33 39.9528
116.329 39.9521
116.329 39.9515
116.33 39.9511
116.33 39.9506
116.33 39.9498
116.331 39.9491
116.331 39.9484
116.332 39.9478
116.333 39.9473
116.334 39.9468
116.335 39.9462
116.336 39.9453
116.337 39.9434
116.336 39.9422
116.336 39.941
116.336 39.9398
116.336 39.9376
116.337 39.9358
116.338 39.9339
116.338 39.9328
116.338 39.9321
116.338 39.9318
116.338 39.9317
116.338 39.9317
116.338 39.9315
116.338 39.9311
116.338 39.9307
116.338 39.9303
116.338 39.9299
116.338 39.9295
116.338 39.929
116.338 39.9284
116.338 39.9281
116.338 39.928
116.338 39.9279
116.338 39.928
116.338 39.9279
116.338 39.9279
116.338 39.9279
116.338 39.9279
116.338 39.9277
116.338 39.9275
116.338 39.927
116.338 39.9263
116.338 39.9255
116.338 39.9245
116.338 39.9238
116.338 39.9231
116.338 39.9225
116.338 39.9223
116.338 39.9221
116.338 39.9221
116.338 39.9221
116.338 39.922
116.339 39.922
116.339 39.9219
116.34 39.922
116.341 39.922
116.343 39.922
116.345 39.9221
116.348 39.9222
116.349 39.9222
116.351 39.9223
116.352 39.9223
116.353 39.9224
116.354 39.9224
116.354 39.9224
116.354 39.9224
116.354 39.9224
116.354 39.9224
116.355 39.9224
116.356 39.9224
116.357 39.9224
116.358 39.9224
116.358 39.9225
116.358 39.9225
116.358 39.9225
116.359 39.9225
116.359 39.9225
116.36 39.9225
116.361 39.9225
116.362 39.9225
116.364 39.9226
116.365 39.9226
116.366 39.9226
116.366 39.9226
116.366 39.9226
116.366 39.9226
116.366 39.9226
116.367 39.9226
116.367 39.9226
116.367 39.9226
116.367 39.9226
116.368 39.9226
116.368 39.9227
116.369 39.9227
116.37 39.9227
116.37 39.9227
116.37 39.9227
116.371 39.9227
116.371 39.9227
116.371 39.9224
116.371 39.9222
116.371 39.9219
116.371 39.9217
116.371 39.9216
116.371 39.9214
116.371 39.9213
116.371 39.9212
116.371 39.9212
116.372 39.9212
116.373 39.9212
116.373 39.9212
116.374 39.9212
116.375 39.9212
116.375 39.9212
116.375 39.9212
116.375 39.9212
116.375 39.9212
116.375 39.9212
116.375 39.9212
116.375 39.9212
116.376 39.921
116.376 39.9207
116.376 39.9201
116.376 39.9194
116.376 39.9186
116.376 39.9178
116.376 39.9171
116.376 39.9165
116.376 39.9158
116.376 39.915
116.375 39.9142
116.375 39.9135
116.375 39.9128
116.376 39.9119
116.376 39.9111
116.376 39.9105
116.376 39.9099
116.376 39.9097
116.376 39.9097
116.376 39.9097
116.376 39.9096
116.376 39.9096
116.376 39.9096
116.376 39.9096
116.376 39.9096
116.376 39.9095
116.376 39.9094
116.376 39.9091
116.376 39.9087
116.376 39.9083
116.376 39.9082
116.376 39.9082
116.376 39.9082
116.376 39.9081
116.376 39.908
116.376 39.9077
116.376 39.9075
116.376 39.9072
116.376 39.907
116.376 39.9068
116.376 39.9067
116.376 39.9065
116.376 39.9063
116.376 39.906
116.376 39.9059
116.376 39.9059
116.375 39.9059
116.374 39.9059
116.372 39.9059
116.371 39.9059
116.37 39.906
116.37 39.9062
116.37 39.9068
116.37 39.9072
116.37 39.9073
116.37 39.9073
116.37 39.9074
116.37 39.9076
116.37 39.9077
116.37 39.9078
116.37 39.9079
116.37 39.9081
116.37 39.9082
116.37 39.9084
116.37 39.9085
116.37 39.9086
116.37 39.9088
116.37 39.9091
116.37 39.9093
116.37 39.9095
116.37 39.9096
116.37 39.9097
116.37 39.9099
116.37 39.9101
116.37 39.9103
116.37 39.9104
116.37 39.9107
116.37 39.9108
116.37 39.9109
116.37 39.9109
116.371 39.9109
116.371 39.9109
116.371 39.9109
116.371 39.9109
116.371 39.9109
116.371 39.9109
116.371 39.9109
116.371 39.9109
116.372 39.9109
116.372 39.911
116.372 39.911
116.372 39.911
116.372 39.911
116.372 39.9111
116.372 39.9112
116.372 39.9113
116.372 39.9113
116.372 39.9113
116.372 39.9113
116.372 39.9113
116.372 39.9113
116.372 39.9113
116.372 39.9113
