116.327 40.0773
116.327 40.0773
116.326 40.0771
116.325 40.0768
116.325 40.0766
116.324 40.0764
116.324 40.0761
116.323 40.076
116.323 40.0763
116.323 40.0764
116.323 40.0767
116.322 40.0768
116.321 40.0765
116.321 40.0761
116.32 40.0758
116.319 40.0755
116.318 40.0752
116.317 40.0751
116.316 40.0748
116.315 40.0745
116.314 40.0742
116.314 40.0739
116.313 40.0737
116.312 40.0736
116.312 40.0735
116.312 40.0735
116.312 40.0735
116.311 40.0734
116.311 40.0733
116.311 40.0733
116.311 40.0732
116.311 40.0731
116.311 40.073
116.31 40.073
116.31 40.0729
116.31 40.0728
116.31 40.0728
116.309 40.0727
116.309 40.0725
116.309 40.0724
116.308 40.0724
116.308 40.0723
116.308 40.0722
116.308 40.0723
116.307 40.0724
116.307 40.0727
116.307 40.0731
116.307 40.0735
116.306 40.0737
116.306 40.0739
116.306 40.074
116.306 40.0743
116.306 40.0744
116.307 40.0743
116.307 40.074
116.307 40.0735
116.308 40.0728
116.308 40.0721
116.309 40.0715
116.309 40.0708
116.31 40.0703
116.31 40.0701
116.31 40.0701
116.31 40.07
116.31 40.0698
116.311 40.0693
116.311 40.0685
116.312 40.0673
116.313 40.0663
116.314 40.0653
116.315 40.0634
116.317 40.0615
116.319 40.0593
116.32 40.057
116.322 40.0548
116.324 40.0528
116.325 40.051
116.326 40.0499
116.327 40.0479
116.329 40.0459
116.33 40.0439
116.332 40.0421
116.333 40.0403
116.334 40.0394
116.335 40.0384
116.335 40.0374
116.336 40.0364
116.337 40.0347
116.338 40.0338
116.339 40.0328
116.339 40.032
116.34 40.0312
116.341 40.0304
116.341 40.0297
116.342 40.029
116.343 40.0281
116.343 40.0274
116.344 40.0266
116.344 40.0257
116.345 40.0247
116.346 40.0237
116.347 40.0217
116.349 40.0198
116.35 40.018
116.351 40.017
116.352 40.016
116.353 40.0142
116.354 40.0133
116.354 40.0126
116.355 40.0119
116.355 40.0114
116.355 40.0113
116.355 40.0113
116.355 40.0113
116.355 40.0113
116.355 40.0114
116.355 40.0114
116.355 40.0115
116.355 40.0117
116.355 40.0116
116.355 40.0115
116.355 40.0114
116.355 40.0112
116.356 40.011
116.356 40.0104
116.357 40.0097
116.357 40.009
116.358 40.0083
116.358 40.0075
116.359 40.0068
116.359 40.0062
116.36 40.0055
116.36 40.0046
116.361 40.0036
116.362 40.0027
116.362 40.0018
116.363 40.0009
116.364 40.0002
116.364 39.9995
116.365 39.9987
116.365 39.9979
116.366 39.997
116.367 39.9962
116.367 39.9957
116.367 39.9955
116.367 39.9953
116.368 39.9948
116.368 39.9943
116.369 39.9937
116.369 39.9929
116.37 39.9921
116.37 39.9913
116.371 39.9907
116.371 39.9904
116.371 39.9902
116.371 39.9898
116.371 39.9896
116.371 39.9892
116.371 39.9886
116.371 39.9881
116.371 39.9877
116.37 39.9873
116.37 39.9869
116.37 39.9865
116.369 39.9863
116.368 39.9863
116.367 39.9862
116.366 39.9862
116.365 39.9861
116.363 39.9861
116.362 39.986
116.361 39.9859
116.359 39.9859
116.358 39.9859
116.357 39.9858
116.355 39.9858
116.354 39.9857
116.352 39.9857
116.351 39.9856
116.349 39.9856
116.348 39.9856
116.346 39.9855
116.345 39.9855
116.344 39.9855
116.341 39.9854
116.34 39.9854
116.339 39.9854
116.338 39.9854
116.337 39.9854
116.336 39.9854
116.334 39.9854
116.332 39.9852
116.331 39.9852
116.33 39.9851
116.329 39.9851
116.328 39.985
116.328 39.985
116.328 39.985
116.328 39.985
116.328 39.985
116.328 39.985
116.328 39.9849
116.327 39.9849
116.327 39.9848
116.327 39.9847
116.327 39.9847
116.327 39.9845
116.327 39.9843
116.327 39.9837
116.327 39.9828
116.327 39.9818
116.327 39.9808
116.327 39.9799
116.327 39.9793
116.327 39.9783
116.327 39.9773
116.327 39.9763
116.328 39.976
116.328 39.976
116.328 39.976
116.328 39.976
116.328 39.976
116.328 39.9759
116.328 39.9759
116.328 39.9759
116.328 39.9759
116.328 39.9757
116.328 39.9755
116.328 39.9755
116.328 39.9757
116.328 39.9762
116.328 39.9767
116.328 39.9768
116.328 39.9769
116.329 39.9769
116.329 39.9769
116.329 39.9769
116.33 39.977
116.33 39.9771
116.331 39.9771
116.331 39.9771
116.331 39.9771
116.331 39.9771
116.332 39.9771
116.332 39.9768
116.332 39.9763
116.332 39.9758
116.332 39.9756
116.331 39.9756
116.331 39.9756
116.33 39.9757
116.33 39.9756
116.33 39.9755
116.331 39.9755
