116.433 40.0075
116.432 40.007
116.432 40.0071
116.431 40.0071
116.429 40.0071
116.428 40.0072
116.427 40.0074
116.425 40.0075
116.424 40.0076
116.424 40.0076
116.423 40.0077
116.422 40.0077
116.421 40.0078
116.421 40.0078
116.42 40.0078
116.418 40.0078
116.417 40.0078
116.417 40.0078
116.417 40.0078
116.417 40.0078
116.417 40.0078
116.417 40.0078
116.417 40.0078
116.417 40.0078
116.416 40.0078
116.415 40.0078
116.414 40.0079
116.413 40.0079
116.412 40.0079
116.411 40.0079
116.411 40.0079
116.411 40.0079
116.411 40.0079
116.411 40.0079
116.411 40.0079
116.411 40.0079
116.411 40.0079
116.41 40.0079
116.41 40.0079
116.41 40.0079
116.41 40.0079
116.41 40.0079
116.41 40.0079
116.41 40.0079
116.41 40.0079
116.41 40.0079
116.41 40.0079
116.409 40.0079
116.408 40.0079
116.407 40.0079
116.405 40.0079
116.405 40.008
116.404 40.008
116.403 40.008
116.403 40.008
116.402 40.008
116.402 40.008
116.402 40.008
116.402 40.008
116.402 40.008
116.402 40.008
116.402 40.008
116.402 40.008
116.402 40.008
116.402 40.008
116.402 40.008
116.402 40.008
116.402 40.008
116.402 40.008
116.402 40.0081
116.401 40.0081
116.4 40.0081
116.399 40.0082
116.398 40.0082
116.397 40.0083
116.396 40.0083
116.395 40.0083
116.394 40.0083
116.394 40.0084
116.394 40.0084
116.394 40.0084
116.394 40.0084
116.394 40.0084
116.394 40.0084
116.394 40.0083
116.394 40.0079
116.394 40.0071
116.394 40.0063
116.394 40.0053
116.394 40.0044
116.394 40.0039
116.394 40.0038
116.394 40.0036
116.394 40.0029
116.394 40.0022
116.394 40.0015
116.394 40.0012
116.393 40.0011
116.393 40.0011
116.392 40.0011
116.391 40.0011
116.39 40.0011
116.389 40.001
116.388 40.001
116.387 40.001
116.386 40.001
116.385 40.0009
116.385 40.0009
116.385 40.0009
116.385 40.0009
116.385 40.0009
116.385 40.0009
116.385 40.0009
116.385 40.0009
116.385 40.0009
116.384 40.0009
116.383 40.0009
116.382 40.0008
116.381 40.0008
116.381 40.0008
116.381 40.0008
116.381 40.0008
116.381 40.0008
116.381 40.0008
116.381 40.0008
116.381 40.0008
116.381 40.0008
116.381 40.0008
116.381 40.0008
116.381 40.0008
116.381 40.0008
116.381 40.0008
116.381 40.0008
116.381 40.0008
116.381 40.0008
116.381 40.0008
116.381 40.0008
116.381 40.0008
116.381 40.0008
116.38 40.0008
116.38 40.0008
116.379 40.0008
116.378 40.0007
116.377 40.0007
116.376 40.0006
116.375 40.0005
116.375 40.0005
116.375 40.0005
116.375 40.0005
116.375 40.0005
116.375 40.0005
116.375 40.0005
116.375 40.0005
116.375 40.0005
116.375 40.0005
116.375 40.0005
116.375 40.0005
116.374 40.0005
116.374 40.0005
116.373 40.0005
116.372 40.0004
116.371 40.0004
116.371 40.0004
116.37 40.0004
116.37 40.0004
116.37 40.0004
116.369 40.0004
116.369 40.0004
116.369 40.0003
116.368 40.0003
116.367 40.0003
116.366 40.0003
116.366 40.0003
116.365 40.0003
116.365 40.0003
116.365 40.0003
116.365 40.0003
116.365 40.0003
116.365 40.0003
116.365 40.0003
116.365 40.0003
116.365 40.0003
116.365 40.0003
116.365 40.0003
116.365 40.0003
116.365 40.0003
116.365 40.0003
116.365 40.0003
116.365 40.0003
116.365 40.0003
116.365 40.0003
116.365 40.0003
116.365 40.0003
116.364 40.0003
116.364 40.0003
116.363 40.0002
116.363 40.0002
116.362 40.0002
116.362 40.0001
116.361 40.0001
116.36 40.0001
116.36 40.0001
116.359 40.0001
116.358 40.0001
116.357 40
116.356 40
116.356 40
116.355 40
116.355 40
116.354 40
116.354 40
116.353 40
116.353 39.9999
116.352 39.9999
116.351 39.9999
116.351 39.9999
116.35 39.9998
116.349 39.9998
116.348 39.9998
116.348 39.9998
116.347 39.9998
116.347 39.9998
116.347 39.9998
116.347 39.9998
116.347 39.9998
116.347 39.9998
116.347 39.9998
116.347 39.9998
116.347 39.9998
116.347 39.9998
116.347 39.9998
116.347 39.9998
116.346 39.9998
116.346 39.9997
116.345 39.9997
116.345 39.9997
116.344 39.9997
116.343 39.9997
116.343 39.9997
116.343 39.9997
116.343 39.9997
116.343 39.9997
116.343 39.9997
116.343 39.9997
116.343 39.9997
116.343 39.9997
116.342 39.9997
116.342 39.9996
116.341 39.9996
116.34 39.9996
116.339 39.9995
116.338 39.9995
116.336 39.9995
116.335 39.9995
116.334 39.9994
116.334 39.9994
116.333 39.9994
116.333 39.9994
116.332 39.9994
116.332 39.9993
116.332 39.9993
116.332 39.9992
116.332 39.9992
116.332 39.9992
116.332 39.9992
116.332 39.9992
116.332 39.999
116.332 39.9989
116.332 39.9987
116.332 39.9985
116.332 39.9984
116.332 39.9982
116.332 39.9981
116.332 39.998
116.332 39.998
116.332 39.998
116.332 39.998
116.332 39.998
116.332 39.998
116.332 39.998
116.332 39.998
116.332 39.998
116.332 39.9979
116.331 39.9976
116.331 39.9973
116.331 39.9971
116.33 39.9969
116.33 39.9967
116.33 39.9965
116.329 39.9963
116.329 39.996
116.329 39.9958
116.328 39.9955
116.328 39.995
116.327 39.9946
116.327 39.9943
116.327 39.9943
116.327 39.9943
116.327 39.9943
116.327 39.9943
116.327 39.9943
116.327 39.9942
116.327 39.9939
116.326 39.9935
116.326 39.993
116.326 39.9925
116.326 39.9922
116.326 39.992
116.326 39.9919
116.326 39.9919
116.326 39.9919
116.326 39.9919
116.326 39.9919
116.326 39.9919
116.326 39.9919
116.326 39.9919
116.326 39.9919
116.326 39.9919
116.326 39.9919
116.327 39.9917
116.326 39.9915
116.326 39.9914
116.326 39.9913
116.326 39.9912
116.326 39.9911
116.326 39.991
116.326 39.991
116.326 39.991
116.326 39.9911
116.326 39.9911
116.326 39.9911
116.326 39.9911
116.326 39.9911
116.326 39.9911
116.326 39.9911
116.326 39.9911
116.326 39.9911
116.326 39.9911
116.326 39.9911
116.326 39.9911
116.326 39.9911
116.326 39.9911
116.326 39.9911
116.326 39.9911
116.326 39.9911
116.326 39.9911
116.326 39.9911
116.326 39.9911
116.326 39.9911
116.328 39.9852
116.328 39.9852
116.328 39.9852
116.327 39.9854
116.327 39.9854
116.327 39.9854
116.327 39.9853
116.327 39.9853
116.327 39.9853
116.327 39.9852
116.327 39.9852
116.327 39.9852
116.327 39.9852
116.327 39.9852
116.327 39.9853
116.327 39.9853
116.327 39.9853
116.327 39.9853
116.327 39.9857
116.327 39.9863
116.327 39.987
116.327 39.9875
116.327 39.9878
116.327 39.9882
116.327 39.9886
116.327 39.9891
116.327 39.9895
116.327 39.9899
116.327 39.9902
116.327 39.9905
116.327 39.9908
116.327 39.9909
116.327 39.9909
116.327 39.9909
116.327 39.9912
116.327 39.9916
116.327 39.9918
116.327 39.992
116.327 39.9921
116.327 39.9923
116.327 39.9926
116.327 39.9928
116.327 39.9929
116.327 39.9929
116.327 39.993
116.327 39.9932
116.327 39.9933
116.327 39.9934
116.327 39.9936
116.327 39.9937
116.327 39.9939
116.327 39.994
116.327 39.9941
116.327 39.9942
116.327 39.9944
116.328 39.9946
116.328 39.9949
116.328 39.9951
116.328 39.9953
116.329 39.9955
116.329 39.9957
116.329 39.9959
116.33 39.9962
116.33 39.9964
116.33 39.9966
116.33 39.9969
116.331 39.9971
116.331 39.9972
116.331 39.9972
116.331 39.9972
116.331 39.9972
116.331 39.9972
116.331 39.9972
116.331 39.9972
116.331 39.9972
116.331 39.9972
116.331 39.9972
116.331 39.9972
116.331 39.9972
116.331 39.9972
116.331 39.9972
116.331 39.9972
116.331 39.9973
116.331 39.9975
116.331 39.9977
116.331 39.9979
116.332 39.9981
116.332 39.9983
116.332 39.9987
116.332 39.999
116.333 39.9992
116.333 39.9992
116.333 39.9993
116.333 39.9993
116.333 39.9993
116.333 39.9993
116.333 39.9993
116.333 39.9993
116.333 39.9993
116.333 39.9993
116.333 39.9993
116.333 39.9993
116.333 39.9993
116.333 39.9993
116.334 39.9994
116.334 39.9993
116.335 39.9993
116.336 39.9994
116.338 39.9994
116.339 39.9995
116.34 39.9995
116.341 39.9995
116.342 39.9996
116.344 39.9996
116.345 39.9997
116.346 39.9997
116.346 39.9997
116.346 39.9997
116.346 39.9997
116.346 39.9997
116.346 39.9997
116.346 39.9997
116.346 39.9997
116.346 39.9997
116.346 39.9997
116.346 39.9997
116.347 39.9998
116.347 40.0003
116.347 40.0009
116.346 40.0016
116.346 40.0024
116.346 40.0034
116.346 40.0044
116.346 40.0051
116.346 40.0054
116.346 40.0054
116.346 40.0055
116.346 40.0058
116.346 40.0062
116.346 40.0066
116.346 40.0071
116.346 40.0075
116.346 40.0077
116.346 40.0081
116.346 40.0086
116.346 40.0091
116.346 40.0096
116.346 40.0102
116.346 40.0108
116.346 40.0113
116.346 40.0119
116.346 40.0126
116.346 40.013
116.346 40.0132
116.346 40.0135
116.346 40.014
116.346 40.0145
116.346 40.015
116.346 40.0156
116.346 40.0161
116.346 40.0166
116.346 40.0173
116.346 40.018
116.346 40.0186
116.346 40.0192
116.346 40.0197
116.346 40.0201
116.346 40.0204
116.346 40.0205
116.346 40.0205
116.346 40.0205
116.346 40.0205
116.346 40.0205
116.346 40.0205
116.346 40.0205
116.346 40.0205
116.346 40.0205
116.346 40.0205
116.346 40.0205
116.346 40.0205
116.346 40.0205
116.346 40.0205
116.346 40.0205
116.346 40.0205
116.346 40.0205
116.346 40.0205
116.346 40.0205
116.346 40.0205
116.346 40.0205
116.346 40.0205
116.346 40.0205
116.346 40.0205
116.346 40.0205
116.346 40.0205
116.346 40.0205
116.346 40.0205
116.346 40.0205
116.346 40.0206
116.346 40.0209
116.346 40.0211
116.347 40.0212
116.348 40.0213
116.349 40.0214
116.349 40.0214
116.35 40.0213
116.351 40.0214
116.351 40.0217
116.35 40.0222
116.35 40.0228
116.349 40.0231
116.348 40.0234
116.348 40.0236
116.347 40.0239
116.346 40.0243
116.345 40.0247
116.345 40.0254
116.344 40.026
116.344 40.0267
116.344 40.0272
116.343 40.0277
116.343 40.0279
116.343 40.028
116.343 40.028
116.343 40.028
116.343 40.028
116.343 40.028
116.343 40.0279
116.343 40.0279
116.343 40.028
116.343 40.028
116.343 40.028
116.343 40.0283
116.342 40.0288
116.342 40.0295
116.341 40.03
116.341 40.0305
116.34 40.0311
116.34 40.0316
116.34 40.0323
116.34 40.0328
116.339 40.033
116.339 40.0332
116.339 40.0334
116.339 40.0336
116.339 40.0339
116.339 40.0341
116.338 40.0343
116.338 40.0344
116.338 40.0345
116.338 40.0346
116.338 40.0347
116.338 40.0348
116.338 40.0348
116.338 40.0349
116.338 40.035
116.338 40.035
116.338 40.035
116.338 40.035
116.338 40.035
116.338 40.035
116.338 40.035
116.338 40.035
116.338 40.035
116.338 40.035
116.338 40.035
116.338 40.035
116.338 40.035
116.338 40.035
116.337 40.0351
116.337 40.0351
116.337 40.0352
116.337 40.0352
116.337 40.0354
116.337 40.0356
116.337 40.0358
116.337 40.0362
116.336 40.0365
116.336 40.0368
116.336 40.0373
116.335 40.0377
116.335 40.0382
116.335 40.0386
116.334 40.0389
116.334 40.0392
116.334 40.0397
116.334 40.0401
116.333 40.0406
116.333 40.041
116.333 40.0414
116.332 40.0419
116.332 40.0423
116.332 40.0427
116.331 40.043
116.331 40.0434
116.331 40.0437
116.331 40.0441
116.331 40.0445
116.33 40.0449
116.33 40.0453
116.33 40.0458
116.329 40.0462
116.329 40.0467
116.329 40.0472
116.328 40.0477
116.328 40.0481
116.328 40.0486
116.327 40.0491
116.327 40.0495
116.327 40.0499
116.326 40.0503
116.326 40.0507
116.325 40.0511
116.325 40.0515
116.325 40.0518
116.324 40.0522
116.324 40.0525
116.324 40.0526
116.324 40.0526
116.324 40.0526
116.324 40.0526
116.324 40.0526
116.324 40.0526
116.324 40.0526
116.324 40.0526
116.324 40.0526
116.324 40.0526
116.324 40.0527
116.324 40.0528
116.324 40.053
116.324 40.0533
116.323 40.0536
116.323 40.0538
116.323 40.054
116.323 40.0542
116.323 40.0544
116.322 40.0547
116.322 40.0552
116.322 40.0556
116.322 40.056
116.321 40.0566
116.321 40.0571
116.321 40.0575
116.32 40.0581
116.32 40.0584
116.32 40.0585
116.319 40.0587
116.319 40.0592
116.319 40.0597
116.318 40.0602
116.318 40.0609
116.317 40.0617
116.316 40.0627
116.315 40.0639
116.314 40.0651
116.313 40.0662
116.313 40.0672
116.312 40.0681
116.311 40.0689
116.311 40.0696
116.31 40.0703
116.31 40.071
116.309 40.0718
116.308 40.0727
116.308 40.0738
116.307 40.0749
116.306 40.0762
116.305 40.0774
116.304 40.0786
116.303 40.0798
116.302 40.081
116.301 40.0822
116.3 40.0832
116.299 40.0842
116.299 40.0853
116.298 40.0864
116.297 40.0874
116.296 40.0884
116.295 40.0895
116.295 40.0905
116.294 40.0917
116.293 40.0928
116.292 40.0939
116.291 40.095
116.29 40.096
116.289 40.0971
116.288 40.0983
116.288 40.0994
116.287 40.1007
116.286 40.102
116.285 40.1032
116.285 40.1043
116.283 40.1053
116.282 40.1062
116.281 40.1071
116.28 40.108
116.279 40.1088
116.277 40.1097
116.276 40.1106
116.275 40.1115
116.274 40.1124
116.272 40.1132
116.271 40.1141
116.27 40.1149
116.269 40.1157
116.268 40.1165
116.267 40.1175
116.266 40.1184
116.265 40.1193
116.265 40.1202
116.264 40.1211
116.263 40.122
116.263 40.1231
116.263 40.1242
116.263 40.1255
116.262 40.1268
116.262 40.128
116.262 40.1292
116.262 40.1304
116.262 40.1315
116.262 40.1325
116.262 40.1335
116.261 40.1345
116.26 40.1354
116.26 40.1361
116.259 40.1366
116.259 40.1371
116.259 40.1373
116.259 40.1373
116.259 40.1373
116.259 40.1373
116.259 40.1373
116.259 40.1373
116.259 40.1373
116.259 40.1373
116.259 40.1375
116.258 40.1379
116.258 40.1382
116.258 40.1386
116.257 40.1392
116.257 40.1397
116.257 40.14
116.257 40.1402
116.257 40.1402
116.257 40.1403
116.257 40.1403
116.256 40.1404
116.256 40.1407
116.256 40.1409
116.257 40.1411
116.258 40.1414
116.259 40.1418
116.26 40.1422
116.261 40.1424
116.262 40.1427
116.263 40.1431
116.265 40.1435
116.266 40.144
116.268 40.1445
116.27 40.1449
116.271 40.1453
116.273 40.1457
116.274 40.1461
116.276 40.1464
116.277 40.1468
116.278 40.1471
116.279 40.1474
116.28 40.1476
116.281 40.1477
116.282 40.1478
116.282 40.148
116.283 40.1481
116.284 40.1482
116.285 40.1483
116.285 40.1485
116.286 40.1487
116.287 40.1489
116.287 40.1492
116.288 40.1497
116.289 40.1501
116.29 40.1505
116.29 40.1508
116.29 40.1511
116.291 40.1515
116.292 40.1519
116.292 40.1522
116.293 40.1524
116.293 40.1527
116.294 40.1529
116.295 40.1531
116.296 40.1532
116.296 40.1533
116.296 40.1535
116.296 40.1536
116.296 40.1537
116.296 40.1539
116.296 40.1542
116.297 40.1546
116.297 40.1554
116.297 40.1563
116.298 40.1573
116.298 40.1583
116.298 40.1591
116.299 40.1596
116.299 40.1603
116.299 40.1608
116.3 40.1613
116.301 40.1617
116.301 40.1619
116.301 40.1619
116.302 40.162
116.303 40.162
116.304 40.1621
116.305 40.1621
116.306 40.1622
116.307 40.1622
116.307 40.1623
116.308 40.1624
116.309 40.1625
116.31 40.1626
116.311 40.1627
116.311 40.1627
116.312 40.1628
116.312 40.1628
116.313 40.1629
116.314 40.163
116.314 40.1632
116.315 40.1636
116.316 40.1641
116.316 40.1647
116.317 40.1653
116.318 40.1656
116.318 40.166
116.319 40.1664
116.319 40.167
116.32 40.1675
116.321 40.168
116.321 40.1685
116.322 40.1687
116.322 40.1687
116.323 40.1687
116.324 40.1688
116.324 40.1688
116.325 40.1688
116.325 40.1688
116.326 40.1688
116.326 40.1688
116.327 40.1688
116.327 40.1688
116.328 40.1688
116.328 40.1688
116.329 40.1687
116.33 40.1686
116.33 40.1685
116.331 40.1683
116.332 40.1682
116.333 40.1682
116.334 40.1683
116.335 40.1685
116.336 40.1686
116.337 40.1688
116.338 40.1689
116.339 40.169
116.34 40.1691
116.34 40.1693
116.341 40.1693
116.342 40.1694
116.342 40.1695
116.343 40.1697
116.344 40.1698
116.345 40.1699
116.346 40.17
116.346 40.1701
116.347 40.1702
116.348 40.1703
116.348 40.1703
116.348 40.1704
116.348 40.1704
116.348 40.1704
116.348 40.1704
116.348 40.1704
116.348 40.1704
116.348 40.1705
116.349 40.1706
116.349 40.171
116.35 40.1716
116.35 40.1723
116.351 40.1729
116.351 40.1735
116.351 40.174
116.351 40.1743
116.351 40.1744
116.351 40.1744
116.35 40.1744
116.35 40.1744
116.349 40.1744
116.349 40.1744
116.349 40.1744
116.349 40.1745
116.349 40.1745
116.349 40.1745
116.349 40.1745
116.349 40.1744
116.349 40.1744
116.349 40.1744
116.349 40.1744
116.349 40.1744
116.349 40.1744
116.352 40.1692
116.353 40.1704
116.354 40.1705
116.355 40.1715
116.355 40.1716
116.356 40.1718
116.357 40.172
116.358 40.1721
116.359 40.1723
116.36 40.1723
116.361 40.1724
116.362 40.1725
116.363 40.1726
116.365 40.1726
116.366 40.1727
116.367 40.1729
116.368 40.1731
116.369 40.1733
116.37 40.1736
116.371 40.1738
116.373 40.174
116.374 40.1742
116.375 40.1744
116.376 40.1745
116.377 40.1745
116.378 40.1746
116.379 40.1745
116.38 40.1745
116.381 40.1745
116.382 40.1745
116.383 40.1744
116.384 40.1744
116.384 40.1744
116.385 40.1744
116.385 40.1744
116.386 40.1744
116.386 40.1744
116.387 40.1744
116.388 40.1744
116.389 40.1744
116.39 40.1743
116.391 40.1743
116.392 40.1743
116.393 40.1743
116.394 40.1743
116.395 40.1744
116.396 40.1745
116.397 40.1747
116.398 40.1749
116.399 40.175
116.4 40.1752
116.4 40.1753
116.401 40.1753
116.401 40.175
116.401 40.1745
116.401 40.1739
116.401 40.1731
116.401 40.1723
116.401 40.1715
116.401 40.1707
116.401 40.1699
116.401 40.1691
116.401 40.1683
116.401 40.1675
116.402 40.1667
116.402 40.1659
116.402 40.1651
116.402 40.1644
116.402 40.1638
116.402 40.1633
116.402 40.163
116.402 40.1627
116.402 40.1622
116.402 40.1618
116.402 40.1612
116.402 40.1608
116.402 40.1602
116.402 40.1597
116.402 40.1592
116.402 40.1586
116.402 40.1579
116.402 40.1571
116.402 40.1564
116.402 40.1559
116.402 40.1556
116.402 40.1552
116.403 40.1547
116.403 40.1543
116.403 40.1539
116.403 40.1534
116.404 40.153
116.404 40.1525
116.404 40.1519
116.405 40.1512
116.405 40.1506
116.405 40.1499
116.406 40.1491
116.406 40.1482
116.406 40.1475
116.406 40.1471
116.406 40.1467
116.406 40.1462
116.406 40.1457
116.406 40.1451
116.406 40.1445
116.405 40.1437
116.405 40.1429
116.405 40.142
116.405 40.141
116.404 40.14
116.404 40.1389
116.404 40.1378
116.403 40.1365
116.403 40.1353
116.403 40.1342
116.402 40.1332
116.402 40.132
116.402 40.1309
116.402 40.1297
116.402 40.1286
116.402 40.1278
116.402 40.1273
116.402 40.1273
116.402 40.1273
116.402 40.1273
116.402 40.1273
116.402 40.1273
116.402 40.1273
116.402 40.1273
116.402 40.1273
116.402 40.1273
116.403 40.1274
116.403 40.1275
116.403 40.1275
116.403 40.1275
116.404 40.1276
116.404 40.1276
116.404 40.1277
116.404 40.1277
116.405 40.1278
116.405 40.1278
116.405 40.1278
116.405 40.1278
116.405 40.1278
116.405 40.1278
116.405 40.1278
116.405 40.1279
116.406 40.1279
116.406 40.128
116.406 40.128
116.406 40.128
116.406 40.128
116.407 40.128
116.407 40.128
116.407 40.128
116.407 40.128
116.407 40.128
116.407 40.1281
116.408 40.1281
116.409 40.1281
116.41 40.1282
116.411 40.1282
116.411 40.1283
116.412 40.1284
116.413 40.1285
116.413 40.1287
116.414 40.129
116.415 40.1292
116.415 40.1294
116.415 40.1294
116.415 40.1292
116.415 40.129
116.415 40.1288
116.415 40.1287
116.415 40.1284
116.415 40.1284
116.415 40.1284
116.415 40.1284
116.414 40.1284
116.414 40.1284
116.414 40.1285
116.414 40.1285
116.414 40.1285
116.414 40.1285
116.416 40.1291
116.415 40.1285
116.415 40.1285
116.415 40.1285
116.415 40.1285
116.415 40.1285
116.415 40.1285
116.415 40.1285
116.415 40.1285
116.415 40.1285
116.415 40.1285
116.415 40.1285
116.415 40.1285
116.415 40.1285
116.415 40.1285
116.415 40.1285
116.415 40.1285
116.415 40.1285
116.415 40.1285
116.415 40.1286
116.415 40.1287
116.415 40.1287
116.415 40.1288
116.415 40.1289
116.416 40.1288
116.416 40.1286
116.416 40.1285
116.416 40.1286
116.417 40.1286
116.417 40.1287
116.417 40.1288
116.418 40.1286
116.418 40.1283
116.418 40.1278
116.418 40.1273
116.418 40.1268
116.419 40.1263
116.419 40.1257
116.419 40.1252
116.419 40.1247
116.419 40.1241
116.42 40.1234
116.42 40.1228
116.42 40.1221
116.42 40.1215
116.42 40.1209
116.421 40.1204
116.421 40.1198
116.421 40.1191
116.421 40.1184
116.422 40.1178
116.422 40.1171
116.422 40.1167
116.422 40.1166
116.422 40.1165
116.421 40.1165
116.42 40.1164
116.419 40.1164
116.419 40.1163
116.418 40.1162
116.417 40.1162
116.417 40.1162
116.417 40.1162
116.416 40.1162
116.416 40.1162
116.416 40.1161
116.416 40.1161
116.415 40.1161
116.415 40.1162
116.415 40.1162
116.415 40.1163
116.415 40.1165
116.415 40.1166
116.415 40.1167
116.415 40.1168
116.415 40.1169
116.415 40.1171
116.415 40.1171
116.415 40.117
116.415 40.117
116.415 40.117
116.415 40.117
116.415 40.117
116.415 40.117
116.415 40.117
116.415 40.117
116.415 40.1171
116.415 40.1171
116.415 40.1171
116.415 40.1171
116.415 40.1171
116.415 40.1171
116.415 40.1171
116.415 40.1171
116.415 40.1171
116.415 40.1171
116.415 40.1171
116.415 40.1171
116.415 40.1171
116.415 40.1171
116.415 40.1171
116.415 40.1171
116.415 40.1171
116.415 40.1171
116.415 40.1171
116.415 40.1171
116.415 40.1171
116.415 40.1171
116.415 40.1171
116.415 40.1171
116.415 40.1171
116.415 40.1171
116.415 40.1171
116.415 40.1171
116.415 40.1171
116.415 40.1171
116.415 40.1171
116.415 40.1171
116.415 40.1171
116.415 40.1171
116.415 40.1171
116.415 40.1171
116.415 40.1171
116.415 40.1171
116.415 40.1171
116.415 40.1171
116.415 40.1171
116.415 40.117
116.414 40.117
116.414 40.117
116.414 40.117
116.415 40.117
116.415 40.1171
116.415 40.1171
116.415 40.1172
116.415 40.1172
116.415 40.1172
116.415 40.1172
116.415 40.1172
116.415 40.1172
116.415 40.1172
116.415 40.1172
116.415 40.1172
116.415 40.1172
116.415 40.1172
116.415 40.1171
116.415 40.1171
116.415 40.1171
116.415 40.1171
116.415 40.117
116.415 40.117
116.415 40.117
116.415 40.1171
116.415 40.1171
116.415 40.1171
116.415 40.1171
116.415 40.117
116.415 40.117
116.415 40.117
116.415 40.117
116.415 40.117
116.415 40.117
116.415 40.117
116.415 40.117
116.415 40.117
116.415 40.117
116.415 40.117
116.415 40.117
116.415 40.117
116.415 40.117
116.415 40.117
116.415 40.117
116.415 40.117
116.415 40.117
116.415 40.117
116.415 40.117
116.415 40.117
116.415 40.117
116.415 40.117
116.415 40.117
116.415 40.117
116.415 40.117
116.415 40.117
116.415 40.117
116.415 40.117
116.415 40.117
116.415 40.117
116.415 40.117
116.415 40.117
116.415 40.117
116.415 40.117
116.415 40.117
116.415 40.117
116.415 40.117
116.415 40.117
116.415 40.117
116.415 40.117
116.415 40.117
116.415 40.117
116.415 40.117
116.415 40.117
116.415 40.117
116.415 40.117
116.415 40.117
116.415 40.117
116.415 40.117
116.415 40.117
116.415 40.117
116.415 40.117
116.415 40.117
116.415 40.117
116.415 40.117
116.415 40.117
116.415 40.117
116.415 40.117
116.415 40.117
116.415 40.117
116.415 40.117
116.415 40.117
116.415 40.117
116.415 40.117
116.415 40.117
116.415 40.117
116.415 40.117
116.415 40.1171
116.415 40.1171
116.415 40.1171
116.415 40.1171
116.415 40.1171
116.415 40.1171
116.415 40.1171
116.415 40.1171
116.415 40.1171
116.415 40.1171
116.415 40.1171
116.415 40.1171
116.415 40.1171
116.415 40.1171
116.415 40.1171
116.415 40.1171
116.415 40.1171
116.415 40.1171
116.415 40.1171
116.415 40.1171
116.415 40.1171
116.415 40.1171
116.415 40.1171
116.415 40.117
116.415 40.117
116.415 40.117
116.415 40.117
116.415 40.117
116.415 40.117
116.415 40.117
116.415 40.117
116.415 40.1171
116.415 40.1171
116.415 40.1171
116.415 40.1171
116.415 40.117
116.415 40.117
116.415 40.117
116.415 40.117
116.415 40.117
116.415 40.117
116.415 40.117
116.415 40.117
116.415 40.117
116.415 40.117
116.415 40.117
116.415 40.117
116.414 40.117
116.414 40.117
116.414 40.117
116.414 40.1169
116.415 40.117
116.415 40.117
116.415 40.117
116.415 40.117
116.415 40.117
116.415 40.117
116.415 40.117
116.415 40.117
116.415 40.117
116.415 40.117
116.415 40.117
116.415 40.117
116.415 40.1169
116.415 40.1169
116.415 40.1169
116.415 40.1169
116.415 40.1169
116.415 40.1169
116.415 40.1169
116.415 40.1169
116.415 40.1169
116.415 40.1169
116.415 40.1169
116.415 40.117
116.415 40.117
116.415 40.117
116.415 40.117
116.415 40.117
116.415 40.117
116.415 40.117
116.415 40.117
116.415 40.117
116.415 40.117
116.415 40.117
116.415 40.117
116.415 40.117
116.415 40.117
116.415 40.117
116.415 40.117
116.415 40.117
116.415 40.117
116.415 40.117
116.415 40.117
116.415 40.117
116.415 40.117
116.415 40.117
116.415 40.117
116.415 40.117
116.415 40.117
116.415 40.117
116.415 40.117
116.415 40.117
116.415 40.117
116.415 40.117
116.414 40.1169
116.414 40.1169
116.414 40.1169
116.414 40.1169
116.414 40.1169
116.414 40.1169
116.414 40.1169
116.414 40.1169
116.414 40.1169
116.414 40.1169
116.414 40.1169
116.414 40.1169
116.414 40.1169
116.414 40.1169
116.414 40.1169
116.414 40.1169
116.414 40.1169
116.414 40.1169
116.414 40.1169
116.414 40.1169
116.414 40.1169
116.414 40.117
116.415 40.117
116.415 40.117
116.415 40.117
116.415 40.117
116.415 40.117
116.415 40.117
116.415 40.117
116.415 40.1171
116.415 40.1171
116.415 40.1171
116.415 40.1171
116.415 40.1171
116.415 40.1171
116.415 40.1171
116.415 40.1171
116.415 40.1171
116.415 40.1171
116.415 40.1171
116.415 40.1171
116.415 40.1171
116.415 40.1171
116.415 40.1171
116.415 40.1171
116.415 40.117
116.414 40.117
116.414 40.117
116.414 40.1169
116.414 40.1169
116.414 40.1169
116.414 40.1169
116.414 40.1169
116.414 40.1169
116.414 40.1169
116.414 40.1169
116.414 40.1169
116.414 40.1169
116.414 40.117
116.415 40.117
116.415 40.117
116.415 40.117
116.415 40.117
116.415 40.117
116.414 40.1169
116.414 40.1167
116.414 40.1166
116.415 40.1165
116.415 40.1165
116.415 40.1166
116.415 40.1166
116.415 40.1164
116.415 40.1163
116.415 40.1162
116.415 40.116
116.414 40.1159
116.413 40.1157
116.411 40.1156
116.41 40.1155
116.409 40.1154
116.408 40.1153
116.407 40.1153
116.407 40.1152
116.406 40.1152
116.406 40.1151
116.406 40.1151
116.406 40.1151
116.406 40.1151
116.406 40.1151
116.406 40.1151
116.406 40.1151
116.406 40.1151
116.406 40.1151
116.406 40.1151
116.406 40.1151
116.406 40.1151
116.406 40.1151
116.406 40.115
116.405 40.1145
116.406 40.1137
116.406 40.1127
116.406 40.1116
116.406 40.1106
116.405 40.1095
116.405 40.1084
116.406 40.1073
116.406 40.1063
116.406 40.1053
116.406 40.1043
116.406 40.1036
116.406 40.1033
116.406 40.1033
116.406 40.1033
116.406 40.1033
116.406 40.1033
116.406 40.1033
116.406 40.1033
116.406 40.1033
116.406 40.1033
116.406 40.1033
116.406 40.1033
116.406 40.1033
116.406 40.1033
116.406 40.1033
116.406 40.1033
116.406 40.1033
116.406 40.1033
116.406 40.1031
116.406 40.1027
116.406 40.102
116.406 40.1012
116.406 40.1004
116.406 40.0997
116.406 40.0989
116.406 40.098
116.406 40.0972
116.406 40.0964
116.406 40.0957
116.406 40.0949
116.407 40.0941
116.407 40.0933
116.407 40.0927
116.407 40.092
116.407 40.0913
116.407 40.0907
116.407 40.0899
116.407 40.089
116.407 40.0882
116.407 40.0874
116.407 40.0865
116.407 40.0859
116.407 40.0854
116.407 40.0847
116.408 40.0844
116.408 40.0844
116.408 40.0844
116.408 40.0844
116.408 40.0844
116.408 40.0844
116.408 40.0844
116.408 40.0844
116.408 40.0844
116.408 40.0844
116.408 40.0844
116.408 40.0844
116.408 40.0844
116.408 40.0844
116.408 40.0844
116.408 40.0844
116.408 40.0843
116.408 40.0838
116.408 40.083
116.408 40.0821
116.408 40.0811
116.408 40.08
116.408 40.0791
116.408 40.0786
116.408 40.0784
116.408 40.0784
116.408 40.0784
116.408 40.0784
116.408 40.0784
116.408 40.0784
116.408 40.0784
116.408 40.0784
116.408 40.0784
116.408 40.0784
116.408 40.0784
116.408 40.0784
116.408 40.0784
116.408 40.0784
116.408 40.0784
116.408 40.0783
116.408 40.078
116.408 40.0776
116.407 40.077
116.407 40.0763
116.407 40.0757
116.407 40.0751
116.407 40.0745
116.407 40.0738
116.407 40.073
116.407 40.0722
116.406 40.0713
116.406 40.0705
116.406 40.0698
116.406 40.069
116.406 40.0682
116.406 40.0677
116.406 40.0675
116.406 40.0674
116.406 40.0674
116.406 40.0674
116.406 40.0674
116.406 40.0674
116.406 40.0674
116.406 40.0674
116.406 40.0674
116.406 40.0674
116.406 40.0674
116.406 40.0673
116.407 40.067
116.407 40.0667
116.407 40.0663
116.407 40.0659
116.407 40.0655
116.407 40.0653
116.407 40.0651
116.407 40.0649
116.407 40.0645
116.407 40.0643
116.407 40.0639
116.407 40.0635
116.407 40.063
116.407 40.0625
116.407 40.0619
116.407 40.0613
116.407 40.0609
116.407 40.0606
116.407 40.0603
116.407 40.0601
116.407 40.06
116.407 40.06
116.407 40.06
116.407 40.06
116.407 40.06
116.407 40.06
116.407 40.06
116.407 40.0599
116.407 40.0599
116.407 40.0598
116.407 40.0598
116.407 40.0598
116.407 40.0597
116.407 40.0595
116.407 40.0595
116.407 40.0595
116.407 40.0595
116.406 40.0595
116.406 40.0595
116.406 40.0594
116.406 40.0594
116.406 40.0594
116.406 40.0594
116.406 40.0594
116.406 40.0594
116.406 40.0594
116.406 40.0594
116.406 40.0594
116.406 40.0594
116.406 40.0594
116.406 40.0594
116.406 40.0594
116.406 40.0594
116.406 40.0594
116.406 40.0594
116.406 40.0594
116.406 40.0594
116.406 40.0594
116.406 40.0594
116.406 40.0594
116.406 40.0594
116.406 40.0594
116.406 40.0594
116.406 40.0594
116.406 40.0594
116.406 40.0594
116.406 40.0594
116.406 40.0594
116.406 40.0594
116.406 40.0594
116.406 40.0594
116.406 40.0594
116.406 40.0594
116.406 40.0594
116.406 40.0594
116.406 40.0594
116.406 40.0594
116.406 40.0594
116.406 40.0594
116.406 40.0594
116.406 40.0594
116.406 40.0594
116.406 40.0594
116.406 40.0594
116.406 40.0594
116.406 40.0594
116.406 40.0594
116.406 40.0594
116.406 40.0594
116.406 40.0594
116.406 40.0594
116.406 40.0594
116.406 40.0594
116.406 40.0594
116.406 40.0594
116.406 40.0594
116.406 40.0594
116.406 40.0594
116.406 40.0594
116.406 40.0594
116.406 40.0594
116.406 40.0594
116.406 40.0594
116.406 40.0594
116.406 40.0594
116.406 40.0594
116.406 40.0594
116.406 40.0594
116.406 40.0594
116.406 40.0594
116.406 40.0594
116.406 40.0594
116.406 40.0594
116.406 40.0594
116.406 40.0594
116.406 40.0594
116.406 40.0594
116.406 40.0594
116.406 40.0594
116.406 40.0594
116.406 40.0594
116.406 40.0594
116.406 40.0594
116.406 40.0594
116.406 40.0594
116.406 40.0594
116.406 40.0594
116.406 40.0594
116.406 40.0594
116.406 40.0594
116.406 40.0594
116.406 40.0594
116.406 40.0594
116.406 40.0594
116.406 40.0594
116.406 40.0594
116.406 40.0594
116.406 40.0594
116.406 40.0594
116.406 40.0594
116.406 40.0594
116.406 40.0594
116.406 40.0594
116.406 40.0594
116.406 40.0594
116.406 40.0594
116.406 40.0594
116.406 40.0594
116.406 40.0594
116.406 40.0594
116.406 40.0594
116.406 40.0594
116.406 40.0594
116.406 40.0594
116.406 40.0594
116.406 40.0594
116.406 40.0594
116.406 40.0594
116.406 40.0594
116.406 40.0594
116.406 40.0594
116.406 40.0594
116.406 40.0594
116.406 40.0594
116.406 40.0594
116.406 40.0594
116.406 40.0594
116.406 40.0594
116.406 40.0594
116.406 40.0594
116.406 40.0594
116.406 40.0594
116.406 40.0594
116.406 40.0594
116.406 40.0594
116.406 40.0594
116.406 40.0594
116.406 40.0594
116.406 40.0594
116.406 40.0594
116.406 40.0594
116.406 40.0594
116.406 40.0594
116.406 40.0594
116.406 40.0594
116.406 40.0594
116.406 40.0594
116.406 40.0594
116.406 40.0594
116.406 40.0594
116.406 40.0594
116.406 40.0594
116.406 40.0594
116.406 40.0594
116.406 40.0594
116.406 40.0594
116.406 40.0594
116.406 40.0594
116.406 40.0594
116.406 40.0594
116.406 40.0594
116.406 40.0594
116.406 40.0594
116.406 40.0594
116.406 40.0594
116.406 40.0594
116.406 40.0594
116.406 40.0594
116.406 40.0594
116.406 40.0594
116.406 40.0594
116.406 40.0594
116.406 40.0594
116.406 40.0594
116.406 40.0594
116.406 40.0594
116.406 40.0594
116.406 40.0594
116.406 40.0594
116.406 40.0594
116.406 40.0594
116.406 40.0594
116.406 40.0594
116.406 40.0594
116.406 40.0594
116.406 40.0594
116.406 40.0594
116.406 40.0594
116.406 40.0594
116.406 40.0594
116.406 40.0594
116.406 40.0594
116.406 40.0594
116.406 40.0594
116.406 40.0594
116.406 40.0594
116.406 40.0594
116.406 40.0594
116.406 40.0594
116.406 40.0594
116.406 40.0594
116.406 40.0594
116.406 40.0594
116.406 40.0594
116.406 40.0594
116.406 40.0594
116.406 40.0594
116.406 40.0594
116.406 40.0594
116.406 40.0594
116.406 40.0594
116.406 40.0594
116.406 40.0594
116.406 40.0594
116.406 40.0594
116.406 40.0594
116.406 40.0594
116.406 40.0594
116.406 40.0594
116.406 40.0594
116.406 40.0594
116.406 40.0594
116.406 40.0594
116.406 40.0594
116.406 40.0594
116.406 40.0594
116.406 40.0594
116.406 40.0594
116.406 40.0594
116.406 40.0594
116.406 40.0594
116.406 40.0594
116.406 40.0594
116.406 40.0594
116.406 40.0594
116.406 40.0594
116.406 40.0594
116.406 40.0594
116.406 40.0594
116.406 40.0594
116.406 40.0594
116.406 40.0594
116.406 40.0594
116.406 40.0594
116.406 40.0594
116.406 40.0594
116.406 40.0594
116.406 40.0594
116.406 40.0594
116.406 40.0594
116.406 40.0594
116.406 40.0594
116.406 40.0594
116.406 40.0594
116.406 40.0594
116.406 40.0594
116.406 40.0594
116.406 40.0594
116.406 40.0594
116.406 40.0594
116.406 40.0594
116.406 40.0594
116.406 40.0594
116.406 40.0594
116.406 40.0594
116.406 40.0594
116.406 40.0594
116.406 40.0594
116.406 40.0594
116.406 40.0594
116.406 40.0594
116.406 40.0594
116.406 40.0594
116.406 40.0594
116.406 40.0594
116.406 40.0594
116.406 40.0594
116.406 40.0594
116.406 40.0594
116.406 40.0594
116.406 40.0594
116.406 40.0594
116.406 40.0594
116.406 40.0594
116.406 40.0594
116.406 40.0594
116.406 40.0594
116.406 40.0594
116.406 40.0594
116.406 40.0594
116.406 40.0594
116.406 40.0594
116.406 40.0594
116.406 40.0594
116.406 40.0594
116.406 40.0594
116.406 40.0594
116.406 40.0594
116.406 40.0594
116.406 40.0594
116.406 40.0594
116.406 40.0594
116.406 40.0594
116.406 40.0594
116.406 40.0594
116.406 40.0594
116.406 40.0594
116.406 40.0594
116.406 40.0594
116.406 40.0594
116.406 40.0594
116.406 40.0594
116.406 40.0594
116.406 40.0594
116.406 40.0594
116.406 40.0594
116.406 40.0594
116.406 40.0594
116.406 40.0594
116.406 40.0594
116.406 40.0594
116.406 40.0594
116.406 40.0594
116.406 40.0594
116.406 40.0594
116.406 40.0594
116.406 40.0594
116.406 40.0594
116.406 40.0594
116.406 40.0594
116.406 40.0594
116.406 40.0594
116.406 40.0594
116.406 40.0594
116.406 40.0594
116.406 40.0594
116.406 40.0594
116.406 40.0594
116.406 40.0594
116.406 40.0594
116.406 40.0594
116.406 40.0594
116.406 40.0594
116.406 40.0594
116.406 40.0594
116.406 40.0594
116.406 40.0594
116.406 40.0594
116.406 40.0595
116.406 40.0595
116.406 40.0595
116.406 40.0594
116.406 40.0594
116.406 40.0594
116.406 40.0594
116.406 40.0593
116.406 40.0593
116.406 40.0593
116.406 40.0593
116.406 40.0593
116.406 40.0593
116.406 40.0593
116.406 40.0593
116.406 40.0593
116.406 40.0593
116.406 40.0593
116.406 40.0593
116.406 40.0593
116.407 40.0595
116.407 40.0595
116.407 40.0594
116.407 40.0592
116.407 40.0586
116.407 40.058
116.407 40.0577
116.407 40.0576
116.407 40.0576
116.407 40.0576
116.407 40.0576
116.407 40.0576
116.407 40.0576
116.407 40.0576
116.407 40.0576
116.407 40.0576
116.407 40.0576
116.407 40.0576
116.407 40.0576
116.407 40.0576
116.407 40.0576
116.407 40.0575
116.407 40.0573
116.407 40.0571
116.407 40.0569
116.407 40.0566
116.408 40.0563
116.408 40.0558
116.408 40.0553
116.408 40.0548
116.408 40.0542
116.408 40.0536
116.408 40.0531
116.407 40.0525
116.407 40.052
116.407 40.0515
116.406 40.0511
116.406 40.0506
116.406 40.0502
116.406 40.0497
116.406 40.0492
116.406 40.0488
116.406 40.0483
116.406 40.0477
116.406 40.0471
116.406 40.0466
116.406 40.0461
116.406 40.0456
116.406 40.0452
116.406 40.045
116.406 40.0447
116.406 40.0444
116.406 40.0441
116.406 40.0437
116.407 40.0433
116.407 40.043
116.407 40.043
116.407 40.043
116.407 40.043
116.407 40.0429
116.407 40.0429
116.407 40.0429
116.407 40.0429
116.407 40.0429
116.407 40.0428
116.407 40.0423
116.408 40.0417
116.408 40.041
116.408 40.0405
116.409 40.0401
116.409 40.0398
116.409 40.0395
116.409 40.0388
116.409 40.0381
116.409 40.0373
116.41 40.0366
116.41 40.036
116.41 40.0354
116.411 40.0348
116.411 40.0342
116.411 40.0334
116.411 40.0328
116.411 40.0322
116.412 40.0319
116.412 40.0317
116.412 40.0316
116.412 40.0316
116.412 40.0316
116.412 40.0316
116.412 40.0314
116.412 40.0313
116.412 40.0313
116.412 40.0313
116.412 40.0313
116.412 40.0313
116.412 40.0313
116.412 40.0314
116.412 40.0314
116.412 40.0314
116.412 40.0314
116.412 40.0315
116.412 40.0315
116.412 40.0314
116.413 40.0313
116.413 40.0313
116.414 40.0313
116.415 40.0312
116.416 40.0312
116.417 40.0312
116.418 40.0312
116.419 40.0312
116.419 40.0312
116.42 40.0312
116.421 40.0311
116.422 40.0311
116.423 40.031
116.424 40.0311
116.425 40.0311
116.425 40.031
116.426 40.031
116.427 40.031
116.428 40.031
116.429 40.031
116.43 40.0309
116.431 40.0309
116.431 40.0309
116.431 40.0307
116.431 40.0304
116.431 40.0301
116.431 40.0298
116.431 40.0296
116.431 40.0292
116.431 40.0288
116.431 40.0284
116.431 40.028
116.431 40.0276
116.431 40.0274
116.431 40.0273
116.432 40.0274
116.432 40.0274
116.432 40.0274
116.433 40.0273
116.433 40.0274
116.433 40.0275
116.433 40.0275
116.433 40.0275
116.433 40.0275
116.433 40.0275
116.432 40.0275
116.432 40.0275
116.432 40.0274
116.432 40.0274
116.432 40.0274
116.432 40.0273
116.433 40.0274
116.433 40.0274
116.433 40.0274
116.433 40.0274
116.433 40.0274
116.433 40.0273
116.433 40.0273
116.433 40.0273
116.433 40.0273
116.433 40.0273
116.433 40.0273
116.433 40.0273
116.433 40.0273
116.433 40.0273
116.433 40.0273
116.433 40.0273
116.433 40.0273
116.433 40.0273
116.433 40.0273
