116.331 39.9915
116.331 39.9914
116.331 39.9914
116.331 39.9913
116.331 39.9912
116.331 39.991
116.331 39.9909
116.331 39.9908
116.331 39.9907
116.331 39.9904
116.331 39.9902
116.331 39.99
116.331 39.9899
116.331 39.9897
116.331 39.9895
116.331 39.9892
116.331 39.9888
116.331 39.9886
116.332 39.9882
116.332 39.9879
116.332 39.9877
116.332 39.9876
116.332 39.9873
116.332 39.9872
116.332 39.987
116.332 39.9868
116.332 39.9866
116.332 39.9862
116.332 39.9861
116.332 39.9859
116.332 39.9857
116.332 39.9855
116.332 39.9854
116.332 39.9852
116.332 39.9851
116.332 39.9849
116.332 39.9846
116.332 39.9844
116.332 39.9843
116.332 39.9841
116.332 39.9839
116.332 39.9836
116.332 39.9834
116.332 39.9833
116.332 39.9832
116.332 39.9828
116.332 39.9826
116.332 39.9825
116.332 39.9823
116.332 39.9821
116.332 39.982
116.332 39.9818
116.332 39.9816
116.332 39.9815
116.332 39.9811
116.332 39.9809
116.332 39.9806
116.332 39.9805
116.332 39.9803
116.332 39.9801
116.332 39.9799
116.332 39.9797
116.332 39.9795
116.333 39.9792
116.333 39.9791
116.333 39.9789
116.333 39.9787
116.333 39.9786
116.333 39.9784
116.333 39.9783
116.333 39.9782
116.333 39.978
116.333 39.9777
116.333 39.9776
116.333 39.9774
116.334 39.9734
116.334 39.9733
116.334 39.9732
116.334 39.9731
116.334 39.9731
116.334 39.973
116.335 39.9728
116.335 39.9727
116.335 39.9725
116.335 39.9724
116.335 39.9723
116.335 39.9722
116.335 39.9721
116.335 39.9719
116.335 39.9718
116.336 39.9715
116.336 39.9714
116.336 39.9713
116.336 39.9712
116.336 39.9711
116.336 39.971
116.336 39.9709
116.336 39.9708
116.336 39.9707
116.337 39.9705
116.337 39.9704
116.337 39.9703
116.337 39.9702
116.337 39.9701
116.337 39.9699
116.337 39.9698
116.337 39.9697
116.337 39.9695
116.338 39.9693
116.338 39.9691
116.338 39.969
116.338 39.9688
116.338 39.9687
116.338 39.9686
116.338 39.9684
116.338 39.9683
116.338 39.9682
116.338 39.9679
116.339 39.9677
116.339 39.9676
116.339 39.9674
116.339 39.9673
116.339 39.9672
116.339 39.9671
116.339 39.9669
116.339 39.9668
116.339 39.9666
116.339 39.9665
116.339 39.9663
116.339 39.9662
116.339 39.9661
116.339 39.966
116.339 39.9659
116.339 39.9659
116.339 39.9658
116.339 39.9656
116.339 39.9655
116.339 39.9655
116.339 39.9654
116.339 39.9653
116.339 39.9653
116.339 39.9652
116.339 39.9651
116.339 39.9651
116.339 39.965
116.339 39.965
116.339 39.9649
116.339 39.9649
116.339 39.9649
116.339 39.9649
116.339 39.9649
116.339 39.9649
116.339 39.9648
116.339 39.9648
116.339 39.9648
116.339 39.9648
116.339 39.9648
116.339 39.9648
116.339 39.9648
116.339 39.9648
116.339 39.9648
116.339 39.9648
116.339 39.9648
116.339 39.9648
116.339 39.9648
116.339 39.9648
116.339 39.9648
116.339 39.9648
116.339 39.9648
116.339 39.9648
116.339 39.9648
116.339 39.9648
116.339 39.9648
116.339 39.9648
116.339 39.9648
116.339 39.9648
116.339 39.9648
116.339 39.9648
116.339 39.9648
116.339 39.9648
116.339 39.9648
116.339 39.9648
116.339 39.9648
116.339 39.9648
116.339 39.9647
116.339 39.9646
116.339 39.9646
116.339 39.9645
116.339 39.9644
116.339 39.9641
116.339 39.9639
116.339 39.9638
116.339 39.9636
116.339 39.9634
116.339 39.9632
116.339 39.963
116.339 39.9628
116.339 39.9626
116.339 39.9622
116.339 39.962
116.339 39.9618
116.339 39.9616
116.34 39.9615
116.34 39.9612
116.34 39.961
116.34 39.9609
116.34 39.9607
116.34 39.9603
116.34 39.9601
116.34 39.96
116.34 39.9598
116.34 39.9596
116.34 39.9595
116.34 39.9593
116.34 39.9591
116.34 39.959
116.341 39.9587
116.341 39.9585
116.341 39.9583
116.341 39.9582
116.341 39.958
116.341 39.9579
116.341 39.9577
116.341 39.9576
116.341 39.9574
116.341 39.9571
116.342 39.9569
116.342 39.9568
116.342 39.9566
116.342 39.9564
116.342 39.9563
116.342 39.9561
116.342 39.956
116.342 39.9558
116.342 39.9555
116.342 39.9553
116.342 39.9552
116.343 39.955
116.343 39.9548
116.343 39.9547
116.343 39.9545
116.343 39.9544
116.343 39.954
116.343 39.9537
116.343 39.9536
116.343 39.9533
116.344 39.9531
116.344 39.953
116.344 39.9528
116.344 39.9525
116.344 39.9523
116.344 39.9521
116.344 39.952
116.344 39.9518
116.344 39.9517
116.344 39.9515
116.345 39.9513
116.345 39.9512
116.345 39.951
116.345 39.9507
116.345 39.9505
116.345 39.9503
116.345 39.9502
116.345 39.95
116.345 39.9498
116.345 39.9496
116.345 39.9494
116.346 39.9493
116.346 39.9489
116.346 39.9488
116.346 39.9486
116.346 39.9484
116.346 39.9483
116.346 39.9481
116.346 39.9479
116.345 39.9478
116.345 39.9477
116.345 39.9474
116.345 39.9473
116.345 39.9472
116.345 39.947
116.345 39.9469
116.345 39.9468
116.345 39.9467
116.345 39.9465
116.345 39.9464
116.345 39.9462
116.345 39.9461
116.345 39.946
116.345 39.9459
116.345 39.9458
116.345 39.9457
116.345 39.9456
116.345 39.9455
116.345 39.9454
116.345 39.9452
116.345 39.9452
116.345 39.9451
116.345 39.945
116.345 39.945
116.345 39.9449
116.345 39.9448
116.345 39.9448
116.345 39.9447
116.345 39.9446
116.345 39.9445
116.345 39.9444
116.345 39.9444
116.345 39.9443
116.346 39.9443
116.346 39.9442
116.346 39.9441
116.346 39.9441
116.346 39.944
116.346 39.9439
116.346 39.9439
116.346 39.9438
116.346 39.9437
116.346 39.9437
116.346 39.9436
116.346 39.9436
116.346 39.9435
116.346 39.9434
116.346 39.9434
116.346 39.9433
116.346 39.9433
116.346 39.9432
116.346 39.9431
116.346 39.9431
116.346 39.943
116.346 39.943
116.346 39.9429
116.346 39.9428
116.346 39.9428
116.346 39.9427
116.346 39.9426
116.346 39.9426
116.346 39.9426
116.346 39.9425
116.346 39.9425
116.346 39.9423
116.346 39.9423
116.346 39.9422
116.346 39.9422
116.346 39.9421
116.346 39.9421
116.346 39.942
116.346 39.942
116.346 39.942
116.346 39.9419
116.346 39.9419
116.346 39.9419
116.346 39.9418
116.346 39.9418
116.347 39.9418
116.347 39.9418
116.347 39.9418
116.347 39.9417
116.347 39.9417
116.347 39.9397
116.347 39.9396
116.347 39.9395
116.347 39.9395
116.347 39.9394
116.347 39.9394
116.347 39.9394
116.347 39.9394
116.347 39.9394
116.347 39.9394
116.347 39.9394
116.347 39.9394
116.347 39.9394
116.347 39.9394
116.347 39.9394
116.347 39.9394
116.347 39.9394
116.347 39.9393
116.347 39.9393
116.347 39.9393
116.347 39.9393
116.347 39.9394
116.347 39.9394
116.347 39.9394
116.347 39.9394
116.348 39.9394
116.348 39.9394
116.348 39.9394
116.348 39.9394
116.348 39.9394
116.348 39.9394
116.348 39.9394
116.348 39.9394
116.348 39.9394
116.348 39.9394
116.348 39.9394
116.348 39.9394
116.348 39.9394
116.348 39.9394
116.348 39.9394
116.348 39.9394
116.348 39.9394
116.348 39.9394
116.348 39.9394
116.348 39.9394
116.348 39.9394
116.348 39.9394
116.348 39.9394
116.348 39.9394
116.348 39.9394
116.348 39.9394
116.348 39.9394
116.348 39.9394
116.348 39.9394
116.348 39.9394
116.348 39.9394
116.348 39.9394
116.348 39.9394
116.348 39.9394
116.348 39.9394
116.367 39.8979
116.367 39.8979
116.367 39.8979
116.367 39.8979
116.367 39.8979
116.367 39.8979
116.367 39.8979
116.367 39.8979
116.367 39.8979
116.367 39.8979
116.367 39.8979
116.367 39.898
116.367 39.898
116.367 39.898
116.367 39.898
116.367 39.898
116.368 39.898
116.368 39.898
116.368 39.898
116.368 39.898
116.368 39.898
116.368 39.898
116.368 39.898
116.368 39.898
116.368 39.898
116.368 39.898
116.368 39.8979
116.368 39.8979
116.368 39.8978
116.368 39.8977
116.368 39.8976
116.368 39.8975
116.368 39.8974
116.368 39.8972
116.368 39.897
116.368 39.8969
116.368 39.8967
116.368 39.8966
116.368 39.8965
116.368 39.8963
116.368 39.8962
116.368 39.896
116.368 39.8957
116.368 39.8956
116.368 39.8955
116.368 39.8953
116.368 39.8952
116.368 39.8951
116.368 39.895
116.368 39.8949
116.368 39.8948
116.368 39.8947
116.368 39.8946
116.368 39.8945
116.368 39.8944
116.368 39.8943
116.368 39.8943
116.368 39.8943
116.368 39.8942
116.368 39.8942
116.368 39.8942
116.368 39.8942
116.368 39.8941
116.368 39.8941
116.368 39.894
116.368 39.894
116.368 39.8939
116.368 39.8939
116.368 39.8939
116.368 39.8938
116.368 39.8938
116.368 39.8937
116.368 39.8937
116.368 39.8937
116.368 39.8936
116.368 39.8936
116.368 39.8936
116.368 39.8935
116.368 39.8934
116.368 39.8934
116.368 39.8933
116.368 39.8932
116.368 39.8931
116.368 39.893
116.368 39.8929
116.368 39.8928
116.368 39.8927
116.368 39.8924
116.368 39.8923
116.368 39.8921
116.368 39.892
116.368 39.8919
116.368 39.8917
116.368 39.8916
116.368 39.8914
116.368 39.8912
116.368 39.8909
116.368 39.8908
116.368 39.8906
116.368 39.8904
116.368 39.8903
116.368 39.8902
116.368 39.8901
116.368 39.89
116.368 39.8899
116.368 39.8898
116.368 39.8898
116.368 39.8898
116.368 39.8897
116.368 39.8897
116.368 39.8896
116.368 39.8896
116.368 39.8895
116.368 39.8894
116.368 39.8893
116.368 39.8892
116.368 39.8891
116.368 39.8891
116.368 39.889
116.368 39.8889
116.368 39.8887
116.368 39.8886
116.368 39.8886
116.368 39.8885
116.368 39.8884
116.368 39.8883
116.368 39.8883
116.368 39.8882
116.368 39.8881
116.368 39.8881
116.368 39.888
116.368 39.8879
116.368 39.8877
116.368 39.8876
116.368 39.8875
116.368 39.8874
116.368 39.8873
116.368 39.8872
116.368 39.8871
116.368 39.887
116.368 39.8869
116.368 39.8866
116.368 39.8865
116.368 39.8864
116.368 39.8862
116.368 39.8861
116.368 39.8859
116.368 39.8858
116.368 39.8856
116.368 39.8855
116.368 39.8852
116.368 39.885
116.368 39.8849
116.368 39.8847
116.368 39.8845
116.368 39.8844
116.368 39.8842
116.368 39.884
116.368 39.8838
116.368 39.8835
116.368 39.8834
116.368 39.8832
116.368 39.8831
116.368 39.883
116.368 39.883
116.368 39.8829
116.368 39.8828
116.368 39.8828
116.368 39.8827
116.368 39.8827
116.368 39.8827
116.368 39.8827
116.368 39.8827
116.368 39.8827
116.368 39.8827
116.368 39.8827
116.368 39.8827
116.368 39.8827
116.368 39.8827
116.368 39.8827
116.368 39.8827
116.368 39.8827
116.368 39.8827
116.368 39.8827
116.368 39.8827
116.368 39.8827
116.368 39.8827
116.368 39.8827
116.368 39.8827
116.368 39.8827
116.368 39.8827
116.368 39.8827
116.368 39.8827
116.368 39.8827
116.368 39.8827
116.368 39.8827
116.368 39.8827
116.368 39.8827
116.368 39.8827
116.368 39.8827
116.368 39.8827
116.368 39.8827
116.368 39.8827
116.368 39.8826
116.368 39.8826
116.368 39.8825
116.368 39.8824
116.368 39.8824
116.368 39.8823
116.368 39.8822
116.368 39.8821
116.368 39.8821
116.368 39.882
116.368 39.8818
116.368 39.8817
116.368 39.8816
116.368 39.8815
116.368 39.8814
116.368 39.8813
116.368 39.8812
116.368 39.8811
116.368 39.881
116.368 39.8808
116.368 39.8806
116.368 39.8805
116.368 39.8804
116.368 39.8802
116.368 39.8801
116.368 39.88
116.368 39.8798
116.368 39.8797
116.368 39.8794
116.368 39.8792
116.368 39.879
116.368 39.8789
116.368 39.8788
116.368 39.8787
116.368 39.8786
116.368 39.8786
116.368 39.8785
116.368 39.8784
116.368 39.8784
116.368 39.8783
116.368 39.8783
116.368 39.8782
116.368 39.8782
116.368 39.8781
116.368 39.8781
116.368 39.878
116.368 39.8779
116.368 39.8778
116.368 39.8777
116.368 39.8777
116.368 39.8776
116.368 39.8775
116.368 39.8775
116.368 39.8774
116.368 39.8773
116.368 39.8772
116.368 39.8771
116.368 39.877
116.368 39.8769
116.368 39.8768
116.368 39.8766
116.368 39.8765
116.368 39.8764
116.368 39.8763
116.368 39.876
116.368 39.8759
116.368 39.8758
116.368 39.8756
116.368 39.8755
116.368 39.8754
116.368 39.8752
116.368 39.8751
116.368 39.8749
116.368 39.8746
116.368 39.8745
116.368 39.8743
116.368 39.8742
116.368 39.874
116.368 39.8738
116.368 39.8737
116.368 39.8735
116.368 39.8733
116.368 39.8729
116.368 39.8728
116.368 39.8726
116.368 39.8724
116.368 39.8722
116.368 39.8721
116.368 39.8719
116.368 39.8717
116.368 39.8716
116.368 39.8713
116.368 39.8711
116.368 39.871
116.368 39.8709
116.368 39.8707
116.368 39.8706
116.368 39.8705
116.368 39.8704
116.368 39.8702
116.368 39.8701
116.368 39.87
116.368 39.87
116.368 39.8697
116.368 39.8696
116.368 39.8694
116.368 39.8693
116.368 39.8692
116.368 39.8691
116.368 39.869
116.368 39.8689
116.368 39.8688
116.368 39.8687
116.368 39.8686
116.368 39.8683
116.368 39.8682
116.368 39.8681
116.368 39.868
116.368 39.8678
116.368 39.8677
116.368 39.8676
116.368 39.8675
116.368 39.8674
116.368 39.8673
116.368 39.8672
116.368 39.8671
116.368 39.867
116.368 39.8669
116.368 39.8668
116.368 39.8667
116.368 39.8667
116.368 39.8666
116.368 39.8666
116.368 39.8666
116.368 39.8665
116.368 39.8665
116.368 39.8666
116.368 39.8666
116.368 39.8666
116.368 39.8666
116.368 39.8666
116.368 39.8666
116.368 39.8666
116.368 39.8666
116.368 39.8666
116.368 39.8666
116.368 39.8666
116.368 39.8666
116.368 39.8666
116.368 39.8666
116.368 39.8666
116.368 39.8666
116.368 39.8666
116.368 39.8666
116.368 39.8666
116.368 39.8666
116.368 39.8666
116.368 39.8665
116.368 39.8665
116.368 39.8665
116.368 39.8664
116.368 39.8663
116.368 39.8663
116.368 39.8662
116.368 39.8661
116.368 39.866
116.368 39.8659
116.368 39.8658
116.368 39.8656
116.368 39.8654
116.368 39.8653
116.368 39.8652
116.368 39.8651
116.368 39.865
116.368 39.8649
116.368 39.8649
116.368 39.8649
116.368 39.8649
116.368 39.8649
116.368 39.8649
116.368 39.8649
116.368 39.8649
116.368 39.8649
116.368 39.8649
116.368 39.8649
116.368 39.8649
116.368 39.8648
116.368 39.8648
116.368 39.8648
116.368 39.8648
116.368 39.8648
116.368 39.8648
116.368 39.8648
116.368 39.8648
116.368 39.8648
116.368 39.8648
116.368 39.8648
116.368 39.8648
116.368 39.8648
116.368 39.8648
116.368 39.8648
116.368 39.8648
116.368 39.8648
116.368 39.8648
116.368 39.8648
116.368 39.8647
116.368 39.8647
116.368 39.8646
116.368 39.8646
116.368 39.8645
116.368 39.8644
116.368 39.8643
116.368 39.8642
116.368 39.8641
116.368 39.864
116.368 39.8639
116.368 39.8639
116.368 39.8638
116.368 39.8638
116.368 39.8638
116.368 39.8638
116.368 39.8638
116.368 39.8638
116.368 39.8638
116.368 39.8638
116.368 39.8638
116.368 39.8638
116.368 39.8638
116.368 39.8638
116.368 39.8638
116.368 39.8638
116.368 39.8638
116.368 39.8638
116.368 39.8638
116.368 39.8638
116.368 39.8638
116.368 39.8638
116.368 39.8638
116.368 39.8638
116.368 39.8637
116.368 39.8637
116.368 39.8636
116.368 39.8636
116.368 39.8635
116.368 39.8635
116.368 39.8634
116.368 39.8634
116.368 39.8633
116.368 39.8633
116.368 39.8632
116.368 39.8632
116.368 39.8632
116.368 39.8631
116.369 39.8631
116.369 39.8631
116.369 39.8631
116.369 39.863
116.369 39.863
116.369 39.863
116.369 39.8631
116.37 39.8631
116.37 39.8632
116.37 39.8633
116.37 39.8634
116.37 39.8635
116.37 39.8636
116.37 39.8637
116.37 39.8638
116.37 39.8639
116.369 39.8639
116.369 39.864
116.369 39.864
116.369 39.8641
116.369 39.8641
116.369 39.8642
116.369 39.8642
116.368 39.8641
116.368 39.8641
116.368 39.864
116.368 39.864
116.368 39.8639
116.368 39.8638
116.368 39.8637
116.368 39.8636
116.368 39.8635
116.368 39.8634
116.368 39.8633
116.369 39.8633
116.369 39.8633
116.369 39.8633
116.369 39.8633
116.369 39.8632
116.369 39.8632
116.369 39.8632
116.369 39.8632
116.37 39.8632
116.37 39.8632
116.37 39.8631
116.37 39.8631
116.37 39.863
116.37 39.863
116.37 39.8629
116.37 39.8628
116.37 39.8626
116.37 39.8625
116.37 39.8624
116.37 39.8623
116.37 39.8622
116.371 39.8622
116.371 39.8621
116.371 39.862
116.371 39.8619
116.371 39.8618
116.371 39.8618
116.371 39.8617
116.371 39.8617
116.372 39.8617
116.372 39.8616
116.372 39.8617
116.372 39.8617
116.372 39.8616
116.372 39.8617
116.372 39.8617
116.372 39.8617
116.373 39.8617
116.373 39.8618
116.373 39.8618
116.373 39.8619
116.373 39.8619
116.373 39.862
116.373 39.8621
116.373 39.8621
116.373 39.8622
116.373 39.8622
116.373 39.8623
116.373 39.8624
116.373 39.8624
116.373 39.8624
116.373 39.8624
116.372 39.8625
116.372 39.8625
116.372 39.8626
116.372 39.8626
116.372 39.8627
116.372 39.8627
116.372 39.8628
116.372 39.8628
116.372 39.8628
116.376 39.8643
116.376 39.8644
116.376 39.8645
116.376 39.8646
116.376 39.8647
116.377 39.8648
116.377 39.8649
116.377 39.865
116.377 39.8652
116.377 39.8652
116.378 39.8653
116.378 39.8654
116.378 39.8655
116.378 39.8655
116.378 39.8656
116.378 39.8656
116.379 39.8656
116.379 39.8657
116.379 39.8658
116.379 39.8658
116.38 39.8658
116.38 39.8659
116.38 39.8659
116.38 39.8659
116.38 39.8659
116.38 39.866
116.381 39.866
116.381 39.866
116.381 39.8661
116.381 39.8661
116.382 39.8661
116.382 39.8661
116.382 39.8661
116.382 39.8662
116.382 39.8662
116.383 39.8662
116.383 39.8663
116.383 39.8663
116.383 39.8663
116.383 39.8664
116.384 39.8664
116.384 39.8665
116.384 39.8665
116.384 39.8665
116.385 39.8666
116.385 39.8666
116.385 39.8666
116.385 39.8666
116.385 39.8667
116.386 39.8667
116.386 39.8667
116.386 39.8667
116.386 39.8668
116.387 39.8668
116.387 39.8668
116.387 39.8669
116.387 39.8669
116.388 39.8669
116.388 39.867
116.388 39.867
116.389 39.867
116.389 39.8671
116.389 39.8672
116.39 39.8672
116.39 39.8673
116.39 39.8674
116.391 39.8674
116.391 39.8675
116.391 39.8676
116.392 39.8677
116.392 39.8677
116.393 39.8678
116.393 39.8679
116.394 39.8679
116.394 39.868
116.394 39.868
116.395 39.8681
116.395 39.8682
116.396 39.8682
116.396 39.8683
116.397 39.8684
116.397 39.8685
116.398 39.8685
116.398 39.8686
116.399 39.8687
116.399 39.8688
116.399 39.8688
116.4 39.8689
116.4 39.869
116.401 39.8691
116.402 39.8692
116.402 39.8693
116.403 39.8693
116.403 39.8694
116.404 39.8695
116.404 39.8696
116.405 39.8696
116.405 39.8697
116.406 39.8698
116.407 39.8699
116.407 39.8699
116.408 39.87
116.408 39.87
116.409 39.8701
116.409 39.8701
116.41 39.8702
116.41 39.8702
116.411 39.8703
116.412 39.8704
116.412 39.8704
116.413 39.8705
116.413 39.8705
116.414 39.8705
116.414 39.8706
116.415 39.8706
116.415 39.8707
116.416 39.8708
116.417 39.8708
116.417 39.8708
116.418 39.8708
116.418 39.8709
116.419 39.8709
116.419 39.8709
116.42 39.8709
116.42 39.8709
116.421 39.8708
116.422 39.8708
116.422 39.8708
116.423 39.8708
116.423 39.8707
116.424 39.8707
116.424 39.8707
116.425 39.8706
116.425 39.8706
116.426 39.8705
116.427 39.8705
116.427 39.8705
116.428 39.8704
116.428 39.8704
116.429 39.8704
116.429 39.8703
116.43 39.8703
116.43 39.8703
116.432 39.8702
116.432 39.8701
116.433 39.8701
116.433 39.87
116.434 39.8699
116.434 39.8699
116.435 39.8698
116.435 39.8697
116.436 39.8696
116.437 39.8693
116.438 39.8692
116.438 39.869
116.439 39.8689
116.439 39.8687
116.44 39.8685
116.44 39.8683
116.441 39.8682
116.442 39.868
116.443 39.8676
116.443 39.8673
116.444 39.8671
116.444 39.8669
116.445 39.8666
116.445 39.8663
116.446 39.8661
116.446 39.8658
116.447 39.8655
116.448 39.8648
116.448 39.8645
116.449 39.8642
116.449 39.8638
116.45 39.8634
116.45 39.8631
116.451 39.8627
116.451 39.8624
116.452 39.862
116.453 39.8614
116.453 39.861
116.454 39.8607
116.454 39.8603
116.455 39.86
116.455 39.8596
116.455 39.8593
116.456 39.859
116.456 39.8586
116.457 39.8579
116.458 39.8576
116.458 39.8572
116.459 39.8569
116.459 39.8565
116.46 39.8561
116.46 39.8558
116.461 39.8554
116.461 39.8551
116.462 39.8544
116.463 39.854
116.464 39.8536
116.464 39.8533
116.465 39.8529
116.465 39.8525
116.466 39.8522
116.466 39.8518
116.467 39.8514
116.468 39.8507
116.468 39.8503
116.469 39.8499
116.469 39.8495
116.47 39.8491
116.471 39.8487
116.471 39.8484
116.472 39.848
116.472 39.8476
116.473 39.8468
116.474 39.8464
116.474 39.846
116.475 39.8456
116.476 39.8452
116.476 39.8448
116.477 39.8444
116.477 39.844
116.478 39.8437
116.479 39.8429
116.479 39.8425
116.48 39.842
116.481 39.8416
116.481 39.8412
116.482 39.8408
116.482 39.8405
116.483 39.8401
117.161 39.221
117.161 39.2205
117.162 39.2199
117.162 39.2194
117.163 39.2189
117.163 39.2179
117.164 39.2174
117.164 39.2168
117.164 39.2163
117.165 39.2158
117.165 39.2153
117.166 39.2149
117.166 39.2144
117.166 39.2139
117.167 39.2129
117.167 39.2125
117.168 39.212
117.168 39.2115
117.168 39.211
117.169 39.2106
117.169 39.2101
117.169 39.2097
117.17 39.2092
117.17 39.2084
117.171 39.2079
117.171 39.2075
117.171 39.207
117.172 39.2066
117.172 39.2062
117.172 39.2057
117.172 39.2053
117.173 39.2049
117.173 39.2041
117.174 39.2036
117.174 39.2032
117.174 39.2028
117.175 39.2024
117.175 39.202
117.175 39.2017
117.176 39.2013
117.176 39.2009
117.177 39.2001
117.177 39.1997
117.177 39.1994
117.178 39.199
117.178 39.1987
117.178 39.1983
117.179 39.198
117.179 39.1976
117.179 39.1973
117.18 39.1966
117.18 39.1963
117.181 39.196
117.181 39.1957
117.181 39.1954
117.182 39.1951
117.182 39.1948
117.182 39.1945
117.183 39.1942
117.183 39.1937
117.184 39.1934
117.184 39.1931
117.184 39.1928
117.185 39.1925
117.185 39.1922
117.185 39.1919
117.186 39.1917
117.186 39.1914
117.187 39.1908
117.187 39.1905
117.187 39.1902
117.188 39.1899
117.188 39.1896
117.188 39.1894
117.189 39.1891
117.189 39.1888
117.189 39.1885
117.19 39.1879
117.19 39.1877
117.191 39.1874
117.191 39.1871
117.191 39.1868
117.192 39.1866
117.192 39.1863
117.192 39.186
117.192 39.1857
117.193 39.1851
117.193 39.1848
117.193 39.1845
117.194 39.1842
117.194 39.1839
117.194 39.1835
117.194 39.1832
117.194 39.1828
117.195 39.1825
117.195 39.1817
117.195 39.1813
117.195 39.181
117.195 39.1806
117.196 39.1803
117.196 39.1799
117.196 39.1796
117.196 39.1793
117.196 39.1789
117.197 39.1783
117.197 39.1779
117.197 39.1776
117.197 39.1773
117.197 39.1769
117.198 39.1766
117.198 39.1763
117.198 39.176
117.198 39.1757
117.199 39.1751
117.199 39.1748
117.2 39.1745
117.2 39.1742
117.2 39.1739
117.2 39.1736
117.201 39.1733
117.201 39.173
117.201 39.1728
117.202 39.1722
117.202 39.1719
117.202 39.1717
117.202 39.1714
117.203 39.1711
117.203 39.1708
117.203 39.1705
117.203 39.1701
117.203 39.1698
117.203 39.1692
117.204 39.1689
117.204 39.1686
117.204 39.1683
117.204 39.1679
117.204 39.1676
117.204 39.1673
117.204 39.167
117.204 39.1667
117.204 39.166
117.204 39.1657
117.204 39.1654
117.204 39.1651
117.204 39.1648
117.205 39.1645
117.205 39.1642
117.205 39.1639
117.205 39.1636
117.205 39.163
117.205 39.1627
117.205 39.1624
117.205 39.1621
117.205 39.1618
117.205 39.1615
117.205 39.1612
117.205 39.161
117.205 39.1607
117.206 39.1601
117.206 39.1599
117.206 39.1596
117.206 39.1594
117.206 39.1592
117.206 39.1589
117.206 39.1587
117.206 39.1585
117.206 39.1583
117.206 39.1578
117.206 39.1576
117.206 39.1574
117.207 39.1572
117.207 39.157
117.207 39.1568
117.207 39.1567
117.207 39.1565
117.207 39.1563
117.207 39.1559
117.207 39.1557
117.207 39.1556
117.207 39.1554
117.207 39.1552
117.207 39.155
117.208 39.1548
117.208 39.1546
117.208 39.1544
117.208 39.1541
117.208 39.1539
117.208 39.1537
117.208 39.1536
117.208 39.1534
117.208 39.1532
117.208 39.1531
117.208 39.1529
117.208 39.1527
117.209 39.1524
117.209 39.1522
117.209 39.1521
117.209 39.1519
117.209 39.1517
117.209 39.1516
117.209 39.1514
117.209 39.1513
117.209 39.1511
117.209 39.1508
117.209 39.1506
117.209 39.1504
117.209 39.1503
117.209 39.1501
117.209 39.1499
117.21 39.1498
117.21 39.1497
117.21 39.1495
117.21 39.1492
117.21 39.1491
117.209 39.1489
117.209 39.1488
117.209 39.1487
117.209 39.1485
117.209 39.1484
117.209 39.1483
117.209 39.1482
117.209 39.148
117.209 39.1478
117.209 39.1477
117.209 39.1476
117.209 39.1475
117.209 39.1474
117.209 39.1474
117.209 39.1473
117.208 39.1472
117.208 39.147
117.208 39.1469
117.208 39.1469
117.208 39.1468
117.208 39.1467
117.208 39.1466
117.208 39.1466
117.208 39.1465
117.207 39.1465
117.207 39.1464
117.207 39.1463
117.207 39.1463
117.207 39.1462
117.207 39.1462
117.207 39.1461
117.206 39.1461
117.206 39.146
117.206 39.146
117.206 39.1459
117.206 39.1459
117.206 39.1459
117.206 39.1458
117.205 39.1458
117.205 39.1458
117.205 39.1457
117.205 39.1457
117.205 39.1456
117.205 39.1456
117.205 39.1455
117.204 39.1455
117.204 39.1454
117.204 39.1454
117.204 39.1454
117.204 39.1453
117.204 39.1453
117.204 39.1452
117.203 39.1452
117.203 39.1451
117.203 39.1451
117.203 39.145
117.203 39.145
117.203 39.145
117.203 39.1449
117.203 39.1449
117.202 39.1448
117.202 39.1448
117.202 39.1447
117.202 39.1447
117.202 39.1447
117.202 39.1446
117.202 39.1446
117.201 39.1446
117.201 39.1445
117.201 39.1445
117.201 39.1444
117.201 39.1443
117.201 39.1443
117.201 39.1442
117.2 39.1442
117.2 39.1441
117.2 39.1441
117.2 39.144
117.2 39.1439
117.2 39.1438
117.2 39.1437
117.199 39.1437
117.199 39.1436
117.199 39.1435
117.199 39.1434
117.199 39.1433
117.199 39.1433
117.199 39.1432
117.199 39.143
117.199 39.1429
117.199 39.1428
117.199 39.1427
117.199 39.1426
117.198 39.1425
117.198 39.1424
117.198 39.1423
117.198 39.1423
117.198 39.142
117.198 39.1419
117.198 39.1418
117.198 39.1417
117.198 39.1416
117.198 39.1415
117.198 39.1414
117.198 39.1413
117.198 39.1412
117.198 39.141
117.198 39.1409
117.198 39.1408
117.198 39.1407
117.198 39.1406
117.198 39.1405
117.198 39.1404
117.198 39.1403
117.198 39.1402
117.198 39.1399
117.198 39.1399
117.199 39.1397
117.199 39.1396
117.199 39.1396
117.199 39.1394
117.199 39.1394
117.199 39.1393
117.199 39.139
117.199 39.1389
117.199 39.1388
117.199 39.1388
117.199 39.1387
117.199 39.1386
117.2 39.1385
117.2 39.1385
117.2 39.1384
117.2 39.1383
117.2 39.1382
117.2 39.1381
117.2 39.138
117.2 39.138
117.2 39.1379
117.201 39.1378
117.201 39.1378
117.201 39.1377
117.201 39.1376
117.201 39.1375
117.201 39.1374
117.201 39.1374
117.201 39.1373
117.202 39.1372
117.202 39.1372
117.202 39.1371
117.202 39.1371
117.202 39.137
117.202 39.1369
117.202 39.1369
117.202 39.1368
117.203 39.1368
117.203 39.1367
117.203 39.1367
117.203 39.1367
117.203 39.1366
117.203 39.1366
117.203 39.1365
117.203 39.1365
117.204 39.1365
117.204 39.1364
117.204 39.1364
117.2 39.1363
117.2 39.1363
117.2 39.1363
117.2 39.1363
117.2 39.1364
117.2 39.1364
117.2 39.1365
117.2 39.1365
117.2 39.1366
117.2 39.1367
117.2 39.1367
117.2 39.1368
117.199 39.1369
117.199 39.1369
117.199 39.137
117.199 39.137
117.199 39.1371
117.199 39.1371
117.199 39.1372
117.199 39.1372
117.199 39.1373
117.199 39.1373
117.199 39.1374
117.199 39.1374
117.199 39.1375
117.199 39.1376
117.198 39.1376
117.198 39.1377
117.198 39.1378
117.198 39.1378
117.198 39.1379
117.198 39.1379
117.198 39.138
117.198 39.138
117.198 39.1381
117.198 39.1381
117.198 39.1382
117.198 39.1382
117.198 39.1383
117.198 39.1383
117.198 39.1383
117.198 39.1384
117.198 39.1384
117.198 39.1385
117.198 39.1385
117.198 39.1386
117.197 39.1387
117.197 39.1387
117.197 39.1388
117.197 39.1389
117.197 39.1389
117.197 39.139
117.197 39.139
117.197 39.1391
117.197 39.1392
117.197 39.1393
117.197 39.1393
117.197 39.1394
117.197 39.1394
117.197 39.1395
117.197 39.1396
117.197 39.1396
117.197 39.1397
117.197 39.1398
117.197 39.1399
117.197 39.14
117.197 39.14
117.197 39.1401
117.197 39.1402
117.197 39.1402
117.197 39.1403
117.197 39.1403
117.197 39.1405
117.197 39.1406
117.197 39.1406
117.197 39.1407
117.197 39.1408
117.197 39.1409
117.197 39.1409
117.197 39.141
117.197 39.1411
117.198 39.1413
117.198 39.1414
117.198 39.1414
117.198 39.1415
117.2 39.1443
117.2 39.1444
117.2 39.1444
117.2 39.1445
117.201 39.1446
117.201 39.1447
117.201 39.1447
117.201 39.1448
117.201 39.1449
117.202 39.1449
117.202 39.145
117.202 39.1451
117.202 39.1451
117.202 39.1452
117.202 39.1452
117.202 39.1453
117.202 39.1454
117.203 39.1455
117.203 39.1455
117.203 39.1456
117.203 39.1456
117.203 39.1457
117.203 39.1457
117.203 39.1458
117.204 39.1458
117.204 39.1458
117.204 39.1459
117.204 39.1459
117.204 39.146
117.204 39.146
117.205 39.1461
117.205 39.1461
117.205 39.1461
117.205 39.1462
117.205 39.1463
117.205 39.1463
117.206 39.1464
117.206 39.1464
117.206 39.1465
117.206 39.1465
117.206 39.1466
117.206 39.1466
117.206 39.1467
117.207 39.1467
117.207 39.1468
117.207 39.1468
117.207 39.1469
117.207 39.1469
117.207 39.147
117.208 39.147
117.208 39.1471
117.208 39.1471
117.208 39.1473
117.208 39.1473
117.208 39.1474
117.208 39.1475
117.208 39.1475
117.209 39.1476
117.209 39.1477
117.209 39.1478
117.209 39.1479
117.209 39.1481
117.209 39.1482
117.209 39.1483
117.209 39.1484
117.209 39.1485
117.209 39.1486
117.209 39.1487
117.209 39.1488
117.209 39.1489
117.209 39.1492
117.209 39.1493
117.209 39.1494
117.209 39.1495
117.209 39.1496
117.209 39.1497
117.209 39.1498
117.209 39.1499
117.209 39.1501
117.209 39.1503
117.209 39.1504
117.209 39.1505
117.209 39.1506
117.209 39.1507
117.209 39.1507
117.209 39.1508
117.209 39.1509
117.209 39.151
117.209 39.1512
117.208 39.1513
117.208 39.1514
117.208 39.1515
117.208 39.1516
117.208 39.1517
117.208 39.1518
117.208 39.1518
117.208 39.1519
117.208 39.1521
117.208 39.1522
117.208 39.1523
117.208 39.1524
117.208 39.1525
117.208 39.1526
117.208 39.1527
117.208 39.1527
117.208 39.1528
117.208 39.153
117.208 39.1531
117.208 39.1532
117.208 39.1533
117.208 39.1533
117.208 39.1534
117.208 39.1535
117.208 39.1536
117.208 39.1537
117.207 39.1539
117.207 39.1539
117.207 39.154
117.207 39.1541
117.207 39.1542
117.207 39.1543
117.207 39.1544
117.207 39.1551
117.207 39.1552
117.207 39.1553
117.207 39.1554
117.207 39.1554
117.207 39.1556
117.207 39.156
117.206 39.1561
117.204 39.1632
117.204 39.1633
117.204 39.1634
117.204 39.1635
117.204 39.1635
117.204 39.1636
117.204 39.1637
117.204 39.1638
117.204 39.1639
117.204 39.164
117.204 39.1641
117.204 39.1641
117.204 39.1642
117.204 39.1643
117.204 39.1643
117.204 39.1644
117.204 39.1644
117.204 39.1645
117.204 39.1646
117.204 39.1647
117.204 39.1647
117.204 39.1647
117.204 39.1648
117.204 39.1648
117.204 39.1648
117.204 39.1649
117.204 39.1649
117.204 39.165
117.204 39.165
117.204 39.165
117.204 39.165
117.204 39.1649
117.204 39.1649
117.204 39.1649
117.204 39.1649
117.204 39.1649
117.204 39.1648
117.204 39.1648
117.204 39.1648
117.204 39.1647
117.204 39.1647
117.204 39.1647
117.204 39.1647
117.204 39.1647
117.204 39.1646
117.204 39.1646
117.204 39.1646
117.204 39.1646
117.204 39.1646
117.204 39.1646
117.204 39.1645
117.204 39.1645
117.204 39.1645
117.204 39.1645
117.204 39.1645
117.204 39.1645
117.204 39.1645
117.204 39.1645
117.204 39.1645
117.204 39.1644
117.204 39.1642
117.204 39.1641
117.204 39.1641
117.204 39.1641
117.204 39.164
117.204 39.164
117.204 39.164
117.204 39.164
117.204 39.164
117.204 39.164
117.204 39.164
117.204 39.164
117.204 39.164
117.204 39.164
117.204 39.164
117.204 39.164
117.204 39.164
117.204 39.1639
117.204 39.1639
117.204 39.1639
117.204 39.1639
117.204 39.1639
117.204 39.1639
117.204 39.1639
117.204 39.1639
117.204 39.1639
117.204 39.1639
117.204 39.1639
117.204 39.1639
117.204 39.1639
117.204 39.1639
117.204 39.1639
117.204 39.1639
117.204 39.1639
117.204 39.1639
117.204 39.1639
117.204 39.1639
117.204 39.1639
117.204 39.1639
117.204 39.1639
117.204 39.1639
117.204 39.1639
117.204 39.1639
117.204 39.1639
117.204 39.164
117.204 39.164
117.204 39.164
117.204 39.164
117.204 39.164
117.204 39.164
117.204 39.164
117.204 39.164
117.204 39.164
117.204 39.164
117.204 39.164
117.204 39.164
117.204 39.164
117.204 39.1641
117.204 39.1641
117.204 39.1642
117.204 39.1642
117.204 39.1642
117.204 39.1642
117.204 39.1642
117.204 39.1642
117.204 39.1642
117.204 39.1642
117.204 39.1642
117.204 39.1642
117.204 39.1642
117.204 39.1643
117.204 39.1643
117.204 39.1643
117.204 39.1643
117.204 39.1643
117.204 39.1644
117.204 39.1644
117.204 39.1644
117.204 39.1644
117.204 39.1644
117.204 39.1644
117.204 39.1644
117.204 39.1645
117.204 39.1645
117.204 39.1645
117.204 39.1645
117.204 39.1645
117.204 39.1645
117.204 39.1646
117.204 39.1646
117.204 39.1646
117.204 39.1646
117.204 39.1646
117.204 39.1646
117.204 39.1647
117.204 39.1646
117.204 39.1647
117.204 39.1647
117.204 39.1647
117.204 39.1647
117.204 39.1647
117.204 39.1647
117.204 39.1648
117.204 39.1648
117.204 39.1648
117.204 39.1649
117.204 39.1649
117.204 39.1649
117.204 39.1649
117.204 39.1649
117.204 39.165
117.204 39.165
117.204 39.165
117.204 39.1649
117.204 39.165
117.204 39.165
117.204 39.165
117.204 39.165
117.204 39.165
117.204 39.165
117.204 39.165
117.203 39.165
117.203 39.165
117.203 39.165
117.203 39.165
117.203 39.165
117.203 39.165
117.203 39.165
117.203 39.165
117.203 39.165
117.203 39.165
117.203 39.165
117.203 39.165
117.203 39.165
117.203 39.165
117.203 39.165
117.203 39.165
117.203 39.165
117.203 39.165
117.203 39.165
117.203 39.165
117.203 39.165
117.203 39.165
117.203 39.165
117.203 39.1649
117.203 39.1649
117.203 39.1649
117.203 39.1649
117.203 39.1649
117.203 39.1649
117.203 39.1649
117.203 39.1649
117.203 39.1649
117.203 39.1649
117.203 39.1648
117.203 39.1648
117.203 39.1648
117.203 39.1648
117.203 39.1648
117.203 39.1648
117.203 39.1648
117.203 39.1648
117.203 39.1648
117.203 39.1648
117.203 39.1648
117.203 39.1648
117.203 39.1648
117.203 39.1648
117.203 39.1648
117.203 39.1648
117.203 39.1648
117.203 39.1648
117.203 39.1648
117.203 39.1648
117.203 39.1648
117.202 39.1647
117.202 39.1647
117.202 39.1647
117.202 39.1647
117.202 39.1647
117.202 39.1646
117.202 39.1646
117.202 39.1646
117.202 39.1645
117.202 39.1645
117.202 39.1645
117.202 39.1644
117.202 39.1644
117.202 39.1644
117.202 39.1643
117.202 39.1643
117.202 39.1642
117.202 39.1642
117.202 39.1641
117.201 39.1641
117.201 39.1641
117.201 39.1639
117.201 39.1639
117.201 39.1639
117.201 39.1638
117.201 39.1638
117.201 39.1637
117.201 39.1637
117.201 39.1637
117.201 39.1636
117.201 39.1636
117.201 39.1636
117.201 39.1636
117.201 39.1635
117.2 39.1635
117.2 39.1634
117.2 39.1634
117.2 39.1634
117.2 39.1633
117.2 39.1633
117.2 39.1632
117.2 39.1632
117.2 39.1631
117.2 39.163
117.2 39.163
117.2 39.1629
117.2 39.1629
117.2 39.1628
117.199 39.1627
117.199 39.1626
117.199 39.1626
117.199 39.1625
117.199 39.1624
117.199 39.1624
117.199 39.1623
117.199 39.1623
117.199 39.1622
117.199 39.1621
117.199 39.1621
117.199 39.1621
117.199 39.162
117.199 39.162
117.199 39.1619
117.199 39.1619
117.199 39.1618
117.199 39.1618
117.199 39.1617
117.199 39.1617
117.199 39.1616
117.199 39.1616
117.199 39.1615
117.199 39.1614
117.199 39.1614
117.199 39.1613
117.199 39.1612
117.199 39.1611
117.199 39.161
117.199 39.1609
117.199 39.1608
117.199 39.1608
117.199 39.1607
117.199 39.1606
117.199 39.1606
117.199 39.1605
117.199 39.1603
117.199 39.1602
117.199 39.1601
117.199 39.16
117.199 39.16
117.2 39.1599
117.2 39.1598
117.2 39.1597
117.2 39.1596
117.2 39.1594
117.2 39.1593
117.2 39.1592
117.2 39.1591
117.2 39.159
117.2 39.1589
117.2 39.1587
117.2 39.1586
117.2 39.1585
117.2 39.1583
117.2 39.1583
117.2 39.1581
117.2 39.1581
117.2 39.158
117.2 39.1579
117.2 39.1578
117.2 39.1577
117.2 39.1576
117.201 39.1574
117.201 39.1573
117.201 39.1572
117.201 39.1571
117.201 39.157
117.201 39.157
117.201 39.1569
117.201 39.1568
117.201 39.1568
117.201 39.1567
117.201 39.1567
117.201 39.1567
117.201 39.1567
117.201 39.1567
117.201 39.1567
117.201 39.1567
117.201 39.1567
117.201 39.1567
117.201 39.1567
117.201 39.1567
117.201 39.1567
117.201 39.1567
117.201 39.1566
117.201 39.1566
117.201 39.1565
117.201 39.1565
117.201 39.1564
117.201 39.1563
117.201 39.1562
117.201 39.1562
117.201 39.1561
117.201 39.156
117.201 39.1559
117.201 39.1558
117.201 39.1558
117.201 39.1557
117.201 39.1555
117.201 39.1555
117.201 39.1554
117.201 39.1554
117.201 39.1554
117.201 39.1554
117.201 39.1553
117.201 39.1553
117.201 39.1553
117.201 39.1553
117.201 39.1552
117.201 39.1552
117.201 39.1552
117.202 39.1551
117.202 39.1551
117.202 39.155
117.202 39.155
117.202 39.1549
117.202 39.1548
117.202 39.1547
117.202 39.1546
117.202 39.1545
117.202 39.1544
117.202 39.1543
117.202 39.1543
117.202 39.1542
117.202 39.1541
117.202 39.154
117.202 39.1539
117.202 39.1538
117.202 39.1537
117.202 39.1537
117.202 39.1536
117.202 39.1535
117.202 39.1534
117.202 39.1532
117.202 39.1531
117.202 39.153
117.202 39.1529
117.202 39.1528
117.202 39.1527
117.203 39.1526
117.203 39.1524
117.203 39.1523
117.203 39.1521
117.203 39.152
117.203 39.1518
117.203 39.1517
117.203 39.1516
117.203 39.1515
117.203 39.1514
117.203 39.1513
117.203 39.1512
117.203 39.1509
117.203 39.1508
117.203 39.1507
117.203 39.1506
117.203 39.1505
117.203 39.1504
117.203 39.1503
117.203 39.1502
117.204 39.1501
117.204 39.1498
117.204 39.1497
117.204 39.1496
117.204 39.1495
117.204 39.1494
117.204 39.1493
117.204 39.1492
117.204 39.1491
117.204 39.149
117.204 39.1489
117.204 39.1487
117.204 39.1487
117.204 39.1486
117.204 39.1485
117.204 39.1484
117.204 39.1483
117.204 39.1483
117.204 39.1482
117.204 39.1482
117.204 39.1481
117.204 39.1481
117.204 39.1481
117.204 39.1481
117.204 39.1481
117.204 39.1481
117.204 39.1481
117.204 39.1481
117.204 39.1481
117.204 39.1481
117.204 39.1481
117.204 39.1481
117.204 39.1481
117.204 39.148
117.204 39.148
117.204 39.148
117.204 39.1479
117.204 39.1479
117.204 39.1478
117.204 39.1478
117.204 39.1477
117.204 39.1477
117.204 39.1476
117.204 39.1476
117.205 39.1475
117.205 39.1475
117.205 39.1474
117.205 39.1473
117.205 39.1473
117.205 39.1472
117.205 39.1472
117.205 39.1471
117.205 39.1471
117.205 39.147
117.205 39.1469
117.205 39.1468
117.205 39.1467
117.205 39.1466
117.205 39.1465
117.205 39.1465
117.206 39.1464
117.206 39.1463
117.206 39.1462
117.206 39.1461
117.206 39.146
117.206 39.1459
117.206 39.1458
117.206 39.1458
117.206 39.1457
117.206 39.1456
117.206 39.1456
117.206 39.1455
117.206 39.1454
117.206 39.1453
117.207 39.1452
117.207 39.1452
117.207 39.1451
117.207 39.145
117.207 39.1449
117.207 39.1448
117.207 39.1448
117.207 39.1447
117.207 39.1445
117.207 39.1444
117.207 39.1443
117.207 39.1443
117.207 39.1442
117.208 39.1441
117.208 39.144
117.208 39.1439
117.208 39.1439
117.208 39.1437
117.208 39.1437
117.208 39.1436
117.208 39.1436
117.208 39.1435
117.208 39.1435
117.208 39.1435
117.208 39.1434
117.208 39.1434
117.208 39.1434
117.208 39.1434
117.208 39.1434
117.208 39.1434
117.208 39.1434
117.208 39.1434
117.208 39.1434
117.208 39.1434
117.208 39.1434
117.208 39.1434
117.208 39.1434
117.208 39.1434
117.208 39.1434
117.208 39.1434
117.208 39.1434
117.208 39.1434
117.208 39.1434
117.208 39.1434
117.208 39.1434
117.208 39.1434
117.208 39.1434
117.208 39.1434
117.208 39.1434
117.208 39.1434
117.208 39.1434
117.208 39.1434
117.208 39.1434
117.208 39.1434
117.208 39.1434
117.208 39.1433
117.208 39.1433
117.208 39.1433
117.208 39.1432
117.208 39.1432
117.208 39.1431
117.208 39.1431
117.209 39.143
117.209 39.1429
117.209 39.1429
117.209 39.1428
117.209 39.1428
117.209 39.1427
117.209 39.1427
117.209 39.1426
117.209 39.1426
117.209 39.1424
117.209 39.1424
117.209 39.1423
117.209 39.1422
117.209 39.1422
117.209 39.1421
117.209 39.142
117.209 39.142
117.209 39.1419
117.21 39.1417
117.21 39.1416
117.21 39.1416
117.21 39.1415
117.21 39.1414
117.21 39.1413
117.21 39.1412
117.21 39.1411
117.21 39.141
117.21 39.1409
117.21 39.1408
117.21 39.1408
117.211 39.1407
117.211 39.1406
117.211 39.1406
117.211 39.1405
117.211 39.1405
117.211 39.1404
117.211 39.1402
117.211 39.1402
117.211 39.1401
117.211 39.14
117.211 39.1399
117.211 39.1399
117.211 39.1398
117.211 39.1397
117.211 39.1396
117.212 39.1395
117.212 39.1394
117.212 39.1393
117.212 39.1392
117.212 39.1392
117.212 39.1391
117.212 39.139
117.212 39.1389
117.212 39.1389
117.212 39.1387
117.212 39.1387
117.212 39.1386
117.213 39.1385
117.213 39.1385
117.213 39.1384
117.213 39.1384
117.213 39.1383
117.213 39.1383
117.213 39.1382
117.213 39.1382
117.213 39.1382
117.213 39.1382
117.213 39.1382
117.213 39.1382
117.213 39.1382
117.213 39.1382
117.213 39.1381
117.213 39.1381
117.213 39.1381
117.213 39.1381
117.213 39.1381
117.213 39.1381
117.213 39.1381
117.213 39.1381
117.213 39.1381
117.213 39.1381
117.213 39.138
117.213 39.138
117.213 39.138
117.213 39.138
117.213 39.138
117.213 39.1379
117.213 39.1379
117.213 39.138
117.213 39.138
117.214 39.138
117.214 39.138
117.214 39.138
117.214 39.138
117.214 39.1381
117.214 39.1381
117.214 39.1381
117.214 39.1381
117.214 39.1381
117.215 39.1382
117.215 39.1382
117.215 39.1382
117.215 39.1382
117.215 39.1383
117.215 39.1383
117.216 39.1383
117.216 39.1384
117.216 39.1384
117.216 39.1384
117.216 39.1384
117.216 39.1385
117.216 39.1385
117.216 39.1385
117.217 39.1385
117.217 39.1385
117.217 39.1385
117.217 39.1385
117.217 39.1384
117.217 39.1384
117.217 39.1383
117.217 39.1383
117.217 39.1382
117.217 39.1381
117.217 39.138
117.217 39.1379
117.217 39.1379
117.217 39.1377
117.217 39.1376
117.217 39.1375
117.218 39.1375
117.218 39.1374
117.218 39.1373
117.218 39.1373
117.218 39.1372
117.218 39.1371
117.218 39.137
117.218 39.1369
117.218 39.1369
117.218 39.1368
117.218 39.1368
117.218 39.1367
117.218 39.1367
117.218 39.1367
117.218 39.1366
117.218 39.1366
117.218 39.1366
117.218 39.1366
117.218 39.1366
117.218 39.1365
117.218 39.1365
117.218 39.1365
117.218 39.1365
117.218 39.1365
117.218 39.1365
117.218 39.1364
117.218 39.1364
117.218 39.1364
117.218 39.1364
117.218 39.1364
117.218 39.1364
117.217 39.1364
117.217 39.1364
117.217 39.1365
117.217 39.1365
117.217 39.1365
117.217 39.1365
117.217 39.1365
117.217 39.1365
117.217 39.1365
117.217 39.1365
117.217 39.1365
117.217 39.1365
117.217 39.1365
117.217 39.1365
117.217 39.1366
117.217 39.1366
117.217 39.1366
117.217 39.1366
117.217 39.1366
117.217 39.1366
117.217 39.1366
117.217 39.1366
117.217 39.1366
117.217 39.1366
117.217 39.1366
117.217 39.1366
117.217 39.1366
117.217 39.1366
117.217 39.1366
117.217 39.1366
117.217 39.1366
117.217 39.1366
117.217 39.1366
117.217 39.1367
117.217 39.1367
117.217 39.1367
117.217 39.1367
117.217 39.1367
117.217 39.1367
117.217 39.1367
117.217 39.1367
117.217 39.1367
117.217 39.1367
117.217 39.1367
117.217 39.1367
117.217 39.1367
117.217 39.1367
117.217 39.1367
117.217 39.1367
117.217 39.1367
117.217 39.1368
117.217 39.1368
117.217 39.1368
117.217 39.1368
117.217 39.1368
117.217 39.1368
117.217 39.1368
117.217 39.1368
117.217 39.1368
117.217 39.1368
117.217 39.1368
117.217 39.1368
117.217 39.1368
117.217 39.1368
117.217 39.1368
117.217 39.1369
117.217 39.1369
117.217 39.1369
117.217 39.1369
117.217 39.1369
117.217 39.1369
117.217 39.1369
117.217 39.1369
117.218 39.1369
117.218 39.1369
117.218 39.1369
117.218 39.1369
117.218 39.1369
117.218 39.1369
117.218 39.1369
117.218 39.1369
117.218 39.1369
117.218 39.1369
117.218 39.1369
117.218 39.1369
117.218 39.1369
117.218 39.1369
117.218 39.1369
117.218 39.1368
117.218 39.1368
117.218 39.1368
117.218 39.1368
117.218 39.1368
117.218 39.1368
117.218 39.1368
117.218 39.1368
117.218 39.1368
117.218 39.1367
117.218 39.1367
117.218 39.1367
117.218 39.1367
117.218 39.1367
117.218 39.1367
117.218 39.1367
117.218 39.1367
117.218 39.1367
117.218 39.1367
117.218 39.1367
117.218 39.1367
117.218 39.1366
117.218 39.1366
117.218 39.1366
117.218 39.1366
117.218 39.1366
117.218 39.1366
117.218 39.1366
117.218 39.1366
117.218 39.1366
117.218 39.1366
117.218 39.1366
117.218 39.1366
117.218 39.1366
117.218 39.1366
117.218 39.1366
117.218 39.1366
117.218 39.1366
117.218 39.1365
117.218 39.1365
117.218 39.1365
117.218 39.1365
117.218 39.1365
117.218 39.1365
117.218 39.1365
117.218 39.1365
117.218 39.1365
117.218 39.1365
117.218 39.1365
117.218 39.1365
117.218 39.1365
117.218 39.1365
117.218 39.1365
117.218 39.1365
117.218 39.1365
117.218 39.1365
117.218 39.1365
117.218 39.1365
117.218 39.1365
117.218 39.1365
117.218 39.1365
117.218 39.1365
117.218 39.1365
117.218 39.1365
117.218 39.1365
117.218 39.1365
117.218 39.1365
117.218 39.1365
117.218 39.1365
117.218 39.1365
117.218 39.1365
117.218 39.1365
117.218 39.1365
117.218 39.1365
117.218 39.1365
117.218 39.1365
117.218 39.1365
117.218 39.1365
117.218 39.1365
117.218 39.1365
117.218 39.1365
117.218 39.1365
117.217 39.1364
117.217 39.1364
117.217 39.1364
117.217 39.1364
117.217 39.1364
117.217 39.1364
117.217 39.1364
117.217 39.1364
117.217 39.1364
117.217 39.1364
117.217 39.1364
117.217 39.1364
117.217 39.1364
117.217 39.1364
117.217 39.1363
117.217 39.1363
117.217 39.1363
117.217 39.1363
117.217 39.1363
117.217 39.1363
117.217 39.1363
117.217 39.1363
117.217 39.1363
117.217 39.1363
117.217 39.1363
117.217 39.1363
117.217 39.1363
117.217 39.1363
117.217 39.1363
