116.449 39.9852
116.449 39.9854
116.45 39.9852
116.45 39.985
116.45 39.9848
116.45 39.9846
116.451 39.9844
116.451 39.9844
116.451 39.9843
116.451 39.9845
116.451 39.9842
116.451 39.9839
116.451 39.9838
116.451 39.9836
116.451 39.9834
116.451 39.9828
116.451 39.9825
116.451 39.9823
116.451 39.9822
116.451 39.9822
116.451 39.9822
116.451 39.9822
116.451 39.9822
116.451 39.9824
116.451 39.9823
116.451 39.9823
116.451 39.9823
116.451 39.9823
116.451 39.9823
116.451 39.9823
116.451 39.9823
116.451 39.9823
116.451 39.9823
116.451 39.9823
116.451 39.9823
116.451 39.9824
116.451 39.9822
116.45 39.982
116.45 39.9817
116.45 39.9815
116.45 39.9813
116.45 39.9811
116.45 39.9809
116.45 39.9806
116.449 39.9805
116.449 39.9803
116.449 39.98
116.449 39.9797
116.449 39.9794
116.448 39.979
116.448 39.9785
116.447 39.9779
116.447 39.9773
116.446 39.9767
116.446 39.9761
116.445 39.9756
116.445 39.9752
116.445 39.9751
116.444 39.9748
116.444 39.9744
116.444 39.974
116.443 39.9736
116.443 39.9733
116.443 39.9731
116.443 39.9729
116.443 39.9728
116.442 39.9725
116.442 39.9722
116.442 39.9721
116.442 39.9721
116.442 39.9719
116.442 39.9719
116.442 39.9719
116.442 39.9719
116.442 39.9719
116.442 39.9719
116.442 39.9719
116.442 39.9719
116.442 39.9719
116.442 39.9719
116.442 39.9719
116.442 39.9719
116.442 39.9719
116.442 39.9719
116.442 39.9719
116.442 39.9719
116.442 39.9717
116.442 39.9717
116.441 39.9716
116.441 39.9716
116.441 39.9716
116.441 39.9716
116.441 39.9716
116.441 39.9716
116.441 39.9716
116.441 39.9716
116.441 39.9716
116.441 39.9716
116.441 39.9716
116.441 39.9716
116.441 39.9716
116.441 39.9716
116.441 39.9716
116.441 39.9716
116.441 39.9716
116.441 39.9716
116.441 39.9716
116.441 39.9716
116.441 39.9716
116.441 39.9716
116.441 39.9716
116.441 39.9716
116.441 39.9716
116.441 39.9716
116.441 39.9716
116.441 39.9716
116.441 39.9715
116.441 39.9712
116.442 39.9709
116.442 39.9704
116.443 39.97
116.444 39.9695
116.444 39.969
116.445 39.9686
116.445 39.9684
116.445 39.9684
116.445 39.9684
116.445 39.9684
116.445 39.9684
116.445 39.9684
116.445 39.9683
116.446 39.9681
116.446 39.9679
116.446 39.9676
116.447 39.9674
116.447 39.9674
116.447 39.9673
116.447 39.9671
116.448 39.9668
116.448 39.9664
116.449 39.9659
116.449 39.9656
116.45 39.9652
116.45 39.965
116.45 39.9649
116.45 39.9648
116.45 39.9648
116.45 39.9648
116.45 39.9648
116.45 39.9648
116.45 39.9648
116.451 39.9647
116.451 39.9645
116.451 39.9642
116.452 39.9639
116.452 39.9635
116.453 39.9633
116.453 39.9632
116.453 39.9631
116.453 39.9631
116.453 39.9631
116.453 39.9631
116.453 39.9631
116.453 39.9631
116.453 39.963
116.453 39.963
116.453 39.963
116.453 39.963
116.453 39.963
116.453 39.963
116.453 39.9629
116.453 39.9629
116.453 39.9629
116.453 39.9629
116.453 39.9629
116.453 39.9629
116.453 39.9629
116.453 39.9628
116.453 39.9628
116.453 39.9628
116.453 39.9628
116.453 39.9628
116.453 39.9628
116.453 39.9628
116.453 39.9627
116.453 39.9627
116.454 39.9627
116.454 39.9627
116.454 39.9626
116.454 39.9626
116.454 39.9626
116.454 39.9626
116.454 39.9626
116.454 39.9625
116.454 39.9625
116.454 39.9625
116.454 39.9625
116.454 39.9625
116.454 39.9624
116.454 39.9624
116.453 39.9623
116.453 39.9622
116.453 39.9621
116.453 39.9619
116.453 39.9617
116.452 39.9614
116.452 39.961
116.452 39.9607
116.451 39.9602
116.451 39.9599
116.451 39.9598
116.451 39.9598
116.451 39.9598
116.451 39.9598
116.451 39.9598
116.451 39.9598
116.451 39.9598
116.451 39.9598
116.45 39.9596
116.45 39.9594
116.45 39.9593
116.45 39.9591
116.449 39.9588
116.449 39.9585
116.448 39.9582
116.447 39.9577
116.447 39.9571
116.446 39.9566
116.446 39.9561
116.445 39.9555
116.445 39.955
116.444 39.9545
116.444 39.9543
116.444 39.9542
116.444 39.9541
116.444 39.9541
116.444 39.9541
116.444 39.9541
116.444 39.9541
116.444 39.9541
116.443 39.954
116.443 39.9539
116.443 39.9535
116.443 39.9532
116.442 39.9527
116.441 39.9523
116.441 39.9519
116.44 39.9514
116.44 39.951
116.439 39.9508
116.439 39.9507
116.439 39.9505
116.439 39.9504
116.439 39.9501
116.439 39.9499
116.439 39.9498
116.439 39.9496
116.439 39.9493
116.44 39.9492
116.44 39.9492
116.44 39.9492
116.44 39.9492
116.44 39.9492
116.44 39.9492
116.44 39.9492
116.44 39.9492
116.44 39.9492
116.44 39.9492
116.44 39.9492
116.44 39.9492
116.44 39.9491
116.44 39.949
116.44 39.9488
116.441 39.9484
116.441 39.948
116.442 39.9478
116.442 39.9478
116.442 39.9476
116.443 39.9473
116.443 39.947
116.443 39.9469
116.443 39.9467
116.444 39.9465
116.444 39.9462
116.444 39.9459
116.444 39.9456
116.444 39.9454
116.444 39.9454
116.444 39.9454
116.444 39.9453
116.443 39.9453
116.443 39.9453
116.442 39.9453
116.442 39.9453
116.442 39.9453
116.442 39.9453
116.442 39.9452
116.441 39.9453
116.442 39.9452
116.442 39.9452
116.443 39.9452
116.443 39.9452
116.444 39.9452
116.444 39.9452
116.444 39.9451
116.444 39.9447
116.444 39.9442
116.444 39.9437
116.444 39.9431
116.444 39.9424
116.444 39.9418
116.444 39.9413
116.444 39.941
116.444 39.9406
116.444 39.9403
116.444 39.9401
116.444 39.94
116.444 39.94
116.443 39.94
116.442 39.94
116.442 39.94
116.441 39.94
116.44 39.9399
116.439 39.9399
116.439 39.94
116.439 39.94
116.439 39.94
116.439 39.94
116.439 39.94
116.439 39.94
116.439 39.94
116.439 39.94
116.439 39.94
116.439 39.94
116.439 39.94
116.438 39.94
116.438 39.94
116.438 39.9401
116.438 39.9402
116.438 39.9405
116.438 39.9408
116.438 39.9412
116.438 39.9417
116.438 39.9421
116.438 39.9421
116.438 39.9422
116.438 39.9422
116.438 39.9422
116.438 39.9422
116.438 39.9422
116.438 39.9422
116.438 39.9423
116.438 39.9424
116.438 39.9424
116.438 39.9424
116.438 39.9422
116.438 39.9419
116.438 39.9415
116.438 39.9409
116.438 39.9404
116.438 39.9401
116.438 39.9401
116.438 39.9401
116.438 39.9401
116.438 39.9401
116.438 39.9401
116.438 39.9401
116.438 39.9401
116.438 39.9401
116.438 39.9401
116.438 39.9401
116.438 39.9401
116.438 39.9401
116.438 39.9401
116.438 39.9401
116.438 39.9401
116.438 39.9401
116.438 39.9399
116.438 39.9398
116.439 39.9397
116.439 39.9397
116.439 39.9396
116.439 39.9396
116.439 39.9396
116.439 39.9396
116.439 39.9396
116.439 39.9396
116.44 39.9396
116.44 39.9396
116.44 39.9396
116.44 39.9396
116.44 39.9396
116.441 39.9396
116.441 39.9396
116.441 39.9396
116.441 39.9396
116.441 39.9396
116.441 39.9395
116.441 39.9395
116.441 39.9395
116.441 39.9394
116.441 39.9393
116.441 39.9392
116.441 39.939
116.441 39.9389
116.441 39.9388
116.441 39.9388
116.441 39.9387
116.441 39.9387
116.441 39.9386
116.441 39.9386
116.441 39.9386
116.441 39.9386
116.441 39.9386
116.441 39.9386
116.441 39.9386
116.441 39.9386
116.441 39.9386
116.441 39.9386
116.441 39.9386
116.441 39.9386
116.441 39.9386
116.441 39.9386
116.441 39.9386
116.441 39.9386
116.441 39.9387
116.441 39.9387
116.441 39.9387
116.441 39.9387
116.441 39.9387
116.441 39.9387
116.441 39.9387
116.441 39.9387
116.441 39.9387
116.441 39.9387
116.441 39.9387
116.441 39.9387
116.441 39.9387
116.441 39.9387
116.441 39.9387
116.441 39.9387
116.441 39.9387
116.441 39.9388
116.441 39.9389
116.441 39.939
116.441 39.9391
116.441 39.9392
116.441 39.9394
116.441 39.9395
116.441 39.9395
116.441 39.9396
116.441 39.9396
116.441 39.9396
116.442 39.9396
116.442 39.9396
116.442 39.9395
116.442 39.9395
116.442 39.9396
116.442 39.9396
116.442 39.9396
116.442 39.9396
116.442 39.9396
116.441 39.9387
116.441 39.9386
116.441 39.9386
116.441 39.9388
116.441 39.9388
116.441 39.9388
116.441 39.9388
116.441 39.9388
116.441 39.9388
116.441 39.9388
116.441 39.9388
116.441 39.9388
116.441 39.9388
116.441 39.9388
116.441 39.9389
116.441 39.939
116.441 39.9392
116.441 39.9394
116.441 39.9395
116.441 39.9396
116.441 39.9396
116.441 39.9396
116.441 39.9397
116.441 39.9397
116.441 39.9397
116.441 39.9397
116.441 39.9398
116.441 39.9398
116.442 39.9398
116.443 39.9398
116.443 39.9398
116.443 39.9398
116.443 39.9398
116.443 39.9398
116.443 39.9398
116.443 39.9398
116.443 39.9398
116.443 39.9398
116.443 39.9398
116.443 39.9398
116.443 39.9398
116.443 39.9398
116.443 39.9398
116.444 39.9398
116.444 39.9398
116.445 39.9398
116.445 39.9398
116.446 39.9398
116.447 39.9398
116.447 39.9398
116.448 39.9398
116.448 39.9398
116.449 39.9398
116.449 39.9398
116.449 39.9398
116.449 39.9398
116.449 39.9398
116.449 39.9398
116.449 39.9399
116.449 39.9399
116.45 39.9399
116.45 39.9399
116.451 39.9399
116.452 39.9399
116.452 39.9399
116.453 39.9399
116.454 39.9399
116.455 39.9399
116.455 39.9399
116.455 39.9399
116.455 39.9399
116.455 39.9399
116.455 39.9399
116.455 39.9399
116.455 39.94
116.456 39.9401
116.456 39.9404
116.456 39.9407
116.456 39.9412
116.456 39.9418
116.456 39.9424
116.456 39.9428
116.456 39.9429
116.456 39.943
116.456 39.943
116.456 39.9434
116.456 39.9438
116.456 39.9442
116.456 39.9447
116.456 39.9451
116.456 39.9455
116.456 39.9461
116.456 39.9466
116.456 39.9472
116.456 39.9477
116.456 39.9484
116.456 39.949
116.456 39.9497
116.456 39.9503
116.456 39.9508
116.455 39.9512
116.455 39.9516
116.455 39.9521
116.454 39.9526
116.454 39.953
116.453 39.9535
116.452 39.954
116.452 39.9546
116.451 39.9551
116.45 39.9556
116.45 39.9562
116.45 39.9568
116.45 39.9575
116.45 39.9581
116.451 39.9587
116.451 39.9593
116.452 39.9599
116.453 39.9606
116.454 39.9614
116.455 39.9622
116.455 39.963
116.456 39.9638
116.457 39.9646
116.458 39.9653
116.459 39.9661
116.46 39.9668
116.461 39.9675
116.462 39.9684
116.462 39.9691
116.463 39.9696
116.464 39.97
116.464 39.9703
116.464 39.9705
116.465 39.9706
116.465 39.9704
116.465 39.9701
116.465 39.9698
116.465 39.9696
116.464 39.9697
116.464 39.97
116.463 39.9704
116.462 39.9708
116.462 39.9713
116.461 39.9718
116.46 39.9723
116.459 39.9728
116.459 39.9733
116.458 39.9738
116.457 39.9743
116.457 39.9746
116.456 39.9749
116.456 39.9752
116.455 39.9755
116.455 39.9759
116.454 39.9764
116.453 39.977
116.452 39.9775
116.451 39.978
116.451 39.9784
116.45 39.9788
116.449 39.9792
116.449 39.9797
116.448 39.9801
116.447 39.9806
116.447 39.9812
116.446 39.9817
116.445 39.9822
116.444 39.9828
116.443 39.9833
116.442 39.9838
116.442 39.9842
116.441 39.9846
116.44 39.985
116.439 39.9854
116.438 39.9859
116.436 39.9864
116.435 39.9868
116.434 39.9872
116.433 39.9875
116.432 39.9877
116.431 39.9879
116.43 39.9879
116.429 39.9879
116.428 39.9879
116.427 39.9879
116.426 39.9878
116.424 39.9878
116.423 39.9877
116.422 39.9877
116.421 39.9877
116.42 39.9876
116.418 39.9876
116.417 39.9876
116.416 39.9875
116.415 39.9875
116.414 39.9875
116.413 39.9875
116.412 39.9874
116.412 39.9874
116.411 39.9874
116.411 39.9874
116.411 39.9874
116.41 39.9874
116.409 39.9873
116.409 39.9872
116.408 39.9872
116.407 39.9872
116.406 39.9872
116.405 39.9871
116.404 39.9871
116.403 39.9871
116.402 39.9871
116.401 39.987
116.4 39.987
116.399 39.987
116.398 39.987
116.397 39.9871
116.396 39.9871
116.396 39.9871
116.395 39.9871
116.395 39.9871
116.394 39.9871
116.393 39.987
116.392 39.987
116.39 39.987
116.389 39.987
116.388 39.9869
116.387 39.9869
116.386 39.9869
116.385 39.9869
116.384 39.9868
116.383 39.9867
116.383 39.9866
116.383 39.9866
116.383 39.9866
116.382 39.9867
116.382 39.9867
116.382 39.9867
116.382 39.9867
116.381 39.9867
116.381 39.9867
116.38 39.9867
116.38 39.9867
116.379 39.9867
116.379 39.9866
116.378 39.9866
116.378 39.9866
116.377 39.9866
116.377 39.9865
116.377 39.9865
116.376 39.9865
116.376 39.9865
116.376 39.9865
116.375 39.9865
116.375 39.9864
116.374 39.9864
116.374 39.9864
116.373 39.9864
116.373 39.9864
116.372 39.9864
116.372 39.9864
116.372 39.9864
116.371 39.9864
116.371 39.9864
116.371 39.9863
116.37 39.9863
116.37 39.9863
116.37 39.9863
116.369 39.9863
116.369 39.9863
116.368 39.9863
116.368 39.9863
116.367 39.9862
116.367 39.9862
116.367 39.9862
116.367 39.9862
116.367 39.9862
116.366 39.9862
116.366 39.9862
116.366 39.9862
116.365 39.9862
116.365 39.9862
116.364 39.9862
116.364 39.9862
116.363 39.9861
116.362 39.9861
116.362 39.9861
116.361 39.9861
116.36 39.9861
116.359 39.986
116.359 39.986
116.358 39.986
116.357 39.986
116.357 39.9859
116.356 39.9859
116.355 39.9859
116.355 39.9859
116.354 39.9858
116.353 39.9858
116.352 39.9858
116.351 39.9858
116.351 39.9858
116.35 39.9857
116.349 39.9857
116.348 39.9857
116.347 39.9856
116.346 39.9856
116.346 39.9856
116.345 39.9856
116.344 39.9856
116.343 39.9856
116.342 39.9855
116.342 39.9855
116.341 39.9855
116.34 39.9854
116.339 39.9854
116.339 39.9854
116.338 39.9854
116.336 39.9853
116.335 39.9853
116.333 39.9852
116.332 39.9852
116.33 39.9851
116.329 39.985
116.328 39.9849
116.327 39.9849
116.326 39.9848
116.325 39.9848
116.324 39.9847
116.323 39.9846
116.322 39.9847
116.321 39.9846
116.32 39.9846
116.319 39.9846
116.318 39.9846
116.317 39.9845
116.316 39.9845
116.315 39.9845
116.314 39.9845
116.313 39.9844
116.312 39.9844
116.311 39.9844
116.31 39.9844
116.309 39.9844
116.308 39.9843
116.307 39.9843
116.307 39.9843
116.306 39.9842
116.305 39.9842
116.305 39.9842
116.304 39.9842
116.304 39.9842
116.303 39.9842
116.302 39.9842
116.302 39.9842
116.301 39.9842
116.3 39.9842
116.3 39.9843
116.3 39.9846
116.301 39.9847
116.301 39.9848
116.302 39.9848
116.302 39.9845
116.302 39.984
116.302 39.9835
116.302 39.983
116.302 39.9825
116.302 39.9821
116.302 39.9818
116.302 39.9814
116.302 39.9812
116.303 39.9811
116.303 39.9811
116.303 39.9811
116.303 39.9807
116.303 39.9802
116.304 39.9798
116.304 39.9795
116.304 39.9794
116.304 39.9794
116.304 39.9794
116.304 39.9794
116.304 39.9794
116.304 39.9793
116.304 39.9791
116.304 39.979
