116.3 40.0819
116.3 40.0817
116.3 40.0815
116.301 40.0813
116.301 40.0812
116.301 40.0811
116.301 40.081
116.301 40.0809
116.301 40.0809
116.301 40.0809
116.301 40.0808
116.301 40.0808
116.302 40.0807
116.302 40.0807
116.302 40.0806
116.302 40.0805
116.302 40.0803
116.302 40.0802
116.302 40.0801
116.302 40.0799
116.302 40.0798
116.302 40.0797
116.302 40.0795
116.302 40.0793
116.303 40.0792
116.303 40.079
116.303 40.0788
116.303 40.0785
116.303 40.0783
116.303 40.0781
116.303 40.0779
116.304 40.0777
116.304 40.0775
116.304 40.0773
116.304 40.0772
116.304 40.0773
116.304 40.0773
116.304 40.0774
116.304 40.0774
116.304 40.0774
116.304 40.0774
116.304 40.0774
116.304 40.0774
116.304 40.0774
116.304 40.0773
116.304 40.0774
116.304 40.0774
116.304 40.0773
116.304 40.0773
116.304 40.0772
116.304 40.0771
116.304 40.077
116.304 40.0768
116.305 40.0767
116.305 40.0766
116.305 40.0765
116.305 40.0763
116.305 40.0762
116.305 40.076
116.305 40.076
116.305 40.0759
116.305 40.0758
116.305 40.0757
116.305 40.0756
116.305 40.0756
116.305 40.0755
116.305 40.0754
116.305 40.0753
116.305 40.0752
116.305 40.075
116.305 40.0749
116.306 40.0748
116.306 40.0746
116.306 40.0745
116.306 40.0744
116.306 40.0742
116.306 40.074
116.306 40.0739
116.306 40.0737
116.306 40.0735
116.307 40.0733
116.307 40.0732
116.307 40.073
116.307 40.0728
116.307 40.0727
116.307 40.0725
116.307 40.0724
116.308 40.0723
116.308 40.0722
116.308 40.0722
116.308 40.0722
116.308 40.0723
116.309 40.0723
116.309 40.0723
116.309 40.0724
116.309 40.0724
116.309 40.0725
116.309 40.0725
116.31 40.0726
116.31 40.0726
116.31 40.0727
116.31 40.0727
116.31 40.0728
116.311 40.0728
116.311 40.0729
116.311 40.073
116.311 40.073
116.311 40.0731
116.312 40.0732
116.312 40.0733
116.312 40.0733
116.312 40.0734
116.313 40.0735
116.313 40.0735
116.313 40.0736
116.313 40.0736
116.314 40.0737
116.314 40.0737
116.314 40.0737
116.314 40.0737
116.314 40.0737
116.314 40.0737
116.314 40.0737
116.314 40.0737
116.314 40.0737
116.314 40.0737
116.314 40.0737
116.314 40.0737
116.314 40.0737
116.314 40.0738
116.314 40.0738
116.314 40.0739
116.314 40.0739
116.314 40.074
116.315 40.074
116.315 40.0741
116.315 40.0741
116.315 40.0741
116.315 40.0742
116.316 40.0742
116.316 40.0743
116.316 40.0744
116.316 40.0745
116.317 40.0746
116.317 40.0746
116.317 40.0747
116.317 40.0747
116.318 40.0748
116.318 40.0748
116.318 40.0748
116.318 40.0747
116.318 40.0746
116.318 40.0745
116.318 40.0744
116.318 40.0744
116.318 40.0742
116.318 40.0741
116.318 40.074
116.318 40.0738
116.318 40.0736
116.318 40.0735
116.318 40.0733
116.318 40.073
116.319 40.0728
116.319 40.0726
116.319 40.0724
116.319 40.0722
116.319 40.0719
116.319 40.0717
116.319 40.0715
116.319 40.0712
116.319 40.071
116.319 40.0707
116.32 40.0705
116.32 40.0702
116.32 40.07
116.32 40.0699
116.32 40.0698
116.32 40.0697
116.319 40.0697
116.319 40.0698
116.319 40.0698
116.319 40.0698
116.319 40.0698
116.319 40.0699
116.318 40.0699
116.318 40.0699
116.318 40.0699
116.318 40.0699
116.317 40.0699
116.317 40.0699
116.317 40.0699
116.317 40.0699
116.316 40.0698
116.316 40.0699
116.316 40.0699
116.316 40.07
116.316 40.07
116.315 40.07
116.315 40.07
116.315 40.07
116.315 40.07
116.315 40.0701
116.315 40.0701
116.315 40.0701
116.315 40.0701
116.315 40.0701
116.315 40.0701
116.315 40.0701
116.315 40.0701
116.315 40.0701
116.315 40.0701
116.315 40.0701
116.315 40.0701
116.315 40.0701
116.315 40.07
116.315 40.07
116.315 40.07
116.315 40.07
116.315 40.07
116.315 40.07
116.315 40.07
116.315 40.07
116.315 40.0699
116.315 40.0699
116.315 40.0699
116.315 40.0699
116.315 40.0699
116.315 40.0699
116.315 40.0699
116.315 40.0699
116.315 40.0699
116.315 40.0699
116.315 40.0699
116.315 40.0699
116.315 40.0699
116.315 40.0699
116.315 40.0699
116.315 40.0699
116.315 40.07
116.315 40.07
116.315 40.07
116.315 40.07
116.315 40.07
116.314 40.07
116.314 40.07
116.314 40.07
116.314 40.07
116.314 40.07
116.314 40.07
116.314 40.07
116.314 40.07
116.314 40.07
116.314 40.07
116.314 40.07
116.314 40.07
116.314 40.07
116.314 40.07
116.314 40.0699
116.314 40.0699
116.314 40.0699
116.314 40.0699
116.314 40.0699
116.314 40.0699
116.314 40.0698
116.314 40.0698
116.314 40.0698
116.314 40.0699
116.314 40.0699
116.314 40.0699
116.314 40.0699
116.314 40.0699
116.314 40.0699
116.314 40.0699
116.314 40.0699
116.314 40.0699
116.314 40.0699
116.314 40.0699
116.314 40.0699
116.313 40.0699
116.313 40.0698
116.313 40.0698
116.313 40.0698
116.313 40.0698
116.313 40.0698
116.313 40.0698
116.313 40.0698
116.313 40.0697
116.313 40.0698
116.313 40.0697
116.313 40.0697
116.313 40.0697
116.313 40.0697
116.313 40.0697
116.313 40.0697
116.313 40.0697
116.313 40.0697
116.313 40.0697
116.313 40.0697
116.313 40.0697
116.313 40.0697
116.313 40.0697
116.313 40.0697
116.313 40.0697
116.313 40.0697
116.313 40.0697
116.313 40.0697
116.313 40.0697
116.313 40.0697
116.313 40.0697
116.313 40.0697
116.313 40.0697
116.313 40.0697
116.313 40.0697
116.313 40.0697
116.313 40.0696
116.313 40.0696
116.313 40.0696
116.313 40.0696
116.313 40.0696
116.313 40.0696
116.313 40.0696
116.313 40.0695
116.313 40.0695
116.313 40.0695
116.313 40.0695
116.313 40.0695
116.313 40.0695
116.313 40.0695
116.313 40.0695
116.313 40.0695
116.313 40.0695
116.313 40.0695
116.313 40.0695
116.313 40.0696
116.313 40.0696
116.313 40.0696
116.313 40.0696
116.313 40.0696
116.313 40.0696
116.313 40.0696
116.313 40.0696
116.313 40.0696
116.313 40.0697
116.313 40.0697
116.313 40.0696
116.313 40.0696
116.313 40.0696
116.313 40.0696
116.313 40.0695
116.313 40.0695
116.313 40.0695
116.313 40.0695
116.313 40.0695
116.313 40.0695
116.313 40.0695
116.313 40.0695
116.313 40.0695
116.313 40.0695
116.313 40.0695
116.313 40.0696
116.314 40.0696
116.313 40.0697
116.313 40.0697
116.313 40.0697
116.313 40.0697
116.312 40.0698
116.312 40.07
116.312 40.07
116.311 40.07
116.311 40.07
116.31 40.07
116.31 40.07
116.309 40.07
116.309 40.07
116.308 40.07
116.308 40.07
116.307 40.07
116.307 40.07
116.306 40.07
116.306 40.07
116.305 40.0701
116.305 40.0702
116.305 40.0704
116.304 40.0705
116.304 40.0707
116.303 40.0708
116.303 40.071
116.302 40.0711
116.302 40.0711
116.302 40.0712
116.301 40.0712
116.301 40.0712
116.3 40.0712
116.3 40.0711
116.299 40.0711
116.299 40.071
116.299 40.0709
116.298 40.0708
116.298 40.0706
116.297 40.0705
116.297 40.0704
116.294 40.0628
116.294 40.0623
116.294 40.062
116.294 40.0617
116.295 40.0615
116.295 40.0612
116.295 40.061
116.295 40.0607
116.296 40.0604
116.296 40.0601
116.296 40.0598
116.296 40.0595
116.296 40.0592
116.296 40.0589
116.297 40.0586
116.297 40.0583
116.297 40.0579
116.297 40.0576
116.297 40.0573
116.297 40.057
116.298 40.0567
116.298 40.0564
116.298 40.0561
116.298 40.0558
116.298 40.0555
116.298 40.0552
116.299 40.0549
116.299 40.0546
116.299 40.0543
116.299 40.054
116.299 40.0537
116.299 40.0534
116.3 40.0531
116.3 40.0529
116.3 40.0526
116.3 40.0524
116.3 40.0521
116.3 40.0519
116.3 40.0517
116.3 40.0515
116.3 40.0514
116.301 40.0512
116.301 40.051
116.301 40.0509
116.301 40.0508
116.301 40.0507
116.301 40.0506
116.301 40.0505
116.301 40.0505
116.301 40.0504
116.301 40.0504
116.301 40.0503
116.301 40.0503
116.301 40.0502
116.301 40.0502
116.301 40.0502
116.301 40.0501
116.301 40.0501
116.301 40.0501
116.301 40.0502
116.301 40.0502
116.301 40.0502
116.301 40.0502
116.301 40.0502
116.301 40.0502
116.301 40.0502
116.301 40.0502
116.301 40.0503
116.301 40.0503
116.301 40.0504
116.301 40.0504
116.301 40.0505
116.301 40.0506
116.301 40.0506
116.301 40.0506
116.301 40.0506
116.301 40.0505
116.301 40.0505
116.301 40.0505
116.301 40.0504
116.299 40.0474
116.299 40.047
116.299 40.0466
116.304 40.0461
116.304 40.0458
116.304 40.0455
116.305 40.0452
116.305 40.045
116.305 40.0447
116.305 40.0444
116.305 40.0441
116.306 40.0438
116.306 40.0435
116.306 40.0432
116.306 40.0429
116.307 40.0426
116.307 40.0424
116.307 40.0421
116.307 40.0418
116.307 40.0415
116.307 40.0412
116.307 40.0409
116.308 40.0406
116.308 40.0403
116.308 40.04
116.308 40.0397
116.308 40.0393
116.309 40.039
116.309 40.0387
116.309 40.0384
116.309 40.0382
116.31 40.038
116.31 40.0377
116.31 40.0375
116.311 40.0373
116.311 40.0371
116.311 40.0369
116.311 40.0367
116.311 40.0365
116.312 40.0363
116.312 40.0361
116.312 40.0358
116.312 40.0356
116.312 40.0354
116.313 40.0352
116.313 40.0349
116.313 40.0347
116.313 40.0345
116.313 40.0342
116.313 40.034
116.313 40.0337
116.314 40.0335
116.314 40.0332
116.314 40.033
116.314 40.0328
116.314 40.0326
116.314 40.0324
116.314 40.0322
116.314 40.0321
116.314 40.032
116.314 40.0319
116.314 40.0318
116.314 40.0317
116.314 40.0316
116.314 40.0316
116.314 40.0315
116.314 40.0315
116.314 40.0315
116.314 40.0315
116.314 40.0315
116.314 40.0315
116.314 40.0315
116.314 40.0315
116.314 40.0315
116.314 40.0315
116.314 40.0315
116.314 40.0315
116.314 40.0316
116.314 40.0316
116.314 40.0316
116.314 40.0317
116.314 40.0317
116.314 40.0318
116.314 40.0318
116.314 40.0319
116.314 40.032
116.314 40.032
116.314 40.032
116.314 40.032
116.314 40.032
116.314 40.032
116.315 40.032
116.315 40.0319
116.315 40.0319
116.315 40.0319
116.315 40.0317
116.315 40.0316
116.315 40.0313
116.315 40.0311
116.315 40.0308
116.315 40.0305
116.315 40.0301
116.315 40.0298
116.315 40.0293
116.315 40.029
116.315 40.0286
116.315 40.0282
116.315 40.0278
116.316 40.0275
116.316 40.0271
116.316 40.0267
116.316 40.0264
116.316 40.026
116.316 40.0256
116.316 40.0252
116.317 40.0248
116.317 40.0245
116.317 40.0241
116.317 40.0238
116.317 40.0234
116.317 40.0231
116.318 40.0227
116.318 40.0224
116.318 40.022
116.318 40.0217
116.318 40.0213
116.318 40.021
116.318 40.0207
116.319 40.0204
116.319 40.0201
116.319 40.0197
116.319 40.0194
116.319 40.0191
116.319 40.0188
116.319 40.0185
116.32 40.0181
116.32 40.0178
116.32 40.0175
116.32 40.0171
116.32 40.0169
116.321 40.0166
116.321 40.0163
116.321 40.0161
116.321 40.0159
116.322 40.0156
116.322 40.0154
116.322 40.0151
116.323 40.0149
116.323 40.0146
116.323 40.0144
116.323 40.0141
116.324 40.0139
116.324 40.0136
116.324 40.0134
116.325 40.0131
116.325 40.0129
116.325 40.0126
116.325 40.0123
116.326 40.0121
116.326 40.0118
116.326 40.0115
116.327 40.0113
116.327 40.011
116.327 40.0108
116.327 40.0105
116.328 40.0103
116.328 40.01
116.328 40.0097
116.329 40.0095
116.329 40.0092
116.329 40.0089
116.33 40.0087
116.33 40.0085
116.33 40.0083
116.33 40.008
116.331 40.0078
116.331 40.0075
116.331 40.0071
116.331 40.0068
116.331 40.0065
116.331 40.0062
116.332 40.0058
116.332 40.0055
116.332 40.0052
116.332 40.0049
116.332 40.0046
116.332 40.0042
116.332 40.0039
116.332 40.0036
116.332 40.0032
116.332 40.0029
116.332 40.0025
116.332 40.0022
116.332 40.0018
116.332 40.0014
116.332 40.0011
116.332 40.0007
116.332 40.0004
116.332 40
116.332 39.9997
116.332 39.9993
116.332 39.999
116.332 39.9986
116.332 39.9983
116.332 39.998
116.332 39.9977
116.332 39.9974
116.332 39.9971
116.332 39.9968
116.332 39.9965
116.332 39.9962
116.332 39.9959
116.332 39.9956
116.332 39.9953
116.332 39.995
116.332 39.9947
116.332 39.9944
116.332 39.9941
116.332 39.9938
116.332 39.9934
116.332 39.9931
116.332 39.9928
116.332 39.9925
116.332 39.9923
116.332 39.9921
116.332 39.9918
116.332 39.9917
116.332 39.9915
116.332 39.9914
116.332 39.9913
116.332 39.9911
116.332 39.9909
116.332 39.9908
116.332 39.9907
116.332 39.9907
116.332 39.9907
116.332 39.9906
116.332 39.9906
116.332 39.9906
116.332 39.9906
116.332 39.9906
116.332 39.9906
116.332 39.9906
116.332 39.9906
116.332 39.9907
116.332 39.9908
116.332 39.9909
116.332 39.991
116.332 39.991
116.332 39.991
116.332 39.9911
116.332 39.9912
116.332 39.9912
116.332 39.9912
116.331 39.9913
116.331 39.9913
116.331 39.9913
116.331 39.9912
116.331 39.9912
116.331 39.9912
116.331 39.9912
116.331 39.9911
116.331 39.9911
116.331 39.991
116.331 39.9909
116.331 39.9909
116.331 39.9908
116.331 39.9907
116.331 39.9906
116.331 39.9906
116.331 39.9905
116.334 39.9755
116.334 39.9753
116.333 39.9753
116.334 39.9754
116.334 39.9754
116.334 39.9754
116.334 39.9754
116.334 39.9754
116.333 39.9754
116.333 39.9754
116.334 39.9754
116.334 39.9754
116.334 39.9753
116.334 39.9753
116.333 39.9753
116.333 39.9753
116.333 39.9753
116.333 39.9753
116.333 39.9753
116.333 39.9753
116.333 39.9753
116.333 39.9753
116.333 39.9753
116.333 39.9753
116.333 39.9753
116.333 39.9752
116.333 39.9752
116.333 39.9752
116.333 39.9752
116.333 39.9752
116.333 39.9752
116.333 39.9752
116.333 39.9752
116.333 39.9752
116.333 39.9752
116.333 39.9753
116.333 39.9753
116.333 39.9753
116.333 39.9753
116.333 39.9753
116.333 39.9753
116.333 39.9753
116.333 39.9753
116.333 39.9753
116.333 39.9753
116.333 39.9754
116.332 39.9754
116.332 39.9754
116.332 39.9754
116.332 39.9754
116.332 39.9754
116.332 39.9754
116.332 39.9754
116.332 39.9754
116.332 39.9754
116.332 39.9754
116.332 39.9754
116.332 39.9754
116.332 39.9754
116.332 39.9754
116.332 39.9754
116.332 39.9754
116.332 39.9754
116.332 39.9754
116.332 39.9754
116.332 39.9754
116.332 39.9754
116.332 39.9754
116.332 39.9755
116.332 39.9755
116.332 39.9754
116.332 39.9754
116.332 39.9754
116.332 39.9754
116.332 39.9754
116.332 39.9754
116.332 39.9754
116.332 39.9754
116.332 39.9754
116.332 39.9754
116.332 39.9754
116.331 39.9754
116.331 39.9754
116.331 39.9755
116.331 39.9755
116.331 39.9755
116.331 39.9755
116.331 39.9755
116.331 39.9755
116.331 39.9755
116.331 39.9755
116.331 39.9755
116.331 39.9755
116.331 39.9755
116.331 39.9755
116.331 39.9755
116.331 39.9755
116.331 39.9755
116.331 39.9755
116.331 39.9755
116.331 39.9755
116.331 39.9755
116.331 39.9755
116.331 39.9755
116.331 39.9755
116.331 39.9755
116.331 39.9755
116.331 39.9755
116.331 39.9755
116.331 39.9754
116.331 39.9754
116.331 39.9754
116.331 39.9754
116.331 39.9754
116.331 39.9754
116.331 39.9754
116.331 39.9754
116.331 39.9754
116.331 39.9754
116.331 39.9754
116.331 39.9754
116.331 39.9754
116.331 39.9754
116.331 39.9754
116.331 39.9754
116.331 39.9754
116.331 39.9754
116.331 39.9754
116.331 39.9754
116.331 39.9755
116.331 39.9754
116.331 39.9754
116.331 39.9754
116.331 39.9754
116.331 39.9754
116.331 39.9754
116.331 39.9754
116.331 39.9755
116.331 39.9755
116.331 39.9755
116.331 39.9755
116.331 39.9755
116.331 39.9755
116.331 39.9755
116.331 39.9755
116.331 39.9754
116.331 39.9754
116.331 39.9754
116.331 39.9754
116.331 39.9754
116.331 39.9754
116.331 39.9755
116.331 39.9754
116.331 39.9755
116.331 39.9755
116.331 39.9755
116.331 39.9755
116.331 39.9755
116.331 39.9755
116.331 39.9755
116.331 39.9755
116.331 39.9755
116.331 39.9755
116.331 39.9755
116.331 39.9755
116.331 39.9755
116.331 39.9755
116.331 39.9755
116.331 39.9755
116.331 39.9755
116.331 39.9755
116.331 39.9755
116.331 39.9755
116.331 39.9755
116.331 39.9755
116.331 39.9755
116.331 39.9755
116.331 39.9755
116.331 39.9755
116.331 39.9755
116.331 39.9755
116.331 39.9755
116.331 39.9755
116.331 39.9755
116.331 39.9755
116.331 39.9755
116.331 39.9755
116.331 39.9755
116.331 39.9755
116.331 39.9755
116.331 39.9755
116.331 39.9755
116.331 39.9755
116.331 39.9755
116.331 39.9755
116.331 39.9755
116.331 39.9755
116.331 39.9755
116.331 39.9755
116.331 39.9755
116.331 39.9755
116.331 39.9755
116.331 39.9755
116.331 39.9755
116.331 39.9755
116.331 39.9755
116.331 39.9755
116.332 39.9755
116.332 39.9755
116.332 39.9755
116.332 39.9755
116.332 39.9755
116.332 39.9755
116.332 39.9755
116.332 39.9755
116.332 39.9755
116.332 39.9755
116.332 39.9755
116.332 39.9755
116.332 39.9755
116.332 39.9755
116.332 39.9755
116.332 39.9755
116.332 39.9755
116.332 39.9755
116.332 39.9755
116.332 39.9755
116.332 39.9755
116.332 39.9755
116.332 39.9755
116.332 39.9755
116.332 39.9755
116.332 39.9755
116.332 39.9755
116.332 39.9754
116.332 39.9754
116.332 39.9754
116.332 39.9755
116.332 39.9755
116.332 39.9755
116.332 39.9755
116.332 39.9755
116.332 39.9755
116.332 39.9755
116.332 39.9755
116.332 39.9755
116.332 39.9755
116.332 39.9755
116.332 39.9755
116.332 39.9755
116.332 39.9755
116.332 39.9755
116.332 39.9755
116.332 39.9755
116.332 39.9755
116.332 39.9755
116.332 39.9755
116.332 39.9755
116.332 39.9755
116.332 39.9755
116.332 39.9755
116.333 39.9755
116.333 39.9755
116.333 39.9755
116.333 39.9755
116.333 39.9755
116.333 39.9755
116.333 39.9755
116.333 39.9755
116.333 39.9755
116.333 39.9755
116.333 39.9755
116.333 39.9755
116.333 39.9755
116.333 39.9755
116.333 39.9755
116.333 39.9755
116.333 39.9755
116.333 39.9755
116.333 39.9755
116.333 39.9755
116.333 39.9755
116.333 39.9755
116.333 39.9755
116.333 39.9755
116.333 39.9755
116.333 39.9755
116.333 39.9755
116.333 39.9755
116.333 39.9755
116.333 39.9755
116.333 39.9755
116.333 39.9755
116.333 39.9755
116.333 39.9755
116.333 39.9755
116.333 39.9755
116.333 39.9755
116.333 39.9755
116.333 39.9755
116.333 39.9755
116.333 39.9755
116.333 39.9755
116.333 39.9755
116.333 39.9755
116.333 39.9755
116.333 39.9755
116.333 39.9755
116.333 39.9755
116.333 39.9755
116.333 39.9755
116.333 39.9754
116.333 39.9754
116.333 39.9754
116.333 39.9754
116.333 39.9754
116.333 39.9754
116.333 39.9754
116.333 39.9754
116.333 39.9754
116.334 39.9754
116.334 39.9754
116.334 39.9754
116.334 39.9754
116.334 39.9753
116.334 39.9753
116.334 39.9753
116.334 39.9753
116.334 39.9753
116.334 39.9753
116.334 39.9753
116.334 39.9753
116.334 39.9753
116.334 39.9753
116.334 39.9752
116.334 39.9752
116.334 39.9752
116.334 39.9752
116.334 39.9752
116.334 39.9751
116.334 39.9751
116.334 39.9751
116.334 39.975
116.334 39.975
116.334 39.975
116.334 39.975
116.334 39.9749
116.334 39.9749
116.334 39.9749
116.334 39.9749
116.334 39.9749
116.334 39.9749
116.334 39.9749
116.334 39.9749
116.334 39.9749
116.334 39.9749
116.334 39.9749
116.334 39.9749
116.334 39.9749
116.334 39.975
116.334 39.975
116.334 39.975
116.334 39.975
116.334 39.975
116.334 39.975
116.334 39.975
116.334 39.9751
116.334 39.975
116.334 39.9749
116.334 39.9749
116.334 39.9749
116.334 39.9749
116.334 39.9748
116.334 39.9748
116.334 39.9748
116.334 39.9748
116.334 39.9747
116.334 39.9747
116.334 39.9747
116.334 39.9747
116.334 39.9747
116.334 39.9747
116.334 39.9747
116.334 39.9747
116.334 39.9747
116.333 39.9747
116.333 39.9746
116.333 39.9746
116.333 39.9746
116.333 39.9746
116.333 39.9746
116.333 39.9746
116.333 39.9746
116.333 39.9745
116.333 39.9745
116.333 39.9745
116.333 39.9745
116.333 39.9745
116.333 39.9745
116.333 39.9745
116.329 39.9758
116.329 39.9757
116.329 39.9757
116.329 39.9756
116.329 39.9755
116.329 39.9754
116.329 39.9754
116.329 39.9754
116.329 39.9754
116.329 39.9754
116.329 39.9754
116.329 39.9754
116.329 39.9754
116.329 39.9754
116.329 39.9754
116.329 39.9754
116.329 39.9754
116.329 39.9755
116.329 39.9755
116.329 39.9755
116.328 39.9755
116.328 39.9755
116.328 39.9756
116.328 39.9756
116.328 39.9756
116.328 39.9756
116.328 39.9756
116.328 39.9756
116.328 39.9756
116.328 39.9756
116.328 39.9756
116.328 39.9756
116.328 39.9756
116.328 39.9756
116.328 39.9755
116.328 39.9755
116.328 39.9755
116.328 39.9755
116.327 39.9755
116.327 39.9754
116.327 39.9755
116.327 39.9755
116.327 39.9755
116.327 39.9755
116.327 39.9755
116.327 39.9755
116.327 39.9755
116.327 39.9755
116.327 39.9755
116.327 39.9755
116.327 39.9755
116.327 39.9756
116.327 39.9755
116.327 39.9755
116.326 39.9755
116.326 39.9755
116.326 39.9755
116.326 39.9755
116.326 39.9755
116.326 39.9756
116.326 39.9756
116.326 39.9756
116.326 39.9756
116.326 39.9756
116.326 39.9756
116.326 39.9756
116.326 39.9755
116.326 39.9755
116.326 39.9755
116.325 39.9754
116.325 39.9754
116.325 39.9754
116.325 39.9755
116.325 39.9755
116.325 39.9755
116.325 39.9755
116.325 39.9755
116.325 39.9756
116.325 39.9756
116.325 39.9756
116.325 39.9756
116.325 39.9756
116.325 39.9756
116.325 39.9756
116.325 39.9756
116.325 39.9756
116.324 39.9756
116.324 39.9755
116.324 39.9755
116.324 39.9755
116.324 39.9755
116.324 39.9756
116.324 39.9756
116.324 39.9756
116.324 39.9756
116.324 39.9756
116.324 39.9757
116.324 39.9757
116.324 39.9757
116.324 39.9757
116.324 39.9757
116.323 39.9757
116.323 39.9757
116.323 39.9756
116.323 39.9755
116.323 39.9755
116.323 39.9755
116.323 39.9754
116.323 39.9754
116.323 39.9754
116.323 39.9753
116.323 39.9753
116.323 39.9753
116.323 39.9753
116.323 39.9753
116.323 39.9753
116.322 39.9753
116.322 39.9752
116.322 39.9752
116.322 39.9752
116.322 39.9752
116.322 39.9752
116.322 39.9752
116.322 39.9752
116.322 39.9752
116.322 39.9752
116.322 39.9752
116.322 39.9753
116.322 39.9753
116.322 39.9753
116.322 39.9752
116.322 39.9753
116.321 39.9753
116.321 39.9752
116.321 39.9752
116.321 39.9752
116.321 39.9752
116.321 39.9752
116.321 39.9752
116.321 39.9752
116.321 39.9752
116.321 39.9752
116.321 39.9752
116.321 39.9752
116.321 39.9752
116.321 39.9752
116.321 39.9752
116.321 39.9751
116.321 39.9751
116.32 39.9751
116.32 39.9751
116.32 39.9751
116.32 39.9752
116.32 39.9752
116.32 39.9751
116.32 39.9751
116.32 39.9751
116.32 39.9752
116.32 39.9752
116.32 39.9752
116.32 39.9752
116.32 39.9752
116.32 39.9752
116.32 39.9752
116.32 39.9752
116.319 39.9752
116.319 39.9752
116.319 39.9752
116.319 39.9752
116.319 39.9752
116.319 39.9752
116.319 39.9752
116.319 39.9752
116.319 39.9752
116.319 39.9752
116.319 39.9752
116.319 39.9752
116.319 39.9752
116.319 39.9752
116.319 39.9752
116.318 39.9751
116.318 39.9751
116.318 39.9751
116.318 39.9751
116.318 39.9751
116.318 39.9751
116.318 39.9751
116.318 39.9751
116.318 39.9751
116.318 39.9751
116.318 39.9752
116.318 39.9752
116.318 39.9752
116.318 39.9752
116.318 39.9751
116.318 39.9752
116.317 39.9752
116.317 39.9752
116.317 39.9752
116.317 39.9752
116.317 39.9751
116.317 39.9751
116.317 39.9751
116.317 39.9751
116.317 39.9751
116.317 39.9751
116.317 39.9752
116.317 39.9752
116.317 39.9752
116.317 39.9752
116.317 39.9752
116.317 39.9751
116.317 39.9751
116.317 39.9752
116.316 39.9752
116.316 39.9752
116.316 39.9752
116.316 39.9752
116.316 39.9752
116.316 39.9752
116.316 39.9753
116.316 39.9753
116.316 39.9753
116.316 39.9753
116.316 39.9753
116.316 39.9753
116.316 39.9753
116.316 39.9752
116.316 39.9752
116.316 39.9752
116.315 39.9752
116.315 39.9752
116.315 39.9752
116.315 39.9752
116.315 39.9752
116.315 39.9752
116.315 39.9752
116.315 39.9753
116.315 39.9753
116.315 39.9753
116.315 39.9753
116.315 39.9753
116.315 39.9754
116.315 39.9754
116.315 39.9754
116.315 39.9754
116.315 39.9754
116.315 39.9754
116.314 39.9754
116.314 39.9754
116.314 39.9753
116.314 39.9753
116.314 39.9753
116.314 39.9753
116.314 39.9753
116.314 39.9753
116.314 39.9753
116.314 39.9753
116.314 39.9753
116.314 39.9753
116.314 39.9753
116.314 39.9753
116.314 39.9753
116.313 39.9752
116.313 39.9752
116.313 39.9752
116.313 39.9753
116.313 39.9753
116.313 39.9753
116.313 39.9754
116.313 39.9754
116.313 39.9753
116.313 39.9753
116.313 39.9753
116.313 39.9753
116.313 39.9753
116.313 39.9753
116.313 39.9752
116.312 39.9752
116.312 39.9752
116.312 39.9752
116.312 39.9752
116.312 39.9752
116.312 39.9751
116.312 39.9751
116.312 39.9751
116.312 39.9751
116.312 39.9751
116.312 39.9751
116.311 39.975
116.311 39.975
116.311 39.975
116.311 39.975
116.311 39.975
116.311 39.975
116.311 39.975
116.311 39.975
116.311 39.975
116.311 39.975
116.311 39.975
116.311 39.975
116.311 39.975
116.311 39.975
116.311 39.9751
116.311 39.9751
116.311 39.9752
116.311 39.9752
116.311 39.9752
116.311 39.9753
116.311 39.9753
116.311 39.9754
116.311 39.9754
116.311 39.9754
116.311 39.9755
116.311 39.9755
116.311 39.9756
116.311 39.9756
116.311 39.9756
116.311 39.9757
116.311 39.9757
116.311 39.9758
116.311 39.9758
116.311 39.9758
116.311 39.9758
116.311 39.9759
116.311 39.9759
116.311 39.9759
116.311 39.9759
116.311 39.9759
116.311 39.9759
116.311 39.9759
116.311 39.9759
116.311 39.976
116.311 39.9761
116.311 39.9761
116.311 39.9761
116.311 39.9762
116.311 39.9762
116.311 39.9762
116.311 39.9763
116.311 39.9763
116.311 39.9763
116.311 39.9764
116.311 39.9764
116.311 39.9765
116.311 39.9765
116.311 39.9765
116.311 39.9765
116.311 39.9765
116.311 39.9765
116.311 39.9765
116.311 39.9765
116.311 39.9765
116.311 39.9765
116.311 39.9765
116.311 39.9765
116.311 39.9765
116.311 39.9765
116.311 39.9765
116.311 39.9765
116.311 39.9765
116.311 39.9765
116.311 39.9765
116.311 39.9765
116.311 39.9765
116.311 39.9765
116.311 39.9765
116.311 39.9765
116.311 39.9765
116.311 39.9766
116.311 39.9766
116.311 39.9766
116.311 39.9766
116.311 39.9766
116.311 39.9766
116.311 39.9766
116.311 39.9766
116.311 39.9766
116.311 39.9766
116.311 39.9766
116.311 39.9766
116.31 39.9766
116.31 39.9765
116.31 39.9765
116.31 39.9766
116.31 39.9766
116.31 39.9767
116.31 39.9766
116.31 39.9767
116.31 39.9767
116.31 39.9767
116.31 39.9768
116.31 39.9768
116.31 39.9768
116.31 39.9768
116.311 39.9768
116.311 39.9768
116.311 39.9768
116.311 39.9768
116.311 39.9768
116.311 39.9768
116.31 39.978
116.31 39.9781
116.311 39.9781
116.311 39.9781
116.311 39.9782
116.311 39.9782
116.311 39.9783
116.311 39.9783
116.311 39.9784
116.311 39.9784
116.311 39.9784
116.311 39.9785
116.311 39.9785
116.311 39.9785
116.311 39.9786
116.311 39.9786
116.311 39.9787
116.311 39.9787
116.311 39.9788
116.311 39.9788
116.311 39.9788
116.311 39.9789
116.311 39.979
116.311 39.9791
116.311 39.9791
116.311 39.9791
116.311 39.9792
116.311 39.9792
116.311 39.9793
116.311 39.9793
116.311 39.9794
116.311 39.9794
116.311 39.9794
116.311 39.9794
116.311 39.9794
116.311 39.9795
116.311 39.9795
116.311 39.9795
116.311 39.9795
116.311 39.9796
116.311 39.9796
116.311 39.9797
116.311 39.9797
116.311 39.9798
116.311 39.9798
116.311 39.9799
116.311 39.9799
116.311 39.98
116.311 39.9801
116.311 39.9801
116.311 39.9802
116.311 39.9802
116.311 39.9803
116.311 39.9803
116.311 39.9806
116.311 39.9807
116.311 39.9808
116.311 39.9809
116.311 39.9809
116.311 39.981
116.311 39.981
116.311 39.981
116.311 39.981
116.311 39.981
116.311 39.981
116.311 39.9811
116.311 39.9813
116.311 39.9813
116.311 39.9813
116.311 39.9813
116.31 39.9811
116.31 39.9812
116.31 39.9813
116.31 39.9813
116.31 39.9814
116.31 39.9814
116.31 39.9814
116.31 39.9815
116.31 39.9815
116.31 39.9815
116.31 39.9815
116.31 39.9816
116.31 39.9816
116.31 39.9816
116.31 39.9816
116.31 39.9817
116.31 39.9817
116.31 39.9817
116.31 39.9817
116.31 39.9817
116.31 39.9817
116.31 39.9817
116.31 39.9817
116.31 39.9818
116.31 39.9818
116.31 39.9818
116.31 39.9818
116.31 39.9819
116.31 39.9819
116.31 39.982
116.31 39.982
116.31 39.9821
116.31 39.9821
116.31 39.9822
116.31 39.9822
116.31 39.982
116.31 39.982
116.31 39.982
116.31 39.9821
116.31 39.9821
116.31 39.9822
116.31 39.9822
116.31 39.9823
116.31 39.9823
116.31 39.9823
116.31 39.9823
116.31 39.9823
116.31 39.9824
116.31 39.9824
116.31 39.9824
116.31 39.9824
116.31 39.9824
116.31 39.9825
116.31 39.9825
116.31 39.9825
116.31 39.9826
116.311 39.9827
116.311 39.9828
116.311 39.9829
116.311 39.983
116.311 39.9831
116.311 39.9831
116.311 39.9832
116.311 39.9832
116.312 39.9833
116.312 39.9833
116.312 39.9833
116.312 39.9834
116.312 39.9835
116.313 39.9844
116.313 39.9846
116.313 39.9844
116.313 39.9843
116.313 39.9843
116.313 39.9843
116.313 39.9843
116.313 39.9844
116.313 39.9844
116.313 39.9844
116.313 39.9845
116.313 39.9845
116.313 39.9845
116.313 39.9845
116.313 39.9845
116.314 39.9844
116.314 39.9845
116.314 39.9845
116.314 39.9845
116.314 39.9845
116.314 39.9845
116.314 39.9845
116.314 39.9844
116.314 39.9843
116.314 39.9843
116.314 39.9843
116.314 39.9842
116.314 39.9842
116.314 39.9842
116.314 39.9842
116.314 39.9842
116.315 39.9842
116.315 39.9842
116.315 39.9842
116.315 39.9842
116.315 39.9842
116.315 39.9842
116.315 39.9842
116.315 39.9842
116.315 39.9842
116.315 39.9842
116.315 39.9842
116.315 39.9842
116.315 39.9842
116.315 39.9842
116.315 39.9842
116.316 39.9842
116.316 39.9842
116.316 39.9841
116.316 39.9841
116.316 39.9841
116.316 39.9841
116.316 39.9841
116.316 39.9841
116.316 39.9842
116.316 39.9842
116.316 39.9842
116.316 39.9842
116.316 39.9842
116.316 39.9843
116.316 39.9843
116.317 39.9843
116.317 39.9843
116.317 39.9842
116.317 39.9841
116.317 39.9841
116.317 39.9841
116.317 39.9841
116.317 39.9841
116.317 39.9841
116.317 39.9841
116.317 39.9841
116.317 39.9842
116.317 39.9842
116.317 39.9842
116.317 39.9841
116.318 39.9842
116.318 39.9842
116.318 39.9842
116.318 39.9842
116.318 39.9842
116.318 39.9842
116.318 39.9842
116.318 39.9842
116.318 39.9842
116.318 39.9841
116.318 39.9841
116.318 39.9841
116.318 39.9841
116.318 39.9841
116.318 39.9841
116.318 39.9841
116.319 39.9841
116.319 39.9841
116.319 39.9841
116.319 39.9841
116.319 39.9841
116.319 39.9841
116.319 39.9841
116.319 39.9841
116.319 39.9841
116.319 39.9841
116.319 39.9841
116.319 39.9841
116.319 39.9841
116.319 39.9841
116.32 39.9841
116.32 39.9842
116.32 39.9842
116.32 39.9842
116.32 39.9842
116.32 39.9842
116.32 39.9842
116.32 39.9842
116.32 39.9842
116.32 39.9842
116.32 39.9842
116.32 39.9842
116.32 39.9842
116.32 39.9842
116.32 39.9842
116.321 39.9842
116.321 39.9842
116.321 39.9842
116.321 39.9842
116.321 39.9842
116.321 39.9842
116.321 39.9842
116.321 39.9842
116.321 39.9842
116.321 39.9842
116.321 39.9842
116.321 39.9842
116.321 39.9842
116.321 39.9843
116.321 39.9842
116.321 39.9843
116.322 39.9843
116.322 39.9843
116.322 39.9843
116.322 39.9843
116.322 39.9843
116.322 39.9843
116.322 39.9843
116.322 39.9843
116.322 39.9843
116.322 39.9843
116.322 39.9843
116.322 39.9843
116.322 39.9843
116.322 39.9843
116.322 39.9843
116.322 39.9843
116.323 39.9843
116.323 39.9843
116.323 39.9843
116.323 39.9843
116.323 39.9843
116.323 39.9843
116.323 39.9843
116.323 39.9843
116.323 39.9843
116.323 39.9843
116.323 39.9843
116.323 39.9844
116.323 39.9844
116.323 39.9844
116.323 39.9844
116.323 39.9844
116.323 39.9844
116.323 39.9844
116.323 39.9844
116.323 39.9844
116.324 39.9844
116.324 39.9844
116.324 39.9844
116.324 39.9843
116.324 39.9843
116.324 39.9844
116.324 39.9843
116.324 39.9843
116.324 39.9843
116.324 39.9843
116.324 39.9844
116.324 39.9844
116.324 39.9844
116.325 39.9843
116.325 39.9843
116.325 39.9843
116.325 39.9843
116.325 39.9843
116.325 39.9844
116.325 39.9844
116.325 39.9844
116.325 39.9844
116.325 39.9844
116.325 39.9844
116.325 39.9844
116.325 39.9844
116.326 39.9844
116.326 39.9844
116.326 39.9844
116.326 39.9844
116.326 39.9844
116.326 39.9844
116.326 39.9844
116.326 39.9844
116.326 39.9844
116.326 39.9844
116.326 39.9844
116.326 39.9844
116.326 39.9844
116.327 39.9844
116.327 39.9844
116.327 39.9845
116.327 39.9845
116.327 39.9845
116.327 39.9846
116.327 39.9846
116.327 39.9846
116.327 39.9847
116.327 39.9847
116.327 39.9848
116.327 39.9848
116.327 39.9849
116.327 39.9849
116.327 39.985
116.327 39.985
116.327 39.985
116.327 39.985
116.327 39.985
116.327 39.985
116.327 39.985
116.327 39.985
116.327 39.985
116.327 39.985
116.327 39.985
116.327 39.985
116.327 39.985
116.327 39.985
116.327 39.985
116.327 39.9851
116.327 39.9851
116.327 39.9851
116.327 39.9851
116.327 39.9851
116.327 39.9852
116.327 39.9852
116.327 39.9853
116.327 39.9853
116.327 39.9854
116.327 39.9854
116.327 39.9855
116.327 39.9855
116.327 39.9856
116.327 39.9856
116.327 39.9857
116.327 39.9858
116.327 39.9858
116.327 39.9859
116.327 39.9859
116.327 39.986
116.327 39.986
116.327 39.9861
116.327 39.9861
116.327 39.9861
116.327 39.9862
116.327 39.9862
116.327 39.9863
116.327 39.9863
116.327 39.9864
116.327 39.9864
116.327 39.9865
116.327 39.9865
116.327 39.9866
116.327 39.9867
116.327 39.9867
116.327 39.9868
116.327 39.9868
116.327 39.9869
116.327 39.987
116.327 39.987
116.327 39.9871
116.327 39.9871
116.327 39.9872
116.327 39.9872
116.327 39.9873
116.327 39.9873
116.327 39.9874
116.327 39.9874
116.327 39.9874
116.327 39.9875
116.327 39.9875
116.327 39.9876
116.327 39.9876
116.327 39.9877
116.327 39.9877
116.327 39.9878
116.327 39.9878
116.327 39.9879
116.327 39.9879
116.327 39.988
116.327 39.988
116.327 39.9881
116.327 39.9881
116.327 39.9881
116.327 39.9882
116.327 39.9883
116.327 39.9883
116.327 39.9883
116.327 39.9883
116.327 39.9883
116.327 39.9883
116.327 39.9883
116.327 39.9884
116.327 39.9884
116.327 39.9884
116.327 39.9884
116.327 39.9884
116.327 39.9885
116.327 39.9885
116.327 39.9885
116.327 39.9885
116.327 39.9885
116.327 39.9885
116.327 39.9886
116.327 39.9886
116.327 39.9886
116.327 39.9886
116.327 39.9886
116.327 39.9886
116.327 39.9887
116.327 39.9887
116.327 39.9887
116.327 39.9887
116.327 39.9887
116.327 39.9887
116.327 39.9888
116.327 39.9888
116.327 39.9888
116.327 39.9888
116.327 39.9888
116.327 39.9888
116.327 39.9889
116.327 39.9889
116.327 39.9889
116.327 39.9889
116.327 39.9889
116.327 39.989
116.327 39.989
116.327 39.989
116.327 39.989
116.327 39.989
116.327 39.989
116.327 39.9891
116.327 39.9891
116.327 39.9891
116.327 39.9891
116.327 39.9891
116.327 39.9891
116.327 39.9891
116.327 39.9892
116.327 39.9892
116.327 39.9892
116.327 39.9892
116.327 39.9892
116.327 39.9893
116.327 39.9893
116.327 39.9893
116.327 39.9893
116.327 39.9893
116.327 39.9893
116.327 39.9893
116.327 39.9894
116.327 39.9894
116.327 39.9894
116.327 39.9894
116.327 39.9894
116.327 39.9894
116.327 39.9894
116.327 39.9894
116.327 39.9895
116.327 39.9895
116.327 39.9895
116.327 39.9895
116.327 39.9895
116.327 39.9896
116.327 39.9896
116.327 39.9896
116.327 39.9896
116.327 39.9897
116.327 39.9897
116.327 39.9897
116.327 39.9897
116.327 39.9897
116.327 39.9897
116.327 39.9898
116.327 39.9898
116.327 39.9898
116.327 39.9898
116.327 39.9898
116.327 39.9898
116.327 39.9898
116.327 39.9898
116.327 39.9898
116.327 39.9899
116.327 39.9899
116.327 39.9899
116.327 39.9899
116.327 39.9899
116.327 39.9899
116.327 39.99
116.327 39.99
116.327 39.99
116.327 39.99
116.327 39.99
116.327 39.9901
116.327 39.9901
116.327 39.9901
116.327 39.9901
116.327 39.9901
116.327 39.9902
116.327 39.9902
116.327 39.9902
116.327 39.9902
116.327 39.9903
116.327 39.9903
116.327 39.9904
116.327 39.9904
116.327 39.9904
116.327 39.9905
116.327 39.9905
116.327 39.9905
116.327 39.9906
116.327 39.9906
116.327 39.9907
116.327 39.9907
116.327 39.9908
116.327 39.9909
116.327 39.9909
116.327 39.9909
116.327 39.9909
116.327 39.9909
116.327 39.9911
116.327 39.9911
116.327 39.9911
116.327 39.9911
116.327 39.9911
116.327 39.9911
116.327 39.9912
116.327 39.9912
116.327 39.9912
116.327 39.9912
116.327 39.9913
116.328 39.9914
116.328 39.9914
116.328 39.9914
116.328 39.9914
116.328 39.9915
116.328 39.9915
116.328 39.9915
116.328 39.9915
116.328 39.9916
116.328 39.9917
116.328 39.9917
116.328 39.9917
116.328 39.9917
116.329 39.9918
116.329 39.9918
116.329 39.9918
116.329 39.9918
116.329 39.9918
116.329 39.9918
116.329 39.9919
116.329 39.992
116.329 39.992
116.329 39.992
116.329 39.992
116.329 39.992
116.329 39.9921
116.329 39.9921
116.329 39.9921
116.33 39.9921
116.33 39.9921
116.33 39.9921
116.33 39.9921
116.33 39.9921
116.33 39.9921
116.33 39.9921
116.33 39.9921
116.33 39.9921
116.33 39.992
116.33 39.992
116.33 39.9919
116.33 39.9919
116.33 39.9919
116.33 39.9919
116.33 39.9919
116.33 39.9919
116.33 39.9919
116.33 39.9919
116.33 39.9919
116.33 39.9919
116.33 39.9919
116.331 39.9919
116.331 39.992
116.331 39.992
116.331 39.9919
116.331 39.9919
116.331 39.9918
116.331 39.9917
116.331 39.9917
116.331 39.9917
116.331 39.9917
116.331 39.9916
116.331 39.9916
116.331 39.9916
116.331 39.9916
116.331 39.9916
116.331 39.9916
116.331 39.9916
116.331 39.9916
116.331 39.9916
116.331 39.9916
116.331 39.9916
116.331 39.9916
116.331 39.9916
116.331 39.9916
116.331 39.9916
116.331 39.9916
116.331 39.9916
116.331 39.9916
116.331 39.9916
116.331 39.9916
116.331 39.9916
116.331 39.9916
116.331 39.9915
116.331 39.9915
116.331 39.9915
116.331 39.9915
116.331 39.9915
116.331 39.9915
116.331 39.9915
116.331 39.9915
116.331 39.9915
116.331 39.9915
116.331 39.9915
116.331 39.9914
116.331 39.9914
116.331 39.9914
116.331 39.9914
116.331 39.9914
116.331 39.9914
116.331 39.9914
116.331 39.9914
116.331 39.9914
116.331 39.9914
116.331 39.9914
116.331 39.9914
116.331 39.9914
116.331 39.9914
116.331 39.9914
116.331 39.9914
116.331 39.9914
116.331 39.9914
116.331 39.9914
116.331 39.9914
116.331 39.9914
116.331 39.9914
116.331 39.9914
116.331 39.9914
116.331 39.9914
116.331 39.9914
116.332 39.9914
116.332 39.9914
116.332 39.9914
116.332 39.9914
116.332 39.9914
116.332 39.9914
116.332 39.9914
116.332 39.9914
116.332 39.9914
116.332 39.9914
116.332 39.9916
116.332 39.9916
116.332 39.9916
116.332 39.9916
116.332 39.9916
116.332 39.9916
116.332 39.9916
116.332 39.9916
116.332 39.9916
116.332 39.9916
116.332 39.9916
116.332 39.9916
116.332 39.9916
116.332 39.9916
116.332 39.9916
116.332 39.9916
116.332 39.9916
116.332 39.9916
116.332 39.9916
116.332 39.9916
116.332 39.9916
116.332 39.9916
116.332 39.9916
116.332 39.9916
116.332 39.9916
116.332 39.9916
116.332 39.9916
116.332 39.9916
116.332 39.9916
116.332 39.9916
116.332 39.9916
116.332 39.9916
116.332 39.9916
116.332 39.9916
116.332 39.9916
116.332 39.9916
116.332 39.9916
116.332 39.9916
116.332 39.9916
116.332 39.9916
116.332 39.9916
116.332 39.9916
116.332 39.9916
116.332 39.9916
116.332 39.9916
116.332 39.9916
116.332 39.9916
116.332 39.9916
116.332 39.9916
116.332 39.9916
116.332 39.9916
116.332 39.9916
116.332 39.9916
116.332 39.9916
116.332 39.9916
116.332 39.9916
116.332 39.9916
116.332 39.9916
116.332 39.9916
116.332 39.9916
116.332 39.9916
116.332 39.9916
116.332 39.9916
116.332 39.9916
116.332 39.9916
116.332 39.9916
116.332 39.9916
116.332 39.9916
116.332 39.9916
116.332 39.9916
116.332 39.9916
116.332 39.9916
116.332 39.9916
116.332 39.9916
116.332 39.9916
116.332 39.9916
116.332 39.9916
116.332 39.9916
116.332 39.9916
116.332 39.9916
116.332 39.9916
116.332 39.9917
116.332 39.9917
116.332 39.9917
116.332 39.9917
116.332 39.9917
116.332 39.9917
116.332 39.9917
116.332 39.9917
116.332 39.9917
116.332 39.9917
116.332 39.9917
116.332 39.9917
116.332 39.9917
116.332 39.9917
116.332 39.9917
116.332 39.9917
116.332 39.9917
116.332 39.9917
116.332 39.9917
116.332 39.9917
116.332 39.9918
116.332 39.9919
116.331 39.9922
116.331 39.9998
116.331 40.0006
116.331 40.0011
116.331 40.0015
116.331 40.0019
116.331 40.0023
116.331 40.0027
116.331 40.0031
116.331 40.0035
116.331 40.0038
116.331 40.0042
116.331 40.0045
116.331 40.0048
116.331 40.0052
116.331 40.0055
116.331 40.0058
116.331 40.0062
116.331 40.0065
116.331 40.0068
116.331 40.0071
116.331 40.0074
116.33 40.0077
116.33 40.008
116.33 40.0083
116.33 40.0086
116.33 40.0089
116.329 40.0091
116.329 40.0094
116.329 40.0096
116.328 40.0098
116.328 40.01
116.328 40.0103
116.328 40.0106
116.327 40.0108
116.327 40.0111
116.327 40.0114
116.326 40.0116
116.326 40.0119
116.326 40.0121
116.326 40.0124
116.325 40.0126
116.325 40.0129
116.325 40.0131
116.324 40.0133
116.324 40.0136
116.324 40.0138
116.324 40.0141
116.323 40.0143
116.323 40.0146
116.323 40.0148
116.322 40.015
116.322 40.0153
116.322 40.0155
116.322 40.0158
116.321 40.016
116.321 40.0163
116.321 40.0166
116.32 40.0168
116.32 40.0171
116.32 40.0173
116.32 40.0176
116.32 40.0179
116.319 40.0182
116.319 40.0185
116.319 40.0188
116.319 40.0191
116.319 40.0194
116.319 40.0197
116.319 40.02
116.319 40.0203
116.319 40.0206
116.318 40.0209
116.318 40.0212
116.318 40.0216
116.318 40.0219
116.318 40.0222
116.318 40.0225
116.318 40.0228
116.318 40.0231
116.318 40.0234
116.317 40.0237
116.317 40.024
116.317 40.0244
116.317 40.0247
116.317 40.025
116.317 40.0253
116.317 40.0256
116.317 40.0259
116.316 40.0262
116.316 40.0265
116.316 40.0268
116.316 40.0271
116.316 40.0273
116.316 40.0276
116.316 40.0279
116.316 40.0282
116.315 40.0285
116.315 40.0288
116.315 40.0291
116.315 40.0294
116.315 40.0296
116.315 40.0298
116.315 40.0301
116.315 40.0303
116.315 40.0305
116.315 40.0306
116.315 40.0308
116.314 40.031
116.314 40.0311
116.314 40.0313
116.314 40.0314
116.314 40.0315
116.314 40.0316
116.314 40.0316
116.314 40.0317
116.314 40.0317
116.314 40.0317
116.314 40.0318
116.314 40.0318
116.314 40.0318
116.314 40.0318
116.314 40.0318
116.314 40.0318
116.314 40.0318
116.314 40.0318
116.314 40.0318
116.314 40.0318
116.314 40.0318
116.314 40.0318
116.314 40.0318
116.314 40.0318
116.314 40.0318
116.314 40.0318
116.314 40.0318
116.314 40.0318
116.314 40.0318
116.314 40.0318
116.314 40.0318
116.314 40.0318
116.314 40.0318
116.314 40.0318
116.314 40.0318
116.314 40.0318
116.314 40.0318
116.314 40.0318
116.314 40.0318
116.314 40.0318
116.314 40.0319
116.314 40.0325
116.314 40.0332
116.314 40.0335
116.313 40.0338
116.313 40.0341
116.313 40.0344
116.313 40.0346
116.313 40.0349
116.313 40.0351
116.312 40.0354
116.312 40.0356
116.312 40.0359
116.312 40.0362
116.312 40.0364
116.311 40.0367
116.311 40.0369
116.311 40.0371
116.311 40.0373
116.311 40.0376
116.31 40.0378
116.31 40.038
116.31 40.0383
116.309 40.0385
116.309 40.0387
116.309 40.039
116.308 40.0393
116.308 40.0395
116.308 40.0398
116.308 40.0401
116.308 40.0404
116.307 40.0407
116.307 40.041
116.307 40.0413
116.307 40.0416
116.307 40.0419
116.307 40.0422
116.307 40.0424
116.306 40.0427
116.306 40.043
116.306 40.0433
116.306 40.0436
116.306 40.0439
116.305 40.0442
116.305 40.0444
116.305 40.0447
116.305 40.045
116.304 40.0453
116.304 40.0456
116.304 40.0459
116.304 40.0461
116.304 40.0464
116.303 40.0467
116.303 40.047
116.303 40.0472
116.303 40.0475
116.303 40.0478
116.302 40.048
116.302 40.0483
116.302 40.0485
116.302 40.0488
116.302 40.049
116.302 40.0492
116.302 40.0494
116.302 40.0497
116.301 40.0499
116.301 40.0501
116.301 40.0503
116.301 40.0505
116.301 40.0507
116.301 40.0506
116.301 40.0508
116.301 40.0513
116.3 40.0515
116.3 40.0517
116.3 40.0519
116.3 40.0521
116.3 40.0524
116.3 40.0526
116.3 40.0529
116.299 40.0532
116.299 40.0535
116.299 40.0539
116.299 40.0542
116.299 40.0545
116.299 40.0548
116.298 40.0552
116.298 40.0555
116.298 40.0558
116.298 40.0561
116.298 40.0565
116.297 40.0568
116.297 40.0571
116.297 40.0574
116.297 40.0577
116.297 40.058
116.297 40.0583
116.296 40.0586
116.296 40.0589
116.296 40.0592
116.296 40.0595
116.296 40.0598
116.296 40.0602
116.295 40.0605
116.295 40.0608
116.295 40.0611
116.295 40.0614
116.295 40.0616
116.294 40.0619
116.294 40.0622
116.294 40.0625
116.294 40.0628
116.293 40.0631
116.293 40.0634
116.293 40.0637
116.293 40.064
116.304 40.0702
116.304 40.0701
116.305 40.0699
116.305 40.0698
116.305 40.0697
116.306 40.0696
116.306 40.0695
116.307 40.0695
116.307 40.0694
116.307 40.0694
116.308 40.0694
116.308 40.0694
116.309 40.0694
116.309 40.0695
116.309 40.0695
116.31 40.0695
116.31 40.0695
116.311 40.0695
116.311 40.0695
116.311 40.0695
116.312 40.0695
116.312 40.0695
116.312 40.0695
116.312 40.0695
116.313 40.0695
116.313 40.0695
116.313 40.0695
116.313 40.0695
116.313 40.0695
116.313 40.0695
116.314 40.0695
116.314 40.0695
116.314 40.0695
116.314 40.0695
116.314 40.0695
116.314 40.0695
116.314 40.0695
116.314 40.0695
116.314 40.0695
116.314 40.0695
116.314 40.0695
116.314 40.0694
116.314 40.0694
116.314 40.0694
116.314 40.0694
116.314 40.0694
116.314 40.0694
116.314 40.0694
116.314 40.0694
