116.41 39.9683
116.41 39.9683
116.41 39.9683
116.41 39.9683
116.41 39.9682
116.41 39.9681
116.41 39.9681
116.411 39.9681
116.411 39.9681
116.411 39.9681
116.411 39.9681
116.411 39.9681
116.411 39.9681
116.411 39.9681
116.411 39.9679
116.411 39.9678
116.412 39.9678
116.412 39.9677
116.412 39.9677
116.412 39.9677
116.412 39.9677
116.412 39.9677
116.413 39.9677
116.413 39.9677
116.413 39.9677
116.413 39.9677
116.413 39.9677
116.413 39.9677
116.414 39.9677
116.414 39.9677
116.414 39.9677
116.414 39.9677
116.414 39.9677
116.414 39.9677
116.415 39.9677
116.415 39.9677
116.415 39.9677
116.415 39.9677
116.415 39.9677
116.415 39.9677
116.415 39.9677
116.415 39.9677
116.415 39.9677
116.416 39.9677
116.416 39.9677
116.416 39.9677
116.416 39.9677
116.416 39.9677
116.416 39.9677
116.416 39.9677
116.416 39.9677
116.417 39.9677
116.417 39.9677
116.417 39.9677
116.417 39.9677
116.417 39.9677
116.417 39.9677
116.417 39.9677
116.418 39.9677
116.418 39.9677
116.418 39.9677
116.418 39.9677
116.418 39.9677
116.418 39.9677
116.418 39.9677
116.418 39.9677
116.419 39.9677
116.419 39.9677
116.419 39.9677
116.419 39.9677
116.419 39.9677
116.419 39.9677
116.419 39.9677
116.419 39.9677
116.42 39.9677
116.42 39.9677
116.42 39.9677
116.42 39.9677
116.42 39.9677
116.42 39.9677
116.42 39.9677
116.42 39.9677
116.421 39.9677
116.421 39.9677
116.421 39.9677
116.421 39.9677
116.421 39.9677
116.421 39.9677
116.421 39.9677
116.421 39.9677
116.421 39.9677
116.422 39.9677
116.422 39.9677
116.422 39.9677
116.422 39.9677
116.422 39.9677
116.422 39.9677
116.422 39.9677
116.422 39.9677
116.423 39.9677
116.423 39.9678
116.423 39.9679
116.423 39.9679
116.423 39.9679
116.423 39.9679
116.423 39.968
116.423 39.968
116.424 39.968
116.424 39.968
116.424 39.968
116.424 39.968
116.424 39.968
116.424 39.968
116.425 39.968
116.425 39.968
116.425 39.968
116.425 39.968
116.425 39.968
116.426 39.968
116.426 39.9681
116.426 39.9681
116.426 39.9681
116.426 39.9681
116.427 39.9681
116.427 39.9681
116.427 39.9681
116.427 39.9681
116.427 39.9681
116.428 39.9681
116.428 39.9681
116.428 39.9681
116.428 39.9681
116.428 39.9681
116.429 39.9681
116.429 39.9681
116.429 39.9681
116.429 39.9681
116.429 39.968
116.43 39.968
116.43 39.968
116.43 39.9679
116.43 39.9679
116.43 39.9678
116.43 39.9678
116.431 39.9677
116.431 39.9677
116.431 39.9676
116.431 39.9675
116.431 39.9675
116.431 39.9674
116.432 39.9673
116.432 39.9672
116.432 39.9671
116.432 39.967
116.432 39.967
116.432 39.9669
116.432 39.9668
116.433 39.9666
116.433 39.9666
116.433 39.9665
116.433 39.9664
116.433 39.9663
116.433 39.9662
116.433 39.9661
116.433 39.966
116.434 39.966
116.434 39.9659
116.434 39.9658
116.434 39.9657
116.434 39.9657
116.434 39.9656
116.434 39.9655
116.434 39.9654
116.434 39.9654
116.434 39.9653
116.435 39.9653
116.435 39.9652
116.435 39.9651
116.435 39.9651
116.435 39.965
116.435 39.9649
116.435 39.9649
116.435 39.9648
116.435 39.9647
116.435 39.9647
116.435 39.9646
116.436 39.9645
116.436 39.9645
116.436 39.9644
116.436 39.9643
116.436 39.9643
116.436 39.9642
116.436 39.9641
116.436 39.964
116.436 39.964
116.437 39.9639
116.437 39.9638
116.437 39.9637
116.437 39.9637
116.437 39.9636
116.437 39.9635
116.437 39.9635
116.437 39.9634
116.437 39.9634
116.437 39.9633
116.437 39.9632
116.438 39.9632
116.438 39.9631
116.438 39.963
116.438 39.963
116.438 39.9629
116.438 39.9629
116.438 39.9628
116.438 39.9628
116.438 39.9627
116.438 39.9626
116.439 39.9626
116.439 39.9625
116.439 39.9625
116.439 39.9624
116.439 39.9624
116.439 39.9623
116.439 39.9623
116.439 39.9622
116.439 39.9621
116.439 39.9621
116.44 39.962
116.44 39.962
116.44 39.9619
116.44 39.9619
116.44 39.9618
116.44 39.9617
116.44 39.9616
116.44 39.9616
116.44 39.9615
116.44 39.9614
116.441 39.9614
116.441 39.9613
116.441 39.9612
116.441 39.9612
116.441 39.9611
116.441 39.9611
116.441 39.961
116.441 39.9609
116.441 39.9609
116.441 39.9608
116.442 39.9607
116.442 39.9607
116.442 39.9606
116.442 39.9606
116.442 39.9605
116.442 39.9604
116.442 39.9604
116.442 39.9603
116.442 39.9602
116.442 39.9602
116.443 39.9601
116.443 39.96
116.443 39.9599
116.443 39.9599
116.443 39.9598
116.443 39.9597
116.443 39.9596
116.443 39.9595
116.443 39.9595
116.443 39.9594
116.444 39.9593
116.444 39.9592
116.444 39.9591
116.444 39.959
116.444 39.959
116.444 39.9589
116.444 39.9588
116.444 39.9588
116.444 39.9587
116.445 39.9586
116.445 39.9586
116.445 39.9585
116.445 39.9585
116.445 39.9584
116.445 39.9583
116.445 39.9582
116.445 39.9581
116.445 39.958
116.446 39.958
116.446 39.9579
116.446 39.9579
116.446 39.9578
116.446 39.9577
116.446 39.9577
116.446 39.9576
116.446 39.9575
116.446 39.9575
116.446 39.9574
116.447 39.9574
116.447 39.9573
116.447 39.9572
116.447 39.9571
116.447 39.9571
116.447 39.957
116.447 39.9569
116.447 39.9568
116.448 39.9568
116.448 39.9567
116.448 39.9566
116.448 39.9565
116.448 39.9564
116.448 39.9564
116.448 39.9563
116.448 39.9562
116.448 39.9561
116.449 39.9561
116.449 39.956
116.449 39.9559
116.449 39.9559
116.449 39.9558
116.449 39.9557
116.449 39.9557
116.449 39.9556
116.449 39.9555
116.449 39.9555
116.45 39.9554
116.45 39.9553
116.45 39.9553
116.45 39.9552
116.45 39.9551
116.45 39.9551
116.45 39.955
116.45 39.9549
116.45 39.9549
116.45 39.9548
116.45 39.9547
116.45 39.9547
116.451 39.9546
116.451 39.9545
116.451 39.9544
116.451 39.9543
116.451 39.9543
116.451 39.9542
116.451 39.9541
116.451 39.954
116.452 39.9539
116.452 39.9538
116.452 39.9537
116.452 39.9536
116.452 39.9535
116.452 39.9534
116.452 39.9533
116.452 39.9532
116.452 39.9532
116.452 39.9531
116.453 39.9531
116.453 39.953
116.453 39.9529
116.453 39.9529
116.453 39.9528
116.453 39.9527
116.453 39.9527
116.453 39.9526
116.453 39.9526
116.453 39.9525
116.454 39.9524
116.454 39.9523
116.454 39.9522
116.454 39.9522
116.454 39.9521
116.454 39.952
116.454 39.9519
116.454 39.9518
116.454 39.9517
116.454 39.9516
116.454 39.9516
116.455 39.9514
116.455 39.9513
116.455 39.9512
116.455 39.9511
116.455 39.9509
116.455 39.9508
116.455 39.9507
116.455 39.9506
116.455 39.9505
116.455 39.9504
116.455 39.9503
116.455 39.9501
116.455 39.95
116.455 39.9499
116.455 39.9499
116.455 39.9498
116.455 39.9497
116.455 39.9496
116.455 39.9494
116.455 39.9492
116.455 39.9491
116.455 39.949
116.455 39.9489
116.455 39.9488
116.455 39.9486
116.455 39.9485
116.455 39.9484
116.455 39.9482
116.455 39.9481
116.455 39.948
116.455 39.9479
116.455 39.9479
116.455 39.9478
116.455 39.9478
116.455 39.9478
116.454 39.9478
116.454 39.9478
116.454 39.9478
116.454 39.9478
116.454 39.9478
116.454 39.9478
116.454 39.9478
116.454 39.9478
116.454 39.9478
116.453 39.9477
116.453 39.9477
116.453 39.9476
116.453 39.9476
116.453 39.9476
116.453 39.9476
116.453 39.9475
116.453 39.9476
116.452 39.9476
116.452 39.9475
116.452 39.9475
116.452 39.9475
116.452 39.9475
116.452 39.9474
116.452 39.9474
116.451 39.9473
116.451 39.9473
116.451 39.9472
116.451 39.9472
116.451 39.9472
116.451 39.9472
116.451 39.9472
116.451 39.9472
116.451 39.9472
116.451 39.9472
116.45 39.9472
116.45 39.9471
116.45 39.9471
116.45 39.9471
116.45 39.9471
116.45 39.9471
116.45 39.9471
116.45 39.947
116.449 39.947
116.449 39.9471
116.449 39.9471
116.449 39.947
116.449 39.947
116.449 39.947
116.449 39.947
116.449 39.9469
116.448 39.9469
116.448 39.9469
116.448 39.9469
116.448 39.9469
116.448 39.9469
116.448 39.9469
116.448 39.9469
116.447 39.9468
116.447 39.9468
116.447 39.9468
116.447 39.9468
116.447 39.9468
116.447 39.9467
116.447 39.9467
116.446 39.9466
116.446 39.9466
116.446 39.9466
116.446 39.9465
116.446 39.9465
116.446 39.9465
116.446 39.9465
116.446 39.9464
116.445 39.9464
116.445 39.9464
116.445 39.9465
116.445 39.9465
116.445 39.9465
116.445 39.9465
116.445 39.9465
116.445 39.9464
116.445 39.9464
116.444 39.9464
116.444 39.9464
116.444 39.9464
116.444 39.9464
116.444 39.9464
116.444 39.9465
116.444 39.9465
116.444 39.9467
116.444 39.9467
116.443 39.9468
116.443 39.9469
116.443 39.947
116.443 39.947
116.443 39.9471
116.443 39.9471
116.443 39.9472
116.443 39.9472
116.443 39.9473
116.443 39.9474
116.443 39.9474
116.442 39.9475
116.442 39.9475
116.442 39.9476
116.442 39.9477
116.442 39.9478
116.442 39.9478
116.442 39.9479
116.442 39.9479
116.442 39.948
116.442 39.9481
116.442 39.9481
116.442 39.9482
116.441 39.9482
116.441 39.9483
116.441 39.9484
116.441 39.9484
116.441 39.9485
116.441 39.9485
116.441 39.9486
116.441 39.9486
116.441 39.9487
116.441 39.9488
116.441 39.9488
116.44 39.9489
116.44 39.949
116.44 39.9491
116.44 39.9492
116.441 39.9493
116.441 39.9494
116.441 39.9495
116.441 39.9495
116.441 39.9496
116.441 39.9497
116.441 39.9498
116.441 39.9499
116.441 39.95
116.442 39.9501
116.442 39.9502
116.442 39.9503
116.442 39.9505
116.442 39.9506
116.442 39.9507
116.442 39.9508
116.442 39.9509
116.443 39.9511
116.443 39.9512
116.443 39.9513
116.443 39.9514
116.443 39.9515
116.443 39.9517
116.443 39.9518
116.444 39.9519
116.444 39.9519
116.444 39.952
116.444 39.9521
116.444 39.9522
116.444 39.9523
116.444 39.9523
116.444 39.9524
116.444 39.9525
116.444 39.9526
116.444 39.9527
116.444 39.9527
116.445 39.9528
116.445 39.9529
116.445 39.953
116.445 39.953
116.445 39.9531
116.445 39.9532
116.445 39.9533
116.445 39.9534
116.445 39.9535
116.445 39.9536
116.446 39.9537
116.446 39.9538
116.446 39.9538
116.446 39.9539
116.446 39.954
116.446 39.9541
116.446 39.9542
116.446 39.9543
116.446 39.9544
116.446 39.9545
116.446 39.9546
116.447 39.9547
116.447 39.9549
116.447 39.955
116.447 39.9551
116.447 39.9552
116.447 39.9554
116.447 39.9555
116.447 39.9556
116.448 39.9557
116.448 39.9558
116.448 39.9559
116.448 39.956
116.448 39.9561
116.448 39.9562
116.448 39.9564
116.448 39.9565
116.449 39.9566
116.449 39.9567
116.449 39.9567
116.449 39.9568
116.449 39.9569
116.449 39.9569
116.449 39.9569
116.449 39.9569
116.45 39.9568
116.45 39.9567
116.45 39.9567
116.45 39.9566
116.45 39.9565
116.45 39.9564
116.45 39.9563
116.45 39.9562
116.449 39.9562
116.449 39.9561
116.449 39.9561
116.449 39.9562
116.449 39.9562
116.449 39.9563
116.449 39.9563
116.449 39.9564
116.448 39.9565
116.448 39.9566
116.448 39.9566
116.448 39.9567
116.448 39.9568
116.448 39.9568
116.448 39.9569
116.448 39.957
116.447 39.9571
116.447 39.9572
116.447 39.9572
116.447 39.9573
116.447 39.9573
116.447 39.9574
116.447 39.9575
116.447 39.9575
116.447 39.9576
116.446 39.9577
116.446 39.9578
116.446 39.9579
116.446 39.9579
116.446 39.958
116.446 39.9581
116.446 39.9581
116.446 39.9582
116.446 39.9583
116.446 39.9583
116.445 39.9584
116.445 39.9585
116.445 39.9585
116.445 39.9586
116.445 39.9587
116.445 39.9588
116.445 39.9588
116.445 39.9589
116.445 39.959
116.445 39.9591
116.445 39.9592
116.444 39.9593
116.444 39.9594
116.444 39.9594
116.444 39.9595
116.444 39.9595
116.444 39.9595
116.444 39.9596
116.444 39.9596
116.444 39.9597
116.444 39.9597
116.444 39.9598
116.443 39.9598
116.443 39.9599
116.443 39.96
116.443 39.96
116.443 39.9601
116.443 39.9602
116.443 39.9603
116.443 39.9603
116.442 39.9604
116.442 39.9605
116.442 39.9606
116.442 39.9606
116.442 39.9607
116.442 39.9608
116.442 39.9609
116.442 39.961
116.441 39.9611
116.441 39.9612
116.441 39.9613
116.441 39.9614
116.441 39.9614
116.441 39.9615
116.441 39.9615
116.441 39.9616
116.441 39.9616
116.44 39.9617
116.44 39.9617
116.44 39.9618
116.44 39.9618
116.44 39.9619
116.44 39.962
116.44 39.962
116.44 39.9621
116.44 39.9622
116.44 39.9622
116.44 39.9623
116.439 39.9623
116.439 39.9624
116.439 39.9625
116.439 39.9626
116.439 39.9626
116.439 39.9627
116.439 39.9628
116.439 39.9628
116.439 39.9629
116.438 39.963
116.438 39.9631
116.438 39.9631
116.438 39.9632
116.438 39.9633
116.438 39.9633
116.438 39.9634
116.438 39.9635
116.438 39.9636
116.437 39.9637
116.437 39.9637
116.437 39.9638
116.437 39.9639
116.437 39.9639
116.437 39.964
116.437 39.9641
116.437 39.9641
116.437 39.9642
116.437 39.9642
116.436 39.9643
116.436 39.9644
116.436 39.9645
116.436 39.9645
116.436 39.9646
116.436 39.9646
116.436 39.9647
116.436 39.9648
116.436 39.9649
116.435 39.965
116.435 39.9651
116.435 39.9651
116.435 39.9652
116.435 39.9653
116.435 39.9654
116.435 39.9655
116.434 39.9656
116.434 39.9656
116.434 39.9657
116.434 39.9657
116.434 39.9658
116.434 39.9659
116.434 39.9659
116.434 39.966
116.434 39.9661
116.434 39.9661
116.433 39.9662
116.433 39.9663
116.433 39.9664
116.433 39.9664
116.433 39.9665
116.433 39.9666
116.433 39.9667
116.433 39.9667
116.433 39.9668
116.432 39.9669
116.432 39.9669
116.432 39.967
116.432 39.9671
116.432 39.9671
116.432 39.9672
116.432 39.9673
116.432 39.9673
116.432 39.9674
116.431 39.9675
116.431 39.9675
116.431 39.9676
116.431 39.9676
116.431 39.9677
116.431 39.9677
116.431 39.9678
116.431 39.9678
116.431 39.9679
116.43 39.9679
116.43 39.968
116.43 39.968
116.43 39.968
116.43 39.9681
116.43 39.9681
116.43 39.9681
116.429 39.9682
116.429 39.9682
116.429 39.9682
116.429 39.9683
116.429 39.9683
116.429 39.9683
116.428 39.9683
116.428 39.9683
116.428 39.9683
116.428 39.9683
116.427 39.9683
116.427 39.9683
116.427 39.9683
116.427 39.9683
116.426 39.9683
116.426 39.9683
116.426 39.9683
116.426 39.9683
116.425 39.9683
116.425 39.9682
116.425 39.9682
116.425 39.9682
116.424 39.9682
116.424 39.9682
116.424 39.9682
116.424 39.9682
116.423 39.9682
116.423 39.9682
116.423 39.9682
116.423 39.9682
116.423 39.9682
116.422 39.9682
116.422 39.9681
116.422 39.9681
116.422 39.9681
116.421 39.9681
116.421 39.9681
116.421 39.9681
116.421 39.9681
116.421 39.9681
116.421 39.9681
116.42 39.9681
116.42 39.9681
116.42 39.9681
116.42 39.9681
116.42 39.9681
116.42 39.9681
116.42 39.9681
116.419 39.9681
116.419 39.9681
116.419 39.9681
116.419 39.9681
116.419 39.9681
116.419 39.968
116.419 39.968
116.419 39.968
116.418 39.968
116.418 39.968
116.418 39.968
116.418 39.968
116.418 39.968
116.418 39.968
116.417 39.968
116.417 39.968
116.417 39.968
116.417 39.968
116.417 39.968
116.417 39.968
116.416 39.968
116.416 39.968
116.416 39.968
116.416 39.968
116.416 39.968
116.416 39.968
116.415 39.968
116.415 39.968
116.415 39.9679
116.415 39.9679
116.415 39.9679
116.415 39.9679
116.415 39.9679
116.414 39.9679
116.414 39.9679
116.414 39.9679
116.414 39.9679
116.414 39.9679
116.414 39.9679
116.414 39.9679
116.414 39.9679
116.413 39.9679
116.413 39.9679
116.413 39.9679
116.413 39.9679
116.413 39.9679
116.413 39.9679
116.413 39.9679
116.413 39.9679
116.413 39.9679
116.412 39.9679
116.412 39.9679
116.412 39.9679
116.412 39.9679
116.412 39.9679
116.412 39.9679
116.412 39.9679
116.412 39.9679
116.412 39.9679
116.411 39.9678
116.411 39.9678
116.411 39.9678
116.411 39.9678
116.411 39.9678
116.411 39.9678
116.411 39.9678
116.411 39.9678
116.411 39.9678
116.41 39.9678
116.41 39.9678
116.41 39.9678
116.41 39.9678
116.41 39.9678
116.41 39.9678
116.41 39.9678
116.41 39.9678
116.41 39.9678
116.409 39.9678
116.409 39.9678
116.409 39.9678
116.409 39.9678
116.409 39.9678
116.409 39.9678
116.409 39.9678
116.409 39.9678
116.408 39.9678
116.408 39.9678
116.408 39.9678
116.408 39.9678
116.408 39.9678
116.408 39.9678
116.408 39.9678
116.408 39.9678
116.408 39.9678
116.407 39.9678
116.407 39.9678
116.407 39.9678
116.407 39.9679
116.407 39.9679
116.407 39.9679
116.407 39.9679
116.407 39.9679
116.407 39.9679
116.406 39.9679
116.406 39.9679
116.406 39.9679
116.406 39.9679
116.406 39.9679
116.406 39.9678
116.406 39.9679
116.406 39.9679
116.406 39.9679
116.405 39.9678
116.405 39.9678
116.405 39.9678
116.405 39.9678
116.405 39.9678
116.405 39.9678
116.405 39.9678
116.405 39.9678
116.404 39.9678
116.404 39.9678
116.404 39.9678
116.404 39.9678
116.404 39.9678
116.404 39.9678
116.404 39.9677
116.404 39.9677
116.404 39.9678
116.403 39.9678
116.403 39.9678
116.403 39.9678
116.403 39.9677
116.403 39.9677
116.403 39.9677
116.403 39.9677
116.402 39.9677
116.402 39.9677
116.402 39.9677
116.402 39.9677
116.402 39.9677
116.402 39.9677
116.402 39.9677
116.401 39.9677
116.401 39.9677
116.401 39.9677
116.401 39.9677
116.401 39.9677
116.401 39.9677
116.401 39.9677
116.4 39.9677
116.4 39.9677
116.4 39.9676
116.4 39.9676
116.4 39.9676
116.399 39.9676
116.399 39.9676
116.399 39.9676
116.399 39.9676
116.399 39.9676
116.399 39.9676
116.399 39.9676
116.398 39.9676
116.398 39.9676
116.398 39.9676
116.398 39.9676
116.398 39.9676
116.398 39.9676
116.398 39.9676
116.397 39.9676
116.397 39.9676
116.397 39.9676
116.397 39.9676
116.397 39.9676
116.397 39.9676
116.397 39.9676
116.396 39.9676
116.396 39.9676
116.396 39.9676
116.396 39.9676
116.396 39.9676
116.396 39.9676
116.396 39.9676
116.395 39.9675
116.395 39.9676
116.395 39.9676
116.395 39.9676
116.395 39.9676
116.395 39.9675
116.395 39.9675
116.395 39.9675
116.394 39.9675
116.394 39.9675
116.394 39.9675
116.394 39.9675
116.394 39.9675
116.394 39.9675
116.394 39.9675
116.394 39.9675
116.393 39.9675
116.393 39.9675
116.393 39.9675
116.393 39.9676
116.393 39.9675
116.393 39.9676
116.393 39.9676
116.393 39.9676
116.393 39.9676
116.392 39.9676
116.392 39.9676
116.392 39.9676
116.392 39.9676
116.392 39.9675
116.392 39.9675
116.392 39.9675
116.392 39.9675
116.392 39.9674
116.391 39.9674
116.391 39.9674
116.391 39.9674
116.391 39.9674
116.391 39.9674
116.391 39.9674
116.391 39.9674
116.391 39.9674
116.391 39.9674
116.39 39.9674
116.39 39.9674
116.39 39.9674
116.39 39.9674
116.39 39.9674
116.39 39.9674
116.39 39.9674
116.39 39.9674
116.39 39.9674
116.389 39.9674
116.389 39.9674
116.389 39.9674
116.389 39.9674
116.389 39.9674
116.389 39.9674
116.389 39.9674
116.388 39.9674
116.388 39.9673
116.388 39.9673
116.388 39.9673
116.388 39.9673
116.388 39.9673
116.387 39.9673
116.387 39.9673
116.387 39.9673
116.387 39.9673
116.387 39.9673
116.387 39.9674
116.387 39.9675
116.387 39.9676
116.387 39.9677
116.387 39.9677
116.387 39.9677
116.387 39.9677
116.387 39.9677
116.387 39.9677
116.388 39.9677
116.388 39.9677
116.388 39.9677
116.388 39.9677
116.388 39.9677
116.388 39.9676
116.388 39.9675
116.388 39.9674
116.388 39.9672
116.388 39.9671
116.388 39.967
116.388 39.9669
116.388 39.9668
116.388 39.9667
116.388 39.9666
116.388 39.9665
116.388 39.9664
116.388 39.9662
116.388 39.9661
116.388 39.966
116.388 39.9659
116.388 39.9657
116.388 39.9656
116.388 39.9655
116.388 39.9654
116.388 39.9652
116.388 39.9651
116.388 39.965
116.388 39.9648
116.388 39.9647
116.388 39.9645
116.388 39.9644
116.388 39.9643
116.388 39.9642
116.388 39.9641
116.388 39.964
116.388 39.9639
116.388 39.9638
116.388 39.9637
116.388 39.9636
116.388 39.9635
116.388 39.9634
116.388 39.9633
116.388 39.9632
116.388 39.963
116.389 39.9629
116.389 39.9627
116.389 39.9626
116.389 39.9625
116.389 39.9624
116.389 39.9623
116.389 39.9622
116.389 39.962
116.389 39.9619
116.389 39.9618
116.389 39.9616
116.389 39.9614
116.389 39.9613
116.389 39.9611
116.389 39.9609
116.389 39.9608
116.389 39.9606
116.389 39.9605
116.389 39.9603
116.389 39.9602
116.389 39.96
116.389 39.9599
116.389 39.9598
116.389 39.9597
116.389 39.9596
116.389 39.9595
116.389 39.9593
116.389 39.9592
116.389 39.9591
116.389 39.959
116.389 39.9589
116.389 39.9588
116.389 39.9587
116.389 39.9586
116.389 39.9584
116.389 39.9583
116.389 39.9582
116.389 39.958
116.389 39.9579
116.389 39.9578
116.389 39.9576
116.389 39.9574
116.389 39.9573
116.389 39.9572
116.389 39.957
116.389 39.9569
116.389 39.9567
116.389 39.9565
116.389 39.9564
116.389 39.9562
116.389 39.9561
116.389 39.9559
116.389 39.9558
116.389 39.9556
116.389 39.9555
116.389 39.9554
116.389 39.9552
116.389 39.9551
116.389 39.9549
116.389 39.9548
116.389 39.9546
116.389 39.9545
116.389 39.9543
116.389 39.9542
116.389 39.954
116.389 39.9539
116.389 39.9537
116.389 39.9536
116.389 39.9534
116.389 39.9533
116.389 39.9531
116.389 39.953
116.389 39.9529
116.389 39.9528
116.389 39.9526
116.389 39.9525
116.389 39.9524
116.389 39.9523
116.389 39.9522
116.389 39.9521
116.389 39.952
116.389 39.9519
116.389 39.9517
116.389 39.9516
116.389 39.9515
116.389 39.9514
116.389 39.9513
116.389 39.9512
116.389 39.9511
116.389 39.9509
116.389 39.9508
116.389 39.9507
116.389 39.9506
116.389 39.9505
116.389 39.9504
116.389 39.9502
116.389 39.9501
116.389 39.9499
116.389 39.9497
116.389 39.9496
116.389 39.9495
116.389 39.9494
116.389 39.9493
116.389 39.9492
116.389 39.9491
116.389 39.949
116.389 39.9489
116.389 39.9488
116.389 39.9486
116.389 39.9485
116.389 39.9484
116.389 39.9483
116.389 39.9482
116.389 39.9481
116.389 39.948
116.389 39.9479
116.389 39.9478
116.389 39.9477
116.389 39.9477
116.389 39.9478
116.389 39.9478
116.389 39.9478
116.388 39.9478
116.388 39.9478
116.388 39.9478
116.388 39.9478
116.388 39.9479
116.388 39.9479
116.388 39.9479
116.388 39.9479
116.387 39.9479
116.387 39.9479
116.387 39.9479
116.387 39.9479
116.387 39.9478
116.387 39.9478
116.387 39.9478
116.387 39.9478
116.387 39.9478
116.386 39.9478
116.386 39.9478
116.386 39.9478
116.386 39.9478
116.386 39.9478
116.386 39.9478
116.386 39.9478
116.386 39.9478
116.385 39.9478
116.385 39.9478
116.385 39.9478
116.385 39.9478
116.385 39.9478
116.385 39.9478
116.385 39.9478
116.385 39.9478
116.385 39.9478
116.384 39.9478
116.384 39.9478
116.384 39.9478
116.384 39.9478
116.384 39.9478
116.384 39.9478
116.384 39.9478
116.384 39.9478
116.384 39.9478
116.383 39.9478
116.383 39.9478
116.383 39.9478
116.383 39.9478
116.383 39.9478
116.383 39.9478
116.382 39.9478
116.382 39.9478
116.382 39.9478
116.382 39.9478
116.382 39.9478
116.381 39.9478
116.381 39.9478
116.381 39.9478
116.381 39.9477
116.381 39.9477
116.38 39.9477
116.38 39.9477
116.38 39.9477
116.38 39.9477
116.38 39.9477
116.379 39.9477
116.379 39.9477
116.379 39.9477
116.379 39.9477
116.379 39.9477
116.379 39.9477
116.378 39.9477
116.378 39.9478
116.378 39.9477
116.378 39.9477
116.378 39.9477
116.378 39.9478
116.378 39.9477
116.378 39.9477
116.377 39.9477
116.377 39.9478
116.377 39.9477
116.377 39.9477
116.377 39.9477
116.377 39.9477
116.377 39.9477
116.376 39.9477
116.376 39.9477
116.376 39.9477
116.376 39.9477
116.376 39.9477
116.376 39.9477
116.376 39.9477
116.376 39.9477
116.376 39.9477
116.375 39.9477
116.375 39.9477
116.375 39.9477
116.375 39.9477
116.375 39.9477
116.374 39.9477
116.374 39.9477
116.374 39.9477
116.374 39.9477
116.374 39.9476
116.374 39.9476
116.373 39.9476
116.373 39.9476
116.373 39.9476
116.373 39.9476
116.372 39.9476
116.372 39.9476
116.372 39.9476
116.372 39.9476
116.372 39.9477
116.372 39.9476
116.372 39.9477
116.371 39.9476
116.371 39.9476
116.371 39.9476
116.371 39.9477
116.371 39.9477
116.371 39.9477
116.371 39.9477
116.371 39.9477
116.371 39.9477
116.371 39.9477
116.37 39.9477
116.37 39.9477
116.37 39.9477
116.37 39.9477
116.37 39.9477
116.37 39.9477
116.37 39.9476
116.37 39.9476
116.37 39.9476
116.37 39.9476
116.369 39.9476
116.369 39.9476
116.369 39.9476
116.369 39.9476
116.369 39.9476
116.369 39.9476
116.369 39.9477
116.369 39.9477
116.368 39.9476
116.368 39.9476
116.368 39.9476
116.368 39.9476
116.368 39.9476
116.368 39.9476
116.368 39.9476
116.368 39.9476
116.367 39.9476
116.367 39.9476
116.367 39.9476
116.367 39.9476
116.367 39.9476
116.367 39.9476
116.367 39.9475
116.367 39.9475
116.367 39.9475
116.366 39.9475
116.366 39.9475
116.366 39.9475
116.366 39.9475
116.366 39.9475
116.366 39.9476
116.366 39.9476
116.366 39.9478
116.366 39.9479
116.366 39.9481
116.366 39.9482
116.366 39.9483
116.366 39.9484
116.366 39.9485
116.366 39.9486
116.366 39.9487
116.366 39.9488
116.366 39.9489
116.366 39.949
116.366 39.9491
116.366 39.9493
116.366 39.9494
116.366 39.9495
116.366 39.9496
116.366 39.9497
116.366 39.9499
116.366 39.95
116.365 39.9501
116.365 39.9502
116.365 39.9503
116.365 39.9504
116.365 39.9506
116.365 39.9507
116.365 39.9508
116.365 39.951
116.365 39.9511
116.365 39.9513
116.365 39.9514
116.365 39.9516
116.365 39.9517
116.365 39.9518
116.365 39.952
116.365 39.9521
116.365 39.9522
116.365 39.9523
116.365 39.9525
116.365 39.9526
116.365 39.9527
116.365 39.9529
116.365 39.953
116.365 39.9532
116.365 39.9533
116.365 39.9534
116.365 39.9536
116.365 39.9537
116.365 39.9538
116.365 39.9539
116.365 39.9541
116.365 39.9542
116.365 39.9543
116.365 39.9544
116.365 39.9546
116.365 39.9547
116.365 39.9548
116.365 39.955
116.365 39.9551
116.365 39.9553
116.365 39.9554
116.365 39.9555
116.365 39.9557
116.365 39.9558
116.365 39.9559
116.365 39.956
116.365 39.9561
116.365 39.9563
116.365 39.9563
116.365 39.9565
116.365 39.9565
116.365 39.9567
116.365 39.9568
116.365 39.957
116.365 39.9571
116.365 39.9572
116.365 39.9573
116.365 39.9574
116.365 39.9575
116.365 39.9576
116.365 39.9577
116.365 39.9579
116.365 39.958
116.365 39.9581
116.365 39.9582
116.365 39.9583
116.365 39.9584
116.365 39.9585
116.365 39.9586
116.365 39.9587
116.365 39.9588
116.365 39.9589
116.365 39.959
116.365 39.9591
116.365 39.9592
116.365 39.9593
116.365 39.9594
116.365 39.9596
116.365 39.9597
116.365 39.9598
116.365 39.9599
116.365 39.96
116.365 39.9602
116.365 39.9603
116.365 39.9604
116.365 39.9606
116.364 39.9607
116.364 39.9608
116.364 39.9609
116.364 39.9611
116.364 39.9612
116.364 39.9613
116.364 39.9614
116.364 39.9615
116.364 39.9617
116.364 39.9618
116.364 39.9619
116.364 39.962
116.364 39.9621
116.364 39.9623
116.364 39.9624
116.364 39.9625
116.364 39.9626
116.364 39.9628
116.364 39.9629
116.364 39.963
116.364 39.9632
116.364 39.9633
116.364 39.9634
116.364 39.9635
116.364 39.9636
116.364 39.9637
116.364 39.9639
116.364 39.964
116.364 39.9642
116.364 39.9643
116.364 39.9645
116.364 39.9646
116.364 39.9647
116.364 39.9648
116.364 39.9649
116.364 39.965
116.364 39.9651
116.364 39.9652
116.364 39.9653
116.364 39.9654
116.364 39.9655
116.364 39.9656
116.364 39.9657
116.364 39.9658
116.364 39.9659
116.364 39.966
116.364 39.9661
116.364 39.9662
116.365 39.9662
116.365 39.9662
116.365 39.9662
116.365 39.9662
116.365 39.9662
116.365 39.9662
116.365 39.9662
116.365 39.9662
116.366 39.9662
116.366 39.9663
116.366 39.9663
116.366 39.9663
116.366 39.9663
116.366 39.9663
116.366 39.9663
116.366 39.9663
116.367 39.9663
116.367 39.9663
116.367 39.9663
116.367 39.9663
116.367 39.9663
116.367 39.9663
116.367 39.9663
116.367 39.9663
116.368 39.9664
116.368 39.9664
116.368 39.9664
116.368 39.9664
116.368 39.9664
116.368 39.9664
116.368 39.9665
116.368 39.9665
116.369 39.9665
116.369 39.9665
116.369 39.9665
116.369 39.9665
116.369 39.9665
116.37 39.9665
116.37 39.9665
116.37 39.9665
116.37 39.9665
116.37 39.9665
116.37 39.9666
116.371 39.9666
116.371 39.9666
116.371 39.9666
116.371 39.9666
116.371 39.9666
116.372 39.9666
116.372 39.9666
116.372 39.9666
116.372 39.9666
116.372 39.9666
116.372 39.9666
116.373 39.9666
116.373 39.9666
116.373 39.9666
116.373 39.9666
116.373 39.9666
116.374 39.9666
116.374 39.9666
116.374 39.9666
116.374 39.9666
116.374 39.9667
116.375 39.9667
116.375 39.9667
116.375 39.9667
116.375 39.9667
116.375 39.9667
116.376 39.9667
116.376 39.9667
116.376 39.9667
116.376 39.9667
116.376 39.9667
116.376 39.9667
116.376 39.9667
116.377 39.9667
116.377 39.9667
116.377 39.9667
116.377 39.9668
116.377 39.9668
116.377 39.9668
116.378 39.9668
116.378 39.9668
116.378 39.9668
116.378 39.9668
116.378 39.9668
116.378 39.9668
116.378 39.9669
116.379 39.9669
116.379 39.9669
116.379 39.9669
116.379 39.9669
116.379 39.9669
116.379 39.9669
116.379 39.9669
116.38 39.9669
116.38 39.9669
116.38 39.9669
116.38 39.9669
116.38 39.9669
116.38 39.9669
116.38 39.9669
116.381 39.9669
116.381 39.9669
116.381 39.9669
116.381 39.9669
116.381 39.967
116.381 39.967
116.382 39.967
116.382 39.967
116.382 39.967
116.382 39.967
116.382 39.967
116.382 39.967
116.383 39.967
116.383 39.967
116.383 39.967
116.383 39.967
116.383 39.967
116.383 39.967
116.383 39.967
116.384 39.967
116.384 39.9671
116.384 39.9671
116.384 39.9671
116.384 39.9671
116.384 39.9671
116.384 39.9671
116.385 39.9671
116.385 39.9671
116.385 39.967
116.385 39.9671
116.385 39.9671
116.385 39.967
116.385 39.967
116.386 39.967
116.386 39.967
116.386 39.967
116.386 39.967
116.386 39.967
116.386 39.967
116.386 39.967
116.387 39.9671
116.387 39.9671
116.387 39.9671
116.387 39.9671
116.387 39.9671
116.387 39.9671
116.387 39.9671
116.388 39.9671
116.388 39.9671
116.388 39.9671
116.388 39.9671
116.388 39.9671
116.388 39.9671
116.388 39.9671
116.389 39.9671
116.389 39.9671
116.389 39.9671
116.389 39.9671
116.389 39.9671
116.389 39.9671
116.389 39.9671
116.389 39.9671
116.389 39.9671
116.39 39.9671
116.39 39.9671
116.39 39.9671
116.39 39.9671
116.39 39.9671
116.39 39.9671
116.39 39.9671
116.39 39.9671
116.39 39.9671
116.39 39.9672
116.391 39.9672
116.391 39.9672
116.391 39.9672
116.391 39.9672
116.391 39.9672
116.391 39.9672
116.391 39.9672
116.392 39.9672
116.392 39.9672
116.392 39.9672
116.392 39.9672
116.392 39.9672
116.392 39.9673
116.392 39.9673
116.393 39.9673
116.393 39.9673
116.393 39.9673
116.393 39.9673
116.393 39.9673
116.393 39.9673
116.393 39.9673
116.394 39.9674
116.394 39.9674
116.394 39.9674
116.394 39.9674
116.394 39.9674
116.395 39.9673
116.395 39.9673
116.395 39.9673
116.395 39.9673
116.395 39.9673
116.396 39.9673
116.396 39.9673
116.396 39.9673
116.396 39.9673
116.396 39.9674
116.397 39.9674
116.397 39.9674
116.397 39.9674
116.397 39.9674
116.397 39.9674
116.398 39.9674
116.398 39.9674
116.398 39.9674
116.398 39.9674
116.398 39.9674
116.399 39.9674
116.399 39.9675
116.399 39.9675
116.399 39.9675
116.399 39.9675
116.4 39.9674
116.4 39.9674
116.4 39.9674
116.4 39.9674
116.4 39.9674
116.4 39.9674
116.4 39.9674
116.401 39.9675
116.401 39.9675
116.401 39.9675
116.401 39.9675
116.401 39.9675
116.401 39.9675
116.401 39.9675
116.401 39.9675
116.402 39.9675
116.402 39.9675
116.402 39.9675
116.402 39.9675
116.402 39.9675
116.402 39.9675
116.402 39.9675
116.402 39.9675
116.403 39.9675
116.403 39.9675
116.403 39.9675
116.403 39.9675
116.403 39.9675
116.403 39.9675
116.404 39.9675
116.404 39.9675
116.404 39.9675
116.404 39.9675
116.404 39.9675
116.404 39.9675
116.404 39.9675
116.404 39.9675
116.404 39.9674
116.405 39.9674
116.405 39.9674
116.405 39.9674
116.405 39.9674
116.405 39.9674
116.405 39.9675
116.405 39.9676
116.405 39.9676
116.405 39.9676
116.406 39.9676
116.406 39.9676
116.406 39.9676
116.406 39.9676
116.406 39.9676
116.406 39.9676
116.406 39.9676
116.406 39.9676
116.407 39.9676
116.407 39.9676
116.407 39.9676
116.407 39.9676
116.407 39.9676
116.407 39.9676
116.407 39.9675
116.407 39.9675
116.407 39.9675
116.408 39.9675
116.408 39.9674
116.408 39.9674
116.408 39.9674
116.408 39.9674
116.408 39.9674
116.408 39.9674
116.408 39.9674
116.408 39.9674
116.409 39.9675
116.409 39.9675
116.409 39.9675
116.409 39.9675
116.409 39.9675
116.409 39.9675
116.409 39.9675
116.409 39.9675
116.409 39.9675
116.41 39.9675
116.41 39.9675
116.41 39.9675
116.41 39.9675
116.41 39.9675
116.41 39.9675
116.41 39.9675
116.411 39.9675
116.411 39.9676
116.411 39.9676
116.411 39.9676
116.411 39.9676
116.411 39.9676
116.411 39.9675
116.411 39.9676
116.412 39.9677
116.412 39.9678
116.412 39.968
116.412 39.9681
116.412 39.9683
116.412 39.9684
116.412 39.9685
116.412 39.9686
116.412 39.9687
116.412 39.9689
116.412 39.969
116.412 39.9691
116.412 39.9692
116.412 39.9693
116.412 39.9695
116.412 39.9696
116.412 39.9697
116.412 39.9698
116.412 39.97
116.412 39.9702
116.412 39.9703
116.412 39.9704
116.412 39.9705
116.412 39.9707
116.412 39.9708
116.412 39.971
116.412 39.9711
116.412 39.9713
116.412 39.9714
116.412 39.9716
116.412 39.9717
116.412 39.9718
116.412 39.972
116.412 39.9721
116.412 39.9722
116.412 39.9723
116.412 39.9724
116.412 39.9725
116.412 39.9726
116.412 39.9727
116.412 39.9728
116.412 39.9729
116.412 39.973
116.412 39.9731
116.412 39.9732
116.412 39.9733
116.412 39.9734
116.412 39.9735
116.412 39.9736
116.412 39.9738
116.412 39.9739
116.411 39.974
116.411 39.9742
116.411 39.9743
116.411 39.9745
116.411 39.9746
116.411 39.9748
116.411 39.975
116.411 39.9751
116.411 39.9752
116.411 39.9753
116.411 39.9754
116.411 39.9755
116.411 39.9757
116.411 39.9759
116.411 39.976
116.411 39.9761
116.411 39.9762
116.411 39.9763
116.411 39.9764
116.411 39.9765
116.411 39.9766
116.411 39.9767
116.411 39.9768
116.411 39.9769
116.411 39.977
116.411 39.9772
116.411 39.9773
116.411 39.9774
116.411 39.9775
116.411 39.9777
116.411 39.9778
116.411 39.9779
116.411 39.978
116.411 39.9781
116.411 39.9783
116.411 39.9784
116.411 39.9785
116.411 39.9786
116.411 39.9786
116.411 39.9786
116.411 39.9786
116.411 39.9786
116.41 39.9787
116.41 39.9787
116.41 39.9787
116.41 39.9787
116.41 39.9787
116.41 39.9787
116.41 39.9787
116.41 39.9787
116.41 39.9788
116.41 39.9788
116.41 39.9789
116.41 39.9788
116.41 39.9787
116.41 39.9786
116.41 39.9786
116.41 39.9785
116.41 39.9786
116.41 39.9787
116.41 39.9788
116.41 39.9789
116.41 39.9791
116.41 39.9792
116.41 39.9793
116.41 39.9794
116.41 39.9795
116.41 39.9796
116.41 39.9797
116.41 39.9798
116.41 39.98
116.41 39.9801
116.41 39.9802
116.41 39.9803
116.41 39.9804
116.41 39.9804
116.41 39.9804
116.41 39.9803
116.41 39.9804
116.41 39.9805
116.41 39.9806
116.41 39.9807
116.41 39.9808
116.41 39.9809
116.41 39.981
116.41 39.981
116.41 39.9809
116.41 39.9808
116.41 39.9809
116.41 39.9809
116.41 39.9809
116.41 39.9809
116.411 39.9809
116.411 39.9809
116.411 39.981
116.411 39.981
116.411 39.981
116.411 39.981
116.411 39.9809
116.411 39.9808
116.411 39.9807
116.411 39.9806
116.411 39.9804
116.411 39.9803
116.411 39.9801
116.411 39.98
116.411 39.9799
116.411 39.9797
116.411 39.9796
116.411 39.9795
116.411 39.9794
116.411 39.9792
116.411 39.9791
116.411 39.979
116.411 39.9789
116.411 39.9788
116.411 39.9787
116.411 39.9786
116.411 39.9786
116.411 39.9785
116.411 39.9785
116.411 39.9785
116.41 39.9785
116.41 39.9785
116.41 39.9784
116.41 39.9784
116.41 39.9784
116.41 39.9785
116.41 39.9785
116.41 39.9785
116.41 39.9785
116.409 39.9786
116.409 39.9786
116.409 39.9786
116.409 39.9786
116.409 39.9787
116.409 39.9787
116.409 39.9787
116.409 39.9788
116.409 39.9789
116.409 39.979
116.408 39.9791
116.408 39.9793
116.408 39.9794
116.408 39.9795
116.408 39.9797
116.408 39.9798
116.408 39.9799
116.408 39.98
116.408 39.9801
116.408 39.9802
116.408 39.9803
116.408 39.9804
116.408 39.9805
116.409 39.9806
116.408 39.9807
116.408 39.9809
116.409 39.981
116.409 39.9811
116.409 39.9812
116.409 39.9813
116.409 39.9814
116.409 39.9815
116.409 39.9816
116.409 39.9817
116.408 39.9818
116.408 39.9819
116.408 39.9819
116.408 39.9819
116.408 39.9819
116.408 39.9819
116.408 39.9819
116.408 39.9819
116.408 39.9819
116.407 39.9819
116.407 39.9819
116.407 39.9819
116.407 39.9819
116.407 39.9819
116.407 39.9819
116.407 39.9819
116.407 39.9819
116.406 39.9819
116.406 39.9819
116.406 39.9819
116.406 39.9819
116.406 39.9819
116.406 39.9819
116.406 39.9819
116.406 39.9818
116.405 39.9818
116.405 39.9818
116.405 39.9818
116.405 39.9818
116.405 39.9818
116.405 39.9819
116.405 39.9818
116.405 39.9818
116.404 39.9818
116.404 39.9818
116.404 39.9818
116.404 39.9818
116.404 39.9818
116.404 39.9818
116.404 39.9818
116.404 39.9818
116.403 39.9818
116.403 39.9818
116.403 39.9818
116.403 39.9818
116.403 39.9818
116.403 39.9818
116.403 39.9818
116.403 39.9818
116.403 39.9818
116.402 39.9818
116.402 39.9818
116.402 39.9818
116.402 39.9818
116.402 39.9818
116.402 39.9818
116.402 39.9818
116.402 39.9817
116.401 39.9817
116.401 39.9817
116.401 39.9817
116.401 39.9817
116.401 39.9817
116.401 39.9817
116.401 39.9817
116.401 39.9817
116.4 39.9817
116.4 39.9817
116.4 39.9817
116.4 39.9817
116.4 39.9817
116.4 39.9817
116.4 39.9817
116.4 39.9817
116.399 39.9817
116.399 39.9817
116.399 39.9817
116.399 39.9817
116.399 39.9816
116.399 39.9816
116.399 39.9816
116.398 39.9816
116.398 39.9816
116.398 39.9815
116.398 39.9814
116.398 39.9813
116.398 39.9812
116.398 39.9811
116.398 39.981
116.397 39.9809
116.397 39.9809
116.397 39.9808
116.397 39.9807
116.397 39.9806
116.397 39.9805
116.397 39.9805
116.396 39.9805
116.396 39.9804
116.396 39.9805
116.396 39.9805
116.396 39.9805
116.395 39.9805
116.395 39.9804
116.395 39.9804
116.395 39.9804
116.395 39.9804
116.395 39.9804
116.394 39.9804
116.394 39.9804
116.394 39.9804
116.394 39.9804
116.394 39.9804
116.393 39.9804
116.393 39.9804
116.393 39.9804
116.393 39.9804
116.393 39.9804
116.393 39.9804
116.392 39.9804
116.392 39.9804
116.392 39.9805
116.392 39.9805
116.392 39.9806
116.392 39.9807
116.392 39.9807
116.391 39.9808
116.391 39.9809
116.391 39.981
116.391 39.9811
116.391 39.9811
116.391 39.9812
116.391 39.9812
116.391 39.9813
116.391 39.9813
116.39 39.9813
116.39 39.9813
116.39 39.9814
116.39 39.9814
116.39 39.9814
116.39 39.9814
116.39 39.9814
116.39 39.9814
116.39 39.9814
116.389 39.9814
116.389 39.9814
116.389 39.9814
116.389 39.9814
116.389 39.9814
116.389 39.9814
116.389 39.9814
116.389 39.9813
116.388 39.9813
116.388 39.9813
116.388 39.9813
116.388 39.9813
116.388 39.9813
116.388 39.9813
116.388 39.9813
116.388 39.9813
116.388 39.9813
116.387 39.9813
116.387 39.9813
116.387 39.9813
116.387 39.9813
116.387 39.9813
116.387 39.9813
116.387 39.9813
116.387 39.9813
116.386 39.9813
116.386 39.9813
116.386 39.9813
116.386 39.9813
116.386 39.9813
116.386 39.9812
116.386 39.9812
116.386 39.9812
116.385 39.9812
116.385 39.9812
116.385 39.9812
116.385 39.9812
116.385 39.9812
116.385 39.9812
116.385 39.9812
116.385 39.9812
116.385 39.9812
116.384 39.9812
116.384 39.9812
116.384 39.9812
116.384 39.9812
116.384 39.9812
116.384 39.9812
116.384 39.9812
116.384 39.9812
116.383 39.9812
116.383 39.9812
116.383 39.9812
116.383 39.9812
116.383 39.9812
116.383 39.9812
116.383 39.9812
116.383 39.9812
116.383 39.9812
116.383 39.9812
116.382 39.9812
116.382 39.9812
116.382 39.9812
116.382 39.9812
116.382 39.9812
116.382 39.9812
116.382 39.9812
116.382 39.9813
116.382 39.9814
116.382 39.9815
116.382 39.9817
116.382 39.9819
116.382 39.982
116.382 39.9822
116.382 39.9823
116.382 39.9824
116.382 39.9825
116.382 39.9826
116.382 39.9827
116.382 39.9828
116.382 39.9829
116.382 39.9831
116.382 39.9832
116.382 39.9833
116.382 39.9834
116.382 39.9835
116.382 39.9837
116.382 39.9838
116.381 39.984
116.381 39.9841
116.381 39.9842
116.381 39.9843
116.381 39.9844
116.381 39.9844
116.381 39.9845
116.381 39.9846
116.381 39.9847
116.381 39.9848
116.381 39.9849
116.381 39.985
116.381 39.9851
116.381 39.9852
116.381 39.9853
116.381 39.9855
116.381 39.9856
116.381 39.9857
116.381 39.9858
116.381 39.9859
116.381 39.986
116.381 39.986
116.381 39.9858
116.381 39.9857
116.381 39.9856
116.381 39.9854
116.381 39.9853
116.381 39.9851
116.381 39.985
116.381 39.9849
116.381 39.9847
116.381 39.9846
116.381 39.9846
116.381 39.9845
116.381 39.9845
116.381 39.9845
116.381 39.9845
116.38 39.9845
116.38 39.9845
116.38 39.9845
116.38 39.9845
116.38 39.9845
116.38 39.9846
116.38 39.9847
116.38 39.9848
116.38 39.9849
116.38 39.9849
116.377 39.9856
116.377 39.9855
116.377 39.9854
116.377 39.9855
116.377 39.9856
116.377 39.9857
116.377 39.9859
116.377 39.986
116.377 39.986
116.377 39.986
116.378 39.986
116.378 39.9861
116.378 39.9861
116.378 39.986
116.378 39.9861
116.378 39.986
116.378 39.986
116.378 39.9861
116.379 39.9861
116.379 39.9861
116.379 39.9861
116.379 39.9861
116.379 39.9861
116.379 39.9861
116.379 39.9861
116.379 39.9861
116.38 39.9861
116.38 39.9861
116.38 39.9861
116.38 39.9861
116.38 39.9861
116.38 39.9861
116.38 39.9861
116.38 39.9861
116.38 39.9861
116.38 39.9861
116.381 39.9861
116.381 39.9861
116.381 39.9862
116.381 39.9862
116.381 39.9861
116.381 39.986
116.381 39.9859
116.381 39.9857
116.381 39.9856
116.381 39.9855
116.381 39.9854
116.381 39.9853
116.381 39.9852
116.381 39.985
116.381 39.9849
116.381 39.9848
116.381 39.9847
116.381 39.9847
116.381 39.9845
116.381 39.9843
116.381 39.9842
116.381 39.984
116.381 39.9839
116.381 39.9837
116.381 39.9836
116.381 39.9835
116.381 39.9833
116.381 39.9832
116.381 39.983
116.381 39.9829
116.381 39.9828
116.381 39.9827
116.381 39.9826
116.381 39.9824
116.381 39.9823
116.381 39.9821
116.381 39.982
116.381 39.9819
116.381 39.9818
116.381 39.9817
116.381 39.9815
116.381 39.9814
116.381 39.9813
116.381 39.9812
116.381 39.9811
116.381 39.9809
116.381 39.9807
116.381 39.9806
116.381 39.9805
116.381 39.9804
116.381 39.9803
116.381 39.9802
116.381 39.9801
116.381 39.98
116.382 39.9799
116.382 39.9798
116.382 39.9796
116.382 39.9795
116.382 39.9794
116.382 39.9793
116.382 39.9792
116.382 39.979
116.382 39.9789
116.382 39.9791
116.382 39.9792
116.382 39.9793
116.382 39.9794
116.382 39.9796
116.382 39.9797
116.382 39.9799
116.382 39.98
116.382 39.9801
116.382 39.9802
116.382 39.9803
116.382 39.9804
116.381 39.9805
116.381 39.9806
116.381 39.9808
116.381 39.9809
116.381 39.981
116.381 39.9811
116.382 39.9812
116.382 39.9813
116.382 39.9814
116.381 39.9816
116.381 39.9817
116.381 39.9818
116.381 39.9819
116.381 39.982
116.381 39.9821
116.381 39.9822
116.381 39.9824
116.381 39.9825
116.381 39.9826
116.381 39.9827
116.381 39.9828
116.381 39.9829
116.381 39.9831
116.381 39.9832
116.381 39.9833
116.381 39.9834
116.381 39.9835
116.381 39.9837
116.381 39.9838
116.381 39.9839
116.381 39.984
116.381 39.9841
116.381 39.9842
116.381 39.9844
116.381 39.9845
116.381 39.9846
116.381 39.9847
116.381 39.9849
116.381 39.985
116.381 39.9851
116.381 39.9853
116.381 39.9854
116.381 39.9855
116.381 39.9857
116.381 39.9858
116.381 39.9859
116.381 39.986
116.381 39.9862
116.381 39.9863
116.381 39.9864
116.381 39.9865
116.381 39.9867
116.381 39.9868
116.381 39.9869
116.381 39.987
116.381 39.9872
116.381 39.9873
116.381 39.9874
116.381 39.9876
116.381 39.9877
116.381 39.9879
116.381 39.988
116.381 39.9881
116.381 39.9883
116.381 39.9884
116.381 39.9885
116.381 39.9887
116.381 39.9888
116.381 39.9889
116.381 39.989
116.381 39.9892
116.381 39.9893
116.381 39.9894
116.381 39.9896
116.381 39.9897
116.381 39.9899
116.381 39.99
116.381 39.9901
116.381 39.9903
116.381 39.9904
116.381 39.9906
116.381 39.9907
116.381 39.9908
116.381 39.991
116.381 39.9911
116.381 39.9912
116.381 39.9914
116.381 39.9915
116.381 39.9916
116.381 39.9917
116.381 39.9918
116.381 39.992
116.381 39.9921
116.381 39.9922
116.381 39.9922
116.381 39.9924
116.381 39.9925
116.381 39.9926
116.381 39.9927
116.381 39.9928
116.381 39.9929
116.381 39.993
116.381 39.9932
116.381 39.9933
116.381 39.9934
116.381 39.9935
116.381 39.9936
116.381 39.9937
116.381 39.9939
116.381 39.994
116.381 39.9942
116.381 39.9943
116.381 39.9945
116.381 39.9947
116.381 39.9948
116.381 39.995
116.381 39.9952
116.381 39.9954
116.381 39.9955
116.381 39.9957
116.381 39.9959
116.381 39.996
116.381 39.9962
116.381 39.9963
116.381 39.9965
116.381 39.9967
116.381 39.9969
116.381 39.997
116.381 39.9972
116.381 39.9974
116.381 39.9976
116.381 39.9978
116.381 39.998
116.381 39.9982
116.381 39.9984
116.381 39.9985
116.381 39.9987
116.381 39.9989
116.381 39.9991
116.381 39.9992
116.381 39.9994
116.381 39.9996
116.381 39.9998
116.381 39.9999
116.381 40
116.381 40.0002
116.381 40.0003
116.381 40.0004
116.381 40.0006
116.381 40.0007
116.381 40.0009
116.381 40.001
116.381 40.0012
116.381 40.0013
116.381 40.0014
116.381 40.0016
116.381 40.0017
116.381 40.0019
116.381 40.002
116.381 40.0022
116.381 40.0023
116.381 40.0024
116.381 40.0026
116.381 40.0027
116.381 40.0029
116.381 40.003
116.381 40.0032
116.381 40.0033
116.381 40.0035
116.381 40.0036
116.381 40.0038
116.381 40.0039
116.381 40.0041
116.381 40.0043
116.381 40.0044
116.38 40.0046
116.38 40.0048
116.38 40.0049
116.38 40.0051
116.38 40.0053
116.38 40.0055
116.38 40.0056
116.38 40.0058
116.38 40.006
116.38 40.0061
116.38 40.0063
116.38 40.0065
116.38 40.0067
116.38 40.0068
116.38 40.007
116.38 40.0072
116.38 40.0073
116.38 40.0075
116.38 40.0076
116.38 40.0077
116.38 40.0079
116.38 40.008
116.38 40.0081
116.38 40.0082
116.38 40.0083
116.38 40.0084
116.38 40.0085
116.38 40.0085
116.38 40.0085
116.38 40.0085
116.38 40.0086
116.379 40.0086
116.379 40.0086
116.379 40.0086
116.379 40.0086
116.379 40.0086
116.379 40.0086
116.378 40.0086
116.378 40.0086
116.378 40.0086
116.378 40.0086
116.378 40.0086
116.377 40.0086
116.377 40.0086
116.377 40.0086
116.377 40.0086
116.376 40.0086
116.376 40.0086
116.376 40.0086
116.376 40.0086
116.375 40.0086
116.375 40.0086
116.375 40.0086
116.375 40.0086
116.375 40.0086
116.374 40.0086
116.374 40.0086
116.374 40.0086
116.374 40.0086
116.373 40.0086
116.373 40.0086
116.373 40.0086
116.373 40.0086
116.372 40.0086
116.372 40.0086
116.372 40.0086
116.372 40.0086
116.371 40.0086
116.371 40.0086
116.371 40.0086
116.371 40.0086
116.371 40.0086
116.37 40.0086
116.37 40.0086
116.37 40.0086
116.37 40.0086
116.37 40.0086
116.37 40.0086
116.37 40.0086
116.369 40.0086
116.369 40.0086
116.369 40.0086
116.369 40.0086
116.369 40.0085
116.369 40.0085
116.369 40.0085
116.369 40.0085
116.368 40.0085
116.368 40.0085
116.368 40.0085
116.368 40.0084
116.368 40.0084
116.367 40.0084
116.367 40.0084
116.367 40.0084
116.367 40.0084
116.366 40.0084
116.366 40.0084
116.366 40.0084
116.366 40.0084
116.366 40.0084
116.366 40.0083
116.365 40.0083
116.365 40.0083
116.365 40.0083
116.365 40.0083
116.365 40.0083
116.365 40.0083
116.365 40.0083
116.364 40.0083
116.364 40.0083
116.364 40.0083
116.364 40.0083
116.364 40.0083
116.364 40.0083
116.363 40.0083
116.363 40.0082
116.363 40.0082
116.363 40.0082
116.363 40.0082
116.362 40.0082
116.362 40.0082
116.362 40.0082
116.362 40.0082
116.361 40.0082
116.361 40.0082
116.361 40.0082
116.361 40.0082
116.36 40.0082
116.36 40.0082
116.36 40.0082
116.36 40.0082
116.359 40.0082
116.359 40.0081
116.359 40.0081
116.358 40.0081
116.358 40.0081
116.358 40.008
116.358 40.008
116.357 40.0079
116.357 40.0079
116.357 40.0078
116.357 40.0078
116.356 40.0077
116.356 40.0077
116.356 40.0076
116.356 40.0076
116.355 40.0075
116.355 40.0074
116.355 40.0074
116.355 40.0073
116.354 40.0073
116.354 40.0072
116.354 40.0071
116.354 40.0071
116.353 40.007
116.353 40.007
116.353 40.0069
116.353 40.0069
116.352 40.0069
116.352 40.0068
116.352 40.0068
116.352 40.0068
116.352 40.0068
116.352 40.0068
116.352 40.0067
116.351 40.0067
116.351 40.0067
116.351 40.0067
116.351 40.0067
116.351 40.0067
116.351 40.0067
116.351 40.0067
116.351 40.0067
116.35 40.0067
116.35 40.0067
116.35 40.0067
116.35 40.0067
116.35 40.0066
116.35 40.0066
116.35 40.0066
116.349 40.0066
116.349 40.0066
116.349 40.0066
116.349 40.0066
116.349 40.0066
116.348 40.0066
116.348 40.0065
116.348 40.0065
116.348 40.0065
116.348 40.0065
116.347 40.0065
116.347 40.0065
116.347 40.0065
116.347 40.0065
116.347 40.0066
116.347 40.0065
116.347 40.0065
116.346 40.0065
116.346 40.0066
116.346 40.0067
116.346 40.0068
116.346 40.0069
116.346 40.007
116.346 40.0071
116.346 40.0073
116.346 40.0074
116.346 40.0075
116.346 40.0076
116.346 40.0078
116.346 40.0079
116.346 40.008
116.346 40.0082
116.346 40.0084
116.346 40.0085
116.346 40.0087
116.346 40.0088
116.346 40.009
116.346 40.0092
116.346 40.0093
116.346 40.0095
116.346 40.0097
116.346 40.0099
116.346 40.01
116.346 40.0102
116.346 40.0104
116.346 40.0105
116.346 40.0107
116.346 40.0108
116.346 40.0109
116.346 40.011
116.346 40.0111
116.346 40.0112
116.346 40.0114
116.346 40.0115
116.346 40.0116
116.346 40.0117
116.346 40.0118
116.346 40.0119
116.346 40.012
116.346 40.0121
116.346 40.0122
116.346 40.0123
116.346 40.0124
116.346 40.0125
116.346 40.0126
116.346 40.0127
116.346 40.0128
116.346 40.0129
116.346 40.0131
116.346 40.0132
116.346 40.0133
116.346 40.0134
116.346 40.0135
116.346 40.0136
116.346 40.0137
116.346 40.0137
116.346 40.0138
116.346 40.0139
116.346 40.0139
116.346 40.0139
116.345 40.0139
116.345 40.0139
116.345 40.0139
116.345 40.0139
116.345 40.0139
116.345 40.0139
116.345 40.0139
116.345 40.0139
116.345 40.0139
116.344 40.0139
116.344 40.0139
116.344 40.0139
116.344 40.0139
116.344 40.0139
116.344 40.0139
116.344 40.0139
116.343 40.0139
116.343 40.0139
116.343 40.0139
116.343 40.0139
116.343 40.0139
116.343 40.0139
116.343 40.0139
116.342 40.0139
116.342 40.0139
116.342 40.0139
116.342 40.0139
116.342 40.0139
116.342 40.0139
116.342 40.0138
116.342 40.0138
116.341 40.0138
116.341 40.0138
116.341 40.0138
116.341 40.0138
116.341 40.0138
116.341 40.0138
116.341 40.0138
116.34 40.0138
116.34 40.0138
116.34 40.0138
116.34 40.0138
116.34 40.0139
116.34 40.0139
116.34 40.0139
116.34 40.0139
116.339 40.0139
116.339 40.0139
116.339 40.0139
116.339 40.014
116.339 40.0141
116.339 40.0143
116.339 40.0144
116.34 40.0145
116.34 40.0146
116.34 40.0147
116.34 40.0148
116.34 40.0149
116.34 40.015
116.34 40.0151
116.34 40.0152
116.34 40.0154
116.34 40.0155
116.34 40.0157
116.34 40.0158
116.34 40.0159
116.34 40.0161
116.34 40.0162
116.34 40.0163
116.34 40.0164
116.34 40.0165
116.34 40.0166
116.341 40.0167
116.341 40.0168
116.341 40.0169
116.341 40.017
116.341 40.0171
116.341 40.0173
116.341 40.0174
116.341 40.0175
116.341 40.0176
116.341 40.0177
116.341 40.0178
116.341 40.0179
116.341 40.018
116.341 40.0181
116.341 40.0182
116.341 40.0182
116.341 40.0181
116.341 40.0181
116.341 40.018
116.341 40.018
116.342 40.0179
116.341 40.0179
116.341 40.0179
