116.306 39.9882
116.306 39.9882
116.306 39.9882
116.306 39.9882
116.306 39.9881
116.306 39.9881
116.306 39.9881
116.306 39.9881
116.306 39.9881
116.306 39.9881
116.306 39.9881
116.306 39.9881
116.306 39.9881
116.306 39.9881
116.306 39.9881
116.306 39.9881
116.306 39.9881
116.307 39.9881
116.307 39.9881
116.307 39.9881
116.307 39.988
116.307 39.988
116.307 39.9879
116.307 39.9879
116.307 39.9879
116.307 39.9879
116.307 39.9879
116.307 39.9878
116.307 39.9878
116.307 39.9877
116.307 39.9877
116.307 39.9878
116.307 39.9877
116.307 39.9877
116.307 39.9877
116.307 39.9877
116.307 39.9877
116.307 39.9877
116.307 39.9877
116.307 39.9877
116.307 39.9877
116.308 39.9877
116.307 39.9877
116.307 39.9876
116.307 39.9876
116.307 39.9876
116.307 39.9876
116.307 39.9876
116.307 39.9876
116.307 39.9876
116.307 39.9876
116.307 39.9876
