116.497 39.923
116.496 39.9229
116.496 39.9226
116.496 39.9216
116.496 39.9215
116.496 39.9215
116.496 39.9215
116.496 39.9213
116.496 39.9212
116.496 39.9211
116.496 39.9212
116.496 39.9212
116.496 39.9211
116.496 39.9212
116.496 39.9221
116.496 39.9224
116.497 39.9225
116.497 39.9225
116.497 39.924
116.497 39.924
116.497 39.9241
116.497 39.9242
116.497 39.9244
116.497 39.9244
116.497 39.9243
116.497 39.9242
116.497 39.9241
116.497 39.924
116.497 39.924
116.497 39.924
116.497 39.924
116.497 39.924
116.497 39.924
116.497 39.924
116.497 39.924
116.497 39.924
116.497 39.9239
116.497 39.9239
116.497 39.9238
116.497 39.9238
116.497 39.9237
116.497 39.9236
116.497 39.9236
116.497 39.9235
116.497 39.9235
116.497 39.9235
116.497 39.9235
116.497 39.9235
116.497 39.9235
116.497 39.9235
116.497 39.9235
116.497 39.9235
116.497 39.9236
116.497 39.9236
116.497 39.9236
116.496 39.9236
116.496 39.9236
116.496 39.9236
116.496 39.9236
116.496 39.9236
116.496 39.9236
116.496 39.9237
116.496 39.9237
116.496 39.9237
116.496 39.9236
116.496 39.9236
116.496 39.9236
116.496 39.9236
116.496 39.9236
116.496 39.9236
116.496 39.9236
116.496 39.9236
116.496 39.9236
116.496 39.9236
116.496 39.9236
116.496 39.9236
116.496 39.9237
116.496 39.9237
116.496 39.9237
116.496 39.9237
116.496 39.9237
116.496 39.9237
116.496 39.9238
116.496 39.9238
116.496 39.9238
116.496 39.9238
116.496 39.9238
116.496 39.9238
116.496 39.9238
116.496 39.9239
116.496 39.9239
116.496 39.9239
116.496 39.9239
116.496 39.9239
116.496 39.924
116.496 39.924
116.496 39.924
116.496 39.924
116.496 39.924
116.496 39.9241
116.496 39.9241
116.496 39.9241
116.496 39.9241
116.496 39.9241
116.496 39.9241
116.496 39.9241
116.496 39.9242
116.496 39.9242
116.496 39.9242
116.496 39.9242
116.496 39.9242
116.496 39.9242
116.496 39.9242
116.496 39.9242
116.496 39.9243
116.496 39.9243
116.496 39.9243
116.496 39.9243
116.496 39.9243
116.496 39.9243
116.496 39.9244
116.496 39.9244
116.496 39.9244
116.496 39.9244
116.496 39.9244
116.496 39.9245
116.496 39.9245
116.496 39.9245
116.496 39.9245
116.496 39.9245
116.496 39.9246
116.496 39.9246
116.496 39.9246
116.496 39.9246
116.496 39.9246
116.496 39.9246
116.496 39.9247
116.496 39.9247
116.496 39.9247
116.496 39.9247
116.496 39.9247
116.496 39.9248
116.496 39.9248
116.496 39.9248
116.496 39.9248
116.496 39.9248
116.496 39.9248
116.496 39.9248
116.496 39.9249
116.496 39.9249
116.496 39.9249
116.496 39.925
116.496 39.925
116.496 39.9251
116.496 39.9251
116.496 39.9251
116.496 39.9252
116.496 39.9252
116.496 39.9252
116.496 39.9252
116.496 39.9252
116.496 39.9252
116.496 39.9252
116.496 39.9252
116.496 39.9252
116.496 39.9252
116.496 39.9252
116.496 39.9253
116.496 39.9253
116.496 39.9253
116.496 39.9253
116.496 39.9253
116.496 39.9253
116.496 39.9253
116.496 39.9253
116.496 39.9253
116.496 39.9253
116.496 39.9253
116.496 39.9253
116.496 39.9254
116.496 39.9254
116.496 39.9254
116.496 39.9254
116.496 39.9254
116.496 39.9254
116.496 39.9254
116.496 39.9254
116.496 39.9254
116.496 39.9254
116.496 39.9255
116.496 39.9255
116.496 39.9255
116.496 39.9255
116.496 39.9255
116.496 39.9255
116.496 39.9256
116.496 39.9256
116.496 39.9256
116.496 39.9256
116.496 39.9256
116.496 39.9256
116.496 39.9257
116.496 39.9257
116.496 39.9257
116.496 39.9257
116.496 39.9258
116.496 39.9258
116.496 39.9258
116.496 39.9258
116.496 39.9259
116.496 39.9259
116.496 39.9259
116.496 39.9259
116.496 39.9259
116.496 39.9259
116.496 39.926
116.496 39.926
116.496 39.926
116.496 39.926
116.496 39.926
116.496 39.926
116.496 39.9261
116.496 39.9261
116.496 39.9261
116.496 39.9261
116.496 39.9262
116.496 39.9262
116.496 39.9262
116.496 39.9262
116.496 39.9263
116.496 39.9263
116.496 39.9263
116.496 39.9263
116.496 39.9263
116.496 39.9263
116.496 39.9263
116.496 39.9263
116.496 39.9263
116.496 39.9264
116.496 39.9264
116.496 39.9264
116.496 39.9264
116.496 39.9265
116.496 39.9265
116.496 39.9265
116.496 39.9267
116.496 39.9267
116.496 39.9268
116.496 39.9268
116.496 39.9268
116.496 39.9268
116.496 39.9269
116.496 39.9269
116.496 39.9269
116.496 39.9269
116.496 39.9269
116.496 39.9269
116.496 39.9269
116.496 39.927
116.496 39.927
116.496 39.927
116.496 39.9271
116.496 39.927
116.496 39.9269
116.496 39.9269
116.496 39.9268
116.496 39.9269
116.496 39.9269
116.496 39.9269
116.497 39.9269
116.497 39.9269
116.497 39.927
116.497 39.927
116.497 39.927
116.497 39.927
116.497 39.927
116.497 39.9269
116.497 39.927
116.497 39.927
116.497 39.927
116.497 39.927
116.497 39.9271
116.497 39.927
116.497 39.927
116.497 39.927
116.497 39.927
116.497 39.927
116.497 39.927
116.497 39.927
116.497 39.927
116.497 39.927
116.497 39.927
116.497 39.927
116.497 39.927
116.497 39.927
116.497 39.927
116.497 39.927
116.497 39.927
116.497 39.927
116.497 39.9271
116.497 39.9271
116.497 39.9271
116.497 39.9271
116.497 39.9271
116.497 39.9271
116.497 39.9271
116.497 39.9271
116.497 39.9271
116.497 39.9271
116.497 39.9271
116.497 39.9271
116.498 39.9271
116.498 39.9271
116.498 39.9271
116.498 39.9271
116.498 39.927
116.498 39.927
116.498 39.927
116.498 39.927
116.498 39.9269
116.498 39.927
116.498 39.927
116.498 39.927
116.498 39.927
116.498 39.927
116.498 39.927
116.498 39.927
116.498 39.927
116.498 39.927
116.498 39.927
116.498 39.9271
116.498 39.9271
116.498 39.9271
116.498 39.9271
116.498 39.9271
116.498 39.9271
116.498 39.9271
116.498 39.9271
116.498 39.9271
116.498 39.927
116.498 39.927
116.498 39.927
116.498 39.927
116.498 39.927
116.498 39.927
116.498 39.927
116.498 39.9269
116.498 39.9265
116.498 39.9265
116.498 39.9265
116.496 39.9234
116.496 39.9234
116.496 39.9233
116.496 39.9233
116.496 39.9233
116.496 39.9233
116.496 39.9233
116.497 39.9236
116.497 39.9235
116.497 39.9235
116.497 39.9236
116.497 39.9236
116.497 39.9236
116.497 39.9236
116.497 39.9236
116.497 39.9243
116.497 39.9243
116.497 39.9242
116.497 39.9241
116.497 39.924
116.497 39.9239
116.497 39.9239
116.497 39.9239
116.498 39.9238
116.498 39.9238
116.498 39.9238
116.498 39.9239
116.497 39.924
116.498 39.924
116.497 39.9241
116.497 39.9241
116.497 39.9242
116.497 39.9242
116.497 39.9242
116.497 39.9243
116.497 39.9243
116.497 39.9243
116.497 39.9243
116.497 39.9243
116.497 39.9243
116.497 39.9244
116.497 39.9244
116.497 39.9244
116.497 39.9244
116.497 39.9244
116.497 39.9244
116.497 39.9244
116.497 39.9245
116.497 39.9245
116.497 39.9245
116.497 39.9245
116.497 39.9245
116.497 39.9245
116.497 39.9245
116.497 39.9246
116.497 39.9246
116.497 39.9246
116.497 39.9246
116.497 39.9246
116.497 39.9246
116.497 39.9246
116.497 39.9247
116.497 39.9247
116.497 39.9247
116.497 39.9247
116.497 39.9248
116.497 39.9248
116.497 39.9248
116.497 39.9248
116.497 39.9248
116.497 39.9248
116.497 39.9248
116.497 39.9248
116.497 39.9248
116.497 39.9248
116.497 39.9247
116.498 39.9247
116.498 39.9246
116.498 39.9246
116.498 39.9246
116.498 39.9246
116.498 39.9246
116.498 39.9246
116.498 39.9246
116.498 39.9246
116.498 39.9246
116.498 39.9247
116.498 39.9247
116.498 39.9247
116.498 39.9248
116.498 39.9248
116.498 39.9249
116.498 39.9249
116.498 39.925
116.498 39.925
116.498 39.925
116.498 39.925
116.498 39.925
116.498 39.925
116.498 39.925
116.498 39.925
116.498 39.925
116.498 39.925
116.498 39.925
116.498 39.925
116.498 39.9251
116.498 39.9251
116.498 39.9251
