116.451 39.8832
116.451 39.8829
116.451 39.8828
116.451 39.883
116.451 39.883
116.451 39.8832
116.451 39.8832
116.451 39.8833
116.451 39.8833
116.45 39.8833
116.45 39.8833
116.449 39.8833
116.449 39.8834
116.448 39.8834
116.448 39.8833
116.448 39.8833
116.448 39.8834
116.448 39.8833
116.448 39.8832
116.448 39.8832
116.448 39.8832
116.448 39.8831
116.447 39.8832
116.447 39.8833
116.446 39.8833
116.446 39.8833
116.445 39.8833
116.444 39.8833
116.444 39.8833
116.444 39.8832
116.444 39.8831
116.444 39.883
116.444 39.883
116.443 39.883
116.443 39.8831
116.442 39.8832
116.442 39.8833
116.441 39.8834
116.44 39.8834
116.44 39.8832
116.439 39.8831
116.439 39.8831
116.438 39.8831
116.437 39.8831
116.436 39.8831
116.435 39.8831
116.435 39.8831
116.434 39.8831
116.434 39.883
116.433 39.8829
116.433 39.8829
116.432 39.8829
116.432 39.8828
116.432 39.8828
116.432 39.8828
116.432 39.8828
116.432 39.8828
116.432 39.8828
116.432 39.8828
116.432 39.8828
116.432 39.8827
116.432 39.8828
116.432 39.8828
116.432 39.8828
116.432 39.8828
116.431 39.8828
116.43 39.8829
116.43 39.8829
116.429 39.8829
116.429 39.8829
116.429 39.8828
116.429 39.8828
116.429 39.8828
116.429 39.8828
116.429 39.8828
116.428 39.8828
116.428 39.8828
116.428 39.8828
116.428 39.8828
116.427 39.8828
116.427 39.8828
116.426 39.8827
116.426 39.8827
116.425 39.8827
116.425 39.8827
116.425 39.8827
116.425 39.8827
116.425 39.8827
116.425 39.8826
116.424 39.8826
116.424 39.8826
116.424 39.8826
116.424 39.8826
116.424 39.8826
116.424 39.8826
116.424 39.8826
116.424 39.8826
116.423 39.8826
116.423 39.8826
116.422 39.8826
116.421 39.8826
116.421 39.8826
116.42 39.8826
116.42 39.8826
116.419 39.8825
116.419 39.8825
116.418 39.8825
116.418 39.8825
116.417 39.8825
116.417 39.8824
116.417 39.8824
116.417 39.8824
116.417 39.8824
116.417 39.8823
116.417 39.8823
116.417 39.8823
116.417 39.8823
116.417 39.8823
116.417 39.8823
116.417 39.8823
116.417 39.8823
116.417 39.8823
116.417 39.8824
116.416 39.8824
116.416 39.8824
116.416 39.8824
116.416 39.8824
116.416 39.8824
116.416 39.8825
116.416 39.8825
116.416 39.8825
116.415 39.8825
116.415 39.8825
116.415 39.8825
116.415 39.8825
116.415 39.8825
116.415 39.8828
116.415 39.8831
116.414 39.8834
116.414 39.8836
116.414 39.8837
116.414 39.8837
116.414 39.8837
116.414 39.8837
116.414 39.8837
116.414 39.8837
116.414 39.8839
116.414 39.8842
116.414 39.8846
116.414 39.885
116.413 39.8853
116.413 39.8855
116.413 39.8855
116.413 39.8857
116.413 39.8859
116.412 39.8861
116.412 39.8864
116.411 39.8866
116.411 39.8867
116.41 39.8868
116.41 39.8869
116.41 39.8869
116.409 39.8869
116.409 39.8869
116.408 39.8869
116.408 39.8869
116.408 39.8869
116.408 39.8869
116.408 39.8869
116.408 39.8869
116.408 39.8869
116.408 39.8869
116.407 39.8869
116.407 39.8869
116.407 39.8869
116.407 39.8868
116.407 39.8869
116.407 39.8869
116.407 39.8869
116.406 39.8869
116.406 39.8868
116.406 39.8868
116.405 39.8868
116.405 39.8868
116.405 39.8868
116.405 39.8868
116.405 39.8868
116.405 39.8868
116.405 39.8868
116.405 39.8868
116.404 39.8868
116.404 39.8868
116.404 39.8868
116.403 39.8868
116.403 39.8868
116.402 39.8868
116.401 39.8867
116.401 39.8867
116.4 39.8867
116.4 39.8867
116.4 39.8867
116.4 39.8867
116.4 39.8867
116.4 39.8867
116.4 39.8867
116.4 39.8867
116.4 39.8867
116.4 39.8867
116.4 39.8867
116.399 39.8866
116.399 39.8865
116.398 39.8864
116.398 39.8863
116.397 39.8862
116.397 39.886
116.396 39.8859
116.396 39.8857
116.395 39.8856
116.394 39.8854
116.394 39.8853
116.393 39.8852
116.393 39.8851
116.393 39.8851
116.393 39.8851
116.393 39.8851
116.393 39.8851
116.393 39.8851
116.393 39.8851
116.393 39.8851
116.393 39.8851
116.393 39.8851
116.393 39.8851
116.393 39.8851
116.393 39.8851
116.393 39.8851
116.393 39.8851
116.393 39.8851
116.393 39.8851
116.393 39.885
116.393 39.8848
116.392 39.8845
116.393 39.884
116.393 39.8835
116.393 39.883
116.393 39.8827
116.393 39.8826
116.393 39.8826
116.393 39.8826
116.393 39.8826
116.393 39.8826
116.393 39.8826
116.393 39.8826
116.393 39.8826
116.393 39.8826
116.393 39.8825
116.393 39.8822
116.393 39.8818
116.393 39.8815
116.393 39.8814
116.393 39.8813
116.393 39.8813
116.393 39.8813
116.393 39.8813
116.393 39.8813
116.393 39.8811
116.393 39.8807
116.393 39.8804
116.393 39.8803
116.393 39.8803
116.393 39.8803
116.393 39.8803
116.393 39.8803
116.393 39.8803
116.393 39.8803
116.393 39.8802
116.393 39.88
116.393 39.8798
116.393 39.8796
116.392 39.8793
116.392 39.879
116.392 39.8787
116.392 39.8786
116.392 39.8786
116.392 39.8785
116.392 39.8785
116.392 39.8785
116.392 39.8785
116.392 39.8785
116.392 39.8785
116.392 39.8785
116.392 39.8785
116.392 39.8785
116.392 39.8784
116.392 39.8782
116.392 39.8782
116.392 39.8782
116.392 39.8782
116.392 39.8782
116.392 39.8781
116.392 39.8778
116.391 39.8774
116.391 39.877
116.391 39.8765
116.391 39.8759
116.391 39.8754
116.391 39.8751
116.391 39.8749
116.391 39.8749
116.391 39.8749
116.391 39.8748
116.391 39.8748
116.391 39.8747
116.391 39.8747
116.391 39.8748
116.391 39.8748
116.391 39.8749
116.391 39.875
116.391 39.875
116.391 39.8751
116.391 39.8751
116.391 39.8751
116.391 39.8751
116.391 39.8751
116.391 39.8751
116.391 39.8751
116.391 39.8752
116.392 39.8752
116.392 39.8752
116.392 39.8752
116.392 39.8752
116.392 39.8752
116.392 39.8752
116.392 39.8752
116.392 39.8752
116.392 39.8753
116.393 39.8753
116.393 39.8753
116.393 39.8753
116.393 39.8753
116.393 39.8753
116.393 39.8753
116.393 39.8753
116.393 39.8752
116.393 39.8752
116.393 39.8752
116.393 39.8752
116.393 39.8752
116.393 39.8752
116.394 39.8752
116.394 39.8752
116.394 39.8752
116.394 39.8752
116.394 39.8752
116.394 39.8752
116.394 39.8752
116.394 39.8752
116.394 39.8752
116.394 39.8752
116.394 39.8752
116.394 39.8752
116.394 39.8752
116.394 39.8752
116.394 39.8752
116.394 39.8752
116.394 39.8752
116.394 39.8753
116.394 39.8753
116.394 39.8753
116.394 39.8753
116.394 39.8753
116.394 39.8753
116.395 39.8753
116.395 39.8754
116.395 39.8754
116.395 39.8755
116.395 39.8756
116.395 39.8757
116.395 39.8757
116.395 39.8757
116.395 39.8758
116.395 39.8758
116.395 39.8759
116.395 39.8759
116.395 39.876
116.395 39.8761
116.395 39.8761
116.395 39.8762
116.395 39.8762
116.395 39.8763
116.395 39.8763
116.395 39.8763
116.396 39.8763
116.396 39.8764
116.396 39.8764
116.396 39.8764
116.396 39.8764
116.396 39.8766
116.396 39.8767
116.396 39.8767
116.396 39.8767
116.396 39.8767
116.396 39.8767
116.396 39.8767
116.396 39.8767
116.396 39.8767
116.396 39.8767
116.396 39.8767
116.396 39.8765
116.396 39.8765
116.396 39.8766
116.396 39.8766
116.396 39.8766
116.396 39.8766
116.396 39.8765
116.396 39.8765
116.396 39.8765
116.396 39.8765
116.396 39.8765
116.396 39.8765
116.396 39.8765
116.396 39.8765
116.396 39.8765
116.396 39.8765
116.396 39.8765
116.396 39.8764
116.396 39.8764
116.396 39.8764
116.396 39.8764
116.396 39.8764
116.396 39.8764
116.396 39.8764
116.396 39.8764
116.396 39.8764
116.396 39.8764
116.396 39.8764
116.396 39.8764
116.396 39.8764
116.396 39.8764
116.396 39.8764
116.396 39.8764
116.396 39.8764
116.396 39.8764
116.396 39.8764
116.396 39.8765
116.396 39.8765
116.396 39.8765
116.396 39.8765
116.396 39.8765
116.396 39.8765
116.396 39.8765
116.396 39.8765
116.396 39.8765
116.396 39.8765
116.396 39.8765
116.396 39.8765
116.396 39.8765
116.396 39.8765
116.396 39.8765
116.396 39.8765
116.396 39.8765
116.396 39.8765
116.396 39.8765
116.396 39.8764
116.396 39.8764
116.396 39.8764
116.395 39.8765
116.395 39.8764
116.395 39.8763
116.395 39.8762
116.395 39.8762
116.395 39.8761
116.395 39.8762
116.395 39.8763
116.395 39.8764
116.396 39.8764
116.396 39.8764
116.396 39.8764
116.395 39.8764
116.395 39.8764
116.396 39.8765
116.396 39.8765
116.396 39.8765
116.396 39.8766
116.396 39.8766
116.396 39.8766
116.396 39.8766
116.396 39.8766
116.396 39.8766
116.396 39.8766
116.396 39.8766
116.396 39.8766
116.396 39.8766
116.396 39.8766
116.396 39.8766
116.396 39.8766
116.396 39.8766
116.396 39.8766
116.396 39.8766
116.396 39.8766
116.396 39.8766
116.396 39.8766
116.396 39.8766
116.396 39.8766
116.396 39.8766
116.396 39.8766
116.396 39.8766
116.396 39.8765
116.396 39.8765
116.396 39.8765
116.396 39.8765
116.395 39.8764
116.396 39.8765
116.396 39.8766
116.396 39.8767
116.396 39.8767
116.396 39.8767
116.396 39.8767
116.396 39.8766
116.396 39.8766
116.396 39.8766
116.396 39.8765
116.396 39.8765
116.396 39.8766
116.396 39.8766
116.396 39.8765
116.396 39.8766
116.396 39.8766
116.396 39.8766
116.396 39.8766
116.396 39.8766
116.396 39.8766
116.396 39.8766
116.396 39.8766
116.396 39.8767
116.396 39.8767
116.396 39.8768
116.396 39.8768
116.396 39.8768
116.396 39.8768
116.396 39.8767
116.396 39.8767
116.396 39.8767
116.396 39.8767
116.396 39.8767
116.396 39.8765
116.396 39.8765
116.396 39.8764
116.396 39.8765
116.396 39.8765
116.396 39.8765
116.396 39.8765
116.396 39.8765
116.396 39.8765
116.396 39.8765
116.396 39.8765
116.396 39.8765
116.396 39.8766
116.396 39.8766
116.396 39.8766
116.396 39.8766
116.396 39.8765
116.396 39.8765
116.396 39.8765
116.396 39.8765
116.396 39.8764
116.395 39.8764
116.395 39.8764
116.395 39.8764
116.395 39.8763
116.395 39.8764
116.395 39.8764
116.395 39.8764
116.396 39.8764
116.396 39.8764
116.396 39.8765
116.396 39.8765
116.396 39.8765
116.396 39.8765
116.396 39.8766
116.396 39.8766
116.396 39.8766
116.396 39.8767
116.396 39.8767
116.396 39.8766
116.396 39.8766
116.396 39.8766
116.396 39.8766
116.396 39.8766
116.396 39.8766
116.396 39.8766
116.396 39.8766
116.396 39.8766
116.396 39.8766
116.396 39.8766
116.396 39.8765
116.396 39.8764
116.396 39.8764
116.396 39.8764
116.396 39.8764
116.396 39.8764
116.396 39.8764
116.396 39.8764
116.396 39.8764
116.396 39.8765
116.396 39.8765
116.396 39.8766
116.396 39.8766
116.396 39.8766
116.396 39.8766
116.396 39.8766
116.396 39.8766
116.396 39.8766
116.396 39.8766
116.396 39.8766
116.396 39.8766
116.396 39.8766
116.396 39.8766
116.396 39.8766
116.396 39.8766
116.396 39.8766
116.396 39.8767
116.396 39.8766
116.396 39.8766
116.396 39.8765
116.396 39.8765
116.396 39.8765
116.396 39.8765
116.396 39.8764
116.396 39.8764
116.395 39.8765
116.395 39.8765
116.395 39.8765
116.395 39.8765
116.396 39.8765
116.396 39.8765
116.396 39.8766
116.396 39.8767
116.396 39.8768
116.396 39.8768
116.396 39.8768
116.396 39.8768
116.396 39.8768
116.396 39.8768
116.396 39.8768
116.396 39.8767
116.396 39.8767
116.396 39.8767
116.396 39.8766
116.396 39.8766
116.396 39.8766
116.396 39.8767
116.396 39.8768
116.396 39.877
116.397 39.8773
116.397 39.8777
116.398 39.8783
116.398 39.8789
116.399 39.8795
116.4 39.88
116.396 39.8769
116.396 39.877
116.396 39.8768
116.396 39.8769
116.396 39.8769
116.396 39.8769
116.396 39.8767
116.396 39.8767
116.396 39.8766
116.396 39.8766
116.396 39.8766
116.396 39.8766
116.396 39.8766
116.396 39.8766
116.396 39.8765
116.396 39.8765
116.396 39.8765
116.396 39.8766
116.396 39.8766
116.396 39.8766
116.396 39.8766
116.396 39.8766
116.396 39.8766
116.396 39.8766
116.396 39.8765
116.395 39.8765
116.395 39.8764
116.395 39.8765
116.396 39.8765
116.396 39.8766
116.396 39.8766
116.396 39.8765
116.396 39.8765
116.396 39.8765
116.396 39.8765
116.396 39.8765
116.396 39.8765
116.395 39.8765
116.395 39.8765
116.396 39.8765
116.396 39.8765
116.396 39.8766
116.396 39.8765
116.396 39.8766
116.396 39.8766
116.396 39.8766
116.396 39.8766
116.396 39.8766
116.396 39.8766
116.396 39.8766
116.396 39.8766
116.396 39.8766
116.396 39.8766
116.396 39.8766
116.396 39.8766
116.396 39.8766
116.396 39.8765
116.396 39.8765
116.396 39.8766
116.396 39.8767
116.396 39.8767
116.396 39.8768
116.396 39.8768
116.396 39.8768
116.396 39.8768
116.396 39.8767
116.396 39.8767
116.396 39.8767
116.396 39.8767
116.396 39.8767
116.396 39.8768
116.396 39.8768
116.396 39.8767
116.396 39.8768
116.396 39.8767
116.396 39.8767
116.396 39.8767
116.396 39.8767
116.396 39.8768
116.396 39.8768
116.396 39.8768
116.396 39.8768
116.396 39.8768
116.396 39.8768
116.396 39.8768
116.396 39.8768
116.396 39.8769
116.396 39.8769
116.396 39.8769
116.396 39.8769
116.396 39.8769
116.396 39.8769
116.396 39.8769
116.396 39.8768
116.396 39.8768
116.396 39.8768
116.396 39.8767
116.396 39.8767
116.396 39.8767
116.396 39.8766
116.396 39.8765
116.395 39.8763
116.395 39.8763
116.395 39.8764
116.395 39.8764
116.395 39.8764
116.395 39.8764
116.395 39.8764
116.395 39.8764
116.396 39.8765
116.396 39.8764
116.396 39.8765
116.395 39.8764
116.395 39.8764
116.395 39.8764
116.395 39.8763
116.395 39.8762
116.395 39.8762
116.395 39.8761
116.395 39.8761
116.395 39.8761
116.395 39.8762
116.395 39.8763
116.395 39.8764
116.395 39.8764
116.395 39.8764
116.395 39.8764
116.395 39.8764
116.395 39.8765
116.395 39.8764
116.395 39.8763
116.395 39.8762
116.395 39.8761
116.395 39.876
116.395 39.8762
116.395 39.8762
116.395 39.8762
116.395 39.8762
116.395 39.8762
116.395 39.8762
116.395 39.8762
116.395 39.8763
116.395 39.8764
116.396 39.8764
116.396 39.8765
116.396 39.8765
116.396 39.8765
116.396 39.8765
116.396 39.8765
116.396 39.8765
116.396 39.8765
116.396 39.8765
116.396 39.8765
116.396 39.8766
116.396 39.8766
116.396 39.8765
116.395 39.8764
116.395 39.8763
116.395 39.8763
116.395 39.8763
116.395 39.8763
116.395 39.8763
116.395 39.8763
116.395 39.8763
116.395 39.8763
116.395 39.8763
116.395 39.8763
116.395 39.8763
116.395 39.8763
116.395 39.8763
116.395 39.8763
116.395 39.8763
116.395 39.8763
116.395 39.8763
116.395 39.8763
116.395 39.8763
116.395 39.8763
116.395 39.8763
116.395 39.8763
116.396 39.8763
116.396 39.8763
116.395 39.8762
116.395 39.8761
116.395 39.8758
116.394 39.8752
116.393 39.8743
116.392 39.873
116.39 39.8716
116.389 39.8709
116.389 39.871
116.39 39.8718
116.396 39.8763
116.396 39.8764
116.396 39.8766
116.396 39.8767
116.396 39.8767
116.396 39.8767
116.396 39.8766
116.396 39.8765
116.396 39.8765
116.396 39.8765
116.396 39.8765
116.396 39.8765
116.395 39.8764
116.395 39.8764
116.395 39.8764
116.396 39.8765
116.396 39.8766
116.396 39.8766
116.396 39.8765
116.395 39.8765
116.395 39.8764
116.395 39.8764
116.395 39.8765
116.395 39.8765
116.395 39.8765
116.395 39.8765
116.395 39.8764
116.395 39.8763
116.395 39.8763
116.395 39.8763
116.395 39.8763
116.395 39.8763
116.395 39.8763
116.395 39.8763
116.395 39.8763
116.396 39.8765
116.396 39.8766
116.396 39.8766
116.396 39.8766
116.396 39.8765
116.396 39.8765
116.395 39.8765
116.395 39.8764
116.395 39.8763
116.395 39.8763
116.395 39.8763
116.395 39.8763
116.395 39.8763
116.395 39.8763
116.395 39.8762
116.395 39.876
116.395 39.8758
116.394 39.8756
116.394 39.8753
116.394 39.8748
116.393 39.8742
116.393 39.8743
116.395 39.876
116.395 39.876
116.395 39.876
116.395 39.8762
116.395 39.8764
116.396 39.8765
116.396 39.8766
116.396 39.8766
116.396 39.8766
116.396 39.8766
116.396 39.8766
116.396 39.8765
116.396 39.8765
116.396 39.8765
116.396 39.8766
116.396 39.8766
116.396 39.8765
116.396 39.8764
116.396 39.8764
116.395 39.8764
116.396 39.8764
116.396 39.8764
116.396 39.8765
116.395 39.8765
116.396 39.8766
116.396 39.8767
116.396 39.8767
116.396 39.8767
116.396 39.8766
116.396 39.8767
116.396 39.8768
116.396 39.8768
116.396 39.8769
116.396 39.8769
116.396 39.8769
116.396 39.8769
116.396 39.8769
116.396 39.8768
116.396 39.8767
116.396 39.8767
116.396 39.8767
116.396 39.8767
116.396 39.8767
116.396 39.8766
116.396 39.8766
116.395 39.8766
116.395 39.8765
116.395 39.8765
116.395 39.8764
116.395 39.8763
116.395 39.8763
116.395 39.8764
116.395 39.8764
116.395 39.8764
116.395 39.8763
116.395 39.8762
116.395 39.8762
116.395 39.8762
116.395 39.8762
116.395 39.8762
116.395 39.8761
116.395 39.8761
116.395 39.8761
116.395 39.8761
116.395 39.8762
116.395 39.8762
116.395 39.8761
116.395 39.8761
116.395 39.8761
116.395 39.8761
116.395 39.8762
116.395 39.8763
116.395 39.8763
116.395 39.8764
116.396 39.8764
116.396 39.8764
116.395 39.8764
116.395 39.8764
116.395 39.8764
116.395 39.8764
116.395 39.8764
116.396 39.8764
116.396 39.8765
116.396 39.8765
116.396 39.8764
116.396 39.8764
116.396 39.8764
116.396 39.8764
116.396 39.8764
116.396 39.8765
116.396 39.8765
116.396 39.8765
116.396 39.8765
116.396 39.8765
116.396 39.8763
116.396 39.8762
116.395 39.8762
116.396 39.8762
116.396 39.8763
116.396 39.8763
116.396 39.8764
116.396 39.8766
116.397 39.8771
116.397 39.8774
116.398 39.8776
116.398 39.8778
116.398 39.878
116.398 39.8782
116.399 39.8786
116.399 39.8788
116.399 39.879
116.399 39.8791
116.399 39.8792
116.399 39.8792
116.399 39.8793
116.399 39.8794
116.399 39.8795
116.398 39.878
116.397 39.8773
116.396 39.8769
116.396 39.8767
116.396 39.8765
116.395 39.8762
116.395 39.876
116.395 39.8758
116.395 39.8756
116.394 39.8754
116.394 39.8752
116.394 39.8749
116.394 39.8748
116.394 39.8748
116.394 39.8748
116.394 39.8748
116.394 39.8748
116.394 39.8747
116.394 39.8747
116.394 39.8747
116.394 39.8753
116.395 39.876
116.395 39.8761
116.395 39.8761
116.395 39.8761
116.395 39.8761
116.395 39.8761
116.395 39.8762
116.395 39.8763
116.395 39.8764
116.396 39.8766
116.396 39.8766
116.396 39.8766
116.396 39.8767
116.396 39.8767
116.396 39.8767
116.396 39.8767
116.396 39.8767
116.396 39.8767
116.396 39.8767
116.396 39.8767
116.396 39.8767
116.396 39.8767
116.396 39.8766
116.396 39.8766
116.396 39.8766
116.396 39.8766
116.396 39.8766
116.396 39.8767
116.396 39.8767
116.396 39.8767
116.396 39.8766
116.396 39.8766
116.396 39.8765
116.396 39.8764
116.395 39.8763
116.395 39.8763
116.395 39.8762
116.395 39.8761
116.395 39.8761
116.395 39.876
116.395 39.876
116.395 39.876
116.395 39.8759
116.395 39.8758
116.395 39.8757
116.395 39.8757
116.395 39.8757
116.395 39.8757
116.395 39.8757
116.395 39.8756
116.395 39.8755
116.395 39.8755
116.395 39.8755
116.395 39.8755
116.395 39.8755
116.395 39.8755
116.395 39.8755
116.394 39.8755
116.394 39.8755
116.394 39.8755
116.394 39.8755
116.395 39.8756
116.395 39.8756
116.395 39.8756
116.395 39.8756
116.395 39.8756
116.395 39.8756
116.395 39.8757
116.395 39.8757
116.395 39.8757
116.395 39.8757
116.395 39.8757
116.395 39.8757
116.395 39.8757
116.395 39.8757
116.395 39.8757
116.394 39.8757
116.394 39.8757
116.395 39.8757
116.395 39.8757
116.394 39.8757
116.394 39.8757
116.394 39.8757
116.395 39.8757
116.395 39.8757
116.395 39.8757
116.395 39.8757
116.395 39.8757
116.395 39.8757
116.394 39.8757
116.395 39.8757
116.395 39.8757
116.395 39.8757
116.395 39.8757
116.395 39.8757
116.395 39.8757
116.395 39.8757
116.395 39.8757
116.395 39.8757
116.395 39.8757
116.395 39.8757
116.395 39.8758
116.395 39.8758
116.395 39.8758
116.395 39.8759
116.395 39.8759
116.395 39.8759
116.395 39.8759
116.395 39.8759
116.395 39.8758
116.395 39.8758
116.395 39.8758
116.395 39.8758
116.395 39.8758
116.395 39.8757
116.395 39.8757
116.395 39.8757
116.395 39.8757
116.395 39.8757
116.395 39.8757
116.395 39.8757
116.395 39.8757
116.395 39.8758
116.395 39.8759
116.395 39.8759
116.395 39.8759
116.395 39.8758
116.395 39.8758
116.395 39.8758
116.395 39.8757
116.395 39.8757
116.395 39.8757
116.395 39.8756
116.395 39.8756
116.395 39.8756
116.395 39.8756
116.395 39.8756
116.395 39.8756
116.395 39.8755
116.395 39.8757
116.395 39.8757
116.395 39.8758
116.395 39.8758
116.395 39.8759
116.395 39.8759
116.395 39.8759
116.395 39.876
116.395 39.876
116.395 39.876
116.395 39.876
116.395 39.876
116.396 39.8764
116.396 39.8765
116.396 39.8765
116.396 39.8765
116.396 39.8765
116.396 39.8767
116.396 39.8767
116.396 39.8768
116.396 39.8768
116.396 39.8768
116.396 39.8768
116.396 39.8768
116.396 39.8768
116.396 39.8768
116.396 39.8768
116.396 39.8767
116.396 39.8767
116.396 39.8767
116.396 39.8767
116.396 39.8766
116.396 39.8766
116.396 39.8765
116.396 39.8765
116.396 39.8765
116.396 39.8766
116.396 39.8766
116.395 39.8766
116.395 39.8765
116.395 39.8766
116.395 39.8766
116.395 39.8766
116.395 39.8765
116.395 39.8765
116.395 39.8765
116.395 39.8765
116.395 39.8765
116.395 39.8765
116.395 39.8765
116.395 39.8765
116.395 39.8765
116.395 39.8765
116.395 39.8765
116.395 39.8765
116.395 39.8765
116.395 39.8765
116.395 39.8765
116.395 39.8765
116.396 39.8765
116.396 39.8764
116.395 39.8763
116.395 39.8762
116.395 39.8762
116.395 39.8763
116.395 39.8763
116.395 39.8762
116.395 39.8762
116.395 39.8762
116.395 39.8762
116.395 39.8762
116.395 39.8761
116.395 39.8761
116.395 39.8761
116.395 39.876
116.395 39.8759
116.395 39.8759
116.395 39.8758
116.395 39.8758
116.395 39.8757
116.395 39.8757
116.395 39.8756
116.395 39.8755
116.395 39.8755
116.395 39.8754
116.395 39.8754
116.395 39.8754
116.395 39.8754
116.395 39.8754
116.395 39.8754
116.395 39.8754
116.395 39.8754
116.395 39.8755
116.395 39.8754
116.395 39.8754
116.395 39.8754
116.395 39.8754
116.395 39.8754
116.395 39.8756
116.395 39.8757
116.395 39.8758
116.395 39.8756
116.395 39.8756
116.395 39.8756
116.395 39.8756
116.395 39.8757
116.395 39.8757
116.395 39.8758
116.395 39.8758
116.395 39.8759
116.395 39.8759
116.395 39.876
116.395 39.8761
116.395 39.8761
116.395 39.8762
116.395 39.8762
116.395 39.8763
116.395 39.8763
116.395 39.8763
116.396 39.8763
116.396 39.8763
116.396 39.8763
116.396 39.8764
116.396 39.8764
116.396 39.8765
116.396 39.8765
116.396 39.8765
116.396 39.8765
116.396 39.8765
116.395 39.8766
116.396 39.8777
116.396 39.8769
116.396 39.8767
116.396 39.8766
116.396 39.8767
116.396 39.8767
116.396 39.8767
116.396 39.8767
116.396 39.8767
116.396 39.8767
116.396 39.8767
116.396 39.8767
116.396 39.8767
116.396 39.8767
116.396 39.8767
116.396 39.8767
116.396 39.8767
116.396 39.8767
116.396 39.8767
116.396 39.8767
116.396 39.8767
116.396 39.8767
116.396 39.8767
116.396 39.8767
116.396 39.8767
116.396 39.8767
116.396 39.8767
116.396 39.8767
116.396 39.8767
116.396 39.8767
116.396 39.8767
116.396 39.8767
116.396 39.8767
116.396 39.8767
116.396 39.8767
116.396 39.8767
116.396 39.8767
116.396 39.8767
116.396 39.8767
116.396 39.8767
116.396 39.8767
116.396 39.8767
116.396 39.8767
116.396 39.8767
116.396 39.8767
116.396 39.8767
116.396 39.8767
116.396 39.8767
116.396 39.8767
116.396 39.8767
116.396 39.8767
116.396 39.8767
116.396 39.8767
116.396 39.8767
116.396 39.8766
116.396 39.8766
116.396 39.8766
116.396 39.8765
116.396 39.8765
116.396 39.8765
116.396 39.8765
116.396 39.8765
116.396 39.8765
116.396 39.8765
116.396 39.8765
116.396 39.8765
116.396 39.8765
116.396 39.8765
116.396 39.8766
116.396 39.8766
116.396 39.8766
116.396 39.8766
116.396 39.8766
116.396 39.8766
116.396 39.8766
116.396 39.8766
116.396 39.8766
116.396 39.8766
116.396 39.8766
116.396 39.8766
116.396 39.8766
116.396 39.8766
116.396 39.8766
116.396 39.8766
116.396 39.8766
116.396 39.8766
116.396 39.8766
116.396 39.8766
116.396 39.8766
116.396 39.8766
116.396 39.8766
116.396 39.8766
116.396 39.8766
116.396 39.8766
116.396 39.8766
116.396 39.8766
116.396 39.8766
116.396 39.8766
116.396 39.8766
116.396 39.8766
116.396 39.8766
116.396 39.8766
116.396 39.8766
116.396 39.8766
116.396 39.8766
116.396 39.8766
116.396 39.8766
116.396 39.8766
116.396 39.8766
116.396 39.8766
116.396 39.8766
116.396 39.8766
116.396 39.8766
116.396 39.8766
116.396 39.8767
116.396 39.8767
116.396 39.8767
116.396 39.8767
116.396 39.8766
116.396 39.8766
116.396 39.8766
116.396 39.8766
116.396 39.8766
116.396 39.8766
116.396 39.8766
116.396 39.8766
116.396 39.8766
116.396 39.8766
116.396 39.8766
116.396 39.8766
116.396 39.8766
116.396 39.8766
116.396 39.8767
116.396 39.8767
116.396 39.8767
116.396 39.8767
116.396 39.8767
116.396 39.8767
116.396 39.8767
116.396 39.8767
116.396 39.8767
116.396 39.8767
116.396 39.8767
116.396 39.8767
116.396 39.8767
116.396 39.8767
116.396 39.8767
116.396 39.8767
116.396 39.8767
116.396 39.8767
116.396 39.8767
116.396 39.8767
116.396 39.8767
116.396 39.8767
116.396 39.8767
116.396 39.8767
116.396 39.8767
116.396 39.8767
116.396 39.8767
116.396 39.8767
116.396 39.8767
116.396 39.8767
116.396 39.8767
116.396 39.8767
116.396 39.8767
116.396 39.8767
116.396 39.8767
116.396 39.8767
116.396 39.8767
116.396 39.8767
116.396 39.8767
116.396 39.8767
116.396 39.8767
116.396 39.8767
116.396 39.8767
116.396 39.8767
116.396 39.8767
116.396 39.8767
116.396 39.8767
116.396 39.8767
116.396 39.8767
116.396 39.8767
116.396 39.8766
116.396 39.8766
116.396 39.8766
116.396 39.8766
116.396 39.8768
116.396 39.8769
116.396 39.8769
116.396 39.8769
116.396 39.8769
116.396 39.8769
116.396 39.8769
116.396 39.8769
116.396 39.8769
116.396 39.8769
116.396 39.8769
116.396 39.8769
116.396 39.8769
116.396 39.8769
116.396 39.8769
116.396 39.8769
116.396 39.8769
116.396 39.8769
116.396 39.8769
116.396 39.8768
116.396 39.8768
116.396 39.8768
116.396 39.8768
116.396 39.8768
116.396 39.8768
116.396 39.8768
116.396 39.8768
116.396 39.8768
116.396 39.8768
116.396 39.8768
116.396 39.8768
116.396 39.8768
116.396 39.8767
116.396 39.8767
116.396 39.8767
116.396 39.8767
116.396 39.8767
116.396 39.8767
116.396 39.8767
116.396 39.8767
116.396 39.8767
116.396 39.8767
116.396 39.8767
116.396 39.8767
116.396 39.8766
116.396 39.8766
116.396 39.8766
116.396 39.8766
116.396 39.8766
116.396 39.8766
116.396 39.8766
116.396 39.8766
116.396 39.8766
116.396 39.8766
116.396 39.8765
116.396 39.8765
116.396 39.8765
116.396 39.8766
116.396 39.8766
116.396 39.8767
116.396 39.8767
116.396 39.8767
116.396 39.8768
116.396 39.8768
116.396 39.8768
116.396 39.8768
116.396 39.8768
116.396 39.8768
116.396 39.8768
116.396 39.8769
116.396 39.8769
116.396 39.8768
116.396 39.8768
116.396 39.8768
116.396 39.8768
116.396 39.8768
116.396 39.8768
116.396 39.8769
116.396 39.8769
116.396 39.8769
116.396 39.8769
116.396 39.8769
116.396 39.8769
116.396 39.8769
116.396 39.8768
116.396 39.8768
116.396 39.8768
116.396 39.8768
116.396 39.8769
116.396 39.8769
116.396 39.8769
116.396 39.877
116.396 39.8769
116.396 39.8769
116.396 39.8769
116.396 39.8769
116.396 39.8769
116.396 39.8769
116.396 39.8768
116.396 39.8767
116.396 39.8767
116.396 39.8766
116.396 39.8766
116.396 39.8766
116.396 39.8766
116.396 39.8766
116.396 39.8766
116.396 39.8766
116.396 39.8766
116.396 39.8765
116.396 39.8765
116.396 39.8764
116.396 39.8764
116.396 39.8764
116.396 39.8764
116.396 39.8764
116.396 39.8764
116.396 39.8764
116.396 39.8765
116.396 39.8765
116.396 39.8765
116.396 39.8765
116.396 39.8765
116.396 39.8766
116.396 39.8765
116.396 39.8765
116.396 39.8765
116.396 39.8765
116.396 39.8765
116.396 39.8765
116.396 39.8765
116.396 39.8765
116.396 39.8765
116.396 39.8765
116.396 39.8765
116.396 39.8765
116.396 39.8765
116.396 39.8765
116.396 39.8765
116.396 39.8765
116.396 39.8765
116.396 39.8765
116.396 39.8765
116.396 39.8765
116.396 39.8765
116.396 39.8765
116.396 39.8765
116.396 39.8765
116.396 39.8766
116.396 39.8766
116.396 39.8763
116.396 39.8763
116.396 39.8763
116.396 39.8763
116.396 39.8763
116.396 39.8763
116.396 39.8763
116.396 39.8763
116.396 39.8763
116.396 39.8763
116.396 39.8763
116.396 39.8763
116.396 39.8763
116.396 39.8763
116.396 39.8763
116.396 39.8762
116.396 39.8762
116.396 39.8762
116.396 39.8762
116.396 39.8762
116.396 39.8762
116.396 39.8762
116.396 39.8762
116.396 39.8762
116.396 39.8762
116.396 39.8762
116.396 39.8762
116.396 39.8762
116.396 39.8762
116.396 39.8762
116.396 39.8762
116.396 39.8762
116.396 39.8763
116.396 39.8763
116.396 39.8763
116.396 39.8763
116.396 39.8764
116.396 39.8764
116.396 39.8764
116.396 39.8764
116.396 39.8764
116.396 39.8764
116.396 39.8764
116.396 39.8764
116.396 39.8764
116.396 39.8763
116.396 39.8763
116.396 39.8763
116.396 39.8763
116.396 39.8763
116.396 39.8763
116.396 39.8763
116.396 39.8763
116.396 39.8763
116.396 39.8763
116.396 39.8762
116.396 39.8763
116.396 39.8763
116.396 39.8763
116.396 39.8763
116.396 39.8763
116.396 39.8764
116.396 39.8763
116.396 39.8764
116.396 39.8764
116.396 39.8765
116.396 39.8765
116.396 39.8765
116.396 39.8765
116.396 39.8764
116.396 39.8764
116.396 39.8764
116.396 39.8764
116.396 39.8764
116.396 39.8763
116.396 39.8763
116.396 39.8763
116.396 39.8763
116.396 39.8763
116.396 39.8764
116.396 39.8764
116.396 39.8765
116.396 39.8765
116.396 39.8765
116.396 39.8766
116.396 39.8765
116.396 39.8765
116.396 39.8765
116.396 39.8766
116.396 39.8767
116.396 39.8767
116.396 39.8767
116.396 39.8766
116.396 39.8766
116.396 39.8766
116.396 39.8766
116.396 39.8766
116.396 39.8766
116.396 39.8766
116.396 39.8766
116.396 39.8766
116.396 39.8765
116.396 39.8765
116.396 39.8764
116.396 39.8764
116.396 39.8763
116.396 39.8764
116.396 39.8764
116.396 39.8764
116.396 39.8764
116.396 39.8764
116.396 39.8764
116.396 39.8765
116.396 39.8765
116.396 39.8765
116.396 39.8765
116.396 39.8765
116.396 39.8765
116.396 39.8765
116.396 39.8765
116.396 39.8764
116.396 39.8764
116.396 39.8764
116.396 39.8764
116.396 39.8764
116.396 39.8764
116.396 39.8763
116.396 39.8763
116.396 39.8763
116.396 39.8764
116.396 39.8764
116.396 39.8764
116.396 39.8765
116.396 39.8765
116.396 39.8765
116.396 39.8765
116.396 39.8765
116.396 39.8764
116.396 39.8764
116.396 39.8764
116.396 39.8764
116.396 39.8764
116.396 39.8764
116.396 39.8765
116.396 39.8765
116.396 39.8766
116.396 39.8766
116.396 39.8766
116.396 39.8767
116.396 39.8764
116.396 39.8764
116.396 39.8764
116.396 39.8764
116.396 39.8764
116.396 39.8764
116.396 39.8764
116.396 39.8764
116.396 39.8765
116.396 39.8765
116.396 39.8765
116.396 39.8765
116.396 39.8765
116.396 39.8765
116.396 39.8765
116.396 39.8766
116.396 39.8766
116.396 39.8766
116.396 39.8766
116.396 39.8766
116.396 39.8766
116.396 39.8766
116.396 39.8766
116.396 39.8766
116.396 39.8766
116.396 39.8765
116.396 39.8765
116.396 39.8765
116.396 39.8765
116.396 39.8766
116.396 39.8766
116.396 39.8767
116.396 39.8767
116.396 39.8768
116.396 39.8768
116.396 39.8767
116.396 39.8767
116.396 39.8767
116.396 39.8767
116.396 39.8767
116.396 39.8767
116.396 39.8767
116.396 39.8767
116.396 39.8767
116.396 39.8767
116.396 39.8767
116.396 39.8767
116.396 39.8766
116.396 39.8766
116.396 39.8766
116.396 39.8766
116.396 39.8766
116.396 39.8766
116.396 39.8766
116.396 39.8766
116.396 39.8766
116.396 39.8766
116.396 39.8765
116.396 39.8766
116.396 39.8767
116.396 39.8767
116.396 39.8768
116.396 39.8768
116.396 39.8768
116.396 39.8768
116.396 39.8769
116.396 39.8769
116.396 39.8769
116.396 39.8769
116.396 39.8769
116.396 39.8769
116.396 39.8768
116.396 39.8768
116.396 39.8768
116.396 39.8768
116.396 39.8767
116.396 39.8767
116.396 39.8768
116.396 39.8767
116.395 39.8768
116.395 39.8768
116.395 39.8767
116.395 39.8768
116.395 39.8767
116.396 39.8766
116.396 39.8766
116.396 39.8766
116.396 39.8766
116.396 39.8766
116.396 39.8766
116.396 39.8766
116.396 39.8765
116.396 39.8765
116.396 39.8765
116.396 39.8765
116.396 39.8765
116.396 39.8765
116.396 39.8765
116.396 39.8766
116.396 39.8766
116.396 39.8766
116.396 39.8766
116.396 39.8766
116.396 39.8766
116.396 39.8766
116.396 39.8766
116.396 39.8766
116.396 39.8766
116.396 39.8766
116.396 39.8766
116.396 39.8766
116.396 39.8766
116.396 39.8766
116.396 39.8766
116.396 39.8766
116.396 39.8766
116.396 39.8766
116.396 39.8767
116.396 39.8767
116.396 39.8767
116.396 39.8767
116.396 39.8767
116.396 39.8767
116.396 39.8767
116.396 39.8767
116.396 39.8767
116.396 39.8767
116.396 39.8767
116.396 39.8767
116.396 39.8767
116.396 39.8767
116.396 39.8767
116.396 39.8765
116.396 39.8764
116.396 39.8764
116.396 39.8764
116.396 39.8764
116.396 39.8764
116.396 39.8764
116.396 39.8764
116.396 39.8764
116.396 39.8764
116.396 39.8764
116.396 39.8764
116.396 39.8764
116.396 39.8764
116.396 39.8764
116.396 39.8764
116.396 39.8763
116.396 39.8763
116.396 39.8763
116.396 39.8763
116.396 39.8763
116.396 39.8763
116.396 39.8764
116.396 39.8764
116.396 39.8765
116.396 39.8765
116.396 39.8765
116.396 39.8765
116.396 39.8765
116.396 39.8765
116.396 39.8765
116.396 39.8765
116.396 39.8765
116.396 39.8765
116.396 39.8765
116.396 39.8765
116.396 39.8765
116.396 39.8765
116.396 39.8765
116.396 39.8764
116.396 39.8764
116.396 39.8764
116.396 39.8764
116.396 39.8764
116.396 39.8764
116.396 39.8764
116.396 39.8765
116.396 39.8766
116.396 39.8766
116.396 39.8766
116.396 39.8767
116.396 39.8767
116.396 39.8767
116.396 39.8767
116.396 39.8767
116.396 39.8767
116.396 39.8767
116.396 39.8767
116.396 39.8766
116.396 39.8766
116.396 39.8766
116.396 39.8766
116.396 39.8766
116.396 39.8766
116.396 39.8766
116.396 39.8766
116.396 39.8766
116.396 39.8766
116.396 39.8766
116.396 39.8766
116.396 39.8766
116.396 39.8766
116.396 39.8766
116.396 39.8766
116.396 39.8766
116.396 39.8766
116.396 39.8766
116.396 39.8766
116.396 39.8766
116.395 39.8766
116.395 39.8766
116.395 39.8766
116.395 39.8766
116.395 39.8766
116.395 39.8766
116.395 39.8766
116.395 39.8766
116.396 39.8766
116.396 39.8766
116.396 39.8766
116.396 39.8766
116.396 39.8766
116.396 39.8766
116.396 39.8766
116.396 39.8766
116.396 39.8766
116.396 39.8766
116.396 39.8766
116.396 39.8766
116.396 39.8766
116.396 39.8766
116.396 39.8766
116.396 39.8767
116.396 39.8767
116.396 39.8767
116.396 39.8767
116.396 39.8767
116.396 39.8767
116.396 39.8767
116.396 39.8767
116.396 39.8767
116.396 39.8767
116.396 39.8767
116.396 39.8767
116.396 39.8767
116.396 39.8767
116.396 39.8766
116.396 39.8766
116.396 39.8766
116.396 39.8765
116.396 39.8765
116.396 39.8765
116.396 39.8765
116.396 39.8765
116.396 39.8765
116.396 39.8764
116.396 39.8763
116.396 39.8763
116.396 39.8764
116.396 39.8764
116.396 39.8764
116.396 39.8764
116.396 39.8765
116.396 39.8765
116.396 39.8765
116.396 39.8766
116.396 39.8766
116.396 39.8767
116.396 39.8768
116.396 39.8768
116.396 39.8768
116.396 39.8768
116.396 39.8767
116.396 39.8767
116.396 39.8767
116.396 39.8767
116.396 39.8767
116.396 39.8766
116.396 39.8765
116.396 39.8765
116.396 39.8765
116.396 39.8765
116.396 39.8764
116.396 39.8764
116.396 39.8765
116.396 39.8766
116.396 39.8767
116.396 39.8767
116.396 39.8767
116.396 39.8767
116.396 39.8767
116.396 39.8767
116.396 39.8767
116.396 39.8767
116.396 39.8767
116.396 39.8767
116.396 39.8767
116.396 39.8767
116.396 39.8767
116.396 39.8767
116.396 39.8767
116.396 39.8767
116.396 39.8767
116.396 39.8767
116.396 39.8767
116.396 39.8767
116.396 39.8767
116.396 39.8766
116.396 39.8766
116.396 39.8767
116.396 39.8766
116.396 39.8766
116.396 39.8766
116.396 39.8767
116.396 39.8767
116.396 39.8767
116.396 39.8767
116.396 39.8767
116.396 39.8766
116.396 39.8766
116.396 39.8766
116.396 39.8766
116.396 39.8766
116.396 39.8766
116.396 39.8766
116.396 39.8766
116.396 39.8766
116.396 39.8767
116.396 39.8765
116.395 39.8765
116.395 39.8765
116.395 39.8764
116.395 39.8764
116.395 39.8764
116.395 39.8764
116.395 39.8764
116.395 39.8764
116.395 39.8764
116.395 39.8764
116.395 39.8764
116.395 39.8764
116.395 39.8764
116.395 39.8764
116.395 39.8764
116.395 39.8763
116.395 39.8762
116.395 39.8762
116.395 39.8763
116.395 39.8763
116.395 39.8764
116.395 39.8764
116.395 39.8764
116.395 39.8765
116.396 39.8765
116.396 39.8766
116.396 39.8766
116.396 39.8766
116.396 39.8766
116.396 39.8766
116.396 39.8766
116.396 39.8766
116.396 39.8766
116.396 39.8766
116.396 39.8766
116.396 39.8766
116.396 39.8766
116.396 39.8766
116.396 39.8766
116.396 39.8766
116.396 39.8766
116.396 39.8766
116.396 39.8767
116.396 39.8767
116.396 39.8767
116.396 39.8767
116.396 39.8767
116.396 39.8767
116.396 39.8767
116.396 39.8767
116.396 39.8767
116.396 39.8766
116.396 39.8766
116.396 39.8765
116.396 39.8765
116.396 39.8765
116.396 39.8765
116.396 39.8765
116.396 39.8765
116.396 39.8765
116.396 39.8765
116.396 39.8765
116.396 39.8765
116.396 39.8765
116.396 39.8765
116.396 39.8765
116.396 39.8765
116.396 39.8765
116.396 39.8765
116.396 39.8765
116.396 39.8765
116.396 39.8765
116.396 39.8765
116.396 39.8765
116.396 39.8765
116.396 39.8765
116.396 39.8765
116.396 39.8765
116.396 39.8765
116.396 39.8765
116.396 39.8765
116.396 39.8765
116.396 39.8765
116.396 39.8765
116.396 39.8765
116.396 39.8765
116.396 39.8765
116.396 39.8765
116.396 39.8765
116.396 39.8765
116.396 39.8765
116.396 39.8765
116.396 39.8765
116.396 39.8765
116.396 39.8765
116.396 39.8765
116.396 39.8765
116.396 39.8765
116.396 39.8765
116.396 39.8764
116.396 39.8765
116.396 39.8765
116.396 39.8765
116.396 39.8765
116.396 39.8765
116.396 39.8764
116.396 39.8764
116.396 39.8764
116.396 39.8765
116.396 39.8765
116.396 39.8765
116.396 39.8765
116.396 39.8765
116.396 39.8765
116.396 39.8765
116.396 39.8765
116.396 39.8765
116.396 39.8766
116.396 39.8766
116.396 39.8766
116.396 39.8766
116.396 39.8766
116.396 39.8766
116.396 39.8766
116.396 39.8766
116.396 39.8766
116.396 39.8766
116.396 39.8766
116.396 39.8766
116.396 39.8766
116.396 39.8766
116.396 39.8766
116.396 39.8765
116.396 39.8766
116.396 39.8766
116.396 39.8766
116.396 39.8766
116.396 39.8766
116.396 39.8765
116.396 39.8765
116.396 39.8765
116.396 39.8765
116.396 39.8765
116.396 39.8765
116.396 39.8765
116.396 39.8766
116.396 39.8766
116.396 39.8766
116.396 39.8766
116.396 39.8766
116.396 39.8766
116.396 39.8766
116.396 39.8766
116.396 39.8766
116.396 39.8766
116.396 39.8766
116.396 39.8765
116.396 39.8765
116.396 39.8765
116.396 39.8765
116.396 39.8766
116.396 39.8767
116.396 39.8767
116.396 39.8767
116.396 39.8767
116.396 39.8767
116.396 39.8767
116.396 39.8767
116.396 39.8767
116.396 39.8767
116.396 39.8767
116.396 39.8767
116.396 39.8767
116.396 39.8766
116.396 39.8766
116.396 39.8766
116.396 39.8766
116.396 39.8766
116.396 39.8766
116.396 39.8766
116.396 39.8765
116.396 39.8765
116.396 39.8765
116.396 39.8765
116.396 39.8766
116.396 39.8765
116.396 39.8765
116.396 39.8765
116.396 39.8766
116.396 39.8766
116.396 39.8765
116.396 39.8765
116.396 39.8764
116.396 39.8764
116.396 39.8764
116.396 39.8764
116.396 39.8764
116.396 39.8764
116.396 39.8764
116.396 39.8764
116.396 39.8764
116.396 39.8764
116.396 39.8765
116.396 39.8765
116.396 39.8766
116.396 39.8767
116.396 39.8768
116.396 39.8769
116.396 39.8769
116.396 39.8769
116.396 39.8769
116.396 39.877
116.396 39.877
116.396 39.877
116.396 39.877
116.396 39.877
116.396 39.877
116.396 39.877
116.396 39.877
116.396 39.877
116.396 39.877
116.396 39.8771
116.396 39.8771
116.396 39.8771
116.396 39.8771
116.396 39.8771
116.396 39.8771
116.396 39.877
116.396 39.877
116.396 39.877
116.396 39.877
116.396 39.877
116.396 39.877
116.396 39.8769
116.396 39.8769
116.396 39.8769
116.396 39.8769
116.396 39.8769
116.396 39.8769
116.396 39.8769
116.396 39.8769
116.396 39.8769
116.396 39.8769
116.396 39.8769
116.396 39.8769
116.396 39.8769
116.396 39.877
116.396 39.877
116.396 39.877
116.396 39.877
116.396 39.877
116.396 39.877
116.396 39.877
116.396 39.877
116.396 39.877
116.396 39.877
116.396 39.8771
116.396 39.8771
116.396 39.8771
116.396 39.8771
116.396 39.8771
116.396 39.8771
116.396 39.8771
116.396 39.877
116.396 39.877
116.396 39.877
116.396 39.877
116.396 39.877
116.396 39.877
116.396 39.877
116.396 39.877
116.396 39.877
116.396 39.8769
116.396 39.8769
116.396 39.8769
116.396 39.8769
116.396 39.8769
116.396 39.8768
116.396 39.8768
116.396 39.8768
116.396 39.8768
116.396 39.8768
116.396 39.8768
116.396 39.8768
116.396 39.8768
116.396 39.8767
116.396 39.8767
116.396 39.8767
116.396 39.8767
116.396 39.8767
116.396 39.8767
116.396 39.8767
116.396 39.8767
116.396 39.8767
116.396 39.8767
116.396 39.8767
116.396 39.8767
116.396 39.8767
116.396 39.8767
116.396 39.8767
116.396 39.8767
116.396 39.8767
116.396 39.8767
116.396 39.8767
116.396 39.8767
116.396 39.8767
116.396 39.8767
116.396 39.8767
116.396 39.8767
116.396 39.8767
116.396 39.8767
116.396 39.8767
116.396 39.8767
116.396 39.8766
116.396 39.8766
116.396 39.8766
116.396 39.8766
116.396 39.8766
116.396 39.8765
116.396 39.8765
116.396 39.8765
116.396 39.8765
116.396 39.8765
116.396 39.8765
116.396 39.8765
116.396 39.8765
116.396 39.8764
116.396 39.8764
116.396 39.8764
116.396 39.8764
116.396 39.8764
116.396 39.8764
116.396 39.8764
116.396 39.8764
116.396 39.8764
116.396 39.8765
116.396 39.8765
116.396 39.8765
116.396 39.8765
116.396 39.8765
116.396 39.8764
116.396 39.8764
116.396 39.8764
116.396 39.8764
116.396 39.8764
116.396 39.8764
116.396 39.8763
116.396 39.8763
116.396 39.8763
116.396 39.8763
116.396 39.8763
116.396 39.8763
116.396 39.8763
116.396 39.8762
116.396 39.8762
116.396 39.8762
116.396 39.8762
116.396 39.876
116.396 39.8759
116.396 39.8759
116.396 39.876
116.396 39.876
116.396 39.876
116.396 39.876
116.396 39.876
116.396 39.876
116.396 39.876
116.396 39.876
116.396 39.876
116.396 39.876
116.396 39.876
116.396 39.876
116.396 39.876
116.396 39.876
116.396 39.876
116.396 39.876
116.396 39.876
116.396 39.876
116.396 39.876
116.396 39.876
116.396 39.876
116.396 39.876
116.396 39.876
116.396 39.876
116.396 39.876
116.396 39.8761
116.396 39.8761
116.396 39.8761
116.396 39.8761
116.396 39.8761
116.396 39.8761
116.396 39.8761
116.396 39.8761
116.396 39.8761
116.396 39.8762
116.396 39.8762
116.396 39.8762
116.396 39.8761
116.396 39.8762
116.396 39.8762
116.396 39.8762
116.396 39.8762
116.396 39.8762
116.396 39.8762
116.396 39.8762
116.396 39.8762
116.396 39.8762
116.396 39.8762
116.396 39.8761
116.396 39.8761
116.396 39.8761
116.396 39.8761
116.396 39.8761
116.396 39.8761
116.396 39.8761
116.396 39.8761
116.396 39.8761
116.396 39.8761
116.396 39.8761
116.396 39.8761
116.396 39.8761
116.396 39.8761
116.396 39.8761
116.396 39.8761
116.396 39.8761
116.396 39.876
116.396 39.876
116.396 39.876
116.396 39.876
116.396 39.876
116.396 39.876
116.396 39.876
116.396 39.876
116.396 39.876
116.396 39.876
116.396 39.876
116.396 39.876
116.396 39.876
116.396 39.876
116.396 39.8761
116.396 39.8761
116.396 39.8761
116.396 39.8762
116.396 39.8762
116.396 39.8762
116.396 39.8762
116.396 39.8762
116.396 39.8762
116.396 39.8763
116.396 39.8763
116.396 39.8763
116.396 39.8763
116.396 39.8763
116.396 39.8763
116.396 39.8763
116.396 39.8763
116.396 39.8763
116.396 39.8763
116.396 39.8763
116.396 39.8763
116.396 39.8763
116.396 39.8763
116.396 39.8763
116.396 39.8763
116.396 39.8763
116.396 39.8763
116.396 39.8763
116.396 39.8763
116.396 39.8763
116.396 39.8763
116.396 39.8763
116.396 39.8763
116.396 39.8764
116.396 39.8764
116.396 39.8764
116.396 39.8763
116.396 39.8763
116.396 39.8763
116.396 39.8763
116.396 39.8763
116.396 39.8763
116.396 39.8763
116.396 39.8763
116.396 39.8763
116.396 39.8763
116.396 39.8763
116.396 39.8764
116.396 39.8765
116.396 39.8765
116.396 39.8765
116.396 39.8766
116.396 39.8766
116.396 39.8766
116.396 39.8766
116.396 39.8766
116.396 39.8766
116.396 39.8766
116.396 39.8766
116.396 39.8766
116.396 39.8766
116.396 39.8765
116.396 39.8765
116.396 39.8765
116.396 39.8765
116.396 39.8765
116.396 39.8765
116.396 39.8765
116.396 39.8765
116.396 39.8765
116.396 39.8765
116.396 39.8765
116.396 39.8765
116.396 39.8765
116.396 39.8763
116.396 39.8763
116.396 39.8763
116.395 39.8763
116.395 39.8763
116.395 39.8763
116.395 39.8762
116.395 39.8762
116.395 39.8761
116.395 39.876
116.395 39.876
116.395 39.876
116.395 39.8759
116.395 39.8758
116.395 39.8758
116.395 39.8757
116.395 39.8757
116.395 39.8756
116.395 39.8756
116.395 39.8755
116.395 39.8755
116.395 39.8754
116.395 39.8754
116.394 39.8755
116.394 39.8755
116.394 39.8755
116.394 39.8756
116.394 39.8756
116.394 39.8757
116.394 39.8757
116.394 39.8758
116.394 39.8758
116.394 39.8759
116.394 39.8759
116.394 39.876
116.394 39.8761
116.394 39.8761
116.394 39.8762
116.394 39.8762
116.394 39.8762
116.394 39.8762
116.394 39.8762
116.394 39.8762
116.394 39.8762
116.394 39.8762
116.394 39.8762
116.394 39.8762
116.394 39.8762
116.394 39.8762
116.394 39.8762
116.394 39.8762
116.394 39.8762
116.394 39.8762
116.394 39.8762
116.394 39.8762
116.394 39.8762
116.394 39.8762
116.394 39.8762
116.394 39.8763
116.394 39.8763
116.394 39.8763
116.394 39.8763
116.394 39.8763
116.394 39.8763
116.394 39.8763
116.394 39.8763
116.394 39.8763
116.394 39.8763
116.394 39.8763
116.394 39.8762
116.394 39.8762
116.394 39.8762
116.394 39.8762
116.394 39.8762
116.394 39.8762
116.394 39.8762
116.394 39.8762
116.394 39.8762
116.394 39.8762
116.394 39.8762
116.394 39.8762
116.394 39.8762
116.394 39.8762
116.394 39.8762
116.394 39.8762
116.394 39.8762
116.394 39.8762
116.394 39.8762
116.394 39.8762
116.394 39.8762
116.394 39.8762
116.394 39.8762
116.394 39.8762
116.394 39.8762
116.394 39.8762
116.394 39.8762
116.394 39.8764
116.394 39.8772
116.394 39.8778
116.394 39.8782
116.393 39.8786
116.393 39.879
116.393 39.8792
116.393 39.8794
116.393 39.8798
116.393 39.8802
116.393 39.8807
116.393 39.8811
116.393 39.8814
116.393 39.8816
116.393 39.8816
116.393 39.8816
116.393 39.8818
116.393 39.882
116.393 39.8822
116.393 39.8826
116.393 39.8829
116.393 39.8832
116.393 39.8835
116.393 39.8838
116.393 39.8839
116.393 39.8839
116.393 39.8839
116.393 39.8839
116.393 39.884
116.393 39.8843
116.393 39.8847
116.393 39.885
116.393 39.8851
116.393 39.8852
116.394 39.8853
116.394 39.8853
116.394 39.8854
116.395 39.8856
116.396 39.8858
116.396 39.8859
116.397 39.8861
116.398 39.8863
116.398 39.8864
116.399 39.8865
116.4 39.8866
116.4 39.8866
116.4 39.8866
116.4 39.8866
116.4 39.8866
116.4 39.8866
116.401 39.8867
116.401 39.8867
116.402 39.8867
116.402 39.8867
116.403 39.8867
116.403 39.8867
116.404 39.8867
116.405 39.8868
116.405 39.8868
116.405 39.8869
116.405 39.8869
116.405 39.8869
116.405 39.8869
116.405 39.8869
116.405 39.8869
116.406 39.8869
116.406 39.8869
116.406 39.8869
116.406 39.8869
116.406 39.8869
116.406 39.8869
116.406 39.8869
116.406 39.8869
116.406 39.8869
116.406 39.8869
116.406 39.8869
116.406 39.8869
116.406 39.8869
116.406 39.8869
116.406 39.8869
116.407 39.8868
116.408 39.8869
116.408 39.8869
116.409 39.8869
116.41 39.8869
116.41 39.8868
116.411 39.8868
116.411 39.8868
116.411 39.8868
116.411 39.8868
116.412 39.8866
116.412 39.8863
116.412 39.886
116.413 39.8856
116.413 39.8854
116.413 39.8851
116.414 39.8848
116.414 39.8845
116.414 39.8845
116.414 39.8845
116.414 39.8845
116.414 39.8845
116.414 39.8844
116.414 39.8842
116.414 39.884
116.414 39.8838
116.414 39.8836
116.414 39.8833
116.414 39.8831
116.414 39.883
116.414 39.883
116.414 39.883
116.414 39.883
116.414 39.883
116.414 39.883
116.414 39.883
116.414 39.883
116.414 39.883
116.414 39.883
116.414 39.883
116.414 39.883
116.414 39.8829
116.414 39.8828
116.415 39.8825
116.415 39.8824
116.416 39.8824
116.416 39.8825
116.417 39.8825
116.417 39.8826
116.418 39.8826
116.418 39.8827
116.419 39.8826
116.419 39.8826
116.419 39.8826
116.419 39.8826
116.419 39.8826
116.42 39.8826
116.42 39.8828
116.42 39.8828
116.421 39.8828
116.422 39.8828
116.422 39.8828
116.423 39.8828
116.423 39.8828
116.423 39.8828
116.423 39.8828
116.423 39.8828
116.423 39.8828
116.423 39.8828
116.423 39.8827
116.423 39.8826
116.424 39.8826
116.424 39.8826
116.425 39.8827
116.425 39.8828
116.426 39.8828
116.426 39.8829
116.427 39.8829
116.427 39.8829
116.428 39.8829
116.428 39.8829
116.429 39.8829
116.429 39.883
116.43 39.8831
116.431 39.8831
116.431 39.8832
116.431 39.8833
116.431 39.8834
116.431 39.8834
116.431 39.8834
116.431 39.8834
116.431 39.8834
116.432 39.8834
116.432 39.8833
116.432 39.8833
116.432 39.8833
116.432 39.8832
116.432 39.8832
116.432 39.8832
116.433 39.8832
116.433 39.8832
116.434 39.8832
116.434 39.8832
116.435 39.8831
116.435 39.8831
116.436 39.8831
116.437 39.8831
116.437 39.8832
116.438 39.8832
116.438 39.8831
116.439 39.8831
116.439 39.8831
116.44 39.8831
116.441 39.8831
116.441 39.8831
116.442 39.8831
116.443 39.8832
116.443 39.8832
116.443 39.8832
116.443 39.8835
116.443 39.8835
116.444 39.8834
116.444 39.8834
116.444 39.8834
116.445 39.8833
116.445 39.8833
116.446 39.8834
116.447 39.8833
116.447 39.8834
116.447 39.8834
116.447 39.8834
116.447 39.8834
116.447 39.8834
116.447 39.8834
116.447 39.8834
116.447 39.8834
116.447 39.8834
116.448 39.8833
116.448 39.8833
116.449 39.8834
116.449 39.8835
116.449 39.8835
116.45 39.8834
116.45 39.8834
116.45 39.8834
116.45 39.8834
116.45 39.8834
116.45 39.8834
116.45 39.8834
116.45 39.8834
116.45 39.8834
116.45 39.8834
116.45 39.8834
116.45 39.8834
116.45 39.8834
116.45 39.8834
116.45 39.8833
116.45 39.8832
116.451 39.8832
116.451 39.8832
116.452 39.8831
116.453 39.8831
116.454 39.8831
116.454 39.8831
116.455 39.8831
116.455 39.8831
116.455 39.8832
116.455 39.8835
116.455 39.8838
116.455 39.8841
116.455 39.8844
116.455 39.8847
116.455 39.885
116.455 39.8853
116.455 39.8856
116.455 39.8856
116.455 39.8856
116.455 39.8856
116.455 39.8857
116.455 39.886
116.455 39.8865
116.455 39.887
116.455 39.8874
116.455 39.8879
116.455 39.8882
116.455 39.8884
116.456 39.8884
116.456 39.8884
116.456 39.8884
116.455 39.8884
116.455 39.8885
116.455 39.8885
116.456 39.8885
116.456 39.8885
116.456 39.8884
116.456 39.8884
116.456 39.8884
116.455 39.8884
116.455 39.8884
116.455 39.8884
116.455 39.8884
116.455 39.8884
116.455 39.8884
116.455 39.8884
116.455 39.8884
116.455 39.8884
116.455 39.8884
116.455 39.8884
116.455 39.8884
116.455 39.8884
116.455 39.8884
116.455 39.8885
116.455 39.8885
116.455 39.8886
116.455 39.8886
116.455 39.8886
116.455 39.8886
116.454 39.8887
116.454 39.8887
116.454 39.8887
116.454 39.8887
116.454 39.8887
116.454 39.8887
116.454 39.8888
116.454 39.8888
116.454 39.8889
116.454 39.8889
116.454 39.8889
116.454 39.8889
116.454 39.889
116.454 39.889
116.454 39.8889
116.454 39.8889
116.454 39.8889
116.454 39.8889
116.454 39.889
116.454 39.889
116.454 39.889
116.454 39.889
116.454 39.889
116.454 39.8891
116.454 39.8891
116.454 39.8891
116.454 39.8891
116.454 39.8893
116.454 39.8894
116.454 39.8894
116.454 39.8895
116.454 39.8895
116.454 39.8895
116.454 39.8895
116.454 39.8895
116.454 39.8895
116.454 39.8895
116.454 39.8895
116.454 39.8895
116.454 39.8895
116.454 39.8895
116.455 39.8894
116.455 39.8894
116.455 39.8894
116.455 39.8894
116.455 39.8894
116.455 39.8894
116.455 39.8894
116.455 39.8894
116.455 39.8894
116.455 39.8894
116.455 39.8894
116.455 39.8894
116.455 39.8894
