117.268 31.8429
117.268 31.8428
117.267 31.8428
117.267 31.8428
117.267 31.8428
117.267 31.8428
117.267 31.8428
117.267 31.8428
117.267 31.8427
117.267 31.8427
117.267 31.8427
117.267 31.8427
117.267 31.8427
117.267 31.8427
117.267 31.8427
117.267 31.8428
117.267 31.8428
117.267 31.8428
117.267 31.8428
117.267 31.8429
117.267 31.8429
117.267 31.8429
117.267 31.8428
117.268 31.8429
117.268 31.8431
117.268 31.8434
117.267 31.8436
117.267 31.8437
117.267 31.8437
117.266 31.8438
117.266 31.8437
117.265 31.8436
117.265 31.8436
117.265 31.8436
117.264 31.8434
117.264 31.843
117.264 31.8429
117.264 31.8429
117.263 31.8427
117.263 31.8425
117.263 31.8422
117.263 31.8418
117.264 31.8415
117.264 31.8413
117.263 31.8413
117.263 31.8412
117.263 31.841
117.263 31.8407
117.263 31.8404
117.263 31.8402
117.262 31.8402
117.262 31.8402
117.262 31.8403
117.262 31.8404
117.261 31.8403
117.261 31.8404
117.261 31.8407
117.262 31.8411
117.262 31.8416
117.262 31.8419
117.263 31.8423
117.263 31.8428
117.263 31.8432
117.263 31.8435
117.262 31.8438
117.263 31.8438
117.263 31.8441
117.263 31.8444
117.263 31.8443
117.263 31.8441
117.262 31.8442
117.262 31.8442
117.261 31.8442
117.261 31.8442
117.26 31.8441
117.259 31.844
117.259 31.8438
117.258 31.8438
117.257 31.8438
117.257 31.8437
117.256 31.8437
117.256 31.8437
117.255 31.8436
117.255 31.8436
117.255 31.8436
117.255 31.8436
117.255 31.8436
117.255 31.8436
117.255 31.8436
117.255 31.8436
117.255 31.8436
117.255 31.8436
117.255 31.8436
117.255 31.8437
117.254 31.8437
117.254 31.8437
117.253 31.8437
117.252 31.8437
117.252 31.8436
117.251 31.8436
117.251 31.8435
117.251 31.8433
117.251 31.8431
117.251 31.843
117.251 31.8428
117.251 31.8424
117.251 31.842
117.251 31.8417
117.251 31.8414
117.251 31.8412
117.251 31.841
117.252 31.8409
117.252 31.8409
117.252 31.8407
117.252 31.8406
117.252 31.8406
117.252 31.8406
117.252 31.8406
117.252 31.8406
117.252 31.8406
117.252 31.8406
117.252 31.8406
117.252 31.8406
117.252 31.8406
117.252 31.8407
117.252 31.8407
117.252 31.8408
117.252 31.8408
117.252 31.8408
117.252 31.8408
117.252 31.8408
117.252 31.8408
117.252 31.8408
117.252 31.8408
117.252 31.8408
117.252 31.8408
117.252 31.8408
117.252 31.8408
117.252 31.8408
117.252 31.8408
117.252 31.8408
117.252 31.8408
117.252 31.8408
117.252 31.8408
117.252 31.8408
117.252 31.8408
117.252 31.8408
117.252 31.8408
117.252 31.8407
117.252 31.8408
117.252 31.8408
117.252 31.8408
117.252 31.8408
117.252 31.8408
117.252 31.8408
117.252 31.8408
117.252 31.8408
117.252 31.8408
117.252 31.8408
117.252 31.8407
117.252 31.8407
117.252 31.8407
117.252 31.8407
117.252 31.8407
117.252 31.8407
117.252 31.8407
117.252 31.8407
117.252 31.8407
117.252 31.8408
117.252 31.8407
117.252 31.8407
117.252 31.8407
117.252 31.8407
117.252 31.8407
117.252 31.8407
117.252 31.8407
117.252 31.8407
117.252 31.8407
117.252 31.8407
117.252 31.8407
117.252 31.8407
117.252 31.8407
117.252 31.8407
117.252 31.8407
117.252 31.8407
117.252 31.8407
117.252 31.8407
117.252 31.8407
117.252 31.8407
117.252 31.8407
117.252 31.8407
117.251 31.8409
117.251 31.841
117.251 31.8413
117.251 31.8416
117.251 31.8419
117.251 31.8423
117.251 31.8427
117.251 31.8429
117.251 31.8431
117.251 31.8431
117.251 31.8432
117.251 31.8433
117.252 31.8434
117.252 31.8434
117.252 31.8434
117.253 31.8434
117.253 31.8434
117.254 31.8435
117.254 31.8435
117.254 31.8435
117.254 31.8436
117.254 31.8436
117.254 31.8436
117.254 31.8435
117.254 31.8435
117.254 31.8436
117.254 31.8436
117.255 31.8436
117.256 31.8436
117.257 31.8436
117.257 31.8436
117.258 31.8437
117.259 31.8437
117.26 31.8437
117.26 31.8437
117.261 31.8437
117.262 31.8437
117.262 31.8437
117.263 31.8437
117.263 31.8437
117.263 31.8437
117.263 31.8436
117.263 31.8434
117.262 31.8427
117.26 31.8359
117.26 31.8349
117.261 31.835
117.262 31.835
117.262 31.8349
117.263 31.8349
117.263 31.8348
117.264 31.8347
117.265 31.8347
117.265 31.8346
117.265 31.8346
117.265 31.8346
117.265 31.8346
117.265 31.8345
117.265 31.8344
117.265 31.8344
117.265 31.8343
117.266 31.8273
117.265 31.8348
117.265 31.8349
117.265 31.835
117.265 31.835
117.265 31.835
117.265 31.8349
117.265 31.8348
117.265 31.8348
117.265 31.8348
117.265 31.8348
117.265 31.8348
117.265 31.8348
117.265 31.8348
117.265 31.8348
117.265 31.8347
117.265 31.8348
117.265 31.8347
117.265 31.8348
117.265 31.8348
117.265 31.8348
117.265 31.8348
117.265 31.8348
117.265 31.8348
117.265 31.8348
117.265 31.8348
117.265 31.8348
117.265 31.8348
117.265 31.8348
117.265 31.8347
117.265 31.8347
117.265 31.8348
117.265 31.8348
117.265 31.8348
117.265 31.8348
117.265 31.8348
117.265 31.8348
117.265 31.8348
117.265 31.8348
117.265 31.8348
117.265 31.8348
117.265 31.8348
117.265 31.8348
117.265 31.8348
117.265 31.8348
117.265 31.8348
117.265 31.8348
117.265 31.8348
117.265 31.8348
117.265 31.8348
117.265 31.8349
117.265 31.8349
117.265 31.8349
117.265 31.8349
117.265 31.8349
117.265 31.8349
117.265 31.8349
117.265 31.8349
117.265 31.8349
117.265 31.8349
117.265 31.8349
117.265 31.8349
117.265 31.8349
117.265 31.8349
117.265 31.8349
117.265 31.8349
117.265 31.835
117.265 31.835
117.265 31.835
117.265 31.835
117.265 31.835
117.265 31.835
117.265 31.835
117.265 31.835
117.265 31.835
117.265 31.835
117.265 31.835
117.265 31.835
117.265 31.835
117.265 31.8351
117.266 31.8353
117.266 31.8353
117.266 31.8353
117.266 31.8351
117.266 31.8348
117.267 31.8347
117.267 31.8346
117.268 31.8345
117.268 31.8345
117.268 31.8344
117.268 31.8344
117.268 31.8344
117.268 31.8344
117.268 31.8344
117.268 31.8345
117.268 31.8345
117.268 31.8346
117.267 31.8346
117.267 31.8346
117.266 31.8347
117.266 31.8347
117.265 31.8348
117.264 31.8349
117.264 31.8349
117.263 31.835
117.262 31.8351
117.262 31.8352
117.262 31.8352
117.262 31.8353
117.262 31.8355
117.262 31.8357
117.262 31.8359
117.262 31.8361
117.262 31.8361
117.262 31.8362
117.262 31.8362
117.263 31.8361
117.263 31.8361
117.263 31.8364
117.263 31.8367
117.264 31.8368
117.264 31.8368
117.264 31.8369
117.264 31.8368
117.265 31.8368
117.265 31.8368
117.265 31.8371
117.265 31.8374
117.265 31.8377
117.265 31.838
117.265 31.8381
117.265 31.8382
117.266 31.8382
117.266 31.8381
117.266 31.8381
117.266 31.8381
117.266 31.8381
117.266 31.8381
117.266 31.8381
117.266 31.8381
117.266 31.8381
117.266 31.8381
117.266 31.8381
117.266 31.8381
117.266 31.8381
117.266 31.8381
117.266 31.8381
117.266 31.8381
117.266 31.8381
117.266 31.8381
117.266 31.8381
117.266 31.8381
117.266 31.8381
117.266 31.8381
117.266 31.8381
117.266 31.8381
117.266 31.8381
117.266 31.8381
117.266 31.8381
117.266 31.8381
117.266 31.8381
117.266 31.8381
117.266 31.8381
117.266 31.8381
117.266 31.8381
117.266 31.8381
117.266 31.8381
117.266 31.8381
117.266 31.8381
117.266 31.8382
117.266 31.8382
117.266 31.8382
117.266 31.8382
117.266 31.8382
117.266 31.8381
117.266 31.838
117.265 31.838
117.265 31.8379
117.265 31.8379
117.265 31.838
117.265 31.838
117.265 31.838
117.266 31.838
117.266 31.8382
117.266 31.8384
117.266 31.8387
117.266 31.8389
117.266 31.8392
117.266 31.8395
117.266 31.8398
117.266 31.8401
117.266 31.8404
117.266 31.8407
117.266 31.841
117.266 31.8412
117.266 31.8414
117.265 31.8415
117.265 31.8415
117.265 31.8415
117.264 31.8414
117.264 31.8413
117.264 31.8413
117.264 31.8418
117.263 31.8422
117.263 31.8425
117.263 31.8428
117.264 31.8429
117.264 31.843
117.265 31.8431
117.265 31.8433
117.265 31.8435
117.265 31.8435
117.265 31.8434
117.265 31.8433
117.266 31.8433
117.266 31.8434
117.266 31.8435
117.267 31.8435
117.267 31.8434
117.267 31.8434
117.268 31.8433
117.268 31.8431
117.268 31.8429
117.268 31.8427
117.267 31.8427
117.267 31.8426
117.267 31.8426
117.267 31.8426
117.267 31.8426
117.264 31.8443
117.266 31.8436
117.266 31.8436
117.267 31.8435
117.267 31.8436
117.267 31.8435
117.267 31.8436
117.267 31.8437
117.267 31.8437
117.267 31.8436
117.267 31.8437
117.267 31.8436
117.267 31.8436
117.267 31.8437
117.268 31.8437
117.268 31.8437
117.268 31.8437
117.269 31.8438
117.269 31.8438
117.27 31.8438
117.27 31.8438
117.271 31.8438
117.271 31.8438
117.271 31.8438
117.271 31.8438
117.272 31.8439
117.272 31.8439
117.273 31.8439
117.274 31.8439
117.274 31.844
117.275 31.8439
117.275 31.8439
117.275 31.8439
117.275 31.8439
117.275 31.8439
117.275 31.8439
117.275 31.844
117.275 31.844
117.275 31.844
117.275 31.844
117.275 31.844
117.276 31.8442
117.276 31.8445
117.276 31.8449
117.276 31.8454
117.275 31.8459
117.275 31.8464
117.275 31.8468
117.275 31.8472
117.275 31.8477
117.275 31.8481
117.275 31.8488
117.276 31.8495
117.276 31.8502
117.276 31.8508
117.276 31.8512
117.276 31.8517
117.276 31.8522
117.276 31.8525
117.276 31.8528
117.276 31.853
117.276 31.8531
117.276 31.8531
117.276 31.8531
117.276 31.8531
117.276 31.8531
117.276 31.8531
117.276 31.8532
117.276 31.8535
117.276 31.8539
117.276 31.8543
117.276 31.8547
117.276 31.8551
117.276 31.8555
117.276 31.8559
117.276 31.856
117.276 31.8559
117.276 31.8559
117.276 31.856
117.276 31.8561
117.276 31.8561
117.277 31.8562
117.278 31.8563
117.278 31.8565
117.279 31.8566
117.279 31.8568
117.28 31.8568
117.28 31.8569
117.28 31.8569
117.28 31.8569
117.28 31.8569
117.28 31.8569
117.28 31.8569
117.28 31.8569
117.28 31.8569
117.281 31.8571
117.281 31.8574
117.281 31.858
117.281 31.8585
117.281 31.859
117.281 31.8594
117.281 31.8596
117.281 31.8598
117.282 31.8599
117.282 31.8599
117.283 31.8599
117.283 31.8598
117.283 31.8598
117.283 31.8598
117.283 31.8598
117.283 31.8598
117.283 31.86
117.283 31.86
117.283 31.8599
117.284 31.86
117.284 31.86
117.284 31.86
117.284 31.8599
117.284 31.8598
117.284 31.8597
117.284 31.8596
117.284 31.8595
117.284 31.8595
117.284 31.8594
117.284 31.8593
117.284 31.8592
117.284 31.8591
117.284 31.8591
117.284 31.8591
117.284 31.8591
117.284 31.8591
117.284 31.8591
117.284 31.8591
117.284 31.8592
117.284 31.8592
117.284 31.8592
117.284 31.8592
117.284 31.8592
117.284 31.8592
117.284 31.8592
117.284 31.8592
117.284 31.8592
117.284 31.8592
117.284 31.8592
117.284 31.8592
117.284 31.8592
117.284 31.8592
117.284 31.8592
117.284 31.8592
117.284 31.8593
117.284 31.8593
117.284 31.8593
117.284 31.8593
117.284 31.8593
117.284 31.8593
