116.331 39.9827
116.329 39.9843
116.328 39.9845
116.328 39.9844
116.327 39.9844
116.326 39.9843
116.325 39.9844
116.325 39.9844
116.324 39.9843
116.317 39.9845
116.316 39.9845
116.316 39.9845
116.315 39.9845
116.31 39.9844
116.31 39.9843
116.309 39.9843
116.3 39.9841
116.299 39.9839
116.299 39.9832
116.299 39.982
116.3 39.9786
116.3 39.9784
116.3 39.9787
116.3 39.9788
116.3 39.979
116.3 39.9793
116.3 39.9794
116.3 39.9796
116.3 39.9798
116.3 39.9798
116.3 39.98
116.3 39.9801
116.3 39.9803
116.3 39.9812
116.3 39.9814
116.299 39.9822
116.299 39.9825
116.299 39.9827
116.299 39.9829
116.299 39.9831
116.299 39.9832
116.299 39.9835
116.303 39.984
116.305 39.9837
116.306 39.9835
116.306 39.9836
116.305 39.9836
116.304 39.9837
116.301 39.9843
116.3 39.9843
116.3 39.9844
116.3 39.9847
116.3 39.9848
116.299 39.9849
116.302 39.9864
116.303 39.9864
116.303 39.9864
116.303 39.9864
116.303 39.9864
116.304 39.9865
116.304 39.9866
116.563 39.9201
116.563 39.9204
116.562 39.9204
116.561 39.9207
116.56 39.9211
116.558 39.9219
116.557 39.9222
116.556 39.9229
116.556 39.9237
116.556 39.9236
116.547 39.9254
116.546 39.9256
116.545 39.9259
116.544 39.9262
116.543 39.9264
116.541 39.927
116.311 39.9871
116.31 39.9873
116.312 39.9868
116.311 39.9873
116.31 39.9882
116.31 39.9882
116.311 39.9841
116.318 39.9839
116.319 39.984
116.32 39.9841
116.327 39.9836
116.327 39.9836
116.327 39.9837
116.327 39.9838
116.327 39.984
116.327 39.9838
116.347 39.9847
116.347 39.9847
116.347 39.9846
116.352 39.9846
116.352 39.9845
116.352 39.9847
116.352 39.9849
