116.302 39.985
116.302 39.985
116.302 39.985
116.302 39.985
116.302 39.985
116.302 39.985
116.302 39.985
116.302 39.985
116.302 39.9849
116.302 39.9846
116.302 39.9843
116.302 39.984
116.302 39.9837
116.303 39.9835
116.303 39.9834
116.303 39.9833
116.303 39.9832
116.303 39.9831
116.303 39.9831
116.303 39.983
116.303 39.9829
116.303 39.9829
116.303 39.9828
116.303 39.9827
116.303 39.9826
116.303 39.9825
116.303 39.9825
116.303 39.9824
116.303 39.9823
116.303 39.9822
116.303 39.9821
116.303 39.982
116.303 39.9819
116.304 39.9807
116.303 39.9807
116.223 40.0733
116.22 40.0778
116.23 40.0661
116.233 40.0626
116.301 39.988
116.301 39.988
116.301 39.9879
116.301 39.988
116.301 39.9879
116.301 39.9879
116.301 39.9879
116.301 39.9879
116.301 39.9879
116.301 39.9879
116.301 39.9879
116.301 39.9879
116.301 39.9879
116.301 39.9878
116.301 39.9878
116.301 39.9877
116.301 39.9876
116.301 39.9876
116.301 39.9875
116.301 39.9874
116.301 39.9873
116.301 39.9872
116.301 39.987
116.301 39.987
116.301 39.9868
116.301 39.9868
116.301 39.9867
116.301 39.9866
116.301 39.9865
116.301 39.9865
116.301 39.9864
116.301 39.9863
116.301 39.9863
116.301 39.9862
116.301 39.9862
116.301 39.9861
116.301 39.9861
116.301 39.986
116.301 39.9859
116.301 39.9859
116.301 39.9858
116.301 39.9858
116.301 39.9858
116.301 39.9857
116.301 39.9857
116.3 39.9856
116.3 39.9856
116.3 39.9857
116.3 39.9858
116.3 39.9858
116.3 39.9858
116.3 39.9858
116.3 39.9858
116.3 39.9859
116.3 39.9859
116.3 39.9861
116.3 39.9863
116.3 39.9864
116.3 39.9865
116.3 39.9866
116.3 39.9867
116.3 39.9867
116.3 39.9867
116.3 39.9868
116.3 39.9869
116.3 39.9869
116.3 39.9869
116.3 39.9869
116.3 39.9869
116.3 39.9869
116.3 39.9869
116.3 39.987
116.3 39.9871
116.3 39.9871
116.3 39.9872
116.3 39.9873
116.3 39.9873
116.3 39.9873
116.3 39.9873
116.3 39.9872
116.3 39.9871
116.3 39.987
116.3 39.987
116.3 39.987
116.3 39.987
116.3 39.987
116.3 39.9871
116.3 39.9871
116.3 39.9871
116.3 39.9872
116.299 39.9842
116.299 39.9842
116.3 39.9844
116.3 39.9847
116.3 39.9847
116.3 39.9846
116.3 39.9845
116.3 39.9845
116.3 39.9845
116.3 39.9846
116.3 39.9847
116.3 39.9847
116.3 39.9847
116.3 39.9846
116.3 39.9846
116.3 39.9845
116.3 39.9846
116.3 39.9846
116.3 39.9846
116.3 39.9847
116.3 39.9847
116.3 39.9847
116.3 39.9847
116.3 39.9846
116.3 39.9847
116.3 39.9847
116.3 39.9848
116.3 39.9849
116.3 39.9849
116.3 39.985
116.3 39.985
116.3 39.9849
116.3 39.9849
116.3 39.9849
116.3 39.9849
116.3 39.9849
116.3 39.9849
116.3 39.9849
116.3 39.985
116.3 39.985
116.3 39.9851
116.3 39.9851
116.3 39.9851
116.3 39.985
116.3 39.9851
116.299 39.9851
116.299 39.9851
116.299 39.9851
116.298 39.9851
116.298 39.9851
116.298 39.9852
116.298 39.9852
116.298 39.985
116.298 39.9851
116.298 39.9852
116.298 39.9852
116.298 39.9852
116.299 39.9854
116.299 39.9854
116.299 39.9854
116.299 39.9854
116.299 39.9854
116.299 39.9854
116.299 39.9853
116.298 39.9852
116.298 39.9852
116.298 39.9853
116.299 39.9854
116.299 39.9855
116.299 39.9856
116.299 39.9857
116.299 39.9857
116.299 39.9857
116.299 39.9856
116.299 39.9857
116.299 39.9857
116.299 39.9857
116.299 39.9858
116.299 39.9858
116.299 39.9859
116.299 39.986
116.299 39.986
116.299 39.9861
116.299 39.9862
116.299 39.9862
116.299 39.9862
116.299 39.9862
116.299 39.9862
116.299 39.9863
116.299 39.9862
116.3 39.9862
116.3 39.9861
116.299 39.986
116.3 39.9859
116.3 39.9858
116.3 39.9858
116.3 39.9858
116.3 39.9857
116.3 39.9857
116.3 39.9856
116.301 39.9856
116.301 39.9855
116.301 39.9854
116.301 39.9853
116.301 39.9853
116.301 39.9853
116.301 39.9854
116.301 39.9855
116.301 39.9855
116.301 39.9855
116.301 39.9856
116.3 39.9858
116.3 39.9858
116.3 39.9858
116.3 39.9858
116.3 39.9859
116.3 39.9859
116.3 39.986
116.3 39.986
116.301 39.9859
116.301 39.9859
116.301 39.9858
116.301 39.9858
116.301 39.9858
116.301 39.9856
116.301 39.9857
116.301 39.9857
116.301 39.9858
116.301 39.9859
116.301 39.9859
116.301 39.986
116.301 39.9861
116.301 39.9861
116.301 39.9861
116.301 39.9861
116.301 39.9861
116.302 39.9861
116.302 39.9861
116.302 39.9861
116.302 39.9861
116.302 39.9861
116.302 39.986
116.302 39.9861
116.302 39.986
116.302 39.986
116.303 39.986
116.303 39.9859
116.302 39.9862
116.302 39.9864
116.302 39.9864
116.302 39.9864
116.302 39.9864
116.302 39.9864
116.302 39.9864
116.302 39.9864
116.302 39.9864
116.302 39.9864
116.302 39.9864
116.302 39.9864
116.303 39.9864
116.303 39.9864
116.303 39.9863
116.303 39.9862
116.303 39.9861
116.303 39.986
116.303 39.986
116.304 39.9858
116.304 39.9857
116.304 39.9856
116.303 39.986
116.303 39.9861
116.303 39.9862
116.303 39.9862
116.303 39.9862
116.303 39.9862
116.303 39.9862
116.303 39.9862
116.303 39.9863
116.303 39.9864
116.303 39.9865
116.303 39.9866
116.303 39.9868
116.303 39.9869
116.304 39.987
116.304 39.9871
116.304 39.9872
116.304 39.9873
116.304 39.9874
116.304 39.9875
116.304 39.9877
116.304 39.9881
116.304 39.9882
116.304 39.9885
116.303 39.9886
116.303 39.9887
116.303 39.9888
116.303 39.9888
116.303 39.9889
116.303 39.989
