116.327 39.9734
116.327 39.9734
116.327 39.9734
116.327 39.9734
116.327 39.9734
116.327 39.9734
116.327 39.9734
116.327 39.9734
116.327 39.9733
116.327 39.9733
116.327 39.9733
116.327 39.9733
116.327 39.9733
116.327 39.9733
116.327 39.9733
116.327 39.9732
116.327 39.9732
116.327 39.9732
116.327 39.9732
116.327 39.9731
116.327 39.973
116.327 39.973
116.327 39.9729
116.327 39.9729
116.327 39.9728
116.327 39.9728
116.327 39.9727
116.327 39.9727
116.327 39.9727
116.328 39.9727
116.328 39.9726
116.328 39.9726
116.328 39.9726
116.328 39.9725
116.328 39.9725
116.328 39.9725
116.328 39.9725
116.328 39.9725
116.327 39.9725
116.327 39.9725
116.327 39.9725
116.327 39.9725
116.327 39.9725
116.327 39.9725
116.327 39.9725
116.327 39.9726
116.327 39.9726
116.327 39.9726
116.327 39.9726
116.327 39.9726
116.327 39.9726
116.327 39.9726
116.327 39.9726
116.327 39.9726
116.327 39.9726
116.327 39.9726
116.327 39.9725
116.327 39.9725
116.327 39.9725
116.327 39.9726
116.327 39.9726
116.327 39.9726
116.326 39.9726
116.326 39.9726
116.326 39.9726
116.326 39.9725
116.326 39.9725
116.326 39.9725
116.326 39.9725
116.326 39.9725
116.326 39.9725
116.326 39.9725
116.326 39.9725
116.326 39.9725
116.326 39.9725
116.326 39.9725
116.326 39.9725
116.326 39.9725
116.326 39.9725
116.326 39.9725
116.326 39.9725
116.326 39.9725
116.326 39.9725
116.326 39.9725
116.326 39.9725
116.326 39.9725
116.326 39.9725
116.326 39.9724
116.326 39.9724
116.326 39.9716
116.326 39.9716
116.325 39.9716
116.325 39.9717
116.325 39.9717
116.325 39.9717
116.325 39.9717
116.325 39.9717
116.325 39.9717
116.325 39.9717
116.325 39.9717
116.325 39.9717
116.325 39.9717
116.325 39.9717
116.325 39.9717
116.325 39.9717
116.325 39.9717
116.325 39.9717
116.325 39.9718
116.325 39.9718
116.325 39.9718
116.325 39.9718
116.325 39.9719
