116.324 40.0058
116.324 40.0057
116.324 40.0055
116.324 40.0053
116.324 40.0052
116.324 40.005
116.324 40.0048
116.324 40.0046
116.324 40.0044
116.324 40.0043
116.324 40.0043
116.324 40.0042
116.324 40.004
116.324 40.004
116.324 40.0038
116.324 40.0037
116.324 40.0035
116.324 40.0033
116.324 40.0031
116.324 40.0029
116.325 40.0027
116.325 40.0026
116.325 40.0025
116.325 40.0024
116.325 40.0022
116.325 40.002
116.325 40.002
116.325 40.0019
116.325 40.0017
116.325 40.0016
116.325 40.0015
116.326 40.0015
116.326 40.0015
116.326 40.0014
116.326 40.0015
116.327 40.0017
116.327 40.0011
116.327 40.0011
116.327 40.0012
116.327 40.001
116.327 40.0009
116.327 40.0007
116.327 40.0005
116.327 40.0004
116.327 40.0004
116.327 40.0004
116.327 40.0004
116.327 40.0004
116.327 40.0004
116.327 40.0003
116.327 40.0002
116.327 40.0002
116.327 40.0001
116.327 40.0002
116.327 40.0006
116.327 40.0002
116.327 39.9996
116.327 40
116.327 39.9999
116.327 39.9997
116.327 39.9996
116.327 39.9996
116.327 39.9997
116.327 39.9997
116.327 39.9996
116.327 39.9995
116.327 39.9994
116.327 39.9993
116.327 39.9992
116.327 39.999
116.327 39.9989
116.327 39.9988
116.327 39.9986
116.327 39.9985
116.327 39.9983
116.327 39.9982
116.327 39.9981
116.327 39.9979
116.327 39.9977
116.327 39.9975
116.327 39.9974
116.327 39.9972
116.327 39.9971
116.327 39.9969
116.327 39.9968
116.327 39.9966
116.327 39.9965
116.327 39.9963
116.327 39.9961
116.327 39.996
116.327 39.9958
116.327 39.9956
116.327 39.9955
116.327 39.9953
116.327 39.9952
116.327 39.9951
116.327 39.995
116.327 39.9949
116.327 39.9949
116.327 39.9948
116.327 39.9946
116.327 39.9945
116.327 39.9943
116.327 39.9942
116.327 39.9941
116.327 39.994
116.327 39.9939
116.327 39.9938
116.327 39.9937
116.327 39.9936
116.327 39.9934
116.327 39.9933
116.327 39.9932
116.327 39.9931
116.327 39.9931
116.327 39.993
116.327 39.993
116.327 39.993
116.327 39.993
116.327 39.993
116.327 39.9929
116.327 39.9928
116.327 39.9927
116.327 39.9926
116.327 39.9925
116.327 39.9925
116.327 39.9924
116.327 39.9923
116.327 39.9923
116.327 39.9923
116.327 39.9922
116.327 39.9921
116.327 39.992
116.327 39.992
116.327 39.9919
116.327 39.9919
116.327 39.9917
116.327 39.9917
116.327 39.9917
116.327 39.9916
116.327 39.9916
116.327 39.9915
116.327 39.9915
116.327 39.9915
116.327 39.9914
116.327 39.9914
116.327 39.9914
116.327 39.9913
116.327 39.9912
116.327 39.9912
116.327 39.9912
116.327 39.9912
116.327 39.9912
116.327 39.9913
116.327 39.9913
116.327 39.9913
116.327 39.9913
116.327 39.9913
116.327 39.9912
116.327 39.991
116.327 39.9909
116.327 39.9908
116.327 39.9907
116.327 39.9906
116.327 39.9905
116.327 39.9904
116.327 39.9903
116.327 39.9903
116.327 39.9902
116.327 39.9902
116.327 39.9901
116.327 39.99
116.327 39.99
116.327 39.9899
116.327 39.9898
116.327 39.9897
116.327 39.9897
116.327 39.9896
116.327 39.9895
116.327 39.9895
116.327 39.9894
116.327 39.9894
116.327 39.9893
116.327 39.9892
116.327 39.9892
116.327 39.9892
116.327 39.9892
116.327 39.9892
116.327 39.9892
116.327 39.9892
116.327 39.9891
116.327 39.9889
116.327 39.9886
116.327 39.9881
116.327 39.9876
116.327 39.9872
116.327 39.9868
116.327 39.9864
116.327 39.9861
116.327 39.9859
116.327 39.9859
116.327 39.9858
116.327 39.9856
116.327 39.9855
116.327 39.9855
116.327 39.9855
116.327 39.9855
116.327 39.9855
116.327 39.9855
116.327 39.9855
116.327 39.9855
116.327 39.9855
116.327 39.9855
116.327 39.9854
116.327 39.9853
116.327 39.9851
116.327 39.9847
116.327 39.9842
116.327 39.9838
116.327 39.9833
116.327 39.9829
116.327 39.9825
116.327 39.9822
116.327 39.9822
116.327 39.9822
116.327 39.9822
116.327 39.9821
116.327 39.9821
116.327 39.982
116.327 39.982
116.327 39.982
116.327 39.982
116.327 39.982
116.327 39.9817
116.327 39.9814
116.327 39.9811
116.327 39.9808
116.327 39.9806
116.327 39.9804
116.327 39.9803
116.327 39.9803
116.327 39.9803
116.327 39.9803
116.327 39.9801
116.327 39.9799
116.327 39.9796
116.327 39.9791
116.327 39.9786
116.327 39.9783
116.327 39.978
116.327 39.9777
116.327 39.9776
116.327 39.9776
116.327 39.9776
116.327 39.9776
116.327 39.9776
116.327 39.9774
116.327 39.977
116.327 39.9767
116.327 39.9763
116.327 39.9759
116.327 39.9755
116.327 39.975
116.327 39.9747
116.327 39.9744
116.327 39.9743
116.327 39.9742
116.327 39.9742
116.327 39.9742
116.327 39.9742
116.327 39.9742
116.327 39.9742
116.327 39.9742
116.327 39.9742
116.327 39.9741
116.327 39.9741
116.327 39.9741
116.327 39.9741
116.327 39.974
116.328 39.9738
116.328 39.9734
116.328 39.9731
116.328 39.9728
116.328 39.9725
116.328 39.9722
116.328 39.9719
116.328 39.9716
116.328 39.9714
116.328 39.9712
116.328 39.9709
116.328 39.9709
116.328 39.9708
116.328 39.9708
116.328 39.9708
116.328 39.9708
116.328 39.9707
116.328 39.9703
116.328 39.9699
116.328 39.9693
116.328 39.9687
116.328 39.9682
116.328 39.9678
116.328 39.9674
116.328 39.9672
116.328 39.9671
116.328 39.9671
116.328 39.9671
116.328 39.9671
116.328 39.9671
116.328 39.9671
116.328 39.9671
116.328 39.9668
116.328 39.9665
116.328 39.9662
116.328 39.9659
116.328 39.9656
116.328 39.9655
116.328 39.9655
116.328 39.9654
116.328 39.9653
116.328 39.9652
116.328 39.9652
116.328 39.9652
116.328 39.9652
116.328 39.9652
116.328 39.9651
116.328 39.9648
116.328 39.9645
116.328 39.9642
116.328 39.9638
116.328 39.9634
116.328 39.9631
116.328 39.9629
116.328 39.9625
116.328 39.9621
116.328 39.9616
116.328 39.9611
116.328 39.9608
116.329 39.9604
116.329 39.9602
116.329 39.9601
116.329 39.96
116.329 39.96
116.329 39.96
116.329 39.9598
116.329 39.9597
116.329 39.9597
116.329 39.9597
116.329 39.9597
116.329 39.9597
116.329 39.9597
116.329 39.9595
116.329 39.9592
116.329 39.9588
116.329 39.9584
116.329 39.958
116.329 39.9575
116.329 39.957
116.329 39.9568
116.329 39.9568
116.329 39.9568
116.329 39.9565
116.329 39.9563
116.329 39.9559
116.329 39.9554
116.329 39.955
116.329 39.9547
116.329 39.9545
116.329 39.9544
116.329 39.9544
116.329 39.9543
116.329 39.9542
116.329 39.9542
116.329 39.9542
116.329 39.9542
116.329 39.9541
116.329 39.9541
116.329 39.9541
116.329 39.9541
116.329 39.9541
116.329 39.9539
116.329 39.9536
116.329 39.9531
116.329 39.9526
116.329 39.952
116.33 39.9515
116.33 39.951
116.33 39.9509
116.329 39.9509
116.329 39.9509
116.329 39.9509
116.328 39.9508
116.328 39.9509
116.328 39.9509
116.328 39.9509
116.328 39.9509
116.328 39.9509
116.328 39.9509
116.328 39.9509
116.328 39.9509
116.328 39.9509
116.328 39.9509
116.328 39.9509
116.328 39.9509
116.328 39.9509
116.328 39.9509
116.328 39.9509
116.328 39.9508
116.327 39.9507
116.327 39.9507
116.327 39.9506
116.326 39.9506
116.326 39.9506
116.325 39.9505
116.324 39.9505
116.324 39.9506
116.323 39.9506
116.323 39.9506
116.322 39.9505
116.322 39.9505
116.322 39.9504
116.322 39.9505
116.322 39.9505
116.322 39.9505
116.322 39.9505
116.322 39.9505
116.322 39.9505
116.322 39.9505
116.321 39.9504
116.32 39.9504
116.32 39.9504
116.32 39.9503
116.319 39.9503
116.319 39.9503
116.319 39.9503
116.319 39.9503
116.319 39.9503
116.319 39.9503
116.319 39.9503
116.319 39.9503
116.319 39.9503
116.319 39.9503
116.319 39.9503
116.319 39.9503
116.319 39.9503
116.319 39.9503
116.319 39.9503
116.319 39.9503
116.319 39.9503
116.319 39.9503
116.319 39.9503
116.319 39.9503
116.318 39.9503
116.318 39.9502
116.318 39.9498
116.318 39.9493
116.318 39.9488
116.318 39.9483
116.318 39.9478
116.318 39.9474
116.318 39.9471
116.318 39.947
116.318 39.9469
116.318 39.9469
116.318 39.9469
116.318 39.9469
116.318 39.9469
116.318 39.9469
116.318 39.9469
116.318 39.9468
116.318 39.9464
116.318 39.9462
116.319 39.9459
116.318 39.9456
116.318 39.9452
116.318 39.9448
116.319 39.9444
116.319 39.944
116.319 39.9435
116.319 39.9432
116.319 39.9431
116.319 39.943
116.319 39.9429
116.319 39.9429
116.319 39.9429
116.319 39.9429
116.319 39.9429
116.319 39.9428
116.319 39.9425
116.319 39.942
116.319 39.9414
116.319 39.9409
116.319 39.9404
116.319 39.94
116.319 39.9396
116.319 39.9393
116.319 39.939
116.319 39.9386
116.319 39.9382
116.319 39.9378
116.319 39.9377
116.319 39.9377
116.319 39.9378
116.319 39.9378
116.319 39.9378
116.319 39.9379
116.319 39.9379
116.319 39.9379
116.319 39.9379
116.319 39.9379
116.319 39.9379
116.319 39.9379
116.319 39.9379
116.319 39.9379
116.319 39.9379
116.319 39.938
116.319 39.938
116.319 39.938
116.319 39.938
116.319 39.938
116.319 39.938
116.319 39.9378
116.32 39.9375
116.32 39.9372
116.321 39.937
116.321 39.9369
116.322 39.9368
116.322 39.9367
116.323 39.9368
116.323 39.9368
116.323 39.9369
116.323 39.9369
116.323 39.9369
116.323 39.9369
116.323 39.9369
116.324 39.9369
116.324 39.9369
116.325 39.9368
116.325 39.9368
116.326 39.9368
116.326 39.9368
116.327 39.9367
116.327 39.9367
116.327 39.9367
116.328 39.9367
116.328 39.9366
116.328 39.9366
116.329 39.9366
116.329 39.9366
116.329 39.9366
116.329 39.9366
116.329 39.9366
116.329 39.9366
116.329 39.9366
116.329 39.9366
116.329 39.9366
116.329 39.9366
116.329 39.9366
116.329 39.9366
116.329 39.9366
116.329 39.9366
116.329 39.9366
116.329 39.9366
116.329 39.9366
116.329 39.9366
116.329 39.9366
116.329 39.9366
116.329 39.9367
116.329 39.9367
116.329 39.9366
116.329 39.9366
116.329 39.9366
116.329 39.9366
116.329 39.9366
116.329 39.9366
116.329 39.9366
116.329 39.9366
116.329 39.9366
116.329 39.9366
116.329 39.9366
116.329 39.9366
116.329 39.9366
116.329 39.9366
116.329 39.9366
116.33 39.9366
116.33 39.9366
116.33 39.9367
116.331 39.9367
116.331 39.9367
116.332 39.9367
116.332 39.9367
116.332 39.9368
116.332 39.9368
116.332 39.9368
116.332 39.9368
116.332 39.9368
116.332 39.9368
116.332 39.9368
116.332 39.9368
116.332 39.9368
116.332 39.9368
116.332 39.9368
116.332 39.9368
116.332 39.9368
116.332 39.9368
116.332 39.9368
116.332 39.9368
116.332 39.9368
116.333 39.9368
116.333 39.9368
116.333 39.9368
116.333 39.9369
116.333 39.9369
116.334 39.9369
116.334 39.9369
116.334 39.9369
116.334 39.9369
116.334 39.9369
116.334 39.9369
116.334 39.9369
116.334 39.9369
116.334 39.9369
116.334 39.9369
116.334 39.9369
116.334 39.9369
116.334 39.9369
116.334 39.9369
116.334 39.9369
116.334 39.9369
116.334 39.937
116.334 39.937
116.334 39.937
116.334 39.937
116.334 39.937
116.334 39.937
116.334 39.9369
116.334 39.9369
116.334 39.9369
116.334 39.9369
116.334 39.9369
116.334 39.9368
116.334 39.9368
116.334 39.9368
116.334 39.9368
116.334 39.9367
116.334 39.9368
116.334 39.9368
116.334 39.9368
116.335 39.9368
116.335 39.9369
116.335 39.937
116.335 39.937
116.335 39.937
116.335 39.937
116.336 39.9369
116.336 39.9369
116.336 39.9369
116.336 39.9369
116.336 39.9369
116.336 39.9369
116.336 39.9369
116.336 39.9368
116.336 39.9368
116.336 39.9366
116.336 39.9366
116.336 39.9366
116.336 39.9366
116.336 39.9366
116.336 39.9366
116.336 39.9366
116.336 39.9366
116.336 39.9366
116.336 39.9366
116.336 39.9366
116.336 39.9366
116.336 39.9366
116.336 39.9365
116.336 39.9364
116.336 39.9362
116.336 39.9362
116.336 39.9361
116.336 39.9359
116.337 39.9357
116.337 39.9356
116.337 39.9356
116.337 39.9356
116.337 39.9356
116.337 39.9356
116.337 39.9355
116.337 39.9353
116.337 39.935
116.338 39.9345
116.338 39.934
116.338 39.9336
116.338 39.9334
116.338 39.9334
116.338 39.9332
116.338 39.9328
116.338 39.9323
116.338 39.9318
116.338 39.9313
116.338 39.9309
116.338 39.9307
116.338 39.9307
116.338 39.9306
116.338 39.9303
116.338 39.93
116.338 39.9296
116.338 39.9293
116.338 39.929
116.338 39.9288
116.338 39.9286
116.338 39.9284
116.338 39.9282
116.338 39.928
116.338 39.9279
116.338 39.9277
116.338 39.9276
116.338 39.9276
116.338 39.9276
116.338 39.9276
116.338 39.9274
116.338 39.9273
116.338 39.9272
116.338 39.9272
116.338 39.9271
116.338 39.9271
116.338 39.9271
116.338 39.9271
116.338 39.927
116.338 39.9268
116.338 39.9267
116.338 39.9263
116.338 39.9258
116.338 39.9254
116.338 39.9252
116.338 39.9252
116.338 39.9253
116.338 39.9253
116.338 39.9253
116.338 39.9253
116.338 39.9253
116.338 39.9252
116.338 39.925
116.338 39.9246
116.338 39.9243
116.338 39.924
116.338 39.9238
116.338 39.9237
116.338 39.9236
116.338 39.9236
116.338 39.9236
116.338 39.9236
116.338 39.9236
116.338 39.9231
116.338 39.9228
116.338 39.9225
116.338 39.9223
116.338 39.9223
116.338 39.9223
116.338 39.9223
116.338 39.9223
116.338 39.9223
116.338 39.9223
116.338 39.9223
116.338 39.9223
116.338 39.9223
116.338 39.9223
116.338 39.9223
116.338 39.9222
116.338 39.9219
116.338 39.9217
116.338 39.9214
116.338 39.921
116.338 39.9206
116.338 39.9201
116.338 39.9197
116.338 39.9194
116.338 39.919
116.338 39.9188
116.339 39.9186
116.339 39.9186
116.339 39.9186
116.339 39.9186
116.339 39.9183
116.339 39.9179
116.339 39.9177
116.339 39.9177
116.339 39.9177
116.339 39.9177
116.339 39.9177
116.339 39.9177
116.339 39.9177
116.339 39.9177
116.339 39.9176
116.339 39.9174
116.339 39.9171
116.339 39.9168
116.339 39.9164
116.339 39.9159
116.339 39.9154
116.339 39.9149
116.339 39.9146
116.339 39.9143
116.339 39.9141
116.339 39.9141
116.339 39.9141
116.339 39.9139
116.339 39.9136
116.339 39.9135
116.339 39.9134
116.339 39.9134
116.339 39.9134
116.339 39.9134
116.339 39.9134
116.339 39.9134
116.339 39.9134
116.339 39.9134
116.339 39.9134
116.339 39.9134
116.339 39.9134
116.339 39.9132
116.339 39.9129
116.339 39.9126
116.339 39.9122
116.339 39.9115
116.339 39.9108
116.339 39.9102
116.339 39.9097
116.339 39.9092
116.338 39.9086
116.338 39.9081
116.338 39.9077
116.338 39.9074
116.338 39.9073
116.338 39.9073
116.338 39.9073
116.338 39.907
116.338 39.9068
116.338 39.9067
116.338 39.9067
116.338 39.9067
116.338 39.9067
116.338 39.9067
116.338 39.9067
116.338 39.9067
116.338 39.9067
116.338 39.9067
116.338 39.9067
116.338 39.9067
116.338 39.9067
116.338 39.9067
116.338 39.9068
116.338 39.9068
116.338 39.9068
116.337 39.9067
116.337 39.9068
116.337 39.9068
116.337 39.9066
116.337 39.9061
116.337 39.9058
116.337 39.9056
116.337 39.9056
116.336 39.9055
116.337 39.9051
116.337 39.9045
116.337 39.9041
116.337 39.9036
116.337 39.9032
116.336 39.9029
116.337 39.9026
116.336 39.9024
116.337 39.9024
116.336 39.9024
116.336 39.9024
116.336 39.9024
116.336 39.9024
116.336 39.9024
116.336 39.9024
116.336 39.9024
116.336 39.9024
116.337 39.9024
116.337 39.9024
116.337 39.9024
116.337 39.9023
116.337 39.9023
116.337 39.9023
116.337 39.9023
116.337 39.9023
116.336 39.9023
116.336 39.9021
116.336 39.9018
116.336 39.9013
116.336 39.9009
116.336 39.9005
116.336 39.9
116.336 39.8996
116.336 39.8995
116.336 39.8994
116.336 39.8994
116.336 39.8994
116.336 39.8993
116.336 39.8991
116.336 39.8988
116.336 39.8986
116.336 39.8983
116.336 39.8981
116.336 39.8979
116.336 39.8977
116.336 39.8977
116.336 39.8977
116.336 39.8977
116.336 39.8975
116.336 39.8971
116.336 39.8968
116.336 39.8966
116.336 39.8965
116.336 39.8965
116.335 39.8965
116.335 39.8965
116.335 39.8964
116.335 39.8964
116.335 39.8964
116.334 39.8964
116.334 39.8964
116.333 39.8964
116.332 39.8963
116.332 39.8963
116.331 39.8962
116.33 39.8962
116.33 39.8962
116.329 39.8962
116.328 39.8962
116.327 39.8961
116.327 39.8961
116.326 39.8961
116.325 39.8961
116.325 39.8961
116.324 39.896
116.323 39.896
116.323 39.896
116.322 39.896
116.321 39.896
116.321 39.896
116.321 39.896
116.32 39.896
116.32 39.896
116.32 39.896
116.319 39.896
116.319 39.896
116.319 39.8961
116.319 39.8961
116.318 39.896
116.318 39.8961
116.318 39.8961
116.318 39.8961
116.318 39.8961
116.318 39.8961
116.318 39.896
116.317 39.896
116.317 39.8961
116.317 39.8961
116.317 39.8961
116.317 39.8961
116.317 39.8961
116.317 39.8961
116.317 39.8961
116.317 39.8961
116.317 39.8961
116.317 39.8961
116.317 39.8961
116.317 39.8961
116.317 39.8961
116.317 39.8961
116.317 39.8961
116.317 39.8961
116.317 39.8961
116.317 39.8961
116.317 39.8961
116.317 39.8961
116.317 39.8961
116.317 39.8961
116.317 39.8961
116.317 39.8961
116.317 39.8961
116.317 39.8961
116.317 39.8961
116.317 39.8961
116.317 39.8961
116.317 39.8961
116.317 39.8961
116.317 39.8961
116.317 39.8961
116.317 39.8961
116.317 39.8961
116.317 39.8961
116.317 39.8961
116.317 39.8961
116.317 39.8961
116.317 39.8961
116.316 39.8961
116.317 39.8951
116.317 39.895
116.317 39.8948
116.317 39.8948
116.317 39.8948
116.317 39.8947
116.317 39.8947
116.317 39.8947
116.317 39.8947
116.317 39.8947
116.317 39.8948
116.317 39.8947
116.317 39.8948
116.317 39.8949
116.317 39.8951
116.317 39.8952
116.317 39.8954
116.317 39.8955
116.317 39.8956
116.318 39.8956
116.318 39.8956
116.319 39.8956
116.319 39.8956
116.319 39.8956
116.32 39.8956
116.321 39.8955
116.321 39.8955
116.322 39.8955
116.322 39.8956
116.323 39.8956
116.323 39.8956
116.323 39.8957
116.322 39.8958
116.321 39.8959
116.321 39.896
116.32 39.896
116.32 39.8959
116.32 39.8959
116.319 39.896
116.319 39.8959
116.319 39.8959
116.318 39.896
116.318 39.896
116.318 39.896
116.318 39.8959
116.318 39.8959
116.318 39.8959
116.317 39.8959
116.317 39.8959
116.316 39.8959
116.316 39.8959
116.315 39.8959
116.315 39.8959
116.314 39.8959
116.313 39.8959
116.313 39.896
116.312 39.896
116.312 39.896
116.311 39.896
116.31 39.896
116.31 39.896
116.309 39.896
116.309 39.896
116.308 39.896
116.307 39.896
116.307 39.896
116.306 39.896
116.306 39.896
116.305 39.8961
116.305 39.8964
116.305 39.8967
116.305 39.897
116.305 39.8973
116.305 39.8977
116.304 39.8981
116.304 39.8986
116.304 39.899
116.304 39.8994
116.304 39.8998
116.304 39.9001
116.304 39.9003
116.305 39.9005
116.305 39.9007
116.304 39.9009
116.305 39.9009
116.305 39.9009
116.305 39.9009
116.305 39.9009
116.305 39.9009
116.305 39.9009
116.305 39.9009
116.305 39.9009
116.305 39.9009
116.305 39.901
116.305 39.901
116.305 39.9011
116.304 39.9012
116.304 39.9013
116.304 39.9014
116.304 39.9016
116.304 39.9018
116.304 39.902
116.304 39.9021
116.304 39.9022
116.304 39.9023
116.304 39.9024
116.304 39.9027
116.305 39.9029
116.305 39.9031
116.305 39.9031
116.305 39.9032
116.305 39.9032
116.305 39.9033
116.304 39.9034
116.304 39.9035
116.304 39.9037
116.304 39.9039
116.304 39.9042
116.304 39.9044
116.304 39.9045
116.304 39.9045
116.305 39.9046
116.305 39.9047
116.305 39.9048
116.305 39.9048
116.305 39.9048
116.305 39.9048
116.305 39.9048
116.305 39.9048
116.306 39.9048
116.306 39.9049
116.306 39.9051
116.307 39.9054
116.307 39.9058
116.307 39.906
116.308 39.9061
116.308 39.9061
116.309 39.9062
116.309 39.9062
116.309 39.9062
116.309 39.9062
116.309 39.9062
116.309 39.9062
116.309 39.9062
116.309 39.9062
116.309 39.9061
116.309 39.9061
116.309 39.9061
116.31 39.9061
116.31 39.9061
116.311 39.9061
116.311 39.9061
116.312 39.9061
116.313 39.9061
116.313 39.9061
116.314 39.9061
116.315 39.9061
116.315 39.9061
116.316 39.9061
116.316 39.9061
116.317 39.9061
116.317 39.9061
116.317 39.9061
116.318 39.9061
116.318 39.9061
116.318 39.9061
116.319 39.9061
116.319 39.9061
116.319 39.9061
116.319 39.906
116.32 39.906
116.32 39.906
116.32 39.906
116.32 39.906
116.32 39.906
116.32 39.906
116.32 39.9061
116.321 39.9061
116.321 39.9061
116.322 39.906
116.322 39.906
116.323 39.906
116.324 39.906
116.324 39.906
116.325 39.9059
116.326 39.9059
116.326 39.9059
116.326 39.9059
116.327 39.9059
116.327 39.9059
116.327 39.906
116.328 39.906
116.328 39.9059
116.328 39.9059
116.328 39.9059
116.328 39.9059
116.328 39.9059
116.328 39.9059
116.328 39.9059
116.328 39.9059
116.328 39.9059
116.328 39.9058
116.329 39.9058
116.329 39.9058
116.33 39.9059
116.33 39.9059
116.331 39.9059
116.331 39.9059
116.332 39.9059
116.333 39.9059
116.333 39.9059
116.334 39.9059
116.335 39.9059
116.335 39.9059
116.336 39.9059
116.337 39.9059
116.337 39.9059
116.337 39.9059
116.337 39.9059
116.337 39.9059
116.337 39.9059
116.337 39.9059
116.337 39.906
116.337 39.906
116.337 39.906
116.337 39.9059
116.337 39.9059
116.337 39.9059
116.337 39.9058
116.338 39.9059
116.338 39.9059
116.339 39.9058
116.34 39.9058
116.34 39.9058
116.341 39.9058
116.342 39.9058
116.343 39.9058
116.343 39.9058
116.344 39.9057
116.344 39.9057
116.344 39.9057
116.344 39.9057
116.344 39.9057
116.344 39.9057
116.344 39.9057
116.344 39.9057
116.344 39.9057
116.344 39.9057
116.345 39.9057
116.345 39.9057
116.346 39.9058
116.347 39.9058
116.347 39.9058
116.348 39.9058
116.349 39.9058
116.349 39.9058
116.35 39.9058
116.35 39.9058
116.351 39.9057
116.351 39.9057
116.352 39.9057
116.352 39.9057
116.352 39.9057
116.352 39.9057
116.352 39.9057
116.352 39.9057
116.352 39.9057
116.353 39.9057
116.353 39.9057
116.354 39.9057
116.354 39.9057
116.355 39.9057
116.355 39.9057
116.356 39.9057
116.356 39.9057
116.357 39.9057
116.357 39.9057
116.357 39.9057
116.357 39.9057
116.357 39.9057
116.357 39.9057
116.357 39.9057
116.357 39.9057
116.357 39.9057
116.357 39.9057
116.357 39.9057
116.357 39.9057
116.357 39.9057
116.358 39.9057
116.358 39.9057
116.359 39.9057
116.36 39.9057
116.36 39.9057
116.361 39.9057
116.362 39.9057
116.363 39.9057
116.363 39.9057
116.364 39.9057
116.365 39.9057
116.366 39.9057
116.366 39.9057
116.367 39.9057
116.367 39.9056
116.367 39.9056
116.367 39.9055
116.367 39.9055
116.367 39.9055
116.367 39.9055
116.367 39.9055
116.367 39.9055
116.367 39.9055
116.367 39.9055
116.367 39.9055
116.367 39.9055
116.368 39.9056
116.368 39.9057
116.369 39.9057
116.369 39.9057
116.37 39.9057
116.37 39.9057
116.37 39.9056
116.371 39.9056
116.371 39.9056
116.371 39.9056
116.371 39.9056
116.371 39.9056
116.371 39.9056
116.371 39.9056
116.371 39.9056
116.371 39.9056
116.371 39.9057
116.372 39.9057
116.372 39.9057
116.373 39.9057
116.373 39.9058
116.374 39.9058
116.374 39.9058
116.375 39.9058
116.375 39.9058
116.375 39.9058
116.376 39.9058
116.376 39.9058
116.376 39.9057
116.376 39.9057
116.376 39.9057
116.377 39.9057
116.377 39.9058
116.377 39.9058
116.378 39.9058
116.379 39.9058
116.379 39.9059
116.38 39.9059
116.381 39.9059
116.382 39.9059
116.382 39.9059
116.383 39.9059
116.383 39.9059
116.384 39.9059
116.384 39.906
116.385 39.906
116.385 39.906
116.385 39.906
116.385 39.906
116.385 39.906
116.385 39.9059
116.385 39.9059
116.384 39.9059
116.384 39.9059
116.384 39.906
116.385 39.9059
116.385 39.9059
116.386 39.9059
116.386 39.9059
116.387 39.906
116.388 39.906
116.388 39.906
116.389 39.906
116.39 39.906
116.391 39.9061
116.392 39.9061
116.392 39.9061
116.393 39.9061
116.394 39.9061
116.394 39.906
116.395 39.9059
116.395 39.9059
116.395 39.9059
116.395 39.9059
116.395 39.9059
116.395 39.9059
116.395 39.9059
116.395 39.9059
116.395 39.9059
116.395 39.9059
116.395 39.9059
116.395 39.9059
116.395 39.9059
116.395 39.9059
116.395 39.9059
116.395 39.9059
116.395 39.9059
116.395 39.9059
116.395 39.9059
116.395 39.9059
116.395 39.9061
116.396 39.9062
116.396 39.9063
116.396 39.9063
116.396 39.9062
116.396 39.9062
116.396 39.9062
116.396 39.9062
116.396 39.9062
116.396 39.9062
116.396 39.9062
116.396 39.9062
116.396 39.9062
116.396 39.9063
116.397 39.9063
116.397 39.9064
116.398 39.9064
116.398 39.9064
116.399 39.9064
116.4 39.9064
116.4 39.9064
116.4 39.9063
116.4 39.9063
116.4 39.9063
116.4 39.9063
116.4 39.9063
116.4 39.9064
116.4 39.9064
116.401 39.9064
116.402 39.9065
116.402 39.9065
116.403 39.9065
116.404 39.9065
116.405 39.9065
116.405 39.9066
116.406 39.9065
116.407 39.9065
116.407 39.9065
116.407 39.9066
116.407 39.9066
116.407 39.9066
116.407 39.9066
116.407 39.9066
116.407 39.9066
116.407 39.9066
116.407 39.9065
116.407 39.9065
116.407 39.9065
116.407 39.9065
116.407 39.9065
116.407 39.9065
116.407 39.9065
116.407 39.9065
116.407 39.9065
116.407 39.9064
116.407 39.9065
116.407 39.9065
116.407 39.9065
116.408 39.9065
116.408 39.9065
116.408 39.9065
116.408 39.9065
116.408 39.9065
116.408 39.9065
116.408 39.9065
116.408 39.9065
116.408 39.9065
116.408 39.9065
116.408 39.9065
116.408 39.9065
116.408 39.9064
116.408 39.9064
116.409 39.9065
116.409 39.9064
116.409 39.9065
116.409 39.9065
116.409 39.9065
116.409 39.9066
116.409 39.9066
116.409 39.9066
116.409 39.9065
116.409 39.9065
116.409 39.9065
116.409 39.9065
116.409 39.907
116.409 39.9071
116.409 39.9072
116.409 39.9072
116.409 39.9071
116.409 39.9071
116.409 39.9071
116.409 39.9071
116.409 39.9071
116.409 39.9071
116.409 39.9071
116.409 39.9072
116.409 39.9073
116.409 39.9074
116.409 39.9074
116.409 39.9074
116.409 39.9074
116.409 39.9075
116.409 39.9075
116.409 39.9075
116.409 39.9076
116.408 39.9076
116.408 39.9076
116.414 39.9053
116.413 39.9056
116.413 39.9056
116.415 39.9046
116.415 39.9047
116.415 39.9048
116.415 39.9048
116.415 39.9049
116.415 39.905
116.415 39.905
116.415 39.905
116.415 39.905
116.415 39.9051
116.415 39.9051
116.415 39.9052
116.415 39.9052
116.415 39.9053
116.415 39.9053
116.415 39.9054
116.415 39.9054
116.415 39.9054
116.415 39.9055
116.415 39.9056
116.415 39.9056
116.415 39.9056
116.415 39.9057
116.415 39.9057
116.415 39.9057
116.415 39.9058
116.415 39.9058
116.415 39.9058
116.415 39.9059
116.415 39.9059
116.415 39.906
116.415 39.906
116.415 39.9061
116.415 39.9061
116.415 39.9061
116.415 39.9061
116.415 39.9062
116.415 39.9062
116.415 39.9062
116.415 39.9062
116.415 39.9062
116.415 39.9063
116.415 39.9066
116.415 39.9066
116.415 39.9063
116.415 39.9062
116.415 39.9061
116.415 39.906
116.415 39.906
116.415 39.9061
116.415 39.9062
116.415 39.9062
116.415 39.9062
116.415 39.9062
116.415 39.9063
116.415 39.9063
116.415 39.9063
116.416 39.9063
116.416 39.9063
116.416 39.9064
116.416 39.9064
116.416 39.9065
116.416 39.9066
116.416 39.9067
116.416 39.9068
116.416 39.9068
116.416 39.9069
116.416 39.907
116.416 39.907
116.416 39.9071
116.416 39.9071
116.416 39.9072
116.416 39.9072
116.416 39.9072
116.416 39.9072
116.417 39.9072
116.417 39.9072
116.417 39.9072
116.417 39.907
116.417 39.907
116.417 39.9069
116.417 39.9068
116.417 39.9068
116.417 39.9067
116.417 39.9067
116.417 39.9068
116.417 39.9068
116.417 39.9068
116.417 39.9068
116.418 39.9068
116.418 39.9068
116.418 39.9068
116.418 39.9068
116.418 39.9068
116.418 39.9068
116.418 39.9068
116.418 39.9068
116.418 39.9068
116.418 39.9069
116.418 39.9069
116.418 39.9069
116.418 39.9069
116.418 39.9069
116.418 39.9069
116.418 39.9069
116.419 39.9069
116.419 39.9069
116.419 39.9069
116.419 39.9069
116.419 39.9069
116.419 39.9069
116.419 39.9069
116.419 39.9069
116.419 39.9069
116.419 39.9069
116.419 39.9069
116.419 39.9069
116.419 39.9069
116.419 39.9069
116.42 39.9069
116.42 39.9069
116.42 39.9069
116.42 39.9069
116.42 39.9069
116.42 39.9069
116.42 39.9069
116.42 39.9069
116.42 39.9069
116.42 39.9069
116.42 39.9069
116.42 39.9068
116.42 39.9068
116.42 39.9068
116.421 39.9068
116.421 39.9068
116.421 39.9068
116.421 39.9068
116.421 39.9068
116.421 39.9068
116.421 39.9068
116.421 39.9068
116.421 39.9067
116.421 39.9067
116.421 39.9067
116.421 39.9065
116.421 39.9065
116.421 39.9065
116.421 39.9065
116.422 39.9065
116.422 39.9066
116.422 39.9066
116.422 39.9066
116.422 39.9067
116.422 39.9067
116.422 39.9067
116.422 39.9067
116.422 39.9067
116.422 39.9068
116.422 39.9068
116.422 39.9068
116.422 39.9068
116.422 39.9068
116.423 39.9068
116.423 39.9068
116.423 39.9068
116.423 39.9069
116.423 39.9069
116.423 39.9069
116.423 39.9069
116.423 39.9069
116.423 39.9069
116.423 39.9069
116.423 39.9069
116.423 39.9069
116.423 39.9069
116.423 39.9069
116.423 39.9069
116.424 39.9069
116.424 39.907
116.424 39.9069
116.424 39.9069
116.424 39.9069
116.424 39.9069
116.424 39.9068
116.424 39.9068
116.424 39.9068
116.424 39.9068
116.424 39.9068
116.424 39.9068
116.424 39.9068
116.425 39.9068
116.425 39.9068
116.425 39.9069
116.425 39.9068
116.425 39.9068
116.425 39.9069
116.425 39.9068
116.425 39.9068
116.425 39.9069
116.425 39.9069
116.425 39.9069
116.425 39.9069
116.425 39.9069
116.425 39.9069
116.425 39.9069
116.425 39.9069
116.426 39.9069
116.426 39.9069
116.426 39.9069
116.426 39.9069
116.426 39.9069
116.426 39.9069
116.426 39.9069
116.426 39.9069
116.426 39.9069
116.426 39.9069
116.426 39.9069
116.426 39.9069
116.426 39.907
116.426 39.907
116.426 39.907
116.427 39.907
116.427 39.907
116.427 39.907
116.427 39.907
116.427 39.907
116.427 39.907
116.427 39.907
116.427 39.907
116.427 39.907
116.427 39.907
116.427 39.907
116.427 39.907
116.427 39.907
116.427 39.907
116.428 39.907
116.428 39.907
116.428 39.907
116.428 39.907
116.428 39.907
116.428 39.907
116.428 39.907
116.428 39.907
116.428 39.907
116.428 39.907
116.428 39.907
116.428 39.907
116.428 39.907
116.428 39.907
116.428 39.907
116.429 39.907
116.429 39.9069
116.429 39.9069
116.429 39.9069
116.429 39.9068
116.429 39.9069
116.429 39.9069
116.429 39.9069
116.429 39.9069
116.429 39.907
116.429 39.907
116.429 39.9071
116.429 39.9071
116.429 39.9071
116.429 39.907
116.429 39.907
116.43 39.907
116.43 39.907
116.43 39.907
116.43 39.907
116.43 39.9069
116.43 39.9069
116.43 39.9069
116.43 39.9069
116.43 39.9069
116.43 39.9069
116.43 39.9069
116.43 39.9069
116.43 39.9069
116.431 39.9069
116.431 39.9069
116.431 39.9069
116.431 39.9069
116.431 39.9069
116.431 39.9069
116.431 39.907
116.431 39.907
116.431 39.907
116.431 39.907
116.431 39.9069
116.431 39.9069
116.432 39.9069
116.432 39.9068
116.432 39.9068
116.432 39.9067
116.432 39.9067
116.432 39.9067
116.432 39.9067
116.432 39.9066
116.432 39.9066
116.432 39.9066
116.432 39.9065
116.432 39.9065
116.433 39.9064
116.433 39.9065
116.433 39.9065
116.433 39.9065
116.433 39.9064
116.433 39.9064
116.433 39.9064
116.433 39.9064
116.433 39.9064
116.433 39.9064
116.433 39.9064
116.433 39.9064
116.433 39.9064
116.433 39.9065
116.434 39.9065
116.434 39.9066
116.434 39.9066
116.434 39.9066
116.434 39.9067
116.434 39.9067
116.434 39.9068
116.434 39.9067
116.434 39.9067
116.434 39.9067
116.434 39.9066
116.434 39.9065
116.435 39.9064
116.435 39.9063
116.435 39.9063
116.435 39.9063
116.435 39.9063
116.435 39.9062
116.435 39.9062
116.435 39.9062
116.435 39.9062
116.435 39.9062
116.435 39.9062
116.435 39.9061
116.435 39.906
116.435 39.9059
116.435 39.9059
116.435 39.9058
116.435 39.9058
116.435 39.9058
116.435 39.9057
116.435 39.9057
116.435 39.9057
116.435 39.9056
116.435 39.9056
116.435 39.9056
116.435 39.9056
116.435 39.9056
116.435 39.9056
116.435 39.9057
116.435 39.9058
116.435 39.9057
116.435 39.9057
116.435 39.9056
116.435 39.9056
116.435 39.9056
116.435 39.9056
116.436 39.9055
116.436 39.9055
116.436 39.9054
116.436 39.9055
116.436 39.9056
116.436 39.906
116.436 39.906
116.436 39.9059
116.436 39.9059
116.436 39.9057
116.436 39.9056
116.436 39.9055
116.436 39.9054
116.436 39.9053
116.436 39.9052
116.436 39.905
116.436 39.9049
116.436 39.9048
116.436 39.9047
116.436 39.9047
116.436 39.9047
116.436 39.9046
116.436 39.9046
116.436 39.9046
116.436 39.9046
116.436 39.9045
116.436 39.9045
116.436 39.9045
116.436 39.9044
116.436 39.9043
116.436 39.9043
116.436 39.9042
116.436 39.9041
116.436 39.904
116.436 39.904
116.436 39.9039
116.436 39.9038
116.437 39.9038
116.437 39.9037
116.437 39.9037
116.437 39.9037
116.437 39.9036
116.437 39.9035
116.437 39.9034
116.437 39.9034
116.437 39.9034
116.437 39.9033
116.437 39.9033
116.437 39.9033
116.437 39.9033
116.437 39.9033
116.437 39.9033
116.437 39.9033
116.437 39.9033
116.437 39.9033
116.437 39.9033
116.437 39.9033
116.437 39.9033
116.437 39.9033
116.437 39.9033
116.437 39.9033
116.436 39.9031
116.437 39.903
116.437 39.9029
116.437 39.9029
116.437 39.9029
116.437 39.9029
116.437 39.9029
116.437 39.9029
116.437 39.9028
116.437 39.9028
116.437 39.9028
116.437 39.9028
116.437 39.9028
116.437 39.9028
116.437 39.9028
116.437 39.9028
116.437 39.9028
116.437 39.9028
116.437 39.9028
116.437 39.9027
116.437 39.9026
116.437 39.9027
116.437 39.9027
116.437 39.9027
116.437 39.9028
116.437 39.9028
116.437 39.9028
116.437 39.9028
116.436 39.9028
116.436 39.9029
116.436 39.9029
116.436 39.9029
116.436 39.9029
116.436 39.9029
116.436 39.903
116.436 39.903
116.436 39.903
116.436 39.903
116.436 39.9031
116.436 39.9031
116.436 39.903
116.436 39.903
116.436 39.903
116.436 39.903
116.436 39.903
116.437 39.9027
116.326 39.9928
116.326 39.9928
116.327 39.9931
116.327 39.9931
116.327 39.9931
116.327 39.9932
116.327 39.9933
116.327 39.9934
116.327 39.9934
116.327 39.9934
116.327 39.9934
116.327 39.9935
116.327 39.9936
116.327 39.9937
116.327 39.9939
116.327 39.994
116.327 39.9941
116.327 39.9942
116.327 39.9944
116.327 39.9946
116.327 39.995
116.327 39.9951
116.327 39.9952
116.327 39.9952
116.327 39.9953
116.327 39.9954
116.327 39.9955
116.327 39.9957
116.327 39.9959
116.327 39.9962
116.327 39.9963
116.327 39.9964
116.327 39.9965
116.327 39.9966
116.327 39.9968
116.326 39.9971
116.326 39.9973
116.326 39.9975
116.326 39.9976
116.326 39.9978
116.326 39.9979
116.326 39.9981
116.327 39.9982
116.326 39.9984
116.326 39.9986
116.326 39.9988
116.326 39.9991
116.326 39.9992
116.327 39.9994
116.327 39.9995
116.327 39.9996
116.327 39.9998
116.327 39.9998
116.327 39.9999
116.327 39.9999
116.327 40
116.327 39.9999
116.327 40
116.327 40
116.327 40
116.327 40.0001
116.327 40.0001
116.327 40.0002
116.327 40.0002
116.327 40.0004
116.327 40.0003
116.327 40.0003
116.327 40.0002
116.327 40
116.327 39.9999
116.327 39.9997
116.327 39.9988
116.327 39.9986
116.327 39.9986
116.327 39.9987
116.327 39.9988
116.327 39.9989
116.326 39.9988
116.326 39.9986
116.326 39.9978
116.325 39.998
116.325 39.9981
116.325 39.9982
116.325 39.9984
116.325 39.9986
116.325 39.9988
116.325 39.9987
116.325 39.9987
116.325 39.9985
116.325 39.9985
116.325 39.9985
116.325 39.9986
116.325 39.9987
116.325 39.9989
116.325 39.999
116.325 39.9989
116.325 39.9989
116.325 39.999
116.325 39.999
116.325 39.999
116.325 39.9992
116.325 39.9993
116.325 39.9993
116.325 39.9994
116.325 39.9995
116.325 39.9996
116.325 39.9997
116.325 39.9999
116.325 40
116.325 40.0001
116.325 40.0003
116.325 40.0004
116.325 40.0005
116.325 40.0006
116.325 40.0007
116.325 40.0008
116.325 40.0008
116.325 40.001
116.325 40.0011
116.325 40.0013
116.325 40.0015
116.325 40.0016
116.325 40.0017
116.325 40.0018
116.325 40.002
116.325 40.0022
116.325 40.0024
116.325 40.0025
116.325 40.0026
116.325 40.0027
116.325 40.0029
116.325 40.003
116.325 40.0032
116.325 40.0034
116.325 40.0035
116.325 40.0037
116.325 40.0038
116.325 40.0039
116.325 40.0039
116.325 40.0038
116.325 40.0038
116.325 40.0037
116.324 40.0038
116.324 40.004
116.324 40.004
116.324 40.0038
116.324 40.004
116.324 40.0036
116.324 40.0037
116.324 40.0036
116.324 40.0038
116.324 40.0039
116.323 40.0039
116.323 40.0033
116.323 40.0032
116.323 40.0033
116.323 40.0033
116.323 40.0033
116.323 40.0033
116.323 40.0033
116.323 40.0051
116.323 40.0073
116.323 40.0082
116.323 40.0092
116.322 40.0091
116.322 40.009
