116.33 39.9758
116.33 39.9754
116.33 39.9753
116.329 39.9753
116.33 39.9753
116.329 39.9752
116.329 39.9752
116.329 39.9752
116.329 39.9751
116.329 39.9751
116.33 39.9751
116.33 39.9751
116.331 39.9751
116.331 39.9751
116.332 39.9751
116.333 39.975
116.334 39.975
116.335 39.975
116.336 39.975
116.337 39.975
116.338 39.975
116.338 39.975
116.339 39.9751
116.339 39.9751
116.339 39.9751
116.339 39.9751
116.339 39.9751
116.339 39.9751
116.339 39.9751
116.339 39.9751
116.339 39.9751
116.339 39.9751
116.339 39.9751
116.339 39.975
116.339 39.975
116.339 39.975
116.339 39.975
116.339 39.975
116.339 39.975
116.339 39.975
116.34 39.9751
116.34 39.975
116.341 39.9751
116.342 39.9751
116.342 39.9751
116.342 39.9751
116.342 39.9751
116.342 39.9751
116.342 39.9751
116.342 39.9751
116.342 39.9751
116.342 39.9751
116.343 39.9751
116.344 39.9751
116.345 39.9751
116.345 39.9751
116.346 39.9751
116.347 39.9751
116.347 39.975
116.347 39.9746
116.347 39.974
116.347 39.9733
116.347 39.9726
116.347 39.9719
116.347 39.9711
116.347 39.9702
116.347 39.9694
116.347 39.9686
116.347 39.9678
116.347 39.967
116.347 39.9662
116.347 39.9653
116.347 39.9646
116.347 39.9638
116.347 39.963
116.347 39.9622
116.347 39.9614
116.347 39.9607
116.347 39.9599
116.347 39.9592
116.348 39.9584
116.348 39.9577
116.348 39.957
116.349 39.9563
116.349 39.9555
116.349 39.9547
116.349 39.9539
116.349 39.953
116.349 39.9522
116.349 39.9514
116.349 39.9507
116.349 39.95
116.35 39.9492
116.35 39.9483
116.35 39.9475
116.35 39.9466
116.35 39.9459
116.35 39.9452
116.35 39.9445
116.35 39.9439
116.35 39.9433
116.35 39.9426
116.35 39.942
116.349 39.9416
116.349 39.9412
116.349 39.9406
116.349 39.9399
116.349 39.9392
116.349 39.9385
116.349 39.9377
116.349 39.9369
116.349 39.9362
116.349 39.9356
116.349 39.9349
116.349 39.9343
116.349 39.9338
116.349 39.9333
116.349 39.9328
116.349 39.9323
116.349 39.9317
116.349 39.9314
116.349 39.9313
116.35 39.9312
116.35 39.931
116.35 39.9309
116.351 39.9309
116.351 39.9309
116.352 39.9309
116.353 39.931
116.354 39.931
116.355 39.931
116.356 39.931
116.357 39.9309
116.357 39.9309
116.358 39.9309
116.359 39.9309
116.359 39.9309
116.36 39.9309
116.361 39.9309
116.362 39.9309
116.363 39.931
116.364 39.931
116.364 39.9311
116.365 39.9311
116.366 39.9311
116.366 39.9312
116.366 39.9312
116.366 39.9312
116.366 39.9312
116.366 39.9312
116.366 39.9312
116.367 39.9312
116.367 39.9312
116.368 39.9312
116.369 39.9312
116.37 39.9313
116.37 39.9313
116.37 39.9314
116.37 39.9313
116.37 39.9313
116.37 39.9313
116.37 39.9313
116.37 39.9313
116.37 39.9313
116.37 39.9313
116.37 39.9313
116.37 39.9313
116.371 39.9313
116.371 39.9314
116.372 39.9314
116.373 39.9315
116.374 39.9315
116.374 39.9315
116.375 39.9315
116.376 39.9315
116.376 39.9316
116.377 39.9316
116.378 39.9316
116.378 39.9317
116.378 39.9316
116.378 39.9316
116.378 39.9316
116.378 39.9316
116.378 39.9316
116.378 39.9316
116.378 39.9316
116.378 39.9317
116.379 39.9317
116.379 39.9318
116.38 39.9317
116.38 39.9316
116.38 39.9315
116.38 39.9315
116.38 39.9315
116.381 39.9315
116.381 39.9315
116.381 39.9315
116.381 39.9315
116.381 39.9315
116.381 39.9315
116.381 39.9316
116.381 39.9316
116.381 39.9316
116.381 39.9318
116.381 39.9318
116.381 39.9318
116.381 39.9318
116.381 39.9317
116.381 39.9317
116.381 39.9317
116.381 39.9316
116.381 39.9316
116.381 39.9316
116.381 39.9315
116.381 39.9316
116.381 39.9316
116.381 39.9316
116.381 39.9316
116.381 39.9316
116.381 39.9316
116.381 39.9316
116.381 39.9316
116.381 39.9317
116.381 39.9317
116.381 39.9317
116.381 39.9318
116.381 39.9318
116.382 39.9318
116.383 39.9319
116.383 39.9319
116.384 39.932
116.385 39.932
116.386 39.932
116.387 39.9321
116.387 39.932
116.388 39.932
116.389 39.932
116.39 39.932
116.39 39.9319
116.39 39.9319
116.39 39.932
116.39 39.932
116.39 39.932
116.39 39.932
116.39 39.932
116.39 39.932
116.39 39.932
116.39 39.932
116.39 39.932
116.39 39.932
116.39 39.932
116.39 39.932
116.39 39.932
116.39 39.932
116.39 39.932
116.39 39.932
116.39 39.932
116.391 39.932
116.392 39.932
116.392 39.932
116.393 39.932
116.394 39.932
116.395 39.932
116.396 39.932
116.397 39.932
116.398 39.932
116.398 39.9321
116.399 39.9321
116.4 39.932
116.401 39.932
116.402 39.932
116.402 39.9319
116.402 39.9319
116.402 39.9319
116.402 39.9319
116.402 39.9319
116.402 39.9319
116.402 39.9319
116.402 39.9319
116.402 39.9319
116.402 39.9319
116.402 39.9319
116.402 39.9319
116.402 39.932
116.402 39.932
116.402 39.932
116.402 39.9319
116.402 39.9319
116.403 39.9319
116.403 39.9319
116.404 39.9319
116.405 39.932
116.406 39.932
116.407 39.932
116.408 39.932
116.409 39.932
116.41 39.9321
116.41 39.9322
116.411 39.9322
116.411 39.9322
116.412 39.9322
116.413 39.9322
116.414 39.9323
116.414 39.9323
116.416 39.9323
116.417 39.9323
116.418 39.9323
116.419 39.9323
116.419 39.9323
116.419 39.9323
116.419 39.9323
116.419 39.9323
116.419 39.9323
116.419 39.9323
116.419 39.9323
116.419 39.9323
116.419 39.9323
116.419 39.9323
116.419 39.9323
116.419 39.9323
116.419 39.9323
116.419 39.9323
116.419 39.9323
116.419 39.9323
116.419 39.9323
116.42 39.9323
116.421 39.9323
116.422 39.9323
116.423 39.9323
116.424 39.9323
116.425 39.9323
116.426 39.9323
116.427 39.9323
116.427 39.9323
116.427 39.9323
116.427 39.932
116.428 39.9319
116.428 39.932
116.429 39.9322
116.429 39.9323
116.429 39.9325
116.428 39.9328
116.428 39.9332
116.428 39.9337
116.428 39.9343
116.428 39.9348
116.428 39.9355
116.428 39.9362
116.428 39.9369
116.428 39.9375
116.428 39.9379
116.428 39.9385
116.428 39.939
116.428 39.9394
116.429 39.9397
116.429 39.9397
116.43 39.9397
116.431 39.9397
116.431 39.9396
116.432 39.9397
116.433 39.9397
116.433 39.9395
116.433 39.9392
116.433 39.9389
116.433 39.9386
116.433 39.9383
116.433 39.9381
116.433 39.9379
116.433 39.9378
116.433 39.9378
116.433 39.9378
116.433 39.9378
116.433 39.9379
116.433 39.9379
116.433 39.9379
116.433 39.9379
116.433 39.9379
116.433 39.9379
116.433 39.9379
116.433 39.9379
