116.331 39.9762
116.331 39.9763
116.331 39.9763
116.33 39.9764
116.33 39.9764
116.33 39.9764
116.33 39.9764
116.33 39.9764
116.33 39.9764
116.33 39.9764
116.33 39.9764
116.33 39.9764
116.33 39.9778
116.33 39.9778
116.329 39.978
116.329 39.978
116.329 39.978
116.329 39.978
116.329 39.978
116.329 39.978
116.329 39.978
116.329 39.978
116.329 39.978
116.329 39.978
116.329 39.978
116.329 39.9781
116.329 39.978
116.329 39.978
116.329 39.978
116.329 39.978
116.329 39.978
116.329 39.978
116.329 39.978
116.329 39.9779
116.329 39.9779
116.328 39.9779
116.328 39.9779
116.328 39.9779
116.328 39.9779
116.329 39.9779
116.329 39.9778
116.329 39.9778
116.329 39.9778
116.329 39.9778
116.329 39.9777
116.329 39.9777
116.329 39.9777
116.329 39.9777
116.328 39.9777
116.328 39.9777
116.329 39.9776
116.329 39.9776
116.329 39.9776
116.329 39.9776
116.329 39.9774
116.329 39.9774
116.329 39.9774
116.329 39.9774
116.329 39.9774
116.329 39.9774
116.329 39.9773
116.329 39.9772
116.329 39.9772
116.329 39.9772
116.329 39.9771
116.329 39.9771
116.329 39.9771
116.329 39.9771
116.329 39.9771
116.329 39.9771
116.329 39.977
116.329 39.977
116.329 39.977
116.329 39.9769
116.329 39.9769
116.329 39.9769
116.329 39.9768
116.329 39.9768
116.329 39.9768
116.329 39.9768
116.329 39.9768
116.329 39.9768
116.329 39.9767
116.329 39.9767
116.329 39.9767
116.329 39.9767
116.329 39.9767
116.329 39.9767
116.329 39.9767
116.329 39.9767
116.329 39.9767
116.329 39.9767
116.329 39.9766
116.329 39.9766
116.329 39.9766
116.329 39.9765
116.329 39.9765
116.329 39.9764
116.329 39.9763
116.329 39.9763
116.329 39.9763
116.329 39.9763
116.329 39.9762
116.329 39.9762
116.329 39.9761
116.329 39.9761
116.329 39.976
116.329 39.976
116.329 39.976
116.329 39.9759
116.329 39.9759
116.329 39.9759
116.329 39.9759
116.329 39.9758
116.329 39.9758
116.329 39.9758
116.329 39.9758
116.329 39.9758
116.329 39.9757
116.329 39.9757
116.329 39.9757
116.329 39.9756
116.329 39.9756
116.329 39.9755
116.329 39.9755
116.329 39.9755
116.329 39.9755
116.329 39.9754
116.329 39.9754
116.329 39.9754
116.329 39.9754
116.329 39.9754
116.329 39.9754
116.329 39.9754
116.329 39.9754
116.329 39.9754
116.329 39.9754
116.329 39.9754
116.329 39.9754
116.329 39.9754
116.329 39.9754
116.329 39.9754
116.328 39.9754
116.328 39.9754
116.328 39.9754
116.328 39.9754
116.328 39.9754
116.328 39.9754
116.328 39.9754
116.328 39.9754
116.328 39.9754
116.328 39.9754
116.328 39.9754
116.328 39.9754
116.328 39.9754
116.328 39.9754
116.328 39.9754
116.328 39.9754
116.328 39.9754
116.328 39.9754
116.328 39.9754
116.327 39.9754
116.327 39.9754
116.327 39.9754
116.327 39.9755
116.327 39.9754
116.327 39.9754
116.327 39.9754
116.327 39.9754
116.327 39.9754
116.327 39.9754
116.327 39.9754
116.327 39.9754
116.327 39.9754
116.327 39.9754
116.327 39.9754
116.327 39.9754
116.327 39.9754
116.327 39.9754
116.327 39.9754
116.327 39.9754
116.327 39.9754
116.327 39.9754
116.327 39.9754
116.327 39.9754
116.327 39.9754
116.327 39.9754
116.326 39.9753
116.326 39.9754
116.326 39.9754
116.326 39.9754
116.326 39.9754
116.326 39.9754
116.326 39.9754
116.326 39.9754
116.326 39.9753
116.326 39.9753
116.326 39.9753
116.326 39.9753
116.326 39.9753
116.326 39.9753
116.326 39.9753
116.326 39.9753
116.326 39.9753
116.326 39.9753
116.326 39.9753
116.326 39.9752
116.326 39.9752
116.326 39.9752
116.326 39.9752
116.326 39.9752
116.326 39.9752
116.326 39.9752
116.326 39.9752
116.326 39.9753
116.326 39.9753
116.326 39.9753
116.326 39.9753
116.326 39.9753
116.326 39.9753
116.326 39.9753
116.326 39.9753
116.326 39.9754
116.326 39.9754
116.325 39.9755
116.325 39.9755
116.325 39.9755
116.325 39.9755
116.325 39.9755
116.325 39.9756
116.325 39.9755
116.325 39.9755
116.325 39.9755
116.325 39.9755
116.325 39.9754
116.325 39.9754
116.325 39.9754
116.325 39.9754
116.325 39.9754
116.325 39.9754
116.325 39.9754
116.325 39.9753
116.325 39.9753
116.325 39.9753
116.325 39.9753
116.325 39.9752
116.325 39.9752
116.325 39.9753
116.325 39.9753
116.325 39.9753
116.325 39.9753
116.325 39.9753
116.325 39.9753
116.325 39.9753
116.325 39.9754
116.325 39.9754
116.325 39.9755
116.325 39.9755
116.325 39.9755
116.325 39.9755
116.325 39.9756
116.325 39.9756
116.325 39.9755
116.325 39.9756
116.325 39.9756
116.325 39.9757
116.325 39.9756
116.325 39.9756
116.325 39.9756
116.325 39.9756
116.325 39.9756
116.325 39.9756
116.325 39.9756
116.325 39.9756
116.325 39.9756
116.325 39.9756
116.325 39.9756
116.325 39.9756
116.325 39.9756
116.325 39.9755
116.325 39.9755
116.325 39.9755
116.325 39.9756
116.325 39.9756
116.325 39.9756
116.325 39.9756
116.325 39.9756
116.325 39.9755
116.325 39.9755
116.325 39.9755
116.325 39.9754
116.325 39.9754
116.325 39.9754
116.325 39.9754
116.325 39.9754
116.325 39.9754
116.325 39.9754
116.325 39.9754
116.325 39.9754
116.325 39.9754
116.325 39.9754
116.325 39.9754
116.325 39.9754
116.325 39.9754
116.325 39.9754
116.325 39.9754
116.325 39.9754
116.325 39.9754
116.325 39.9754
116.325 39.9754
116.325 39.9754
116.325 39.9754
116.325 39.9754
116.325 39.9754
116.325 39.9754
116.325 39.9754
116.325 39.9754
116.325 39.9754
116.325 39.9754
116.325 39.9754
116.325 39.9755
116.325 39.9755
116.325 39.9755
116.325 39.9755
116.325 39.9755
116.325 39.9755
116.325 39.9755
116.325 39.9755
116.325 39.9755
116.325 39.9755
116.325 39.9755
116.325 39.9755
116.325 39.9755
116.325 39.9755
116.325 39.9756
116.325 39.9755
116.326 39.9755
116.326 39.9755
116.326 39.9755
116.325 39.9755
116.325 39.9755
116.325 39.9755
116.325 39.9754
116.325 39.9753
116.325 39.9753
116.325 39.9753
116.325 39.9754
116.324 39.9753
116.324 39.9753
116.324 39.9753
116.324 39.9753
116.323 39.9753
116.323 39.9753
116.323 39.9753
116.323 39.9752
116.322 39.9752
116.322 39.9752
116.322 39.9752
116.322 39.9752
116.321 39.9752
116.321 39.9752
116.321 39.9752
116.321 39.9752
116.321 39.9752
116.321 39.9752
116.321 39.9752
116.321 39.9752
116.32 39.9751
116.32 39.9751
116.32 39.9751
116.32 39.9751
116.32 39.9751
116.32 39.9751
116.32 39.9751
116.32 39.9751
116.32 39.9751
116.32 39.9751
116.32 39.9751
116.32 39.9751
116.32 39.9751
116.32 39.9751
116.319 39.9751
116.319 39.975
116.319 39.975
116.319 39.975
116.319 39.975
116.319 39.975
116.319 39.975
116.319 39.975
116.318 39.975
116.318 39.975
116.318 39.975
116.318 39.975
116.318 39.975
116.318 39.975
116.318 39.975
116.318 39.975
116.318 39.9749
116.318 39.9749
116.318 39.9749
116.318 39.9749
116.318 39.975
116.317 39.975
116.317 39.975
116.317 39.9749
116.317 39.9749
116.317 39.9749
116.317 39.9749
116.317 39.9749
116.316 39.9749
116.316 39.9749
116.316 39.9749
116.316 39.9749
116.316 39.9749
116.315 39.9748
116.315 39.9748
116.315 39.9748
116.315 39.9748
116.315 39.9748
116.314 39.9748
116.314 39.9748
116.314 39.9747
116.314 39.9747
116.314 39.9747
116.313 39.9748
116.313 39.9748
116.313 39.9748
116.313 39.9748
116.313 39.9748
116.313 39.9748
116.313 39.9748
116.313 39.9748
116.313 39.9748
116.313 39.9748
116.313 39.9748
116.313 39.9748
116.313 39.9748
116.313 39.9748
116.313 39.9748
116.313 39.9748
116.313 39.9748
116.313 39.9748
116.313 39.9748
116.313 39.9748
116.313 39.9748
116.313 39.9748
116.313 39.9748
116.313 39.9748
116.313 39.9749
116.313 39.9749
116.313 39.9749
116.313 39.9749
116.313 39.9749
116.312 39.9749
116.312 39.9749
116.312 39.9749
116.312 39.9749
116.312 39.9749
116.312 39.9749
116.312 39.9749
116.312 39.9748
116.312 39.9748
116.312 39.9748
116.311 39.9748
116.311 39.9748
116.311 39.9748
116.311 39.9748
116.311 39.9748
116.311 39.9748
116.311 39.9747
116.31 39.9747
116.31 39.9747
116.31 39.9747
116.31 39.9747
116.31 39.9747
116.309 39.9747
116.309 39.9747
116.309 39.9747
116.309 39.9747
116.309 39.9747
116.309 39.9747
116.309 39.9747
116.309 39.9747
116.309 39.9747
116.309 39.9747
116.309 39.9747
116.309 39.9747
116.309 39.9747
116.309 39.9747
116.309 39.9747
116.309 39.9747
116.309 39.9747
116.309 39.9747
116.308 39.9747
116.308 39.9747
116.308 39.9747
116.308 39.9747
116.308 39.9746
116.308 39.9746
116.308 39.9746
116.308 39.9746
116.307 39.9746
116.307 39.9746
116.307 39.9746
116.307 39.9745
116.307 39.9745
116.307 39.9745
116.306 39.9746
116.306 39.9746
116.306 39.9746
116.306 39.9746
116.306 39.9746
116.306 39.9746
116.306 39.9745
116.306 39.9745
116.306 39.9745
116.306 39.9745
116.306 39.9745
116.306 39.9745
116.306 39.9745
116.306 39.9745
116.306 39.9745
116.306 39.9745
116.306 39.9745
116.306 39.9745
116.306 39.9745
116.306 39.9745
116.306 39.9745
116.306 39.9745
116.306 39.9745
116.306 39.9745
116.306 39.9746
116.306 39.9746
116.306 39.9746
116.305 39.9746
116.305 39.9746
116.305 39.9746
116.305 39.9746
116.305 39.9745
116.305 39.9745
116.304 39.9745
116.304 39.9745
116.304 39.9745
116.304 39.9745
116.304 39.9745
116.304 39.9745
116.304 39.9745
116.304 39.9745
116.304 39.9745
116.304 39.9745
116.304 39.9745
116.304 39.9745
116.304 39.9745
116.304 39.9745
116.304 39.9745
116.304 39.9745
116.304 39.9745
116.304 39.9745
116.304 39.9745
116.304 39.9745
116.304 39.9745
116.304 39.9745
116.304 39.9745
116.303 39.9745
116.303 39.9745
116.303 39.9745
116.303 39.9745
116.303 39.9745
116.303 39.9745
116.303 39.9745
116.303 39.9745
116.303 39.9745
116.303 39.9745
116.303 39.9745
116.303 39.9745
116.303 39.9745
116.303 39.9745
116.303 39.9745
116.303 39.9745
116.303 39.9745
116.303 39.9745
116.303 39.9745
116.303 39.9745
116.303 39.9745
116.303 39.9745
116.303 39.9745
116.303 39.9745
116.303 39.9745
116.303 39.9745
116.303 39.9745
116.303 39.9745
116.303 39.9745
116.303 39.9745
116.303 39.9745
116.303 39.9745
116.303 39.9745
116.303 39.9745
116.303 39.9745
116.303 39.9745
116.303 39.9745
116.303 39.9745
116.302 39.9745
116.302 39.9745
116.302 39.9745
116.302 39.9744
116.302 39.9744
116.302 39.9744
116.302 39.9744
116.302 39.9744
116.301 39.9745
116.301 39.9745
116.301 39.9745
116.301 39.9745
116.301 39.9745
116.301 39.9745
116.301 39.9745
116.301 39.9744
116.301 39.9744
116.301 39.9744
116.301 39.9744
116.301 39.9744
116.301 39.9744
116.301 39.9744
116.301 39.9744
116.301 39.9744
116.301 39.9744
116.301 39.9744
116.301 39.9744
116.301 39.9744
116.301 39.9744
116.301 39.9744
116.301 39.9744
116.301 39.9744
116.301 39.9744
116.301 39.9744
116.301 39.9744
116.301 39.9744
116.301 39.9744
116.301 39.9744
116.301 39.9744
116.301 39.9744
116.301 39.9744
116.301 39.9744
116.301 39.9744
116.301 39.9744
116.301 39.9744
116.301 39.9745
116.301 39.9745
116.301 39.9745
116.301 39.9745
116.301 39.9745
116.301 39.9745
116.301 39.9745
116.301 39.9745
116.301 39.9745
116.301 39.9745
116.301 39.9745
116.301 39.9745
116.3 39.9745
116.3 39.9745
116.3 39.9744
116.3 39.9743
116.3 39.9743
116.3 39.9742
116.3 39.974
116.3 39.9739
116.3 39.9738
116.3 39.9736
116.3 39.9734
116.3 39.9733
116.3 39.9731
116.3 39.9729
116.3 39.9727
116.3 39.9725
116.3 39.9724
116.3 39.9722
116.3 39.972
116.3 39.9718
116.3 39.9716
116.3 39.9714
116.3 39.9713
116.3 39.9711
116.3 39.971
116.3 39.9709
116.301 39.9708
116.301 39.9707
116.301 39.9707
116.301 39.9707
116.301 39.9707
116.301 39.9707
116.301 39.9707
116.301 39.9707
116.301 39.9707
116.301 39.9707
116.301 39.9707
116.301 39.9706
116.301 39.9706
116.301 39.9705
116.301 39.9704
116.301 39.9703
116.301 39.9701
116.301 39.97
116.301 39.9698
116.301 39.9697
116.301 39.9696
116.301 39.9694
116.301 39.9692
116.301 39.9691
116.301 39.969
116.301 39.9688
116.301 39.9687
116.301 39.9685
116.301 39.9684
116.301 39.9683
116.301 39.9682
116.301 39.9681
116.301 39.9679
116.301 39.9678
116.301 39.9676
116.301 39.9675
116.301 39.9673
116.301 39.9671
116.301 39.967
116.301 39.9668
116.301 39.9666
116.301 39.9665
116.301 39.9663
116.301 39.9662
116.301 39.966
116.301 39.9659
116.301 39.9658
116.301 39.9656
116.301 39.9655
116.301 39.9654
116.301 39.9653
116.301 39.9652
116.301 39.9652
116.301 39.9652
116.301 39.9652
116.301 39.9652
116.301 39.9652
116.301 39.9652
116.301 39.9652
116.301 39.9651
116.301 39.965
116.301 39.9649
116.301 39.9648
116.301 39.9647
116.301 39.9646
116.301 39.9645
116.301 39.9643
116.301 39.9642
116.301 39.964
116.301 39.9639
116.301 39.9637
116.301 39.9635
116.301 39.9634
116.301 39.9632
116.301 39.9631
116.301 39.9629
116.301 39.9628
116.301 39.9626
116.301 39.9625
116.302 39.9624
116.302 39.9623
116.302 39.9622
116.302 39.9621
116.302 39.9621
116.302 39.9621
116.302 39.9621
116.302 39.9621
116.302 39.9621
116.302 39.9621
116.302 39.9621
116.302 39.9621
116.302 39.9621
116.302 39.9621
116.302 39.9621
116.302 39.9621
116.302 39.9621
116.302 39.9621
116.302 39.9621
116.302 39.9621
116.302 39.962
116.302 39.962
116.302 39.962
116.302 39.962
116.302 39.962
116.302 39.9619
116.302 39.9618
116.302 39.9617
116.302 39.9616
116.302 39.9615
116.302 39.9613
116.302 39.9612
116.302 39.961
116.302 39.9608
116.302 39.9607
116.302 39.9605
116.302 39.9603
116.302 39.9602
116.302 39.96
116.302 39.9598
116.302 39.9596
116.302 39.9594
116.302 39.9592
116.302 39.9591
116.302 39.9589
116.302 39.9587
116.302 39.9585
116.302 39.9583
116.302 39.9582
116.302 39.958
116.302 39.9578
116.302 39.9577
116.302 39.9575
116.302 39.9573
116.302 39.9572
116.303 39.957
116.303 39.9568
116.303 39.9567
116.303 39.9565
116.303 39.9564
116.303 39.9562
116.303 39.956
116.303 39.9559
116.303 39.9558
116.303 39.9558
116.303 39.9558
116.303 39.9558
116.303 39.9558
116.303 39.9558
116.303 39.9558
116.303 39.9558
116.303 39.9558
116.303 39.9558
116.303 39.9558
116.303 39.9558
116.303 39.9558
116.303 39.9558
116.303 39.9558
116.303 39.9558
116.303 39.9558
116.303 39.9558
116.303 39.9558
116.303 39.9558
116.303 39.9558
116.303 39.9558
116.303 39.9558
116.303 39.9558
116.303 39.9558
116.303 39.9558
116.303 39.9558
116.303 39.9558
116.303 39.9558
116.303 39.9557
116.303 39.9556
116.303 39.9555
116.303 39.9554
116.303 39.9553
116.303 39.9552
116.303 39.955
116.303 39.9549
116.303 39.9547
116.303 39.9545
116.303 39.9544
116.303 39.9542
116.303 39.9541
116.303 39.954
116.303 39.9539
116.303 39.9539
116.303 39.9538
116.303 39.9537
116.303 39.9537
116.303 39.9537
116.303 39.9537
116.303 39.9537
116.303 39.9537
116.303 39.9537
116.303 39.9537
116.303 39.9537
116.303 39.9537
116.303 39.9537
116.303 39.9537
116.303 39.9537
116.303 39.9537
116.303 39.9537
116.303 39.9536
116.303 39.9536
116.303 39.9535
116.303 39.9534
116.303 39.9534
116.303 39.9533
116.303 39.9532
116.303 39.9532
116.303 39.9531
116.303 39.9531
116.303 39.9531
116.303 39.9531
116.303 39.9531
116.303 39.953
116.303 39.9529
116.303 39.9528
116.303 39.9527
116.303 39.9526
116.303 39.9525
116.303 39.9524
116.303 39.9522
116.303 39.9521
116.303 39.9519
116.303 39.9518
116.303 39.9516
116.303 39.9515
116.303 39.9513
116.303 39.9512
116.303 39.951
116.303 39.9508
116.303 39.9506
116.303 39.9505
116.303 39.9503
116.303 39.9501
116.303 39.9499
116.303 39.9497
116.303 39.9495
116.303 39.9493
116.303 39.9492
116.303 39.949
116.303 39.9488
116.303 39.9487
116.303 39.9485
116.303 39.9484
116.303 39.9483
116.303 39.9483
116.303 39.9482
116.303 39.9482
116.303 39.9482
116.303 39.9482
116.303 39.9482
116.303 39.9482
116.303 39.9482
116.303 39.9482
116.303 39.9482
116.303 39.9481
116.303 39.9481
116.303 39.9481
116.303 39.948
116.303 39.9479
116.303 39.9478
116.303 39.9476
116.303 39.9475
116.303 39.9474
116.303 39.9473
116.303 39.9471
116.303 39.9469
116.303 39.9468
116.303 39.9466
116.303 39.9464
116.303 39.9462
116.304 39.946
116.304 39.9459
116.304 39.9457
116.304 39.9455
116.304 39.9453
116.304 39.9452
116.304 39.945
116.304 39.9448
116.304 39.9446
116.304 39.9444
116.304 39.9443
116.304 39.9441
116.304 39.9439
116.304 39.9437
116.304 39.9436
116.304 39.9434
116.304 39.9434
116.304 39.9434
116.304 39.9434
116.304 39.9434
116.304 39.9433
116.304 39.9432
116.304 39.9432
116.304 39.943
116.304 39.9429
116.304 39.9428
116.304 39.9427
116.304 39.9425
116.304 39.9424
116.304 39.9422
116.304 39.942
116.304 39.9418
116.304 39.9416
116.304 39.9414
116.304 39.9412
116.304 39.941
116.304 39.9408
116.304 39.9406
116.304 39.9404
116.304 39.9402
116.304 39.94
116.304 39.9399
116.304 39.9397
116.304 39.9395
116.304 39.9394
116.304 39.9392
116.304 39.939
116.304 39.9388
116.304 39.9386
116.304 39.9384
116.304 39.9382
116.304 39.938
116.304 39.9378
116.304 39.9376
116.304 39.9375
116.304 39.9373
116.304 39.9371
116.304 39.937
116.304 39.9368
116.304 39.9367
116.304 39.9365
116.304 39.9364
116.304 39.9364
116.304 39.9363
116.304 39.9363
116.304 39.9363
116.304 39.9363
116.304 39.9363
116.304 39.9363
116.304 39.9362
116.304 39.9362
116.304 39.9361
116.304 39.936
116.304 39.9359
116.304 39.9357
116.304 39.9356
116.304 39.9355
116.304 39.9353
116.304 39.9352
116.304 39.935
116.304 39.9349
116.304 39.9347
116.304 39.9345
116.304 39.9344
116.304 39.9342
116.304 39.9341
116.304 39.9339
116.304 39.9338
116.304 39.9336
116.304 39.9335
116.304 39.9333
116.304 39.9332
116.304 39.933
116.304 39.9328
116.304 39.9326
116.304 39.9324
116.304 39.9323
116.304 39.9321
116.304 39.932
116.304 39.9319
116.304 39.9319
116.304 39.9319
116.304 39.9319
116.304 39.9319
116.304 39.9319
116.304 39.9319
116.304 39.9319
116.304 39.9319
116.304 39.9319
116.304 39.9319
116.304 39.9319
116.304 39.9319
116.304 39.9319
116.304 39.9319
116.304 39.9319
116.304 39.9319
116.304 39.9319
116.304 39.9319
116.304 39.9319
116.304 39.9319
116.304 39.9319
116.304 39.9319
116.304 39.9319
116.304 39.9319
116.304 39.9319
116.304 39.9319
116.304 39.9318
116.304 39.9317
116.304 39.9316
116.304 39.9315
116.304 39.9314
116.304 39.9313
116.304 39.9312
116.304 39.9311
116.304 39.931
116.304 39.9309
116.304 39.9308
116.304 39.9308
116.304 39.9307
116.304 39.9306
116.304 39.9305
116.304 39.9304
116.304 39.9303
116.304 39.9302
116.304 39.93
116.304 39.9299
116.304 39.9298
116.304 39.9297
116.304 39.9296
116.304 39.9295
116.304 39.9294
116.304 39.9293
116.304 39.9291
116.304 39.929
116.304 39.9289
116.304 39.9288
116.304 39.9287
116.304 39.9286
116.304 39.9285
116.304 39.9285
116.304 39.9284
116.304 39.9284
116.304 39.9283
116.304 39.9283
116.304 39.9283
116.304 39.9283
116.304 39.9283
116.304 39.9282
116.304 39.9282
116.304 39.9281
116.304 39.928
116.304 39.928
116.304 39.9278
116.304 39.9277
116.304 39.9276
116.304 39.9274
116.304 39.9273
116.304 39.9271
116.304 39.927
116.304 39.9268
116.304 39.9266
116.304 39.9265
116.304 39.9263
116.304 39.9261
116.304 39.926
116.304 39.9258
116.304 39.9256
116.304 39.9254
116.304 39.9252
116.304 39.9251
116.304 39.9249
116.304 39.9248
116.304 39.9246
116.304 39.9246
116.304 39.9246
116.304 39.9245
116.304 39.9245
116.304 39.9245
116.304 39.9245
116.304 39.9245
116.304 39.9245
116.304 39.9245
116.304 39.9245
116.304 39.9244
116.304 39.9243
116.304 39.9243
116.304 39.9242
116.304 39.9241
116.304 39.9241
116.304 39.9241
116.304 39.924
116.304 39.924
116.304 39.924
116.304 39.9239
116.304 39.9239
116.304 39.9239
116.304 39.9238
116.304 39.9238
116.304 39.9238
116.304 39.9238
116.304 39.9238
116.304 39.9238
116.304 39.9238
116.304 39.9238
116.304 39.9238
116.304 39.9238
116.304 39.9238
116.304 39.9238
116.304 39.9238
116.304 39.9238
116.304 39.9238
116.304 39.9238
116.304 39.9238
116.304 39.9238
116.304 39.9238
116.304 39.9237
116.304 39.9236
116.304 39.9235
116.304 39.9234
116.304 39.9232
116.304 39.9231
116.303 39.923
116.303 39.9228
116.303 39.9226
116.303 39.9224
116.304 39.9223
116.304 39.9222
116.304 39.922
116.304 39.9219
116.304 39.9217
116.304 39.9216
116.304 39.9215
116.304 39.9214
116.304 39.9213
116.304 39.9212
116.304 39.9211
116.304 39.921
116.304 39.921
116.304 39.9209
116.304 39.9208
116.304 39.9208
116.304 39.9208
116.304 39.9208
116.304 39.9208
116.304 39.9208
116.304 39.9207
116.304 39.9207
116.304 39.9206
116.304 39.9205
116.304 39.9204
116.304 39.9203
116.304 39.9201
116.304 39.92
116.304 39.9198
116.304 39.9197
116.304 39.9195
116.304 39.9193
116.304 39.9191
116.304 39.9189
116.304 39.9187
116.304 39.9185
116.304 39.9183
116.304 39.9181
116.304 39.9178
116.304 39.9176
116.304 39.9174
116.304 39.9172
116.304 39.917
116.304 39.9167
116.304 39.9165
116.304 39.9163
116.304 39.9161
116.304 39.9158
116.304 39.9156
116.304 39.9154
116.304 39.9152
116.304 39.915
116.304 39.9147
116.304 39.9145
116.304 39.9143
116.304 39.9141
116.304 39.9139
116.304 39.9137
116.304 39.9134
116.304 39.9132
116.304 39.913
116.304 39.9128
116.304 39.9125
116.304 39.9123
116.304 39.9121
116.304 39.9119
116.304 39.9117
116.304 39.9115
116.304 39.9112
116.304 39.911
116.304 39.9108
116.304 39.9106
116.304 39.9104
116.304 39.9102
116.304 39.91
116.304 39.9098
116.304 39.9096
116.304 39.9094
116.304 39.9092
116.304 39.9091
116.304 39.9089
116.304 39.9088
116.304 39.9087
116.304 39.9087
116.304 39.9087
116.304 39.9087
116.304 39.9087
116.304 39.9087
116.304 39.9087
116.304 39.9086
116.304 39.9086
116.304 39.9085
116.304 39.9084
116.304 39.9083
116.304 39.9082
116.304 39.9081
116.304 39.908
116.304 39.9079
116.304 39.9078
116.304 39.9078
116.304 39.9078
116.304 39.9077
116.304 39.9077
116.304 39.9077
116.304 39.9077
116.304 39.9077
116.304 39.9076
116.303 39.9076
116.303 39.9076
116.303 39.9075
116.303 39.9074
116.303 39.9073
116.303 39.9072
116.303 39.9071
116.303 39.907
116.303 39.9069
116.302 39.9067
116.302 39.9065
116.302 39.9064
116.302 39.9062
116.302 39.906
116.302 39.9057
116.302 39.9056
116.302 39.9054
116.303 39.9053
116.303 39.9052
116.303 39.9051
116.303 39.905
116.303 39.9049
116.303 39.9048
116.304 39.9047
116.304 39.9047
116.304 39.9046
116.304 39.9045
116.304 39.9044
116.304 39.9043
116.304 39.9041
116.304 39.904
116.304 39.9038
116.304 39.9037
116.304 39.9035
116.304 39.9033
116.304 39.9031
116.304 39.903
116.304 39.9028
116.304 39.9026
116.304 39.9024
116.304 39.9022
116.304 39.902
116.304 39.9018
116.304 39.9016
116.304 39.9015
116.304 39.9013
116.304 39.9011
116.304 39.901
116.304 39.9008
116.304 39.9007
116.304 39.9007
116.304 39.9006
116.304 39.9005
116.304 39.9004
116.304 39.9004
116.304 39.9004
116.304 39.9003
116.304 39.9003
116.304 39.9003
116.304 39.9003
116.304 39.9003
116.304 39.9003
116.304 39.9003
116.304 39.9003
116.304 39.9002
116.304 39.9002
116.304 39.9001
116.304 39.9001
116.304 39.9001
116.304 39.9
116.304 39.9
116.304 39.8999
116.304 39.8999
116.304 39.8998
116.304 39.8997
116.304 39.8996
116.304 39.8995
116.304 39.8994
116.304 39.8992
116.304 39.8991
116.304 39.8989
116.304 39.8988
116.304 39.8986
116.304 39.8985
116.304 39.8983
116.304 39.8981
116.304 39.8979
116.304 39.8977
116.304 39.8975
116.304 39.8972
116.304 39.897
116.304 39.8968
116.304 39.8965
116.304 39.8963
116.304 39.896
116.304 39.8958
116.304 39.8955
116.304 39.8952
116.304 39.895
116.304 39.8947
116.304 39.8945
116.304 39.8942
116.304 39.894
116.304 39.8938
116.304 39.8935
116.304 39.8933
116.304 39.893
116.304 39.8928
116.304 39.8926
116.304 39.8924
116.304 39.8922
116.304 39.892
116.304 39.8918
116.304 39.8916
116.304 39.8914
116.304 39.8912
116.304 39.8911
116.304 39.8909
116.304 39.8907
116.304 39.8906
116.304 39.8905
116.304 39.8905
116.304 39.8905
116.304 39.8905
116.304 39.8905
116.304 39.8905
116.304 39.8905
116.304 39.8905
116.304 39.8905
116.304 39.8905
116.304 39.8905
116.304 39.8904
116.304 39.8903
116.304 39.8902
116.304 39.8901
116.304 39.8899
116.304 39.8898
116.304 39.8896
116.304 39.8894
116.304 39.8892
116.304 39.889
116.304 39.8888
116.304 39.8886
116.304 39.8884
116.304 39.8882
116.304 39.888
116.304 39.8878
116.304 39.8876
116.304 39.8875
116.304 39.8873
116.304 39.8872
116.304 39.887
116.304 39.8869
116.304 39.8869
116.304 39.8869
116.304 39.8869
116.304 39.8868
116.304 39.8868
116.304 39.8867
116.304 39.8866
116.304 39.8865
116.304 39.8864
116.304 39.8862
116.304 39.8861
116.304 39.8859
116.304 39.8858
116.304 39.8856
116.304 39.8854
116.304 39.8852
116.304 39.885
116.304 39.8848
116.304 39.8846
116.304 39.8844
116.304 39.8842
116.304 39.8839
116.304 39.8837
116.304 39.8834
116.304 39.8831
116.304 39.8828
116.304 39.8826
116.304 39.8824
116.305 39.8821
116.305 39.8819
116.305 39.8817
116.305 39.8816
116.305 39.8814
116.305 39.8812
116.305 39.881
116.305 39.8809
116.305 39.8807
116.305 39.8806
116.305 39.8805
116.305 39.8804
116.305 39.8804
116.305 39.8804
116.305 39.8804
116.305 39.8804
116.305 39.8804
116.305 39.8804
116.305 39.8804
116.305 39.8803
116.305 39.8803
116.305 39.8802
116.305 39.8802
116.305 39.8801
116.305 39.88
116.305 39.88
116.305 39.8799
116.305 39.8798
116.305 39.8796
116.305 39.8795
116.305 39.8793
116.305 39.8792
116.305 39.879
116.305 39.8789
116.305 39.8787
116.305 39.8785
116.305 39.8783
116.305 39.8781
116.305 39.8779
116.305 39.8776
116.305 39.8774
116.305 39.8772
116.305 39.877
116.305 39.8767
116.305 39.8765
116.305 39.8762
116.305 39.876
116.305 39.8757
116.305 39.8755
116.305 39.8753
116.305 39.875
116.305 39.8748
116.305 39.8746
116.305 39.8743
116.305 39.8741
116.305 39.8739
116.305 39.8737
116.305 39.8736
116.305 39.8735
116.305 39.8734
116.305 39.8734
116.305 39.8733
116.305 39.8732
116.305 39.8731
116.305 39.873
116.305 39.8729
116.305 39.8728
116.306 39.8727
116.306 39.8726
116.306 39.8725
116.306 39.8725
116.306 39.8725
116.306 39.8725
116.306 39.8725
116.306 39.8725
116.306 39.8725
116.306 39.8725
116.306 39.8724
116.306 39.8724
116.306 39.8724
116.306 39.8723
116.306 39.8722
116.306 39.8721
116.306 39.872
116.306 39.8718
116.306 39.8717
116.306 39.8715
116.306 39.8714
116.306 39.8712
116.306 39.8711
116.306 39.8709
116.306 39.8707
116.306 39.8706
116.306 39.8704
116.306 39.8702
116.306 39.87
116.306 39.8698
116.306 39.8696
116.306 39.8694
116.306 39.8692
116.306 39.8689
116.306 39.8687
116.306 39.8685
116.306 39.8683
116.306 39.868
116.306 39.8678
116.306 39.8676
116.306 39.8674
116.306 39.8671
116.306 39.8669
116.306 39.8668
116.306 39.8666
116.306 39.8664
116.306 39.8662
116.306 39.866
116.306 39.8658
116.306 39.8656
116.306 39.8654
116.306 39.8652
116.306 39.865
116.306 39.8649
116.306 39.8647
116.306 39.8645
116.306 39.8644
116.306 39.8643
116.307 39.8642
116.307 39.8642
116.307 39.8643
116.308 39.8644
116.308 39.8645
116.308 39.8647
116.308 39.8649
116.308 39.8651
116.309 39.8653
116.309 39.8655
116.309 39.8656
116.309 39.8658
116.309 39.866
116.31 39.8661
116.31 39.8662
116.31 39.8662
116.311 39.8662
116.311 39.8662
116.311 39.8663
116.311 39.8663
116.312 39.8663
116.312 39.8663
116.312 39.8663
116.313 39.8664
116.313 39.8664
116.313 39.8664
116.314 39.8664
116.314 39.8664
116.314 39.8664
116.314 39.8664
116.314 39.8664
116.314 39.8664
116.314 39.8664
116.315 39.8664
116.315 39.8664
116.315 39.8664
116.315 39.8664
116.315 39.8664
116.315 39.8664
116.315 39.8664
116.315 39.8664
116.315 39.8664
116.315 39.8664
116.315 39.8664
116.315 39.8664
116.315 39.8664
116.316 39.8664
116.316 39.8664
116.316 39.8664
116.316 39.8665
116.316 39.8665
116.317 39.8665
116.317 39.8665
116.317 39.8665
116.317 39.8665
116.317 39.8665
116.318 39.8665
116.318 39.8665
116.318 39.8665
116.318 39.8665
116.319 39.8665
116.319 39.8665
116.319 39.8665
116.319 39.8665
116.32 39.8665
116.32 39.8665
116.32 39.8665
116.32 39.8665
116.321 39.8665
116.321 39.8665
116.321 39.8665
116.321 39.8665
116.322 39.8665
116.322 39.8665
116.322 39.8665
116.322 39.8665
116.322 39.8665
116.322 39.8665
116.322 39.8665
116.322 39.8665
116.322 39.8665
116.322 39.8665
116.322 39.8665
116.322 39.8665
116.322 39.8665
116.322 39.8665
116.322 39.8665
116.322 39.8665
116.322 39.8665
116.322 39.8665
116.322 39.8665
116.322 39.8665
116.322 39.8665
116.322 39.8665
116.322 39.8665
116.322 39.8665
116.322 39.8665
116.322 39.8665
116.322 39.8665
116.322 39.8665
116.322 39.8665
116.322 39.8665
116.322 39.8665
116.322 39.8665
116.323 39.8665
116.323 39.8665
116.323 39.8665
116.323 39.8665
116.323 39.8665
116.324 39.8665
116.324 39.8665
116.324 39.8665
116.324 39.8665
116.324 39.8665
116.324 39.8665
116.325 39.8665
116.325 39.8665
116.325 39.8665
116.325 39.8665
116.325 39.8665
116.325 39.8665
116.325 39.8665
116.325 39.8665
116.325 39.8665
116.325 39.8665
116.325 39.8665
116.325 39.8665
116.325 39.8665
116.325 39.8665
116.325 39.8665
116.325 39.8665
116.325 39.8665
116.325 39.8665
116.325 39.8665
116.325 39.8665
116.325 39.8665
116.325 39.8665
116.326 39.8665
116.326 39.8665
116.326 39.8665
116.326 39.8665
116.327 39.8665
116.327 39.8666
116.327 39.8666
116.327 39.8666
116.327 39.8666
116.328 39.8666
116.328 39.8666
116.328 39.8666
116.328 39.8666
116.328 39.8666
116.328 39.8666
116.329 39.8665
116.329 39.8665
116.329 39.8666
116.329 39.8666
116.329 39.8665
116.329 39.8665
116.329 39.8665
116.33 39.8665
116.33 39.8665
116.33 39.8665
116.33 39.8665
116.33 39.8665
116.331 39.8665
116.331 39.8665
116.331 39.8665
116.331 39.8666
116.331 39.8665
116.331 39.8665
116.332 39.8665
116.332 39.8665
116.332 39.8665
116.332 39.8665
116.332 39.8665
116.333 39.8665
116.333 39.8665
116.333 39.8665
116.333 39.8665
116.333 39.8665
116.333 39.8665
116.333 39.8665
116.333 39.8665
116.333 39.8665
116.333 39.8665
116.333 39.8665
116.333 39.8664
116.333 39.8664
116.333 39.8664
116.333 39.8664
116.333 39.8664
116.334 39.8664
116.334 39.8664
116.334 39.8664
116.334 39.8664
116.334 39.8664
116.334 39.8664
116.334 39.8664
116.334 39.8664
116.334 39.8664
116.334 39.8664
116.334 39.8664
116.334 39.8664
116.334 39.8664
116.334 39.8664
116.334 39.8664
116.334 39.8664
116.334 39.8664
116.334 39.8664
116.334 39.8664
116.334 39.8664
116.334 39.8664
116.334 39.8664
116.334 39.8664
116.334 39.8664
116.334 39.8664
116.334 39.8664
116.334 39.8664
116.334 39.8664
116.334 39.8664
116.334 39.8664
116.334 39.8664
116.334 39.8664
116.334 39.8664
116.334 39.8664
116.335 39.8664
116.335 39.8664
116.335 39.8664
116.335 39.8664
116.335 39.8664
116.335 39.8664
116.335 39.8664
116.335 39.8664
116.335 39.8664
116.335 39.8664
116.335 39.8664
116.335 39.8664
116.335 39.8664
116.335 39.8664
116.335 39.8664
116.335 39.8664
116.335 39.8664
116.335 39.8664
116.335 39.8664
116.335 39.8664
116.335 39.8664
116.335 39.8664
116.335 39.8664
116.335 39.8664
116.335 39.8664
116.335 39.8664
116.336 39.8664
116.336 39.8664
116.336 39.8664
116.336 39.8664
116.336 39.8664
116.336 39.8664
116.336 39.8664
116.336 39.8664
116.336 39.8664
116.336 39.8664
116.336 39.8664
116.336 39.8664
116.336 39.8664
116.336 39.8664
116.336 39.8664
116.336 39.8664
116.336 39.8664
116.336 39.8664
116.336 39.8664
116.336 39.8664
116.336 39.8664
116.336 39.8664
116.336 39.8664
116.336 39.8664
116.337 39.8664
116.337 39.8664
116.337 39.8664
116.337 39.8664
116.337 39.8664
116.337 39.8664
116.337 39.8664
116.337 39.8664
116.337 39.8665
116.337 39.8665
116.337 39.8665
116.337 39.8665
116.337 39.8665
116.337 39.8665
116.337 39.8665
116.337 39.8665
116.337 39.8665
116.337 39.8665
116.337 39.8665
116.337 39.8665
116.337 39.8665
116.337 39.8665
116.337 39.8665
116.338 39.8665
116.338 39.8665
116.338 39.8665
116.338 39.8665
116.338 39.8665
116.338 39.8665
116.338 39.8665
116.338 39.8665
116.338 39.8665
116.338 39.8665
116.338 39.8665
116.338 39.8665
116.338 39.8665
116.338 39.8665
116.338 39.8665
116.338 39.8665
116.338 39.8665
116.338 39.8665
116.338 39.8665
116.338 39.8665
116.338 39.8666
116.338 39.8666
116.339 39.8666
116.339 39.8666
116.339 39.8665
116.339 39.8665
116.339 39.8666
116.339 39.8666
116.339 39.8666
116.339 39.8666
116.339 39.8666
116.339 39.8666
116.339 39.8666
116.339 39.8666
116.339 39.8666
116.339 39.8666
116.339 39.8666
116.339 39.8666
116.339 39.8665
116.339 39.8665
116.339 39.8665
116.339 39.8665
116.339 39.8665
116.339 39.8665
116.339 39.8665
116.339 39.8665
116.34 39.8665
116.34 39.8665
116.34 39.8665
116.34 39.8665
116.34 39.8665
116.34 39.8665
116.34 39.8665
116.34 39.8664
116.34 39.8664
116.34 39.8664
116.34 39.8664
116.34 39.8664
116.34 39.8664
116.34 39.8664
116.34 39.8664
116.34 39.8664
116.34 39.8664
116.34 39.8664
116.34 39.8663
116.34 39.8663
116.34 39.8663
116.34 39.8663
116.34 39.8663
116.34 39.8663
116.34 39.8663
116.34 39.8662
116.341 39.8662
116.341 39.8662
116.341 39.8662
116.341 39.8662
116.341 39.8662
116.341 39.8662
116.341 39.8661
116.341 39.8661
116.341 39.8661
116.341 39.8661
116.341 39.8661
116.341 39.8661
116.341 39.866
116.341 39.866
116.341 39.866
116.341 39.866
116.341 39.866
116.341 39.866
116.341 39.866
116.341 39.8659
116.341 39.8659
116.341 39.8659
116.341 39.8659
116.341 39.8659
116.341 39.8659
116.341 39.8659
116.341 39.8658
116.341 39.8658
116.342 39.8658
116.342 39.8658
116.342 39.8658
116.342 39.8657
116.342 39.8657
116.342 39.8657
116.342 39.8657
116.342 39.8657
116.342 39.8656
116.342 39.8656
116.342 39.8656
116.342 39.8656
116.342 39.8656
116.342 39.8656
116.342 39.8656
116.342 39.8656
116.342 39.8656
116.342 39.8656
116.342 39.8656
116.342 39.8656
116.342 39.8656
116.342 39.8656
116.342 39.8656
116.342 39.8656
116.342 39.8656
116.342 39.8656
116.342 39.8656
116.342 39.8656
116.342 39.8656
116.342 39.8656
116.342 39.8656
116.343 39.8656
116.343 39.8656
116.343 39.8656
116.343 39.8656
116.343 39.8656
116.343 39.8656
116.343 39.8656
116.343 39.8656
116.343 39.8656
116.343 39.8656
116.343 39.8656
116.343 39.8656
116.343 39.8656
116.343 39.8656
116.343 39.8656
116.343 39.8656
116.343 39.8656
116.343 39.8656
116.343 39.8656
116.343 39.8656
116.343 39.8656
116.343 39.8657
116.343 39.8657
116.344 39.8657
116.344 39.8656
116.344 39.8656
116.344 39.8656
116.344 39.8656
116.344 39.8656
116.344 39.8656
116.344 39.8656
116.344 39.8656
116.344 39.8657
116.344 39.8657
116.344 39.8657
116.344 39.8657
116.344 39.8657
116.344 39.8657
116.344 39.8657
116.344 39.8657
116.344 39.8657
116.344 39.8657
116.344 39.8657
116.344 39.8658
116.344 39.8657
116.344 39.8658
116.344 39.8658
116.344 39.8658
116.344 39.8658
116.344 39.8658
116.344 39.8658
116.344 39.8658
116.344 39.8658
116.344 39.8658
116.344 39.8658
116.344 39.8658
116.344 39.8658
116.344 39.8658
116.344 39.8658
116.344 39.8658
116.344 39.8659
116.344 39.8659
116.344 39.8659
116.344 39.8659
116.344 39.8659
116.345 39.8659
116.345 39.8659
116.345 39.8659
116.345 39.8659
116.345 39.866
116.345 39.866
116.345 39.866
116.345 39.866
116.345 39.866
116.345 39.866
116.345 39.866
116.345 39.866
116.345 39.866
116.345 39.8661
116.345 39.8661
116.345 39.8661
116.345 39.8661
116.345 39.8661
116.345 39.8661
116.345 39.8661
116.345 39.8661
116.345 39.8661
116.345 39.8661
116.345 39.8662
116.345 39.8662
116.345 39.8662
116.345 39.8662
116.345 39.8662
116.345 39.8662
116.345 39.8662
116.345 39.8662
116.346 39.8662
116.346 39.8662
116.346 39.8662
116.346 39.8662
116.346 39.8663
116.346 39.8663
116.346 39.8663
116.346 39.8663
116.346 39.8663
116.346 39.8663
116.346 39.8663
116.346 39.8663
116.346 39.8663
116.346 39.8663
116.346 39.8663
116.346 39.8663
116.346 39.8663
116.346 39.8663
116.346 39.8663
116.346 39.8663
116.346 39.8663
116.346 39.8663
116.346 39.8664
116.346 39.8664
116.346 39.8664
116.346 39.8664
116.346 39.8664
116.346 39.8664
116.346 39.8664
116.347 39.8664
116.347 39.8664
116.347 39.8663
116.347 39.8663
116.347 39.8663
116.347 39.8663
116.347 39.8663
116.347 39.8662
116.347 39.8662
116.347 39.8662
116.347 39.8662
116.347 39.8661
116.347 39.8661
116.347 39.8661
116.347 39.8661
116.347 39.8661
116.347 39.8661
116.347 39.8661
116.347 39.866
116.347 39.866
116.347 39.866
116.347 39.866
116.347 39.866
116.347 39.866
116.347 39.8659
116.347 39.8659
116.347 39.8658
116.347 39.8658
116.347 39.8658
116.347 39.8658
116.347 39.8658
116.347 39.8658
116.347 39.8658
116.347 39.8658
116.347 39.8657
116.347 39.8657
116.347 39.8657
116.347 39.8656
116.347 39.8656
116.347 39.8656
116.347 39.8655
116.347 39.8655
116.347 39.8655
116.347 39.8654
116.347 39.8654
116.347 39.8654
116.347 39.8653
116.347 39.8653
116.347 39.8653
116.347 39.8653
116.347 39.8652
116.347 39.8652
116.347 39.8652
116.347 39.8651
116.347 39.8651
116.347 39.8651
116.347 39.8651
116.347 39.865
116.347 39.865
116.347 39.865
116.347 39.8649
116.347 39.8649
116.347 39.8649
116.347 39.8648
116.347 39.8648
116.347 39.8648
116.347 39.8647
116.347 39.8647
116.347 39.8647
116.347 39.8647
116.347 39.8647
116.347 39.8647
116.347 39.8646
116.347 39.8646
116.347 39.8646
116.347 39.8646
116.347 39.8645
116.347 39.8645
116.347 39.8645
116.347 39.8644
116.347 39.8644
116.347 39.8643
116.347 39.8643
116.347 39.8643
116.347 39.8643
116.347 39.8642
116.347 39.8642
116.347 39.8642
116.347 39.8642
116.347 39.8642
116.347 39.8641
116.347 39.8641
116.347 39.8641
116.347 39.8641
116.347 39.8641
116.347 39.8641
116.347 39.8641
116.347 39.8641
116.347 39.8641
116.347 39.8641
116.347 39.864
116.347 39.864
116.347 39.864
116.347 39.864
116.347 39.864
116.347 39.864
116.347 39.8642
116.346 39.8643
116.346 39.8665
116.347 39.8666
116.347 39.8666
116.347 39.8665
116.347 39.8665
116.347 39.8665
116.347 39.8665
116.347 39.8665
116.347 39.8665
116.347 39.8665
116.347 39.8665
116.347 39.8665
116.347 39.8665
116.347 39.8665
116.347 39.8665
116.347 39.8665
116.347 39.8665
116.347 39.8665
116.347 39.8665
116.347 39.8665
116.347 39.8665
116.347 39.8665
116.347 39.8665
116.347 39.8665
116.347 39.8665
116.347 39.8665
116.347 39.8665
116.347 39.8665
116.347 39.8665
116.347 39.8665
116.347 39.8665
116.347 39.8665
116.347 39.8665
116.347 39.8665
116.347 39.8665
116.347 39.8665
116.347 39.8665
116.347 39.8665
116.347 39.8665
116.347 39.8665
116.347 39.8665
116.348 39.8665
116.348 39.8665
116.348 39.8665
116.348 39.8666
116.348 39.8666
116.348 39.8667
116.348 39.8668
116.348 39.8669
116.348 39.8669
116.348 39.867
116.348 39.8672
116.348 39.8674
116.348 39.8675
116.348 39.8676
116.348 39.8678
116.348 39.8679
116.348 39.868
116.348 39.8681
116.348 39.8682
116.348 39.8682
116.348 39.8682
116.348 39.8682
116.348 39.8682
116.348 39.8682
116.348 39.8682
116.348 39.8682
116.348 39.8682
116.348 39.8682
116.348 39.8682
116.348 39.8683
116.348 39.8683
116.348 39.8683
116.348 39.8683
116.348 39.8683
116.347 39.8683
116.347 39.8683
116.347 39.8683
116.347 39.8683
116.346 39.8683
116.346 39.8682
116.346 39.8682
116.346 39.8682
116.346 39.8682
116.346 39.8681
116.346 39.8681
116.346 39.8681
116.346 39.8681
116.346 39.8681
116.346 39.8681
116.346 39.8681
116.346 39.8681
116.346 39.8681
116.346 39.8681
116.346 39.8681
116.346 39.8681
116.346 39.8681
116.346 39.8681
116.346 39.8681
116.345 39.8681
116.345 39.8681
116.345 39.8682
116.345 39.8683
116.345 39.8684
116.345 39.8685
116.345 39.8686
116.345 39.8687
116.345 39.8688
116.345 39.8688
116.345 39.8688
116.345 39.8688
116.345 39.8688
116.345 39.8688
116.345 39.8689
116.345 39.8689
116.345 39.8691
116.345 39.8692
116.345 39.8693
116.345 39.8695
116.345 39.8697
116.345 39.8699
116.345 39.87
116.345 39.8703
116.345 39.8705
116.345 39.8707
116.345 39.8709
116.345 39.8711
116.345 39.8713
116.345 39.8716
116.345 39.8718
116.345 39.872
116.345 39.8722
116.345 39.8724
116.344 39.8726
116.344 39.8728
116.344 39.8731
116.344 39.8733
116.344 39.8735
116.344 39.8737
116.344 39.874
116.344 39.8742
116.344 39.8744
116.344 39.8746
116.344 39.8748
116.344 39.875
116.344 39.8753
116.344 39.8755
116.344 39.8757
116.344 39.8758
116.344 39.876
116.344 39.8761
116.344 39.8761
116.344 39.8761
116.344 39.8761
116.344 39.8761
116.344 39.8761
116.344 39.8761
116.344 39.8761
116.344 39.8761
116.344 39.8761
116.344 39.8761
116.344 39.8761
116.344 39.8761
116.344 39.8761
116.344 39.8761
116.344 39.8761
116.344 39.8761
116.344 39.8761
116.344 39.8761
116.344 39.8761
116.344 39.8761
116.344 39.8761
116.344 39.8761
116.344 39.8761
116.344 39.8761
116.344 39.8761
116.344 39.8761
116.344 39.8761
116.344 39.8761
116.344 39.876
116.344 39.876
116.344 39.876
116.344 39.876
116.344 39.876
116.344 39.8759
116.344 39.8759
116.344 39.8759
116.344 39.8759
116.344 39.876
116.344 39.876
116.344 39.876
116.344 39.876
116.344 39.8761
116.344 39.8761
116.344 39.8762
116.344 39.8763
116.344 39.8764
116.344 39.8765
116.344 39.8766
116.344 39.8768
116.344 39.8769
116.344 39.8771
116.344 39.8772
116.344 39.8774
116.344 39.8775
116.344 39.8776
116.344 39.8776
116.344 39.8777
116.344 39.8777
116.344 39.8777
116.344 39.8777
116.344 39.8776
116.344 39.8776
116.344 39.8776
116.344 39.8776
116.344 39.8775
116.344 39.8775
116.344 39.8775
116.344 39.8776
116.344 39.8776
116.344 39.8777
116.344 39.8778
116.344 39.8779
116.344 39.8781
116.344 39.8783
116.344 39.8784
116.344 39.8786
116.344 39.8788
116.344 39.879
116.344 39.8792
116.344 39.8794
116.344 39.8796
116.344 39.8798
116.344 39.88
116.344 39.8802
116.344 39.8804
116.344 39.8806
116.344 39.8808
116.344 39.8809
116.344 39.8811
116.344 39.8812
116.344 39.8813
116.344 39.8814
116.344 39.8815
116.344 39.8815
116.344 39.8815
116.344 39.8815
116.344 39.8815
116.344 39.8815
116.344 39.8815
116.344 39.8815
116.344 39.8815
116.344 39.8815
116.344 39.8815
116.344 39.8815
116.344 39.8815
116.344 39.8815
116.344 39.8816
116.344 39.8816
116.344 39.8816
116.344 39.8816
116.344 39.8816
116.344 39.8817
116.344 39.8818
116.344 39.8819
116.344 39.882
116.344 39.8821
116.344 39.8823
116.344 39.8825
116.344 39.8827
116.344 39.8828
116.344 39.883
116.344 39.8832
116.344 39.8833
116.344 39.8835
116.344 39.8837
116.344 39.8839
116.344 39.8841
116.344 39.8843
116.344 39.8845
116.344 39.8847
116.344 39.8849
116.344 39.885
116.344 39.8851
116.344 39.8852
116.344 39.8852
116.344 39.8852
116.344 39.8852
116.344 39.8852
116.344 39.8852
116.344 39.8852
116.344 39.8851
116.344 39.8852
116.344 39.8852
116.344 39.8851
116.344 39.8852
116.344 39.8852
116.344 39.8853
116.344 39.8854
116.344 39.8855
116.344 39.8856
116.344 39.8858
116.344 39.8859
116.344 39.886
116.344 39.8862
116.344 39.8863
116.344 39.8864
116.344 39.8865
116.344 39.8866
116.344 39.8866
116.344 39.8866
116.344 39.8866
116.344 39.8866
116.344 39.8866
116.344 39.8866
116.344 39.8866
116.344 39.8866
116.344 39.8866
116.344 39.8866
116.344 39.8866
116.344 39.8866
116.344 39.8866
116.344 39.8867
116.344 39.8867
116.344 39.8868
116.344 39.8868
116.344 39.8869
116.344 39.887
116.344 39.8871
116.344 39.8871
116.344 39.8871
116.344 39.8871
116.344 39.8871
116.344 39.8871
116.344 39.8871
116.344 39.8871
116.344 39.8871
116.344 39.887
116.344 39.887
116.344 39.887
116.344 39.887
116.344 39.887
116.344 39.887
116.344 39.887
116.344 39.887
116.344 39.887
116.344 39.887
116.344 39.887
116.344 39.887
116.344 39.887
116.344 39.887
116.344 39.8871
116.344 39.8872
116.344 39.8873
116.344 39.8873
116.344 39.8874
116.344 39.8874
116.344 39.8874
116.344 39.8874
116.344 39.8875
116.344 39.8874
116.344 39.8874
116.344 39.8874
116.344 39.8874
116.344 39.8874
116.344 39.8874
116.344 39.8874
116.344 39.8874
116.344 39.8874
116.344 39.8874
116.344 39.8874
116.344 39.8874
116.344 39.8876
116.344 39.8876
116.344 39.8876
116.344 39.8877
116.344 39.8877
116.344 39.8877
116.344 39.8878
116.344 39.8878
116.344 39.8879
116.344 39.888
116.344 39.8881
116.344 39.8882
116.345 39.8883
116.345 39.8883
116.345 39.8884
116.345 39.8884
116.345 39.8885
116.345 39.8885
116.344 39.8886
116.343 39.8884
116.344 39.8888
116.344 39.8889
116.344 39.8891
116.344 39.8893
116.344 39.8895
116.344 39.8896
116.344 39.8898
116.344 39.89
116.344 39.8902
116.344 39.8903
116.344 39.8905
116.344 39.8907
116.344 39.8908
116.344 39.891
116.344 39.8912
116.344 39.8914
116.344 39.8915
116.344 39.8917
116.344 39.8918
116.344 39.8919
116.344 39.8919
116.344 39.8919
116.344 39.8919
116.344 39.8919
116.344 39.8919
116.344 39.8919
116.344 39.8919
116.344 39.892
116.344 39.892
116.344 39.8921
116.344 39.8922
116.344 39.8923
116.344 39.8923
116.344 39.8923
116.344 39.8923
116.344 39.8923
116.344 39.8923
116.344 39.8923
116.344 39.8923
116.344 39.8923
116.344 39.8923
116.344 39.8923
116.344 39.8923
116.344 39.8923
116.344 39.8923
116.344 39.8923
116.344 39.8924
116.344 39.8924
116.344 39.8926
116.344 39.8927
116.344 39.8929
116.344 39.8931
116.344 39.8933
116.344 39.8934
116.344 39.8936
116.344 39.8938
116.344 39.894
116.344 39.8942
116.344 39.8943
116.344 39.8945
116.344 39.8946
116.344 39.8947
116.344 39.8948
116.344 39.8948
116.344 39.8949
116.344 39.8949
116.344 39.8949
116.344 39.8949
116.344 39.8949
116.344 39.8949
116.344 39.895
116.344 39.895
116.344 39.8949
116.344 39.8949
116.344 39.8949
116.344 39.8949
116.344 39.8949
116.344 39.8949
116.344 39.8949
116.344 39.8949
116.344 39.8949
116.344 39.8949
116.344 39.8949
116.344 39.8949
116.344 39.8949
116.344 39.895
116.344 39.895
116.344 39.895
116.344 39.895
116.344 39.8951
116.344 39.8951
116.344 39.8952
116.344 39.8952
116.344 39.8952
116.344 39.8951
116.343 39.8951
116.343 39.895
116.343 39.895
116.343 39.895
116.343 39.895
116.343 39.895
116.343 39.8949
116.343 39.8949
116.343 39.895
116.343 39.8951
116.343 39.8953
116.343 39.8954
116.342 39.8956
116.342 39.8957
116.342 39.8959
116.342 39.896
116.342 39.8962
116.342 39.8964
116.342 39.8966
116.342 39.8968
116.342 39.8971
116.342 39.8973
116.342 39.8975
116.342 39.8977
116.342 39.8978
116.342 39.8979
116.342 39.898
116.342 39.898
116.342 39.898
116.342 39.898
116.342 39.898
116.342 39.898
116.342 39.898
116.342 39.898
116.342 39.898
116.342 39.898
116.342 39.8981
116.342 39.8981
116.342 39.8981
116.342 39.8981
116.342 39.8982
116.342 39.8982
116.342 39.8983
116.342 39.8983
116.342 39.8983
116.342 39.8983
116.342 39.8984
116.342 39.8984
116.342 39.8984
116.342 39.8985
116.342 39.8985
116.342 39.8985
116.342 39.8985
116.342 39.8985
116.342 39.8985
116.342 39.8986
116.342 39.8986
116.342 39.8986
116.342 39.8986
116.342 39.8986
116.342 39.8986
116.342 39.8986
116.342 39.8987
116.342 39.8987
116.342 39.8987
116.342 39.8987
116.342 39.8987
116.342 39.8988
116.342 39.8988
116.342 39.8989
116.342 39.8989
116.342 39.899
116.342 39.899
116.342 39.899
116.342 39.8991
116.342 39.8991
116.342 39.8991
116.342 39.8992
116.342 39.8992
116.342 39.8992
116.341 39.8992
116.341 39.8992
116.341 39.8993
116.341 39.8993
116.341 39.8993
116.341 39.8993
116.341 39.8993
116.341 39.8993
116.341 39.8994
116.341 39.8994
116.341 39.8994
116.341 39.8994
116.341 39.8994
116.341 39.8994
116.341 39.8994
116.341 39.8994
116.341 39.8994
116.341 39.8994
116.341 39.8994
116.341 39.8995
116.341 39.8995
116.341 39.8995
116.341 39.8995
116.341 39.8995
116.341 39.8995
116.341 39.8995
116.341 39.8995
116.341 39.8995
116.341 39.8995
116.341 39.8995
116.34 39.8995
116.34 39.8995
116.34 39.8995
116.341 39.8995
116.34 39.8995
116.34 39.8995
116.34 39.8995
116.34 39.8995
116.34 39.8995
116.34 39.8995
116.34 39.8995
116.34 39.8996
116.34 39.8996
116.341 39.8996
116.341 39.8996
116.341 39.8996
116.341 39.8996
116.341 39.8996
116.341 39.8997
116.341 39.8997
116.341 39.8997
116.341 39.8997
116.341 39.8997
