116.757 40.306
116.765 40.3123
116.884 40.3784
116.885 40.3798
116.886 40.3808
116.887 40.3827
116.887 40.3836
116.886 40.3841
116.886 40.3857
116.888 40.3879
116.888 40.3894
116.89 40.3917
116.908 40.3979
116.915 40.4009
116.921 40.4016
116.931 40.4079
116.933 40.4096
116.941 40.4087
116.95 40.4055
116.956 40.4052
116.962 40.4063
116.965 40.4082
116.967 40.4079
116.972 40.4072
116.977 40.4085
116.98 40.4102
116.983 40.4123
116.985 40.4134
116.991 40.4195
116.998 40.4344
117.003 40.4402
117.008 40.4445
117.012 40.45
117.012 40.4537
117.017 40.4582
117.02 40.4594
117.022 40.462
117.024 40.4634
117.027 40.4706
117.031 40.474
117.032 40.477
117.041 40.4835
117.043 40.4869
117.047 40.488
117.057 40.4982
117.062 40.5008
117.07 40.5084
117.075 40.5114
117.079 40.5132
117.086 40.5148
117.103 40.5256
117.104 40.5316
117.108 40.5368
117.111 40.5379
117.125 40.5391
117.131 40.5423
117.135 40.5446
117.139 40.5497
117.141 40.553
117.142 40.5542
117.149 40.5727
117.151 40.578
117.169 40.5998
117.171 40.604
117.171 40.6067
117.173 40.6099
117.175 40.6129
117.176 40.6151
117.176 40.622
117.175 40.6241
117.176 40.626
117.184 40.6294
117.186 40.6323
117.185 40.6361
117.186 40.6388
117.185 40.6428
117.186 40.6452
117.18 40.6504
117.176 40.6516
117.174 40.6543
117.172 40.6568
117.169 40.6582
117.16 40.6587
117.153 40.661
117.152 40.6628
117.153 40.6656
117.154 40.6679
117.152 40.6696
117.151 40.6713
117.153 40.6735
117.153 40.6761
117.158 40.6815
117.157 40.6878
117.157 40.6951
117.159 40.7002
117.163 40.706
117.168 40.7093
117.171 40.7124
117.175 40.7144
117.182 40.7167
117.183 40.7196
117.185 40.7208
117.193 40.7218
117.198 40.7193
117.2 40.7179
117.203 40.7178
117.208 40.7145
117.216 40.714
117.219 40.7124
117.237 40.7133
117.248 40.7092
117.255 40.7132
117.266 40.7157
117.269 40.7162
117.28 40.7117
117.288 40.7103
117.295 40.7102
117.3 40.7127
117.302 40.7156
117.301 40.7176
117.301 40.7215
117.302 40.7233
117.304 40.724
117.311 40.7271
117.313 40.7269
117.314 40.7278
117.316 40.7289
117.318 40.7291
117.318 40.7312
117.321 40.7343
117.322 40.7402
117.326 40.7445
117.329 40.7505
117.335 40.761
117.335 40.7649
117.333 40.7708
117.334 40.7743
117.336 40.78
117.344 40.8128
117.346 40.8172
117.351 40.8212
117.361 40.8251
117.38 40.8287
117.385 40.8319
117.39 40.8398
117.395 40.8445
117.405 40.8479
117.418 40.8462
117.426 40.8479
117.433 40.8504
117.441 40.8505
117.447 40.8494
117.454 40.8502
117.541 40.8743
117.547 40.8729
117.551 40.8733
117.557 40.8761
117.562 40.8758
117.567 40.874
117.573 40.8748
117.577 40.8787
117.584 40.8822
117.587 40.8863
117.602 40.889
117.611 40.8933
117.616 40.8947
117.62 40.8965
117.626 40.8959
117.633 40.893
117.64 40.8935
117.652 40.8954
117.66 40.8944
117.668 40.892
117.679 40.8847
117.683 40.8796
117.688 40.8775
117.713 40.8826
117.72 40.8863
117.726 40.8907
117.732 40.8917
117.739 40.8898
117.748 40.8912
117.756 40.8903
117.904 40.8984
117.911 40.8985
117.917 40.9015
117.919 40.9066
117.925 40.9097
117.932 40.9098
117.943 40.9079
117.95 40.9073
117.952 40.9089
117.95 40.9121
117.95 40.9139
117.95 40.9153
117.952 40.9196
117.956 40.9265
117.958 40.9386
117.957 40.943
117.954 40.9565
117.952 40.9586
117.949 40.96
117.945 40.9603
117.942 40.9616
117.94 40.9635
117.94 40.9697
117.941 40.9741
117.906 40.9897
117.903 40.9902
117.896 40.9907
117.892 40.9898
117.885 40.9881
117.859 40.9832
117.855 40.9821
117.851 40.982
117.847 40.9807
117.843 40.9786
117.84 40.9785
117.836 40.9794
117.829 40.9789
117.825 40.9794
117.824 40.9793
117.819 40.9793
117.818 40.9803
117.82 40.984
117.824 40.9914
117.825 40.9927
117.827 40.9944
117.825 40.9989
117.824 41.0026
117.817 41.0064
117.815 41.0107
117.812 41.0135
117.789 41.1112
117.788 41.1159
117.79 41.1209
117.79 41.1258
117.791 41.1313
117.788 41.1348
117.787 41.143
117.789 41.1485
117.789 41.1523
117.793 41.1577
117.795 41.1598
117.795 41.1627
117.795 41.165
117.794 41.1687
117.794 41.1722
117.794 41.1773
117.795 41.1853
117.793 41.1889
117.789 41.1934
117.789 41.1982
117.789 41.2084
117.789 41.2126
117.791 41.2168
117.792 41.2209
117.8 41.229
117.803 41.2318
117.805 41.2343
117.811 41.237
117.819 41.2437
117.827 41.2494
117.855 41.2547
117.857 41.2571
117.855 41.2612
117.853 41.2626
117.848 41.2662
117.845 41.2678
117.843 41.2689
117.838 41.2727
117.834 41.2743
117.827 41.2748
117.819 41.2764
117.816 41.2786
117.816 41.2817
117.783 41.3299
117.78 41.3322
117.774 41.3336
117.763 41.3358
117.758 41.3358
117.753 41.3389
117.749 41.3441
117.747 41.3483
117.746 41.3512
117.747 41.3553
117.751 41.3569
117.754 41.358
117.755 41.3609
117.756 41.3609
117.756 41.3612
117.757 41.3662
117.756 41.3693
117.747 41.3732
117.739 41.382
117.738 41.3854
117.735 41.39
117.727 41.4036
117.726 41.411
117.724 41.4154
117.724 41.4216
117.722 41.4271
117.741 41.4567
117.741 41.4612
117.743 41.4675
117.744 41.4703
117.748 41.4731
117.749 41.4995
117.746 41.5029
117.745 41.5069
117.747 41.5098
117.744 41.5233
117.743 41.5284
117.744 41.5331
117.752 41.5559
117.755 41.5603
117.759 41.5655
117.761 41.57
117.759 41.584
117.762 41.5883
117.778 41.6233
117.78 41.6296
117.78 41.6326
117.78 41.6375
117.784 41.6418
117.79 41.6462
117.797 41.6534
117.806 41.6562
117.852 41.6874
117.858 41.6889
117.862 41.6947
117.858 41.7036
117.854 41.7067
117.853 41.7092
117.856 41.7122
117.857 41.717
117.854 41.7194
117.855 41.7234
117.84 41.7447
117.839 41.7497
117.833 41.7541
117.83 41.7585
117.829 41.7623
117.828 41.7664
117.824 41.7707
117.824 41.7748
117.829 41.779
117.831 41.7843
117.833 41.7876
117.835 41.7928
117.838 41.7974
117.814 41.8402
117.814 41.8464
117.812 41.8515
117.809 41.8569
117.806 41.8629
117.803 41.8662
117.8 41.8725
117.796 41.8773
117.794 41.8829
117.789 41.8924
117.788 41.8976
117.788 41.9037
117.787 41.906
117.779 41.9131
117.772 41.918
117.768 41.9258
117.757 41.9236
117.756 41.9254
117.756 41.9271
117.755 41.9299
117.755 41.9308
117.755 41.9324
117.755 41.9328
117.755 41.9331
117.754 41.9325
117.755 41.9327
117.754 41.9324
117.755 41.933
117.755 41.9328
117.756 41.925
117.757 41.9237
117.763 41.9247
117.767 41.9261
117.768 41.9305
117.77 41.934
117.77 41.9447
117.766 41.9519
117.756 41.9719
117.75 41.9751
117.743 41.9784
117.711 41.9856
117.704 41.9891
117.697 41.9905
117.688 41.9973
117.685 41.9982
117.679 41.9975
117.685 41.9981
117.686 41.9979
117.683 41.9981
117.682 41.9993
117.679 42.0059
117.675 42.0163
117.673 42.0187
117.671 42.0235
117.67 42.0296
117.668 42.033
117.668 42.0358
117.666 42.0379
117.666 42.0423
117.665 42.0441
117.666 42.0462
117.666 42.0483
117.666 42.0502
117.665 42.055
117.664 42.062
117.663 42.0645
117.66 42.0863
117.659 42.0891
117.654 42.0939
117.653 42.096
117.653 42.0972
117.653 42.0991
117.652 42.1014
117.641 42.1071
117.636 42.1073
117.631 42.1091
117.628 42.1095
117.625 42.1091
117.623 42.1111
117.617 42.1131
117.614 42.1165
117.61 42.1167
117.6 42.1197
117.598 42.1213
117.594 42.1232
117.59 42.1233
117.566 42.1463
117.562 42.1482
117.56 42.1528
117.559 42.1575
117.557 42.1615
117.554 42.1719
117.554 42.1754
117.552 42.1781
117.547 42.1807
117.544 42.184
117.543 42.188
117.543 42.1908
117.536 42.2002
117.532 42.2038
117.524 42.2082
117.521 42.2106
117.517 42.2122
117.514 42.2155
117.51 42.2179
117.508 42.2227
117.504 42.2304
117.505 42.2331
117.502 42.2358
117.501 42.2409
117.5 42.2433
117.494 42.2471
117.49 42.2527
117.488 42.2566
117.49 42.2602
117.491 42.2651
117.493 42.2689
117.498 42.2732
117.504 42.2767
117.512 42.28
117.513 42.2821
117.515 42.283
117.514 42.2857
117.516 42.2893
117.514 42.2945
117.513 42.2998
117.505 42.3085
117.504 42.309
117.505 42.3104
117.506 42.3129
117.508 42.3161
117.508 42.3174
117.507 42.3181
117.508 42.3203
117.508 42.3223
117.508 42.3246
117.507 42.3261
117.507 42.3281
117.508 42.3302
117.51 42.3332
117.512 42.335
117.512 42.336
117.513 42.3349
117.514 42.3359
117.513 42.337
117.512 42.3381
117.511 42.3389
117.509 42.3383
117.51 42.3391
117.511 42.3398
117.509 42.34
117.51 42.343
117.511 42.3451
117.511 42.3458
117.509 42.3471
117.509 42.348
117.509 42.3462
117.506 42.3464
117.505 42.3466
117.503 42.3468
117.502 42.3479
117.501 42.3466
117.502 42.3455
117.501 42.3456
117.499 42.3464
117.497 42.3474
117.494 42.3509
117.494 42.3528
117.496 42.3561
117.498 42.3574
117.498 42.3595
117.497 42.3649
117.497 42.3665
117.497 42.3672
117.492 42.3651
117.49 42.3646
117.489 42.3642
117.487 42.364
117.484 42.363
117.481 42.3634
117.479 42.3634
117.477 42.3639
117.473 42.3652
117.47 42.3665
117.469 42.3679
117.466 42.3694
117.463 42.3711
117.461 42.371
117.459 42.371
117.454 42.37
117.452 42.3694
117.449 42.3678
117.446 42.3659
117.442 42.3627
117.44 42.361
117.438 42.3606
117.438 42.359
117.439 42.3588
117.439 42.3579
117.44 42.3563
117.437 42.3559
117.435 42.3556
117.434 42.355
117.434 42.3537
117.431 42.354
117.423 42.3565
117.421 42.3561
117.418 42.3562
117.415 42.3542
117.415 42.3525
117.415 42.3509
117.265 42.4293
117.264 42.4316
117.266 42.4359
117.266 42.4386
117.268 42.4409
117.274 42.4525
117.275 42.4586
117.273 42.4622
117.269 42.4646
117.268 42.4676
117.268 42.4683
117.269 42.4689
117.27 42.4756
117.271 42.4793
117.271 42.4803
117.271 42.4821
117.271 42.4825
117.271 42.4804
117.271 42.4786
117.27 42.4771
117.269 42.4731
117.269 42.4673
117.269 42.466
117.272 42.4636
117.275 42.4601
117.274 42.4518
117.269 42.4407
117.268 42.4398
117.266 42.4396
117.267 42.4398
117.265 42.434
117.264 42.4315
117.266 42.4281
117.266 42.4233
117.266 42.4198
117.267 42.4172
117.261 42.4149
117.258 42.4177
117.261 42.4153
117.257 42.4127
117.257 42.4091
117.257 42.4062
117.253 42.4061
117.251 42.4061
117.25 42.4106
117.25 42.4147
117.249 42.4158
117.246 42.4185
117.242 42.4224
117.241 42.4241
117.239 42.4278
117.238 42.429
117.238 42.4296
117.24 42.4308
117.239 42.4306
117.239 42.4302
117.238 42.4301
117.238 42.4298
117.238 42.4302
117.238 42.4299
117.237 42.4298
117.238 42.4299
117.238 42.43
117.238 42.4297
117.239 42.4284
117.241 42.4251
117.241 42.4239
117.242 42.4223
117.244 42.42
117.25 42.4154
117.25 42.4132
117.25 42.4088
117.251 42.4071
117.254 42.4061
117.257 42.406
117.257 42.4067
117.257 42.4078
117.257 42.4062
117.257 42.4037
117.259 42.4031
117.258 42.4026
117.258 42.4022
