116.327 39.9849
116.327 39.9849
116.327 39.9849
116.327 39.9849
116.327 39.9849
116.327 39.9849
116.327 39.9849
116.327 39.985
116.327 39.9849
116.327 39.9851
116.327 39.9853
116.327 39.9856
116.327 39.9859
116.327 39.9861
116.327 39.9864
116.327 39.9867
116.327 39.9869
116.327 39.9872
116.327 39.9875
116.327 39.9878
116.327 39.988
116.327 39.9883
116.327 39.9885
116.327 39.9888
116.327 39.9891
116.327 39.9894
116.327 39.9896
116.327 39.9899
116.327 39.9901
116.327 39.9904
116.327 39.9907
116.327 39.9909
116.327 39.9911
116.327 39.9913
116.327 39.9915
116.327 39.9917
116.327 39.9919
116.327 39.9921
116.327 39.9922
116.327 39.9922
116.327 39.9922
116.327 39.9922
116.327 39.9922
116.327 39.9921
116.327 39.9921
116.327 39.9921
116.327 39.9921
116.327 39.9921
116.327 39.9921
116.327 39.9921
116.327 39.9921
116.327 39.9922
116.327 39.9922
116.327 39.9922
116.327 39.9922
116.327 39.9922
116.327 39.9922
116.327 39.9922
116.327 39.9922
116.327 39.9922
116.327 39.9922
116.327 39.9922
116.327 39.9922
116.327 39.9922
116.327 39.9922
116.327 39.9922
116.327 39.9922
116.327 39.9922
116.327 39.9922
116.327 39.9922
116.327 39.9922
116.327 39.9922
116.327 39.9922
116.327 39.9922
116.327 39.9922
116.327 39.9922
116.327 39.9922
116.327 39.9922
116.327 39.9923
116.327 39.9923
116.327 39.9924
116.327 39.9926
116.327 39.9927
116.327 39.9929
116.327 39.9931
116.327 39.9933
116.327 39.9934
116.327 39.9936
116.327 39.9938
116.327 39.9939
116.327 39.9941
116.327 39.9942
116.327 39.9943
116.327 39.9945
116.327 39.9947
116.327 39.9949
116.327 39.995
116.327 39.9952
116.327 39.9954
116.327 39.9956
116.327 39.9958
116.327 39.996
116.327 39.9962
116.327 39.9963
116.327 39.9965
116.327 39.9966
116.327 39.9968
116.327 39.9969
116.327 39.9971
116.327 39.9972
116.327 39.9974
116.327 39.9976
116.327 39.9978
116.327 39.9979
116.327 39.9981
116.327 39.9982
116.327 39.9984
116.327 39.9985
116.327 39.9987
116.327 39.9989
116.327 39.999
116.327 39.9992
116.327 39.9993
116.327 39.9995
116.327 39.9996
116.326 39.9998
116.326 39.9999
116.326 39.9999
116.326 39.9998
116.326 39.9998
116.325 39.9999
116.325 39.9999
116.325 39.9999
116.325 39.9999
116.325 39.9998
116.324 39.9998
116.324 39.9998
116.324 39.9998
116.324 39.9998
116.324 39.9998
116.323 39.9998
116.323 39.9997
116.323 39.9997
116.323 39.9997
116.322 39.9997
116.322 39.9997
116.322 39.9998
116.322 40
116.322 40.0001
116.322 40.0003
116.322 40.0005
116.322 40.0006
116.322 40.0008
116.322 40.001
116.322 40.0012
116.322 40.0013
116.322 40.0015
116.322 40.0016
116.322 40.0018
116.322 40.002
116.322 40.0021
116.322 40.0023
116.322 40.0025
116.322 40.0027
116.322 40.0028
116.322 40.0029
116.322 40.0031
116.322 40.0033
116.322 40.0034
116.322 40.0036
116.322 40.0038
116.322 40.004
116.322 40.0042
116.322 40.0044
116.321 40.0046
116.321 40.0048
116.321 40.0048
116.321 40.0049
116.321 40.005
116.321 40.0052
116.321 40.0053
116.321 40.0055
116.321 40.0057
116.321 40.0059
116.321 40.0061
116.321 40.0063
116.321 40.0065
116.321 40.0066
116.321 40.0068
116.321 40.0069
116.321 40.007
116.321 40.0071
116.321 40.0072
116.321 40.0074
116.321 40.0075
116.321 40.0077
116.321 40.0078
116.321 40.008
116.321 40.0082
116.321 40.0083
116.321 40.0085
116.321 40.0087
116.321 40.0088
116.321 40.0089
116.321 40.009
116.321 40.0091
116.321 40.0092
116.321 40.0092
116.321 40.0093
116.321 40.0094
116.321 40.0095
116.32 40.0096
116.32 40.0097
116.32 40.0098
116.32 40.0099
116.32 40.0099
116.32 40.0099
116.32 40.0099
116.32 40.0099
116.32 40.0099
116.32 40.0099
116.32 40.0099
116.32 40.0099
116.32 40.0099
116.32 40.01
116.32 40.0099
116.32 40.0099
116.32 40.0099
116.32 40.0099
116.32 40.0099
116.321 40.0098
116.321 40.0098
116.321 40.0097
116.321 40.0097
116.321 40.0097
116.321 40.0098
116.32 40.0102
116.321 40.0099
116.32 40.01
116.32 40.01
116.32 40.01
116.32 40.01
116.32 40.0099
116.32 40.0099
116.32 40.0099
116.32 40.0099
116.32 40.0099
116.32 40.0099
116.32 40.0099
116.32 40.01
116.32 40.01
116.32 40.01
116.32 40.0099
116.32 40.0099
116.32 40.0099
116.32 40.0099
116.32 40.0099
116.32 40.0099
116.32 40.0099
116.32 40.0099
116.32 40.0097
116.32 40.0096
116.32 40.0096
116.321 40.0097
116.321 40.0098
116.321 40.0099
116.321 40.01
116.321 40.01
116.321 40.0102
116.321 40.0103
116.322 40.0103
116.322 40.0103
116.322 40.0104
116.322 40.0104
116.322 40.0104
116.322 40.0104
116.322 40.0103
116.322 40.0103
116.322 40.0102
116.322 40.0101
116.323 40.01
116.323 40.0099
116.323 40.0097
116.323 40.0096
116.323 40.0096
116.323 40.0096
116.323 40.0096
116.323 40.0096
116.324 40.0096
116.324 40.0096
116.324 40.0096
116.324 40.0094
116.324 40.0093
116.324 40.0091
116.324 40.009
116.324 40.0088
116.324 40.0087
116.324 40.0085
116.324 40.0084
116.324 40.0083
116.324 40.0081
116.324 40.008
116.324 40.0079
116.324 40.0078
116.324 40.0077
116.324 40.0076
116.324 40.0074
116.324 40.0072
116.324 40.0071
116.324 40.0069
116.324 40.0068
116.324 40.0067
116.324 40.0065
116.324 40.0064
116.324 40.0062
116.324 40.0061
116.324 40.006
116.324 40.0058
116.324 40.0057
116.324 40.0056
116.324 40.0054
116.324 40.0054
116.325 40.0054
116.325 40.0054
116.325 40.0054
116.325 40.0054
116.325 40.0055
116.325 40.0055
116.325 40.0056
116.325 40.0056
116.325 40.0057
116.325 40.0057
116.325 40.0058
116.325 40.0058
116.325 40.0059
116.326 40.006
116.326 40.0062
116.326 40.0062
