116.334 39.9886
116.334 39.9886
116.334 39.9885
116.334 39.9885
116.334 39.9885
116.334 39.9885
116.334 39.9885
116.334 39.9885
116.334 39.9885
116.334 39.9885
116.334 39.9884
116.334 39.9884
116.334 39.9883
116.334 39.9882
116.334 39.9882
116.334 39.9881
116.334 39.9881
116.334 39.9881
116.334 39.9881
116.334 39.988
116.334 39.988
116.334 39.988
116.334 39.988
116.334 39.988
116.334 39.9879
116.334 39.9879
116.334 39.9878
116.334 39.9878
116.334 39.9878
116.334 39.9878
116.334 39.9877
116.334 39.9877
116.334 39.9877
116.334 39.9876
116.334 39.9876
116.334 39.9875
116.334 39.9873
116.334 39.9872
116.334 39.9872
116.334 39.9872
116.334 39.9872
116.334 39.9872
116.334 39.9872
116.334 39.9872
116.334 39.9872
116.334 39.9871
116.334 39.9871
116.334 39.9871
116.334 39.9871
116.334 39.9871
116.334 39.9871
116.335 39.9872
116.335 39.9871
116.334 39.987
116.334 39.987
116.334 39.987
116.334 39.987
116.334 39.987
116.334 39.9869
116.334 39.9869
116.334 39.9869
116.334 39.9869
116.334 39.9869
116.334 39.9868
116.334 39.9867
116.334 39.9866
116.334 39.9865
116.334 39.9865
116.334 39.9865
116.334 39.9865
116.334 39.9865
116.334 39.9865
116.334 39.9864
116.334 39.9862
116.334 39.9862
116.334 39.9862
116.334 39.9862
116.334 39.9862
116.334 39.9862
116.334 39.9862
116.334 39.9862
116.334 39.9862
116.334 39.9861
116.334 39.9861
116.334 39.9861
116.334 39.9861
116.334 39.986
116.334 39.986
116.334 39.9859
116.334 39.9859
116.334 39.9858
116.334 39.9857
116.334 39.9856
116.334 39.9856
116.334 39.9856
116.334 39.9856
116.334 39.9856
116.334 39.9856
116.334 39.9856
116.335 39.9856
116.335 39.9856
116.335 39.9855
116.335 39.9855
116.334 39.9855
116.334 39.9854
116.334 39.9854
116.334 39.9853
116.334 39.9853
116.334 39.9852
116.334 39.9851
116.334 39.9851
116.334 39.9852
116.334 39.9852
116.334 39.9852
116.334 39.9852
116.334 39.9852
116.334 39.9851
116.334 39.9851
116.334 39.9851
116.334 39.985
116.334 39.985
116.334 39.985
116.334 39.985
116.334 39.9849
116.334 39.9849
116.334 39.9849
116.334 39.9849
116.334 39.9848
116.334 39.9848
116.334 39.9848
116.334 39.9848
116.334 39.9848
116.334 39.9847
116.334 39.9847
116.334 39.9846
116.334 39.9846
116.334 39.9846
116.334 39.9845
116.334 39.9844
116.334 39.9844
116.334 39.9844
116.334 39.9844
116.334 39.9843
116.334 39.9843
116.334 39.9843
116.334 39.9842
116.334 39.9842
116.334 39.9841
116.334 39.9841
116.334 39.9841
116.334 39.984
116.334 39.984
116.334 39.984
116.334 39.984
116.334 39.9839
116.334 39.9839
116.334 39.9839
116.334 39.9839
116.334 39.9838
116.334 39.9838
116.334 39.9838
116.334 39.9838
116.334 39.9838
116.334 39.9838
116.334 39.9838
116.334 39.9837
116.334 39.9837
116.334 39.9837
116.334 39.9837
116.334 39.9836
116.334 39.9836
116.334 39.9836
116.334 39.9836
116.334 39.9835
116.334 39.9835
116.334 39.9835
116.334 39.9834
116.334 39.9834
116.334 39.9834
116.334 39.9833
116.334 39.9833
116.334 39.9833
116.334 39.9833
116.334 39.9833
116.334 39.9832
116.334 39.9832
116.334 39.9832
116.334 39.9832
116.334 39.9832
116.334 39.9831
116.334 39.9831
116.334 39.9831
116.334 39.9831
116.334 39.983
116.334 39.983
116.334 39.983
116.334 39.983
116.334 39.9829
116.334 39.9829
116.334 39.9829
116.335 39.9829
116.335 39.9829
116.334 39.9829
116.334 39.9828
116.334 39.9828
116.334 39.9828
116.335 39.9828
116.334 39.9827
116.334 39.9827
116.334 39.9827
116.334 39.9826
116.334 39.9826
116.334 39.9826
116.334 39.9826
116.335 39.9826
116.335 39.9826
116.335 39.9825
116.335 39.9825
116.335 39.9825
116.335 39.9825
116.335 39.9825
116.335 39.9825
116.335 39.9825
116.335 39.9824
116.335 39.9824
116.335 39.9824
116.335 39.9824
116.335 39.9823
116.335 39.9823
116.335 39.9822
116.334 39.9822
116.334 39.9822
116.335 39.9822
116.335 39.9821
116.335 39.9821
116.335 39.9821
116.335 39.982
116.335 39.982
116.335 39.982
116.335 39.9819
116.335 39.9819
116.335 39.9819
116.335 39.9819
116.335 39.9819
116.335 39.9818
116.335 39.9818
116.335 39.9818
116.335 39.9818
116.335 39.9817
116.335 39.9817
116.335 39.9817
116.335 39.9817
116.335 39.9816
116.335 39.9816
116.335 39.9816
116.335 39.9816
116.335 39.9816
116.335 39.9815
116.335 39.9815
116.335 39.9815
116.335 39.9815
116.335 39.9814
116.335 39.9814
116.335 39.9814
116.335 39.9814
116.335 39.9813
116.335 39.9813
116.335 39.9813
116.335 39.9813
116.335 39.9812
116.335 39.9812
116.335 39.9812
116.335 39.9811
116.335 39.9811
116.335 39.9811
116.335 39.9811
116.335 39.9811
116.335 39.981
116.335 39.981
116.335 39.981
116.335 39.981
116.335 39.981
116.335 39.9809
116.335 39.9809
116.335 39.9809
116.335 39.9809
116.335 39.9808
116.335 39.9808
116.335 39.9808
116.335 39.9808
116.335 39.9808
116.335 39.9807
116.335 39.9807
116.335 39.9807
116.335 39.9807
116.335 39.9806
116.335 39.9806
116.335 39.9806
116.335 39.9806
116.335 39.9806
116.335 39.9805
116.335 39.9805
116.335 39.9805
116.335 39.9805
116.335 39.9804
116.335 39.9804
116.335 39.9804
116.335 39.9804
116.335 39.9803
116.335 39.9803
116.335 39.9803
116.335 39.9803
116.335 39.9802
116.335 39.9802
116.335 39.9802
116.335 39.9802
116.335 39.9802
116.335 39.9801
116.335 39.9801
116.335 39.9801
116.335 39.9801
116.335 39.9801
116.335 39.98
116.335 39.98
116.335 39.98
116.335 39.9799
116.335 39.9799
116.335 39.9799
116.335 39.9799
116.335 39.9799
116.335 39.9798
116.335 39.9798
116.335 39.9798
116.335 39.9798
116.335 39.9797
116.335 39.9797
116.335 39.9797
116.335 39.9797
116.335 39.9796
116.335 39.9796
116.335 39.9796
116.335 39.9796
116.335 39.9795
116.335 39.9795
116.335 39.9795
116.335 39.9795
116.335 39.9794
116.335 39.9794
116.335 39.9794
116.335 39.9794
116.335 39.9793
116.335 39.9793
116.335 39.9793
116.335 39.9793
116.335 39.9793
116.335 39.9792
116.335 39.9792
116.335 39.9792
116.335 39.9792
116.335 39.9791
116.335 39.9791
116.335 39.9791
116.335 39.9791
116.335 39.979
116.335 39.979
116.335 39.979
116.335 39.979
116.335 39.9789
116.335 39.9789
116.335 39.9789
116.335 39.9789
116.335 39.9788
116.335 39.9788
116.335 39.9788
116.335 39.9788
116.335 39.9787
116.335 39.9787
116.335 39.9787
116.335 39.9787
116.335 39.9786
116.335 39.9786
116.335 39.9786
116.335 39.9786
116.335 39.9786
116.335 39.9785
116.335 39.9785
116.335 39.9785
116.335 39.9784
116.335 39.9784
116.335 39.9784
116.335 39.9784
116.335 39.9784
116.335 39.9783
116.335 39.9783
116.335 39.9783
116.335 39.9783
116.335 39.9783
116.335 39.9782
116.335 39.9782
116.335 39.9782
116.335 39.9782
116.335 39.9781
116.335 39.9781
116.335 39.9781
116.335 39.9781
116.335 39.9781
116.335 39.978
116.335 39.978
116.335 39.978
116.335 39.978
116.335 39.9779
116.335 39.9779
116.335 39.9779
116.335 39.9779
116.335 39.9778
116.335 39.9778
116.335 39.9778
116.335 39.9778
116.335 39.9777
116.335 39.9777
116.335 39.9777
116.335 39.9777
116.335 39.9776
116.335 39.9776
116.335 39.9776
116.335 39.9776
116.335 39.9776
116.335 39.9776
116.335 39.9776
116.335 39.9775
116.335 39.9775
116.335 39.9775
116.335 39.9775
116.335 39.9774
116.335 39.9774
116.335 39.9774
116.335 39.9774
116.335 39.9774
116.335 39.9773
116.335 39.9773
116.335 39.9773
116.335 39.9773
116.335 39.9773
116.335 39.9773
116.335 39.9774
116.335 39.9774
116.334 39.9773
116.334 39.9774
116.334 39.9774
116.334 39.9774
116.334 39.9774
116.334 39.9774
116.334 39.9773
116.334 39.9773
116.334 39.9773
116.334 39.9773
116.334 39.9773
116.334 39.9773
116.334 39.9773
116.334 39.9773
116.334 39.9773
116.334 39.9773
116.334 39.9773
116.334 39.9773
116.334 39.9773
116.334 39.9773
116.334 39.9772
116.334 39.9772
116.334 39.9771
116.334 39.9771
116.334 39.9771
116.334 39.977
116.334 39.977
116.334 39.977
116.334 39.977
116.334 39.9769
116.334 39.9769
116.334 39.9769
116.334 39.9769
116.334 39.9768
116.334 39.9768
116.334 39.9768
116.334 39.9768
116.334 39.9767
116.334 39.9767
116.334 39.9767
116.334 39.9767
116.334 39.9767
116.334 39.9766
116.334 39.9766
116.334 39.9766
116.334 39.9766
116.334 39.9765
116.334 39.9765
116.334 39.9765
116.334 39.9765
116.334 39.9764
116.334 39.9764
116.334 39.9764
116.334 39.9764
116.334 39.9763
116.334 39.9763
116.334 39.9763
116.334 39.9763
116.334 39.9762
116.334 39.9762
116.334 39.9762
116.334 39.9762
116.334 39.9762
116.334 39.9761
116.334 39.9761
116.334 39.9761
116.334 39.9761
116.334 39.9761
116.334 39.976
116.334 39.976
116.334 39.976
116.334 39.976
116.334 39.9759
116.334 39.9759
116.334 39.9759
116.334 39.9759
116.334 39.9758
116.334 39.9758
116.334 39.9758
116.334 39.9758
116.334 39.9758
116.334 39.9757
116.334 39.9757
116.334 39.9757
116.334 39.9757
116.334 39.9756
116.334 39.9756
116.334 39.9756
116.334 39.9756
116.334 39.9755
116.334 39.9755
116.334 39.9755
116.334 39.9755
116.334 39.9755
116.334 39.9755
116.334 39.9754
116.334 39.9754
116.334 39.9754
116.334 39.9754
116.334 39.9753
116.334 39.9753
116.334 39.9753
116.334 39.9753
116.334 39.9753
116.334 39.9753
116.335 39.9753
116.335 39.9753
116.335 39.9753
116.335 39.9753
116.335 39.9752
116.334 39.9752
116.334 39.9752
116.334 39.9752
116.334 39.9752
116.334 39.9752
116.334 39.9752
116.334 39.9752
116.334 39.9752
116.334 39.9752
116.334 39.9752
116.334 39.9752
116.333 39.9753
116.333 39.9753
116.333 39.9753
116.333 39.9753
116.333 39.9753
116.333 39.9753
116.333 39.9753
116.333 39.9753
116.333 39.9753
116.333 39.9753
116.333 39.9753
116.333 39.9753
116.333 39.9753
116.333 39.9754
116.333 39.9754
116.333 39.9754
116.333 39.9754
116.333 39.9754
116.333 39.9754
116.333 39.9754
116.333 39.9754
116.333 39.9754
116.333 39.9754
116.333 39.9754
116.333 39.9754
116.333 39.9754
116.332 39.9754
116.332 39.9754
116.332 39.9754
116.332 39.9754
116.332 39.9754
116.332 39.9754
116.332 39.9754
116.332 39.9754
116.332 39.9754
116.332 39.9754
116.332 39.9754
116.332 39.9754
116.332 39.9754
116.332 39.9754
116.332 39.9754
116.332 39.9754
116.332 39.9754
116.332 39.9754
116.332 39.9754
116.332 39.9754
116.332 39.9755
116.332 39.9755
116.332 39.9755
116.332 39.9756
116.332 39.9756
116.332 39.9756
116.332 39.9757
116.332 39.9757
116.332 39.9757
116.332 39.9757
116.332 39.9757
116.332 39.9757
116.331 39.9757
116.331 39.9757
116.331 39.9756
116.331 39.9756
116.331 39.9756
116.331 39.9756
116.331 39.9756
116.331 39.9756
116.331 39.9756
116.331 39.9756
116.331 39.9756
116.331 39.9756
116.331 39.9756
116.331 39.9757
116.331 39.9757
116.331 39.9757
116.331 39.9757
116.331 39.9757
116.331 39.9757
116.331 39.9757
116.331 39.9757
116.331 39.9757
116.331 39.9757
