116.286 39.9583
116.286 39.9583
116.286 39.9583
116.286 39.9583
116.286 39.9584
116.287 39.9584
116.287 39.9584
116.288 39.9582
116.288 39.9576
116.288 39.9569
116.289 39.9561
116.288 39.9556
116.288 39.9559
116.288 39.9562
116.288 39.9566
116.288 39.9569
116.289 39.957
116.29 39.9572
116.291 39.9575
116.292 39.9577
116.292 39.9577
116.293 39.9578
116.293 39.9578
116.294 39.958
116.294 39.958
116.294 39.9581
116.295 39.9583
116.296 39.9584
116.296 39.9584
116.296 39.9584
116.296 39.9584
116.296 39.9584
116.296 39.9584
116.296 39.9585
116.296 39.9585
116.296 39.9586
116.296 39.9586
116.296 39.9586
116.296 39.9586
116.296 39.9586
116.296 39.9586
116.296 39.9586
116.296 39.9586
116.296 39.9586
116.297 39.9586
116.297 39.9587
116.297 39.9589
116.298 39.9591
116.298 39.9592
116.298 39.9592
116.298 39.9592
116.298 39.9593
116.298 39.9593
116.298 39.9593
116.298 39.9593
116.298 39.9593
116.298 39.9593
116.299 39.9593
116.299 39.9593
116.299 39.9593
116.299 39.9593
116.299 39.9593
116.299 39.9593
116.299 39.9593
116.299 39.9594
116.299 39.9595
116.299 39.9597
116.299 39.9597
116.3 39.9597
116.3 39.9598
116.3 39.9598
116.3 39.9598
116.3 39.9598
116.3 39.9598
116.3 39.9599
116.3 39.9599
116.3 39.9601
116.3 39.9601
116.3 39.9602
116.3 39.9602
116.3 39.9602
116.3 39.9602
116.3 39.9602
116.3 39.9602
116.301 39.9602
116.301 39.9602
116.301 39.9602
116.301 39.9602
116.301 39.9603
116.301 39.9604
116.302 39.9608
116.302 39.961
116.303 39.9611
116.303 39.9611
116.303 39.9612
116.303 39.9613
116.303 39.9613
116.303 39.9613
116.304 39.9613
116.304 39.9613
116.304 39.9614
116.304 39.9615
116.304 39.9617
116.305 39.9619
116.305 39.962
116.306 39.962
116.306 39.9621
116.307 39.9624
116.307 39.9627
116.308 39.9629
116.308 39.9632
116.309 39.9635
116.31 39.9638
116.311 39.9641
116.312 39.9645
116.313 39.9649
116.314 39.9654
116.316 39.9657
116.317 39.9658
116.318 39.9658
116.319 39.9658
116.32 39.9658
116.321 39.9659
116.321 39.9659
116.322 39.9659
116.323 39.9658
116.324 39.9658
116.324 39.9659
116.325 39.9659
116.325 39.966
116.326 39.966
116.327 39.966
116.327 39.966
116.327 39.9661
116.327 39.9661
116.327 39.9661
116.328 39.9661
116.328 39.9662
116.328 39.9662
116.328 39.9662
116.328 39.9662
116.328 39.9662
116.328 39.9662
116.328 39.9662
116.328 39.9662
116.328 39.9662
116.328 39.9662
116.328 39.9662
116.328 39.9663
116.328 39.9665
116.328 39.9667
116.328 39.9673
116.328 39.968
116.328 39.9688
116.328 39.9697
116.328 39.9708
116.328 39.9718
116.328 39.9727
116.328 39.9734
116.328 39.974
116.328 39.9744
116.328 39.9745
116.328 39.9746
116.328 39.9746
116.328 39.9746
116.328 39.9746
116.328 39.9747
116.328 39.9749
116.328 39.9755
116.328 39.976
116.328 39.9765
116.328 39.9768
116.328 39.9768
116.328 39.9769
116.328 39.9769
116.328 39.9769
116.328 39.9769
116.329 39.9769
116.329 39.9769
116.329 39.9769
116.33 39.9769
116.33 39.9769
116.33 39.9769
116.331 39.977
116.331 39.977
116.332 39.977
116.332 39.9768
116.332 39.9762
116.332 39.9758
116.332 39.9757
116.331 39.9756
116.331 39.9756
116.33 39.9758
116.33 39.9757
116.331 39.9757
