116.323 40.0761
116.323 40.0761
116.323 40.0761
116.323 40.0762
116.323 40.0765
116.322 40.0767
116.322 40.0765
116.321 40.0762
116.32 40.0759
116.319 40.0757
116.319 40.0756
116.318 40.0756
116.318 40.0755
116.318 40.0754
116.318 40.0754
116.318 40.0754
116.318 40.0754
116.318 40.0753
116.317 40.0752
116.317 40.0751
116.317 40.0751
116.317 40.0751
116.317 40.0751
116.316 40.075
116.316 40.0748
116.316 40.0747
116.316 40.0746
116.316 40.0746
116.316 40.0746
116.316 40.0745
116.316 40.0746
116.316 40.0746
116.316 40.0746
116.316 40.0746
116.316 40.0746
116.316 40.0746
116.316 40.0746
116.316 40.0746
116.316 40.0746
116.316 40.0746
116.316 40.0746
116.316 40.0746
116.316 40.0747
116.316 40.0747
116.316 40.0747
116.316 40.0747
116.316 40.0747
116.316 40.0747
116.316 40.0747
116.316 40.0748
116.316 40.0748
116.316 40.0748
116.316 40.0747
116.316 40.0746
116.316 40.0745
116.315 40.0743
116.314 40.0742
116.314 40.0741
116.314 40.074
116.313 40.074
116.313 40.0739
116.313 40.0738
116.313 40.0738
116.313 40.0738
116.313 40.0738
116.313 40.0738
116.313 40.0738
116.312 40.0737
116.312 40.0737
116.312 40.0737
116.312 40.0737
116.312 40.0736
116.312 40.0736
116.312 40.0736
116.312 40.0736
116.312 40.0736
116.312 40.0736
116.312 40.0736
116.312 40.0735
116.312 40.0735
116.312 40.0734
116.312 40.0734
116.312 40.0734
116.311 40.0733
116.311 40.0733
116.311 40.0732
116.311 40.0731
116.311 40.073
116.31 40.073
116.31 40.0729
116.31 40.0729
116.31 40.0728
116.31 40.0728
116.31 40.0727
116.31 40.0727
116.309 40.0727
116.309 40.0726
116.309 40.0726
116.309 40.0725
116.309 40.0724
116.308 40.0723
116.308 40.0723
116.307 40.0725
116.307 40.0727
116.307 40.0728
116.307 40.073
116.307 40.0733
116.307 40.0736
116.306 40.0738
116.306 40.074
116.307 40.0743
116.307 40.0742
116.307 40.074
116.307 40.0733
116.308 40.0726
116.309 40.0719
116.309 40.0714
116.309 40.071
116.309 40.0705
116.31 40.0698
116.31 40.0693
116.31 40.0692
116.31 40.0692
116.31 40.0692
116.31 40.0691
116.31 40.069
116.311 40.0689
116.311 40.0688
116.311 40.0688
116.311 40.0688
116.311 40.0687
116.311 40.0686
116.311 40.0686
116.311 40.0684
116.312 40.068
116.313 40.067
116.313 40.066
116.314 40.0648
116.316 40.0629
116.317 40.0612
116.318 40.0602
116.319 40.0582
116.321 40.0562
116.322 40.0545
116.323 40.0534
116.324 40.0516
116.326 40.0494
116.328 40.0475
116.329 40.0454
116.331 40.0437
116.332 40.0418
116.333 40.0403
116.334 40.0396
116.334 40.039
116.335 40.0383
116.335 40.0375
116.336 40.0368
116.336 40.036
116.337 40.0351
116.338 40.0343
116.338 40.0334
116.339 40.0325
116.34 40.0315
116.341 40.0305
116.341 40.0296
116.342 40.0288
116.343 40.028
116.343 40.0272
116.344 40.0265
116.344 40.0259
116.345 40.0254
116.345 40.0249
116.345 40.0243
116.346 40.0235
116.347 40.0225
116.348 40.0215
116.348 40.0205
116.349 40.0195
116.35 40.0185
116.351 40.0175
116.352 40.0157
116.353 40.0139
116.354 40.0131
116.354 40.0123
116.355 40.0118
116.355 40.0116
116.355 40.0116
116.355 40.0115
116.355 40.0115
116.355 40.0115
116.355 40.0115
116.355 40.0114
116.355 40.0112
116.355 40.011
116.356 40.0105
116.356 40.0099
116.357 40.0096
116.357 40.0094
116.357 40.0093
116.357 40.0092
116.357 40.0091
116.357 40.0091
116.357 40.009
116.357 40.0088
116.357 40.0087
116.357 40.0085
116.358 40.0083
116.358 40.0081
116.358 40.008
116.358 40.0079
116.358 40.0076
116.359 40.0069
116.359 40.0062
116.36 40.0057
116.36 40.0055
116.36 40.0052
116.36 40.0048
116.361 40.0043
116.361 40.0038
116.361 40.0035
116.361 40.0034
116.361 40.0031
116.362 40.0029
116.362 40.0024
116.362 40.0021
116.362 40.0019
116.363 40.0016
116.363 40.0012
116.363 40.0007
116.364 40.0002
116.364 39.9998
116.364 39.9993
116.365 39.9988
116.365 39.9987
116.365 39.9985
116.365 39.9982
116.365 39.998
116.365 39.9979
116.366 39.9977
116.366 39.9975
116.366 39.997
116.367 39.9963
116.367 39.9958
116.367 39.9957
116.367 39.9957
116.367 39.9955
116.367 39.9953
116.368 39.9951
116.368 39.9946
116.368 39.9941
116.369 39.9935
116.369 39.9927
116.37 39.9917
116.371 39.9908
116.371 39.9903
116.371 39.9899
116.371 39.9893
116.371 39.9887
116.371 39.9885
116.371 39.9882
116.371 39.988
116.371 39.9878
116.37 39.9875
116.37 39.987
116.37 39.9866
116.369 39.9863
116.368 39.9863
116.367 39.9862
116.366 39.9862
116.365 39.9861
116.364 39.9861
116.363 39.9861
116.362 39.986
116.361 39.986
116.359 39.986
116.358 39.986
116.358 39.9859
116.357 39.9859
116.356 39.9858
116.355 39.9858
116.354 39.9858
116.352 39.9858
116.351 39.9857
116.35 39.9857
116.349 39.9857
116.347 39.9856
116.346 39.9856
116.345 39.9856
116.344 39.9855
116.341 39.9854
116.339 39.9854
116.338 39.9853
116.336 39.9853
116.335 39.9852
116.333 39.9851
116.331 39.985
116.329 39.9849
116.328 39.9849
116.326 39.9848
116.325 39.9848
116.323 39.9847
116.322 39.9847
116.321 39.9846
116.319 39.9846
116.318 39.9845
116.316 39.9845
116.315 39.9844
116.313 39.9844
116.312 39.9844
116.311 39.9843
116.31 39.9842
116.308 39.9843
116.307 39.9842
116.306 39.9842
116.305 39.9842
116.304 39.9842
116.303 39.9842
116.303 39.9842
116.302 39.9842
116.301 39.9841
116.3 39.9842
116.3 39.9844
116.3 39.9846
116.301 39.9848
116.302 39.9848
116.302 39.9847
116.302 39.9845
116.302 39.9842
116.302 39.9836
116.302 39.983
116.302 39.9822
116.302 39.9817
116.302 39.9814
116.302 39.9813
116.302 39.9813
116.302 39.9813
116.302 39.9813
116.302 39.9812
116.302 39.9812
116.302 39.9812
116.303 39.9811
116.303 39.9811
116.303 39.9811
116.303 39.9811
116.303 39.9812
116.303 39.9812
116.303 39.9812
116.303 39.9813
116.303 39.9815
116.303 39.9817
116.303 39.9821
116.303 39.9824
116.304 39.9825
116.304 39.9826
116.304 39.9825
116.304 39.9825
116.304 39.9826
116.304 39.9826
116.304 39.9827
116.305 39.9827
116.305 39.9826
116.306 39.9825
116.306 39.9827
116.306 39.9827
116.307 39.9827
116.307 39.9828
116.307 39.9828
116.307 39.9828
116.307 39.983
116.307 39.9834
116.307 39.9836
116.307 39.9837
116.307 39.9838
116.307 39.9838
116.308 39.9838
116.308 39.9839
116.308 39.9839
116.308 39.9839
116.308 39.9839
116.308 39.9838
116.308 39.9839
116.308 39.9839
116.309 39.9839
116.31 39.984
116.311 39.984
116.311 39.984
116.312 39.9841
116.312 39.9841
116.312 39.9841
116.312 39.9841
116.313 39.9841
116.313 39.9841
116.313 39.984
116.313 39.984
116.313 39.9841
116.314 39.9841
116.314 39.9841
116.315 39.9841
116.316 39.9841
116.317 39.9841
116.318 39.9842
116.318 39.9842
116.319 39.9842
116.32 39.9843
116.32 39.9843
116.321 39.9843
116.321 39.9843
116.321 39.9843
116.321 39.9843
116.321 39.9843
116.321 39.9843
116.321 39.9843
116.322 39.9844
116.323 39.9844
116.325 39.9844
116.326 39.9844
116.327 39.9845
116.327 39.9842
116.327 39.9834
116.327 39.9823
116.327 39.9812
116.327 39.9801
116.327 39.9795
116.327 39.9788
116.327 39.978
116.327 39.9775
116.327 39.9774
116.327 39.9774
116.327 39.9774
116.327 39.9772
116.327 39.9769
116.327 39.9767
116.327 39.9765
116.327 39.976
116.327 39.9757
116.328 39.9756
116.328 39.9755
116.328 39.9755
116.328 39.9757
116.328 39.9759
116.328 39.9764
116.328 39.9766
116.328 39.9766
116.328 39.9766
116.328 39.9767
116.328 39.9768
116.328 39.9768
116.328 39.9768
116.328 39.9768
116.328 39.9768
116.328 39.9768
116.328 39.9768
116.328 39.9768
116.328 39.9768
116.328 39.9768
116.328 39.9769
116.328 39.9769
116.328 39.9769
116.329 39.9769
116.329 39.9769
116.329 39.9769
116.329 39.9769
116.329 39.9769
116.33 39.9769
116.33 39.977
116.33 39.9771
116.33 39.9771
116.331 39.9771
116.331 39.9772
116.331 39.9771
116.331 39.9771
116.331 39.9771
116.331 39.9771
116.332 39.9771
116.332 39.977
116.332 39.977
116.332 39.9769
116.332 39.9766
116.332 39.9761
116.332 39.9758
116.331 39.9757
116.331 39.9757
116.33 39.9756
116.33 39.9755
