116.344 40.0354
116.344 40.0354
116.344 40.0354
116.344 40.0354
116.344 40.0354
116.344 40.0354
116.344 40.0354
116.344 40.0354
116.344 40.0354
116.344 40.0354
116.344 40.0354
116.344 40.0354
116.344 40.0354
116.344 40.0354
116.344 40.0354
116.344 40.0354
116.344 40.0354
116.344 40.0354
116.344 40.0354
116.344 40.0354
116.344 40.0354
116.344 40.0354
116.344 40.0355
116.344 40.0355
116.344 40.0356
116.344 40.0357
116.344 40.0359
116.343 40.036
116.343 40.0361
116.343 40.0362
116.343 40.0364
116.343 40.0365
116.343 40.0366
116.343 40.0367
116.343 40.0368
116.343 40.037
116.343 40.0371
116.343 40.0372
116.343 40.0374
116.343 40.0375
116.343 40.0376
116.343 40.0378
116.343 40.0379
116.343 40.0381
116.343 40.0382
116.343 40.0383
116.343 40.0384
116.343 40.0385
116.343 40.0385
116.343 40.0386
116.343 40.0386
116.343 40.0386
116.343 40.0386
116.343 40.0386
116.343 40.0387
116.344 40.0387
116.344 40.0387
116.344 40.0387
116.344 40.0387
116.344 40.0387
116.344 40.0387
116.344 40.0387
116.344 40.0387
116.344 40.0387
116.344 40.0387
116.345 40.0388
116.345 40.0388
116.345 40.0388
116.345 40.0389
116.345 40.0389
116.346 40.039
116.346 40.039
116.346 40.039
116.346 40.0389
116.346 40.039
116.346 40.039
116.346 40.039
116.347 40.039
116.347 40.039
116.347 40.039
116.347 40.039
116.347 40.039
116.347 40.039
116.347 40.039
116.347 40.039
116.347 40.039
116.347 40.039
116.347 40.039
116.347 40.0389
116.347 40.0389
116.347 40.0389
116.347 40.0389
116.347 40.0388
116.347 40.0388
116.347 40.0389
116.347 40.0389
116.348 40.0389
116.348 40.0389
116.348 40.0389
116.348 40.0389
116.348 40.0388
116.348 40.0387
116.348 40.0386
116.348 40.0385
116.348 40.0384
116.348 40.0383
116.348 40.0382
116.348 40.0381
116.348 40.038
116.348 40.0379
116.348 40.0377
116.348 40.0376
116.348 40.0375
116.348 40.0374
116.348 40.0372
116.348 40.0371
116.348 40.037
116.348 40.0369
116.348 40.0367
116.348 40.0366
116.348 40.0364
116.348 40.0363
116.349 40.0362
116.349 40.0361
116.349 40.036
116.349 40.0359
116.349 40.0359
116.349 40.0358
116.349 40.0357
116.349 40.0357
116.349 40.0356
116.349 40.0356
116.349 40.0356
116.349 40.0356
116.349 40.0356
116.349 40.0356
116.349 40.0356
116.349 40.0357
116.349 40.0357
116.35 40.0358
116.35 40.0358
116.35 40.0359
116.35 40.0359
116.35 40.036
116.35 40.036
116.351 40.0361
116.351 40.0361
116.351 40.0361
116.351 40.0362
116.351 40.0362
116.351 40.0363
116.352 40.0363
116.352 40.0364
116.352 40.0364
116.352 40.0365
116.353 40.0365
116.353 40.0365
116.353 40.0366
116.353 40.0366
116.354 40.0367
116.354 40.0367
116.354 40.0368
116.354 40.0368
116.355 40.0369
116.355 40.0369
116.355 40.037
116.355 40.037
116.355 40.0371
116.356 40.0372
116.356 40.0373
116.356 40.0373
116.356 40.0374
116.357 40.0375
116.357 40.0375
116.357 40.0376
116.357 40.0377
116.358 40.0378
116.358 40.0379
116.358 40.038
116.359 40.0381
116.359 40.0381
116.359 40.0382
116.359 40.0383
116.36 40.0383
116.36 40.0384
116.36 40.0384
116.36 40.0385
116.36 40.0385
116.361 40.0386
116.361 40.0387
116.361 40.0387
116.361 40.0388
116.362 40.0389
116.362 40.039
116.362 40.0391
116.363 40.0391
116.363 40.0392
116.363 40.0392
116.363 40.0393
116.363 40.0393
116.364 40.0393
116.364 40.0392
116.364 40.0391
116.364 40.039
116.364 40.0388
116.364 40.0385
116.364 40.0383
116.364 40.0381
116.364 40.0379
116.364 40.0377
116.364 40.0375
116.364 40.0374
116.364 40.0372
116.364 40.037
116.364 40.0369
116.365 40.0368
116.365 40.0366
116.365 40.0365
116.365 40.0363
116.365 40.0361
116.365 40.036
116.365 40.0359
116.365 40.0358
116.365 40.0358
116.365 40.0357
116.365 40.0357
116.365 40.0358
116.365 40.0358
116.365 40.0357
116.365 40.0356
116.365 40.0355
116.365 40.0355
116.365 40.0354
116.365 40.0353
116.365 40.0351
116.365 40.0349
116.365 40.0348
116.365 40.0346
116.365 40.0344
116.365 40.0341
116.365 40.0337
116.365 40.0334
116.365 40.0331
116.366 40.0328
116.366 40.0324
116.366 40.0312
116.366 40.031
116.366 40.0308
116.366 40.0306
116.366 40.0305
116.366 40.0304
116.366 40.0303
116.366 40.0302
116.366 40.0302
116.366 40.0301
116.366 40.03
116.366 40.03
116.366 40.0299
116.366 40.0299
116.366 40.0298
116.366 40.0298
116.366 40.0297
116.366 40.0296
116.366 40.0294
116.366 40.0292
116.367 40.029
116.367 40.0287
116.367 40.0284
116.367 40.028
116.367 40.0277
116.367 40.0273
116.367 40.027
116.367 40.0267
116.367 40.0263
116.367 40.026
116.367 40.0256
116.367 40.0252
116.367 40.0248
116.367 40.0245
116.368 40.0241
116.368 40.0238
116.368 40.0235
116.368 40.0233
116.368 40.023
116.368 40.0228
116.368 40.0226
116.368 40.0224
116.368 40.0223
116.368 40.0221
116.368 40.022
116.368 40.0219
116.368 40.0218
116.368 40.0218
116.368 40.0218
116.368 40.0218
116.368 40.0218
116.368 40.0217
116.368 40.0216
116.368 40.0215
116.368 40.0212
116.368 40.0212
116.369 40.0212
116.369 40.0212
116.369 40.0212
116.369 40.0212
116.37 40.0212
116.37 40.0212
116.371 40.0212
116.371 40.0212
116.372 40.0211
116.372 40.0211
116.373 40.0212
116.373 40.0212
116.373 40.0212
116.374 40.0212
116.374 40.0212
116.375 40.0212
116.375 40.0212
116.376 40.0212
116.376 40.0212
116.377 40.0212
116.378 40.0212
116.378 40.0212
116.379 40.0212
116.379 40.0212
116.38 40.0212
116.381 40.0212
116.381 40.0212
116.382 40.0211
116.383 40.0211
116.384 40.0211
116.385 40.0211
116.386 40.0211
116.387 40.0211
116.388 40.0211
116.388 40.0211
116.389 40.0211
116.389 40.0211
116.39 40.0211
116.39 40.021
116.391 40.021
116.391 40.021
116.392 40.021
116.392 40.021
116.392 40.021
116.393 40.021
116.394 40.021
116.394 40.021
116.395 40.021
116.395 40.021
116.396 40.021
116.398 40.0209
116.398 40.0209
116.399 40.0209
116.399 40.0209
116.4 40.0209
116.4 40.0209
116.401 40.0209
116.401 40.0209
116.402 40.0209
116.403 40.0209
116.403 40.0209
116.404 40.0209
116.404 40.0209
116.405 40.0209
116.405 40.0209
116.406 40.0209
116.406 40.0208
116.41 40.0209
116.426 40.0205
116.427 40.0205
116.428 40.0205
116.429 40.0204
116.429 40.0204
116.43 40.0203
116.431 40.0202
116.431 40.0202
116.431 40.02
116.432 40.02
116.432 40.0199
116.433 40.0198
116.433 40.0196
116.433 40.0195
116.434 40.0195
116.434 40.0194
116.434 40.0193
116.435 40.0191
116.435 40.0189
116.436 40.0188
116.436 40.0187
116.436 40.0186
116.437 40.0186
116.437 40.0184
116.437 40.0183
116.437 40.0181
116.437 40.018
116.436 40.018
116.436 40.018
116.436 40.018
116.436 40.0181
116.436 40.0182
116.435 40.0182
116.435 40.0183
116.435 40.0184
116.435 40.0186
116.435 40.0187
116.435 40.0189
116.435 40.0191
116.435 40.0192
116.435 40.0194
116.435 40.0195
116.435 40.0196
116.435 40.0197
116.435 40.0199
116.436 40.0199
116.436 40.02
116.436 40.02
116.436 40.02
116.436 40.0199
116.436 40.0198
116.437 40.0198
116.437 40.0197
116.437 40.0195
116.437 40.0194
116.437 40.0192
116.437 40.0191
116.437 40.019
116.437 40.019
116.436 40.019
116.436 40.0191
116.436 40.0192
116.435 40.0194
116.434 40.0197
116.434 40.0198
116.434 40.0198
116.434 40.0199
116.433 40.0199
116.433 40.02
116.433 40.02
116.433 40.0201
116.433 40.0202
116.433 40.0202
116.433 40.0202
116.433 40.0202
116.433 40.0202
116.433 40.0202
116.433 40.0202
116.433 40.0203
116.433 40.0203
116.433 40.0203
116.433 40.0203
116.432 40.0203
116.432 40.0204
116.432 40.0204
116.432 40.0204
116.432 40.0204
116.432 40.0205
116.431 40.0205
116.431 40.0205
116.431 40.0205
116.431 40.0206
116.431 40.0207
116.431 40.0208
116.431 40.0209
116.431 40.0209
116.431 40.021
116.431 40.021
116.431 40.021
116.431 40.021
116.431 40.0211
116.431 40.0211
116.431 40.0211
116.431 40.0211
116.431 40.0211
116.431 40.0211
116.43 40.0213
116.43 40.0212
116.43 40.0212
116.43 40.0212
116.43 40.0212
116.43 40.0212
116.43 40.0212
116.43 40.0212
116.431 40.0208
116.431 40.0209
116.431 40.0209
116.431 40.021
116.431 40.021
116.431 40.0211
116.431 40.0211
116.431 40.0211
116.431 40.0212
116.431 40.0212
116.431 40.0212
116.431 40.0212
116.431 40.0213
116.431 40.0215
116.431 40.0216
116.431 40.0217
116.431 40.0219
116.431 40.022
116.431 40.0221
116.431 40.0223
116.431 40.0224
116.431 40.0225
116.431 40.0227
116.431 40.0229
116.431 40.023
116.431 40.0232
116.431 40.0233
116.431 40.0234
116.431 40.0236
116.431 40.0237
116.431 40.0238
116.431 40.024
116.431 40.0241
116.431 40.0242
116.431 40.0244
116.431 40.0245
116.431 40.0246
116.431 40.0247
116.431 40.0248
116.431 40.0249
116.431 40.0251
116.431 40.0252
116.431 40.0253
116.431 40.0255
116.431 40.0256
116.431 40.0257
116.431 40.0259
116.431 40.026
116.431 40.0261
116.431 40.0263
116.431 40.0264
116.431 40.0266
116.431 40.0267
116.431 40.0268
116.431 40.0269
116.431 40.027
116.431 40.0271
116.431 40.0272
116.431 40.0272
116.431 40.0273
116.431 40.0273
116.431 40.0273
116.431 40.0273
116.432 40.0273
116.432 40.0273
116.432 40.0273
116.432 40.0273
116.432 40.0273
116.432 40.0273
116.432 40.0273
116.432 40.0273
116.432 40.0274
116.432 40.0274
116.432 40.0274
116.432 40.0274
116.432 40.0274
116.432 40.0274
116.432 40.0274
116.432 40.0274
116.432 40.0274
116.432 40.0274
116.432 40.0274
116.432 40.0274
116.432 40.0274
