116.33 39.9757
116.33 39.9754
116.33 39.9755
116.33 39.9756
116.33 39.9757
116.33 39.9757
116.33 39.9757
116.33 39.9757
116.33 39.9757
116.33 39.9735
116.328 39.9755
116.328 39.9764
116.328 39.9762
116.328 39.9759
116.318 39.9902
116.317 39.9909
116.318 39.9903
116.318 39.9903
116.319 39.9884
116.32 39.9868
116.319 39.9874
116.319 39.9864
116.32 39.9863
116.319 39.9864
116.319 39.9865
116.319 39.9868
116.32 39.985
116.32 39.9849
116.321 39.9826
116.321 39.9835
116.321 39.9826
116.322 39.9813
116.324 39.98
116.325 39.9785
116.323 39.981
116.323 39.9813
116.323 39.9817
116.323 39.9812
116.323 39.9818
116.323 39.9816
116.323 39.9821
116.322 39.983
116.322 39.983
116.321 39.9839
116.32 39.9855
116.32 39.9855
116.32 39.9855
116.321 39.9849
116.32 39.9858
116.33 39.9759
116.33 39.9758
116.33 39.9758
116.33 39.9758
116.33 39.9758
116.33 39.9758
116.33 39.9757
116.33 39.9757
116.33 39.9757
116.33 39.9757
116.33 39.9757
116.33 39.9757
116.33 39.9756
116.33 39.9756
116.33 39.9755
116.33 39.9756
116.33 39.9755
116.33 39.9754
116.33 39.9754
116.331 39.9753
116.331 39.9753
116.332 39.9754
116.332 39.9754
116.333 39.9753
116.334 39.9753
116.335 39.9754
116.336 39.9753
116.336 39.9753
116.337 39.9753
116.338 39.9752
116.338 39.9752
116.338 39.9751
116.338 39.9751
116.338 39.9751
116.338 39.9751
116.338 39.9751
116.338 39.9751
116.338 39.9751
116.338 39.9751
116.338 39.9751
116.338 39.9751
116.338 39.9751
116.338 39.9751
116.338 39.975
116.338 39.975
116.338 39.975
116.338 39.975
116.339 39.9751
116.339 39.9751
116.339 39.9751
116.339 39.9751
116.339 39.9751
116.339 39.9751
116.339 39.9751
116.339 39.9751
116.339 39.9751
116.339 39.9751
116.339 39.9751
116.339 39.9751
116.339 39.9751
116.339 39.9751
116.339 39.9751
116.339 39.9751
116.339 39.9751
116.339 39.9751
116.339 39.9751
116.34 39.9751
116.34 39.9752
116.34 39.9751
116.341 39.9752
116.341 39.9751
116.342 39.9752
116.343 39.9752
116.344 39.9751
116.345 39.9751
116.345 39.9751
116.346 39.9751
116.346 39.9751
116.346 39.9751
116.346 39.9751
116.346 39.9751
116.346 39.9751
116.346 39.9751
116.346 39.9751
116.347 39.9752
116.347 39.9752
116.347 39.9752
116.347 39.9752
116.348 39.9752
116.348 39.9753
116.348 39.9755
116.348 39.9757
116.348 39.976
116.348 39.9764
116.348 39.9768
116.348 39.9773
116.348 39.9778
116.349 39.9782
116.349 39.9787
116.349 39.9793
116.348 39.9799
116.348 39.9805
116.348 39.981
116.348 39.9813
116.348 39.9813
116.348 39.9814
116.348 39.9816
116.348 39.9816
116.348 39.9817
116.348 39.9817
116.348 39.9817
116.348 39.9817
116.348 39.9818
116.348 39.9818
116.348 39.9819
116.348 39.982
116.348 39.982
116.348 39.9821
116.348 39.9821
116.348 39.9821
116.348 39.9822
116.348 39.9823
116.348 39.9824
116.348 39.9824
116.348 39.9825
116.348 39.9826
116.348 39.9826
116.348 39.9827
116.348 39.9827
116.348 39.9827
116.348 39.9828
116.348 39.9828
116.348 39.9828
116.348 39.9829
116.348 39.9829
116.348 39.983
116.348 39.9831
116.348 39.9831
116.348 39.9832
116.348 39.9833
116.348 39.9834
116.348 39.9835
116.348 39.9835
116.348 39.9836
116.348 39.9837
116.348 39.9837
116.348 39.9838
116.348 39.9839
116.348 39.984
116.348 39.984
116.348 39.9841
116.348 39.9841
116.348 39.9842
116.348 39.9843
116.348 39.9843
116.348 39.9844
116.348 39.9844
116.348 39.9845
116.348 39.9845
116.348 39.9846
116.348 39.9847
116.348 39.9848
116.348 39.9849
116.348 39.9849
116.348 39.985
116.348 39.985
116.348 39.9851
116.348 39.9851
116.348 39.9852
116.348 39.9852
116.348 39.9852
116.348 39.9852
116.348 39.9852
116.348 39.9853
116.348 39.9854
116.348 39.9854
116.348 39.9855
116.348 39.9856
116.348 39.9856
116.348 39.9857
116.348 39.9858
116.348 39.9858
116.348 39.9858
116.348 39.9858
116.348 39.9858
116.348 39.9859
116.348 39.9859
116.348 39.9859
116.348 39.9859
116.348 39.9859
116.348 39.9859
116.348 39.9859
116.348 39.9859
116.348 39.9859
116.349 39.9859
116.349 39.986
116.349 39.986
116.349 39.9859
116.349 39.9859
116.349 39.986
116.349 39.986
116.349 39.986
116.349 39.986
116.349 39.986
116.349 39.9859
116.349 39.9859
116.349 39.9859
116.349 39.9859
