116.354 39.9864
116.354 39.9863
116.354 39.9864
116.354 39.9865
116.354 39.9865
116.354 39.9865
116.352 39.9881
116.352 39.988
116.352 39.988
116.352 39.9879
116.352 39.9878
116.352 39.9877
116.352 39.9875
116.352 39.9873
116.352 39.9871
116.352 39.9868
116.352 39.9867
116.352 39.9866
116.352 39.9865
116.352 39.9864
116.352 39.9862
116.352 39.9861
116.352 39.986
116.352 39.986
116.352 39.986
116.351 39.986
116.351 39.986
116.351 39.986
116.351 39.986
116.351 39.986
116.351 39.986
116.351 39.986
116.351 39.986
116.351 39.986
116.351 39.986
116.351 39.986
116.351 39.986
116.351 39.986
116.351 39.986
116.351 39.986
116.351 39.986
116.351 39.986
116.351 39.986
116.351 39.986
116.351 39.986
116.35 39.986
116.35 39.986
116.35 39.986
116.35 39.986
116.35 39.986
116.35 39.986
116.35 39.986
116.35 39.986
116.35 39.986
116.35 39.986
116.35 39.986
116.35 39.986
116.35 39.9859
116.35 39.9859
116.35 39.9858
116.35 39.9858
116.35 39.9858
116.35 39.9858
116.35 39.9858
116.349 39.9858
116.349 39.9858
116.348 39.9858
116.348 39.9858
116.348 39.9858
116.348 39.9858
116.348 39.9858
116.348 39.9858
116.348 39.9858
116.348 39.9858
116.348 39.9858
116.348 39.9858
116.348 39.9858
116.348 39.9858
116.348 39.9858
116.348 39.9858
116.348 39.9858
116.348 39.9858
116.348 39.9858
116.348 39.9858
116.348 39.9858
116.348 39.9858
116.348 39.9858
116.348 39.9857
116.348 39.9857
116.348 39.9857
116.348 39.9857
116.348 39.9857
116.348 39.9857
116.348 39.9857
116.348 39.9857
116.348 39.9857
116.348 39.9857
116.348 39.9858
116.348 39.9858
116.348 39.9858
116.348 39.9858
116.348 39.9858
116.348 39.9857
116.348 39.9857
116.347 39.9857
116.347 39.9855
116.347 39.9851
116.347 39.9846
116.347 39.9841
116.347 39.9836
116.347 39.9831
116.347 39.9825
116.347 39.982
116.347 39.9815
116.347 39.9813
116.347 39.9813
116.347 39.9813
116.347 39.9813
116.347 39.9812
116.347 39.981
116.348 39.9807
116.348 39.9803
116.348 39.9799
116.348 39.9794
116.348 39.979
116.348 39.9787
116.348 39.9784
116.348 39.9779
116.348 39.9775
116.348 39.977
116.348 39.9766
116.348 39.9762
116.348 39.9758
116.347 39.9756
116.347 39.9754
116.347 39.9752
116.347 39.9752
116.346 39.9752
116.345 39.9752
116.345 39.9752
116.345 39.9752
116.344 39.9752
116.344 39.9752
116.344 39.9752
116.344 39.9752
116.344 39.9752
116.344 39.9752
116.344 39.9752
116.344 39.9752
116.344 39.9752
116.344 39.9752
116.343 39.9752
116.343 39.9752
116.343 39.9752
116.343 39.9752
116.342 39.975
116.342 39.975
116.342 39.9749
116.341 39.9748
116.341 39.9748
116.341 39.9748
116.341 39.9748
116.341 39.9748
116.341 39.9748
116.341 39.9748
116.341 39.9748
116.341 39.9748
116.341 39.9748
116.341 39.9749
116.341 39.9749
116.341 39.975
116.34 39.975
116.34 39.9749
116.339 39.9749
116.339 39.975
116.338 39.975
116.338 39.9751
116.337 39.9751
116.336 39.9752
116.336 39.9752
116.335 39.9752
116.335 39.9752
116.334 39.9752
116.334 39.9752
116.333 39.9751
116.333 39.9751
116.333 39.9751
116.334 39.9751
116.333 39.9752
116.334 39.9753
116.334 39.9753
116.334 39.9754
116.334 39.9754
116.334 39.9754
116.334 39.9754
116.333 39.9754
116.333 39.9754
116.333 39.9754
116.334 39.9755
116.334 39.9754
116.333 39.9753
116.333 39.9753
116.333 39.9753
116.333 39.9754
116.333 39.9754
116.333 39.9754
116.333 39.9754
116.333 39.9754
116.333 39.9754
116.333 39.9754
116.333 39.9754
116.333 39.9754
116.333 39.9754
116.332 39.9754
116.332 39.9754
116.332 39.9754
116.332 39.9754
116.332 39.9754
116.332 39.9754
116.332 39.9754
116.332 39.9754
116.332 39.9755
116.332 39.9755
116.332 39.9756
116.332 39.9756
116.332 39.9756
116.332 39.9757
116.332 39.9757
116.331 39.9757
116.331 39.9758
116.331 39.9757
116.331 39.9757
116.331 39.9757
116.331 39.9756
116.331 39.9756
116.331 39.9756
116.331 39.9756
116.331 39.9756
116.331 39.9756
