116.394 39.863
116.394 39.863
116.394 39.863
116.394 39.8632
116.394 39.8633
116.394 39.8634
116.394 39.8635
116.394 39.8636
116.394 39.8637
116.394 39.8638
116.394 39.8639
116.394 39.8641
116.394 39.8642
116.394 39.8643
116.394 39.8644
116.393 39.8645
116.394 39.8646
116.394 39.8647
116.394 39.8648
116.394 39.8649
116.394 39.865
116.394 39.8651
116.394 39.8652
116.393 39.8653
116.393 39.8654
116.393 39.8655
116.393 39.8656
116.393 39.8657
116.393 39.8658
116.393 39.866
116.393 39.8661
116.393 39.8662
116.393 39.8663
116.393 39.8664
116.393 39.8665
116.393 39.8666
116.393 39.8668
116.393 39.8669
116.393 39.867
116.393 39.8671
116.393 39.8672
116.393 39.8674
116.393 39.8675
116.393 39.8676
116.393 39.8677
116.393 39.8678
116.393 39.868
116.393 39.8681
116.393 39.8682
116.393 39.8683
116.393 39.8684
116.393 39.8686
116.393 39.8687
116.394 39.8688
116.394 39.8689
116.394 39.869
116.394 39.8691
116.394 39.8692
116.394 39.8693
116.394 39.8694
116.394 39.8695
116.394 39.8695
116.394 39.8696
116.394 39.8697
116.394 39.8698
116.394 39.8699
116.394 39.87
116.394 39.8701
116.394 39.8702
116.394 39.8703
116.394 39.8704
116.394 39.8705
116.394 39.8706
116.394 39.8707
116.394 39.8708
116.394 39.8708
116.394 39.8709
116.394 39.871
116.394 39.8711
116.394 39.8712
116.394 39.8713
116.394 39.8714
116.394 39.8715
116.394 39.8716
116.394 39.8717
116.394 39.8718
116.394 39.8719
116.394 39.872
116.394 39.8722
116.394 39.8723
116.394 39.8724
116.394 39.8725
116.394 39.8727
116.394 39.8728
116.394 39.873
116.394 39.8731
116.394 39.8733
116.394 39.8734
116.394 39.8736
116.394 39.8737
116.394 39.8739
116.394 39.874
116.394 39.8742
116.394 39.8744
116.394 39.8745
116.394 39.8747
116.394 39.8748
116.394 39.875
116.394 39.8751
116.394 39.8752
116.394 39.8754
116.394 39.8756
116.394 39.8757
116.394 39.8758
116.394 39.8759
116.394 39.876
116.394 39.876
116.394 39.8761
116.394 39.8762
116.394 39.8763
116.394 39.8764
116.394 39.8765
116.394 39.8766
116.394 39.8767
116.394 39.8768
116.394 39.8769
116.394 39.877
116.394 39.8771
116.394 39.8772
116.394 39.8773
116.394 39.8774
116.394 39.8775
116.394 39.8776
116.394 39.8777
116.394 39.8778
116.394 39.8779
116.394 39.878
116.394 39.8781
116.393 39.8783
116.393 39.8783
116.393 39.8785
116.393 39.8786
116.393 39.8787
116.393 39.8788
116.393 39.8789
116.393 39.879
116.393 39.8791
116.393 39.8792
116.393 39.8793
116.393 39.8794
116.393 39.8796
116.393 39.8797
116.393 39.8799
116.393 39.88
116.393 39.8802
116.393 39.8804
116.393 39.8805
116.393 39.8807
116.393 39.8808
116.393 39.8809
116.393 39.881
116.393 39.8811
116.393 39.8813
116.393 39.8814
116.393 39.8816
116.393 39.8818
116.393 39.882
116.393 39.8821
116.393 39.8823
116.393 39.8825
116.393 39.8827
116.393 39.8828
116.393 39.8829
116.393 39.883
116.393 39.8832
116.393 39.8834
116.393 39.8835
116.393 39.8837
116.393 39.8839
116.393 39.884
116.393 39.8842
116.393 39.8843
116.393 39.8844
116.393 39.8844
116.393 39.8845
116.393 39.8846
116.393 39.8847
116.393 39.8848
116.393 39.8849
116.393 39.885
116.392 39.8851
116.392 39.8852
116.392 39.8853
116.392 39.8855
116.392 39.8856
116.392 39.8858
116.392 39.8859
116.392 39.8861
116.392 39.8863
116.392 39.8864
116.392 39.8866
116.392 39.8868
116.392 39.8869
116.392 39.8871
116.392 39.8872
116.392 39.8874
116.392 39.8875
116.392 39.8877
116.392 39.8879
116.392 39.8881
116.392 39.8882
116.392 39.8884
116.392 39.8885
116.392 39.8886
116.392 39.8888
116.392 39.8889
116.392 39.889
116.392 39.8892
116.392 39.8893
116.392 39.8894
116.392 39.8895
116.392 39.8896
116.392 39.8897
116.392 39.8898
116.393 39.8899
116.393 39.8899
116.393 39.8899
116.393 39.8899
116.393 39.8899
116.393 39.89
116.393 39.89
116.393 39.89
116.393 39.89
116.393 39.8901
116.394 39.8901
116.394 39.8901
116.394 39.8901
116.394 39.8902
116.394 39.8902
116.394 39.8903
116.394 39.8903
116.394 39.8904
116.395 39.8904
116.395 39.8904
116.395 39.8905
116.395 39.8906
116.395 39.8907
116.395 39.8909
116.395 39.891
116.395 39.8911
116.395 39.8912
116.395 39.8913
116.395 39.8914
116.395 39.8915
116.395 39.8916
116.395 39.8917
116.395 39.8918
116.395 39.8919
116.395 39.892
116.395 39.8921
116.395 39.8922
116.395 39.8923
116.395 39.8924
116.395 39.8925
116.395 39.8926
116.395 39.8927
116.395 39.8928
116.395 39.8929
116.395 39.893
116.395 39.8931
116.395 39.8932
116.395 39.8933
116.395 39.8934
116.395 39.8935
116.395 39.8936
116.395 39.8937
116.395 39.8938
116.395 39.8939
116.395 39.894
116.395 39.8941
116.395 39.8942
116.395 39.8944
116.395 39.8945
116.395 39.8946
116.395 39.8948
116.395 39.8949
116.395 39.895
116.395 39.8952
116.395 39.8954
116.395 39.8954
116.395 39.8955
116.395 39.8956
116.395 39.8957
116.395 39.8958
116.395 39.8959
116.395 39.896
116.395 39.8961
116.395 39.8962
116.395 39.8963
116.395 39.8964
116.394 39.8965
116.394 39.8966
116.394 39.8967
116.394 39.8968
116.394 39.8969
116.394 39.897
116.394 39.8971
116.394 39.8972
116.394 39.8973
116.394 39.8974
116.394 39.8975
116.394 39.8976
116.394 39.8976
116.394 39.8977
116.394 39.8978
116.394 39.8979
116.394 39.898
116.394 39.8981
116.394 39.8982
116.394 39.8983
116.394 39.8984
116.394 39.8985
116.394 39.8987
116.394 39.8988
116.393 39.8989
116.393 39.899
116.393 39.8991
116.393 39.8992
116.393 39.8993
116.393 39.8994
116.393 39.8995
116.393 39.8997
116.393 39.8999
116.394 39.9
116.393 39.9002
116.394 39.9002
116.394 39.9004
116.394 39.9005
116.393 39.9006
116.393 39.9008
116.393 39.9009
116.393 39.9011
116.393 39.9012
116.393 39.9013
116.393 39.9014
116.393 39.9015
116.393 39.9016
116.393 39.9017
116.393 39.9018
116.393 39.9019
116.393 39.902
116.393 39.9021
116.393 39.9022
116.393 39.9023
116.393 39.9024
116.393 39.9025
116.393 39.9027
116.393 39.9029
116.393 39.903
116.393 39.9032
116.393 39.9033
116.393 39.9034
116.393 39.9035
116.393 39.9036
116.393 39.9038
116.393 39.9039
116.393 39.904
116.393 39.9042
116.393 39.9043
116.393 39.9044
116.393 39.9045
116.393 39.9046
116.393 39.9047
116.393 39.9048
116.393 39.9049
116.393 39.905
116.393 39.9051
116.393 39.9052
116.393 39.9053
116.393 39.9054
116.393 39.9055
116.393 39.9056
116.393 39.9058
116.393 39.9058
116.393 39.9059
116.393 39.906
116.393 39.906
116.394 39.906
116.394 39.906
116.394 39.906
116.394 39.906
116.394 39.906
116.394 39.906
116.394 39.906
116.394 39.906
116.394 39.906
116.395 39.906
116.395 39.906
116.395 39.906
116.395 39.906
116.395 39.906
116.395 39.9061
116.395 39.9061
116.395 39.9062
116.395 39.9062
116.395 39.9063
116.396 39.9063
116.396 39.9063
116.396 39.9064
116.396 39.9064
116.396 39.9064
116.396 39.9065
116.396 39.9065
116.397 39.9065
116.397 39.9064
116.397 39.9064
116.397 39.9064
116.397 39.9064
116.397 39.9065
116.397 39.9065
116.397 39.9065
116.398 39.9065
116.398 39.9064
116.398 39.9064
116.398 39.9064
116.398 39.9065
116.398 39.9065
116.398 39.9065
116.398 39.9064
116.4 39.9065
116.4 39.9065
116.4 39.9064
116.401 39.9067
116.401 39.9068
116.401 39.907
116.401 39.9072
116.401 39.9073
116.401 39.9073
116.401 39.9075
116.401 39.9076
116.401 39.9077
116.401 39.9078
116.401 39.9079
116.401 39.9081
116.401 39.9082
116.401 39.9083
116.401 39.9084
116.401 39.9085
116.401 39.9086
116.401 39.9087
116.401 39.9089
116.401 39.909
116.401 39.9092
116.401 39.9093
116.401 39.9094
116.401 39.9096
116.401 39.9097
116.401 39.9098
116.401 39.9099
116.401 39.91
116.401 39.9101
116.401 39.9102
116.401 39.9103
116.401 39.9104
116.401 39.9105
116.401 39.9106
116.401 39.9107
116.401 39.9108
116.401 39.9109
116.401 39.911
116.401 39.9112
116.401 39.9113
116.401 39.9115
116.401 39.9116
116.401 39.9117
116.401 39.9118
116.401 39.9119
116.401 39.9121
116.401 39.9122
116.401 39.9124
116.401 39.9125
116.401 39.9126
116.401 39.9127
116.401 39.9127
116.4 39.9127
116.4 39.9128
116.4 39.9129
116.4 39.913
116.4 39.9132
116.4 39.9133
116.4 39.9134
116.4 39.9135
116.4 39.9137
116.4 39.9137
116.4 39.9139
116.4 39.914
116.4 39.9141
116.4 39.9143
116.4 39.9144
116.4 39.9145
116.4 39.9146
116.4 39.9147
116.4 39.9148
116.4 39.9149
116.4 39.915
116.4 39.9152
116.4 39.9153
116.4 39.9154
116.4 39.9155
116.4 39.9157
116.4 39.9158
116.4 39.9159
116.4 39.916
116.4 39.9161
116.4 39.9163
116.4 39.9164
116.4 39.9165
116.4 39.9166
116.4 39.9168
116.4 39.9169
116.4 39.917
116.4 39.9171
116.4 39.9172
116.4 39.9174
116.4 39.9175
116.4 39.9176
116.4 39.9177
116.4 39.9179
116.4 39.918
116.4 39.9181
116.4 39.9182
116.4 39.9183
116.4 39.9184
116.4 39.9185
116.4 39.9187
116.4 39.9188
116.4 39.919
116.4 39.9191
116.4 39.9192
116.4 39.9193
116.4 39.9194
116.4 39.9195
116.4 39.9196
116.4 39.9197
116.4 39.9198
116.4 39.9199
116.4 39.92
116.4 39.9201
116.4 39.9202
116.4 39.9202
116.4 39.9203
116.4 39.9204
116.4 39.9205
116.4 39.9207
116.4 39.9209
116.4 39.921
116.4 39.9212
116.4 39.9213
116.4 39.9214
116.4 39.9215
116.4 39.9216
116.4 39.9217
116.4 39.9218
116.4 39.9219
116.4 39.9219
116.4 39.9219
116.4 39.922
116.4 39.922
116.4 39.9222
116.4 39.9223
116.4 39.9224
116.4 39.9225
116.4 39.9226
116.4 39.9227
116.4 39.9228
116.4 39.9228
116.4 39.9228
116.4 39.9228
116.399 39.9228
116.399 39.9228
116.399 39.9229
116.399 39.9229
116.399 39.9229
116.399 39.9228
116.399 39.9228
116.399 39.9228
116.399 39.9228
116.398 39.9228
116.398 39.9228
116.398 39.9228
116.398 39.9228
116.398 39.9228
116.398 39.9229
116.398 39.9229
116.398 39.9229
116.398 39.9228
116.398 39.9228
116.398 39.9227
116.397 39.9228
116.397 39.923
116.397 39.923
116.397 39.9231
116.397 39.9231
116.397 39.9232
116.397 39.9233
116.397 39.9231
116.397 39.9231
116.397 39.9231
116.397 39.9233
116.397 39.9232
116.397 39.9232
116.397 39.9232
116.397 39.9231
116.397 39.923
116.397 39.9229
116.397 39.9228
116.397 39.9227
116.397 39.9226
116.397 39.9226
116.397 39.9225
116.397 39.9224
116.397 39.9223
116.397 39.9223
116.396 39.9222
116.396 39.9222
116.396 39.9221
116.396 39.9221
116.396 39.9221
116.396 39.9221
116.396 39.9221
116.395 39.9221
116.395 39.9221
116.395 39.9221
116.395 39.9221
116.395 39.9221
116.395 39.9221
116.395 39.9221
116.395 39.9221
116.394 39.9221
116.394 39.9221
116.394 39.9221
116.394 39.9221
116.394 39.9221
116.394 39.9221
116.394 39.9221
116.394 39.922
116.393 39.922
116.393 39.9221
116.393 39.9222
116.393 39.9224
116.393 39.9225
116.393 39.9226
116.393 39.9227
116.393 39.9228
116.393 39.9229
116.393 39.9231
116.393 39.9232
116.393 39.9233
116.393 39.9234
116.393 39.9236
116.393 39.9237
116.393 39.9239
116.393 39.924
116.393 39.9242
116.393 39.9243
116.393 39.9245
116.393 39.9247
116.393 39.9248
116.393 39.9249
116.393 39.925
116.393 39.9252
116.393 39.9253
116.393 39.9254
116.393 39.9256
116.393 39.9257
116.393 39.9258
116.393 39.9259
116.393 39.926
116.393 39.9261
116.393 39.9262
116.393 39.9264
116.393 39.9265
116.393 39.9266
116.393 39.9268
116.393 39.9269
116.393 39.927
116.393 39.927
116.393 39.9271
116.393 39.9271
116.392 39.9271
116.392 39.9271
116.392 39.9271
116.392 39.9271
116.392 39.9271
116.392 39.9271
116.392 39.927
116.392 39.927
116.392 39.927
116.392 39.927
116.391 39.927
116.391 39.927
116.391 39.927
116.391 39.927
116.391 39.927
116.391 39.9271
116.391 39.9271
116.391 39.9271
116.391 39.9271
116.39 39.9271
116.39 39.9272
116.39 39.9273
116.39 39.9274
116.39 39.9275
116.39 39.9277
116.39 39.9278
116.39 39.9279
116.39 39.928
116.39 39.9281
116.39 39.9282
116.39 39.9283
116.39 39.9284
116.39 39.9285
116.39 39.9286
116.39 39.9287
116.39 39.9289
116.39 39.929
116.39 39.9291
116.39 39.9292
116.39 39.9294
116.39 39.9295
116.39 39.9296
116.39 39.9297
116.39 39.9298
116.39 39.9299
116.39 39.93
116.39 39.9301
116.39 39.9302
116.39 39.9303
116.39 39.9304
116.39 39.9305
116.39 39.9306
116.39 39.9308
116.39 39.9309
116.39 39.9311
116.39 39.9313
116.39 39.9314
116.39 39.9315
116.39 39.9316
116.39 39.9317
116.39 39.9318
116.39 39.9319
116.39 39.9321
116.39 39.9322
116.39 39.9323
116.39 39.9324
116.39 39.9325
116.39 39.9327
116.39 39.9328
116.39 39.933
116.39 39.9331
116.39 39.9332
116.39 39.9333
116.39 39.9334
116.39 39.9335
116.39 39.9336
116.39 39.9338
116.39 39.9338
116.39 39.9339
116.39 39.934
116.39 39.9341
116.39 39.9342
116.39 39.9343
116.39 39.9344
116.39 39.9345
116.39 39.9347
116.39 39.9348
116.39 39.9349
116.39 39.935
116.39 39.9352
116.39 39.9353
116.39 39.9355
116.39 39.9356
116.39 39.9358
116.39 39.9359
116.39 39.9361
116.39 39.9363
116.39 39.9364
116.39 39.9365
116.39 39.9366
116.39 39.9368
116.39 39.9369
116.39 39.937
116.39 39.9372
116.39 39.9373
116.39 39.9375
116.39 39.9377
116.39 39.9378
116.39 39.9379
116.39 39.938
116.39 39.9381
116.39 39.9382
116.39 39.9383
116.39 39.9384
116.39 39.9385
116.39 39.9387
116.39 39.9388
116.39 39.9389
116.389 39.9389
116.389 39.939
116.389 39.9391
116.389 39.9391
116.389 39.9392
116.389 39.9393
116.389 39.9393
116.389 39.9393
116.389 39.9393
116.388 39.9393
116.388 39.9393
116.388 39.9393
116.388 39.9393
116.388 39.9394
116.388 39.9394
116.388 39.9395
116.388 39.9396
116.388 39.9398
116.388 39.9399
116.388 39.94
116.388 39.9401
116.388 39.9402
116.388 39.9404
116.388 39.9405
116.388 39.9406
116.388 39.9407
116.388 39.9408
116.388 39.9409
116.388 39.941
116.388 39.9411
116.388 39.9412
116.388 39.9413
116.388 39.9414
116.388 39.9416
116.388 39.9417
116.388 39.9418
116.388 39.9419
116.388 39.942
116.388 39.9421
116.388 39.9422
116.388 39.9423
116.388 39.9424
116.388 39.9425
116.388 39.9427
116.388 39.9428
116.388 39.9429
116.388 39.943
116.388 39.9431
116.388 39.9432
116.388 39.9433
116.388 39.9435
116.388 39.9436
116.388 39.9437
116.388 39.9438
116.388 39.9439
116.388 39.944
116.388 39.9441
116.388 39.9442
116.388 39.9444
116.388 39.9445
116.388 39.9446
116.388 39.9447
116.388 39.9449
116.388 39.945
116.388 39.9451
116.388 39.9452
116.388 39.9453
116.388 39.9454
116.388 39.9455
116.388 39.9456
116.388 39.9457
116.388 39.9458
116.388 39.9459
116.388 39.946
116.388 39.9461
116.388 39.9462
116.388 39.9464
116.388 39.9465
116.388 39.9466
116.388 39.9466
116.388 39.9467
116.388 39.9468
116.388 39.947
116.388 39.9471
116.388 39.9472
116.388 39.9473
116.388 39.9474
116.386 39.9478
116.386 39.9478
116.386 39.9478
116.386 39.9478
116.385 39.9478
116.385 39.9478
116.385 39.9478
116.385 39.9478
116.385 39.9478
116.385 39.9478
116.385 39.9478
116.385 39.9478
116.385 39.9478
116.384 39.9478
116.384 39.9478
116.384 39.9478
116.384 39.9478
116.384 39.9478
116.384 39.9478
116.384 39.9478
116.384 39.9478
116.384 39.9478
116.383 39.9477
116.383 39.9477
116.383 39.9477
116.383 39.9477
116.383 39.9477
116.383 39.9477
116.383 39.9477
116.383 39.9477
116.383 39.9477
116.382 39.9477
116.382 39.9477
116.382 39.9477
116.382 39.9477
116.382 39.9477
116.382 39.9477
116.382 39.9477
116.382 39.9477
116.381 39.9477
116.381 39.9477
116.381 39.9477
116.381 39.9477
116.381 39.9477
116.381 39.9477
116.381 39.9477
116.381 39.9477
116.381 39.9477
116.38 39.9477
116.38 39.9477
116.38 39.9477
116.38 39.9477
116.38 39.9477
116.38 39.9477
116.38 39.9477
116.38 39.9477
116.379 39.9477
116.379 39.9477
116.379 39.9477
116.379 39.9477
116.379 39.9477
116.379 39.9477
116.379 39.9477
116.379 39.9477
116.379 39.9477
116.378 39.9477
116.378 39.9476
116.378 39.9476
116.378 39.9477
116.378 39.9477
116.378 39.9477
116.378 39.9477
116.377 39.9477
116.377 39.9477
116.377 39.9477
116.377 39.9477
116.377 39.9477
116.377 39.9477
116.377 39.9477
116.377 39.9477
116.376 39.9477
116.376 39.9477
116.376 39.9477
116.376 39.9477
116.376 39.9477
116.376 39.9477
116.376 39.9477
116.376 39.9478
116.376 39.9478
116.375 39.9479
116.375 39.9479
116.375 39.948
116.375 39.948
116.375 39.9481
116.375 39.9482
116.375 39.9483
116.375 39.9484
116.375 39.9485
116.374 39.9487
116.374 39.9488
116.374 39.9489
116.374 39.9491
116.374 39.9492
116.374 39.9493
116.374 39.9494
116.374 39.9495
116.374 39.9495
116.374 39.9496
116.374 39.9497
116.374 39.9498
116.374 39.9499
116.374 39.95
116.374 39.95
116.373 39.9501
116.373 39.9502
116.373 39.9503
116.373 39.9504
116.373 39.9505
116.373 39.9506
116.373 39.9507
116.373 39.9508
116.373 39.9509
116.373 39.9511
116.373 39.9512
116.373 39.9513
116.373 39.9514
116.373 39.9515
116.373 39.9517
116.373 39.9518
116.373 39.9519
116.373 39.9521
116.373 39.9522
116.373 39.9523
116.373 39.9524
116.373 39.9525
116.373 39.9527
116.373 39.9529
116.373 39.9531
116.373 39.9532
116.373 39.9534
116.373 39.9536
116.373 39.9538
116.373 39.9539
116.373 39.9541
116.373 39.9542
116.373 39.9544
116.373 39.9545
116.373 39.9546
116.373 39.9548
116.373 39.9549
116.373 39.955
116.373 39.9552
116.373 39.9553
116.373 39.9554
116.373 39.9555
116.373 39.9556
116.373 39.9558
116.373 39.9559
116.373 39.956
116.373 39.9562
116.373 39.9563
116.373 39.9564
116.373 39.9566
116.373 39.9567
116.373 39.9568
116.373 39.957
116.373 39.9571
116.373 39.9572
116.373 39.9573
116.373 39.9574
116.373 39.9575
116.373 39.9576
116.373 39.9578
116.373 39.958
116.373 39.9581
116.373 39.9583
116.373 39.9584
116.373 39.9586
116.373 39.9588
116.373 39.9589
116.373 39.9591
116.373 39.9592
116.373 39.9594
116.373 39.9596
116.373 39.9597
116.373 39.9598
116.373 39.96
116.373 39.9601
116.373 39.9602
116.373 39.9603
116.373 39.9604
116.373 39.9605
116.373 39.9606
116.373 39.9607
116.373 39.9608
116.373 39.9609
116.373 39.961
116.373 39.9611
116.374 39.9612
116.374 39.9613
116.374 39.9614
116.374 39.9616
116.374 39.9616
116.374 39.9618
116.374 39.9619
116.374 39.962
116.374 39.9622
116.374 39.9623
116.374 39.9624
116.374 39.9625
116.374 39.9626
116.374 39.9627
116.374 39.9628
116.374 39.9629
116.374 39.963
116.374 39.9632
116.374 39.9633
116.374 39.9634
116.374 39.9635
116.374 39.9636
116.374 39.9637
116.374 39.9639
116.374 39.964
116.374 39.9641
116.374 39.9643
116.374 39.9644
116.374 39.9646
116.374 39.9647
116.374 39.9648
116.374 39.9649
116.374 39.965
116.374 39.9651
116.374 39.9653
116.374 39.9654
116.374 39.9655
116.374 39.9656
116.374 39.9657
116.374 39.9658
116.374 39.966
116.374 39.9661
116.374 39.9662
116.374 39.9663
116.374 39.9664
116.374 39.9666
116.374 39.9667
116.374 39.9668
116.374 39.9669
116.374 39.967
116.374 39.9671
116.374 39.9672
116.374 39.9673
116.374 39.9674
116.374 39.9676
116.374 39.9677
116.374 39.9678
116.374 39.9679
116.374 39.9681
116.374 39.9682
116.374 39.9683
116.374 39.9685
116.374 39.9686
116.374 39.9687
116.374 39.9689
116.374 39.969
116.374 39.9691
116.374 39.9693
116.374 39.9694
116.374 39.9695
116.374 39.9697
116.374 39.9698
116.375 39.97
116.375 39.9701
116.375 39.9702
116.375 39.9704
116.375 39.9705
116.375 39.9706
116.375 39.9707
116.375 39.9708
116.375 39.9709
116.375 39.9711
116.375 39.9712
116.375 39.9713
116.375 39.9714
116.375 39.9715
116.375 39.9716
116.375 39.9717
116.375 39.9718
116.375 39.9719
116.375 39.972
116.375 39.9722
116.375 39.9723
116.375 39.9724
116.375 39.9725
116.375 39.9726
116.375 39.9728
116.375 39.9729
116.375 39.9731
116.375 39.9732
116.375 39.9733
116.375 39.9735
116.375 39.9736
116.375 39.9738
116.375 39.9739
116.375 39.9741
116.375 39.9742
116.375 39.9744
116.375 39.9745
116.375 39.9747
116.375 39.9748
116.375 39.975
116.375 39.9751
116.375 39.9752
116.375 39.9754
116.375 39.9755
116.375 39.9757
116.375 39.9758
116.375 39.9759
116.375 39.9761
116.375 39.9762
116.375 39.9763
116.375 39.9765
116.375 39.9766
116.375 39.9767
116.375 39.9768
116.375 39.9769
116.375 39.977
116.375 39.9771
116.375 39.9772
116.375 39.9773
116.375 39.9774
116.375 39.9775
116.375 39.9776
116.375 39.9777
116.375 39.9778
116.375 39.9779
116.375 39.978
116.375 39.9781
116.375 39.9782
116.374 39.9783
116.374 39.9784
116.374 39.9785
116.374 39.9786
116.374 39.9787
116.374 39.9788
116.374 39.9789
116.374 39.979
116.374 39.9791
116.374 39.9792
116.374 39.9793
116.374 39.9794
116.374 39.9795
116.374 39.9796
116.374 39.9797
116.374 39.9798
116.374 39.9799
116.374 39.98
116.374 39.9801
116.374 39.9802
116.374 39.9803
116.374 39.9804
116.374 39.9805
116.374 39.9806
116.374 39.9807
116.374 39.9809
116.374 39.981
116.374 39.9811
116.374 39.9812
116.374 39.9813
116.374 39.9815
116.374 39.9816
116.373 39.9817
116.373 39.9818
116.373 39.982
116.373 39.9821
116.373 39.9822
116.373 39.9824
116.373 39.9825
116.373 39.9826
116.373 39.9828
116.373 39.9829
116.373 39.983
116.373 39.9832
116.373 39.9833
116.373 39.9834
116.373 39.9835
116.373 39.9837
116.373 39.9838
116.373 39.984
116.373 39.9841
116.373 39.9842
116.373 39.9844
116.373 39.9845
116.373 39.9846
116.373 39.9848
116.373 39.9849
116.372 39.9851
116.372 39.9852
116.372 39.9853
116.372 39.9855
116.372 39.9856
116.372 39.9858
116.372 39.9859
116.372 39.9861
116.372 39.9862
116.372 39.9864
116.372 39.9866
116.372 39.9869
116.372 39.987
116.372 39.9871
116.372 39.9872
116.372 39.9873
116.372 39.9875
116.372 39.9876
116.371 39.9877
116.371 39.9879
116.371 39.988
116.371 39.9882
116.371 39.9883
116.371 39.9884
116.371 39.9886
116.371 39.9887
116.371 39.9888
116.371 39.989
116.371 39.9891
116.371 39.9892
116.371 39.9893
116.371 39.9895
116.371 39.9896
116.371 39.9897
116.371 39.9898
116.371 39.9899
116.371 39.99
116.371 39.9901
116.371 39.9902
116.371 39.9903
116.371 39.9904
116.371 39.9905
116.371 39.9906
116.371 39.9907
116.371 39.9908
116.371 39.9909
116.371 39.991
116.371 39.991
116.371 39.9911
116.37 39.9912
116.37 39.9913
116.37 39.9914
116.37 39.9915
116.37 39.9916
116.37 39.9916
116.37 39.9917
116.37 39.9919
116.37 39.9919
116.37 39.992
116.37 39.9921
116.37 39.9922
116.37 39.9923
116.37 39.9925
116.37 39.9926
116.369 39.9927
116.369 39.9928
116.369 39.9928
116.369 39.9929
116.369 39.993
116.369 39.9931
116.369 39.9932
116.369 39.9933
116.369 39.9933
116.369 39.9934
116.369 39.9935
116.369 39.9936
116.369 39.9937
116.369 39.9937
116.369 39.9938
116.369 39.9939
116.368 39.994
116.368 39.9941
116.368 39.9941
116.368 39.9942
116.368 39.9943
116.368 39.9944
116.368 39.9944
116.368 39.9945
116.368 39.9946
116.368 39.9947
116.368 39.9947
116.368 39.9948
116.368 39.995
116.368 39.9951
116.367 39.9952
116.367 39.9954
116.367 39.9954
116.367 39.9955
116.367 39.9956
116.367 39.9957
116.367 39.9958
116.367 39.9958
116.367 39.9959
116.367 39.996
116.367 39.9962
116.367 39.9963
116.367 39.9964
116.367 39.9964
116.366 39.9966
116.366 39.9967
116.366 39.9968
116.366 39.9968
116.366 39.9969
116.366 39.997
116.366 39.9971
116.366 39.9972
116.366 39.9973
116.366 39.9974
116.366 39.9975
116.366 39.9976
116.366 39.9977
116.366 39.9978
116.365 39.9979
116.365 39.998
116.365 39.9981
116.365 39.9982
116.365 39.9983
116.365 39.9984
116.365 39.9985
116.365 39.9987
116.365 39.9988
116.365 39.9989
116.365 39.999
116.365 39.9991
116.364 39.9992
116.364 39.9993
116.364 39.9994
116.364 39.9995
116.364 39.9995
116.364 39.9996
116.364 39.9997
116.364 39.9998
116.364 39.9998
116.364 39.9999
116.364 40
116.364 40.0002
116.364 40.0003
116.364 40.0004
116.363 40.0006
116.363 40.0007
116.363 40.0008
116.363 40.0009
116.363 40.001
116.363 40.001
116.363 40.0011
116.363 40.0012
116.363 40.0013
116.363 40.0014
116.363 40.0015
116.363 40.0015
116.363 40.0016
116.363 40.0017
116.362 40.0018
116.362 40.0019
116.362 40.002
116.362 40.0021
116.362 40.0022
116.362 40.0023
116.362 40.0023
116.362 40.0024
116.362 40.0025
116.362 40.0026
116.362 40.0027
116.362 40.0028
116.362 40.0029
116.362 40.003
116.361 40.0032
116.361 40.0033
116.361 40.0034
116.361 40.0035
116.361 40.0036
116.361 40.0037
116.361 40.0038
116.361 40.0039
116.361 40.004
116.361 40.0041
116.361 40.0042
116.361 40.0043
116.361 40.0044
116.36 40.0045
116.36 40.0046
116.36 40.0047
116.36 40.0048
116.36 40.0049
116.36 40.0051
116.36 40.0052
116.36 40.0053
116.36 40.0054
116.36 40.0056
116.36 40.0057
116.36 40.0058
116.359 40.006
116.359 40.0061
116.359 40.0062
116.359 40.0064
116.359 40.0065
116.359 40.0067
116.359 40.0068
116.359 40.0069
116.359 40.0071
116.359 40.0072
116.358 40.0073
116.358 40.0075
116.358 40.0076
116.358 40.0078
116.358 40.0079
116.358 40.0081
116.358 40.0082
116.358 40.0083
116.358 40.0085
116.358 40.0086
116.357 40.0088
116.357 40.0089
116.357 40.009
116.357 40.0092
116.357 40.0093
116.357 40.0094
116.357 40.0096
116.357 40.0097
116.357 40.0098
116.357 40.0099
116.357 40.01
116.356 40.0101
116.356 40.0102
116.356 40.0103
116.356 40.0104
116.356 40.0105
116.356 40.0106
116.356 40.0107
116.356 40.0108
116.356 40.0109
116.356 40.011
116.356 40.0111
116.356 40.0112
116.356 40.0113
116.356 40.0114
116.356 40.0114
116.355 40.0115
116.355 40.0116
116.355 40.0117
116.355 40.0118
116.355 40.0119
116.355 40.012
116.355 40.0121
116.355 40.0122
116.355 40.0123
116.355 40.0123
116.355 40.0124
116.355 40.0125
116.355 40.0125
116.354 40.0126
116.354 40.0127
116.354 40.0128
116.354 40.0129
116.354 40.013
116.354 40.0131
116.354 40.0132
116.354 40.0132
116.354 40.0133
116.354 40.0135
116.354 40.0136
116.354 40.0137
116.354 40.0138
116.353 40.0139
116.353 40.014
116.353 40.0141
116.353 40.0142
116.353 40.0144
116.353 40.0145
116.353 40.0146
116.353 40.0147
116.353 40.0148
116.353 40.015
116.353 40.0151
116.352 40.0152
116.352 40.0153
116.352 40.0155
116.352 40.0156
116.352 40.0157
116.352 40.0158
116.352 40.0159
116.352 40.016
116.352 40.0161
116.352 40.0162
116.352 40.0163
116.352 40.0164
116.351 40.0165
116.351 40.0167
116.351 40.0168
116.351 40.0169
116.351 40.017
116.351 40.0171
116.351 40.0173
116.351 40.0174
116.351 40.0175
116.351 40.0176
116.35 40.0178
116.35 40.0179
116.35 40.018
116.35 40.0181
116.35 40.0183
116.35 40.0184
116.35 40.0185
116.35 40.0187
116.35 40.0188
116.35 40.0189
116.349 40.0191
116.349 40.0192
116.349 40.0193
116.349 40.0195
116.349 40.0196
116.349 40.0198
116.349 40.0199
116.349 40.0201
116.349 40.0202
116.348 40.0204
116.348 40.0205
116.348 40.0207
116.348 40.0208
116.348 40.021
116.348 40.0211
116.348 40.0213
116.348 40.0214
116.348 40.0215
116.348 40.0217
116.347 40.0218
116.347 40.0219
116.347 40.022
116.347 40.0221
116.347 40.0222
116.347 40.0223
116.347 40.0224
116.347 40.0225
116.347 40.0225
116.347 40.0226
116.347 40.0227
116.347 40.0228
116.346 40.0229
116.346 40.023
116.346 40.0231
116.346 40.0232
116.346 40.0233
116.346 40.0234
116.346 40.0235
116.346 40.0237
116.346 40.0238
116.346 40.0239
116.346 40.024
116.346 40.0241
116.345 40.0242
116.345 40.0244
116.345 40.0245
116.345 40.0246
116.345 40.0247
116.345 40.0247
116.345 40.0248
116.345 40.0249
116.345 40.0249
116.345 40.025
116.345 40.0251
116.345 40.0252
116.345 40.0253
116.345 40.0254
116.345 40.0254
116.344 40.0255
116.344 40.0256
116.344 40.0257
116.344 40.0258
116.344 40.0259
116.344 40.026
116.344 40.0261
116.344 40.0262
116.344 40.0263
116.344 40.0264
116.344 40.0265
116.344 40.0266
116.344 40.0267
116.344 40.0268
116.343 40.0269
116.343 40.027
116.343 40.0271
116.343 40.0272
116.343 40.0273
116.343 40.0274
116.343 40.0275
116.343 40.0276
116.343 40.0277
116.343 40.0278
116.343 40.0279
116.343 40.028
116.343 40.0281
116.342 40.0282
116.342 40.0283
116.342 40.0283
116.342 40.0284
116.342 40.0285
116.342 40.0286
116.342 40.0287
116.342 40.0288
116.342 40.0288
116.342 40.0289
116.342 40.029
116.342 40.0291
116.342 40.0292
116.342 40.0293
116.342 40.0294
116.341 40.0295
116.341 40.0296
116.341 40.0297
116.341 40.0297
116.341 40.0299
116.341 40.03
116.341 40.03
116.341 40.0302
116.341 40.0303
116.341 40.0304
116.341 40.0304
116.341 40.0305
116.341 40.0306
116.341 40.0306
116.341 40.0307
116.34 40.0308
116.34 40.0309
116.34 40.0309
116.34 40.031
116.34 40.0311
116.34 40.0312
116.34 40.0312
116.34 40.0313
116.34 40.0314
116.34 40.0315
116.34 40.0316
116.34 40.0316
116.34 40.0317
116.34 40.0318
116.34 40.0319
116.34 40.032
116.339 40.032
116.339 40.0321
116.339 40.0322
116.339 40.0323
116.339 40.0324
116.339 40.0324
116.339 40.0325
116.339 40.0326
116.339 40.0327
116.339 40.0328
116.339 40.0329
116.339 40.033
116.339 40.0331
116.339 40.0332
116.339 40.0333
116.338 40.0334
116.338 40.0335
116.338 40.0336
116.338 40.0337
116.338 40.0338
116.338 40.0339
116.338 40.034
116.338 40.0341
116.338 40.0343
116.338 40.0344
116.338 40.0345
116.337 40.0346
116.337 40.0347
116.337 40.0349
116.337 40.035
116.337 40.0351
116.337 40.0353
116.337 40.0354
116.337 40.0356
116.337 40.0357
116.337 40.0358
116.336 40.036
116.336 40.0361
116.336 40.0363
116.336 40.0364
116.336 40.0366
116.336 40.0367
116.336 40.0369
116.336 40.037
116.336 40.0372
116.335 40.0373
116.335 40.0375
116.335 40.0376
116.335 40.0378
116.335 40.0379
116.335 40.0381
116.335 40.0382
116.335 40.0383
116.335 40.0385
116.334 40.0386
116.334 40.0388
116.334 40.0389
116.334 40.0391
116.334 40.0392
116.334 40.0394
116.334 40.0395
116.334 40.0396
116.334 40.0398
116.334 40.04
116.333 40.0401
116.333 40.0403
116.333 40.0404
116.333 40.0406
116.333 40.0407
116.333 40.0409
116.333 40.0411
116.333 40.0412
116.332 40.0414
116.332 40.0416
116.332 40.0417
116.332 40.0419
116.332 40.042
116.332 40.0422
116.332 40.0423
116.332 40.0424
116.331 40.0426
116.331 40.0427
116.331 40.0429
116.331 40.043
116.331 40.0432
116.331 40.0433
116.331 40.0435
116.331 40.0436
116.331 40.0438
116.33 40.044
116.33 40.0441
116.33 40.0443
116.33 40.0445
116.33 40.0446
116.33 40.0448
116.33 40.045
116.33 40.0452
116.329 40.0453
116.329 40.0455
116.329 40.0456
116.329 40.0458
116.329 40.046
116.329 40.0461
116.329 40.0463
116.329 40.0464
116.328 40.0466
116.328 40.0467
116.328 40.0469
116.328 40.0471
116.328 40.0472
116.328 40.0474
116.328 40.0476
116.328 40.0477
116.327 40.0479
116.327 40.048
116.327 40.0482
116.327 40.0484
116.327 40.0485
116.327 40.0487
116.327 40.0489
116.327 40.049
116.326 40.0492
116.326 40.0494
116.326 40.0495
116.326 40.0497
116.326 40.0498
116.326 40.05
116.326 40.0501
116.326 40.0502
116.326 40.0504
116.325 40.0505
116.325 40.0506
116.325 40.0507
116.325 40.0509
116.325 40.051
116.325 40.0511
116.325 40.0512
116.325 40.0514
116.325 40.0515
116.325 40.0516
116.324 40.0517
116.324 40.0519
116.324 40.052
116.324 40.0521
116.324 40.0522
116.324 40.0523
116.324 40.0525
116.324 40.0526
116.324 40.0527
116.324 40.0528
116.324 40.0529
116.323 40.0531
116.323 40.0532
116.323 40.0533
116.323 40.0534
116.323 40.0535
116.323 40.0536
116.323 40.0538
116.323 40.0539
116.323 40.054
116.323 40.0541
116.323 40.0542
116.322 40.0543
116.322 40.0544
116.322 40.0546
116.322 40.0547
116.322 40.0548
116.322 40.0549
116.322 40.0551
116.322 40.0552
116.322 40.0554
116.322 40.0555
116.321 40.0557
116.321 40.0558
116.321 40.056
116.321 40.0561
116.321 40.0563
116.321 40.0565
116.321 40.0566
116.321 40.0568
116.32 40.0569
116.32 40.0571
116.32 40.0573
116.32 40.0574
116.32 40.0576
116.32 40.0578
116.32 40.0579
116.32 40.0581
116.32 40.0583
116.319 40.0584
116.319 40.0586
116.319 40.0588
116.319 40.0589
116.319 40.0591
116.319 40.0593
116.319 40.0594
116.319 40.0596
116.318 40.0597
116.318 40.0599
116.318 40.06
116.318 40.0602
116.318 40.0603
116.318 40.0605
116.318 40.0606
116.318 40.0608
116.317 40.0609
116.317 40.0611
116.317 40.0612
116.317 40.0614
116.317 40.0615
116.317 40.0617
116.317 40.0618
116.317 40.0619
116.317 40.0621
116.316 40.0622
116.316 40.0624
116.316 40.0625
116.316 40.0627
116.316 40.0628
116.316 40.063
116.316 40.0631
116.316 40.0633
116.316 40.0634
116.315 40.0636
116.315 40.0637
116.315 40.0639
116.315 40.064
116.315 40.0642
116.315 40.0643
116.315 40.0645
116.315 40.0646
116.315 40.0648
116.314 40.0649
116.314 40.065
116.314 40.0652
116.314 40.0653
116.314 40.0655
116.314 40.0656
116.314 40.0658
116.314 40.0659
116.313 40.0661
116.313 40.0662
116.313 40.0664
116.313 40.0665
116.313 40.0666
116.313 40.0668
116.313 40.0669
116.313 40.067
116.313 40.0672
116.313 40.0673
116.312 40.0674
116.312 40.0675
116.312 40.0677
116.312 40.0678
116.312 40.0679
116.312 40.068
116.312 40.0681
116.312 40.0682
116.312 40.0683
116.312 40.0684
116.312 40.0685
116.311 40.0686
116.311 40.0687
116.311 40.0688
116.311 40.0689
116.311 40.069
116.311 40.0691
116.311 40.0692
116.311 40.0693
116.311 40.0694
116.311 40.0695
116.311 40.0697
116.311 40.0698
116.31 40.0699
116.31 40.07
116.31 40.0702
116.31 40.0703
116.31 40.0704
116.31 40.0705
116.31 40.0707
116.31 40.0708
116.31 40.0709
116.31 40.0711
116.309 40.0712
116.309 40.0714
116.309 40.0715
116.309 40.0717
116.309 40.0718
116.309 40.0719
116.309 40.0721
116.309 40.0722
116.309 40.0724
116.308 40.0725
116.308 40.0727
116.308 40.0729
116.308 40.073
116.308 40.0732
116.308 40.0733
116.308 40.0735
116.308 40.0737
116.307 40.0738
116.307 40.074
116.307 40.0742
116.307 40.0743
116.307 40.0745
116.307 40.0747
116.307 40.0748
116.307 40.075
116.306 40.0752
116.306 40.0754
116.306 40.0755
116.306 40.0757
116.306 40.0759
116.306 40.0761
116.306 40.0762
116.305 40.0764
116.305 40.0766
116.305 40.0767
116.305 40.0769
116.305 40.0771
116.305 40.0773
116.305 40.0774
116.304 40.0776
116.304 40.0778
116.304 40.078
116.304 40.0782
116.304 40.0783
116.304 40.0785
116.304 40.0787
116.304 40.0789
116.303 40.0791
116.303 40.0792
116.303 40.0794
116.303 40.0796
116.303 40.0798
116.303 40.08
116.303 40.0802
116.302 40.0804
116.302 40.0805
116.302 40.0807
116.302 40.0809
116.302 40.0811
116.302 40.0812
116.302 40.0814
116.301 40.0816
116.301 40.0818
116.301 40.0819
116.301 40.0821
116.301 40.0823
116.301 40.0825
116.301 40.0826
116.3 40.0828
116.3 40.083
116.3 40.0832
116.3 40.0833
116.3 40.0835
116.3 40.0837
116.3 40.0839
116.3 40.084
116.299 40.0842
116.299 40.0844
116.299 40.0846
116.299 40.0848
116.299 40.0849
116.299 40.0851
116.299 40.0853
116.298 40.0855
116.298 40.0856
116.298 40.0858
116.298 40.086
116.298 40.0862
116.298 40.0863
116.298 40.0865
116.297 40.0867
116.297 40.0869
116.297 40.0871
116.297 40.0873
116.297 40.0874
116.297 40.0876
116.297 40.0878
116.296 40.088
116.296 40.0882
116.296 40.0884
116.296 40.0886
116.296 40.0888
116.296 40.089
116.295 40.0892
116.295 40.0895
116.295 40.0897
116.295 40.0899
116.295 40.0901
116.295 40.0903
116.295 40.0905
116.294 40.0906
116.294 40.0908
116.294 40.091
116.294 40.0913
116.294 40.0915
116.294 40.0917
116.293 40.0919
116.293 40.0921
116.293 40.0923
116.293 40.0924
116.293 40.0926
116.293 40.0928
116.293 40.093
116.292 40.0932
116.292 40.0934
116.292 40.0936
116.292 40.0937
116.292 40.0939
116.292 40.0941
116.292 40.0943
116.291 40.0944
116.291 40.0946
116.291 40.0948
116.291 40.095
116.291 40.0952
116.291 40.0953
116.291 40.0955
116.29 40.0957
116.29 40.0959
116.29 40.0961
116.29 40.0963
116.29 40.0964
116.29 40.0966
116.29 40.0968
116.289 40.097
116.289 40.0972
116.289 40.0974
116.289 40.0976
116.289 40.0978
116.289 40.0979
116.289 40.0981
116.288 40.0983
116.288 40.0985
116.288 40.0987
116.288 40.0989
116.288 40.0991
116.288 40.0992
116.288 40.0994
116.287 40.0996
116.287 40.0998
116.287 40.1
116.287 40.1002
116.287 40.1004
116.287 40.1006
116.287 40.1008
116.287 40.101
116.286 40.1012
116.286 40.1014
116.286 40.1016
116.286 40.1018
116.286 40.102
116.286 40.1022
116.286 40.1024
116.286 40.1026
116.286 40.1028
116.285 40.103
116.285 40.1032
116.285 40.1034
116.285 40.1035
116.285 40.1037
116.285 40.1039
116.285 40.1041
116.284 40.1042
116.284 40.1044
116.284 40.1046
116.284 40.1048
116.284 40.1049
116.283 40.1051
116.283 40.1052
116.283 40.1054
116.283 40.1055
116.283 40.1057
116.282 40.1059
116.282 40.106
116.282 40.1062
116.282 40.1063
116.282 40.1065
116.281 40.1066
116.281 40.1068
116.281 40.107
116.281 40.1071
116.281 40.1073
116.28 40.1074
116.28 40.1076
116.28 40.1077
116.28 40.1079
116.28 40.108
116.279 40.1082
116.279 40.1083
116.279 40.1085
116.279 40.1086
116.279 40.1088
116.278 40.1089
116.278 40.1091
116.278 40.1092
116.278 40.1094
116.278 40.1095
116.277 40.1097
116.277 40.1098
116.277 40.11
116.277 40.1101
116.277 40.1103
116.276 40.1104
116.276 40.1106
116.276 40.1107
116.276 40.1109
116.275 40.111
116.275 40.1112
116.275 40.1113
116.275 40.1115
116.275 40.1116
116.274 40.1118
116.274 40.1119
116.274 40.1121
116.274 40.1123
116.274 40.1124
116.273 40.1126
116.273 40.1127
116.273 40.1129
116.273 40.113
116.272 40.1132
116.272 40.1133
116.272 40.1135
116.272 40.1136
116.272 40.1137
116.272 40.1139
116.271 40.114
116.271 40.1142
116.271 40.1143
116.271 40.1144
116.271 40.1146
116.27 40.1147
116.27 40.1148
116.27 40.115
116.27 40.1151
116.27 40.1152
116.27 40.1154
116.269 40.1155
116.269 40.1156
116.269 40.1158
116.269 40.1159
116.269 40.116
116.268 40.1162
116.268 40.1163
116.268 40.1165
116.268 40.1166
116.268 40.1167
116.268 40.1169
116.267 40.117
116.267 40.1172
116.267 40.1173
116.267 40.1175
116.267 40.1176
116.267 40.1178
116.266 40.118
116.266 40.1181
116.266 40.1183
116.266 40.1184
116.266 40.1186
116.266 40.1188
116.266 40.1189
116.265 40.1191
116.265 40.1193
116.265 40.1194
116.265 40.1196
116.265 40.1198
116.265 40.1199
116.265 40.1201
116.264 40.1203
116.264 40.1204
116.264 40.1206
116.264 40.1208
116.264 40.1209
116.264 40.1211
116.264 40.1213
116.263 40.1214
116.263 40.1216
116.263 40.1218
116.263 40.122
116.263 40.1221
116.263 40.1223
116.263 40.1225
116.263 40.1227
116.263 40.1228
116.263 40.123
116.263 40.1232
116.263 40.1234
116.263 40.1236
116.263 40.1238
116.262 40.1239
116.262 40.1241
116.262 40.1243
116.262 40.1245
116.262 40.1247
116.262 40.1249
116.262 40.1251
116.262 40.1253
116.262 40.1255
116.262 40.1256
116.262 40.1258
116.262 40.126
116.262 40.1262
116.262 40.1264
116.262 40.1266
116.262 40.1268
116.262 40.127
116.262 40.1271
116.262 40.1273
116.262 40.1275
116.262 40.1277
116.262 40.1279
116.262 40.128
116.262 40.1282
116.262 40.1284
116.262 40.1286
116.262 40.1287
116.262 40.1289
116.262 40.1291
116.262 40.1292
116.262 40.1294
116.262 40.1296
116.262 40.1298
116.262 40.1299
116.262 40.1301
116.262 40.1303
116.262 40.1305
116.262 40.1307
116.262 40.1309
116.262 40.1311
116.262 40.1312
116.262 40.1314
116.262 40.1316
116.262 40.1318
116.262 40.132
116.262 40.1322
116.262 40.1323
116.262 40.1325
116.262 40.1327
116.262 40.1328
116.262 40.133
116.262 40.1332
116.262 40.1333
116.262 40.1335
116.262 40.1336
116.262 40.1338
116.261 40.1339
116.261 40.1341
116.261 40.1342
116.261 40.1343
116.261 40.1345
116.261 40.1346
116.261 40.1348
116.261 40.1349
116.261 40.135
116.26 40.1352
116.26 40.1353
116.26 40.1354
116.26 40.1356
116.26 40.1357
116.26 40.1358
116.26 40.136
116.259 40.1361
116.259 40.1362
116.259 40.1364
116.259 40.1365
116.259 40.1367
116.259 40.1368
116.259 40.1369
116.259 40.1371
116.258 40.1372
116.258 40.1374
116.258 40.1375
116.258 40.1377
116.258 40.1378
116.258 40.138
116.258 40.1381
116.258 40.1383
116.257 40.1384
116.257 40.1386
116.257 40.1388
116.257 40.1389
116.257 40.1391
116.257 40.1392
116.257 40.1394
116.256 40.1395
116.256 40.1397
116.256 40.1399
116.256 40.14
116.256 40.1402
116.256 40.1403
116.256 40.1405
116.256 40.1407
116.255 40.1408
116.255 40.141
116.255 40.1411
116.255 40.1413
116.255 40.1414
116.255 40.1416
116.255 40.1418
116.255 40.1419
116.254 40.1421
116.254 40.1422
116.254 40.1424
116.254 40.1426
116.254 40.1427
116.254 40.1429
116.254 40.143
116.253 40.1432
116.253 40.1434
116.253 40.1435
116.253 40.1437
116.253 40.1438
116.253 40.144
116.253 40.1442
116.253 40.1443
116.252 40.1445
116.252 40.1446
116.252 40.1448
116.252 40.145
116.252 40.1451
116.252 40.1453
116.252 40.1455
116.251 40.1456
116.251 40.1458
116.251 40.1459
116.251 40.1461
116.251 40.1463
116.251 40.1465
116.251 40.1466
116.251 40.1468
116.25 40.147
116.25 40.1472
116.25 40.1473
116.25 40.1475
116.25 40.1477
116.25 40.1479
116.25 40.1481
116.249 40.1483
116.249 40.1485
116.249 40.1487
116.249 40.1488
116.249 40.149
116.249 40.1492
116.249 40.1494
116.249 40.1496
116.248 40.1498
116.248 40.1499
116.248 40.1501
116.248 40.1503
116.248 40.1505
116.248 40.1507
116.248 40.1508
116.248 40.151
116.247 40.1512
116.247 40.1513
116.247 40.1515
116.247 40.1517
116.247 40.1518
116.247 40.152
116.247 40.1521
116.247 40.1523
116.247 40.1525
116.246 40.1526
116.246 40.1528
116.246 40.153
116.246 40.1531
116.246 40.1533
116.246 40.1535
116.246 40.1537
116.246 40.1538
116.246 40.154
116.245 40.1542
116.245 40.1544
116.245 40.1546
116.245 40.1548
116.245 40.155
116.245 40.1552
116.245 40.1554
116.245 40.1555
116.244 40.1557
116.244 40.1559
116.244 40.1561
116.244 40.1563
116.244 40.1565
116.244 40.1567
116.244 40.1569
116.243 40.1571
116.243 40.1573
116.243 40.1575
116.243 40.1577
116.243 40.1579
116.243 40.1581
116.243 40.1583
116.243 40.1585
116.242 40.1587
116.242 40.1589
116.242 40.1591
116.242 40.1593
116.242 40.1595
116.242 40.1597
116.242 40.1599
116.241 40.1601
116.241 40.1603
116.241 40.1605
116.241 40.1607
116.241 40.1609
116.241 40.1611
116.241 40.1613
116.241 40.1615
116.24 40.1617
116.24 40.1619
116.24 40.1621
116.24 40.1623
116.24 40.1625
116.24 40.1627
116.24 40.1629
116.239 40.1631
116.239 40.1633
116.239 40.1635
116.239 40.1637
116.239 40.164
116.239 40.1642
116.239 40.1644
116.239 40.1646
116.239 40.1648
116.238 40.165
116.238 40.1652
116.238 40.1654
116.238 40.1657
116.238 40.1659
116.238 40.1661
116.238 40.1664
116.238 40.1666
116.238 40.1668
116.238 40.167
116.238 40.1672
116.238 40.1675
116.238 40.1676
116.238 40.1678
116.238 40.168
116.237 40.1682
116.237 40.1684
116.237 40.1685
116.237 40.1687
116.237 40.1689
116.237 40.169
116.237 40.1692
116.237 40.1694
116.237 40.1696
116.237 40.1698
116.237 40.1699
116.237 40.1701
116.237 40.1703
116.237 40.1705
116.237 40.1707
116.237 40.1709
116.237 40.1711
116.237 40.1712
116.237 40.1714
116.237 40.1716
116.236 40.1718
116.236 40.172
116.236 40.1722
116.236 40.1724
116.236 40.1725
116.236 40.1727
116.236 40.1729
116.236 40.173
116.236 40.1732
116.236 40.1734
116.236 40.1735
116.236 40.1737
116.236 40.1739
116.236 40.1741
116.236 40.1742
116.235 40.1744
116.235 40.1746
116.235 40.1748
116.235 40.1749
116.235 40.1751
116.235 40.1752
116.235 40.1754
116.235 40.1756
116.235 40.1757
116.235 40.1759
116.235 40.176
116.235 40.1762
116.234 40.1763
116.234 40.1765
116.234 40.1766
116.234 40.1768
116.234 40.1769
116.234 40.1771
116.234 40.1772
116.234 40.1774
116.234 40.1775
116.234 40.1777
116.234 40.1778
116.234 40.178
116.233 40.1781
116.233 40.1783
116.233 40.1784
116.233 40.1786
116.233 40.1787
116.233 40.1789
116.233 40.179
116.233 40.1792
116.233 40.1794
116.233 40.1795
116.233 40.1797
116.233 40.1799
116.233 40.18
116.232 40.1802
116.232 40.1803
116.232 40.1805
116.232 40.1807
116.232 40.1808
116.232 40.181
116.232 40.1812
116.232 40.1813
116.232 40.1815
116.232 40.1817
116.232 40.1819
116.232 40.182
116.231 40.1822
116.231 40.1823
116.231 40.1825
116.231 40.1826
116.231 40.1828
116.231 40.183
116.231 40.1831
116.231 40.1833
116.231 40.1835
116.231 40.1836
116.231 40.1838
116.231 40.184
116.23 40.1842
116.23 40.1843
116.23 40.1845
116.23 40.1846
116.23 40.1848
116.23 40.185
116.23 40.1851
116.23 40.1853
116.23 40.1854
116.23 40.1856
116.23 40.1858
116.23 40.1859
116.229 40.1861
116.229 40.1863
116.229 40.1864
116.229 40.1866
116.229 40.1868
116.229 40.1869
116.229 40.1871
116.229 40.1873
116.229 40.1875
116.229 40.1876
116.229 40.1878
116.228 40.188
116.228 40.1881
116.228 40.1883
116.228 40.1884
116.228 40.1886
116.228 40.1887
116.228 40.1889
116.228 40.189
116.228 40.1892
116.228 40.1893
116.228 40.1895
116.228 40.1896
116.228 40.1897
116.228 40.1898
116.227 40.1899
116.227 40.19
116.227 40.1902
116.227 40.1903
116.227 40.1904
116.227 40.1905
116.227 40.1906
116.227 40.1907
116.227 40.1908
116.227 40.1909
116.227 40.191
116.227 40.1912
116.227 40.1913
116.227 40.1914
116.227 40.1916
116.227 40.1917
116.227 40.1918
116.226 40.192
116.226 40.1921
116.226 40.1923
116.226 40.1925
116.226 40.1926
116.226 40.1928
116.226 40.1929
116.226 40.1931
116.226 40.1932
116.226 40.1934
116.226 40.1935
116.226 40.1936
116.226 40.1938
116.225 40.1939
116.225 40.1941
116.225 40.1942
116.225 40.1944
116.225 40.1945
116.225 40.1947
116.225 40.1948
116.225 40.195
116.225 40.1951
116.225 40.1953
116.225 40.1954
116.225 40.1955
116.225 40.1957
116.225 40.1958
116.224 40.196
116.224 40.1961
116.224 40.1963
116.224 40.1964
116.224 40.1966
116.224 40.1967
116.224 40.1969
116.224 40.1971
116.224 40.1972
116.224 40.1974
116.224 40.1975
116.224 40.1977
116.224 40.1978
116.223 40.1979
116.223 40.1981
116.223 40.1982
116.223 40.1983
116.223 40.1985
116.223 40.1986
116.223 40.1988
116.223 40.1989
116.223 40.199
116.223 40.1992
116.223 40.1993
116.223 40.1994
116.223 40.1996
116.223 40.1997
116.223 40.1998
116.222 40.2
116.222 40.2001
116.222 40.2002
116.222 40.2003
116.222 40.2005
116.222 40.2006
116.222 40.2007
116.222 40.2008
116.222 40.201
116.222 40.2011
116.222 40.2012
116.222 40.2013
116.222 40.2015
116.222 40.2016
116.222 40.2018
116.222 40.2019
116.221 40.202
116.221 40.2022
116.221 40.2023
116.221 40.2025
116.221 40.2027
116.221 40.2028
116.221 40.203
116.221 40.2031
116.221 40.2033
116.221 40.2035
116.221 40.2036
116.221 40.2038
116.221 40.204
116.22 40.2041
116.22 40.2043
116.22 40.2044
116.22 40.2046
116.22 40.2048
116.22 40.2049
116.22 40.2051
116.22 40.2052
116.22 40.2054
116.22 40.2056
116.22 40.2057
116.22 40.2059
116.22 40.2061
116.219 40.2062
116.219 40.2064
116.219 40.2066
116.219 40.2068
116.219 40.2069
116.219 40.2071
116.219 40.2073
116.219 40.2075
116.219 40.2076
116.219 40.2078
116.219 40.208
116.219 40.2082
116.218 40.2083
116.218 40.2085
116.218 40.2087
116.218 40.2088
116.218 40.209
116.218 40.2092
116.218 40.2093
116.218 40.2095
116.218 40.2097
116.218 40.2098
116.218 40.21
116.218 40.2101
116.218 40.2103
116.218 40.2104
116.217 40.2106
116.217 40.2107
116.217 40.2109
116.217 40.211
116.217 40.2112
116.217 40.2114
116.217 40.2115
116.217 40.2117
116.217 40.2118
116.217 40.212
116.217 40.2121
116.216 40.2123
116.216 40.2124
116.216 40.2126
116.216 40.2127
116.216 40.2129
116.216 40.213
116.216 40.2132
116.216 40.2133
116.216 40.2135
116.215 40.2136
116.215 40.2138
116.215 40.2139
116.215 40.2141
116.215 40.2142
116.215 40.2144
116.215 40.2146
116.215 40.2147
116.215 40.2149
116.215 40.215
116.214 40.2152
116.214 40.2153
116.214 40.2155
116.214 40.2156
116.214 40.2158
116.214 40.2159
116.214 40.2161
116.214 40.2162
116.214 40.2163
116.214 40.2165
116.213 40.2166
116.213 40.2167
116.213 40.2169
116.213 40.217
116.213 40.2171
116.213 40.2172
116.213 40.2173
116.213 40.2175
116.213 40.2176
116.213 40.2177
116.213 40.2178
116.213 40.2179
116.213 40.218
116.212 40.2181
116.212 40.2182
116.212 40.2183
116.212 40.2184
116.212 40.2185
116.212 40.2186
116.212 40.2187
116.212 40.2188
116.212 40.2189
116.212 40.219
116.212 40.2191
116.212 40.2192
116.212 40.2193
116.212 40.2194
116.212 40.2195
116.212 40.2196
116.212 40.2197
116.212 40.2198
116.211 40.2199
116.211 40.22
116.211 40.2201
116.211 40.2202
116.211 40.2204
116.211 40.2205
116.211 40.2206
116.211 40.2207
116.211 40.2208
116.211 40.2209
116.211 40.221
116.211 40.2211
116.212 40.2212
116.212 40.2212
116.212 40.2212
116.212 40.2213
116.212 40.2213
116.212 40.2213
116.212 40.2212
116.212 40.2212
116.213 40.2212
116.213 40.2212
116.213 40.2211
116.213 40.2211
116.213 40.2211
116.213 40.221
116.213 40.2209
116.213 40.2208
116.213 40.2207
116.213 40.2207
116.213 40.2207
116.213 40.2207
116.213 40.2207
116.213 40.2213
116.213 40.2214
116.213 40.2214
116.213 40.2213
116.213 40.2213
116.213 40.2213
116.212 40.2213
116.212 40.2213
116.212 40.2214
116.212 40.2214
116.212 40.2215
116.212 40.2216
116.212 40.2217
116.212 40.2218
116.212 40.2219
116.212 40.222
116.211 40.2221
116.211 40.2222
116.211 40.2223
116.211 40.2224
116.211 40.2225
116.211 40.2226
116.211 40.2227
116.211 40.2227
116.211 40.2228
116.211 40.2228
116.21 40.2228
116.21 40.2229
116.21 40.2229
116.21 40.223
116.21 40.2231
116.21 40.2232
116.21 40.2233
116.21 40.2233
116.21 40.2234
116.21 40.2235
116.21 40.2236
116.21 40.2237
116.21 40.2238
116.21 40.2239
116.21 40.224
116.21 40.2241
116.21 40.2242
116.21 40.2243
116.21 40.2244
116.209 40.2245
116.209 40.2246
116.209 40.2247
116.209 40.2248
116.209 40.225
116.209 40.2252
116.209 40.2253
116.209 40.2254
116.209 40.2255
116.209 40.2256
116.209 40.2257
116.209 40.2259
116.209 40.226
116.209 40.2262
116.209 40.2263
116.209 40.2264
116.209 40.2265
116.209 40.2266
116.209 40.2267
116.209 40.2268
116.209 40.2269
116.209 40.227
116.209 40.2271
116.209 40.2271
116.208 40.2272
116.208 40.2273
116.208 40.2274
116.208 40.2275
116.208 40.2276
116.208 40.2277
116.208 40.2278
116.208 40.2279
116.208 40.228
116.208 40.2281
116.208 40.2282
116.208 40.2283
116.208 40.2284
116.208 40.2285
116.208 40.2286
116.208 40.2287
116.208 40.2288
116.208 40.2289
116.208 40.229
116.208 40.2292
116.208 40.2293
116.208 40.2294
116.208 40.2295
116.208 40.2296
116.208 40.2297
116.208 40.2298
116.208 40.2299
116.207 40.2301
116.207 40.2302
116.207 40.2303
116.207 40.2304
116.207 40.2305
116.207 40.2307
116.207 40.2308
116.207 40.2309
116.207 40.231
116.207 40.2312
116.207 40.2313
116.207 40.2314
116.207 40.2315
116.207 40.2317
116.207 40.2318
116.207 40.2319
116.207 40.232
116.207 40.2322
116.207 40.2323
116.207 40.2324
116.207 40.2325
116.207 40.2327
116.207 40.2328
116.207 40.2329
116.207 40.233
116.207 40.2331
116.207 40.2333
116.208 40.2334
116.208 40.2335
116.208 40.2336
116.208 40.2338
116.208 40.2339
116.208 40.234
116.208 40.2341
116.208 40.2342
116.208 40.2344
116.208 40.2345
116.208 40.2346
116.208 40.2347
116.208 40.2348
116.208 40.2349
116.208 40.235
116.208 40.2352
116.208 40.2353
116.208 40.2354
116.208 40.2355
116.208 40.2356
116.208 40.2357
116.208 40.2358
116.208 40.2359
116.208 40.236
116.208 40.2361
116.208 40.2363
116.208 40.2364
116.208 40.2365
116.208 40.2366
116.208 40.2367
116.209 40.2368
116.209 40.2368
116.209 40.2369
116.209 40.237
116.209 40.2371
116.209 40.2371
116.209 40.2372
116.209 40.2373
116.209 40.2374
116.209 40.2375
116.209 40.2376
116.209 40.2377
116.209 40.2378
116.21 40.2379
116.21 40.2379
116.21 40.2381
116.21 40.2382
116.21 40.2383
116.21 40.2384
116.21 40.2386
116.21 40.2387
116.21 40.2389
116.21 40.2391
116.21 40.2392
116.21 40.2394
116.21 40.2396
116.21 40.2397
116.21 40.2399
116.21 40.24
116.21 40.2401
116.21 40.2402
116.21 40.2404
116.21 40.2405
116.21 40.2406
116.21 40.2407
116.21 40.2408
116.21 40.241
116.21 40.2411
116.21 40.2412
116.211 40.2413
116.211 40.2414
116.211 40.2415
116.211 40.2416
116.211 40.2416
116.211 40.2417
116.211 40.2418
116.211 40.2419
116.211 40.242
116.211 40.2421
116.211 40.2422
116.212 40.2423
116.212 40.2424
116.212 40.2425
116.212 40.2426
116.212 40.2428
116.212 40.2429
116.212 40.243
116.212 40.2431
116.212 40.2432
116.212 40.2433
116.212 40.2435
116.212 40.2436
116.213 40.2437
116.213 40.2439
116.213 40.244
116.213 40.2442
116.213 40.2444
116.213 40.2445
116.213 40.2446
116.213 40.2448
116.213 40.2449
116.213 40.2451
116.213 40.2452
116.213 40.2453
116.213 40.2454
116.213 40.2455
116.213 40.2457
116.213 40.2458
116.213 40.2459
116.214 40.246
116.214 40.2461
116.214 40.2463
116.214 40.2464
116.214 40.2465
116.214 40.2466
116.214 40.2467
116.214 40.2468
116.214 40.2469
116.214 40.2471
116.214 40.2472
116.214 40.2473
116.214 40.2474
116.214 40.2475
116.214 40.2476
116.214 40.2477
116.214 40.2478
116.215 40.2479
116.215 40.248
116.215 40.2481
116.215 40.2482
116.215 40.2483
116.215 40.2484
116.215 40.2485
116.215 40.2486
116.215 40.2487
116.215 40.2488
116.215 40.2489
116.216 40.2491
116.216 40.2492
116.216 40.2493
116.216 40.2494
116.216 40.2495
116.216 40.2497
116.216 40.2498
116.216 40.2499
116.216 40.25
116.216 40.2502
116.216 40.2503
116.217 40.2505
116.217 40.2506
116.217 40.2508
116.217 40.2509
116.217 40.2511
116.217 40.2512
116.217 40.2514
116.217 40.2516
116.217 40.2517
116.217 40.2519
116.217 40.252
116.218 40.2522
116.218 40.2523
116.218 40.2525
116.218 40.2526
116.218 40.2528
116.218 40.2529
116.218 40.253
116.218 40.2532
116.218 40.2533
116.218 40.2534
116.218 40.2536
116.218 40.2537
116.219 40.2538
116.219 40.254
116.219 40.2541
116.219 40.2543
116.219 40.2544
116.219 40.2546
116.219 40.2547
116.219 40.2549
116.219 40.255
116.219 40.2552
116.219 40.2553
116.219 40.2555
116.219 40.2556
116.22 40.2558
116.22 40.2559
116.22 40.2561
116.22 40.2562
116.22 40.2564
116.22 40.2565
116.22 40.2566
116.22 40.2568
116.22 40.2569
116.22 40.2571
116.22 40.2572
116.22 40.2574
116.22 40.2575
116.221 40.2577
116.221 40.2578
116.221 40.258
116.221 40.2582
116.221 40.2583
116.221 40.2585
116.221 40.2586
116.221 40.2588
116.221 40.2589
116.221 40.2591
116.221 40.2592
116.222 40.2594
116.222 40.2595
116.222 40.2597
116.222 40.2598
116.222 40.26
116.222 40.2601
116.222 40.2603
116.222 40.2604
116.222 40.2606
116.223 40.2608
116.223 40.2609
116.223 40.2611
116.223 40.2612
116.223 40.2614
116.223 40.2615
116.223 40.2617
116.223 40.2618
116.223 40.262
116.223 40.2622
116.224 40.2623
116.224 40.2625
116.224 40.2626
116.224 40.2628
116.224 40.2629
116.224 40.2631
116.224 40.2633
116.224 40.2634
116.224 40.2636
116.224 40.2637
116.224 40.2639
116.224 40.2641
116.225 40.2642
116.225 40.2644
116.225 40.2645
116.225 40.2647
116.225 40.2648
116.225 40.265
116.225 40.2651
116.225 40.2652
116.225 40.2654
116.225 40.2655
116.225 40.2656
116.225 40.2658
116.225 40.2659
116.225 40.266
116.225 40.2661
116.226 40.2662
116.226 40.2663
116.226 40.2664
116.226 40.2665
116.226 40.2666
116.226 40.2667
116.226 40.2668
116.226 40.2669
116.226 40.2669
116.226 40.267
116.226 40.2671
116.227 40.2672
116.227 40.2674
116.227 40.2674
116.227 40.2675
116.227 40.2676
116.227 40.2677
116.227 40.2678
116.227 40.2678
116.227 40.2679
116.227 40.268
116.227 40.2681
116.228 40.2682
116.228 40.2683
116.228 40.2683
116.228 40.2684
116.228 40.2685
116.228 40.2686
116.228 40.2687
116.228 40.2688
116.228 40.2689
116.228 40.2689
116.228 40.269
116.229 40.2691
116.229 40.2692
116.229 40.2693
116.229 40.2694
116.229 40.2695
116.229 40.2696
116.229 40.2697
116.229 40.2698
116.229 40.2699
116.229 40.27
116.229 40.2701
116.23 40.2702
116.23 40.2703
116.23 40.2703
116.23 40.2704
116.23 40.2705
116.23 40.2706
116.23 40.2707
116.23 40.2708
116.23 40.2709
116.23 40.271
116.23 40.2711
116.23 40.2712
116.23 40.2713
116.231 40.2714
116.231 40.2715
116.231 40.2716
116.231 40.2717
116.231 40.2718
116.231 40.2719
116.231 40.272
116.231 40.2721
116.231 40.2722
116.231 40.2723
116.231 40.2724
116.232 40.2724
116.232 40.2725
116.232 40.2726
116.232 40.2727
116.232 40.2728
116.232 40.2729
116.232 40.273
116.232 40.2731
116.232 40.2732
116.232 40.2733
116.232 40.2734
116.232 40.2734
116.233 40.2735
116.233 40.2736
116.233 40.2737
116.233 40.2738
116.233 40.2739
116.233 40.274
116.233 40.2741
116.233 40.2742
116.233 40.2743
116.233 40.2744
116.233 40.2745
116.233 40.2746
116.233 40.2747
116.234 40.2748
116.234 40.2749
116.234 40.275
116.234 40.2751
116.234 40.2752
116.234 40.2753
116.234 40.2754
116.234 40.2756
116.234 40.2757
116.234 40.2758
116.234 40.2759
116.234 40.276
116.235 40.2761
116.235 40.2762
116.235 40.2764
116.235 40.2765
116.235 40.2766
116.235 40.2767
116.235 40.2769
116.235 40.277
116.235 40.2771
116.235 40.2773
116.235 40.2774
116.235 40.2776
116.235 40.2777
116.235 40.2779
116.235 40.278
116.235 40.2782
116.235 40.2783
116.235 40.2784
116.235 40.2786
116.235 40.2786
116.235 40.2788
116.235 40.2789
116.235 40.279
116.235 40.2792
116.235 40.2793
116.235 40.2795
116.235 40.2797
116.235 40.2798
116.235 40.2799
116.235 40.2801
116.235 40.2802
116.235 40.2803
116.235 40.2805
116.235 40.2807
116.235 40.2809
116.235 40.281
116.235 40.2812
116.235 40.2813
116.236 40.2814
116.236 40.2816
116.236 40.2817
116.236 40.2818
116.236 40.2819
116.236 40.282
116.236 40.2821
116.236 40.2822
116.236 40.2823
116.236 40.2824
116.236 40.2825
116.236 40.2826
116.236 40.2827
116.236 40.2828
116.236 40.2829
116.236 40.283
116.236 40.2831
116.236 40.2832
116.236 40.2834
116.236 40.2835
116.236 40.2837
116.236 40.2838
116.236 40.2839
116.236 40.2841
116.236 40.2842
116.236 40.2844
116.236 40.2845
116.236 40.2846
116.236 40.2847
116.236 40.2848
116.236 40.2849
116.236 40.2851
116.236 40.2852
116.236 40.2853
116.236 40.2855
116.236 40.2856
116.236 40.2857
116.236 40.2858
116.236 40.286
116.236 40.2861
116.236 40.2862
116.236 40.2863
116.236 40.2865
116.236 40.2866
116.236 40.2867
116.236 40.2869
116.236 40.287
116.236 40.2871
116.236 40.2873
116.236 40.2873
116.236 40.2874
116.236 40.2875
116.236 40.2877
116.236 40.2878
116.236 40.2879
116.236 40.288
116.236 40.2881
116.236 40.2882
116.236 40.2883
116.236 40.2884
116.236 40.2885
116.236 40.2887
116.236 40.2888
116.236 40.2889
116.236 40.289
116.236 40.2891
116.236 40.2892
116.236 40.2893
116.236 40.2894
116.236 40.2894
116.236 40.2895
116.236 40.2896
116.236 40.2897
116.236 40.2897
116.236 40.2897
116.236 40.2897
116.235 40.2897
116.235 40.2897
116.235 40.2897
116.235 40.2897
116.235 40.2897
116.235 40.2897
116.235 40.2897
116.234 40.2897
116.234 40.2897
116.234 40.2897
116.234 40.2896
116.234 40.2896
116.234 40.2896
116.233 40.2896
116.233 40.2896
116.233 40.2896
116.233 40.2896
116.233 40.2896
116.232 40.2896
116.232 40.2897
116.232 40.2897
116.232 40.2897
116.232 40.2896
116.232 40.2896
116.231 40.2896
116.231 40.2896
116.231 40.2896
116.231 40.2896
116.231 40.2896
116.23 40.2896
116.23 40.2896
116.23 40.2896
116.23 40.2896
116.23 40.2896
116.229 40.2896
116.229 40.2896
116.229 40.2896
116.229 40.2897
116.229 40.2897
116.229 40.2897
116.228 40.2897
116.228 40.2898
116.228 40.2898
116.228 40.2899
116.228 40.2899
116.228 40.29
116.228 40.2901
116.227 40.2901
116.227 40.2902
116.227 40.2902
116.227 40.2903
116.227 40.2904
116.227 40.2905
116.227 40.2905
116.226 40.2905
116.226 40.2906
116.226 40.2906
116.226 40.2907
116.226 40.2908
116.226 40.2908
116.226 40.2909
116.226 40.2909
116.225 40.291
116.225 40.291
116.225 40.2911
116.225 40.2911
116.225 40.2912
116.225 40.2912
116.225 40.2913
116.225 40.2913
116.224 40.2914
116.224 40.2915
116.224 40.2915
116.224 40.2916
116.224 40.2916
116.224 40.2917
116.224 40.2917
116.224 40.2918
116.223 40.2918
116.223 40.2919
116.223 40.2919
116.223 40.292
116.223 40.2921
116.223 40.2922
116.223 40.2923
116.223 40.2924
116.223 40.2925
116.223 40.2926
116.223 40.2927
116.223 40.2928
116.223 40.2928
116.223 40.2929
116.223 40.2929
116.222 40.293
116.222 40.293
116.222 40.293
116.222 40.293
116.222 40.2929
116.222 40.2928
116.222 40.2927
116.222 40.2927
116.222 40.2928
116.222 40.2928
116.222 40.2928
116.222 40.2928
116.222 40.2928
116.222 40.2928
116.222 40.2929
116.221 40.2929
116.221 40.2929
116.221 40.293
116.221 40.293
116.221 40.293
116.221 40.293
116.221 40.293
116.221 40.293
116.221 40.293
116.221 40.2931
116.221 40.2931
116.22 40.2931
116.22 40.2931
116.22 40.2931
116.22 40.2931
116.22 40.2931
116.22 40.2931
116.22 40.293
116.22 40.2929
116.22 40.2929
116.22 40.2929
116.22 40.293
116.22 40.293
116.22 40.2931
116.22 40.2932
116.22 40.2933
116.22 40.2933
116.22 40.2933
116.22 40.2934
116.22 40.2934
116.22 40.2934
116.219 40.2935
116.219 40.2935
116.219 40.2936
116.219 40.2935
116.219 40.2935
116.219 40.2935
116.219 40.2936
116.219 40.2936
116.219 40.2937
116.219 40.2938
116.219 40.2938
116.219 40.2939
116.219 40.2939
116.219 40.2939
116.219 40.294
116.218 40.294
116.218 40.294
116.218 40.294
116.218 40.2941
116.218 40.2941
116.218 40.2941
116.218 40.2942
116.218 40.2942
116.218 40.2943
116.218 40.2944
116.218 40.2943
116.218 40.2943
116.218 40.2944
116.217 40.2944
116.217 40.2944
116.217 40.2943
116.217 40.2943
116.217 40.2943
116.217 40.2943
116.217 40.2943
116.217 40.2943
116.217 40.2944
116.217 40.2945
116.217 40.2945
116.217 40.2944
116.217 40.2943
116.217 40.2943
116.217 40.2944
116.216 40.2944
116.216 40.2944
116.216 40.2945
116.216 40.2945
116.216 40.2946
116.216 40.2946
116.216 40.2947
116.216 40.2947
116.216 40.2948
116.216 40.2948
116.216 40.2948
116.215 40.2948
116.215 40.2949
116.215 40.2949
116.215 40.295
116.215 40.2951
116.215 40.2952
116.215 40.2953
116.215 40.2953
116.215 40.2954
116.215 40.2955
116.215 40.2956
116.215 40.2957
116.215 40.2957
116.215 40.2956
116.215 40.2955
116.215 40.2956
116.215 40.2956
