116.339 39.9267
116.339 39.9267
116.339 39.9266
116.339 39.9265
116.339 39.9265
116.339 39.9265
116.339 39.9265
116.339 39.9264
116.339 39.9264
116.339 39.9264
116.339 39.9265
116.339 39.9266
116.339 39.9265
116.339 39.9265
116.339 39.9265
116.339 39.9265
116.339 39.9265
116.339 39.9265
116.339 39.9265
116.339 39.9265
116.339 39.9264
116.339 39.9265
116.339 39.9265
116.339 39.9265
116.339 39.9265
116.339 39.9265
116.339 39.9265
116.339 39.9265
116.339 39.9265
116.339 39.9265
116.339 39.9265
116.339 39.9266
116.339 39.9267
116.339 39.9268
116.339 39.9267
116.339 39.9267
116.339 39.9267
116.339 39.9266
116.339 39.9266
116.339 39.9265
116.339 39.9264
116.339 39.9263
116.339 39.9262
116.339 39.9262
116.339 39.9262
116.339 39.9263
116.339 39.9264
116.339 39.9265
116.339 39.9266
116.339 39.9268
116.339 39.9268
116.339 39.9268
116.339 39.9272
116.339 39.9268
116.339 39.9268
116.339 39.9268
116.341 39.9274
116.344 39.9282
116.346 39.9292
116.347 39.9294
116.346 39.9292
116.347 39.9295
116.348 39.9297
116.35 39.9303
116.349 39.9301
116.347 39.9293
116.345 39.9288
116.342 39.928
116.339 39.927
116.338 39.9266
116.338 39.9264
116.337 39.926
116.337 39.9259
116.336 39.9255
116.335 39.9252
116.334 39.9248
116.332 39.9241
116.331 39.9239
116.33 39.9237
116.331 39.9238
116.33 39.9234
116.329 39.9232
116.328 39.9229
116.328 39.9227
116.327 39.9224
116.327 39.9225
116.327 39.9224
116.327 39.9223
116.327 39.9224
116.327 39.9224
116.327 39.9223
116.326 39.9221
116.326 39.922
116.325 39.9218
