116.302 39.9867
116.302 39.9867
116.302 39.9866
116.302 39.9866
116.302 39.9865
116.302 39.9865
116.302 39.9865
116.302 39.9865
116.302 39.9865
116.302 39.9865
116.303 39.9865
116.303 39.9865
116.303 39.9865
116.303 39.9865
116.303 39.9865
116.303 39.9865
116.303 39.9865
116.303 39.9865
116.303 39.9865
116.303 39.9865
116.303 39.9865
116.303 39.9865
116.303 39.9865
116.303 39.9865
116.303 39.9865
116.303 39.9865
116.303 39.9865
116.303 39.9866
116.303 39.9866
116.303 39.9866
116.303 39.9866
116.303 39.9866
116.303 39.9866
116.303 39.9866
116.303 39.9866
116.303 39.9866
116.303 39.9866
116.303 39.9865
116.303 39.9865
116.303 39.9865
116.303 39.9865
116.304 39.9865
116.304 39.9866
116.304 39.9866
116.304 39.9866
116.304 39.9866
116.304 39.9866
116.304 39.9866
116.304 39.9866
116.304 39.9866
116.304 39.9866
116.304 39.9866
116.304 39.9865
116.304 39.9865
116.304 39.9865
116.304 39.9865
116.304 39.9865
116.304 39.9865
116.304 39.9865
116.304 39.9864
116.304 39.9864
116.304 39.9864
116.304 39.9865
116.304 39.9864
116.304 39.9864
116.304 39.9864
116.304 39.9865
116.304 39.9865
116.304 39.9865
116.304 39.9865
116.304 39.9865
116.304 39.9864
116.304 39.9864
116.304 39.9863
116.304 39.9863
116.304 39.9862
116.304 39.9861
116.304 39.9861
116.304 39.986
116.304 39.986
116.304 39.986
116.304 39.986
116.305 39.986
116.305 39.9859
116.305 39.986
116.305 39.986
116.305 39.9861
116.305 39.9861
116.305 39.9861
116.305 39.9861
116.305 39.9861
116.305 39.9861
116.305 39.986
116.305 39.986
116.305 39.986
116.305 39.986
116.305 39.986
116.305 39.986
116.305 39.986
116.305 39.986
116.305 39.986
116.305 39.986
116.305 39.986
116.305 39.986
116.305 39.986
116.305 39.986
116.305 39.986
116.305 39.986
116.305 39.9861
116.305 39.9861
116.305 39.9861
116.305 39.986
116.305 39.986
116.305 39.986
116.305 39.986
116.305 39.9859
116.305 39.9859
116.305 39.9859
116.305 39.9859
116.305 39.9858
116.305 39.9858
116.305 39.9857
116.305 39.9857
116.305 39.9856
116.305 39.9856
116.305 39.9856
116.305 39.9856
116.305 39.9856
116.305 39.9856
116.305 39.9856
116.305 39.9856
116.305 39.9856
116.305 39.9855
116.305 39.9855
116.305 39.9855
116.305 39.9855
116.305 39.9855
116.305 39.9854
116.305 39.9853
116.305 39.9852
116.305 39.9852
116.306 39.9851
116.306 39.9851
116.306 39.9851
116.306 39.9851
116.306 39.9851
116.306 39.9851
116.306 39.9851
116.306 39.9851
116.306 39.985
116.306 39.985
116.306 39.985
116.306 39.985
116.306 39.985
116.306 39.985
116.306 39.985
116.306 39.985
116.306 39.985
116.306 39.985
116.306 39.985
116.306 39.985
116.306 39.985
116.306 39.985
116.306 39.985
116.306 39.985
116.306 39.985
116.306 39.985
116.306 39.985
116.306 39.9851
116.306 39.9852
116.306 39.9852
116.306 39.9852
116.306 39.9852
116.306 39.9852
116.306 39.9852
116.306 39.9852
116.306 39.9852
116.306 39.9852
116.306 39.9852
116.306 39.9851
116.306 39.9851
116.306 39.9851
116.306 39.9851
116.306 39.9851
116.307 39.9851
116.307 39.9851
116.307 39.9851
116.307 39.9852
