116.316 39.9647
116.316 39.9647
116.316 39.965
116.316 39.965
116.316 39.965
116.316 39.965
116.316 39.965
116.316 39.965
116.316 39.965
116.316 39.965
116.316 39.965
116.316 39.965
116.316 39.965
116.316 39.965
116.316 39.965
116.316 39.965
116.316 39.965
116.316 39.965
116.316 39.965
116.316 39.965
116.316 39.965
116.316 39.965
116.316 39.965
116.316 39.965
116.316 39.965
116.316 39.965
116.316 39.965
116.316 39.965
116.316 39.965
116.316 39.965
116.316 39.965
116.316 39.965
116.316 39.965
116.316 39.965
116.316 39.965
116.316 39.965
116.316 39.965
116.316 39.965
116.316 39.965
116.316 39.965
116.316 39.965
116.316 39.965
116.316 39.965
116.316 39.965
116.316 39.965
116.316 39.965
116.316 39.965
116.316 39.965
116.316 39.965
116.316 39.965
116.316 39.965
116.316 39.965
116.316 39.965
116.316 39.9651
116.316 39.965
116.316 39.965
116.316 39.965
116.316 39.9651
116.316 39.9651
116.316 39.9651
116.316 39.9651
116.316 39.9651
116.316 39.9651
116.316 39.9651
116.316 39.9651
116.316 39.9651
116.316 39.9651
116.316 39.9651
116.316 39.9651
116.316 39.9651
116.316 39.9651
116.316 39.9651
116.316 39.9651
116.316 39.9651
116.316 39.9651
116.316 39.9651
116.316 39.9651
116.316 39.9651
116.316 39.9651
116.316 39.9651
116.316 39.9651
116.316 39.9651
116.316 39.9651
116.316 39.9651
116.316 39.9653
116.316 39.9655
116.316 39.9655
116.316 39.9655
116.316 39.9653
116.316 39.9653
116.316 39.9655
116.316 39.9655
116.316 39.9655
116.316 39.9655
116.316 39.9655
116.316 39.9655
116.316 39.9655
116.316 39.9655
116.316 39.9655
116.316 39.9655
116.316 39.9655
116.316 39.9655
116.316 39.9655
116.316 39.9655
116.316 39.9655
116.316 39.9655
116.316 39.9655
116.316 39.9655
116.316 39.9655
116.316 39.9655
116.316 39.9655
116.316 39.9655
116.316 39.9655
116.316 39.9655
116.316 39.9655
116.316 39.9656
116.316 39.9656
116.316 39.9656
116.316 39.9655
116.316 39.9655
116.316 39.9656
116.316 39.9656
116.316 39.9656
116.316 39.9656
116.316 39.9656
116.316 39.9656
116.316 39.9656
116.316 39.9656
116.316 39.9656
116.316 39.9656
116.316 39.9656
116.316 39.9656
116.316 39.9656
116.316 39.9656
116.316 39.9656
116.316 39.9656
116.316 39.9656
116.316 39.9656
116.316 39.9656
116.316 39.9656
116.316 39.9656
116.316 39.9656
116.316 39.9656
116.316 39.9656
116.316 39.9656
116.316 39.9656
116.316 39.9656
116.316 39.9656
116.316 39.9656
116.316 39.9656
116.316 39.9656
116.316 39.9656
116.316 39.9656
116.316 39.9656
116.316 39.9656
116.316 39.9656
116.316 39.9656
116.316 39.9656
116.316 39.9656
116.316 39.9656
116.316 39.9656
116.316 39.9656
116.316 39.9656
116.316 39.9656
116.316 39.9656
116.316 39.9656
116.316 39.9656
116.316 39.9656
116.316 39.9656
116.316 39.9656
116.316 39.9656
116.316 39.9656
116.316 39.9656
116.316 39.9656
116.316 39.9656
116.316 39.9656
116.316 39.9656
116.316 39.9656
116.316 39.9656
116.316 39.9656
116.316 39.9656
116.316 39.9656
116.316 39.9656
116.316 39.9656
116.316 39.9656
116.316 39.9656
116.316 39.9656
116.316 39.9656
116.316 39.9656
116.316 39.9656
116.316 39.9656
116.316 39.9656
116.316 39.9656
116.316 39.9656
116.316 39.9656
116.316 39.9656
116.316 39.9656
116.316 39.9656
116.316 39.9656
116.316 39.9656
116.316 39.9656
116.316 39.9656
116.316 39.9656
116.316 39.9656
116.316 39.9656
116.316 39.9656
116.316 39.9656
116.316 39.9656
116.316 39.9656
116.316 39.9656
116.316 39.9656
116.316 39.9656
116.316 39.9656
116.316 39.9656
116.316 39.9656
116.316 39.9656
116.316 39.9656
116.316 39.9656
116.316 39.9656
116.316 39.9656
116.316 39.9656
116.316 39.9656
116.316 39.9656
116.316 39.9656
116.316 39.9656
116.316 39.9656
116.316 39.9656
116.316 39.9656
116.316 39.9656
116.316 39.9656
116.316 39.9656
116.316 39.9656
116.316 39.9656
116.316 39.9656
116.316 39.9656
116.316 39.9656
116.316 39.9656
116.316 39.9656
116.316 39.9656
116.316 39.9656
116.316 39.9656
116.316 39.9656
116.316 39.9656
116.316 39.9656
116.316 39.9656
116.316 39.9656
116.316 39.9656
116.316 39.9656
116.316 39.9656
116.316 39.9656
116.316 39.9656
116.316 39.9656
116.316 39.9656
116.315 39.9658
116.315 39.9658
116.315 39.9658
116.315 39.9658
116.315 39.9658
116.315 39.9658
116.315 39.9658
116.315 39.9658
116.315 39.9658
116.315 39.9658
116.315 39.9658
116.315 39.9658
116.315 39.9658
116.315 39.9658
116.315 39.9658
116.315 39.9658
116.315 39.9658
116.315 39.9658
116.315 39.9658
116.315 39.9658
116.315 39.9658
116.315 39.9658
116.315 39.9659
116.315 39.9658
116.315 39.9658
116.315 39.9658
116.315 39.9659
116.315 39.9659
116.315 39.9659
116.315 39.9659
116.315 39.9659
116.315 39.9659
116.315 39.9659
116.315 39.9659
116.315 39.9659
116.315 39.9659
116.315 39.9659
116.315 39.9659
116.315 39.9659
116.315 39.9659
116.315 39.9659
116.315 39.9659
116.315 39.9659
116.315 39.9659
116.315 39.9659
116.315 39.9659
116.315 39.9659
116.315 39.9659
116.315 39.9659
116.315 39.9659
116.315 39.9659
116.315 39.9659
116.315 39.9659
116.315 39.9659
116.315 39.9659
116.315 39.9659
116.315 39.9659
116.315 39.9659
116.315 39.9659
116.315 39.9659
116.315 39.9659
116.315 39.9659
116.315 39.9659
116.315 39.9659
116.315 39.9659
116.315 39.9659
116.315 39.9659
116.315 39.9659
116.315 39.9659
116.315 39.9659
116.315 39.9659
116.315 39.966
116.315 39.966
116.315 39.966
116.315 39.9659
116.315 39.966
116.315 39.966
116.315 39.966
116.315 39.966
116.315 39.966
116.315 39.966
116.315 39.966
116.315 39.966
116.315 39.966
116.315 39.966
116.315 39.966
116.315 39.966
116.315 39.966
116.315 39.966
116.315 39.966
116.315 39.966
116.315 39.966
116.315 39.966
116.315 39.966
116.315 39.966
116.315 39.966
116.315 39.966
116.315 39.966
116.315 39.966
116.315 39.966
116.315 39.966
116.315 39.966
116.315 39.966
116.315 39.966
116.315 39.966
116.315 39.966
116.315 39.966
116.315 39.966
116.315 39.966
116.315 39.966
116.315 39.966
116.315 39.966
116.315 39.966
116.315 39.966
116.315 39.966
116.315 39.966
116.315 39.966
116.315 39.966
116.315 39.966
116.315 39.966
116.315 39.966
116.315 39.966
116.315 39.966
116.315 39.966
116.315 39.966
116.315 39.966
116.315 39.9661
116.315 39.9661
116.315 39.9661
116.315 39.966
116.315 39.966
116.315 39.9661
116.315 39.9661
116.315 39.9661
116.315 39.9661
116.315 39.9661
116.315 39.9661
116.315 39.9661
116.315 39.9661
116.315 39.9661
116.315 39.9661
116.315 39.9661
116.315 39.9661
116.315 39.9661
116.315 39.9661
116.315 39.9661
116.315 39.9661
116.315 39.9661
116.315 39.9661
116.315 39.9661
116.315 39.9661
116.315 39.9661
116.315 39.9661
116.315 39.9661
116.315 39.9661
116.315 39.9661
116.315 39.9661
116.315 39.9661
116.315 39.9661
116.315 39.9661
116.315 39.9661
116.315 39.9661
116.315 39.9661
116.315 39.9661
116.315 39.9661
116.315 39.9661
116.315 39.9661
116.315 39.9661
116.315 39.9661
116.315 39.9661
116.315 39.9661
116.315 39.9661
116.315 39.9661
116.315 39.9661
116.315 39.9661
116.315 39.9661
116.315 39.9662
116.315 39.9662
116.315 39.9662
116.315 39.9661
116.315 39.9662
116.315 39.9662
116.315 39.9662
116.315 39.9662
116.315 39.9662
116.315 39.9662
116.315 39.9662
116.315 39.9662
116.315 39.9662
116.315 39.9662
116.315 39.9662
116.315 39.9662
116.315 39.9662
116.315 39.9662
116.315 39.9662
116.315 39.9662
116.315 39.9662
116.315 39.9662
116.315 39.9662
116.315 39.9662
116.315 39.9662
116.315 39.9662
116.315 39.9662
116.315 39.9662
116.315 39.9662
116.315 39.9662
116.315 39.9662
116.315 39.9662
116.315 39.9662
116.315 39.9662
116.315 39.9662
116.315 39.9662
116.315 39.9662
116.315 39.9662
116.315 39.9662
116.315 39.9662
116.315 39.9662
116.315 39.9662
116.315 39.9662
116.315 39.9662
116.315 39.9662
116.315 39.9663
116.315 39.9663
116.315 39.9663
116.315 39.9662
116.315 39.9662
116.315 39.9663
116.315 39.9665
116.315 39.9665
116.315 39.9665
116.315 39.9665
116.315 39.9665
116.315 39.9665
116.315 39.9665
116.315 39.9665
116.315 39.9665
116.315 39.9665
116.315 39.9665
116.315 39.9665
116.315 39.9665
116.315 39.9665
116.315 39.9665
116.315 39.9665
116.315 39.9666
116.315 39.9666
116.315 39.9666
116.315 39.9666
116.315 39.9666
116.315 39.9666
116.315 39.9666
116.315 39.9666
116.315 39.9666
116.315 39.9666
116.315 39.9666
116.315 39.9666
116.315 39.9666
116.315 39.9666
116.315 39.9666
116.315 39.9666
116.315 39.9666
116.315 39.9666
116.315 39.9666
116.315 39.9666
116.315 39.9666
116.315 39.9666
116.315 39.9666
116.315 39.9666
116.315 39.9666
116.315 39.9666
116.315 39.9666
116.315 39.9666
116.315 39.9666
116.315 39.9666
116.315 39.9666
116.315 39.9666
116.315 39.9666
116.315 39.9666
116.315 39.9666
116.315 39.9666
116.315 39.9666
116.315 39.9666
116.315 39.9666
116.315 39.9666
116.315 39.9666
116.315 39.9666
116.315 39.9666
116.315 39.9666
116.315 39.9666
116.315 39.9667
116.315 39.9667
116.315 39.9666
116.315 39.9666
116.315 39.9666
116.315 39.9667
116.315 39.9667
116.315 39.9667
116.315 39.9667
116.315 39.9667
116.315 39.9667
116.315 39.9667
116.315 39.9667
116.315 39.9667
116.315 39.9667
116.315 39.9667
116.315 39.9667
116.315 39.9667
116.315 39.9667
116.315 39.9667
116.315 39.9667
116.315 39.9667
116.315 39.9667
116.315 39.9667
116.315 39.9667
116.315 39.9667
116.315 39.9667
116.315 39.9667
116.315 39.9667
116.315 39.9667
116.315 39.9667
116.315 39.9667
116.315 39.9667
116.315 39.9667
116.315 39.9667
116.315 39.9667
116.315 39.9667
116.315 39.9667
116.315 39.9667
116.315 39.9667
116.315 39.9667
116.315 39.9667
116.315 39.9667
116.315 39.9667
116.315 39.9667
116.315 39.9667
116.315 39.9667
116.315 39.9667
116.315 39.9667
116.315 39.9667
116.315 39.9667
116.315 39.9667
116.315 39.9667
116.315 39.9667
116.315 39.9667
116.315 39.9668
116.315 39.9668
116.315 39.9668
116.315 39.9668
116.315 39.967
116.315 39.967
116.315 39.967
116.315 39.967
116.315 39.967
116.315 39.967
116.315 39.967
116.315 39.967
116.315 39.967
116.315 39.967
116.315 39.967
116.315 39.967
116.315 39.967
116.315 39.967
116.315 39.967
116.315 39.9671
116.315 39.9671
116.315 39.9671
116.315 39.967
116.315 39.9671
116.315 39.9671
116.315 39.9671
116.315 39.9671
116.315 39.9671
116.315 39.9671
116.315 39.9671
116.315 39.9671
116.315 39.9671
116.315 39.9671
116.315 39.9671
116.315 39.9671
116.315 39.9671
116.315 39.9671
116.315 39.9671
116.315 39.9671
116.315 39.9671
116.315 39.9671
116.315 39.9671
116.315 39.9671
116.315 39.9671
116.315 39.9671
116.315 39.9671
116.315 39.9671
116.315 39.9671
116.315 39.9671
116.315 39.9671
116.315 39.9671
116.315 39.9671
116.315 39.9671
116.315 39.9671
116.315 39.9671
116.315 39.9671
116.315 39.9671
116.315 39.9671
116.315 39.9671
116.315 39.9671
116.315 39.9671
116.315 39.9671
116.315 39.9671
116.315 39.9671
116.315 39.9671
116.315 39.9671
116.315 39.9671
116.315 39.9671
116.315 39.9671
116.315 39.9671
116.315 39.9671
116.315 39.9671
116.315 39.9671
116.315 39.9671
116.315 39.9671
116.315 39.9671
116.315 39.9671
116.315 39.9674
116.315 39.9674
116.315 39.9674
116.315 39.9674
116.315 39.9674
116.315 39.9674
116.315 39.9674
116.315 39.9674
116.315 39.9674
116.315 39.9674
116.315 39.9674
116.315 39.9674
116.315 39.9674
116.315 39.9674
116.315 39.9674
116.315 39.9674
116.315 39.9674
116.315 39.9674
116.315 39.9674
116.315 39.9674
116.315 39.9674
116.315 39.9674
116.315 39.9674
116.315 39.9674
116.315 39.9674
116.315 39.9674
116.315 39.9674
116.315 39.9674
116.315 39.9674
116.315 39.9674
116.315 39.9674
116.315 39.9674
116.315 39.9674
116.315 39.9674
116.315 39.9674
116.315 39.9674
116.315 39.9674
116.315 39.9674
116.315 39.9674
116.315 39.9674
116.315 39.9674
116.315 39.9674
116.315 39.9674
116.315 39.9674
116.315 39.9674
116.315 39.9674
116.315 39.9675
116.315 39.9675
116.315 39.9675
116.315 39.9675
116.315 39.9675
116.315 39.9675
116.315 39.9675
116.315 39.9675
116.315 39.9675
116.315 39.9675
116.315 39.9675
116.315 39.9675
116.315 39.9675
116.315 39.9675
116.315 39.9675
116.315 39.9675
116.315 39.9675
116.315 39.9675
116.315 39.9675
116.315 39.9675
116.315 39.9675
116.315 39.9675
116.315 39.9675
116.315 39.9675
116.315 39.9675
116.315 39.9675
116.315 39.9676
116.315 39.9675
116.315 39.9675
116.315 39.9675
116.315 39.9676
116.315 39.9676
116.315 39.9676
116.315 39.9676
116.315 39.9676
116.315 39.9676
116.315 39.9676
116.315 39.9676
116.315 39.9676
116.315 39.9676
116.315 39.9676
116.315 39.9676
116.315 39.9676
116.315 39.9676
116.315 39.9676
116.315 39.9676
116.315 39.9676
116.315 39.9676
116.315 39.9676
116.315 39.9676
116.315 39.9676
116.315 39.9676
116.315 39.9676
116.315 39.9676
116.315 39.9676
116.315 39.9676
116.315 39.9676
116.315 39.9676
116.315 39.9676
116.315 39.9676
116.315 39.9677
116.315 39.9677
116.315 39.9676
116.315 39.9676
116.315 39.9676
116.315 39.9677
116.315 39.9677
116.315 39.9677
116.315 39.9677
116.315 39.9677
116.315 39.9677
116.315 39.9677
116.315 39.9677
116.315 39.9677
116.315 39.9677
116.315 39.9677
116.315 39.9677
116.315 39.9677
116.315 39.9677
116.315 39.9677
116.315 39.9677
116.315 39.9677
116.315 39.9677
116.315 39.9677
116.315 39.9677
116.315 39.9677
116.315 39.9677
116.314 39.9678
116.314 39.9678
116.314 39.9678
116.314 39.9678
116.314 39.9678
116.314 39.9678
116.314 39.9678
116.314 39.9678
116.314 39.9678
116.314 39.9678
116.314 39.9678
116.314 39.9678
116.314 39.9678
116.314 39.9678
116.314 39.9678
116.314 39.9678
116.314 39.9678
116.314 39.9678
116.314 39.9678
116.314 39.9678
116.314 39.9678
116.314 39.9678
116.314 39.9678
116.314 39.9678
116.314 39.9678
116.314 39.9678
116.314 39.9678
116.314 39.9678
116.314 39.9678
116.314 39.9678
116.314 39.9678
116.314 39.9678
116.314 39.9678
116.314 39.9678
116.314 39.9678
116.314 39.9678
116.314 39.9678
116.314 39.9678
116.314 39.9678
116.314 39.9678
116.314 39.9678
116.314 39.9678
116.314 39.9678
116.314 39.9678
116.314 39.9678
116.314 39.9678
116.314 39.9678
116.314 39.9678
116.314 39.9678
116.314 39.9678
116.314 39.9678
116.314 39.9678
116.314 39.9678
116.314 39.9678
116.314 39.9678
116.314 39.9678
116.314 39.9678
116.314 39.9678
116.314 39.9678
116.314 39.9678
116.314 39.9678
116.314 39.9678
116.314 39.9678
116.314 39.9678
116.314 39.9678
116.314 39.9678
116.314 39.9678
116.314 39.9678
116.314 39.9678
116.314 39.9678
116.314 39.9678
116.314 39.9678
116.314 39.9678
116.314 39.9678
116.314 39.9678
116.314 39.9678
116.314 39.9678
116.314 39.9678
116.314 39.9678
116.314 39.9678
116.314 39.9678
116.314 39.9678
116.314 39.9678
116.314 39.9678
116.314 39.9678
116.314 39.9678
116.314 39.9678
116.314 39.9678
116.314 39.9678
116.314 39.9678
116.314 39.9678
116.314 39.9678
116.314 39.9678
116.314 39.9678
116.314 39.9678
116.314 39.9678
116.314 39.9678
116.314 39.9678
116.314 39.9678
116.314 39.9678
116.314 39.9678
116.314 39.9678
116.314 39.9678
116.314 39.9678
116.314 39.9678
116.314 39.9678
116.314 39.9678
116.314 39.9678
116.314 39.9678
116.314 39.9678
116.314 39.9678
116.314 39.9678
116.314 39.9678
116.314 39.9678
116.314 39.9678
116.314 39.9678
116.314 39.9678
116.314 39.9678
116.314 39.9678
116.314 39.9678
116.314 39.9678
116.314 39.9678
116.314 39.9678
116.314 39.9678
116.314 39.9678
116.314 39.9678
116.314 39.9678
116.314 39.9678
116.314 39.9678
116.314 39.9678
116.314 39.968
116.314 39.968
116.314 39.968
116.314 39.968
116.314 39.968
116.314 39.968
116.314 39.9681
116.314 39.9681
116.314 39.9681
116.314 39.968
116.314 39.968
116.314 39.9681
116.314 39.9681
116.314 39.9681
116.314 39.9681
116.314 39.9681
116.314 39.9681
116.314 39.9681
116.314 39.9681
116.314 39.9681
116.314 39.9681
116.314 39.9681
116.314 39.9681
116.314 39.9681
116.314 39.9681
116.314 39.9681
116.314 39.9681
116.314 39.9681
116.314 39.9681
116.314 39.9681
116.314 39.9681
116.314 39.9681
116.314 39.9681
116.314 39.9681
116.314 39.9681
116.314 39.9681
116.314 39.9681
116.314 39.9681
116.314 39.9681
116.314 39.9681
116.314 39.9681
116.314 39.9681
116.314 39.9681
116.314 39.9681
116.314 39.9681
116.314 39.9681
116.314 39.9681
116.314 39.9681
116.314 39.9681
116.314 39.9681
116.314 39.9681
116.314 39.9681
116.314 39.9681
116.314 39.9681
116.314 39.9681
116.314 39.9681
116.314 39.9681
116.314 39.9681
116.314 39.9681
116.314 39.9681
116.314 39.9681
116.314 39.9682
116.314 39.9682
116.314 39.9682
116.314 39.9682
116.314 39.9682
116.314 39.9682
116.314 39.9682
116.314 39.9682
116.314 39.9682
116.314 39.9682
116.314 39.9682
116.314 39.9682
116.314 39.9682
116.314 39.9682
116.314 39.9682
116.314 39.9682
116.314 39.9682
116.314 39.9682
116.314 39.9682
116.314 39.9682
116.314 39.9682
116.314 39.9682
116.314 39.9682
116.314 39.9682
116.314 39.9682
116.314 39.9682
116.314 39.9682
116.314 39.9682
116.314 39.9682
116.314 39.9682
116.314 39.9682
116.314 39.9682
116.314 39.9682
116.314 39.9682
116.314 39.9682
116.314 39.9682
116.314 39.9683
116.314 39.9682
116.314 39.9682
116.314 39.9682
116.314 39.9683
116.314 39.9683
116.314 39.9683
116.314 39.9683
116.314 39.9683
116.314 39.9683
116.314 39.9683
116.314 39.9683
116.314 39.9683
116.314 39.9683
116.314 39.9683
116.314 39.9683
116.314 39.9683
116.314 39.9683
116.314 39.9683
116.314 39.9683
116.314 39.9683
116.314 39.9683
116.314 39.9683
116.314 39.9683
116.314 39.9683
116.314 39.9683
116.314 39.9683
116.314 39.9683
116.314 39.9683
116.314 39.9683
116.314 39.9683
116.314 39.9683
116.314 39.9683
116.314 39.9683
116.314 39.9683
116.314 39.9683
116.314 39.9683
116.314 39.9683
116.314 39.9683
116.314 39.9683
116.314 39.9683
116.314 39.9683
116.314 39.9683
116.314 39.9683
116.314 39.9683
116.314 39.9683
116.314 39.9683
116.314 39.9683
116.314 39.9683
116.314 39.9683
116.314 39.9683
116.314 39.9683
116.314 39.9683
116.314 39.9683
116.314 39.9683
116.314 39.9683
116.314 39.9683
116.314 39.9683
116.314 39.9683
116.314 39.9683
116.314 39.9683
116.314 39.9683
116.314 39.9683
116.314 39.9683
116.314 39.9683
116.314 39.9683
116.314 39.9683
116.314 39.9683
116.314 39.9683
116.314 39.9683
116.314 39.9683
116.314 39.9683
116.314 39.9683
116.314 39.9683
116.314 39.9683
116.314 39.9683
116.314 39.9683
116.314 39.9683
116.314 39.9683
116.314 39.9683
116.314 39.9683
116.314 39.9683
116.314 39.9683
116.314 39.9683
116.314 39.9683
116.314 39.9683
116.314 39.9683
116.314 39.9683
116.314 39.9683
116.314 39.9683
116.314 39.9683
116.314 39.9683
116.314 39.9683
116.314 39.9683
116.314 39.9683
116.314 39.9683
116.314 39.9683
116.314 39.9683
116.314 39.9683
116.314 39.9683
116.314 39.9683
116.314 39.9683
116.314 39.9683
116.314 39.9683
116.314 39.9684
116.314 39.9684
116.314 39.9684
116.314 39.9683
116.314 39.9684
116.314 39.9684
116.314 39.9684
116.314 39.9684
116.314 39.9684
116.314 39.9684
116.314 39.9684
116.314 39.9684
116.314 39.9684
116.314 39.9684
116.314 39.9684
116.314 39.9684
116.314 39.9684
116.314 39.9684
116.314 39.9684
116.314 39.9684
116.313 39.9684
116.313 39.9684
116.314 39.9684
116.314 39.9684
116.314 39.9684
116.313 39.9684
116.313 39.9684
116.313 39.9684
116.313 39.9684
116.313 39.9686
116.313 39.9686
116.313 39.9686
116.313 39.9686
116.313 39.9686
116.313 39.9686
116.313 39.9686
116.313 39.9686
116.313 39.9686
116.313 39.9686
116.313 39.9686
116.313 39.9686
116.313 39.9686
116.313 39.9686
116.313 39.9686
116.313 39.9686
116.313 39.9686
116.313 39.9686
116.313 39.9686
116.313 39.9686
116.313 39.9686
116.313 39.9686
116.313 39.9686
116.313 39.9686
116.313 39.9686
116.313 39.9686
116.313 39.9686
116.313 39.9687
116.313 39.9686
116.313 39.9686
116.313 39.9686
116.313 39.9687
116.313 39.9687
116.313 39.9687
116.313 39.9687
116.313 39.9687
116.313 39.9687
116.313 39.9687
116.313 39.9687
116.313 39.9687
116.313 39.9687
116.313 39.9687
116.313 39.9687
116.313 39.9687
116.313 39.9687
116.313 39.9687
116.313 39.9687
116.313 39.9687
116.313 39.9687
116.313 39.9687
116.313 39.9687
116.313 39.9687
116.313 39.9687
116.313 39.9687
116.313 39.9687
116.313 39.9687
116.313 39.9687
116.313 39.9687
116.313 39.9687
116.313 39.9687
116.313 39.9687
116.313 39.9687
116.313 39.9687
116.313 39.9687
116.313 39.9687
116.313 39.9687
116.313 39.9687
116.313 39.9687
116.313 39.9687
116.313 39.9687
116.313 39.9687
116.313 39.9687
116.313 39.9687
116.313 39.9687
116.313 39.9687
116.313 39.9687
116.313 39.9687
116.313 39.9687
116.313 39.9687
116.313 39.9687
116.313 39.9687
116.313 39.9688
116.313 39.9688
116.313 39.9688
116.313 39.9687
116.313 39.9688
116.313 39.9688
116.313 39.9688
116.313 39.9688
116.313 39.9688
116.313 39.9688
116.313 39.9688
116.313 39.9688
116.313 39.9688
116.313 39.9688
116.313 39.9688
116.313 39.9688
116.313 39.9688
116.313 39.9688
116.313 39.9688
116.313 39.9688
116.313 39.9689
116.313 39.9689
116.313 39.9689
116.313 39.9688
116.313 39.9689
116.313 39.9689
116.313 39.9689
116.313 39.9689
116.313 39.9689
116.313 39.9689
116.313 39.9689
116.313 39.9689
116.313 39.9689
116.313 39.9689
116.313 39.9689
116.313 39.9689
116.313 39.9689
116.313 39.9689
116.313 39.9689
116.313 39.9689
116.313 39.9689
116.313 39.9689
116.313 39.9689
116.313 39.9689
116.313 39.9689
116.313 39.9689
116.313 39.9689
116.313 39.9689
116.313 39.9689
116.313 39.9689
116.313 39.9689
116.313 39.9689
116.313 39.9689
116.313 39.9689
116.313 39.9689
116.313 39.9689
116.313 39.9692
116.313 39.9692
116.313 39.9692
116.313 39.9692
116.313 39.9692
116.313 39.9692
116.313 39.9692
116.313 39.9692
116.313 39.9692
116.313 39.9692
116.313 39.9692
116.313 39.9692
116.313 39.9692
116.313 39.9692
116.313 39.9692
116.313 39.9692
116.313 39.9692
116.313 39.9692
116.313 39.9692
116.313 39.9692
116.313 39.9692
116.313 39.9692
116.313 39.9692
116.313 39.9692
116.313 39.9692
116.313 39.9692
116.313 39.9692
116.313 39.9692
116.313 39.9692
116.313 39.9692
116.313 39.9692
116.313 39.9693
116.313 39.9693
116.313 39.9692
116.313 39.9692
116.313 39.9692
116.313 39.9693
116.313 39.9693
116.313 39.9693
116.313 39.9693
116.313 39.9693
116.313 39.9693
116.313 39.9693
116.313 39.9693
116.313 39.9693
116.313 39.9693
116.313 39.9693
116.313 39.9693
116.313 39.9693
116.313 39.9693
116.313 39.9693
116.313 39.9693
116.313 39.9693
116.313 39.9693
116.313 39.9693
116.313 39.9693
116.313 39.9693
116.313 39.9693
116.313 39.9693
116.313 39.9693
116.313 39.9693
116.313 39.9693
116.313 39.9693
116.313 39.9693
116.313 39.9693
116.313 39.9693
116.313 39.9693
116.313 39.9693
116.313 39.9693
116.313 39.9693
116.313 39.9693
116.313 39.9693
116.313 39.9693
116.313 39.9693
116.313 39.9693
116.313 39.9693
116.313 39.9693
116.313 39.9693
116.313 39.9693
116.313 39.9693
116.313 39.9693
116.313 39.9693
116.313 39.9693
116.313 39.9693
116.313 39.9693
116.313 39.9693
116.313 39.9693
116.313 39.9693
116.313 39.9693
116.313 39.9693
116.313 39.9693
116.313 39.9693
116.313 39.9693
116.313 39.9693
116.313 39.9693
116.313 39.9693
116.313 39.9693
116.313 39.9693
116.313 39.9693
116.313 39.9693
116.313 39.9693
116.313 39.9694
116.313 39.9694
116.313 39.9694
116.313 39.9693
116.313 39.9694
116.313 39.9694
116.313 39.9694
116.313 39.9694
116.313 39.9694
116.313 39.9694
116.313 39.9694
116.313 39.9694
116.313 39.9694
116.313 39.9694
116.313 39.9696
116.313 39.9697
116.313 39.9697
116.313 39.9697
116.313 39.9697
116.313 39.9697
116.313 39.9697
116.313 39.9697
116.313 39.9697
116.313 39.9697
116.313 39.9697
116.313 39.9697
116.313 39.9697
116.313 39.9697
116.313 39.9697
116.313 39.9697
116.313 39.9697
116.313 39.9697
116.313 39.9697
116.313 39.9697
116.313 39.9697
116.313 39.9697
116.313 39.9697
116.313 39.9697
116.313 39.9697
116.313 39.9697
116.313 39.9697
116.313 39.9697
116.313 39.9697
116.313 39.9697
116.313 39.9697
116.313 39.9697
116.313 39.9697
116.313 39.9697
116.313 39.9697
116.313 39.9697
116.313 39.9697
116.313 39.9698
116.313 39.9697
116.313 39.9697
116.313 39.9697
116.313 39.9698
116.313 39.9698
116.313 39.9698
116.313 39.9698
116.313 39.9698
116.313 39.9698
116.313 39.9698
116.313 39.9698
116.313 39.9698
116.313 39.9698
116.313 39.9698
116.313 39.9698
116.313 39.9698
116.313 39.9698
116.313 39.9698
116.313 39.9699
116.313 39.9699
116.313 39.9699
116.313 39.9698
116.313 39.9699
116.313 39.9699
116.313 39.9699
116.313 39.9699
116.313 39.9699
116.313 39.9699
116.313 39.9699
116.313 39.9699
116.313 39.9699
116.313 39.9699
116.313 39.9699
116.313 39.97
116.313 39.97
116.313 39.97
116.313 39.9699
116.313 39.97
116.313 39.97
116.313 39.97
116.313 39.97
116.313 39.97
116.313 39.97
116.313 39.97
116.313 39.97
116.313 39.97
116.313 39.97
116.313 39.97
116.313 39.97
116.313 39.97
116.313 39.97
116.313 39.97
116.313 39.97
116.313 39.97
116.313 39.97
116.313 39.97
116.313 39.97
116.313 39.97
116.313 39.97
116.313 39.97
116.313 39.97
116.313 39.97
116.313 39.97
116.313 39.9701
116.313 39.9701
116.313 39.9701
116.313 39.97
116.313 39.97
116.313 39.9701
116.313 39.9703
116.313 39.9703
116.313 39.9703
116.313 39.9703
116.313 39.9703
116.313 39.9703
116.313 39.9703
116.313 39.9703
116.313 39.9703
116.313 39.9703
116.313 39.9703
116.313 39.9703
116.313 39.9703
116.313 39.9703
116.313 39.9703
116.313 39.9703
116.313 39.9703
116.313 39.9703
116.313 39.9703
116.313 39.9703
116.313 39.9703
116.312 39.9703
116.312 39.9703
116.312 39.9703
116.313 39.9703
116.312 39.9703
116.313 39.9704
116.313 39.9704
116.312 39.9704
116.312 39.9704
116.312 39.9704
116.313 39.9704
116.313 39.9704
116.313 39.9704
116.313 39.9704
116.313 39.9704
116.313 39.9704
116.313 39.9704
116.313 39.9704
116.313 39.9704
116.313 39.9704
116.312 39.9704
116.312 39.9704
116.313 39.9704
116.313 39.9704
116.313 39.9704
116.312 39.9704
116.312 39.9704
116.312 39.9704
116.312 39.9704
116.312 39.9704
116.312 39.9704
116.312 39.9704
116.312 39.9704
116.312 39.9704
116.312 39.9704
116.312 39.9705
116.312 39.9705
116.312 39.9704
116.312 39.9704
116.312 39.9704
116.312 39.9705
116.312 39.9705
116.312 39.9705
116.312 39.9705
116.312 39.9705
116.312 39.9705
116.312 39.9705
116.312 39.9705
116.312 39.9705
116.312 39.9705
116.312 39.9705
116.312 39.9705
116.312 39.9705
116.312 39.9705
116.312 39.9705
116.312 39.9705
116.312 39.9705
116.312 39.9705
116.312 39.9705
116.312 39.9705
116.312 39.9705
116.312 39.9705
116.312 39.9705
116.312 39.9705
116.312 39.9705
116.312 39.9705
116.312 39.9705
116.312 39.9705
116.312 39.9705
116.312 39.9705
116.312 39.9705
116.312 39.9705
116.312 39.9705
116.312 39.9705
116.312 39.9705
116.312 39.9705
116.312 39.9705
116.312 39.9705
116.312 39.9705
116.312 39.9705
116.312 39.9705
116.312 39.9705
116.312 39.9705
116.312 39.9705
116.312 39.9705
116.312 39.9705
116.312 39.9706
116.312 39.9705
116.312 39.9705
116.312 39.9705
116.312 39.9706
116.312 39.9706
116.312 39.9706
116.312 39.9706
116.312 39.9706
116.312 39.9706
116.312 39.9706
116.312 39.9706
116.312 39.9706
116.312 39.9706
116.312 39.9706
116.312 39.9706
116.312 39.9706
116.312 39.9706
116.312 39.9706
116.312 39.9706
116.312 39.9706
116.312 39.9706
116.312 39.9706
116.312 39.9706
116.312 39.9706
116.312 39.9706
116.312 39.9706
116.312 39.9706
116.312 39.9706
116.312 39.9706
116.312 39.9706
116.312 39.9706
116.312 39.9706
116.312 39.9706
116.312 39.9706
116.312 39.9706
116.312 39.9706
116.312 39.9706
116.312 39.9706
116.312 39.9706
116.312 39.9706
116.312 39.9706
116.312 39.9706
116.312 39.9708
116.312 39.9708
116.312 39.9708
116.312 39.9708
116.312 39.9708
116.312 39.9709
116.312 39.9709
116.312 39.9709
116.312 39.9708
116.312 39.9709
116.312 39.9709
116.312 39.9709
116.312 39.9709
116.312 39.9709
116.312 39.9709
116.312 39.9709
116.312 39.9709
116.312 39.9709
116.312 39.9709
116.312 39.9709
116.312 39.9709
116.312 39.9709
116.312 39.9709
116.312 39.9709
116.312 39.9709
116.312 39.9709
116.312 39.9709
116.312 39.9709
116.312 39.9709
116.312 39.9709
116.312 39.9709
116.312 39.9709
116.312 39.9709
116.312 39.9709
116.312 39.9709
116.312 39.9709
116.312 39.9709
116.312 39.9709
116.312 39.9709
116.312 39.9709
116.312 39.9709
116.312 39.9709
116.312 39.9709
116.312 39.9709
116.312 39.9709
116.312 39.9709
116.312 39.9709
116.312 39.9709
116.312 39.9709
116.312 39.9709
116.312 39.9709
116.312 39.971
116.312 39.9709
116.312 39.9709
116.312 39.9709
116.312 39.971
116.312 39.971
116.312 39.971
116.312 39.971
116.312 39.971
116.312 39.971
116.312 39.971
116.312 39.971
116.312 39.971
116.312 39.971
116.312 39.971
116.312 39.971
116.312 39.971
116.312 39.971
116.312 39.971
116.312 39.971
116.312 39.971
116.312 39.971
116.312 39.971
116.312 39.971
116.312 39.971
116.312 39.971
116.312 39.971
116.312 39.971
116.312 39.971
116.312 39.971
116.312 39.971
116.312 39.971
116.312 39.971
116.312 39.971
116.312 39.971
116.312 39.971
116.312 39.971
116.312 39.971
116.312 39.971
116.312 39.9711
116.312 39.9711
116.312 39.971
116.312 39.971
116.312 39.971
116.312 39.9711
116.312 39.9711
116.312 39.9711
116.312 39.9711
116.312 39.9711
116.312 39.9711
116.312 39.9711
116.312 39.9711
116.312 39.9711
116.312 39.9711
116.312 39.9711
116.312 39.9711
116.312 39.9711
116.312 39.9711
116.312 39.9711
116.312 39.9711
116.312 39.9711
116.312 39.9711
116.312 39.9711
116.312 39.9711
116.312 39.9711
116.312 39.9711
116.312 39.9711
116.312 39.9711
116.312 39.9711
116.312 39.9711
116.312 39.9712
116.312 39.9711
116.312 39.9711
116.312 39.9711
116.312 39.9712
116.312 39.9712
116.312 39.9712
116.312 39.9712
116.312 39.9712
116.312 39.9712
116.312 39.9712
116.312 39.9712
116.312 39.9712
116.312 39.9712
116.312 39.9712
116.312 39.9712
116.312 39.9712
116.312 39.9712
116.312 39.9712
116.312 39.9712
116.312 39.9712
116.312 39.9714
116.312 39.9715
116.312 39.9715
116.312 39.9715
116.312 39.9715
116.312 39.9715
116.312 39.9715
116.312 39.9715
116.312 39.9715
116.312 39.9715
116.312 39.9715
116.312 39.9715
116.312 39.9715
116.312 39.9715
116.312 39.9715
116.312 39.9715
116.312 39.9715
116.312 39.9715
116.312 39.9715
116.312 39.9715
116.312 39.9715
116.312 39.9716
116.312 39.9716
116.312 39.9716
116.312 39.9715
116.312 39.9716
116.312 39.9716
116.312 39.9716
116.312 39.9716
116.312 39.9716
116.312 39.9716
116.312 39.9716
116.312 39.9716
116.312 39.9716
116.312 39.9716
116.312 39.9716
116.312 39.9716
116.312 39.9716
116.312 39.9716
116.312 39.9716
116.312 39.9716
116.312 39.9716
116.312 39.9716
116.312 39.9716
116.312 39.9716
116.312 39.9716
116.312 39.9716
116.312 39.9716
116.312 39.9716
116.312 39.9716
116.312 39.9716
116.312 39.9716
116.312 39.9716
116.312 39.9716
116.312 39.9716
116.312 39.9716
116.312 39.9717
116.312 39.9717
116.312 39.9717
116.312 39.9717
116.312 39.9717
116.312 39.9717
116.312 39.9717
116.312 39.9717
116.312 39.9717
116.312 39.9717
116.312 39.9717
116.312 39.9717
116.312 39.9717
116.312 39.9717
116.312 39.9717
116.312 39.9717
116.312 39.9717
116.312 39.9717
116.312 39.9717
116.312 39.9717
116.312 39.9717
116.312 39.9717
116.312 39.9717
116.312 39.9717
116.312 39.9717
116.312 39.9717
116.312 39.9717
116.312 39.9717
116.312 39.9717
116.312 39.9717
116.312 39.9717
116.312 39.9718
116.312 39.9717
116.312 39.9717
116.312 39.9717
116.312 39.9718
116.312 39.9718
116.312 39.9718
116.312 39.9718
116.312 39.9718
116.312 39.9718
116.312 39.9718
116.312 39.9718
116.312 39.972
116.312 39.972
116.312 39.972
116.312 39.972
116.312 39.972
116.312 39.972
116.312 39.972
116.312 39.972
116.312 39.972
116.312 39.972
116.312 39.972
116.312 39.972
116.312 39.972
116.312 39.972
116.312 39.972
116.312 39.972
116.312 39.972
116.312 39.972
116.312 39.972
116.312 39.972
116.312 39.972
116.312 39.972
116.312 39.972
116.312 39.972
116.312 39.972
116.312 39.972
116.312 39.9721
116.312 39.9721
116.312 39.9721
116.312 39.9721
116.312 39.9721
116.312 39.9721
116.312 39.9721
116.312 39.9721
116.312 39.9721
116.312 39.9721
116.312 39.9721
116.312 39.9721
116.312 39.9721
116.312 39.9721
116.312 39.9721
116.312 39.9721
116.312 39.9722
116.312 39.9721
116.312 39.9721
116.312 39.9721
116.312 39.9722
116.312 39.9722
116.312 39.9722
116.312 39.9722
116.312 39.9722
116.312 39.9722
116.312 39.9722
116.311 39.9724
116.311 39.9724
116.311 39.9724
116.311 39.9724
116.311 39.9724
116.311 39.9724
116.311 39.9724
116.311 39.9724
116.311 39.9724
116.311 39.9724
116.311 39.9724
116.311 39.9724
116.311 39.9724
116.311 39.9724
116.311 39.9724
116.311 39.9724
116.311 39.9724
116.311 39.9724
116.311 39.9724
116.311 39.9724
116.311 39.9724
116.311 39.9724
116.311 39.9724
116.311 39.9724
116.311 39.9724
116.311 39.9724
116.311 39.9724
116.311 39.9724
116.311 39.9724
116.311 39.9724
116.311 39.9724
116.311 39.9724
116.311 39.9724
116.311 39.9724
116.311 39.9724
116.311 39.9724
116.311 39.9724
116.311 39.9724
116.311 39.9724
116.311 39.9724
116.311 39.9724
116.311 39.9724
116.311 39.9724
116.311 39.9724
116.311 39.9724
116.311 39.9724
116.311 39.9724
116.311 39.9724
116.311 39.9724
116.311 39.9724
116.311 39.9724
116.311 39.9724
116.311 39.9724
116.311 39.9724
116.311 39.9724
116.311 39.9724
116.311 39.9725
116.311 39.9725
116.311 39.9725
116.311 39.9724
116.311 39.9724
116.311 39.9725
116.311 39.9725
116.311 39.9725
116.311 39.9725
116.311 39.9725
116.311 39.9725
116.311 39.9725
116.311 39.9725
116.311 39.9725
116.311 39.9725
116.311 39.9725
116.311 39.9725
116.311 39.9725
116.311 39.9725
116.311 39.9725
116.311 39.9725
116.311 39.9725
116.311 39.9725
116.311 39.9725
116.311 39.9725
116.311 39.9725
116.311 39.9725
116.311 39.9725
116.311 39.9725
116.311 39.9725
116.311 39.9725
116.311 39.9725
116.311 39.9725
116.311 39.9725
116.311 39.9725
116.311 39.9725
116.311 39.9725
116.311 39.9725
116.311 39.9725
116.311 39.9725
116.311 39.9726
116.311 39.9726
116.311 39.9726
116.311 39.9725
116.311 39.9726
116.311 39.9726
116.311 39.9726
116.311 39.9726
116.311 39.9726
116.311 39.9726
116.311 39.9726
116.311 39.9726
116.311 39.9726
116.311 39.9726
116.311 39.9726
116.311 39.9726
116.311 39.9726
116.311 39.9726
116.311 39.9726
116.311 39.9726
116.311 39.9726
116.311 39.9726
116.311 39.9726
116.311 39.9726
116.311 39.9726
116.311 39.9727
116.311 39.9727
116.311 39.9726
116.311 39.9726
116.311 39.9726
116.311 39.9727
116.311 39.9727
116.311 39.9727
116.311 39.9727
116.311 39.9727
116.311 39.9727
116.311 39.9727
116.311 39.9727
116.311 39.9727
116.311 39.9727
116.311 39.9727
116.311 39.9727
116.311 39.9727
116.311 39.9727
116.311 39.9727
116.311 39.9727
116.311 39.9727
116.311 39.9727
116.311 39.9727
116.311 39.9727
116.311 39.9727
116.311 39.9727
116.311 39.9727
116.311 39.9727
116.311 39.9727
116.311 39.9727
116.311 39.9727
116.311 39.9727
116.311 39.9727
116.311 39.9727
116.311 39.9727
116.311 39.9727
116.311 39.9727
116.311 39.9727
116.311 39.9727
116.311 39.9727
116.311 39.9728
116.311 39.9727
116.311 39.9727
116.311 39.9727
116.311 39.9728
116.311 39.9728
116.311 39.9728
116.311 39.9728
116.311 39.9728
116.311 39.9728
116.311 39.9728
116.311 39.9728
116.311 39.973
116.311 39.973
116.311 39.973
116.311 39.973
116.311 39.973
116.311 39.973
116.311 39.973
116.311 39.973
116.311 39.973
116.311 39.973
116.311 39.973
116.311 39.9731
116.311 39.9731
116.311 39.9731
116.311 39.973
116.311 39.973
116.311 39.9731
116.311 39.9731
116.311 39.9731
116.311 39.9731
116.311 39.9731
116.311 39.9731
116.311 39.9731
116.311 39.9731
116.311 39.9731
116.311 39.9731
116.311 39.9731
116.311 39.9731
116.311 39.9731
116.311 39.9731
116.311 39.9731
116.311 39.9731
116.311 39.9731
116.311 39.9731
116.311 39.9731
116.311 39.9731
116.311 39.9731
116.311 39.9731
116.311 39.9731
116.311 39.9731
116.311 39.9731
116.311 39.9732
116.311 39.9732
116.311 39.9732
116.311 39.9732
116.311 39.9732
116.311 39.9732
116.311 39.9732
116.311 39.9732
116.311 39.9732
116.311 39.9732
116.311 39.9732
116.311 39.9732
116.311 39.9732
116.311 39.9732
116.311 39.9732
116.311 39.9732
116.311 39.9732
116.311 39.9732
116.311 39.9732
116.311 39.9732
116.311 39.9732
116.311 39.9732
116.311 39.9732
116.311 39.9732
116.311 39.9732
116.311 39.9733
116.311 39.9733
116.311 39.9733
116.311 39.9732
116.311 39.9732
116.311 39.9733
116.311 39.9733
116.311 39.9733
116.311 39.9733
116.311 39.9733
116.311 39.9733
116.311 39.9733
116.311 39.9733
116.311 39.9733
116.311 39.9733
116.311 39.9733
116.311 39.9733
116.311 39.9733
116.311 39.9733
116.311 39.9733
116.311 39.9733
116.311 39.9733
116.311 39.9733
116.311 39.9733
116.311 39.9733
116.311 39.9733
116.311 39.9733
116.311 39.9733
116.311 39.9733
116.311 39.9733
116.311 39.9733
116.311 39.9734
116.311 39.9735
116.311 39.9736
116.311 39.9736
116.311 39.9736
116.311 39.9735
116.311 39.9736
116.311 39.9738
116.311 39.9738
116.311 39.9737
116.311 39.9736
116.311 39.9737
116.311 39.9738
116.311 39.9738
116.311 39.9738
116.311 39.9738
116.311 39.9738
116.311 39.9739
116.311 39.9739
116.311 39.9739
116.311 39.9738
116.311 39.9738
116.311 39.9739
116.311 39.9739
116.311 39.9739
116.311 39.9739
116.311 39.9739
116.311 39.9739
116.311 39.9739
116.311 39.9739
116.311 39.9739
116.311 39.9739
116.311 39.9739
116.311 39.9739
116.311 39.9739
116.311 39.9739
116.311 39.9739
116.311 39.9739
116.311 39.9739
116.311 39.9739
116.311 39.9739
116.311 39.9739
116.311 39.9739
116.311 39.9739
116.311 39.9739
116.311 39.9739
116.311 39.9739
116.311 39.9739
116.311 39.9739
116.311 39.9739
116.311 39.9739
116.311 39.9739
116.311 39.9739
116.311 39.9739
116.311 39.9739
116.311 39.9739
116.311 39.9739
116.311 39.974
116.311 39.974
116.311 39.9739
116.311 39.9739
116.311 39.9739
116.311 39.974
116.311 39.974
116.311 39.974
116.311 39.974
116.311 39.974
116.311 39.974
116.311 39.974
116.311 39.974
116.311 39.974
116.311 39.974
116.311 39.974
116.311 39.974
116.311 39.974
116.311 39.974
116.311 39.974
116.311 39.974
116.311 39.974
116.311 39.974
116.311 39.974
116.311 39.974
116.311 39.974
116.311 39.974
116.311 39.974
116.311 39.974
116.311 39.974
116.311 39.974
116.311 39.974
116.311 39.974
116.31 39.9741
116.31 39.9741
116.31 39.9741
116.31 39.9741
116.31 39.9741
116.31 39.9741
116.31 39.9741
116.31 39.9741
116.31 39.9741
116.31 39.9741
116.31 39.9741
116.31 39.9741
116.31 39.9741
116.31 39.9741
116.31 39.9741
116.31 39.9741
116.31 39.9742
116.31 39.9742
116.31 39.9742
116.31 39.9742
116.31 39.9742
116.31 39.9742
116.31 39.9742
116.31 39.9742
116.31 39.9742
116.31 39.9742
116.31 39.9742
116.31 39.9742
116.31 39.9742
116.31 39.9742
116.31 39.9742
116.31 39.9742
116.31 39.9742
116.31 39.9742
116.31 39.9742
116.31 39.9742
116.31 39.9742
116.31 39.9742
116.31 39.9742
116.31 39.9742
116.31 39.9742
116.31 39.9742
116.31 39.9742
116.31 39.9742
116.31 39.9742
116.31 39.9742
116.31 39.9742
116.31 39.9742
116.31 39.9742
116.31 39.9742
116.31 39.9742
116.31 39.9742
116.31 39.9742
116.31 39.9742
116.31 39.9742
116.31 39.9742
116.31 39.9741
116.31 39.9741
116.31 39.9741
116.31 39.9742
116.31 39.9741
116.31 39.9741
116.31 39.9741
116.31 39.9741
116.31 39.9741
116.31 39.9741
116.31 39.9741
116.31 39.9741
116.31 39.9741
116.31 39.9741
116.31 39.9741
116.31 39.9741
116.31 39.9741
116.31 39.9741
116.31 39.9741
116.31 39.9741
116.31 39.9742
116.31 39.9742
116.31 39.9742
116.31 39.9741
116.31 39.9741
116.31 39.9742
116.31 39.9742
116.31 39.9742
116.31 39.9742
116.31 39.9742
116.31 39.9742
116.31 39.9742
116.31 39.9742
116.31 39.9742
116.31 39.9742
116.31 39.9742
116.31 39.9742
116.31 39.9742
116.31 39.9742
116.31 39.9742
116.31 39.9742
116.31 39.9742
116.31 39.9742
116.31 39.9742
116.31 39.9742
116.31 39.9742
116.31 39.9742
116.31 39.9742
116.31 39.9742
116.31 39.9742
116.31 39.9742
116.31 39.9742
116.31 39.9742
116.31 39.9742
116.31 39.9742
116.31 39.9742
116.31 39.9742
116.31 39.9742
116.31 39.9742
116.31 39.9742
116.31 39.9742
116.31 39.9742
116.31 39.9742
116.31 39.9742
116.31 39.9742
116.31 39.9742
116.31 39.9742
116.31 39.9742
116.31 39.9742
116.31 39.9742
116.31 39.9742
116.31 39.9742
116.31 39.9742
116.31 39.9742
116.31 39.9742
116.31 39.9742
116.31 39.9742
116.31 39.9743
116.31 39.9743
116.31 39.9743
116.31 39.9742
116.31 39.9743
116.31 39.9743
116.31 39.9743
116.31 39.9743
116.31 39.9743
116.31 39.9743
116.31 39.9743
116.31 39.9743
116.31 39.9743
116.31 39.9743
116.31 39.9743
116.31 39.9743
116.31 39.9743
116.31 39.9743
116.31 39.9743
116.31 39.9743
116.31 39.9743
116.31 39.9743
116.31 39.9743
116.31 39.9743
116.31 39.9743
116.31 39.9743
116.31 39.9743
116.31 39.9743
116.31 39.9743
116.31 39.9743
116.31 39.9743
116.31 39.9743
116.31 39.9743
116.31 39.9743
116.31 39.9743
116.31 39.9743
116.31 39.9743
116.31 39.9743
116.31 39.9743
116.31 39.9743
116.31 39.9743
116.31 39.9743
116.31 39.9743
116.31 39.9743
116.31 39.9743
116.31 39.9743
116.31 39.9743
116.31 39.9743
116.31 39.9743
116.31 39.9743
116.31 39.9743
116.31 39.9743
116.31 39.9743
116.31 39.9743
116.31 39.9743
116.31 39.9743
116.31 39.9743
116.31 39.9743
116.31 39.9743
116.31 39.9743
116.31 39.9743
116.31 39.9743
116.31 39.9743
116.31 39.9743
116.31 39.9743
116.31 39.9743
116.31 39.9743
116.31 39.9743
116.31 39.9743
116.31 39.9743
116.31 39.9743
116.31 39.9743
116.31 39.9743
116.31 39.9743
116.31 39.9743
116.31 39.9743
116.31 39.9743
116.31 39.9743
116.31 39.9743
116.31 39.9743
116.31 39.9743
116.31 39.9743
116.31 39.9743
116.31 39.9743
116.31 39.9743
116.31 39.9743
116.31 39.9743
116.31 39.9743
116.31 39.9743
116.31 39.9743
116.31 39.9743
116.31 39.9743
116.31 39.9743
116.31 39.9743
116.31 39.9743
116.31 39.9743
116.31 39.9743
116.31 39.9743
116.31 39.9743
116.31 39.9743
116.31 39.9743
116.31 39.9743
116.31 39.9743
116.31 39.9743
116.31 39.9743
116.31 39.9743
116.309 39.9743
116.31 39.9743
116.31 39.9743
116.31 39.9743
116.309 39.9743
116.309 39.9743
116.309 39.9743
116.309 39.9743
116.309 39.9743
116.309 39.9743
116.309 39.9743
116.309 39.9743
116.309 39.9743
116.309 39.9743
116.309 39.9743
116.309 39.9743
116.309 39.9743
116.309 39.9743
116.309 39.9743
116.309 39.9743
116.309 39.9743
116.309 39.9743
116.309 39.9743
116.309 39.9743
116.309 39.9743
116.309 39.9743
116.309 39.9743
116.309 39.9743
116.309 39.9743
116.309 39.9743
116.309 39.9743
116.309 39.9743
116.309 39.9743
116.309 39.9743
116.309 39.9743
116.309 39.9743
116.309 39.9743
116.309 39.9743
116.309 39.9743
116.309 39.9743
116.309 39.9743
116.309 39.9743
116.309 39.9743
116.309 39.9743
116.309 39.9743
116.309 39.9743
116.309 39.9743
116.309 39.9743
116.309 39.9743
116.309 39.9743
116.309 39.9743
116.309 39.9743
116.309 39.9743
116.309 39.9743
116.309 39.9743
116.309 39.9743
116.309 39.9743
116.309 39.9743
116.309 39.9743
116.309 39.9743
116.309 39.9743
116.309 39.9743
116.309 39.9743
116.309 39.9743
116.309 39.9743
116.309 39.9743
116.309 39.9743
116.309 39.9743
116.309 39.9743
116.309 39.9743
116.309 39.9743
116.309 39.9743
116.309 39.9743
116.309 39.9743
116.309 39.9744
116.309 39.9744
116.309 39.9744
116.309 39.9743
116.309 39.9744
116.309 39.9744
116.309 39.9744
116.309 39.9744
116.309 39.9744
116.309 39.9744
116.309 39.9744
116.309 39.9744
116.309 39.9744
116.309 39.9744
116.309 39.9744
116.309 39.9743
116.309 39.9743
116.309 39.9743
116.309 39.9744
116.309 39.9743
116.309 39.9743
116.309 39.9743
116.309 39.9743
116.309 39.9743
116.309 39.9743
116.309 39.9743
116.309 39.9743
116.309 39.9743
116.309 39.9743
116.309 39.9743
116.309 39.9743
116.309 39.9743
116.309 39.9743
116.309 39.9743
116.309 39.9743
116.309 39.9743
116.309 39.9743
116.309 39.9743
116.309 39.9743
116.309 39.9743
116.309 39.9743
116.309 39.9743
116.309 39.9743
116.309 39.9743
116.309 39.9743
116.309 39.9743
116.309 39.9743
116.309 39.9743
116.309 39.9743
116.309 39.9743
116.309 39.9743
116.309 39.9743
116.309 39.9743
116.309 39.9743
116.309 39.9743
116.309 39.9743
116.309 39.9743
116.309 39.9743
116.309 39.9743
116.309 39.9743
116.309 39.9743
116.309 39.9744
116.309 39.9743
116.309 39.9743
116.309 39.9743
116.309 39.9744
116.309 39.9744
116.309 39.9744
116.309 39.9744
116.309 39.9744
116.309 39.9744
116.309 39.9744
116.309 39.9744
116.309 39.9744
116.309 39.9744
116.309 39.9744
116.309 39.9744
116.309 39.9744
116.309 39.9744
116.309 39.9744
116.309 39.9744
116.309 39.9744
116.309 39.9744
116.309 39.9744
116.309 39.9744
116.309 39.9744
116.309 39.9744
116.309 39.9744
116.309 39.9744
116.309 39.9744
116.309 39.9744
116.309 39.9744
116.309 39.9744
116.309 39.9744
116.309 39.9744
116.309 39.9744
116.309 39.9744
116.309 39.9744
116.309 39.9744
116.309 39.9744
116.309 39.9744
116.309 39.9744
116.309 39.9744
116.309 39.9744
116.309 39.9744
116.309 39.9744
116.309 39.9744
116.309 39.9744
116.309 39.9744
116.309 39.9744
116.309 39.9744
116.308 39.9745
116.308 39.9745
116.308 39.9745
116.308 39.9745
116.308 39.9745
116.308 39.9745
116.308 39.9745
116.308 39.9745
116.308 39.9745
116.308 39.9745
116.308 39.9745
116.308 39.9745
116.308 39.9745
116.308 39.9745
116.308 39.9745
116.308 39.9745
116.308 39.9745
116.308 39.9745
116.308 39.9745
116.308 39.9745
116.308 39.9745
116.308 39.9745
116.308 39.9745
116.308 39.9745
116.308 39.9745
116.308 39.9745
116.308 39.9745
116.308 39.9745
116.308 39.9745
116.308 39.9745
116.308 39.9745
116.308 39.9745
116.308 39.9745
116.308 39.9745
116.308 39.9745
116.308 39.9745
116.308 39.9745
116.308 39.9745
116.308 39.9745
116.308 39.9745
116.308 39.9745
116.308 39.9745
116.308 39.9745
116.308 39.9745
116.308 39.9745
116.308 39.9745
116.308 39.9745
116.308 39.9745
116.308 39.9745
116.308 39.9745
116.308 39.9745
116.308 39.9745
116.308 39.9745
116.308 39.9745
116.308 39.9745
116.308 39.9745
116.308 39.9745
116.308 39.9745
116.308 39.9745
116.308 39.9745
116.308 39.9745
116.308 39.9745
116.308 39.9745
116.308 39.9745
116.308 39.9745
116.308 39.9745
116.308 39.9745
116.308 39.9745
116.308 39.9745
116.308 39.9745
116.308 39.9745
116.308 39.9745
116.308 39.9745
116.308 39.9745
116.308 39.9745
116.308 39.9745
116.308 39.9745
116.308 39.9745
116.308 39.9745
116.308 39.9745
116.308 39.9745
116.308 39.9745
116.308 39.9745
116.308 39.9745
116.308 39.9745
116.308 39.9745
116.308 39.9745
116.308 39.9745
116.308 39.9745
116.308 39.9745
116.308 39.9745
116.308 39.9745
116.308 39.9745
116.308 39.9745
116.308 39.9745
116.308 39.9745
116.308 39.9745
116.308 39.9745
116.308 39.9745
116.308 39.9745
116.308 39.9745
116.308 39.9745
116.308 39.9745
116.308 39.9745
116.308 39.9745
116.308 39.9745
116.308 39.9745
116.308 39.9745
116.308 39.9745
116.308 39.9745
116.308 39.9745
116.308 39.9745
116.308 39.9745
116.308 39.9745
116.308 39.9745
116.308 39.9745
116.308 39.9745
116.308 39.9745
116.308 39.9745
116.308 39.9745
116.308 39.9745
116.308 39.9745
116.308 39.9745
116.308 39.9745
116.308 39.9745
116.308 39.9745
116.308 39.9745
116.308 39.9745
116.308 39.9745
116.308 39.9745
116.308 39.9745
116.308 39.9745
116.308 39.9745
116.308 39.9745
116.308 39.9745
116.308 39.9745
116.308 39.9745
116.308 39.9745
116.308 39.9745
116.308 39.9745
116.308 39.9745
116.308 39.9745
116.308 39.9745
116.308 39.9745
116.308 39.9745
116.308 39.9745
116.308 39.9745
116.308 39.9745
116.308 39.9745
116.308 39.9745
116.308 39.9745
116.308 39.9745
116.308 39.9745
116.308 39.9745
116.308 39.9745
116.308 39.9745
116.308 39.9745
116.308 39.9745
116.308 39.9745
116.308 39.9745
116.308 39.9745
116.307 39.9745
116.308 39.9745
116.308 39.9745
116.308 39.9745
116.307 39.9745
116.307 39.9745
116.307 39.9745
116.307 39.9745
116.307 39.9745
116.307 39.9745
116.307 39.9745
116.307 39.9745
116.307 39.9745
116.307 39.9745
116.307 39.9745
116.307 39.9745
116.307 39.9745
116.307 39.9745
116.307 39.9745
116.307 39.9745
116.307 39.9745
116.307 39.9745
116.307 39.9745
116.307 39.9745
116.307 39.9745
116.307 39.9745
116.307 39.9745
116.307 39.9745
116.307 39.9745
116.307 39.9745
116.307 39.9745
116.307 39.9745
116.307 39.9745
116.307 39.9745
116.307 39.9745
116.307 39.9745
116.307 39.9745
116.307 39.9745
116.307 39.9745
116.307 39.9745
116.307 39.9745
116.307 39.9745
116.307 39.9745
116.307 39.9745
116.307 39.9745
116.307 39.9745
116.307 39.9745
116.307 39.9745
116.307 39.9745
116.307 39.9745
116.307 39.9745
116.307 39.9745
116.307 39.9745
116.307 39.9745
116.307 39.9745
116.307 39.9745
116.307 39.9745
116.307 39.9745
116.307 39.9745
116.307 39.9745
116.307 39.9745
116.307 39.9745
116.307 39.9745
116.307 39.9745
116.307 39.9745
116.307 39.9745
116.307 39.9745
116.307 39.9745
116.307 39.9745
116.307 39.9745
116.307 39.9745
116.307 39.9745
116.307 39.9745
116.307 39.9745
116.307 39.9745
116.307 39.9745
116.307 39.9745
116.307 39.9745
116.307 39.9745
116.307 39.9745
116.307 39.9745
116.307 39.9745
116.307 39.9745
116.307 39.9745
116.307 39.9745
116.307 39.9745
116.307 39.9745
116.307 39.9745
116.307 39.9745
116.307 39.9745
116.307 39.9745
116.307 39.9745
116.307 39.9745
116.307 39.9745
116.307 39.9745
116.307 39.9745
116.307 39.9745
116.307 39.9745
116.307 39.9745
116.307 39.9745
116.307 39.9745
116.307 39.9745
116.307 39.9745
116.307 39.9745
116.307 39.9745
116.307 39.9745
116.307 39.9745
116.307 39.9745
116.307 39.9745
116.307 39.9745
116.307 39.9745
116.307 39.9745
116.307 39.9745
116.307 39.9746
116.307 39.9746
116.307 39.9745
116.307 39.9745
116.307 39.9745
116.307 39.9746
116.307 39.9746
116.307 39.9746
116.307 39.9746
116.307 39.9746
116.307 39.9746
116.307 39.9746
116.307 39.9746
116.307 39.9746
116.307 39.9746
116.307 39.9745
116.307 39.9745
116.307 39.9745
116.307 39.9745
116.307 39.9745
116.307 39.9745
116.307 39.9745
116.307 39.9745
116.307 39.9745
116.307 39.9745
116.307 39.9745
116.307 39.9745
116.307 39.9745
116.307 39.9745
116.307 39.9745
116.307 39.9745
116.307 39.9745
116.307 39.9745
116.307 39.9745
116.307 39.9745
116.307 39.9745
116.307 39.9745
116.307 39.9745
116.307 39.9745
116.307 39.9745
116.307 39.9745
116.307 39.9745
116.307 39.9745
116.307 39.9745
116.307 39.9745
116.307 39.9746
116.307 39.9746
116.307 39.9746
116.307 39.9746
116.307 39.9746
116.307 39.9746
116.307 39.9746
116.307 39.9746
116.307 39.9746
116.307 39.9746
116.307 39.9746
116.307 39.9746
116.307 39.9746
116.307 39.9746
116.307 39.9746
116.307 39.9746
116.307 39.9746
116.307 39.9746
116.307 39.9746
116.307 39.9746
116.306 39.9746
116.306 39.9746
116.306 39.9746
116.307 39.9746
116.306 39.9746
116.306 39.9746
116.306 39.9746
116.306 39.9746
116.306 39.9746
116.306 39.9746
116.306 39.9746
116.306 39.9746
116.306 39.9746
116.306 39.9746
116.306 39.9746
116.306 39.9746
116.306 39.9746
116.306 39.9746
116.306 39.9746
116.306 39.9746
116.306 39.9746
116.306 39.9746
116.306 39.9746
116.306 39.9746
116.306 39.9746
116.306 39.9746
116.306 39.9746
116.306 39.9746
116.306 39.9746
116.306 39.9746
116.306 39.9746
116.306 39.9746
116.306 39.9746
116.306 39.9746
116.306 39.9746
116.306 39.9746
116.306 39.9746
116.306 39.9746
116.306 39.9747
116.306 39.9747
116.306 39.9747
116.306 39.9746
116.306 39.9747
116.306 39.9747
116.306 39.9747
116.306 39.9747
116.306 39.9747
116.306 39.9747
116.306 39.9747
116.306 39.9747
116.306 39.9747
116.306 39.9747
116.306 39.9747
116.306 39.9747
116.306 39.9747
116.306 39.9747
116.306 39.9747
116.306 39.9747
116.306 39.9747
116.306 39.9747
116.306 39.9747
116.306 39.9747
116.306 39.9747
116.306 39.9747
116.306 39.9747
116.306 39.9747
116.306 39.9747
116.306 39.9747
116.306 39.9747
116.306 39.9747
116.306 39.9747
116.306 39.9747
116.306 39.9747
116.306 39.9747
116.306 39.9747
116.306 39.9747
116.306 39.9747
116.306 39.9747
116.306 39.9747
116.306 39.9747
116.306 39.9747
116.306 39.9747
116.306 39.9747
116.306 39.9747
116.306 39.9747
116.306 39.9747
116.306 39.9747
116.306 39.9747
116.306 39.9747
116.306 39.9747
116.306 39.9747
116.306 39.9747
116.306 39.9747
116.306 39.9747
116.306 39.9747
116.306 39.9747
116.306 39.9747
116.306 39.9747
116.306 39.9747
116.306 39.9747
116.306 39.9747
116.305 39.9748
116.305 39.9749
116.305 39.9749
116.305 39.9749
116.305 39.9749
116.305 39.9749
116.305 39.9749
116.305 39.9749
116.305 39.9749
116.305 39.9749
116.305 39.9749
116.305 39.9749
116.305 39.9749
116.305 39.9749
116.305 39.9749
116.305 39.9749
116.305 39.9749
116.305 39.9749
116.305 39.9749
116.305 39.9749
116.305 39.9749
116.305 39.9749
116.305 39.9749
116.305 39.9749
116.305 39.9749
116.305 39.9749
116.305 39.9749
116.305 39.9749
116.305 39.9749
116.305 39.9749
116.305 39.9749
116.305 39.9749
116.305 39.9749
116.305 39.9749
116.305 39.9749
116.305 39.9749
116.305 39.9749
116.305 39.9749
116.305 39.9749
116.305 39.9749
116.305 39.9749
116.305 39.9749
116.305 39.9749
116.305 39.9749
116.305 39.9749
116.305 39.9749
116.305 39.9749
116.305 39.9749
116.305 39.9749
116.305 39.9749
116.305 39.9749
116.305 39.9749
116.305 39.9749
116.305 39.9749
116.305 39.9749
116.305 39.9749
116.305 39.9749
116.305 39.9749
116.305 39.9749
116.305 39.9749
116.305 39.9749
116.305 39.9749
116.305 39.9749
116.305 39.9749
116.305 39.9749
116.305 39.9749
116.305 39.975
116.305 39.975
116.305 39.9749
116.305 39.9749
116.305 39.9749
116.305 39.975
116.305 39.975
116.305 39.975
116.305 39.975
116.305 39.975
116.305 39.975
116.305 39.975
116.305 39.975
116.305 39.975
116.305 39.975
116.305 39.975
116.305 39.975
116.305 39.975
116.305 39.975
116.305 39.975
116.305 39.975
116.305 39.975
116.305 39.975
116.305 39.975
116.305 39.975
116.305 39.975
116.305 39.975
116.305 39.975
116.305 39.975
116.305 39.975
116.305 39.975
116.305 39.975
116.305 39.975
116.305 39.975
116.305 39.975
116.305 39.975
116.305 39.975
116.305 39.975
116.305 39.975
116.305 39.975
116.305 39.975
116.305 39.975
116.305 39.975
116.305 39.975
116.305 39.975
116.305 39.975
116.305 39.975
116.305 39.975
116.305 39.975
116.305 39.975
116.305 39.975
116.305 39.975
116.305 39.975
116.305 39.975
116.305 39.975
116.305 39.975
116.305 39.9753
116.305 39.9753
116.305 39.9753
116.305 39.9753
116.305 39.9753
116.305 39.9753
116.305 39.9753
116.305 39.9753
116.305 39.9753
116.305 39.9753
116.305 39.9753
116.305 39.9753
116.305 39.9753
116.305 39.9753
116.305 39.9753
116.305 39.9753
116.305 39.9753
116.305 39.9753
116.305 39.9753
116.305 39.9753
116.305 39.9753
116.305 39.9753
116.305 39.9753
116.305 39.9753
116.305 39.9753
116.305 39.9753
116.305 39.9753
116.305 39.9753
116.305 39.9753
116.305 39.9753
116.305 39.9753
116.305 39.9753
116.305 39.9753
116.305 39.9753
116.305 39.9753
116.305 39.9753
116.305 39.9753
116.305 39.9753
116.305 39.9753
116.305 39.9753
116.305 39.9753
116.305 39.9754
116.305 39.9754
116.305 39.9754
116.305 39.9754
116.305 39.9754
116.305 39.9754
116.305 39.9754
116.305 39.9754
116.305 39.9754
116.305 39.9754
116.305 39.9754
116.305 39.9754
116.305 39.9754
116.305 39.9754
116.305 39.9754
116.305 39.9754
116.305 39.9754
116.305 39.9754
116.305 39.9754
116.305 39.9754
116.305 39.9753
116.305 39.9753
116.305 39.9753
116.305 39.9754
116.305 39.9754
116.305 39.9754
116.305 39.9754
116.305 39.9754
116.305 39.9753
116.305 39.9753
116.305 39.9754
116.305 39.9754
116.305 39.9754
116.305 39.9754
116.305 39.9754
116.305 39.9754
116.305 39.9754
116.305 39.9754
116.305 39.9754
116.305 39.9754
116.305 39.9754
116.305 39.9754
116.305 39.9754
116.305 39.9754
116.305 39.9754
116.305 39.9754
116.305 39.9754
116.305 39.9754
116.305 39.9754
116.305 39.9754
116.305 39.9754
116.305 39.9754
116.305 39.9754
116.305 39.9754
116.305 39.9754
116.305 39.9754
116.305 39.9754
116.305 39.9754
116.305 39.9754
116.305 39.9754
116.305 39.9754
116.305 39.9754
116.305 39.9754
116.305 39.9754
116.305 39.9754
116.305 39.9754
116.305 39.9754
116.305 39.9754
116.305 39.9754
116.305 39.9754
116.305 39.9754
116.305 39.9754
116.305 39.9754
116.305 39.9754
116.305 39.9754
116.305 39.9754
116.305 39.9754
116.305 39.9754
116.305 39.9754
116.305 39.9754
116.305 39.9754
116.305 39.9754
116.305 39.9754
116.305 39.9754
116.305 39.9754
116.305 39.9754
116.305 39.9754
116.305 39.9754
116.305 39.9754
116.305 39.9754
116.305 39.9754
116.305 39.9754
116.305 39.9754
116.305 39.9754
116.305 39.9754
116.305 39.9754
116.305 39.9754
116.305 39.9754
116.305 39.9754
116.305 39.9754
116.305 39.9754
116.305 39.9754
116.305 39.9754
116.305 39.9754
116.305 39.9754
116.305 39.9754
116.305 39.9754
116.305 39.9754
116.305 39.9754
116.305 39.9754
116.305 39.9754
116.305 39.9754
116.305 39.9754
116.305 39.9754
116.305 39.9754
116.305 39.9754
116.305 39.9754
116.305 39.9754
116.305 39.9754
116.305 39.9754
116.305 39.9754
116.305 39.9754
116.305 39.9754
116.305 39.9754
116.305 39.9754
116.305 39.9755
116.305 39.9755
116.305 39.9754
116.305 39.9754
116.305 39.9754
116.305 39.9755
116.305 39.9755
116.305 39.9755
116.305 39.9755
116.305 39.9755
116.305 39.9755
116.305 39.9755
116.305 39.9755
116.305 39.9755
116.305 39.9755
116.305 39.9755
116.305 39.9755
116.305 39.9755
116.305 39.9755
116.305 39.9755
116.305 39.9755
116.305 39.9755
116.305 39.9755
116.305 39.9755
116.305 39.9755
116.305 39.9755
116.305 39.9755
116.305 39.9755
116.305 39.9755
116.305 39.9755
116.305 39.9755
116.305 39.9755
116.305 39.9755
116.305 39.9755
116.305 39.9757
116.305 39.9758
116.305 39.9758
116.305 39.9758
116.305 39.9757
116.305 39.9758
116.305 39.9758
116.305 39.9758
116.305 39.9758
116.305 39.9758
116.305 39.9758
116.305 39.9758
116.305 39.9758
116.305 39.9758
116.305 39.9758
116.305 39.9758
116.305 39.9758
116.305 39.9758
116.305 39.9758
116.305 39.9758
116.305 39.9758
116.305 39.9758
116.305 39.9758
116.305 39.9758
116.305 39.9758
116.305 39.9758
116.305 39.9758
116.305 39.9758
116.305 39.9758
116.305 39.9758
116.305 39.9758
116.305 39.9758
116.305 39.9758
116.305 39.9758
116.305 39.9758
116.305 39.9758
116.305 39.9758
116.305 39.9758
116.305 39.9758
116.305 39.9758
116.305 39.9758
116.305 39.9758
116.305 39.9758
116.305 39.9758
116.305 39.9758
116.305 39.9758
116.305 39.9758
116.305 39.9758
116.305 39.9758
116.305 39.9758
116.305 39.9758
116.305 39.9758
116.305 39.9758
116.305 39.9758
116.305 39.9758
116.305 39.9758
116.305 39.9758
116.305 39.9758
116.305 39.9758
116.305 39.9758
116.305 39.9758
116.305 39.9759
116.305 39.9759
116.305 39.9759
116.305 39.9758
116.305 39.9759
116.305 39.9759
116.305 39.9759
116.305 39.9759
116.305 39.9759
116.305 39.9759
116.305 39.9759
116.305 39.9759
116.305 39.9759
116.305 39.9759
116.305 39.9759
116.305 39.9759
116.305 39.9759
116.305 39.9759
116.305 39.9759
116.305 39.9759
116.305 39.9759
116.305 39.9759
116.305 39.9759
116.305 39.9759
116.305 39.9759
116.305 39.9759
116.305 39.9759
116.305 39.9759
116.305 39.9759
116.305 39.9759
116.305 39.9759
116.305 39.9759
116.305 39.9759
116.305 39.9759
116.305 39.9759
116.305 39.976
116.305 39.976
116.305 39.9759
116.305 39.9759
116.305 39.9759
116.305 39.9761
116.305 39.9761
116.305 39.9761
116.305 39.9761
116.305 39.9761
116.305 39.9761
116.305 39.9761
116.305 39.9761
116.305 39.9761
116.305 39.9761
116.305 39.9761
116.305 39.9761
116.305 39.9761
116.305 39.9761
116.305 39.9761
116.305 39.9761
116.305 39.9761
116.305 39.9761
116.305 39.9761
116.305 39.9761
116.305 39.9761
116.305 39.9763
116.305 39.9764
116.305 39.9764
116.305 39.9764
116.305 39.9764
116.305 39.9764
116.305 39.9764
116.305 39.9765
116.305 39.9764
116.305 39.9764
116.305 39.9764
116.305 39.9765
116.305 39.9765
116.305 39.9765
116.305 39.9765
116.305 39.9765
116.305 39.9765
116.305 39.9765
116.305 39.9765
116.305 39.9765
116.305 39.9765
116.305 39.9766
116.305 39.9766
116.305 39.9765
116.305 39.9765
116.305 39.9765
116.305 39.9766
116.305 39.9766
116.305 39.9766
116.305 39.9766
116.305 39.9766
116.305 39.9766
116.305 39.9766
116.305 39.9766
116.305 39.9766
116.305 39.9766
116.305 39.9767
116.305 39.9767
116.305 39.9767
116.305 39.9766
116.305 39.9767
116.305 39.9767
116.305 39.9767
116.305 39.9767
116.305 39.9767
116.305 39.9767
116.305 39.9767
116.305 39.9767
116.305 39.9767
116.305 39.9767
116.305 39.9767
116.305 39.9767
116.305 39.9767
116.305 39.9767
116.305 39.9767
116.305 39.9767
116.305 39.9767
116.305 39.9767
116.305 39.9767
116.305 39.9767
116.305 39.9767
116.305 39.9767
116.305 39.9767
116.305 39.9767
116.305 39.9767
116.305 39.9767
116.305 39.9768
116.305 39.9768
116.305 39.9768
116.305 39.9767
116.305 39.9768
116.305 39.9768
116.305 39.9768
116.305 39.9768
116.305 39.9768
116.305 39.9768
116.305 39.9768
116.305 39.9768
116.305 39.9768
116.305 39.9768
116.305 39.9768
116.305 39.9768
116.305 39.9768
116.305 39.9768
116.305 39.9768
116.305 39.9768
116.305 39.9768
116.305 39.9768
116.305 39.9768
116.305 39.9768
116.305 39.9768
116.305 39.9768
116.305 39.9768
116.305 39.9768
116.305 39.9768
116.305 39.9768
116.305 39.9767
116.305 39.9767
116.305 39.9767
116.305 39.9767
116.305 39.9767
116.305 39.9767
116.305 39.9767
116.305 39.9767
116.305 39.9767
116.305 39.9767
116.305 39.9767
116.305 39.9767
116.305 39.9767
116.305 39.9767
116.305 39.9767
116.305 39.9767
116.305 39.9768
116.305 39.9767
116.305 39.9767
116.305 39.9767
116.305 39.9768
116.305 39.9768
116.305 39.9768
116.305 39.9768
116.305 39.9768
116.305 39.9768
116.305 39.9768
116.305 39.9768
116.305 39.9768
116.305 39.9768
116.305 39.9768
116.305 39.9768
116.305 39.9768
116.305 39.9768
116.305 39.9768
116.305 39.9768
116.305 39.9768
116.305 39.9768
116.305 39.9768
116.305 39.9768
116.305 39.9768
116.305 39.9768
116.305 39.9768
116.305 39.9768
116.305 39.9768
116.305 39.9768
116.305 39.9768
116.305 39.9768
116.305 39.9768
116.305 39.9768
116.305 39.9768
116.305 39.9768
116.305 39.9768
116.305 39.9768
116.305 39.9768
116.305 39.9768
116.305 39.9768
116.305 39.9768
116.305 39.9768
116.305 39.9768
116.305 39.9768
116.305 39.9768
116.305 39.9768
116.305 39.9768
116.305 39.9771
116.305 39.9771
116.305 39.9771
116.305 39.9771
116.305 39.9771
116.305 39.9771
116.305 39.9771
116.305 39.9771
116.305 39.9771
116.305 39.9771
116.305 39.9771
116.305 39.9771
116.305 39.9771
116.305 39.9771
116.305 39.9771
116.305 39.9771
116.305 39.9771
116.305 39.9771
116.305 39.9771
116.305 39.9771
116.305 39.9771
116.305 39.9771
116.305 39.9771
116.305 39.9771
116.305 39.9771
116.305 39.9771
116.305 39.9771
116.305 39.9771
116.305 39.9771
116.305 39.9771
116.305 39.9771
116.305 39.9771
116.305 39.9771
116.305 39.9771
116.305 39.9771
116.305 39.9771
116.305 39.9771
116.305 39.9771
116.305 39.9771
116.305 39.9771
116.305 39.9771
116.305 39.9771
116.305 39.9771
116.305 39.9771
116.305 39.9771
116.305 39.9771
116.305 39.9771
116.305 39.9771
116.305 39.9771
116.305 39.9771
116.305 39.9771
116.305 39.9771
116.305 39.9771
116.305 39.9771
116.305 39.9771
116.305 39.9771
116.305 39.9771
116.305 39.9771
116.305 39.9771
116.305 39.9771
116.305 39.9771
116.305 39.9771
116.305 39.9771
116.305 39.9771
116.305 39.9771
116.305 39.9771
116.305 39.9771
116.305 39.9771
116.305 39.9771
116.305 39.9771
116.305 39.9771
116.305 39.9771
116.305 39.9771
116.305 39.9771
116.305 39.9771
116.305 39.9771
116.305 39.9771
116.305 39.9772
116.305 39.9771
116.305 39.9771
116.305 39.9771
116.305 39.9772
116.305 39.9772
116.305 39.9772
116.305 39.9772
116.305 39.9772
116.305 39.9772
116.305 39.9772
116.305 39.9772
116.305 39.9772
116.305 39.9772
116.305 39.9772
116.305 39.9772
116.305 39.9772
116.305 39.9772
116.305 39.9772
116.305 39.9772
116.305 39.9772
116.305 39.9772
116.305 39.9772
116.305 39.9772
116.305 39.9772
116.305 39.9772
116.305 39.9772
116.305 39.9772
116.305 39.9772
116.305 39.9772
116.305 39.9772
116.305 39.9772
116.305 39.9772
116.305 39.9772
116.305 39.9772
116.305 39.9772
116.305 39.9772
116.305 39.9772
116.305 39.9772
116.305 39.9772
116.305 39.9772
116.305 39.9772
116.305 39.9772
116.305 39.9772
116.305 39.9772
116.305 39.9772
116.305 39.9772
116.305 39.9772
116.305 39.9772
116.305 39.9772
116.305 39.9774
116.305 39.9775
116.305 39.9775
116.305 39.9775
116.305 39.9775
116.305 39.9775
116.305 39.9775
116.305 39.9775
116.305 39.9775
116.305 39.9775
116.305 39.9775
116.305 39.9775
116.305 39.9775
116.305 39.9775
116.305 39.9775
116.305 39.9775
116.305 39.9775
116.305 39.9775
116.305 39.9775
116.305 39.9775
116.305 39.9775
116.305 39.9774
116.305 39.9774
116.305 39.9774
116.305 39.9775
116.305 39.9775
116.305 39.9774
116.305 39.9774
116.305 39.9774
116.305 39.9774
116.305 39.9774
116.304 39.9773
116.304 39.9773
116.304 39.9774
116.304 39.9774
116.304 39.9774
116.304 39.9773
116.304 39.9773
116.304 39.9773
116.304 39.9773
116.304 39.9773
116.304 39.9773
116.304 39.9773
116.304 39.9773
116.304 39.9773
116.304 39.9773
116.304 39.9773
116.304 39.9773
116.304 39.9773
116.304 39.9773
116.304 39.9773
116.304 39.9773
116.304 39.9773
116.304 39.9773
116.304 39.9773
116.304 39.9773
116.304 39.9773
116.304 39.9773
116.304 39.9773
116.304 39.9773
116.304 39.9772
116.304 39.9772
116.304 39.9772
116.304 39.9772
116.304 39.9772
116.304 39.9772
116.304 39.9772
116.304 39.9772
116.304 39.9772
116.304 39.9772
116.304 39.9773
116.304 39.9775
116.305 39.9789
116.305 39.9789
116.305 39.9789
116.305 39.9789
116.305 39.9789
116.305 39.9789
116.305 39.979
116.305 39.979
116.305 39.979
116.305 39.9789
116.305 39.979
116.305 39.979
116.305 39.979
116.305 39.979
116.305 39.979
116.305 39.979
116.305 39.979
116.305 39.979
116.305 39.979
116.305 39.979
116.305 39.979
116.305 39.979
116.305 39.979
116.305 39.979
116.305 39.979
116.305 39.979
116.305 39.979
116.305 39.979
116.305 39.979
116.305 39.979
116.305 39.979
116.305 39.979
116.305 39.979
116.305 39.979
116.305 39.979
116.305 39.979
116.305 39.979
116.305 39.979
116.305 39.979
116.305 39.979
116.305 39.979
116.305 39.979
116.305 39.979
116.305 39.979
116.305 39.979
116.305 39.979
116.305 39.979
116.305 39.979
116.305 39.979
116.305 39.979
116.305 39.979
116.305 39.979
116.305 39.979
116.305 39.979
116.305 39.979
116.305 39.979
116.305 39.979
116.305 39.979
116.305 39.979
116.305 39.979
116.305 39.979
116.305 39.979
116.305 39.979
116.305 39.979
116.305 39.979
116.305 39.979
116.305 39.979
116.305 39.979
116.305 39.979
116.305 39.979
116.305 39.979
116.305 39.979
116.305 39.979
116.305 39.979
116.305 39.979
116.305 39.979
116.305 39.979
116.305 39.979
116.305 39.979
116.305 39.979
116.305 39.979
116.305 39.979
116.305 39.979
116.305 39.979
116.305 39.979
116.305 39.979
116.305 39.979
116.305 39.979
116.305 39.979
116.305 39.979
116.305 39.979
116.305 39.979
116.305 39.979
116.305 39.979
116.305 39.979
116.304 39.9788
116.304 39.9788
116.304 39.9788
116.304 39.9788
116.304 39.9788
116.304 39.9787
116.304 39.9787
116.304 39.9787
116.304 39.9788
116.304 39.9788
116.304 39.9784
