121.529 38.9262
121.529 38.9262
121.529 38.9262
121.529 38.9262
121.529 38.9262
121.529 38.9262
121.529 38.9261
121.529 38.9261
121.529 38.926
121.529 38.926
121.529 38.926
121.529 38.926
121.529 38.926
121.529 38.9261
121.529 38.9261
121.529 38.9261
121.529 38.9261
121.528 38.927
121.528 38.927
121.528 38.9269
121.528 38.9269
121.528 38.9269
121.528 38.9269
121.528 38.9269
121.528 38.9269
121.528 38.9269
121.528 38.9268
121.528 38.9268
121.528 38.9268
121.528 38.9268
121.528 38.9268
121.528 38.9268
121.528 38.9268
121.528 38.9268
121.528 38.9268
121.528 38.9268
121.528 38.9268
121.528 38.9268
121.528 38.9268
121.528 38.9268
121.528 38.9268
121.528 38.9268
121.528 38.9268
121.528 38.9268
121.528 38.9269
121.528 38.9269
121.528 38.9269
121.528 38.9269
121.528 38.9269
121.528 38.9269
121.528 38.9269
121.528 38.9269
121.528 38.9269
121.529 38.9269
121.528 38.9269
121.529 38.9269
121.529 38.9268
121.529 38.9265
121.529 38.9261
121.529 38.9259
121.529 38.9256
121.53 38.9254
121.53 38.9253
121.53 38.9252
121.53 38.9251
121.531 38.9251
121.531 38.9251
121.531 38.9251
121.531 38.9251
121.531 38.9251
121.531 38.9251
121.531 38.9251
121.531 38.9251
121.531 38.925
121.532 38.925
121.532 38.9249
121.533 38.9249
121.533 38.9248
121.534 38.9248
121.534 38.9248
121.534 38.9247
121.534 38.9247
121.534 38.9247
121.534 38.9246
121.535 38.9246
121.535 38.9245
121.535 38.9245
121.536 38.9243
121.536 38.9242
121.537 38.9241
121.537 38.924
121.538 38.924
121.538 38.924
121.538 38.9239
121.538 38.9239
121.539 38.9239
121.539 38.9239
121.54 38.9238
121.54 38.9237
121.54 38.9236
121.541 38.9236
121.541 38.9236
121.541 38.9235
121.542 38.9233
121.542 38.9231
121.543 38.9228
121.543 38.9226
121.543 38.9226
121.543 38.9225
121.543 38.9225
121.543 38.9225
121.543 38.9225
121.543 38.9224
121.543 38.9223
121.543 38.9221
121.544 38.9218
121.544 38.9214
121.545 38.9211
121.545 38.9208
121.545 38.9205
121.546 38.9204
121.546 38.9203
121.546 38.9203
121.546 38.9202
121.547 38.9201
121.547 38.9199
121.547 38.9197
121.548 38.9196
121.548 38.9195
121.549 38.9195
121.549 38.9194
121.549 38.9193
121.549 38.9192
121.55 38.919
121.55 38.9189
121.55 38.9187
121.551 38.9185
121.551 38.9184
121.551 38.9185
121.551 38.9185
121.551 38.9185
121.551 38.9185
121.551 38.9185
121.551 38.9185
121.552 38.9185
121.552 38.9186
121.553 38.9185
121.553 38.9184
121.553 38.9182
121.554 38.918
121.554 38.9179
121.554 38.9177
121.554 38.9175
121.555 38.9174
121.555 38.9173
121.556 38.9171
121.556 38.9169
121.557 38.9166
121.557 38.9164
121.557 38.9161
121.558 38.9158
121.558 38.9155
121.558 38.9155
121.558 38.9155
121.558 38.9155
121.558 38.9155
121.558 38.9155
121.559 38.9154
121.559 38.9153
121.559 38.9152
121.56 38.915
121.56 38.9148
121.561 38.9146
121.561 38.9144
121.562 38.9142
121.562 38.914
121.563 38.9138
121.563 38.9138
121.563 38.9137
121.563 38.9137
121.563 38.9137
121.563 38.9137
121.563 38.9137
121.563 38.9137
121.563 38.9137
121.563 38.9136
121.564 38.9134
121.564 38.9133
121.564 38.9131
121.565 38.913
121.565 38.9127
121.566 38.9125
121.566 38.9124
121.566 38.9124
121.566 38.9124
121.566 38.9124
121.566 38.9125
121.566 38.9125
121.566 38.9125
121.566 38.9125
121.566 38.9125
121.566 38.9125
121.566 38.9125
121.566 38.9125
121.566 38.9125
121.566 38.9125
121.566 38.9125
121.566 38.9125
121.566 38.9125
121.566 38.9126
121.566 38.9126
121.566 38.9126
121.566 38.9126
121.566 38.9126
121.566 38.9126
121.566 38.9126
121.566 38.9126
121.566 38.9126
121.566 38.9126
121.566 38.9126
121.566 38.9126
121.566 38.9126
121.566 38.9126
121.565 38.9127
121.565 38.9129
121.565 38.9131
121.564 38.9132
121.564 38.9132
121.564 38.9132
121.564 38.9132
121.564 38.9132
121.564 38.9132
121.564 38.9132
121.564 38.9132
121.564 38.9132
121.564 38.9133
121.564 38.9133
121.564 38.9133
121.564 38.9133
121.564 38.9133
121.564 38.9133
121.564 38.9133
121.564 38.9133
121.564 38.9133
121.564 38.9133
121.564 38.9133
121.564 38.9133
121.564 38.9133
121.564 38.9133
121.564 38.9132
121.563 38.9129
121.563 38.9124
121.563 38.9119
121.562 38.9113
121.562 38.9107
121.562 38.9103
121.561 38.9099
121.561 38.9099
121.561 38.9099
121.561 38.9099
121.561 38.9098
121.561 38.9095
121.561 38.9092
121.561 38.909
121.561 38.9086
121.56 38.9082
121.56 38.9077
121.56 38.9072
121.559 38.9067
121.559 38.9062
121.559 38.9058
121.558 38.9053
121.558 38.9048
121.558 38.9043
121.558 38.9038
121.558 38.9034
121.558 38.9031
121.558 38.9031
121.558 38.9031
121.558 38.9031
121.558 38.9031
121.558 38.9028
121.557 38.9026
121.557 38.9023
121.557 38.9019
121.557 38.9014
121.557 38.9009
121.557 38.9003
121.557 38.8996
121.557 38.899
121.557 38.8984
121.557 38.8981
121.557 38.8981
121.557 38.8981
121.557 38.8979
121.557 38.8976
121.557 38.8972
121.557 38.8968
121.557 38.8964
121.557 38.8962
121.557 38.8959
121.557 38.8958
121.557 38.8958
121.557 38.8958
121.557 38.8958
121.557 38.8958
121.557 38.8956
121.557 38.8954
121.557 38.895
121.557 38.8947
121.557 38.8943
121.557 38.8938
121.557 38.8935
121.557 38.8931
121.557 38.8927
121.557 38.8925
121.557 38.8925
121.557 38.8925
121.557 38.8925
121.557 38.8925
121.557 38.8924
121.558 38.8922
121.558 38.892
121.558 38.8918
121.558 38.8915
121.557 38.8911
121.557 38.8907
121.557 38.8903
121.556 38.8898
121.556 38.8894
121.555 38.889
121.555 38.8886
121.555 38.8882
121.555 38.8879
121.555 38.8875
121.555 38.887
121.555 38.8865
121.555 38.886
121.555 38.8857
121.555 38.8856
121.555 38.8855
121.555 38.8854
121.555 38.8854
121.555 38.8854
121.555 38.8854
121.555 38.8854
121.555 38.8854
121.555 38.8854
121.555 38.8854
121.555 38.8854
121.555 38.8855
121.555 38.8855
121.555 38.8856
121.555 38.8856
121.555 38.8857
121.555 38.8857
121.555 38.8857
121.555 38.8857
121.555 38.8858
121.555 38.8859
121.555 38.8859
121.555 38.8859
121.555 38.8859
121.555 38.8859
121.555 38.8859
121.555 38.8859
121.555 38.8859
121.555 38.8859
121.555 38.8859
121.555 38.8859
121.555 38.8859
121.555 38.8859
121.555 38.8859
121.555 38.8858
121.555 38.8858
121.555 38.8857
121.556 38.8857
121.556 38.8857
121.556 38.8857
121.556 38.8857
121.556 38.8857
121.556 38.8857
121.556 38.8858
121.556 38.8858
121.556 38.8858
121.556 38.8858
121.556 38.8858
121.556 38.8858
121.556 38.8858
121.556 38.8858
121.556 38.8858
121.556 38.8858
121.556 38.8858
121.556 38.8857
121.554 38.8849
121.554 38.8847
121.553 38.8846
121.553 38.8845
121.554 38.8846
121.554 38.8847
121.555 38.8852
121.555 38.8854
121.555 38.8856
121.555 38.8858
121.555 38.8862
121.555 38.8866
121.555 38.887
121.555 38.8875
121.555 38.8879
121.555 38.8883
121.555 38.8886
121.556 38.889
121.556 38.8894
121.556 38.8897
121.557 38.89
121.557 38.8904
121.557 38.8907
121.558 38.891
121.558 38.8915
121.558 38.8918
121.558 38.892
121.558 38.8923
121.558 38.8925
121.558 38.8926
121.558 38.8926
121.558 38.8926
121.558 38.8928
121.557 38.8931
121.557 38.8934
121.557 38.8939
121.557 38.8943
121.557 38.8948
121.557 38.895
121.557 38.895
121.557 38.895
121.557 38.895
121.557 38.895
121.557 38.895
121.557 38.895
121.557 38.895
121.557 38.895
121.557 38.895
121.557 38.895
121.557 38.895
121.557 38.895
121.557 38.895
121.557 38.895
121.557 38.895
121.557 38.895
121.557 38.895
121.557 38.895
121.557 38.895
121.557 38.895
121.557 38.895
121.557 38.8951
121.557 38.8952
121.557 38.8955
121.557 38.8959
121.557 38.8962
121.557 38.8966
121.557 38.897
121.557 38.8974
121.557 38.8979
121.557 38.8983
121.557 38.8984
121.557 38.8984
121.557 38.8985
121.557 38.8987
121.557 38.899
121.557 38.8993
121.557 38.8998
121.557 38.9003
121.557 38.9008
121.557 38.9012
121.557 38.9017
121.558 38.9021
121.558 38.9025
121.558 38.9029
121.558 38.9033
121.558 38.9036
121.558 38.9038
121.558 38.9039
121.558 38.9039
121.558 38.9041
121.558 38.9044
121.559 38.9048
121.559 38.9052
121.559 38.9055
121.559 38.906
121.559 38.9063
121.56 38.9067
121.56 38.907
121.56 38.9074
121.56 38.9078
121.561 38.9083
121.561 38.9086
121.561 38.909
121.561 38.9092
121.562 38.9095
121.562 38.9099
121.562 38.9102
121.562 38.9105
121.562 38.9105
121.562 38.9106
121.562 38.9108
121.562 38.911
121.563 38.9113
121.563 38.9117
121.563 38.912
121.563 38.9125
121.564 38.9129
121.564 38.9131
121.564 38.9132
121.564 38.9132
121.565 38.913
121.565 38.9129
121.566 38.9126
121.566 38.9125
121.567 38.9123
121.567 38.9121
121.567 38.9119
121.567 38.9119
121.567 38.9119
121.567 38.9119
121.567 38.9119
121.567 38.912
121.567 38.9121
121.567 38.9122
121.567 38.9122
121.567 38.9122
121.567 38.9123
121.567 38.9123
121.567 38.9124
121.567 38.9124
121.567 38.9124
121.566 38.9124
121.566 38.9124
121.566 38.9124
121.566 38.9125
121.565 38.9127
121.565 38.9128
121.565 38.9129
121.564 38.913
121.564 38.9131
121.564 38.9131
121.564 38.9131
121.564 38.9131
121.564 38.9131
121.564 38.9131
121.564 38.9131
121.564 38.9131
121.564 38.9131
121.564 38.9131
121.564 38.9131
121.564 38.9131
121.564 38.9132
121.564 38.9133
121.563 38.9134
121.563 38.9136
121.563 38.9137
121.562 38.914
121.562 38.9141
121.561 38.9143
121.561 38.9144
121.561 38.9145
121.561 38.9146
121.56 38.9148
121.56 38.9149
121.56 38.9149
121.56 38.9149
121.56 38.9149
121.56 38.9149
121.56 38.915
121.56 38.9151
121.559 38.9152
121.559 38.9154
121.558 38.9156
121.558 38.9158
121.557 38.916
121.557 38.9162
121.556 38.9164
121.556 38.9166
121.555 38.9168
121.555 38.9168
121.555 38.9168
121.555 38.9168
121.555 38.9168
121.555 38.9168
121.555 38.9168
121.555 38.917
121.554 38.9171
121.554 38.9172
121.553 38.9174
121.553 38.9176
121.552 38.9178
121.552 38.9181
121.551 38.9183
121.551 38.9185
121.551 38.9187
121.55 38.9189
121.55 38.9191
121.55 38.9193
121.55 38.9193
121.55 38.9193
121.55 38.9193
121.55 38.9193
121.55 38.9193
121.55 38.9193
121.55 38.9193
121.55 38.9193
121.55 38.9194
121.549 38.9194
121.549 38.9196
121.549 38.9197
121.549 38.9198
121.548 38.9199
121.548 38.92
121.548 38.92
121.548 38.92
121.547 38.9201
121.547 38.9201
121.547 38.9203
121.547 38.9204
121.547 38.9204
121.547 38.9204
121.547 38.9204
121.546 38.9205
121.546 38.9205
121.546 38.9206
121.545 38.9208
121.545 38.9209
121.545 38.9211
121.544 38.9212
121.544 38.9214
121.544 38.9215
121.543 38.9216
121.543 38.9217
121.543 38.9217
121.543 38.9217
121.543 38.9217
121.543 38.9218
121.543 38.9219
121.543 38.922
121.543 38.9222
121.542 38.9224
121.542 38.9225
121.542 38.9227
121.541 38.9229
121.541 38.923
121.54 38.9231
121.54 38.9232
121.539 38.9232
121.539 38.9233
121.538 38.9234
121.538 38.9234
121.538 38.9234
121.538 38.9234
121.538 38.9235
121.538 38.9234
121.538 38.9235
121.537 38.9235
121.537 38.9237
121.536 38.9239
121.536 38.9241
121.535 38.9243
121.535 38.9244
121.534 38.9245
121.534 38.9246
121.534 38.9246
121.534 38.9246
121.534 38.9246
121.534 38.9246
121.534 38.9246
121.533 38.9247
121.533 38.9247
121.533 38.9248
121.532 38.9249
121.531 38.925
121.531 38.9251
121.53 38.9251
121.53 38.9252
121.53 38.9252
121.53 38.9252
121.53 38.9252
121.53 38.9252
121.53 38.9252
121.53 38.9252
121.53 38.9252
121.53 38.9253
121.53 38.9253
121.53 38.9253
121.53 38.9253
121.53 38.9254
121.53 38.9254
121.53 38.9255
121.529 38.9255
121.529 38.9255
121.529 38.9256
121.529 38.9257
121.529 38.9257
121.529 38.9258
121.529 38.9258
121.529 38.9259
121.529 38.9259
121.529 38.926
121.529 38.926
121.529 38.9261
121.529 38.9261
121.529 38.9261
121.529 38.9261
121.529 38.9261
121.529 38.9261
121.529 38.9261
121.529 38.9262
121.529 38.9262
121.529 38.9265
121.529 38.9265
121.529 38.9266
121.529 38.9266
121.529 38.9267
121.529 38.9268
121.529 38.9268
121.529 38.9269
121.529 38.9269
121.529 38.9269
121.529 38.9271
121.529 38.9271
121.529 38.9271
121.529 38.9272
121.529 38.9272
121.529 38.9272
121.529 38.9272
121.529 38.9272
121.529 38.9273
121.529 38.9274
121.529 38.9274
121.529 38.9275
121.529 38.9275
121.529 38.9276
121.529 38.9277
121.529 38.9278
121.529 38.9278
121.529 38.9279
121.529 38.9279
121.529 38.9279
121.529 38.9279
121.529 38.928
121.529 38.9282
121.529 38.9283
121.529 38.9283
121.529 38.9283
121.529 38.9283
121.529 38.9283
121.529 38.9283
121.529 38.9283
121.529 38.9283
121.529 38.9283
121.529 38.9283
121.529 38.9283
121.529 38.9283
121.529 38.9283
121.529 38.9285
121.529 38.9287
121.529 38.9287
121.529 38.9287
121.529 38.9288
121.529 38.9288
121.529 38.9289
121.529 38.9289
121.529 38.9289
121.529 38.9291
121.529 38.9291
121.529 38.9292
121.529 38.9294
121.53 38.9294
121.53 38.9295
121.53 38.9299
121.53 38.9296
121.53 38.9296
121.53 38.9295
121.53 38.9295
121.53 38.9295
121.53 38.9296
