116.334 39.9738
116.335 39.9733
116.335 39.9726
116.336 39.9718
116.336 39.971
116.337 39.9702
116.337 39.9695
116.338 39.9688
116.338 39.968
116.339 39.9672
116.339 39.9665
116.339 39.966
116.339 39.9656
116.339 39.9652
116.339 39.965
116.339 39.9649
116.339 39.9649
116.339 39.9649
116.339 39.9649
116.339 39.9649
116.339 39.9649
116.339 39.9649
116.339 39.9649
116.339 39.9649
116.339 39.9648
116.339 39.9645
116.339 39.964
116.339 39.9633
116.339 39.9625
116.34 39.9616
116.34 39.9607
116.34 39.9599
116.341 39.9592
116.341 39.9584
116.341 39.9575
116.342 39.9567
116.342 39.9559
116.343 39.9551
116.343 39.9543
116.344 39.9535
116.344 39.9528
116.344 39.952
116.345 39.9512
116.345 39.9504
116.346 39.9496
116.346 39.9488
116.346 39.948
116.345 39.9473
116.345 39.9467
116.345 39.9461
116.345 39.9455
116.345 39.945
116.345 39.9446
116.345 39.9443
116.346 39.944
116.346 39.9437
116.346 39.9434
116.346 39.9432
116.346 39.9429
116.346 39.9427
116.346 39.9425
116.346 39.9422
116.346 39.942
116.346 39.9419
116.346 39.9418
116.347 39.94
116.347 39.9404
116.347 39.9404
116.347 39.9405
116.347 39.9405
116.347 39.9405
116.347 39.9406
116.347 39.9406
