116.308 39.9692
116.308 39.9692
116.308 39.9691
116.308 39.9692
116.309 39.9692
116.309 39.9692
116.309 39.9692
116.309 39.9692
116.311 39.9694
116.311 39.9695
116.311 39.9695
116.311 39.9696
116.311 39.9696
116.311 39.9697
116.311 39.9697
116.311 39.9698
116.311 39.9698
116.311 39.9699
116.311 39.9699
116.311 39.97
116.311 39.97
116.311 39.9701
116.311 39.9702
116.311 39.9702
116.311 39.9702
116.311 39.9703
116.311 39.9704
116.311 39.9704
116.311 39.9705
116.311 39.9705
116.311 39.9706
116.311 39.971
116.311 39.971
116.311 39.9709
116.311 39.9687
116.311 39.9686
116.311 39.9686
116.311 39.9686
116.311 39.9686
116.311 39.9686
116.311 39.9686
116.311 39.9686
116.311 39.9686
116.311 39.9686
116.311 39.9686
116.31 39.9686
116.31 39.9686
116.31 39.9686
116.31 39.9686
116.31 39.9687
116.311 39.9687
116.311 39.9688
116.311 39.9688
116.311 39.9688
116.311 39.9689
116.31 39.9689
116.31 39.969
116.31 39.969
116.31 39.969
116.31 39.9691
116.32 39.9689
116.31 39.9685
116.31 39.9684
116.31 39.9684
116.309 39.9684
116.309 39.9684
116.309 39.9684
116.309 39.9685
116.309 39.9685
116.309 39.9685
116.309 39.9685
116.309 39.9685
116.309 39.9685
116.309 39.9685
116.309 39.9684
116.309 39.9684
116.309 39.9684
116.309 39.9684
116.308 39.9684
116.308 39.9684
116.308 39.9684
116.308 39.9684
116.308 39.9685
116.308 39.9684
116.308 39.9684
116.308 39.9684
116.308 39.9684
116.308 39.9684
116.308 39.9683
116.306 39.9691
116.306 39.9691
116.305 39.9691
116.305 39.9691
116.305 39.9691
116.305 39.9691
116.305 39.9691
116.305 39.969
116.305 39.969
116.305 39.969
116.305 39.9691
116.305 39.969
116.305 39.969
116.305 39.969
116.305 39.969
116.305 39.9691
116.304 39.9691
116.304 39.9691
116.304 39.9692
116.305 39.9692
116.305 39.9693
116.305 39.9693
116.305 39.9694
116.305 39.9694
116.305 39.9695
116.304 39.9695
116.304 39.9695
116.304 39.9696
116.304 39.9696
116.304 39.9697
116.304 39.9697
116.304 39.9696
116.304 39.9696
116.304 39.9696
116.304 39.9696
116.304 39.9696
116.304 39.9696
116.304 39.9696
116.301 39.9696
116.301 39.9694
116.301 39.9694
116.301 39.9694
116.3 39.9694
116.3 39.9693
116.3 39.9693
116.3 39.9693
116.3 39.9693
116.3 39.9693
116.3 39.9693
116.3 39.9674
116.3 39.9674
116.299 39.9674
116.299 39.9673
116.299 39.9674
116.299 39.9674
116.299 39.9673
116.299 39.9673
116.299 39.9673
116.299 39.9673
116.299 39.9673
116.299 39.9673
116.299 39.9673
116.299 39.9672
116.296 39.9673
116.296 39.9673
116.296 39.9673
116.296 39.9673
116.296 39.9673
116.296 39.9673
116.296 39.9673
116.296 39.9673
116.296 39.9673
116.296 39.9673
116.296 39.9673
116.296 39.9673
116.296 39.9673
116.296 39.9673
116.295 39.9672
116.295 39.9672
116.295 39.9672
116.295 39.9673
116.295 39.9673
116.295 39.9674
116.295 39.9674
116.295 39.9675
116.295 39.9675
116.295 39.9676
116.295 39.9676
116.295 39.9677
116.295 39.9677
116.295 39.9678
116.295 39.9678
116.295 39.9679
116.295 39.9679
116.295 39.968
116.295 39.968
116.295 39.968
116.295 39.9681
116.295 39.9681
116.295 39.9681
116.295 39.9683
116.295 39.9683
116.295 39.9683
116.295 39.9683
116.295 39.9683
116.295 39.9682
116.295 39.9682
116.295 39.9682
116.295 39.9681
116.295 39.9681
116.295 39.968
116.295 39.968
116.295 39.968
116.295 39.9679
116.295 39.9679
116.295 39.9678
116.295 39.9678
116.295 39.9677
116.295 39.9677
116.295 39.9676
116.295 39.9676
116.295 39.9675
116.295 39.9675
116.295 39.9674
116.295 39.9673
116.295 39.9673
116.295 39.9672
116.295 39.9672
116.296 39.9672
116.296 39.9672
116.296 39.9672
116.296 39.9672
116.296 39.9672
116.296 39.9672
116.296 39.9672
116.296 39.9671
116.296 39.9672
116.296 39.9672
116.296 39.9672
116.296 39.9672
116.296 39.9672
116.296 39.9672
116.296 39.9672
116.297 39.9672
116.297 39.9672
116.297 39.9672
116.297 39.9672
116.297 39.9672
116.297 39.9672
116.297 39.9672
116.297 39.9672
116.297 39.9672
116.297 39.9672
116.297 39.9672
116.297 39.9672
116.297 39.9672
116.297 39.9672
116.298 39.9672
116.298 39.9672
116.298 39.9672
116.298 39.9671
116.298 39.967
116.298 39.967
116.298 39.9671
116.298 39.9671
116.298 39.9672
116.298 39.9672
116.298 39.9672
116.298 39.9672
116.298 39.9672
116.299 39.9672
116.299 39.9672
116.299 39.9671
116.299 39.9672
116.299 39.9672
116.299 39.9675
116.299 39.9676
116.299 39.9678
116.299 39.9677
116.299 39.9675
116.299 39.9675
116.299 39.9673
116.299 39.9673
116.299 39.9673
116.299 39.9673
116.299 39.9673
116.299 39.9673
116.299 39.9673
116.299 39.9673
116.3 39.9673
116.3 39.9673
116.3 39.9673
116.3 39.9673
116.3 39.9673
116.3 39.9672
116.3 39.9672
116.3 39.9672
116.3 39.9672
116.3 39.9673
116.3 39.9673
116.3 39.9673
116.3 39.9673
116.3 39.9674
116.301 39.9674
116.301 39.9674
116.301 39.9674
116.301 39.9674
116.301 39.9675
116.301 39.9675
116.301 39.9676
116.301 39.9676
116.301 39.9677
116.301 39.9677
116.301 39.9677
116.301 39.9678
116.301 39.9679
116.301 39.9679
116.301 39.968
116.301 39.9681
116.301 39.9681
116.301 39.9682
116.301 39.9682
116.301 39.9683
116.301 39.9684
116.3 39.9684
116.3 39.9685
116.3 39.9685
116.301 39.9686
116.301 39.9685
116.3 39.9686
116.303 39.9705
116.303 39.9704
116.303 39.9704
116.303 39.9701
116.303 39.97
116.303 39.9702
116.303 39.9703
116.303 39.9703
116.304 39.9703
116.303 39.9704
116.303 39.9705
116.303 39.9706
